0.342386 -0.003998 3.317957
0.444662 0.244962 3.413845
0.214633 0.384217 3.660625
0.154355 0.201458 3.280265
0.384866 0.036599 3.265320
0.371716 -0.021770 3.111922
0.312031 0.139738 3.398397
0.325855 -0.058993 3.247731
0.497678 0.409481 3.627340
0.435514 0.069118 3.023608
0.319442 0.172208 3.264428
0.339062 -0.011241 3.224469
0.234050 0.298159 3.546247
0.198230 0.221311 3.356337
-0.487499 0.278190 3.912792
0.432147 0.223705 3.193790
-0.165215 0.040960 2.690385
0.196882 0.242681 3.329224
0.274793 0.103240 3.285500
0.231519 0.277031 3.213121
0.306283 -0.070588 3.300395
0.322911 0.017602 3.466500
-0.475523 -0.397431 3.165800
0.443601 0.101133 3.495686
0.442818 0.385952 3.562044
0.211999 0.279623 3.379029
0.467059 0.312618 3.322475
0.324376 0.271520 3.266956
0.204433 0.327114 3.472331
0.354026 -0.029222 3.457056
0.213598 0.298722 3.081344
0.383224 -0.008051 3.367968
0.354094 -0.038852 3.127753
-0.327261 -0.161200 2.342390
0.307243 0.201866 3.276031
0.175035 0.208729 3.492879
-0.444105 0.367456 4.140462
0.207600 0.289393 3.418406
0.394432 0.229609 3.618174
0.369352 0.282530 3.844639
-0.330929 -0.160072 2.099768
0.448327 0.326951 3.577046
0.466565 0.108383 3.506761
0.375673 0.104571 3.381972
0.356091 0.058931 3.659756
0.374719 0.129949 3.407259
-0.261990 -0.056762 2.104350
0.187095 0.208615 3.499004
0.272648 0.229162 3.185316
0.344418 0.133360 3.314448
0.304289 0.124189 3.409706
0.272965 0.249777 3.507873
0.226108 0.266631 3.179917
0.382345 -0.055906 3.195438
0.329920 -0.036713 3.478975
0.343607 -0.009540 3.351938
0.377469 0.100713 3.177779
0.151922 0.157930 3.402217
0.304634 0.267258 3.449572
0.328436 0.037377 3.254982
0.493440 0.322628 3.567217
0.430911 0.153936 3.221805
0.344952 -0.011753 3.366435
0.396108 0.041247 3.359120
0.383537 0.037635 3.279883
0.260040 0.314997 3.131059
0.446558 0.116081 3.385319
0.312494 0.233012 3.539740
0.217096 0.233343 3.154676
0.326407 0.169489 3.327182
0.391413 0.065371 3.516169
0.338928 0.203415 3.454855
0.375609 0.030997 3.369985
0.482693 0.323592 3.598784
0.253246 -0.099170 2.732334
0.327054 0.151679 3.458241
0.316298 0.237012 3.558729
0.304002 0.218184 3.175086
0.235139 0.221887 3.301008
0.395259 0.235690 3.539781
0.361314 0.437903 3.263888
