-0.469735 0.440488 0.455825
-0.069321 0.353763 1.230984
-0.102209 0.382239 1.378837
-0.105874 0.427480 1.535392
0.079592 -0.437182 1.179225
0.143878 0.237405 1.411569
-0.116851 0.378257 1.386731
-0.174097 0.211957 1.297173
-0.111201 0.399425 1.559622
-0.105392 0.420848 1.282851
-0.100692 -0.481257 1.525597
0.086046 -0.348074 1.180824
0.048349 -0.445799 1.275703
-0.106654 0.444238 1.243675
-0.084615 0.363188 1.644798
-0.115518 0.342159 1.653197
-0.127162 0.473892 1.565115
-0.142403 0.244278 1.105927
-0.081766 0.346831 1.465649
-0.080499 0.368343 1.681260
0.099717 0.472879 1.042771
0.279550 -0.493432 1.112469
-0.089229 0.442280 1.641584
-0.149329 0.266283 1.455505
0.235418 -0.209351 1.610263
0.027727 0.324220 0.944503
-0.105340 0.405900 1.528764
-0.312375 -0.159711 1.049117
-0.097102 0.421928 1.477398
0.021613 -0.386349 1.491329
-0.078101 0.442313 1.433397
-0.230195 -0.321114 1.340409
-0.260558 -0.329317 1.512897
-0.202959 -0.432377 1.092433
-0.099174 0.399388 1.437889
-0.112848 0.468933 1.334416
-0.125889 0.443908 1.530201
-0.116269 0.439971 1.795881
-0.141711 0.268822 1.522473
-0.092863 0.104543 1.285980
0.010856 -0.472043 1.594401
-0.161764 0.269330 1.369149
-0.130075 0.457522 1.558969
-0.081684 0.385465 1.357219
-0.099217 0.398409 1.612362
0.026757 -0.234057 1.251767
-0.154260 0.268736 1.601715
-0.153417 0.467573 1.634629
-0.113462 0.337312 1.703593
-0.256837 -0.227091 1.158820
-0.104885 -0.164861 1.322632
0.155095 -0.468263 1.357807
-0.196865 -0.154012 0.485424
-0.168070 0.287725 1.290451
0.305911 -0.135885 1.221533
-0.211830 -0.324457 1.170907
-0.174764 0.049551 0.627440
-0.105330 0.407005 1.324098
-0.089895 0.399097 1.527045
-0.192592 0.316432 0.863829
-0.317927 -0.153205 1.064415
-0.084210 0.332020 1.807603
-0.107445 0.334242 1.597070
0.069957 -0.490739 1.187758
0.035080 -0.474428 1.004594
-0.146432 0.318576 1.410624
-0.077282 0.034203 2.125429
-0.075773 0.425589 1.615867
-0.287468 0.302189 1.292733
-0.113373 0.413728 1.495368
0.138502 -0.451609 1.282080
-0.147313 0.286762 1.263751
-0.149264 0.328398 1.440394
-0.063001 -0.472052 1.773637
-0.162788 -0.013172 0.751821
-0.128013 0.149297 0.846173
-0.100929 0.399291 1.568984
-0.215255 0.454049 1.226852
-0.099873 0.424688 1.615881
-0.082392 0.425381 1.488574
-0.158121 0.159626 0.923492
-0.103074 0.390695 1.579833
-0.128922 0.195163 1.182688
0.115955 -0.394322 1.003525
-0.149591 0.416851 1.695805
-0.222664 -0.179394 0.699636
-0.103199 0.412041 1.502761
-0.128660 0.412072 1.446746
-0.110980 0.489950 1.975189
0.120759 -0.386627 0.927935
-0.176171 0.302988 1.093148
-0.136575 0.227597 1.223553
-0.082439 0.337819 1.520868
-0.085298 0.444630 1.500331
-0.140964 0.422075 1.167906
-0.118887 0.322369 1.757285
-0.118415 0.154367 0.489466
-0.077006 -0.471033 1.621599
0.349934 0.073791 1.402822
-0.097294 0.364124 1.597755
-0.125966 0.360683 1.594199
-0.185242 0.190735 1.374255
-0.088767 0.397646 1.640752
-0.041258 -0.468102 1.948456
-0.079867 0.410115 1.474146
0.133163 -0.446332 1.360188
0.431105 -0.334078 1.490606
0.047068 -0.372915 0.930366
-0.168662 0.323563 1.434867
-0.104653 -0.480775 1.513715
-0.094991 0.341446 1.482357
-0.105739 0.043716 1.414631
-0.107386 -0.002360 1.082150
0.121961 0.490768 1.311856
-0.110057 0.444665 1.667110
-0.066579 0.405924 1.771032
-0.106880 0.491275 1.822072
-0.132923 0.212040 1.387883
0.292621 0.094329 0.891922
-0.085633 0.386808 1.487429
-0.106725 0.418201 1.476199
-0.092702 0.376181 1.542654
-0.060305 0.352161 1.650454
0.041695 -0.413695 1.272148
-0.138028 0.301711 1.408880
-0.083502 0.404939 1.605228
-0.093190 0.397336 1.238335
-0.319929 0.122047 0.489286
-0.135298 0.412545 1.452722
-0.244184 0.238754 1.303898
0.086071 -0.491422 0.953201
-0.155739 0.374259 1.695781
0.383886 -0.008279 0.675107
0.174988 0.250714 1.231056
-0.165567 0.290985 1.209428
-0.093933 0.365640 1.601705
-0.229815 -0.229054 1.053013
0.110819 0.491524 0.943534
-0.193039 -0.144437 0.898439
0.116647 -0.448101 1.193557
0.073862 -0.498031 1.281874
-0.111434 0.420960 1.672352
0.126817 -0.345438 1.129568
-0.124639 0.180803 1.026215
-0.420657 0.053105 0.700733
-0.396222 -0.366479 1.509062
0.322900 0.446225 1.916832
0.100470 -0.469139 0.885318
-0.083479 0.389816 1.527696
-0.081782 0.397700 1.613448
-0.428027 -0.133397 1.423821
-0.088978 0.381915 1.164521
-0.041541 0.311013 1.719029
-0.340618 -0.270459 1.286767
0.432061 -0.004899 1.513404
-0.100386 0.420805 1.659387
-0.097771 0.335976 1.476501
-0.067248 0.289597 1.794327
-0.020264 0.308848 1.468035
0.114816 -0.406361 0.453150
0.029119 0.237261 0.800858
-0.089013 0.487018 1.704146
-0.266619 -0.123950 1.141284
-0.112961 0.409414 1.535973
0.052603 -0.382867 1.167783
-0.081048 0.388842 1.537473
-0.088878 0.399353 1.660064
-0.108774 0.479369 1.645894
-0.091716 0.455050 1.583235
-0.173555 0.045324 0.805479
-0.068783 0.349126 1.454522
-0.180778 0.325398 1.427522
0.033169 -0.471760 1.664668
-0.146082 0.430378 1.642639
0.493788 0.120779 1.020762
0.103598 -0.476523 1.092748
-0.126863 0.364075 1.655963
0.236720 0.161777 0.534022
-0.061323 0.454969 1.825507
-0.082333 0.433358 1.512957
-0.099849 0.359945 1.507537
-0.148900 0.316992 1.394852
-0.087641 0.332225 1.295791
0.108066 -0.408376 0.670311
-0.135723 0.431268 1.451124
-0.347921 0.171125 1.074650
0.110762 -0.443094 1.092382
-0.080028 0.428579 1.312785
-0.057997 0.392684 1.627057
-0.134031 0.228535 1.186525
-0.098767 0.392399 1.773482
0.108225 -0.489363 1.100062
-0.125137 -0.495490 1.723879
0.033473 0.278781 0.931189
-0.286277 -0.111060 1.425826
-0.082802 0.360498 1.463885
0.086155 -0.429058 1.108521
0.171289 -0.474026 1.010749
-0.098393 0.451165 1.404173
-0.128669 0.211287 2.045731
-0.115626 0.389462 1.472301
0.090691 -0.478445 0.934616
-0.081848 -0.491127 1.694313
-0.428439 0.116375 1.452417
-0.210431 0.190719 1.123954
-0.127353 0.279601 1.633330
-0.288613 -0.222569 1.465982
-0.094059 0.445629 1.425624
-0.097031 0.463649 1.523740
-0.071570 0.321317 1.442893
-0.173321 0.010780 0.641797
-0.333633 0.057258 0.979227
-0.091295 0.075038 0.731700
-0.251079 -0.163103 1.052189
-0.087131 0.476547 1.656639
0.091925 -0.385635 0.989968
0.230051 -0.228725 1.731758
-0.096076 0.419275 1.321478
-0.089577 0.376120 1.163778
-0.108114 0.344658 1.715774
0.111603 -0.368848 0.980526
-0.000106 0.321963 1.315550
-0.087570 0.433021 1.522434
-0.116676 0.431622 1.400195
-0.106936 0.326006 1.789065
-0.114213 -0.494465 1.610867
-0.102155 0.372016 1.580786
-0.131997 0.325376 1.650782
-0.121990 0.406855 1.270670
-0.133909 0.360840 1.465732
0.099672 -0.405990 0.611827
0.161812 -0.404307 0.819937
-0.100208 0.390878 1.639168
-0.173401 0.318956 1.157627
0.074842 -0.489063 1.000434
0.015527 -0.423337 1.553280
-0.205492 -0.108855 1.009139
0.483210 0.225200 1.510799
-0.101752 0.415892 1.216391
-0.097120 0.392561 1.572283
-0.048871 -0.471641 1.812910
-0.164080 -0.399374 1.905156
-0.060244 -0.494277 1.683643
-0.364226 -0.278973 1.413736
-0.066166 -0.481967 1.997150
0.169974 0.358574 1.060814
-0.175008 0.345787 1.655450
-0.163338 0.341284 1.510003
-0.454668 0.136363 1.399802
-0.215230 0.310681 1.238859
-0.377118 0.408782 1.377825
0.476722 0.498573 0.523800
0.095395 -0.367280 0.718894
-0.113208 0.402993 1.472724
-0.079439 0.378206 1.883521
0.131353 -0.448540 1.006249
-0.090300 0.378946 1.542190
0.152534 -0.097435 1.792809
0.458416 -0.018744 1.299462
-0.215986 0.291700 0.934997
-0.195152 0.306896 1.470968
-0.097726 0.345484 1.559128
-0.164397 0.273599 1.355228
-0.100943 0.423132 1.219371
0.113140 -0.403912 0.639115
-0.060338 0.396923 1.362112
-0.179377 0.318510 0.926207
0.266804 -0.196956 1.821341
-0.417048 0.150045 1.477732
0.180651 0.266769 1.091325
-0.177489 0.202371 1.291083
0.102679 -0.475411 1.016457
0.077911 -0.487417 1.058331
-0.147719 0.445582 1.907524
0.276158 -0.442269 1.910557
-0.090691 0.347362 1.644628
-0.089094 0.368433 1.588931
-0.162142 0.361190 1.253784
-0.104072 0.404742 1.397456
-0.083367 0.408182 1.506534
-0.163931 0.168239 1.179212
-0.132666 0.197389 1.278283
-0.085334 0.416389 1.205555
-0.113901 0.403377 1.257269
-0.045627 -0.361380 1.341472
-0.078078 -0.498781 1.581082
-0.061832 0.332473 1.283350
-0.104665 0.382393 1.541808
0.280571 0.088352 2.158485
0.155162 -0.398775 0.831595
-0.121834 0.458199 1.301080
-0.089360 0.446555 1.422652
-0.340218 0.186789 0.877088
-0.094979 0.376057 1.574114
-0.253658 -0.133682 0.855534
-0.085018 0.432313 1.474519
-0.299231 -0.273727 1.307043
-0.045417 0.016492 0.471596
-0.068568 0.414048 1.316899
0.236096 -0.149654 2.009103
0.017865 -0.407816 1.123631
0.489446 0.422195 0.325165
-0.065563 0.337888 1.424044
-0.153916 0.310743 1.561409
-0.087159 0.434492 1.429892
-0.094533 0.460709 1.503995
-0.120433 0.455741 1.153946
-0.097207 0.453633 1.439888
0.008285 0.356785 1.362162
-0.219171 0.199061 0.692119
0.113329 -0.485440 0.864864
-0.106794 0.377658 1.548396
0.458116 0.421579 1.933782
0.026932 0.182190 0.880073
-0.144704 0.245774 1.146999
-0.165990 0.314226 1.484037
-0.113791 0.405875 1.577634
-0.185534 -0.198899 0.649494
-0.186219 -0.417605 1.535139
-0.133217 0.226495 1.093803
-0.244547 -0.320914 1.119492
-0.092804 0.149726 1.046902
-0.171109 0.190981 1.151619
-0.329827 -0.191685 0.838600
-0.123163 0.377646 1.545159
0.068188 -0.464329 1.253405
-0.100787 0.418416 1.382524
-0.104604 0.384186 1.362977
-0.285163 -0.176128 0.959465
-0.212307 -0.161420 0.868068
-0.118691 0.184367 1.655613
-0.166049 0.389076 1.391165
-0.108471 0.427560 1.314040
-0.199672 0.193328 1.295623
-0.079162 0.363438 1.511038
0.120459 -0.447035 1.079870
-0.251343 -0.243702 1.121971
0.088424 -0.467507 1.123281
-0.100057 0.376576 1.320539
-0.087046 0.374482 1.487305
-0.091051 0.432354 1.260778
-0.112554 0.128039 1.103221
-0.179048 0.204657 1.425041
-0.147016 0.281690 1.303516
-0.149394 -0.270179 -0.064644
-0.096003 0.470225 1.562219
-0.473373 -0.170690 1.144176
-0.066589 -0.485682 2.047329
-0.177519 0.309177 1.528042
0.044366 -0.480554 1.236857
0.105193 -0.471527 1.162890
-0.463691 0.468964 0.215865
-0.281522 -0.332862 1.062501
-0.243476 0.442706 1.710770
-0.083644 0.339138 1.348063
-0.144353 0.313778 1.400394
-0.107552 0.403029 1.419706
-0.088698 -0.492315 1.720411
-0.083251 0.424658 1.428782
-0.052740 0.326094 1.436644
-0.170864 -0.432430 1.027919
-0.207272 -0.226410 0.878943
0.366063 -0.265340 1.807624
-0.073519 0.372972 1.495870
-0.133404 0.208923 1.149449
-0.090631 -0.373130 1.623094
-0.080703 0.455897 1.528001
-0.112674 0.442882 1.390260
0.104923 -0.361417 0.979592
-0.096563 0.422465 1.287077
-0.093612 0.441138 1.604698
-0.117608 0.414772 1.490226
0.320770 0.114079 1.657021
-0.198854 -0.132651 0.947228
-0.299372 0.082167 1.071443
-0.073727 0.480889 1.735152
-0.087657 0.437035 1.465113
-0.188081 0.156852 1.265013
-0.106781 0.360231 1.669793
-0.097756 0.371644 1.562151
-0.209608 0.369766 0.955521
-0.104325 0.436370 1.535667
-0.164628 0.323704 1.615280
-0.091614 0.406496 1.471866
-0.149380 0.404681 1.524234
-0.087495 0.336418 1.598652
-0.117452 0.409585 1.494670
-0.147177 0.381299 1.339909
-0.187839 0.306199 1.603221
-0.224663 0.172526 1.388074
-0.205638 -0.168794 0.850094
-0.094710 0.447109 1.473937
-0.127892 -0.018837 0.977264
0.256887 -0.226642 1.774405
-0.174551 0.227110 1.557657
-0.073299 0.425906 1.395909
-0.154656 0.312595 1.340954
-0.117612 0.441042 1.486749
-0.082520 -0.496733 1.683674
-0.086711 0.308666 1.310662
