-0.317911 -0.091910 1.241491
-0.319658 -0.312190 1.491374
-0.336391 -0.289391 1.181434
-0.343163 -0.323763 1.396488
-0.107643 0.042712 1.124673
0.064423 -0.464746 0.616524
-0.453761 -0.350435 1.133530
-0.390270 -0.103027 1.398764
0.424897 0.115107 1.604593
-0.389356 -0.367369 1.656781
0.418070 -0.497232 0.928746
0.275974 -0.117019 0.922079
-0.387407 -0.326847 1.494897
0.470773 -0.265453 0.592558
-0.292792 -0.230290 1.063955
-0.476290 -0.448508 1.371605
0.187888 -0.031395 1.150192
-0.256452 0.002239 1.210014
0.433783 -0.386797 0.519782
-0.335447 -0.310201 1.185374
0.316682 -0.161950 1.197148
-0.327880 -0.143241 1.211734
0.409858 -0.218017 0.996080
-0.237735 0.004356 1.217643
-0.236416 -0.026602 1.135759
-0.385608 -0.366532 1.492940
-0.273124 -0.081653 1.189780
-0.442492 -0.469691 1.216839
0.407538 -0.193412 1.185998
0.308867 -0.083426 0.958888
-0.482204 -0.442049 1.145123
0.492127 -0.463644 1.513089
0.373571 -0.466991 1.319414
-0.411074 -0.380821 1.625334
0.266586 -0.190638 1.884960
-0.129131 0.050675 1.182763
-0.441664 -0.351527 0.996472
-0.236859 0.026690 1.336263
-0.338764 -0.128070 1.293169
-0.363186 -0.337227 1.660220
-0.454850 0.142974 0.959146
0.453667 -0.024932 1.392324
-0.359416 -0.336234 1.427959
0.309307 0.485929 1.051253
-0.310347 -0.270418 0.994233
-0.198882 -0.445278 1.276049
-0.251522 -0.015506 1.016782
0.253083 -0.111583 1.207759
-0.432389 0.494097 1.011514
-0.304079 -0.092979 1.332238
-0.495260 -0.428026 1.191182
-0.424554 -0.415409 1.635634
0.476719 0.126096 1.549991
-0.285586 -0.138320 0.789890
0.476836 -0.241988 0.543548
-0.391063 -0.151160 1.110916
-0.477514 -0.398064 1.290386
-0.319153 -0.270896 1.310933
-0.484799 -0.226742 0.893293
-0.409501 -0.408287 1.621097
-0.149587 0.040612 1.153152
-0.383557 -0.310344 0.571205
-0.407414 -0.379214 1.706001
-0.463845 -0.384929 1.279824
-0.271449 -0.162722 1.070536
0.498352 0.141070 1.236861
-0.360417 -0.342823 1.262785
0.408250 -0.250825 0.745269
-0.414579 -0.389914 1.718100
0.203847 0.092028 0.694994
-0.347575 -0.309548 1.276015
-0.352788 -0.341862 1.727589
0.270231 -0.092974 0.915055
-0.345619 -0.270240 1.378026
-0.329187 -0.272608 1.483377
-0.094104 0.104790 1.019611
-0.269840 -0.060980 1.331098
0.275088 -0.144289 0.866100
-0.262581 0.090780 0.941503
0.308965 -0.174793 0.706090
-0.429646 0.141657 0.875707
-0.490551 -0.379067 1.033364
-0.357319 -0.129670 1.356257
-0.231178 0.033903 1.531008
0.414980 -0.304644 1.134788
0.425914 -0.357673 0.771025
0.327773 -0.387254 1.393985
0.228674 -0.049121 0.783982
-0.226715 0.042328 0.719490
-0.264851 -0.082029 1.155652
0.439448 0.454664 0.385827
-0.277876 -0.252609 1.084055
-0.342393 -0.110067 1.043865
-0.388223 -0.351291 1.586012
0.224233 -0.105634 0.961430
-0.393358 -0.150592 1.257189
-0.263803 -0.045236 1.020685
-0.371912 -0.391218 1.702615
-0.315068 -0.124742 0.998179
0.494744 -0.245790 0.517051
0.489611 -0.243932 0.556150
-0.391544 -0.487175 1.772072
-0.484299 -0.386162 1.051133
0.357409 0.494648 1.198447
0.294607 -0.172019 0.818623
-0.300702 -0.001531 1.049158
-0.296986 -0.104222 0.817904
-0.334181 -0.322692 1.533847
-0.293610 -0.045531 0.832337
0.295877 -0.063398 1.188207
-0.462542 -0.381027 1.107056
-0.268719 -0.004783 1.244118
0.283538 -0.086622 1.109071
-0.399983 -0.134693 1.226254
-0.293247 -0.138548 0.984931
-0.199249 0.019133 1.265059
-0.438315 -0.367209 1.610543
-0.287236 -0.201347 1.142358
-0.429111 -0.411237 1.269192
-0.273793 -0.006307 1.052044
0.432538 -0.423775 1.292862
-0.387771 -0.337576 0.815661
-0.316420 -0.215667 0.786948
-0.346258 -0.131506 0.919138
-0.368666 -0.333656 1.639320
-0.478794 -0.365951 1.085234
-0.247474 -0.006230 1.091000
-0.401450 -0.445178 1.523738
-0.326806 -0.277135 1.072264
-0.278129 -0.015066 1.168436
-0.282114 -0.099310 0.889864
-0.378329 -0.369535 1.497584
-0.267225 -0.033234 0.921290
-0.293320 -0.256239 1.416877
0.171061 -0.295512 1.019867
-0.349162 -0.149421 1.089001
-0.457265 -0.412040 0.787338
0.439892 0.462233 1.261415
-0.308933 0.039883 0.981655
-0.258449 -0.225665 1.017531
-0.455467 -0.347944 1.320440
0.414273 -0.344599 0.957453
-0.343381 -0.295637 1.471804
-0.280867 -0.213978 1.317778
-0.319086 -0.034979 1.133913
-0.483852 0.489673 1.440842
-0.251970 -0.373758 1.177760
-0.321592 -0.138274 0.824126
0.199356 0.131780 0.684528
-0.311788 -0.280406 1.253210
-0.282722 -0.260836 1.551753
-0.462382 0.132471 0.817031
-0.121398 -0.113220 1.427895
0.321493 -0.063332 0.814161
-0.363441 -0.126623 1.138250
0.441834 -0.196520 1.121884
-0.389133 -0.161404 0.994237
-0.358336 -0.154793 1.255229
-0.284718 -0.110483 1.088840
-0.427989 -0.415725 1.237273
0.387212 0.346356 0.687122
-0.458148 -0.384221 1.169253
0.028504 0.221786 1.779643
-0.298835 -0.307850 1.088751
-0.254179 -0.140909 0.700075
-0.290992 -0.189345 0.838696
0.471944 0.396891 0.726322
-0.334517 -0.117646 1.273962
-0.432303 0.261177 0.326293
-0.256774 -0.022088 1.076566
0.430221 -0.409977 0.787894
0.471486 0.132774 1.555426
-0.245093 -0.186554 1.081709
-0.276749 -0.082593 0.814113
0.236503 -0.354944 1.882194
-0.278151 -0.189758 1.170160
0.388788 0.107875 0.891221
0.369277 0.499910 1.095022
0.292533 -0.112611 1.112485
0.387975 -0.237913 0.648251
0.091051 0.306795 0.956093
-0.400493 -0.362615 1.912922
-0.353571 -0.330582 1.353010
0.389393 -0.225498 1.186818
-0.284575 -0.064578 1.086580
0.451761 -0.480338 1.489536
0.397183 -0.456461 1.110254
-0.345942 -0.175050 0.862300
-0.426810 -0.157958 1.864022
-0.257963 -0.015516 1.129547
-0.414415 -0.430732 1.034489
0.018894 0.210013 0.944447
0.313656 -0.201352 1.769993
-0.335567 -0.314183 1.495484
0.415651 0.442628 0.908018
-0.348987 -0.352476 1.698597
0.470301 -0.004538 1.818117
-0.326737 -0.101160 1.010899
-0.379986 -0.348067 1.830674
-0.400270 -0.141679 1.165121
-0.394768 -0.221959 1.402636
-0.065100 -0.034544 0.747513
0.252343 -0.073467 1.001035
0.114869 -0.458961 0.719329
-0.264523 -0.129083 0.755999
0.091724 -0.283293 1.967366
-0.382496 -0.345659 1.158917
-0.419138 -0.140115 1.356237
-0.124717 0.086923 0.970385
-0.266553 -0.111840 0.957062
-0.439128 0.490052 2.238727
-0.364011 -0.330668 1.821000
-0.317155 -0.260635 1.230725
-0.294811 -0.153801 0.917820
0.265186 -0.079462 0.892794
0.093122 -0.086219 1.934809
-0.455632 -0.219927 0.975381
0.398757 -0.288082 0.700777
-0.374540 -0.305891 1.267984
-0.311369 -0.278417 1.205711
-0.285393 0.051980 1.246105
0.091380 -0.278526 1.332872
-0.458355 -0.426030 1.190263
-0.276207 -0.305686 1.623665
-0.155537 -0.130714 0.912612
-0.296964 -0.057008 1.044527
-0.312203 -0.134792 1.025713
0.240617 0.471258 1.143352
-0.329730 -0.310994 1.385335
-0.403103 -0.381464 1.907241
0.257577 -0.144220 1.103132
-0.394621 -0.161816 0.883637
-0.238093 -0.002267 1.316993
0.489237 -0.359839 1.288114
-0.288707 -0.118907 0.992629
-0.286900 -0.110662 0.717037
0.478465 0.461483 1.239296
-0.363234 -0.423159 1.651490
-0.198129 -0.370776 1.902140
-0.326379 -0.306525 1.649163
0.116894 -0.494127 1.026763
0.112105 0.114752 0.546034
0.261414 0.484994 1.324004
-0.114720 0.073943 1.072353
0.420625 -0.485334 1.001677
-0.429777 -0.422650 1.693385
-0.255455 -0.239936 1.250625
-0.267803 -0.086777 1.052828
-0.327554 -0.124793 1.259896
-0.314157 -0.174556 1.050207
0.161712 0.309420 -0.113338
-0.356551 -0.357528 1.681405
-0.299422 -0.212154 1.400073
-0.350907 -0.144412 1.327491
-0.382908 -0.395647 1.803484
-0.275336 -0.105079 0.881705
0.472094 -0.163459 0.613213
-0.414230 -0.332305 1.152782
-0.346903 -0.328417 1.532816
0.430835 -0.455129 1.099613
-0.451642 -0.444896 1.295852
-0.279562 -0.158663 0.687581
-0.031231 -0.046397 2.216766
-0.370060 -0.219248 0.645296
-0.282399 0.002831 1.173014
-0.369156 -0.119634 1.289188
-0.286051 -0.051152 1.181630
0.378223 0.372753 0.760378
-0.306208 -0.282161 1.350877
-0.266950 -0.110471 0.876035
-0.487600 -0.438308 0.698296
0.273096 -0.074506 1.162014
-0.354791 -0.097932 1.483306
-0.334510 -0.331542 1.511228
0.456167 -0.334955 0.950650
-0.290266 -0.070388 1.208135
-0.349556 -0.128770 1.338410
-0.344045 -0.291439 1.327263
0.334597 -0.144872 0.971022
0.295169 -0.145420 1.085595
-0.414781 -0.321908 0.066021
-0.095843 0.099013 1.072503
-0.271783 -0.062790 1.188245
-0.331155 -0.253572 1.316615
-0.331205 -0.297217 1.305530
0.255136 -0.067903 1.133606
-0.294453 -0.193240 1.339486
-0.247835 -0.075861 1.014417
0.307773 -0.132982 1.047589
-0.373121 -0.361484 1.157043
0.311951 -0.113379 0.910714
0.471664 -0.236840 0.806534
-0.241323 0.120168 1.116305
-0.296931 -0.061948 1.399781
0.209974 -0.130873 1.506592
-0.395827 -0.344200 1.665679
-0.465215 -0.382826 1.086244
0.376256 -0.499659 1.242252
-0.353661 -0.292622 1.236880
-0.250833 0.007379 1.197149
-0.292513 -0.185646 1.334159
0.170394 -0.157065 1.035092
-0.469875 -0.492620 1.135452
-0.388365 -0.403566 1.604656
0.322418 -0.125479 1.020087
0.309082 -0.153900 1.444196
-0.250366 0.021414 1.127028
0.258104 -0.132230 1.220550
-0.449970 0.103818 0.901650
-0.396125 -0.360592 1.492267
-0.274224 -0.054628 1.119680
-0.325061 -0.054321 1.155240
-0.250847 -0.276112 1.462317
-0.350874 0.309983 1.718171
-0.002700 0.373804 -0.038655
-0.296016 -0.200633 1.169852
0.409046 -0.227237 0.771426
-0.301882 -0.044449 1.256982
0.416170 0.498749 0.929305
-0.315706 -0.235497 1.127615
0.405433 -0.450291 1.048291
-0.326676 -0.315546 1.225436
0.447916 -0.431207 0.988020
-0.431220 -0.354873 1.214230
-0.364954 -0.348380 1.752784
0.266965 -0.386719 1.251169
-0.269906 -0.037862 1.201372
0.421606 -0.407224 0.732564
-0.359496 -0.166650 1.213475
0.321888 -0.072569 1.151169
-0.447489 0.327858 1.484720
-0.377537 -0.320603 1.293277
0.034187 -0.454361 0.914444
0.396122 -0.478176 1.166834
-0.264977 -0.063106 1.060762
0.203877 0.002351 0.654774
-0.486191 -0.197642 2.170786
0.457821 -0.386776 0.751329
-0.359003 -0.350635 1.589522
0.092489 0.269478 0.903675
-0.307116 -0.303149 0.989920
-0.298913 -0.095177 1.197245
0.467819 -0.208871 0.883693
-0.075332 0.065038 1.533767
0.440725 -0.441915 1.146791
0.244803 -0.154693 1.072789
0.441041 -0.422855 0.602126
0.152264 -0.386412 1.111750
-0.352233 -0.314392 1.233232
0.067361 0.395797 1.288219
0.475416 -0.193765 0.791658
-0.381325 -0.366595 1.739847
0.230776 -0.104334 1.259367
0.248471 -0.109264 1.064677
-0.282565 -0.034561 1.066771
0.437385 -0.380411 0.228449
-0.264224 0.009678 1.290452
0.271643 -0.129742 1.153245
0.237052 -0.076042 1.350797
-0.444641 -0.460037 1.112398
0.089442 0.063614 0.108551
-0.256670 -0.483893 0.927012
-0.369810 -0.137289 0.814230
-0.291324 -0.229651 1.341312
-0.261938 -0.158203 1.144456
-0.048673 0.153345 0.443539
0.288106 -0.128487 0.926261
-0.428898 -0.369530 1.305372
0.039066 0.246897 0.804134
0.263638 -0.122172 0.880108
0.322504 -0.094355 0.787567
-0.317866 -0.126588 0.862290
0.272235 -0.435959 1.441775
0.226382 -0.372019 1.051669
-0.391677 -0.376903 1.624397
0.307285 -0.074044 0.964945
-0.274626 -0.200501 0.962857
-0.324817 -0.085903 1.169345
-0.400294 -0.321062 0.728628
0.455540 -0.412577 0.748331
-0.398278 -0.390708 1.482615
0.090239 0.476686 1.225814
-0.393405 -0.182830 1.258445
-0.271160 -0.005523 1.288400
-0.486605 -0.410893 0.922305
-0.270280 -0.198939 1.204049
-0.265139 -0.055839 1.110988
-0.254902 0.007322 1.221205
-0.296229 -0.272057 1.274862
-0.002414 0.124287 0.636455
-0.475479 -0.397410 0.830576
0.277913 -0.055595 0.951843
-0.380526 -0.167273 1.283276
0.138249 -0.055421 1.724338
0.327971 0.456003 1.290933
-0.172789 0.039437 1.701962
0.238882 -0.085372 1.308121
0.441506 -0.142923 0.401791
-0.352774 0.021476 1.054455
-0.306482 -0.083926 1.041979
