0.325546 0.004228 0.779067
0.224253 -0.219906 0.717271
0.269355 -0.166359 0.326908
0.324176 -0.201267 1.398731
-0.311384 0.325145 0.421961
-0.261668 -0.327060 0.801687
0.378648 -0.363085 0.497164
0.424583 0.141403 0.937440
-0.234312 0.456668 1.253931
0.250336 -0.236028 0.485535
0.447038 0.304050 1.063702
0.466408 0.200264 1.154430
-0.348474 -0.444244 0.552951
0.498772 0.229674 1.237916
0.398846 0.158947 1.380790
0.278631 -0.391339 0.568837
0.459611 0.228175 1.007381
0.458457 0.305243 0.979130
-0.252421 0.419546 0.995311
0.266249 -0.304141 0.700741
0.413691 0.203581 1.052345
0.339932 -0.021523 0.823169
0.428552 0.199507 1.085853
0.410843 0.163334 1.140805
0.437919 0.210381 0.918624
-0.428794 0.437000 1.315373
-0.296098 -0.419159 0.747497
0.495501 0.357012 1.182323
0.453401 0.215612 0.978653
0.284502 0.023465 1.001754
0.096029 -0.206400 0.704353
0.470289 0.351107 1.142239
0.438779 0.303948 1.115174
-0.497809 0.423018 1.160763
0.450147 0.167419 0.937664
0.459644 0.278104 1.142052
0.457020 0.224644 1.238769
0.444883 0.182900 0.791996
-0.246879 -0.390245 1.211348
0.126316 0.005324 0.523692
0.455216 0.287844 1.220891
0.002370 0.372228 0.812746
0.122545 -0.052703 0.995816
-0.467998 0.117180 0.854440
-0.453313 -0.405549 0.968027
0.424398 0.254759 1.181765
0.105053 0.276793 1.510630
0.454665 0.222518 1.234134
0.170123 0.169502 1.268829
-0.399178 -0.058197 0.839837
0.493164 0.363920 1.102902
-0.272555 0.398988 1.440645
0.416691 0.224666 1.113927
0.136142 0.261234 1.176561
0.439721 0.259900 1.244043
-0.340564 -0.183474 1.171349
0.492282 0.403603 1.499840
-0.387350 -0.012919 0.905740
-0.242690 -0.359788 0.858810
-0.263925 0.435604 0.910140
0.043785 -0.456284 0.643117
0.178764 -0.076403 0.637657
0.365880 -0.344350 0.605221
0.465533 0.173486 1.158953
0.450201 0.108001 0.561742
-0.318524 -0.444906 0.365470
0.200686 -0.235930 0.806119
0.443056 0.224433 1.093276
-0.338924 0.370715 1.058225
0.263686 -0.136288 0.970151
0.242604 -0.191828 0.602655
-0.271761 0.490020 0.922353
-0.499464 0.220849 1.390620
0.064051 -0.058830 0.756439
0.172389 -0.045807 0.819895
0.481831 0.347535 1.093887
0.403773 0.154789 1.143717
0.451424 0.169528 0.899357
0.446952 0.201337 1.292735
0.422714 0.220607 1.199956
0.409689 0.440061 1.178235
-0.292985 0.425152 1.182300
0.330080 -0.041251 -0.042112
0.411162 0.142571 1.174119
0.457445 0.182385 0.768552
0.428144 0.206499 1.140859
0.445796 0.161923 1.042018
-0.497596 0.201215 1.085236
0.480431 0.247756 1.297222
0.357764 0.232034 1.138885
-0.161101 0.329562 1.574580
-0.180183 -0.496540 -0.307122
-0.273051 -0.376386 0.569946
0.252798 -0.140608 0.821596
0.456003 0.177860 1.082779
0.116426 0.115614 1.349269
0.470514 0.289086 1.137738
0.440325 0.252925 1.274409
-0.389314 -0.159307 1.253676
-0.278185 0.323728 0.407614
-0.317927 -0.431053 0.868703
-0.490882 0.347043 1.219943
0.419947 0.176673 0.970216
-0.497863 0.299789 1.188490
0.414291 0.204140 1.070020
0.457768 0.114029 0.525607
0.004588 0.321139 0.725828
0.393795 -0.354067 1.647112
-0.100917 -0.175815 1.597395
0.445798 0.276455 1.053124
0.340203 -0.380604 0.576120
0.449314 0.051143 0.714286
0.456051 0.191954 0.954097
0.160119 0.146987 1.386157
-0.213206 -0.172653 1.578683
0.413377 0.181396 0.713246
0.464423 0.217691 1.329360
0.357700 -0.129403 0.901620
-0.479674 0.397448 1.159594
0.465675 0.153815 0.806774
-0.392424 0.082762 1.031947
0.471600 -0.303674 1.380015
-0.335183 -0.387494 0.871423
0.409475 0.193622 0.988080
0.207739 -0.299816 0.866250
0.478776 0.191583 1.120548
-0.052179 -0.144584 0.216499
0.441655 0.275923 1.168502
-0.479062 -0.355780 0.995174
0.448192 0.126050 1.000693
0.311706 0.025539 0.816448
0.215609 -0.209151 0.909164
0.400231 0.141834 1.430818
-0.220669 -0.406321 0.432146
0.480225 0.407134 1.129565
-0.261156 -0.349347 0.499641
-0.487940 0.381728 1.232135
0.483147 0.296569 1.166796
0.446090 0.205695 0.871538
0.493047 0.042624 1.266533
0.468027 0.288284 1.086030
0.439316 0.159863 1.002687
0.427914 -0.344849 0.395941
-0.009952 -0.050502 0.880955
0.189190 0.452931 1.743966
0.462437 0.317395 1.052307
0.462007 -0.307688 1.407676
0.398986 0.299316 1.164456
-0.230141 0.426554 1.188580
-0.283002 -0.475260 0.288907
0.315742 -0.029869 1.027643
-0.055547 -0.458872 0.713233
-0.225272 -0.244295 1.356557
0.293947 0.002959 1.087467
-0.296812 -0.365365 0.915736
0.455749 0.222836 0.855768
0.452855 0.075600 1.129911
0.102645 -0.438566 0.851429
0.304173 0.005154 0.839970
0.417580 0.217822 1.218929
0.397214 0.269456 1.257738
0.056046 0.005325 0.101014
-0.491998 0.364546 1.274077
0.363489 -0.181660 0.843977
-0.445818 0.027743 1.227175
0.408978 0.128443 1.263588
0.429570 0.150007 1.078979
-0.422066 -0.315433 0.965290
0.484439 0.279826 1.389159
-0.463476 0.068622 1.032237
0.097930 -0.372699 1.135828
-0.084949 0.428617 1.470116
0.363389 -0.122801 0.889622
0.378656 0.128495 1.553366
-0.151124 0.325403 1.682138
-0.265722 -0.395685 0.890589
0.437424 0.133889 1.089063
0.476532 0.292449 1.035301
0.444845 0.251512 0.950259
0.454011 0.182205 1.289960
-0.261915 0.453102 0.405391
0.456726 0.490440 0.464598
0.302063 -0.274213 0.872050
-0.000550 -0.078212 0.558619
0.424540 0.185004 1.372298
0.421415 0.159446 1.234378
-0.257260 0.390817 0.805475
-0.220764 -0.310592 0.734454
0.206818 0.482423 0.556740
0.418808 0.206151 1.050489
0.425530 0.476557 0.810036
0.487320 0.355903 1.061203
0.429492 0.229747 1.085170
0.192796 0.411398 1.979486
0.495271 0.326374 1.019942
-0.263925 0.343145 0.652438
0.436572 0.082533 1.413867
-0.475684 -0.000221 1.456854
0.179971 -0.128041 0.758770
0.303605 -0.117363 1.073556
0.206853 -0.208413 1.124758
-0.206824 -0.248487 0.750997
0.497190 0.268670 1.391660
0.172804 -0.425566 1.134631
0.177658 0.200035 0.975382
-0.475235 0.429874 1.356535
-0.435996 -0.378740 0.846337
-0.315917 -0.411308 0.771019
0.452888 0.209783 1.053305
-0.223294 -0.332010 0.924078
0.033400 0.346146 1.383671
-0.122189 -0.229950 1.179161
-0.336954 -0.418583 0.978266
0.411988 0.064834 1.635927
0.457964 0.225170 1.173802
0.468875 0.188358 1.115426
-0.222648 -0.327472 0.861148
-0.038237 -0.026537 1.293783
-0.314087 -0.445486 0.703301
-0.337660 -0.444696 0.582518
0.423954 0.192365 1.311027
0.045376 0.348679 1.049399
-0.303396 -0.432835 0.778599
0.029422 -0.028605 1.049821
0.012671 0.375472 0.607945
-0.297215 0.246179 2.126426
0.442203 0.103741 0.963929
-0.268390 -0.179906 1.128325
-0.468123 -0.406649 0.999433
0.378168 -0.365224 0.540740
0.414554 0.151071 1.056254
0.258667 -0.063442 0.800106
0.443492 0.183302 0.905730
-0.059093 -0.149686 1.380604
0.007028 0.257599 1.032441
-0.097292 -0.382807 1.179296
0.460035 0.310582 1.271602
0.481435 0.284656 1.215645
-0.222588 0.417620 0.640176
0.285070 -0.139997 0.902985
0.457471 0.271386 1.447159
0.224452 0.095877 1.274622
0.449764 0.291790 1.253404
0.494772 0.340281 0.934509
0.430191 0.289723 1.392808
-0.216140 0.435766 1.106956
-0.211725 -0.256393 1.090336
-0.237755 0.389425 0.609794
0.307845 -0.070276 0.834015
-0.355278 -0.123523 1.319505
0.489736 0.362279 1.126500
0.226579 -0.249887 0.788365
-0.223308 -0.339224 0.822388
-0.312719 -0.384125 0.772322
-0.244255 0.430564 1.123317
0.429146 0.124172 1.114702
-0.271272 0.360166 0.982359
0.487126 0.250241 1.098931
0.378778 0.242798 1.112853
0.466369 0.336946 1.018801
-0.486644 0.382645 1.116627
-0.302587 -0.399626 0.704238
0.041626 0.252525 0.858224
0.310786 -0.110077 1.101064
0.437938 0.123383 0.855744
-0.238691 -0.333151 0.742925
0.235082 0.125620 1.115339
-0.495061 0.251054 1.219325
0.292300 -0.112948 0.977278
0.425306 -0.000420 1.118652
-0.491675 0.363021 1.042348
0.460375 0.249801 1.259620
0.328878 -0.043713 0.801520
0.261782 -0.173273 1.255435
-0.044696 0.101698 2.108739
0.330029 0.139053 1.192281
-0.432855 0.066913 1.059808
-0.273818 0.419091 0.653047
0.442098 0.199610 0.890999
0.438053 0.217174 1.018150
0.441043 0.386274 1.261891
0.485101 0.300179 1.043284
0.305208 0.198894 1.692380
0.265068 0.132493 1.135856
-0.461829 0.343435 1.171588
0.463394 0.261471 1.245512
-0.358965 -0.186881 0.907120
-0.230357 -0.361378 0.837195
0.450640 0.247494 1.206836
-0.284322 0.457846 0.974147
0.460892 0.213254 0.986521
0.425118 0.260018 0.927167
0.454300 0.202767 1.222095
-0.202727 -0.324394 1.078290
0.451109 0.163402 1.160042
0.104914 -0.074227 0.761868
-0.489704 0.373638 1.356806
0.483054 0.303240 1.170024
0.251570 -0.113539 0.705471
0.473648 0.128195 0.797689
-0.261272 -0.341225 0.678391
0.448521 0.187716 1.228039
-0.319305 0.494113 0.339014
-0.462157 0.429475 1.201172
0.485827 0.245398 1.134005
0.460528 0.262780 1.148494
0.420174 0.195956 0.728683
0.036631 -0.114312 0.068488
-0.328158 -0.423121 0.749178
-0.498042 0.372758 1.346239
0.142882 -0.274901 1.130485
0.258244 0.154960 0.534230
0.404068 -0.237634 0.448081
0.481307 0.386394 1.475556
-0.368748 -0.145295 1.179131
-0.199929 -0.324627 0.840059
0.457121 0.176423 0.986768
-0.306251 -0.420436 0.786969
0.488055 0.333877 0.760234
0.391633 -0.121982 1.092654
0.480390 0.333073 1.371296
0.416818 -0.335523 1.268123
-0.243838 -0.165800 1.201670
0.459612 0.255329 0.969026
-0.014678 -0.213717 0.803248
0.473747 0.319271 1.395475
-0.258924 -0.389023 0.435984
-0.381381 0.049186 0.593618
0.274524 -0.059928 0.820172
0.449241 0.290789 1.274500
-0.149554 0.306417 1.441851
-0.367890 0.436515 1.117427
0.326041 -0.099980 0.970122
0.471191 0.342113 1.269570
0.483792 0.058344 1.476865
-0.299805 -0.426768 0.697609
0.378042 -0.124975 0.625792
-0.224464 -0.129504 1.280141
0.136843 0.129913 1.566840
-0.323820 -0.399933 0.591713
0.048094 0.006141 0.978794
0.385780 0.274955 1.515223
0.421067 0.244024 1.198141
0.465046 0.317528 1.161732
-0.496734 0.323984 1.240246
-0.488061 0.233789 1.031623
0.481609 0.377506 0.998051
0.476843 0.303281 0.855582
-0.276888 0.350029 1.101250
0.412799 0.170849 1.049865
-0.085693 -0.177146 0.852654
0.472215 -0.478823 0.904369
0.473583 0.395913 1.203109
0.397060 0.226172 1.012182
-0.076138 0.455512 -0.353832
-0.492903 0.400620 1.368213
0.436150 0.196243 1.024535
0.419519 0.236074 1.092530
0.461390 0.229202 1.015075
0.496103 0.375623 1.304751
0.471577 0.312004 1.182261
0.494487 0.412897 1.336440
0.305157 -0.112416 0.833134
-0.418331 -0.380008 1.122308
0.317398 0.067245 1.023350
0.468297 0.365283 1.065245
0.449499 0.227044 1.018578
0.409620 0.223833 1.005129
0.487390 0.366395 1.339526
0.422450 0.209975 1.088808
0.445051 0.240353 1.182757
0.275608 -0.049798 0.802372
0.443011 0.335504 0.938968
0.463902 0.336603 1.198894
-0.371786 0.421560 1.386021
-0.495131 0.272014 1.034160
0.305524 -0.131120 0.883709
0.248949 0.077167 1.237460
0.269258 -0.322311 0.685728
0.430030 0.147787 1.296375
-0.321896 0.430798 0.571556
0.247735 -0.083306 0.812254
-0.431218 0.040656 0.774781
0.022046 -0.049685 0.454808
0.378232 0.483739 0.461008
-0.194190 -0.130340 1.469685
0.380095 0.194457 0.669693
0.450641 0.086006 0.884580
0.420340 0.030076 1.616555
0.037948 0.306909 0.767491
-0.433117 0.191008 0.914762
0.491763 0.257854 0.987668
0.344573 -0.156559 1.034512
0.429984 0.220723 0.901108
0.451843 0.288066 1.189468
0.361600 0.231437 1.190842
-0.296712 0.471678 0.205333
0.009570 -0.112920 1.568396
0.460718 0.268171 1.054538
-0.230637 -0.305393 0.756301
