0.270377 0.307932 1.574708
0.247726 -0.017899 1.492461
0.252286 -0.493513 1.026657
0.129848 -0.091904 1.606585
0.198419 0.098805 1.462035
0.232980 0.436246 1.215653
0.267066 -0.253233 1.381831
0.141728 -0.466677 0.988230
0.120981 -0.014047 1.006201
-0.426415 -0.334492 0.907801
0.234026 0.029071 1.582533
0.151734 0.190623 1.168259
0.155898 0.207422 0.999822
0.290471 -0.451033 1.241736
0.236833 -0.057053 1.114304
0.233235 0.487200 1.036885
0.160382 -0.131015 1.692834
0.081451 -0.098280 1.011911
0.216789 0.471045 0.935673
0.230372 -0.481630 1.005504
0.200740 0.032702 1.557895
0.251310 0.072685 1.326591
0.266167 -0.462564 1.047668
0.165460 -0.108659 1.694915
0.216388 0.061013 1.546054
-0.284099 0.468702 1.436152
0.178518 -0.066144 1.706259
-0.270873 0.237227 1.363878
0.133022 -0.483366 1.116069
0.228095 0.013723 1.299337
-0.473653 -0.142031 1.456923
0.146933 0.082562 1.574562
0.222421 0.021204 1.177570
0.017828 0.210311 1.107471
-0.146773 -0.378962 1.231561
0.103158 0.050807 0.647548
-0.269971 0.097780 1.658438
0.257963 -0.454504 1.109803
0.303896 -0.410044 0.872290
0.159072 0.378786 1.805225
0.227930 0.084072 1.502767
0.255485 -0.021714 1.303769
0.250953 -0.452850 1.025604
-0.443759 0.425513 1.251460
0.046295 -0.202433 0.503804
0.240670 0.009799 1.388400
0.276314 -0.432267 0.837760
0.288976 -0.416957 0.697505
0.220808 0.482280 0.886763
0.272891 -0.498158 1.310718
0.169348 0.440280 1.179801
0.226708 0.051614 1.558391
0.223257 0.452262 0.999755
0.214671 0.453665 1.466014
0.096168 0.314851 1.278074
-0.006387 0.245474 1.417544
-0.056696 0.381058 1.940956
-0.381946 0.283416 0.907237
0.232043 -0.473235 0.884259
0.037539 0.023652 1.598217
0.196635 0.156198 1.034907
0.263674 -0.418833 0.842034
0.230024 0.473862 0.729660
0.212139 0.053851 1.525539
0.363342 -0.045857 1.303235
0.076056 0.455102 1.398172
0.318919 0.340063 0.756943
0.052036 -0.383607 1.720983
0.153472 -0.088778 1.452797
0.268047 -0.420526 0.811188
0.089136 0.199070 1.208963
0.231302 0.435636 1.429821
0.228727 0.482775 0.799695
0.158321 0.041285 1.918837
-0.202442 -0.465033 1.332479
-0.385248 0.347083 2.402854
0.246749 -0.487929 1.129536
0.124819 -0.052439 1.514189
0.238168 -0.442640 0.735462
0.272770 -0.457806 0.991423
-0.351923 -0.031873 1.652699
0.252826 0.491488 1.186732
0.198258 0.392379 1.612999
0.230134 0.127160 1.730460
0.155653 -0.414898 1.130383
0.019508 0.270462 1.137398
0.254127 -0.492634 1.220358
0.246638 -0.415414 0.886646
0.283207 -0.394279 0.900543
0.243553 0.089955 1.456422
-0.154857 0.072015 0.981412
0.255185 -0.460269 0.984930
0.176087 -0.137116 1.416203
0.257360 -0.447964 1.162352
0.267697 -0.470392 1.332067
0.286352 -0.434128 1.198637
-0.145993 0.430092 0.515681
0.202242 0.041222 1.473406
0.324244 0.338274 0.936063
-0.445928 0.142589 1.519957
0.136528 0.005987 1.568095
0.237410 0.491098 1.014327
0.226172 0.330642 0.789561
0.239655 0.004505 1.431798
0.249594 0.018100 1.230603
0.312682 0.061578 1.494287
0.181817 0.039804 1.128131
0.008111 0.184519 1.156457
0.059180 -0.167037 0.583295
0.197399 0.055285 1.328312
0.151646 -0.053457 1.215947
0.252354 0.471872 1.270527
0.241699 0.065490 1.240031
0.090251 -0.106496 1.345092
0.244918 -0.454283 1.022530
0.244710 -0.472528 0.902164
0.221166 -0.008737 1.197606
0.176056 0.402105 1.583482
0.098313 0.330156 2.075703
0.234411 -0.498509 0.931365
0.270312 -0.466684 0.985070
0.111694 0.460652 1.071588
0.289022 -0.085411 1.250294
0.184915 0.113253 1.206183
0.216810 0.471328 1.130856
0.243327 -0.464261 1.175437
0.249130 -0.475238 1.091078
-0.425719 0.179810 0.743139
0.227789 -0.476641 1.022979
0.306615 0.381129 0.675505
0.280918 0.017345 1.866791
0.162015 -0.283480 0.912890
0.190344 0.471029 1.175467
0.181590 0.354467 1.629979
0.208806 0.460993 0.979396
0.232572 0.477556 0.883723
0.246892 0.096232 1.442377
0.210132 0.129627 1.360223
0.139848 0.247393 2.159234
0.202363 0.078750 1.651154
0.133194 0.092207 0.537675
0.247867 -0.443415 0.885830
0.135941 0.230296 1.479904
0.250337 0.399603 1.551043
-0.336774 -0.456313 2.025220
0.239374 0.031653 1.240026
0.197087 -0.254005 0.579056
0.195456 0.106033 1.499545
0.242290 -0.486533 1.010022
0.234873 0.499472 1.151146
0.242311 0.092064 1.422422
0.113956 0.441343 0.960969
-0.145561 0.471275 0.965121
0.179173 0.079736 1.375254
-0.489031 -0.110322 0.743513
0.168997 -0.108233 1.548540
0.032520 -0.125810 0.943520
-0.225207 -0.272696 0.762057
-0.254080 0.450163 1.732401
0.113860 -0.078573 1.190114
0.203091 0.445953 0.785471
-0.303585 0.207714 1.321694
0.218051 0.422689 0.835203
0.121193 -0.054280 1.567943
0.272941 0.126879 1.459878
-0.035315 -0.467868 1.446383
0.268828 -0.494131 1.111910
0.195560 -0.022583 1.507411
0.057773 -0.173432 0.778287
-0.478363 -0.102024 1.324300
0.149326 -0.499228 1.113928
0.226120 0.461669 1.337095
0.168900 0.042260 1.588443
0.250191 -0.457981 0.929657
0.165297 0.479991 0.807195
0.134994 0.126693 1.684643
-0.267228 -0.128865 0.829242
0.304320 0.288044 1.088927
-0.389118 0.160104 1.581060
0.245970 -0.463345 0.908144
0.223655 0.489602 1.312429
0.207915 0.491489 1.279240
0.127944 0.417417 1.372569
0.217282 0.107976 1.408172
-0.193163 -0.274039 0.991606
0.232189 0.440354 1.160473
0.251377 0.028913 1.353307
0.082429 -0.147366 1.626209
0.262282 -0.488598 1.216744
0.104092 0.413163 1.023960
0.119912 0.490321 1.002441
0.212816 0.081023 1.498723
0.321911 0.177283 1.215779
0.235945 0.452488 0.937158
0.135728 0.231870 1.390386
-0.005301 -0.040437 1.367922
0.238088 0.078277 1.223506
0.004772 0.194693 1.373907
0.114550 -0.156838 1.248683
-0.162195 0.484459 0.932741
0.282389 -0.449280 1.178794
-0.042075 0.177671 1.202483
0.490584 0.072933 2.438606
-0.001019 0.334293 1.110474
-0.424016 0.280771 0.900045
0.203005 0.420656 1.480493
0.228904 0.073624 1.312465
0.261961 -0.442546 0.973962
0.277887 -0.422659 0.933986
0.218353 0.476921 0.872303
-0.331376 -0.104346 1.600642
0.442262 -0.109869 0.410446
0.115620 0.499506 1.469263
0.198176 0.433609 1.115630
0.223577 0.038548 1.479351
0.194306 0.122594 1.533543
0.301459 -0.431041 1.037906
0.326439 -0.397204 1.345352
0.250094 -0.446847 1.157457
0.129412 -0.095196 1.576714
-0.017188 0.262237 1.237621
0.306572 -0.392840 0.842552
0.021534 -0.137626 0.921704
0.275321 -0.467357 1.281259
0.264162 -0.037907 1.247249
0.093395 0.082880 0.785492
0.242740 0.482404 1.070600
0.229414 0.455837 1.133911
0.229069 -0.457458 1.106151
0.201876 -0.497754 1.108875
-0.444774 0.166030 1.529750
-0.426642 0.181172 1.905498
-0.411523 -0.398655 0.375639
0.231784 0.472223 0.893882
0.205368 0.074716 1.453441
0.220540 0.050671 1.188722
0.239280 0.466812 1.099922
0.142992 -0.492083 1.163548
-0.093583 0.097937 1.393031
0.134887 0.471961 1.259309
0.183666 0.061277 1.426745
0.227083 0.028125 1.283565
0.214611 0.045487 1.592710
0.238861 0.365708 0.884128
0.220599 0.041031 1.480958
0.211949 0.436803 1.659417
0.140438 -0.077801 1.330254
0.214086 0.486747 0.805258
0.129124 0.371245 1.626214
0.198617 0.122074 1.468630
0.043820 -0.097296 1.131156
-0.006608 0.244436 1.328210
0.107205 0.196083 1.352832
-0.331892 -0.423093 2.354771
0.222180 -0.483327 0.743988
0.214936 0.081613 1.787990
0.305581 -0.414742 0.758912
-0.418274 0.339026 0.919687
0.274861 0.360275 1.119504
0.207637 0.493954 0.873600
0.210467 0.431700 1.094341
0.234037 0.488091 0.899847
0.193465 0.049482 1.297231
0.112619 0.478247 1.348119
0.322790 0.073782 1.257975
0.083163 0.469989 1.418542
0.067079 -0.095717 1.328052
0.212058 0.026214 1.146151
0.047078 -0.494939 1.280858
0.291335 -0.421753 1.096660
0.099207 -0.094410 1.843533
0.251332 0.036259 1.769519
0.223563 0.007195 1.291347
0.264832 -0.450202 1.330823
-0.291503 -0.029880 1.978357
0.296778 -0.434614 0.786458
0.247140 -0.031370 1.168330
0.236607 -0.493449 0.991381
0.196044 -0.151042 2.008224
0.232430 -0.490677 0.988643
-0.322351 0.460401 1.737711
0.203194 0.393347 0.997367
0.121483 0.492340 1.330171
0.414571 -0.065309 1.401734
-0.020643 0.219468 1.173970
0.109598 0.025048 1.263018
0.155757 0.460237 1.354830
0.205619 -0.497226 1.009225
-0.143114 0.256261 1.114004
0.238632 0.133468 1.446540
0.265341 -0.447143 1.062650
0.250263 -0.407023 0.722181
0.233051 0.426537 1.279361
-0.200691 -0.483967 1.021724
0.199551 0.268667 1.661578
0.098261 -0.298372 0.325920
0.211055 0.098006 1.439109
0.295801 0.350815 1.192520
-0.459262 -0.354875 1.203159
0.216385 0.065498 1.499583
0.043813 0.144652 0.675604
0.252135 0.343324 1.062720
0.118977 0.437370 1.060912
0.087206 -0.085795 1.283621
0.187530 0.014257 1.363081
-0.071341 0.126055 1.473793
0.258054 0.025162 1.634572
-0.235404 0.264971 2.333400
-0.021185 -0.285577 0.437256
0.143863 -0.105040 1.392747
0.134099 0.200122 1.353526
0.130812 -0.065793 1.457511
0.189186 -0.025223 1.746382
-0.294361 0.463502 1.074229
0.229146 0.477980 0.972703
0.095448 -0.112755 1.277457
-0.401865 0.188375 1.778983
-0.409914 0.161481 1.884240
0.072739 0.041638 1.235726
-0.397717 0.312310 0.989994
0.247858 -0.477200 0.722820
0.480489 -0.388772 1.114667
0.104832 0.364351 2.071610
0.201896 0.142613 1.457711
0.206507 -0.488995 0.908515
0.019077 0.176794 0.925681
0.249450 -0.471313 0.846366
0.170924 -0.066975 1.516175
0.141913 0.221255 1.161157
0.206199 0.104487 1.669371
0.256383 -0.006195 1.490301
0.214493 -0.489764 0.923064
0.073064 0.330115 0.979469
-0.170554 -0.035393 1.459354
-0.316399 -0.392000 1.591817
0.242644 0.047685 1.392622
-0.040947 0.193370 1.190904
0.075568 0.119647 1.187695
0.258088 0.022193 1.423980
0.239994 -0.481674 0.805508
-0.189254 0.492597 1.074525
0.351769 -0.024284 1.172525
0.225194 0.454763 0.973417
0.089860 -0.046868 0.913383
0.289856 0.108197 1.750411
0.220601 0.077377 1.213042
0.220837 0.124733 1.058213
0.234282 -0.009739 1.301226
0.116403 -0.267343 0.484720
0.186654 0.068386 1.833147
0.050128 0.184856 0.897831
-0.015163 0.270315 1.541529
0.208061 0.010723 1.606718
0.236486 0.296177 1.812032
0.310546 -0.067776 0.988447
0.257247 -0.462282 1.020629
-0.173274 -0.103744 1.418734
0.210870 0.006079 1.409151
0.452557 -0.292679 1.546621
0.268830 -0.430824 1.142932
0.202017 0.016814 1.271466
0.064904 0.278597 1.478275
0.155802 -0.056071 1.363387
0.238119 0.056643 1.117062
0.264207 0.424312 1.244942
0.200389 0.074529 1.306558
0.124812 -0.163040 1.075423
0.243189 -0.456636 1.082923
0.232523 -0.000977 1.325226
-0.417081 0.129232 1.662734
-0.377892 0.220174 1.357673
0.120469 -0.499876 1.466041
0.037992 0.292915 1.219180
0.306679 0.264921 1.117006
0.221114 0.445854 1.151368
0.100766 -0.008396 1.185989
-0.346246 0.156453 1.860988
-0.032240 0.276504 1.407928
0.245064 -0.485807 1.160969
0.140508 0.057348 1.395179
0.217594 -0.490883 1.046402
0.071923 -0.131338 1.100592
0.217623 0.497225 0.665644
0.239296 -0.476114 1.050893
0.248850 -0.014251 0.594947
0.079423 0.000213 1.269955
0.347038 0.269755 0.994489
0.257053 -0.467768 0.764050
0.259854 -0.147167 2.028927
0.218868 0.483932 1.000221
0.170633 0.371815 1.286109
0.061783 -0.125555 1.205428
0.255170 -0.452218 0.835239
0.204040 0.127141 1.620551
0.297573 -0.418337 0.844525
0.356238 -0.006700 1.574719
0.116127 -0.082176 1.627063
0.283220 -0.394275 1.131212
0.223289 -0.006671 1.340213
0.220012 -0.028762 1.226612
