0.112551 0.321510 0.038343
0.323594 -0.467247 1.289088
-0.458198 0.019893 -0.116167
-0.448273 -0.207415 0.544177
0.138121 0.321283 0.016706
0.100158 0.309104 -0.132296
-0.179283 -0.226594 0.626559
0.237118 -0.266407 0.612818
0.039479 0.351098 0.204930
0.177134 0.325717 -0.276983
-0.057366 -0.429141 0.376050
0.120510 0.300718 -0.159877
0.014553 0.232308 -0.049236
-0.210121 -0.262227 0.482553
0.109430 0.342101 -0.095894
-0.039021 0.137980 -0.388651
-0.366185 -0.061888 0.464814
0.007688 0.155097 0.106275
0.106752 0.314393 -0.077585
0.022087 0.297657 -0.150272
0.045416 0.354116 0.021525
0.114328 0.307097 -0.072591
-0.299576 -0.113312 0.658846
0.004390 0.221184 -0.010789
0.141352 0.286572 -0.325492
0.163353 0.267753 -0.172713
0.206902 0.252166 -0.057755
0.367927 -0.036567 0.486270
0.104236 0.327652 0.131879
-0.422366 0.261310 -0.198335
-0.160423 -0.269048 0.602024
0.136382 0.284918 -0.547053
0.126135 0.302104 -0.118351
0.164977 0.266154 -0.108173
0.249635 -0.355580 1.389791
-0.361535 -0.343955 -0.066341
0.089643 0.304924 0.023467
0.080947 0.292141 -0.323118
0.126506 0.291139 -0.289105
0.029820 0.299561 -0.171435
0.003619 0.264529 -0.259754
-0.032680 0.270266 -0.084219
0.499572 -0.004676 0.279078
0.335876 -0.456311 0.307894
0.070601 0.298924 -0.428144
0.138515 0.294849 -0.193020
0.149708 0.256571 0.032508
0.432593 -0.035997 0.532395
-0.475636 0.008811 -0.048038
0.474210 -0.023989 0.378213
0.139121 0.301598 -0.394051
0.135836 0.319462 -0.047219
0.125036 0.304273 -0.284422
0.136292 0.336520 -0.116350
0.202377 0.287647 -0.079875
0.156751 0.295133 -0.343236
-0.406823 0.435141 -0.067122
0.254609 0.382843 -0.343382
0.265906 0.359468 -0.453001
0.467103 -0.003782 0.361334
-0.208514 0.406755 1.041445
0.068143 0.272204 -0.543097
0.436131 0.291821 -0.095130
-0.122172 -0.268436 0.522751
0.211072 0.270079 -0.194798
-0.031902 -0.445838 0.255849
0.399677 -0.069553 -0.070910
0.215908 0.263678 0.070452
0.085612 0.304776 -0.088362
0.483023 0.012850 0.138956
0.057732 0.265561 -0.231749
0.072828 0.320183 -0.269685
-0.400499 -0.050557 0.980733
0.029466 0.291373 -0.352368
0.235285 0.334755 -0.514115
-0.002926 0.273946 -0.686117
0.017689 0.270763 -0.334154
0.246579 0.246705 0.124088
0.335710 0.109077 1.069751
-0.474291 0.020236 -0.015924
-0.091721 -0.428591 0.338327
0.166177 0.319901 -0.276605
0.227873 0.295782 -0.100956
0.065101 0.338526 -0.143176
-0.015188 0.139706 -0.140122
0.062842 0.357686 -0.109786
0.175357 0.305382 0.041459
0.178806 0.287718 -0.100881
0.065770 0.271818 -0.292675
0.092929 0.303872 -0.154212
-0.036294 0.101621 -0.445488
0.127654 0.300384 -0.432971
0.146144 0.309926 -0.554511
0.299225 -0.031832 0.744957
-0.045478 0.475441 0.066670
0.093936 -0.470992 -0.423725
0.148899 0.307487 -0.134406
0.419224 -0.020517 0.270715
-0.069802 0.096046 -0.641126
-0.305326 -0.072137 0.442304
-0.029293 -0.493637 0.451412
0.458140 0.186760 1.085471
0.033063 0.252052 -0.471261
0.138890 0.348680 -0.519550
-0.017338 0.273150 -0.489891
-0.258862 0.499042 1.078883
0.184163 0.022048 0.315964
0.280899 0.311908 -0.589537
0.077159 0.306913 -0.093110
0.121348 0.314156 -0.048284
-0.379815 -0.051192 0.475367
0.181322 0.271075 -0.086719
-0.328555 0.381813 0.131103
-0.027655 0.149318 -0.529065
-0.452078 0.087131 -0.660559
0.117729 0.321784 -0.222523
0.318194 -0.039420 0.898524
0.098739 0.287496 -0.039090
-0.407935 -0.187197 -0.408562
0.074768 0.345939 0.114370
0.089058 0.263309 -0.440339
0.104517 0.323915 -0.227264
0.062129 0.347542 -0.014188
-0.024472 0.105986 -0.344170
-0.141399 -0.289547 0.425140
-0.487248 0.023714 0.190455
0.085654 0.283829 -0.525072
-0.018493 0.147192 -0.326249
-0.417597 0.061605 0.022265
0.157069 0.291416 -0.312558
0.041215 0.291664 -0.081632
0.086418 0.306345 -0.069531
0.161942 0.290570 -0.048521
-0.039329 0.404392 0.041628
0.299105 0.288962 -0.558919
0.027031 0.250738 -0.042452
0.142453 0.305641 -0.433245
0.266433 -0.214452 0.377485
0.072674 0.317681 -0.090246
0.029216 0.364196 -0.049352
0.013078 0.374697 0.078142
0.088001 0.337953 -0.040144
0.131686 0.282493 -0.217482
-0.184402 -0.293911 0.675841
0.228007 -0.149255 0.378368
-0.398246 -0.370984 0.009429
-0.107007 -0.253169 0.309976
0.130639 0.318358 -0.305209
-0.445605 0.043997 0.128985
-0.011180 0.441273 0.089160
-0.163627 -0.261641 0.438446
0.021434 0.419567 -0.063079
-0.083504 -0.243344 0.315291
0.296172 0.439348 -0.130507
-0.086525 0.146308 -0.485896
0.118054 0.283142 -0.224336
0.146929 0.276756 -0.126971
-0.247999 0.029684 0.226155
0.042170 0.269242 -0.030918
0.109283 0.302382 0.011844
0.184937 0.272518 -0.045828
0.173144 0.292207 -0.182547
0.063652 0.257718 -0.555502
-0.462381 -0.383892 -0.594527
-0.376407 -0.073489 0.862561
0.276192 0.323089 -0.288905
0.399342 -0.205838 0.055606
0.100021 0.343906 0.397122
0.024290 0.358502 0.146602
0.198706 0.315067 -0.361904
0.431470 -0.022625 0.621594
0.008239 0.290249 -0.436718
0.056275 0.282833 -0.549137
0.092556 0.268885 -0.220429
0.318721 -0.050679 0.661888
0.082502 0.290520 0.073184
-0.464866 0.044078 0.341777
0.263103 -0.247077 -0.124600
0.126358 0.316990 -0.090814
0.118283 0.288823 -0.221770
-0.298151 -0.304231 0.653003
0.076500 0.363537 -0.799865
0.107343 0.274132 -0.185416
0.258669 0.327049 -0.459012
0.099905 0.289185 0.054076
0.142660 0.303278 -0.184547
0.121882 0.317801 0.092368
0.067296 0.293842 -0.467608
0.011994 0.242321 0.021630
0.176485 0.274040 -0.117688
0.182866 -0.139659 0.841645
-0.320479 -0.082574 0.542925
0.358444 -0.032790 0.385810
-0.251815 0.059461 0.543204
0.104438 0.290955 -0.056561
0.035692 0.447295 0.278842
0.115491 0.479670 -0.582562
-0.321380 0.045383 0.641869
0.028633 0.229243 -0.000204
0.367210 -0.328766 -0.243501
0.087472 0.297966 -0.095072
-0.322091 -0.002061 0.322510
0.111233 0.298687 -0.127002
0.115352 0.296606 -0.320909
0.032923 0.312329 -0.192881
-0.463882 0.082737 0.268476
0.219572 0.305860 -0.086644
0.299912 0.359676 -0.117271
0.417354 -0.020499 1.002580
0.167966 0.338931 -0.257991
-0.001721 0.376515 0.068940
0.128220 0.274081 -0.118760
-0.152595 -0.403954 0.103966
0.120603 0.334602 0.034762
0.299937 0.423842 0.050432
0.126875 0.282696 -0.094253
-0.437071 0.054450 0.229005
0.015534 0.446105 0.174434
0.475505 -0.012315 0.532002
0.246595 0.314498 -0.595003
0.091557 0.287719 -0.238942
0.138789 0.281928 -0.441197
-0.274614 0.062166 0.642406
0.013406 0.482014 0.573027
0.234702 0.466028 -0.238082
0.054334 0.308204 -0.243247
0.052060 0.320983 0.047218
0.069028 0.338103 -0.063327
0.231686 0.341743 -0.422919
0.336421 -0.118007 -0.164474
0.055055 0.301141 -0.245050
0.096220 0.328208 0.043617
0.068212 0.276985 0.046368
0.151598 0.380079 -0.208706
-0.069149 -0.388750 0.367724
-0.218859 0.066171 0.418448
0.294406 0.284916 -0.074609
0.065661 0.362850 -0.263967
0.210674 0.305967 0.103685
-0.491473 -0.028431 0.241451
0.161907 0.327119 -0.646601
0.343695 -0.013766 0.569037
-0.333648 -0.093757 0.563857
0.106244 0.339095 -0.033266
-0.284233 0.056435 0.461845
0.110471 0.279246 -0.259212
0.026852 0.262105 -0.458744
0.177961 0.337489 -0.233740
0.010971 0.380450 -0.061032
0.072596 0.279827 -0.341731
0.181833 0.398248 -0.322373
0.199140 0.257244 -0.126213
0.005819 0.278613 -0.631389
-0.432479 0.029774 0.350173
0.210739 0.296219 -0.028783
-0.160579 -0.241593 0.272122
0.432763 -0.050466 0.219742
0.067539 0.332041 -0.470541
0.226434 0.250372 -0.173848
-0.233282 0.106090 0.217149
-0.075714 0.458471 0.239687
-0.008559 0.276997 -0.010334
0.023886 0.266145 -0.093487
0.005330 0.283871 -0.381194
0.113639 0.346196 -0.531684
-0.020953 -0.400325 0.117450
-0.426838 0.002939 0.510115
-0.038714 -0.496857 0.729490
0.242683 0.262871 -0.143147
-0.152053 -0.202107 0.226907
0.142382 0.293220 0.017998
-0.061499 -0.180955 -0.922784
0.072027 0.289671 -0.156012
-0.404607 -0.016691 0.714563
-0.260004 0.042658 0.382387
0.391640 -0.030513 0.631644
-0.116871 -0.369273 -0.036899
0.086720 0.349086 -0.246454
0.036510 0.343244 0.054301
0.148006 0.297645 -0.287088
0.242584 0.331435 -0.250732
-0.087049 0.177349 0.027578
0.152143 0.272770 -0.041191
0.320225 0.365927 -0.412626
0.172800 0.273906 -0.187928
0.211525 0.020870 0.523787
0.109613 0.291640 -0.114525
-0.362014 -0.372715 0.324800
0.125205 0.307936 -0.048360
-0.119681 -0.289895 0.725764
-0.195409 0.088616 0.461857
-0.069284 -0.492680 0.634986
0.042903 0.360271 -0.171453
0.011513 0.272135 -0.152144
0.183995 0.256392 -0.277133
0.100043 0.304316 -0.257944
0.139826 0.320398 -0.233884
0.106480 0.139473 -0.309262
0.343013 -0.065439 0.290308
0.084774 0.311877 -0.041804
0.208529 -0.471162 0.287054
0.161238 0.249565 0.121085
0.093286 0.311637 -0.340451
0.218618 0.315428 -0.452336
0.215633 0.281861 -0.328123
0.023922 0.256880 0.095544
0.047211 -0.129967 -0.987441
-0.018816 0.400937 -0.083293
0.123766 0.304666 -0.010043
0.203015 0.044706 0.475650
0.137396 0.281956 -0.325428
0.142308 0.292004 -0.405645
-0.211818 0.085086 -0.125915
0.083471 0.294455 -0.179834
0.143010 0.294861 -0.225843
0.167285 0.263361 -0.513102
0.106300 0.297556 -0.203256
-0.044484 0.273433 0.186805
0.075022 0.362834 -0.050608
-0.404223 0.086806 0.030649
0.135784 0.292365 -0.401636
0.320577 -0.416877 0.435036
0.415004 -0.043719 0.185138
-0.120225 -0.244956 0.255560
0.435701 0.069452 0.480086
0.105587 0.331625 -0.344996
0.098136 0.223555 0.393991
0.498979 -0.002560 0.219656
0.081161 0.310343 -0.225377
0.125399 0.273780 -0.204895
0.153021 0.265705 -0.326984
0.207244 0.291492 0.100966
0.091197 0.331868 -0.185088
0.088901 0.280728 -0.214896
0.286802 -0.496076 0.449705
-0.189669 -0.281136 0.548771
0.067314 0.269097 -0.291042
0.018669 0.273292 0.008118
0.061181 0.316131 -0.182807
0.088684 0.270330 -0.018318
0.414525 0.052279 0.481696
0.064812 0.262597 -0.326692
0.182763 0.341448 -0.402838
0.239120 0.307736 -0.540087
-0.005585 0.137954 0.001318
0.254211 -0.015809 1.234522
0.047112 0.236869 -0.229789
0.184342 0.124415 0.907029
0.098772 0.312420 0.000481
0.129340 0.323874 -0.252859
0.440046 -0.023262 0.032569
0.262277 0.329108 -0.355880
0.266623 0.294304 -0.029497
-0.030760 0.399075 -0.014282
0.429572 -0.015418 0.202148
0.009867 0.324463 0.064777
-0.227634 0.077151 0.309117
0.032614 0.357516 0.102996
0.266325 0.050691 1.001409
-0.020098 0.243808 0.073823
0.251738 0.292475 -0.056029
0.018736 0.083268 0.607124
-0.345041 0.071656 0.582235
0.469754 0.000225 0.217274
0.123344 0.301407 -0.283352
0.013099 0.327413 0.065395
0.110348 0.320104 0.115571
0.211551 0.414981 -0.317991
-0.139640 -0.261026 0.535204
-0.486832 0.016853 0.280807
0.120560 0.371692 -0.248095
0.143102 0.269265 -0.061818
-0.012201 0.284102 -0.255638
0.265228 -0.368886 -0.324701
0.275640 0.375953 -0.031013
-0.108040 -0.239220 0.153517
0.462274 -0.022553 0.482614
-0.479349 0.046729 0.225763
0.495745 -0.003945 0.388723
0.126783 0.289020 -0.413124
-0.275377 -0.303935 0.808684
0.161534 0.279531 -0.279718
-0.029639 0.476105 0.535712
-0.423623 0.109032 0.639755
0.485734 0.066956 0.700962
0.069449 0.261449 -0.136148
0.306046 0.019214 0.390190
0.321905 -0.035120 0.648380
-0.494768 -0.025135 0.443510
0.229046 0.326837 -0.479322
0.477074 -0.013635 0.444261
0.027890 0.345814 0.077791
0.038273 0.295240 -0.275927
0.151828 0.354019 -0.131142
0.179056 0.301392 -0.013178
-0.023934 0.096273 -0.306475
-0.216672 -0.317854 0.009081
0.157543 0.298984 -0.261717
0.059405 0.285884 -0.537038
0.411469 -0.066298 -0.035244
