0.210131 0.402918 0.434056
-0.078803 0.029428 1.414016
-0.082626 0.058110 1.757829
-0.108533 0.105038 1.141779
-0.161154 0.341817 0.656354
0.049737 -0.072290 1.464628
-0.100049 0.054412 1.760245
-0.373414 -0.035352 0.407772
-0.117809 0.076627 1.116771
-0.094517 0.095717 1.222749
-0.057785 0.197607 1.670590
-0.136584 0.416853 0.768664
-0.216273 0.412383 0.722876
-0.105856 0.119666 1.368074
-0.089018 0.040628 1.856848
-0.097592 0.015131 1.612687
-0.144883 0.149507 1.322032
-0.143536 -0.079989 1.710090
-0.096373 0.021184 1.767512
-0.094954 0.042328 1.532446
-0.028343 0.175033 1.300892
0.163373 0.198841 1.348428
-0.112145 0.120160 1.083852
-0.222766 -0.044157 1.119559
0.339549 0.482667 2.025531
-0.017255 0.003263 1.774846
-0.230782 0.123142 1.049830
-0.468416 -0.440133 1.475729
-0.087367 0.097311 1.295983
0.264872 0.450152 2.389740
-0.102314 0.117543 1.248861
-0.439692 0.432916 0.756638
-0.466233 0.424329 1.007877
-0.374800 0.291716 1.012691
-0.098490 0.073603 1.212347
-0.127687 0.144452 1.393350
-0.112931 0.115495 1.535561
-0.114583 0.121022 1.092510
-0.149328 -0.052390 1.289974
-0.152947 -0.206137 1.684301
-0.091148 0.243892 0.407307
-0.149211 -0.050465 1.593182
-0.129072 0.132988 1.366205
-0.105869 0.063277 1.170773
-0.100806 0.071172 1.386336
-0.067626 0.452747 1.458729
-0.132619 -0.056432 1.830775
-0.139409 0.141011 1.634266
-0.099326 0.010591 1.686816
-0.460247 -0.476895 1.400105
-0.240897 -0.464085 0.976838
-0.061860 0.300371 0.892600
-0.362115 -0.428367 1.367668
-0.127236 -0.032402 1.605102
0.230928 -0.453282 1.457150
-0.464673 0.466964 0.691485
-0.368154 -0.205730 1.227711
-0.033218 0.109809 2.464860
-0.076283 0.073848 1.340182
-0.350312 0.035223 1.292053
-0.463579 -0.444092 1.489266
-0.076426 0.004872 1.395857
-0.112670 0.008314 1.765687
-0.121538 0.271776 0.318388
-0.108941 0.254340 0.489587
-0.118610 -0.003432 1.699248
0.011665 -0.275478 1.441385
-0.088255 0.099335 1.227667
-0.389323 -0.001225 0.795816
-0.109023 0.087629 1.620349
-0.084353 0.327067 0.635594
-0.100054 -0.032868 1.792283
-0.106070 0.009245 2.036985
-0.084989 0.206224 1.423875
-0.427101 -0.206464 0.805812
-0.138023 -0.166802 1.814813
-0.110653 0.074010 1.302025
-0.486318 0.286501 0.452939
-0.102952 0.099924 1.377656
-0.109380 0.102066 1.258938
-0.358307 -0.094067 1.090116
-0.100162 0.066836 1.111775
-0.140745 -0.127748 1.786112
-0.077157 0.345642 0.759871
-0.146522 0.089965 1.565489
-0.421918 -0.436078 0.928631
-0.107031 0.089230 1.132650
-0.117833 0.085216 1.368115
-0.130591 0.162398 1.293055
-0.082414 0.362177 1.149522
-0.134152 -0.018997 1.810398
-0.161261 -0.093510 1.719062
-0.095814 0.011505 1.700229
-0.107184 0.121512 1.567673
-0.110337 0.097688 1.332766
-0.085986 -0.001155 1.784438
-0.151493 -0.156015 1.446781
-0.096757 0.214809 0.629342
0.300406 -0.250183 1.210310
-0.078225 0.038547 1.948047
-0.102633 0.036317 2.073685
-0.344231 -0.095232 0.996872
-0.090683 0.076059 1.247818
-0.039119 0.212639 1.583546
-0.085706 0.084265 1.389520
-0.081372 0.333083 0.449342
0.320460 0.362663 1.246528
-0.160844 0.378990 0.760550
-0.098700 0.007154 1.836500
-0.113427 0.192420 1.681911
-0.124273 0.014502 1.362128
0.035427 -0.251754 2.177110
-0.254396 -0.293231 0.848916
0.076648 0.167921 1.621302
-0.109903 0.121120 1.061602
-0.078671 0.083881 1.105090
-0.098917 0.170552 1.780799
-0.158706 -0.102359 0.752942
0.130895 -0.191529 1.144080
-0.087875 0.065506 1.169749
-0.084018 0.095585 1.264863
-0.095588 0.047783 1.490046
-0.037042 0.028788 1.848625
-0.186141 0.352201 0.603575
-0.124793 -0.015337 2.011513
-0.087869 0.078386 1.370058
-0.095604 0.076097 1.307646
0.437964 -0.094350 0.785684
-0.122458 0.086285 1.434345
-0.388070 -0.057118 1.289824
-0.112428 0.260092 0.607216
-0.121629 0.049122 1.720713
0.175470 -0.260024 1.148753
0.041056 -0.044251 1.342075
-0.129929 -0.025742 2.226969
-0.085780 0.037683 1.648992
-0.442052 -0.475007 0.949225
-0.124419 0.283604 0.903731
-0.379523 -0.407276 1.297227
0.025902 0.236365 1.279771
0.021220 0.180133 1.185420
-0.123908 0.100230 1.099303
-0.085128 0.409343 0.651602
-0.171253 -0.136951 1.729932
0.304520 -0.110015 0.047655
-0.421044 0.305968 1.591698
0.339888 0.123505 1.353841
-0.081991 0.292097 0.301203
-0.099078 0.063919 1.526674
-0.098514 0.070333 1.325261
0.464572 -0.433034 1.077247
-0.082458 0.058832 1.258336
-0.058600 -0.014853 1.187560
-0.454993 0.428603 0.818625
0.401463 -0.330337 1.476899
-0.106533 0.097513 0.993110
-0.095645 0.011117 1.918808
-0.123492 -0.033523 1.339431
-0.056763 -0.018455 1.525097
-0.118797 0.377667 0.570803
-0.054257 -0.069723 1.056270
-0.110363 0.172988 1.431138
-0.417605 -0.412421 1.199880
-0.110099 0.088290 1.273325
-0.148441 0.370922 0.482229
-0.099424 0.064818 1.425486
-0.094975 0.076342 1.588672
-0.121077 0.156720 1.363184
-0.106363 0.132791 1.181200
-0.313290 -0.244158 1.036917
-0.090939 0.025501 1.677150
-0.106287 0.006348 1.835298
-0.016233 0.209205 1.745847
-0.125374 0.105851 1.393044
-0.453734 -0.162053 2.160960
-0.107514 0.293017 0.386482
-0.093359 0.041429 1.615788
0.013529 -0.072217 1.210101
-0.099611 0.134414 1.078695
-0.108785 0.112266 1.297752
-0.097325 0.033368 1.458975
-0.118169 -0.008179 1.769226
-0.080658 0.003619 1.548171
-0.095927 0.334905 0.615459
-0.132917 0.103530 1.393317
-0.393341 -0.141558 1.846306
0.030786 0.237684 1.393625
-0.105586 0.103888 1.105738
-0.087140 0.067413 1.315283
-0.126601 -0.092471 1.918399
-0.088489 0.065836 1.500255
-0.107179 0.281238 0.336069
-0.148862 0.181568 1.258806
-0.010277 -0.036265 1.117344
-0.418458 -0.409180 1.468937
-0.088454 0.035839 1.556510
-0.121572 0.318463 0.874016
-0.055587 0.299129 0.564402
-0.096981 0.127245 1.356753
-0.042161 -0.105994 1.906038
-0.104819 0.065765 1.115280
-0.005818 0.210215 1.597902
-0.087270 0.188744 1.827602
-0.464093 -0.201606 1.882073
-0.325612 -0.108997 1.813795
-0.092778 -0.046500 1.809726
-0.444040 0.490016 1.064807
-0.099533 0.122466 1.098472
-0.103729 0.141889 1.310903
-0.081306 0.003011 1.918028
-0.387058 -0.221424 1.317818
0.478468 -0.204225 0.667899
-0.288832 -0.187194 0.824534
-0.400308 -0.452357 0.999148
-0.102644 0.157395 1.221905
-0.098725 0.349895 0.914943
0.249545 0.443024 1.564545
-0.086435 0.094347 1.309610
-0.083340 0.048225 1.435944
-0.106572 0.017363 1.706205
-0.107917 0.390645 0.805941
0.013712 -0.002707 1.637276
-0.109612 0.111471 1.019132
-0.105773 0.106038 1.372153
-0.108577 -0.002116 1.588213
-0.116880 0.180106 1.513524
-0.092077 0.045635 1.620231
-0.112288 -0.000676 1.772254
-0.098411 0.080429 1.365143
-0.107417 0.034179 1.721866
-0.136647 0.369919 0.627761
-0.064989 0.357698 0.661875
-0.091876 0.066986 1.328511
-0.117301 -0.002174 1.550053
-0.121465 0.283578 -0.056782
-0.164355 0.306463 0.986493
-0.375262 -0.387865 1.298542
0.426520 -0.086829 2.233991
-0.101542 0.094351 1.266265
-0.083913 0.066823 1.429066
-0.048226 0.202950 1.612298
-0.185334 0.283434 1.110910
-0.081338 0.194178 1.679227
0.495652 0.423559 1.206911
-0.108532 0.230590 0.260973
0.135441 0.039198 1.609793
-0.183055 0.024410 1.280198
-0.120366 0.018330 1.666846
0.434957 -0.170908 1.007649
-0.384013 0.033458 1.000755
0.450462 0.135175 0.747688
0.153979 0.485091 0.092895
-0.124253 0.398119 0.697756
-0.109914 0.077984 1.258416
-0.091385 0.052545 1.590215
-0.084125 0.322814 0.638119
-0.070462 0.058167 1.542640
0.289829 -0.391609 2.207881
0.334893 -0.322264 1.190429
-0.415355 0.036094 0.988558
-0.132199 -0.010738 1.839430
-0.099604 0.021237 1.626624
-0.130723 -0.043376 2.031354
-0.118887 0.098978 1.236830
-0.084650 0.342547 0.562905
-0.088085 0.070102 1.317489
-0.392859 0.079280 1.088448
0.155180 -0.483678 1.481663
0.378540 -0.102894 1.171520
0.048895 -0.032381 1.241782
-0.331965 -0.086061 1.123909
-0.093045 0.291246 0.493423
-0.029728 0.203707 1.437782
-0.129687 0.118018 1.528581
0.259487 0.243008 1.267044
-0.084787 0.020155 1.598163
-0.083480 0.045407 1.566672
-0.117834 0.037164 1.665131
-0.101549 0.078149 1.446052
-0.095718 0.085408 1.370692
-0.254105 -0.145504 1.358590
-0.134307 -0.126881 1.494280
-0.087062 0.090543 1.418541
-0.094894 0.081410 1.409601
-0.283626 0.412411 0.772114
-0.095659 0.181035 1.965648
-0.081676 0.013694 1.215775
-0.105684 0.056040 1.410787
0.333110 -0.230852 1.666065
-0.066579 0.358430 0.781704
-0.115168 0.132765 1.268940
-0.113566 0.125439 1.011560
-0.408508 -0.106118 1.851616
-0.106423 0.051293 1.626395
-0.321200 -0.419010 1.793924
-0.090393 0.105424 1.295508
-0.489888 0.485008 0.765239
-0.320612 -0.159150 0.851168
-0.093825 0.089601 1.149272
0.284716 -0.474405 1.713405
-0.143396 0.307484 1.135381
0.171502 0.418057 0.168899
-0.066571 0.014921 1.853517
-0.110668 -0.008544 1.698532
-0.086274 0.108925 1.233273
-0.108123 0.136700 1.244529
-0.123705 0.132723 1.368935
-0.107307 0.131718 1.331572
0.016205 0.035070 1.814438
-0.353505 -0.092389 1.311337
-0.085611 0.278163 0.397060
-0.088424 0.052320 1.405495
-0.495362 0.101371 1.434251
-0.116259 -0.110918 1.331402
-0.240105 -0.056813 1.114710
-0.130977 -0.007105 1.747439
-0.106013 0.080607 1.248772
-0.395922 -0.447450 0.745197
-0.301117 0.281548 1.209159
-0.353177 0.004555 0.475353
-0.458301 0.434170 1.230023
-0.239478 -0.137550 0.960010
-0.294688 -0.109400 1.259613
0.489678 -0.466788 0.983174
-0.100651 0.050926 1.728317
-0.025332 0.225474 1.512678
-0.103153 0.093742 1.366210
-0.086484 0.057337 1.499869
-0.484950 -0.431017 1.146199
-0.411181 -0.417183 1.027789
-0.225941 -0.098711 0.950347
-0.121948 0.063915 1.597255
-0.106431 0.103938 1.233761
-0.367092 -0.069752 0.575153
-0.090589 0.037458 1.424700
0.037210 0.235862 1.388635
-0.469004 -0.487499 0.940841
0.021579 0.211842 1.312878
-0.087584 0.053998 1.541358
-0.093962 0.047481 1.390176
-0.087904 0.109024 1.377184
-0.317926 -0.127274 0.778408
-0.356873 -0.070092 0.871287
-0.145340 -0.045557 1.527615
-0.395763 -0.465690 0.879982
-0.100475 0.154507 1.410205
0.433819 -0.483450 1.509578
-0.140065 0.226804 0.419310
-0.117594 -0.013632 1.897187
-0.022236 0.200275 1.659122
-0.092964 0.288760 0.358974
0.238240 0.331592 0.293384
-0.458018 0.391775 0.858220
-0.284956 0.115920 1.495577
-0.103093 0.014434 1.706372
-0.108197 -0.008501 1.784598
-0.101803 0.075488 1.397654
-0.079015 0.185547 1.708199
-0.096518 0.101491 1.264494
-0.039576 -0.000657 1.293118
-0.440473 0.381512 0.902086
-0.430941 -0.452641 1.356012
0.319607 0.416539 1.320870
-0.046666 0.054944 2.159920
-0.167575 -0.108038 1.468245
-0.147759 0.309044 1.122565
-0.101936 0.138062 0.981062
-0.112931 0.117844 1.517218
0.042898 0.367436 2.283301
-0.100032 0.097202 1.293664
-0.112177 0.123750 0.833445
-0.102676 0.088526 1.609053
0.283220 -0.209964 1.254313
-0.372232 -0.401251 1.166547
-0.496293 -0.179169 0.909787
-0.102713 0.155570 1.422452
-0.103993 0.114888 1.133639
-0.168483 -0.170365 1.714484
-0.086283 0.032899 1.600560
-0.092591 0.044758 1.600668
-0.160964 0.055854 1.732007
-0.099536 0.112814 1.184232
-0.115966 0.003550 1.841459
-0.099646 0.080587 1.326570
-0.125513 0.080072 1.418208
-0.088391 0.008569 1.631785
-0.094470 0.089240 1.338759
-0.109356 0.058722 1.668036
-0.139879 -0.015282 1.647642
-0.337985 -0.136697 1.246011
-0.462049 -0.321552 -0.169990
-0.104520 0.124854 1.205306
-0.151947 -0.334229 1.813858
0.241411 0.452221 1.870142
-0.149547 -0.099102 1.796346
-0.106297 0.103099 1.296854
-0.127309 -0.010747 1.643113
-0.109768 0.117788 1.281420
-0.114812 0.182552 1.342157
-0.105678 -0.015182 1.518365
