-0.335711 -0.432953 1.475204
-0.139078 -0.070562 1.358786
-0.077239 -0.058218 1.279547
0.052636 -0.006329 2.057871
0.172275 0.457957 0.976217
0.116663 -0.186900 1.456150
0.013036 -0.055649 1.463588
0.348784 -0.056992 1.699677
-0.211472 -0.026483 1.075655
0.061337 -0.014374 1.820822
0.245730 0.366121 0.621769
0.212393 -0.490268 1.063827
0.173363 0.480967 1.315947
-0.157698 0.001932 1.111258
0.065369 -0.051457 1.966735
-0.091120 -0.094227 1.499248
-0.135772 0.039489 1.182470
-0.139883 -0.199580 1.156429
-0.169198 -0.093665 1.374476
-0.121901 -0.054138 1.443714
0.355105 0.290195 1.334067
-0.237045 0.244311 0.720858
-0.165130 0.009702 0.894223
-0.006504 0.186535 0.782914
0.086025 0.445450 1.532739
0.056587 -0.115560 1.506165
0.064316 0.241706 0.761322
-0.295560 -0.490906 1.403633
0.047087 -0.018587 1.808741
0.063879 0.412176 1.644488
0.020075 0.069287 2.514485
0.083489 0.418163 1.350227
0.169202 0.386933 1.187677
-0.000344 0.378900 0.764027
0.066040 -0.029468 1.745456
-0.427704 0.145431 1.112099
0.037254 0.018846 1.915614
-0.114976 -0.003372 1.471144
0.035803 -0.144317 1.874045
-0.069052 -0.287166 2.433811
0.191189 0.423645 0.809927
-0.301485 -0.095692 0.742971
-0.174597 0.010951 1.265129
0.251338 0.240158 0.976509
-0.150706 -0.031147 1.137335
-0.221659 0.358532 1.249951
0.035380 -0.136983 1.434722
-0.142693 0.027970 1.224895
-0.142243 -0.102947 1.408973
0.182361 0.480123 1.021138
0.196280 -0.439470 1.238623
0.236454 0.425943 1.161746
0.210991 -0.438002 1.221634
-0.195194 -0.134922 1.959723
0.467695 -0.257132 1.016410
0.061939 0.486359 1.474869
-0.180556 -0.270291 1.659910
0.155487 0.034808 1.718473
-0.128698 -0.034701 1.618965
0.335668 0.227703 2.413681
0.171729 -0.478690 1.086912
0.043531 -0.082104 2.421310
-0.141757 -0.098352 1.752751
0.189699 0.412627 1.088941
0.170431 0.399294 1.174222
-0.197896 -0.104874 1.299125
0.425216 -0.275233 1.578505
-0.141516 -0.009269 1.290250
0.198100 0.052890 1.520189
-0.130147 -0.007437 1.105866
0.206989 0.462705 1.088688
-0.132910 -0.136684 1.817893
-0.171428 -0.086074 1.359243
0.244594 0.338000 1.038415
-0.158611 -0.248089 1.544842
-0.051689 -0.267228 1.948378
-0.121612 -0.043797 1.467917
0.006954 0.290273 1.137266
-0.177376 -0.003472 1.317640
-0.172047 -0.014212 1.399618
-0.319096 -0.150105 0.892013
-0.130316 -0.042470 1.404134
-0.103422 -0.235461 1.981213
0.226647 0.465338 1.136133
-0.128525 -0.029461 1.617045
0.193755 -0.472700 1.176205
-0.142375 -0.031356 1.609558
-0.144166 -0.020106 1.194637
-0.125295 0.049219 0.947710
0.238671 0.473224 1.091241
-0.360056 -0.021795 1.219705
0.069260 -0.156630 1.594803
-0.321114 -0.063116 0.901135
-0.122769 0.007859 0.985670
-0.129587 -0.018775 1.344275
-0.153916 -0.102518 1.783545
-0.046050 -0.264048 1.802393
0.163103 0.380050 1.228882
0.483301 -0.336897 1.905393
0.048377 -0.070754 1.585786
0.052767 -0.063469 1.927081
-0.222952 -0.126944 1.584550
-0.136224 -0.032197 1.446937
0.262933 0.357067 0.600629
0.171776 0.398840 0.979388
-0.456249 0.317784 1.176021
0.161945 0.278424 0.729558
0.195233 0.469476 0.926494
0.142594 -0.073654 1.704614
0.167193 0.371418 0.840621
-0.157218 -0.100821 1.421658
-0.024429 -0.342762 1.323853
-0.203915 0.217732 0.700873
0.115663 0.063312 1.804866
-0.127041 0.003843 1.136917
-0.110237 -0.035660 1.567115
0.266195 0.318334 0.886092
-0.041706 -0.174266 1.781566
-0.156909 -0.245848 2.063916
-0.158763 -0.047488 1.168342
-0.127826 -0.020898 1.374156
0.032541 -0.057701 1.649058
0.042070 -0.087436 1.763504
0.161260 0.446522 1.236637
-0.139505 -0.126783 1.519806
-0.142740 -0.036486 1.148596
-0.126937 -0.036168 1.523120
0.217801 -0.093320 1.580185
-0.189896 -0.022336 1.524411
0.153215 -0.003059 1.844389
0.195952 0.403451 1.231940
0.018954 -0.061988 1.595935
-0.130955 -0.268978 1.894297
0.034483 -0.162826 1.472470
-0.194582 -0.135976 1.409578
-0.136272 -0.078500 1.455453
0.178603 0.471866 1.133562
0.182253 0.411431 0.977710
0.188614 -0.426146 1.322842
0.278868 0.415449 0.937230
0.255754 0.383698 1.024890
-0.147741 -0.009810 1.511967
0.235818 -0.474366 0.909953
0.068728 -0.221308 2.206184
0.199968 -0.063159 1.094741
0.168087 0.369335 1.044931
0.149098 0.014395 1.580363
0.222282 0.419124 1.166063
-0.122262 -0.058451 1.657596
-0.134271 -0.041905 1.129975
0.155372 0.487214 1.378380
-0.018514 -0.054700 1.373569
0.005861 -0.116145 1.527864
0.054516 0.443700 1.307286
-0.098024 -0.338524 1.313673
-0.206990 -0.002233 1.049916
-0.003778 -0.107399 1.632026
-0.135112 -0.152129 1.590961
0.058077 -0.126376 1.811573
0.198747 -0.483819 1.080658
-0.198420 -0.162825 1.359651
0.176753 0.327272 0.724649
0.187245 -0.446121 1.158053
-0.219310 -0.009582 1.030127
0.171388 -0.496090 1.005331
0.068282 -0.031103 1.852444
-0.131951 -0.037199 1.356633
0.264013 0.256670 0.510823
0.138370 0.069246 1.790811
-0.193527 -0.304258 1.960515
0.137869 -0.047985 1.645345
-0.158774 -0.097788 1.725876
0.266095 0.369661 0.946828
-0.140513 -0.006760 1.195357
0.237959 -0.126382 1.475230
0.190883 0.416434 1.234886
-0.145284 -0.072798 1.474999
0.074146 -0.156948 1.673712
0.051873 0.024658 2.291061
-0.143682 -0.009011 1.369363
-0.134509 -0.074260 1.413130
-0.146151 -0.101749 1.604984
0.039132 -0.108140 1.382766
0.251165 0.432856 0.981632
-0.112217 -0.007979 1.641446
-0.188926 -0.227791 1.432280
0.470539 0.293934 1.463318
0.019346 -0.006151 1.652687
-0.136368 -0.037059 1.256476
0.035101 -0.164656 1.596842
0.049067 -0.029928 1.680706
0.199798 0.410093 0.934068
-0.498071 0.157823 0.839053
0.086783 -0.147227 1.817230
0.193140 -0.450897 1.104842
-0.321698 -0.013790 0.764284
0.171182 0.464043 1.074201
0.240786 0.438753 1.033726
0.095820 0.052609 1.894122
-0.128677 -0.208871 1.697274
0.061483 -0.032190 1.888881
0.262024 0.382053 0.727672
0.272886 0.300351 0.852401
-0.031559 -0.228582 1.993993
-0.180884 -0.212979 1.168093
0.176831 -0.101981 1.764542
0.159405 0.450297 1.253445
-0.133560 0.001220 0.984560
-0.151543 0.027575 1.292643
-0.163754 -0.074959 1.466749
-0.125112 -0.262378 2.007847
0.166711 -0.137715 2.445235
0.174640 -0.026312 1.378528
-0.241219 -0.315805 2.216170
-0.416279 0.122781 0.772789
0.224114 0.446459 0.919070
-0.063702 0.456938 1.211504
0.028675 -0.016294 1.623800
0.059809 -0.054551 1.652492
-0.203632 -0.082452 1.230858
0.202402 -0.487696 0.982466
0.173896 -0.065617 1.391155
0.041450 0.009511 1.821473
-0.127892 -0.017843 1.347805
0.047980 -0.099238 1.626044
0.211736 0.320646 1.068871
-0.155113 -0.055354 1.511687
-0.153822 -0.106668 1.357855
-0.107737 -0.025515 1.718241
-0.111179 -0.073570 1.645966
0.187220 0.490882 1.078925
0.255371 0.462648 0.852738
0.033555 -0.045286 1.868442
-0.122876 -0.110573 1.778446
0.193344 0.413792 1.109962
0.167133 0.418183 0.872860
0.026777 -0.336907 1.168568
0.251541 -0.047297 1.606348
-0.330215 0.299640 0.484635
0.008394 -0.040169 1.395997
0.247516 0.385970 1.040699
0.169802 0.371019 1.050773
0.261040 0.338936 0.813022
-0.095074 -0.434717 0.265689
0.183887 0.393682 1.110813
0.072079 -0.077146 1.607589
-0.415314 -0.059458 1.156534
-0.119891 -0.088271 1.416948
0.290105 -0.166129 0.940473
-0.050584 0.216219 0.433269
0.159554 0.090135 1.472101
-0.391159 -0.419709 1.890537
0.200563 -0.470348 0.955528
0.050714 -0.026498 1.659469
-0.137157 -0.061000 1.526852
0.245691 0.421473 0.833528
0.055247 -0.044775 1.743516
0.153390 -0.462917 1.383731
0.166676 -0.425330 1.358093
0.348175 -0.044619 1.648570
0.029010 -0.122319 1.651513
-0.107052 -0.079965 1.738961
0.077127 -0.145304 1.870099
0.056111 -0.010260 1.729260
0.221749 0.473804 0.855667
0.042124 -0.036507 1.901087
-0.406207 -0.002098 1.787698
0.066245 0.399053 1.196204
-0.470020 -0.064690 1.291268
0.046329 -0.133123 1.642239
-0.423249 -0.031567 1.377599
0.219855 0.423948 0.834513
0.280940 0.349968 0.824624
-0.116832 0.003258 1.418192
-0.316350 0.309676 0.713879
0.034516 -0.091504 1.464306
-0.417843 0.108236 0.664518
-0.158107 -0.073306 1.728652
-0.188524 -0.020772 1.237877
-0.140062 -0.036162 1.276705
-0.170378 -0.247714 1.215411
-0.122350 -0.243699 1.806606
0.053729 -0.012904 1.816218
-0.121965 -0.030392 1.519559
0.152260 0.488103 1.154790
0.261880 0.322293 1.042710
0.054436 -0.079976 1.806429
-0.151790 -0.049899 1.614386
0.453518 -0.344985 1.803452
0.235159 0.492045 0.685341
-0.132252 0.007382 1.399222
-0.122647 0.013937 1.161629
-0.289056 -0.199985 1.665230
0.016665 -0.064601 1.754156
0.205226 -0.401019 1.278385
-0.137041 -0.001482 1.065729
0.143213 0.441965 1.247856
0.323593 -0.203794 1.540763
0.015133 -0.028747 1.653204
0.123159 0.445815 1.298642
0.182113 0.416595 1.200879
0.229649 -0.139027 0.784243
-0.001579 -0.093197 1.092966
-0.158718 -0.120636 1.533440
0.164215 0.363055 0.837842
0.217785 0.308286 1.119135
-0.127286 0.012139 1.126156
0.303185 0.244118 0.754798
0.051757 -0.092484 1.755308
-0.335216 -0.074743 0.918701
0.191560 0.452803 1.027728
-0.216108 -0.050559 1.198186
-0.347084 0.011752 0.898047
0.002684 -0.187280 1.824187
-0.068636 -0.130375 1.467148
-0.323366 -0.060931 0.932095
-0.135733 -0.028720 1.470824
0.160520 -0.466905 1.150047
0.169603 0.319673 0.615744
0.150229 0.140650 0.311774
0.067591 0.433913 1.099759
0.309092 -0.152943 1.333383
-0.235755 -0.212378 1.618493
0.148444 0.482723 1.341535
-0.189518 -0.042794 1.491208
0.251021 0.384129 0.840195
-0.130992 -0.021859 1.247686
-0.246950 -0.015208 1.170283
0.178024 -0.479535 1.302224
-0.402278 -0.470872 2.164703
-0.255714 -0.192220 1.374225
-0.132335 -0.042793 1.345387
-0.120130 -0.002875 1.178603
0.147034 0.026073 1.490657
0.006616 -0.076094 1.532201
0.273151 0.421787 1.135909
0.158403 0.496031 1.156359
0.261284 0.407418 0.868106
0.016265 -0.028743 0.876894
-0.225228 -0.051997 0.948276
0.042865 -0.001141 1.802334
-0.334409 -0.184612 1.776447
-0.189539 -0.118359 1.859159
-0.199147 -0.132242 1.152051
0.161178 0.499953 1.125223
0.217499 0.355853 0.736130
0.147456 0.442807 1.156482
-0.194180 -0.415880 2.724564
0.040371 -0.108483 1.642775
0.270305 0.358943 0.798275
0.195668 0.435665 1.042328
0.416515 -0.337524 1.363628
0.146909 0.365257 1.192876
0.263712 0.115882 0.316429
0.034171 -0.092235 1.670117
-0.158003 -0.123124 1.674653
0.067338 -0.028113 1.815921
0.268109 0.314142 0.762504
0.132406 0.022148 1.768204
0.050512 -0.115712 1.417912
0.065711 0.379233 1.272144
-0.009499 -0.384586 1.122777
-0.012164 0.362063 1.569846
-0.248856 0.220028 0.554196
0.048694 -0.189411 1.689361
0.185678 0.424469 0.883199
0.063142 0.042682 2.422362
-0.119366 -0.003351 1.331825
-0.026667 0.319692 1.394155
0.024364 -0.019451 1.570483
-0.148184 -0.000434 1.407427
0.020128 -0.019853 1.685546
0.357954 -0.313377 1.483623
0.175930 -0.412930 1.388532
0.235341 -0.133503 1.788402
0.267644 0.304906 0.953454
-0.180808 -0.000425 1.163048
-0.141226 -0.286748 1.778162
-0.127968 -0.045047 1.506653
0.278883 0.244099 0.766678
-0.155045 -0.050775 1.658633
0.129049 0.026080 1.756279
-0.149788 -0.090684 1.377021
-0.111580 -0.042525 1.901272
-0.123698 -0.032953 1.229254
-0.136575 -0.093655 1.573950
-0.118199 -0.029345 1.169260
-0.168965 -0.047777 1.613908
-0.348062 -0.069829 0.962507
0.211653 -0.138348 1.402445
0.072486 -0.133321 1.343195
0.094854 0.031384 2.091489
0.465525 -0.340166 1.630042
-0.066751 0.440620 1.173714
0.080029 -0.174794 1.912854
-0.254137 0.021201 1.417712
-0.151183 -0.124246 1.388149
0.015092 0.001474 1.750673
0.251487 0.283020 0.754225
0.032913 -0.097208 1.523384
