-0.110007 -0.189920 0.481453
0.196448 0.338469 1.329854
-0.122661 -0.030037 1.017327
-0.026051 0.297103 0.944464
0.231610 0.456045 1.987352
-0.121281 -0.104767 1.333736
0.004030 0.143897 1.296262
-0.171212 -0.040565 1.013743
0.153322 0.358776 1.457884
0.210543 0.135082 1.337443
0.218239 0.377121 1.444818
0.118975 -0.458375 1.419066
-0.015406 -0.422686 1.185505
-0.054536 0.001280 1.333104
0.243240 0.302496 1.489601
-0.108938 -0.068208 1.277824
0.077207 0.242368 1.881239
0.136460 0.312455 1.993551
-0.119860 -0.084465 1.013045
-0.119988 -0.034276 0.999098
0.167665 0.383687 1.334632
0.243164 0.426585 1.997419
-0.093556 -0.008722 1.055834
0.224350 0.254014 1.515972
0.209749 0.412550 1.561875
-0.229269 -0.160938 1.015605
0.160877 0.326788 1.946024
-0.472736 -0.378114 1.243232
-0.171066 -0.057081 0.782976
0.201797 0.364132 1.775147
0.343989 0.233812 0.835031
0.217360 0.450383 2.027915
0.180966 0.377470 1.763576
-0.124304 -0.424740 1.171665
-0.254618 -0.014411 1.162478
-0.230456 -0.437637 1.935827
-0.163511 0.464476 2.093505
-0.079114 -0.006234 1.317374
-0.126037 0.116436 0.690428
-0.159868 -0.145344 1.112265
0.230898 0.439725 2.046158
0.172488 0.351964 0.440832
-0.098954 -0.002646 1.027908
0.269397 -0.138673 0.527084
-0.318613 0.271083 0.857047
0.208967 0.373377 1.340030
-0.059843 0.010881 1.235965
-0.321302 0.419670 -0.062904
-0.125184 -0.073846 1.171582
-0.102268 -0.031314 0.449221
-0.072109 -0.142193 1.904322
0.224258 0.408208 2.130742
-0.122358 -0.091469 1.122730
-0.141513 -0.079166 0.945205
-0.056735 -0.320754 1.484197
-0.201975 -0.330988 0.152555
-0.143731 -0.262597 1.122019
0.250894 -0.248454 0.863984
-0.107340 -0.020501 0.943502
0.008423 0.381121 1.406109
0.314892 -0.448578 1.898478
-0.072565 0.025847 1.504302
-0.117467 -0.080952 1.195525
0.169304 0.400994 1.575512
0.196907 0.332094 1.529731
-0.155445 -0.146871 0.790204
-0.115126 -0.144229 1.164500
-0.164150 0.004468 1.133407
0.016950 0.295061 1.645400
-0.088385 0.036293 1.219078
-0.225800 -0.353076 1.326092
-0.132066 -0.098634 0.685098
-0.108188 -0.068922 1.227225
0.168873 0.388461 1.655935
-0.282286 -0.103686 1.475028
-0.442858 -0.235957 0.828561
-0.107387 -0.034220 1.015168
-0.043732 0.348775 1.101225
-0.076605 0.005732 1.871455
-0.143090 0.054814 0.824131
0.441547 0.364637 1.082156
-0.109051 -0.053646 1.128135
-0.154403 -0.138984 1.172532
0.265138 0.481433 1.813918
-0.114915 -0.010893 1.257328
0.484939 -0.098499 0.775822
-0.113019 -0.034197 1.193340
-0.085312 0.021668 1.124341
-0.043645 0.050381 1.233746
0.201021 0.442377 1.537592
-0.172028 0.426935 1.047035
-0.113367 -0.000004 1.210888
-0.038290 0.251518 1.254424
-0.095394 0.002433 0.942665
-0.095657 -0.007177 1.465889
-0.177367 0.135767 0.418613
0.427227 -0.054582 0.692183
0.176054 0.397123 1.717017
-0.110478 -0.147875 0.953498
-0.279484 -0.485292 1.705974
-0.092862 0.464823 1.081696
-0.110306 -0.047419 1.289654
-0.104368 -0.204743 1.483786
0.218564 0.357831 1.604762
0.200262 0.370642 1.746263
0.250822 0.411377 1.668956
0.176692 0.392354 1.630046
-0.145742 -0.425373 1.168476
-0.186363 0.243362 1.555071
0.234618 0.407071 1.879181
0.158341 0.339698 1.608272
-0.109046 -0.066587 1.063256
0.364983 0.426588 1.416149
-0.263862 0.364908 1.194756
-0.091853 -0.012441 0.964577
-0.127189 -0.009609 1.279732
0.154593 0.344463 1.470634
-0.181319 -0.119753 1.209084
-0.172129 -0.187386 0.887744
-0.118256 -0.048178 0.703602
-0.119078 0.007027 0.811100
-0.189179 -0.112309 1.279810
0.285428 0.274209 1.695871
0.239944 0.488658 2.061296
-0.138071 -0.076052 1.158760
-0.116383 -0.001473 1.093374
-0.103704 -0.025045 1.047664
-0.351585 -0.440446 1.343481
-0.117733 -0.027509 1.343186
-0.099411 -0.120251 0.767222
0.230306 0.371936 1.819286
-0.310095 0.270764 0.862632
-0.144616 -0.090744 1.153271
-0.134766 -0.190226 0.616113
-0.154529 -0.082755 0.962935
-0.127805 -0.058891 0.726532
0.273889 0.459590 2.035505
0.289737 0.483581 1.721582
-0.068591 -0.285212 0.574760
0.228469 0.433480 1.908949
-0.162177 -0.475918 1.279313
-0.098219 0.000470 1.271232
0.097878 -0.416548 1.267844
-0.093585 -0.149239 1.556955
-0.349207 -0.078080 1.919632
0.177708 0.390102 1.784964
-0.200611 0.265478 1.572150
0.261570 0.496005 1.769863
-0.233635 0.163151 -0.010144
-0.117195 -0.040876 1.057183
0.235478 0.449869 2.196542
-0.230759 -0.105972 0.992832
-0.382728 -0.105152 1.245493
0.167037 0.430984 1.823005
0.193374 0.334032 1.099692
0.128273 0.290057 2.109607
-0.039583 0.236917 1.047330
0.306363 0.280080 1.258050
0.450919 -0.115286 0.705886
-0.261893 0.392041 0.922328
-0.138934 -0.098126 1.049716
0.497455 -0.375991 1.159594
-0.166757 -0.094950 0.845938
0.058507 0.315272 1.238702
0.243971 0.485186 1.925862
-0.256375 -0.070530 1.412697
-0.086395 -0.041701 0.871876
0.179586 0.334403 1.384063
-0.321494 0.299328 1.192048
-0.460939 0.278612 1.977718
-0.142003 -0.079989 1.125615
-0.029848 -0.117531 1.177223
-0.132004 0.489874 1.752253
-0.110434 -0.002254 0.965720
-0.166342 -0.078093 1.255090
0.233160 0.491321 1.588722
0.383165 0.360080 1.271278
-0.144956 -0.168339 0.710315
-0.293659 -0.483320 1.478087
-0.111010 -0.009758 1.228164
-0.113864 -0.068140 1.253909
-0.141547 -0.059670 0.898541
-0.150806 -0.147481 1.193432
0.178987 0.465588 1.505749
0.335786 0.285774 0.952143
-0.150283 -0.078553 0.974035
0.236511 0.390776 1.995485
0.257533 0.225602 1.805137
-0.086631 -0.038392 1.164277
-0.242214 -0.139128 0.954044
-0.188765 -0.081452 1.174043
0.187641 0.428306 1.763973
0.309216 -0.471071 1.374576
-0.152834 -0.065050 1.216856
-0.049160 -0.338182 1.133653
-0.187416 0.347504 1.180379
0.184232 0.427494 1.553145
-0.120195 -0.432967 1.460220
-0.229615 0.299045 0.640532
-0.382601 -0.106734 1.713362
-0.150770 0.084223 0.858222
0.440649 -0.195884 0.643311
-0.299738 0.488814 1.191101
-0.131976 -0.226519 0.223846
0.425065 -0.337674 1.795246
-0.133438 -0.133909 1.025812
0.189527 0.420613 1.668585
-0.085328 0.009713 1.489688
-0.075336 0.034327 1.200292
-0.134875 -0.071598 1.078595
-0.229305 0.252272 1.751130
0.179255 0.320162 1.013931
-0.184033 -0.076850 1.069904
-0.128227 -0.126936 1.151978
0.183145 0.395103 1.849244
0.054541 0.497740 1.206551
-0.040271 0.013838 0.912174
-0.122793 0.149299 0.728937
-0.086403 -0.006733 1.335367
-0.216451 0.391307 1.427653
-0.183761 -0.344874 0.095071
-0.070600 0.078393 0.806826
-0.330819 0.319897 1.038503
-0.118262 0.043767 0.179374
0.214386 0.313193 1.666686
-0.161880 0.492977 1.194242
-0.119726 -0.057340 0.785702
-0.127114 -0.079343 1.013320
-0.097745 -0.016380 1.636875
-0.125539 -0.056224 1.280778
-0.250347 -0.456719 1.620457
-0.242080 -0.429894 1.387590
0.162176 0.105633 0.851637
-0.126993 -0.071694 0.877528
0.197522 0.422773 1.557223
0.210679 0.404205 1.862772
-0.129958 -0.066868 0.935433
-0.182354 -0.052761 1.185160
-0.195511 0.461597 1.145207
-0.162040 -0.102280 1.084885
-0.073157 0.496309 1.187788
0.186908 0.377919 1.709869
0.241204 0.394733 1.977851
-0.117232 -0.177726 0.861636
0.219106 0.394228 2.051277
-0.105348 -0.128362 1.218600
-0.135777 0.332207 1.063001
-0.153486 -0.053109 1.343558
-0.152758 -0.187390 0.567062
0.164370 0.471627 1.408768
-0.219157 0.318069 1.612004
-0.130988 -0.393384 0.870714
-0.013490 -0.441434 1.233479
-0.273816 -0.052317 1.462773
-0.134329 -0.028633 1.168530
0.195303 0.431301 1.813657
-0.052401 0.060264 1.262069
0.159603 -0.158211 1.305446
-0.113553 -0.155133 0.941975
-0.134201 -0.063499 0.886878
-0.148052 -0.112564 0.811157
-0.126484 -0.051653 1.230815
-0.134939 -0.495353 1.422635
-0.180294 -0.097045 1.189533
0.267935 0.431041 1.879190
-0.206796 -0.114993 1.242348
-0.235679 0.334097 0.800475
0.163499 0.377031 1.398061
-0.170696 -0.111041 1.244146
-0.158155 0.121438 0.471528
-0.252407 0.388591 0.898861
0.200082 0.386356 1.376173
0.180306 0.368034 1.521444
-0.083231 -0.004673 1.026696
-0.309272 0.321127 1.896440
-0.240941 0.202756 0.613020
0.169400 0.323992 1.251807
-0.143920 -0.022263 1.098402
0.362493 0.218608 1.802162
-0.116083 -0.036740 1.205838
-0.185387 -0.149875 1.235802
-0.179360 -0.133345 1.072748
-0.176248 -0.083262 1.397768
0.280393 0.298787 1.235514
-0.115401 -0.426039 1.214352
-0.191928 0.460340 0.799372
-0.158069 -0.114316 1.236085
-0.125303 -0.059448 1.358818
-0.396089 -0.348207 1.110720
0.322339 0.490617 1.486445
-0.076906 -0.002729 1.103316
-0.075087 0.027390 1.219778
-0.140819 -0.101512 1.388465
-0.271046 -0.091760 1.284583
0.361105 -0.360317 2.051963
-0.348510 0.276498 1.063063
0.203234 0.453023 1.484523
-0.098751 -0.161597 0.926625
0.496428 0.045407 1.549373
0.204120 0.416602 1.775804
-0.137749 -0.461540 1.278780
-0.094646 -0.186587 1.549754
-0.218534 -0.119551 1.102073
0.134418 0.308208 1.975080
0.172729 0.363511 1.644316
-0.164265 0.494187 1.674410
0.229140 0.382800 2.052346
-0.439753 -0.348546 0.975370
0.455467 0.350695 0.911133
-0.000877 0.277619 1.359102
0.031439 -0.421131 1.138314
-0.154201 0.357442 0.970123
0.160459 0.336695 1.593203
0.380731 -0.066947 0.752268
-0.141308 -0.062347 1.020816
-0.249924 0.362091 0.745744
-0.267466 -0.438092 1.587874
-0.237793 -0.464103 1.434143
-0.152386 0.462071 1.312572
0.163548 -0.072651 -0.074502
-0.108903 -0.024096 1.139746
0.330778 -0.026168 1.096513
-0.168344 -0.203920 0.744406
0.219909 -0.499574 1.693672
-0.133963 -0.044883 1.130103
-0.095264 -0.436374 1.831303
-0.102854 -0.018531 1.000090
0.090298 0.327345 1.921577
-0.280314 -0.252326 0.657034
0.217562 0.461602 1.901737
0.211607 0.343452 1.444568
-0.127082 -0.043780 1.103673
-0.116652 -0.209293 0.274481
-0.330362 0.334230 1.521798
-0.452465 -0.026446 1.156464
0.182919 0.400434 1.365706
-0.117086 -0.445922 1.286660
-0.063037 0.489447 1.765981
0.190105 0.381016 1.554565
-0.116876 -0.024960 0.966522
-0.168168 -0.136133 1.427565
0.225365 0.340505 1.541522
-0.112415 -0.100855 1.310147
-0.227344 0.386397 1.222383
0.272362 0.462822 1.562033
0.216211 0.432486 1.478734
0.239917 0.481076 1.960511
0.179610 0.345498 1.530796
-0.350117 0.278113 1.241836
0.181484 0.422359 1.777440
-0.082705 -0.446096 1.358533
-0.199940 -0.349960 1.598168
0.212241 0.372308 2.332622
-0.106463 -0.225456 0.881435
0.199052 0.303535 1.241741
-0.103685 -0.002370 1.015516
-0.390203 0.306010 1.543031
0.184176 0.358620 1.689013
0.487093 0.061090 1.731225
-0.060110 0.015646 1.698133
0.171677 0.370226 1.824025
-0.108399 -0.327158 1.286962
-0.187603 0.453495 0.385490
0.223406 0.413606 1.934081
-0.104803 -0.103277 1.126062
0.184851 0.423812 1.568144
-0.161280 0.324805 1.318243
-0.109667 -0.005178 0.977228
0.165314 0.360460 1.724231
0.138478 -0.191595 -0.259879
0.419202 -0.360135 1.742575
-0.180244 -0.078609 1.129723
-0.070965 -0.342204 1.187915
-0.039426 -0.238391 1.734286
-0.060578 -0.120008 1.178677
0.147603 0.356326 1.622702
0.353642 -0.400145 1.244644
-0.154190 -0.347558 1.376105
-0.108138 -0.031132 0.932282
-0.035359 0.456112 1.434313
-0.125610 -0.042912 1.147659
-0.199578 0.294855 1.586844
-0.145909 -0.044265 0.894689
-0.110631 -0.028515 1.198415
0.224796 0.334923 1.576592
-0.203098 0.498508 0.655046
0.069027 -0.322081 1.238700
-0.104258 -0.001666 1.114576
0.082223 0.244821 0.661171
-0.108551 -0.074923 1.055458
-0.208786 -0.140712 1.271831
-0.196336 0.286819 1.473866
-0.307953 0.224350 0.554868
0.200094 0.477504 1.591458
-0.071954 0.051308 1.251121
0.205455 0.363869 1.662048
-0.175984 0.382185 2.216932
-0.075630 0.059267 1.038031
0.183532 0.344521 1.417303
0.164151 0.326581 1.097695
