0.343424 0.079821 0.924267
-0.440442 -0.296494 0.362283
-0.495394 -0.271941 0.605387
0.176367 -0.128282 1.054428
0.251058 0.370376 0.757508
-0.365517 0.367443 0.517353
0.165579 -0.173322 1.022386
-0.117273 0.268614 0.140703
0.401101 0.071904 0.679493
-0.334836 0.271476 0.109296
-0.134913 -0.065262 0.244273
0.183785 0.015002 1.017621
-0.003270 -0.072295 -0.340870
-0.225898 0.484816 0.747878
-0.208701 -0.425640 0.614935
-0.464820 -0.250436 0.444901
-0.252602 -0.419771 0.648952
0.288297 0.312139 0.734195
-0.112305 -0.246734 1.197582
-0.045600 0.138157 0.564149
-0.101560 0.231932 0.938651
0.053481 -0.044183 0.193141
0.073193 -0.447595 1.001385
-0.446935 -0.234461 0.145730
0.266732 0.324840 0.857944
-0.091034 0.321933 0.401874
0.366886 0.093590 1.093547
0.188491 -0.271139 1.317149
-0.247647 -0.435913 0.344039
-0.428554 -0.239548 0.588883
-0.217698 -0.201196 0.859694
-0.243510 -0.354638 0.469476
-0.370663 -0.068700 0.447729
-0.144931 0.236663 0.554759
-0.158817 0.221955 0.755580
0.311947 -0.061011 0.931161
-0.017447 -0.063948 -0.194143
0.442116 0.121149 0.885034
-0.462307 -0.065925 0.626433
-0.323875 -0.296756 0.683366
-0.242229 -0.365672 0.599229
-0.422464 -0.144306 0.214370
-0.284296 0.201662 1.109648
0.454425 0.449503 1.489320
0.198010 0.030884 0.675082
-0.375105 -0.236842 0.817395
0.444920 0.120130 0.966394
-0.327852 -0.474161 0.200975
0.209693 -0.454931 1.130747
0.393192 0.036083 0.895430
-0.187587 -0.216689 0.950159
0.324612 -0.475281 0.698124
0.094363 0.385253 0.825802
0.236241 0.087590 0.539898
-0.188370 0.262499 1.036183
0.285190 0.071305 0.919695
0.135220 -0.218125 0.902819
-0.284377 0.319107 0.387733
-0.247456 -0.446656 1.003223
0.211203 0.081247 0.733590
0.457062 0.292303 -0.405480
-0.007363 -0.165957 1.250750
-0.232173 0.318122 -0.590831
-0.157894 0.237337 0.822586
0.402812 -0.002273 0.470973
-0.280767 -0.380025 0.571677
0.118700 -0.227470 0.539880
-0.033956 -0.187510 1.599622
-0.219231 0.106505 0.782049
-0.205664 0.255084 1.362478
-0.266809 -0.453201 0.432061
-0.090153 -0.128890 0.099705
0.269561 -0.060168 0.803359
-0.285940 -0.485904 0.375944
0.335345 -0.010666 0.693663
-0.274438 0.459696 0.184049
0.112005 0.344537 0.514390
0.452669 -0.252450 0.554761
-0.203806 -0.299808 0.450487
0.277939 -0.417514 0.598011
-0.303694 -0.232266 0.991064
0.257886 0.309734 0.848343
0.263783 0.147685 0.830402
0.429038 0.103629 0.668665
-0.206519 -0.349748 0.692212
0.060651 0.159659 0.652481
0.104562 -0.428615 1.089062
0.204382 0.062902 0.444703
0.280306 0.285629 0.638892
0.392724 -0.002169 0.511551
0.309887 0.447642 1.129391
0.229541 0.105599 0.413632
0.409973 0.020174 0.757925
0.138326 -0.096240 1.554178
-0.485365 -0.247706 0.227034
0.387085 0.003860 0.784972
0.195723 0.055727 0.598489
0.036099 -0.187884 0.785010
0.300208 0.123474 0.540759
-0.281550 -0.450922 0.507456
-0.284841 -0.417373 0.430437
-0.082749 -0.232632 0.998692
-0.213636 -0.352175 0.257964
-0.148224 -0.282525 0.862865
-0.293415 -0.477506 0.306864
-0.064359 0.291470 0.825087
-0.413981 -0.175214 0.668486
-0.227146 -0.428740 0.735804
0.425313 0.090126 0.945346
-0.134287 -0.230845 0.623647
0.119259 0.010554 0.394349
0.407469 0.065068 0.880599
0.170258 0.052851 0.919728
0.377267 0.041852 0.874830
-0.414194 -0.212068 0.353379
-0.217872 -0.280102 0.912641
0.317576 -0.427777 0.670251
-0.238222 -0.408563 0.248980
0.318128 0.413775 0.987062
0.185676 0.364655 1.190582
-0.065754 -0.168367 1.283783
-0.074218 -0.107759 0.206807
0.084668 0.141802 0.669476
-0.264641 -0.398356 0.682267
-0.009684 -0.272333 0.444838
-0.166707 0.185037 0.877987
-0.237066 -0.244606 0.941066
0.325023 0.366649 0.753039
-0.334150 -0.406202 -0.019278
0.070223 0.447348 0.915915
-0.375948 -0.214915 0.956083
-0.377068 0.300354 1.120445
0.386100 0.086313 0.934297
-0.248231 -0.487374 0.490585
0.363289 -0.469294 0.474112
-0.389855 -0.408878 -0.063182
0.142038 -0.257749 0.729488
0.446756 0.118278 0.308188
0.242626 0.237714 0.203283
0.470840 -0.160160 0.033974
-0.262086 -0.445777 0.537558
-0.221732 -0.421477 0.315561
-0.258641 0.311889 0.555760
0.240594 0.113115 0.562784
0.251184 0.271256 0.666850
0.456383 0.490652 0.607672
0.236105 0.469276 0.799601
0.329865 0.079973 0.841857
0.389984 -0.011190 0.679840
0.268932 0.380630 0.856320
-0.313946 -0.383395 -0.012993
0.287017 0.415630 1.099350
0.383046 -0.000960 0.588244
-0.301925 0.432287 0.770396
0.340788 0.088348 0.977755
-0.269975 -0.428866 0.587233
-0.215339 -0.401792 0.240449
0.215984 0.053426 0.460833
0.393730 0.082963 0.958085
-0.221748 -0.395047 0.510973
-0.106511 0.363809 0.601893
0.133673 -0.240484 0.780146
-0.416842 -0.072551 0.725718
-0.315982 0.266425 0.441899
-0.424542 -0.229916 0.517177
0.080781 0.099786 1.078953
0.170620 -0.195933 0.908010
0.387959 -0.020698 0.590514
0.023670 -0.227311 1.123145
0.221696 0.122112 0.792798
0.323958 0.481838 0.834150
-0.180612 -0.377758 0.629248
0.373617 0.006090 0.694469
0.237429 0.141160 0.792996
0.280052 0.461188 0.867372
-0.355515 -0.168233 0.267245
-0.449043 -0.216461 0.204737
0.297635 -0.383353 0.691013
0.013825 -0.178916 0.675040
-0.301324 0.338546 0.699440
0.385567 0.009511 0.601545
-0.043184 -0.121175 0.141022
0.468899 -0.267231 0.482781
-0.237349 0.257970 0.026019
0.385747 0.122706 0.813070
-0.043198 -0.216905 0.949046
0.293698 0.396903 0.911535
-0.450749 -0.252584 0.375493
-0.295128 0.416415 0.195065
0.202351 0.056114 0.684914
0.248557 0.051737 1.013587
0.290049 0.419258 0.359704
-0.406406 -0.261931 0.341373
-0.193842 -0.289151 0.463689
-0.201188 -0.416516 0.648754
-0.249806 -0.447538 0.673380
0.320457 0.056987 0.588635
-0.419339 -0.145648 0.194796
-0.385311 0.248798 0.933961
0.368530 -0.023181 1.008067
0.175736 0.031833 0.873279
0.299346 0.327051 0.567957
0.314302 0.018382 0.371759
-0.261579 -0.215136 1.302623
0.311951 0.067092 0.539328
-0.234125 0.278241 0.611143
-0.208187 0.446294 0.366938
0.347605 -0.092758 0.897160
-0.030243 -0.111333 0.469293
-0.429516 -0.225582 0.595576
-0.218767 -0.429817 0.818400
-0.130393 -0.231891 0.687713
0.325078 -0.411115 0.494990
0.387056 -0.141296 0.501603
0.390974 -0.064522 0.379479
0.270161 0.084757 0.712013
-0.280661 -0.465565 0.547701
-0.277520 0.285165 0.135963
-0.177138 0.221644 0.627466
-0.162986 0.239403 0.736715
0.144304 0.481100 1.276078
0.414569 -0.003947 0.652580
0.100421 -0.275049 0.086340
0.110900 -0.047760 1.435877
0.145906 -0.251665 1.125558
0.389450 0.000608 0.593793
0.404491 0.058689 1.155946
0.213414 0.088989 0.622028
0.479220 -0.345102 -0.153403
0.150476 -0.260834 0.899012
-0.225737 -0.402259 0.385722
0.351137 0.004326 1.068078
-0.307081 -0.142902 0.856337
-0.263213 0.098170 0.802424
0.404615 -0.002406 0.629268
-0.395612 -0.167905 0.528524
0.119218 -0.252347 0.410294
0.102172 -0.241875 0.337537
0.464476 0.108222 0.622739
0.160998 0.029426 0.575332
0.254832 -0.380879 1.271198
-0.001352 -0.098891 -0.172870
-0.201891 -0.482524 0.583032
-0.232868 -0.168186 0.571321
-0.291422 -0.486112 0.280456
0.392123 -0.260781 0.853621
0.340746 0.029757 0.665903
0.193294 0.090210 0.612431
0.430163 0.026052 0.584956
-0.211928 -0.429929 0.499586
0.380839 0.086287 0.990320
-0.251267 0.191681 0.739963
0.186959 0.029650 0.505397
-0.415676 -0.230968 1.036134
-0.003388 -0.071660 0.605678
-0.424381 -0.231947 0.268074
-0.307481 -0.388728 0.060711
-0.325323 -0.440581 0.558680
0.085178 -0.187253 0.888525
0.434051 -0.278194 0.558756
0.335945 0.405712 0.891896
-0.373529 -0.228207 1.067081
-0.421575 -0.043848 0.582808
0.200087 0.031192 0.813996
-0.179665 -0.369379 0.106580
0.405102 0.027825 0.736114
-0.209136 0.428514 0.918478
0.112380 0.135698 0.801162
-0.488904 -0.319246 -0.114228
0.363196 0.102910 1.158664
-0.080773 -0.381410 1.637105
0.125480 -0.248017 1.037844
-0.406775 -0.102147 0.252750
-0.101030 0.136055 0.471259
-0.040055 0.250371 1.522744
-0.461446 -0.015818 0.428688
0.400346 0.010285 0.698692
-0.334606 0.435887 0.592766
0.435453 -0.175020 0.127674
-0.462256 -0.257836 0.500918
-0.159254 0.211914 0.133078
-0.204373 0.305937 0.717272
0.226166 0.124675 0.561692
-0.454014 -0.207256 0.256759
-0.450134 -0.300008 0.099848
0.103538 -0.050041 1.266648
-0.405383 -0.220033 0.598761
-0.362756 0.422351 0.334895
-0.262816 -0.121699 1.191748
-0.208495 0.263553 0.886072
-0.288096 -0.366285 0.887925
-0.111232 0.050298 0.044574
-0.227458 -0.431391 0.543682
-0.398739 -0.112740 0.472915
0.442833 -0.281827 0.243390
0.116111 -0.252314 0.977627
-0.174069 0.211377 0.753111
-0.234217 0.476507 0.682721
0.185225 0.076132 0.387231
-0.218931 -0.272684 0.690960
0.172167 0.099849 0.915620
0.204650 0.465230 0.724330
0.211016 0.091243 0.614765
0.091890 -0.224868 0.684064
0.153968 -0.444187 0.746340
-0.203547 0.473472 0.222008
-0.120458 0.340026 0.376131
-0.476479 -0.326331 0.885704
0.111330 -0.281121 0.983446
0.185818 -0.186217 1.070832
0.227986 0.117264 0.897220
0.189750 -0.017933 0.427199
-0.235780 -0.423517 0.418032
0.217506 0.081652 0.842050
0.197575 0.029048 0.820057
-0.313368 -0.436442 0.339822
-0.197134 -0.399300 0.106544
0.433937 0.082023 0.909382
0.129484 0.067246 0.749427
0.245178 0.096967 0.841762
0.321142 0.359749 0.585734
-0.229547 0.286225 0.683819
0.284885 -0.379796 0.946381
-0.091522 0.184044 0.378466
-0.170820 0.216559 0.546196
0.153667 0.382066 1.567899
0.324093 -0.344640 0.517111
0.305509 0.444691 0.356642
-0.225854 -0.426593 0.656293
-0.409088 -0.206025 0.610470
0.234511 0.474495 0.316324
0.305179 -0.420402 0.782194
-0.163338 -0.490252 1.426364
0.496100 -0.288741 0.517850
0.402157 0.097793 0.755023
0.365949 -0.001940 0.586546
0.325922 -0.021254 0.696670
0.190501 -0.402102 1.141083
0.088443 -0.236176 1.024982
0.288265 -0.487297 0.989940
0.094965 -0.281110 1.092016
-0.186840 -0.484272 0.291523
-0.239505 -0.424151 0.188933
-0.300070 0.286518 -0.072384
0.105652 -0.447196 1.191930
0.415983 0.049112 0.725877
0.021462 -0.214375 0.816408
-0.479444 -0.355638 0.319022
-0.246515 -0.483465 0.411352
-0.203813 -0.404291 0.289461
-0.229707 -0.397796 0.301515
-0.260311 0.291845 0.175557
0.441054 -0.249728 0.838320
-0.432755 0.284920 0.686306
-0.496073 -0.331271 0.084491
0.366551 0.055030 0.550069
0.230692 0.107658 0.683173
-0.298161 -0.445786 0.619529
0.140344 -0.205695 0.905283
0.130924 -0.203730 0.841563
0.247882 -0.305153 1.152939
-0.335205 -0.225392 0.620466
-0.441402 -0.245859 0.704996
0.368137 -0.024157 0.890736
0.280729 0.086283 0.886208
-0.030199 -0.219137 1.125563
-0.294074 -0.425676 0.193249
-0.117469 -0.228452 1.019549
0.130228 -0.251224 1.237946
-0.247175 0.233527 0.941855
0.242185 0.080193 0.583468
0.372671 0.039862 0.613481
0.173055 -0.420273 0.248604
0.190012 0.043142 0.723767
-0.287378 0.296463 -0.460873
-0.177799 0.190818 0.520212
0.238127 0.129597 0.530732
-0.401903 -0.185075 0.198195
-0.390844 0.337719 0.880996
0.207225 0.428129 0.550486
-0.308847 -0.456782 0.358624
0.452912 0.120841 0.635459
-0.269988 -0.432134 0.567381
0.269760 0.499348 0.615725
0.487132 0.125539 0.940687
-0.486169 -0.226071 0.187156
-0.475511 -0.303476 0.274408
-0.207930 -0.420439 0.331424
-0.451785 0.458387 0.949803
0.385310 0.091301 0.484878
-0.246707 0.231881 0.445453
0.359296 -0.079171 0.891321
0.393892 0.005891 0.475460
-0.127697 -0.082422 1.180967
-0.157107 -0.199781 1.177238
0.343301 0.086598 0.670436
0.435638 -0.339833 0.921014
0.301246 0.002855 0.548335
-0.140107 -0.247995 0.729703
0.420652 0.072389 1.180078
