-0.032041 0.443310 0.518068
-0.054321 0.316089 0.880992
-0.062844 0.368453 0.872830
-0.373034 0.459742 0.744815
-0.203554 -0.179661 0.423485
-0.098407 0.286930 0.904299
0.336970 -0.098946 0.673155
-0.178486 -0.399150 1.330202
0.006138 0.449956 0.855049
-0.053645 0.318049 0.654387
0.317316 0.442688 1.042686
-0.085439 0.355867 0.889208
-0.012450 0.248576 0.570320
0.011744 0.278891 1.279686
0.071830 0.332550 0.749346
-0.032704 0.362604 0.845689
0.005266 0.377014 0.444921
-0.083287 -0.301140 0.625262
-0.010239 0.074390 -0.114029
0.012538 0.250956 0.921962
0.017019 0.290077 1.094851
-0.190377 -0.419378 1.577581
0.439042 -0.358154 -0.321261
-0.090527 0.460996 0.503953
-0.092144 -0.334834 0.661021
0.085307 0.243613 0.827933
-0.002330 0.447737 0.855278
-0.213159 0.263329 1.236300
0.052731 0.295059 1.296407
-0.011197 0.373284 0.889526
0.019523 -0.146323 -0.058162
-0.207627 0.006629 0.428063
0.286299 -0.405732 0.090118
-0.002911 0.260236 0.891442
0.010353 0.281533 1.225271
-0.099414 0.341408 0.925119
-0.029915 0.229734 0.807075
-0.195124 -0.217361 0.309017
-0.022041 0.465655 0.790155
0.037872 0.310040 1.272866
-0.350321 -0.095126 0.783101
0.020711 0.409193 0.850237
-0.061470 0.270733 0.773303
-0.187780 0.262827 0.730618
-0.100323 0.327494 0.805090
-0.000013 0.428315 0.850155
-0.009370 -0.420234 0.545455
-0.023790 0.319291 0.732401
-0.033020 -0.130116 0.237750
-0.008725 0.406123 0.751994
-0.019473 0.040187 0.262259
-0.277415 0.288453 0.757268
-0.185926 -0.287434 0.650866
-0.048966 0.412261 0.990226
-0.029202 0.270492 0.713929
-0.051877 0.415378 0.733929
0.268755 -0.070071 0.617815
-0.069042 0.293731 0.889495
0.041036 0.316283 1.276224
0.461027 -0.072269 -0.060365
-0.108237 0.247747 1.211570
0.326067 -0.038485 0.971968
-0.023041 0.291129 0.984893
-0.024679 0.294090 0.924688
-0.003539 0.394460 0.783712
0.421225 0.169174 1.654887
-0.256335 0.257661 1.144732
0.001159 0.217567 0.543388
-0.047989 0.228588 0.888667
0.229935 -0.192737 1.081924
0.010900 0.290145 1.113191
-0.091379 0.235928 0.720862
-0.067411 0.310989 0.759237
0.007732 0.277048 0.965882
-0.037744 0.363034 0.978858
0.000823 0.255663 0.922730
-0.119130 -0.385456 1.200090
-0.057186 0.258477 0.941095
-0.294144 -0.054580 1.209004
-0.224006 0.432816 1.241595
-0.273788 -0.087024 1.282419
-0.470250 0.324116 0.779379
-0.004843 0.428992 0.802646
-0.166251 -0.232361 0.738578
0.242799 0.286018 1.343278
0.278125 0.250428 0.066465
0.466951 0.337987 1.206835
-0.071365 0.410900 1.020808
-0.011836 -0.383694 0.858229
-0.033222 0.401053 0.986665
-0.203764 0.064235 0.435406
-0.040948 0.382605 1.083387
-0.054542 0.496568 0.621084
-0.093917 0.268216 0.946680
-0.043493 0.318224 0.635371
-0.026655 0.410491 0.928554
0.493570 -0.191090 0.732009
0.022496 0.246256 0.717867
-0.014217 0.444713 0.597826
0.045164 0.304036 1.229645
0.017178 0.279827 1.043677
-0.007132 -0.095789 0.249352
-0.496357 0.154323 1.209514
-0.158186 0.218914 0.318586
-0.030757 0.329090 0.877009
0.422295 -0.071618 0.343510
-0.037040 0.436675 0.495045
0.059624 0.303370 1.024107
-0.041430 -0.467981 0.609436
-0.026531 -0.102887 0.365932
0.266425 -0.050797 0.509104
-0.231106 -0.241807 0.595599
-0.058706 0.348633 0.915464
-0.026875 0.433061 0.622972
-0.012596 0.394177 0.829190
-0.303159 -0.078610 1.375913
-0.492770 -0.428262 0.386630
0.020405 0.357885 0.780955
-0.050963 -0.220625 0.850545
-0.256812 -0.190163 0.689170
0.331984 -0.311974 0.230150
-0.029691 0.126010 0.354701
-0.077626 0.389759 0.646454
0.020574 0.374800 0.771660
-0.032485 0.218749 0.744384
-0.030948 0.259213 0.883810
0.293653 0.381532 0.876480
-0.496840 0.498805 -0.287264
-0.011765 0.311536 0.737287
-0.071269 -0.342697 0.724902
0.013089 0.415511 0.728084
-0.053116 0.250062 0.935639
-0.252534 -0.224677 0.780336
-0.000465 0.365814 0.880869
-0.348148 0.405324 0.658308
-0.042000 0.358411 0.683537
0.358734 -0.310426 0.298485
-0.189447 -0.222057 0.686169
-0.238624 -0.202122 0.941599
-0.032781 0.388789 0.922030
0.020834 0.285956 0.833385
-0.114672 -0.223053 0.645970
-0.080021 0.284694 0.834909
-0.031920 0.410501 0.758393
-0.224449 -0.227300 0.334603
-0.094680 0.345339 0.662588
-0.473591 0.458847 1.360802
-0.068202 0.497475 0.807623
-0.038325 0.411829 0.993808
-0.083201 -0.253354 0.547031
-0.019739 0.344109 0.599405
-0.008729 -0.299793 0.386281
-0.016655 0.400429 0.924548
-0.032058 0.295489 0.894652
-0.014231 0.426961 0.990240
0.038838 0.284135 0.927828
0.034891 0.355826 0.749778
-0.075112 0.376034 1.049069
-0.026986 -0.484932 0.798670
0.471882 0.174993 1.560805
0.186781 0.122756 0.739553
0.268365 -0.074401 0.208140
0.219211 0.318323 1.055745
-0.034773 0.265725 0.852136
-0.016588 0.393094 0.712325
-0.093716 0.371117 0.715146
0.333123 -0.166234 0.484345
-0.001555 0.392829 0.724331
-0.021367 0.244085 0.625278
-0.052989 0.401717 0.808406
0.373100 -0.296471 0.248450
0.246907 -0.117039 0.319890
-0.033977 0.384157 0.961784
-0.244894 -0.277409 0.336342
-0.051544 -0.155077 0.669015
0.189546 0.383308 0.745221
-0.024285 0.395416 0.942236
-0.483471 -0.404626 0.383960
-0.364322 0.469373 1.956524
-0.068416 0.229046 0.596726
-0.010045 0.395438 0.701133
-0.041145 0.202777 0.765419
-0.072145 0.288892 0.818219
-0.069829 0.279054 0.921652
0.011432 0.461083 0.647667
-0.221415 -0.010929 1.033235
0.301443 -0.413402 1.342219
-0.057034 0.355367 0.819172
-0.020141 0.274508 0.902642
-0.206366 -0.363400 -0.026122
-0.074928 0.403518 0.665411
-0.010314 -0.239064 0.823860
-0.013229 0.377231 0.750480
-0.080240 0.245457 0.924524
-0.280015 -0.087875 1.054613
0.029177 0.292030 1.304572
-0.025163 0.405698 0.787496
-0.003620 0.429837 0.556868
-0.017533 0.068580 0.225757
-0.051901 0.395518 0.892159
-0.098707 0.375523 0.942332
-0.145482 -0.257097 0.489986
-0.054907 0.380440 0.768637
-0.297937 -0.039812 1.078662
-0.029751 0.400467 0.909623
-0.014065 0.250424 1.060848
0.017609 0.274492 1.124119
-0.095007 0.374030 0.616801
-0.054365 0.240866 0.938336
0.002281 0.381719 0.832337
0.374288 0.073096 0.555853
-0.065901 0.257911 1.065098
-0.121036 0.356392 0.718453
-0.043677 0.353013 0.906132
-0.054442 0.395633 0.944008
-0.066974 -0.397949 1.032259
-0.010387 0.281629 0.774693
-0.011278 0.279665 1.075292
-0.028179 0.275345 0.892488
-0.005432 0.254671 0.809061
-0.203012 -0.156616 0.992468
-0.242363 -0.308497 0.508746
0.200024 -0.079885 -0.095597
-0.073177 0.326148 0.733757
-0.353688 0.315312 0.919753
-0.021613 -0.462972 1.218689
-0.010675 0.439898 0.961894
-0.341131 -0.121278 0.544788
-0.064090 0.298919 1.000167
0.238695 -0.100906 0.265516
0.087696 0.311283 0.955856
-0.041705 0.400210 1.084016
-0.079956 -0.190561 0.377985
-0.113254 0.251637 1.126323
-0.017937 0.414402 0.990073
0.009367 0.446319 0.576959
0.490413 -0.333971 0.236430
0.236383 -0.100267 0.406091
0.353477 0.441283 0.944056
-0.067532 0.339174 0.816099
-0.462848 0.446799 0.764018
-0.166334 0.432347 1.190855
-0.261075 -0.018836 1.372681
-0.194593 0.247320 0.920418
-0.030059 0.304380 0.822333
-0.153090 0.251935 1.021307
-0.030415 0.384073 0.776530
-0.468627 -0.154267 0.979456
0.000757 0.433273 0.862122
0.065759 0.348863 0.839876
-0.206027 -0.329502 0.575084
-0.045156 0.262641 1.122386
-0.176776 0.440701 0.915451
-0.037547 0.415341 0.887375
0.210339 0.014409 0.767137
-0.059116 0.490861 0.013358
0.013925 0.303872 1.012643
0.014840 0.291769 1.129437
-0.107532 0.333322 0.794470
-0.077741 0.331075 0.582712
-0.189084 0.260058 0.954206
-0.005698 0.445684 0.731665
0.044560 0.467794 0.731020
-0.126752 0.412296 0.704149
-0.355133 -0.053488 0.974040
-0.017982 0.423049 0.994863
-0.186243 -0.274801 0.366875
0.484207 -0.080537 -0.391100
-0.074926 0.336068 0.929992
-0.171316 -0.295260 0.410986
0.345995 -0.310956 0.230012
0.259302 -0.065493 0.245092
0.039290 0.422891 0.831566
-0.009813 0.233309 0.849372
0.294975 -0.029743 0.903563
0.033515 0.455994 0.702554
-0.017500 0.404356 0.693557
-0.048794 0.306823 0.869237
-0.048915 0.362786 0.849977
-0.018043 0.393144 0.950375
-0.041096 0.270947 1.098073
-0.022828 0.266284 1.003524
-0.055858 0.418682 0.331748
0.003266 0.370076 0.953522
-0.051679 0.307302 1.165888
-0.079455 0.287029 1.095204
-0.012244 0.391271 0.898560
-0.034989 0.267185 0.816885
-0.420836 0.161161 1.499532
-0.027294 0.240958 0.943912
0.014092 0.340935 0.559534
-0.048065 0.256068 0.873438
0.151949 0.306054 1.512798
0.018468 0.466326 0.676049
-0.081701 0.309244 0.667103
-0.151539 0.328254 1.321526
-0.013634 0.262575 1.008989
0.013598 0.278699 1.113368
-0.090321 0.352682 0.752273
0.281868 0.384214 1.140484
-0.056134 0.381673 0.798573
-0.155327 0.149383 0.057831
-0.068216 0.376514 0.931230
0.276877 -0.102549 0.564266
-0.269332 0.075213 1.026655
0.020318 0.304276 0.776485
0.230647 0.145806 1.121823
-0.065558 0.311255 0.961944
-0.477163 0.368779 1.004886
-0.099174 0.273819 0.845598
-0.150918 -0.386313 1.447666
-0.170126 0.486253 -0.039085
0.055167 0.310093 1.267426
0.374454 0.353739 1.047455
-0.055106 0.357541 0.928170
-0.017057 0.381753 0.739506
-0.096584 0.234502 0.613676
-0.081478 -0.382439 0.949103
-0.121442 0.369325 1.280167
-0.021828 0.394499 1.213726
-0.117660 -0.155346 1.008093
-0.042534 0.253131 1.033025
0.278438 -0.068475 0.556981
0.080410 0.196909 0.259124
-0.021503 0.274551 0.627343
-0.270998 -0.019450 1.295304
0.372927 -0.145252 0.125695
-0.106786 0.110367 0.220028
0.001840 0.393685 0.643578
0.010246 0.393091 0.965366
-0.076651 -0.080144 0.273072
-0.157919 0.371514 1.543176
-0.389770 -0.142448 0.660033
-0.063247 0.318692 0.731695
-0.038715 -0.463660 0.726949
-0.022569 0.382903 0.848704
-0.084968 0.386646 1.242027
0.480462 -0.404159 1.014621
0.238604 -0.138575 0.797535
-0.189687 0.030388 1.215845
-0.232131 0.257287 1.219484
-0.157562 -0.345595 0.768218
0.046968 0.311902 0.870223
-0.069557 0.326882 0.507314
0.452543 0.334494 0.139954
0.001876 0.448514 0.535242
-0.426704 0.341960 1.226678
-0.111633 0.305957 0.854392
0.017490 0.289163 1.227618
-0.327244 -0.106370 1.296470
0.080217 0.317831 1.031483
-0.024958 0.269531 0.995159
-0.103578 0.312335 0.887422
-0.169515 0.248373 0.851526
-0.342605 -0.381945 0.712677
0.320937 -0.434933 -0.015461
-0.187919 -0.347085 0.278319
0.013547 0.290165 1.148854
-0.140667 0.370177 1.047816
0.265377 -0.080950 0.235658
-0.178805 0.420466 1.295636
0.035814 0.459775 0.418891
-0.056087 0.384171 0.827731
-0.032185 0.382190 1.061501
-0.022034 0.396589 1.001004
-0.218183 0.243423 0.726531
-0.004756 0.329185 0.438342
0.024198 -0.002407 1.520747
0.448333 -0.278988 1.003005
-0.070163 0.255511 0.942157
-0.033554 0.391219 0.975062
-0.027332 0.425327 0.727440
0.246431 -0.081392 0.452165
0.441358 0.280758 0.686182
-0.017549 0.274823 1.040815
-0.037196 0.260643 0.794209
-0.036830 0.402486 0.958161
-0.001360 0.437737 0.415014
-0.068297 0.245856 0.728932
0.216074 -0.071792 0.329222
-0.019178 0.270574 0.998869
-0.016764 -0.457275 0.399606
0.016885 0.383434 0.879460
-0.013453 -0.180499 0.775092
0.420965 0.383514 0.695174
-0.024019 0.376109 0.575034
-0.311769 -0.204891 0.540808
-0.348755 -0.127617 0.746598
-0.098232 0.264434 0.797423
-0.052346 -0.498877 1.091334
-0.074140 0.239342 0.925461
-0.086092 0.379403 0.913661
-0.027997 0.410525 0.905375
0.482726 0.355713 1.176249
-0.060785 0.038457 0.730776
-0.095725 -0.453302 0.683205
-0.169700 0.264304 1.049971
-0.056759 0.370811 0.961448
-0.028184 -0.180869 0.216142
-0.023308 -0.473885 0.398657
