-0.193632 -0.324202 3.571131
-0.168528 -0.184614 3.710689
-0.063766 -0.011500 3.554603
-0.115801 -0.104521 3.459936
0.432658 0.247187 4.217325
-0.107370 -0.030200 3.444114
-0.047841 -0.014236 3.491664
-0.082332 0.096506 3.327516
-0.021359 -0.002645 3.697873
-0.050813 -0.116011 3.436177
-0.108338 -0.181580 3.584486
0.348006 0.315523 3.880398
-0.129434 -0.282034 3.506673
-0.034266 -0.027162 3.401110
-0.082719 0.008287 3.665636
-0.109359 -0.087868 3.362072
0.381629 0.233932 4.084652
-0.021000 0.032050 3.477116
-0.177083 -0.221510 3.703934
0.007319 0.046912 3.177728
0.403451 0.495587 3.271235
0.441898 0.295785 4.090701
-0.117241 -0.171996 3.615651
0.041132 -0.040570 3.335771
-0.028256 0.004889 3.155969
-0.224159 -0.343478 3.871021
-0.002684 -0.061350 3.220160
-0.235105 -0.371110 3.566745
-0.098817 -0.082198 3.372185
-0.108172 -0.149965 3.536150
0.496345 0.406998 4.152274
0.409929 0.441966 3.470383
-0.244024 -0.362382 3.310957
-0.084344 0.015295 3.394237
-0.190383 -0.322487 3.767154
-0.101320 -0.090517 3.402598
-0.035818 0.040761 3.328421
0.006226 0.061117 3.685462
0.374100 0.427278 4.037326
0.346741 0.221117 4.203883
-0.136230 -0.108001 3.460196
0.390598 0.200791 4.390800
-0.188784 -0.321434 3.599825
-0.139489 -0.130405 3.332775
-0.046224 -0.023531 3.576094
-0.079803 0.009290 3.653045
-0.098472 -0.110267 3.447344
-0.179364 -0.233259 3.395786
-0.021383 0.148609 3.133276
-0.208152 -0.312611 3.693829
-0.145911 -0.193068 3.663749
-0.195677 -0.293794 3.684226
-0.153522 -0.280239 3.618349
-0.144964 -0.133023 3.458381
-0.115750 -0.103033 3.424957
-0.028509 0.084970 3.315429
0.011006 -0.001782 3.098525
-0.070818 0.030686 3.351854
-0.411225 -0.399295 4.588904
0.306370 0.284164 3.850945
-0.218540 -0.305304 3.405054
-0.236886 -0.346993 3.441250
0.344976 0.416347 3.783996
0.427279 0.258582 3.988194
0.010364 0.018399 3.248394
0.021581 0.061378 3.292282
-0.198332 -0.242349 3.398638
0.470889 0.412806 4.209765
-0.209045 -0.284398 3.694494
0.023874 0.277086 2.909289
-0.038908 0.020645 3.464034
-0.062848 -0.030612 3.490352
0.038626 -0.009471 3.151176
-0.007519 -0.017010 3.582993
-0.068409 -0.019182 3.410735
-0.087898 -0.149348 3.604704
-0.107886 -0.102657 3.196936
-0.055545 -0.034692 3.750714
-0.175501 -0.312212 3.551222
-0.073866 -0.019556 3.580063
-0.108621 0.011444 3.383154
