0.228399 -0.000636 -2.286239
-0.128932 -0.357953 3.045234
0.479907 0.336588 -2.793179
0.103343 0.047100 2.964469
-0.134184 -0.155209 2.994749
-0.040304 -0.286437 -2.167045
-0.427217 -0.089829 -2.871422
0.408664 -0.173285 3.116065
-0.009112 0.461620 2.489674
-0.466957 0.261562 -2.892063
0.176335 0.289541 -2.672880
-0.035210 -0.244769 2.986435
-0.316405 -0.399284 3.045978
-0.229064 0.031146 -2.711797
0.116352 -0.451797 -2.291828
0.403048 -0.013295 2.084348
0.019009 0.436438 -3.016140
0.004249 -0.366736 -2.283112
0.426349 0.417506 3.025408
0.394587 0.229973 -2.670005
0.348156 0.171302 2.433406
0.498050 -0.146094 3.016389
0.372550 -0.361574 -2.663787
-0.315029 0.341861 -1.858667
0.178054 -0.186857 -2.998216
0.171362 0.293126 -1.968199
-0.355546 -0.009518 3.018020
0.400846 0.005652 -2.694805
0.246024 0.110225 -2.299936
-0.308928 0.294256 -2.309221
-0.025524 -0.312875 -2.790430
-0.497592 0.213765 -2.945108
0.209934 -0.369704 2.279934
-0.376036 0.474628 -2.386985
-0.152795 -0.348047 -2.889218
-0.023058 0.376965 2.800654
-0.405235 -0.490230 -2.532425
-0.388583 0.048884 -2.799422
-0.064741 -0.182129 -2.282767
0.486890 0.191930 -2.863600
-0.378564 0.476426 -2.214327
-0.299456 0.292655 -2.179833
-0.454630 0.129103 -2.876878
-0.201335 0.058814 -2.496041
0.073118 0.261163 -3.125613
-0.142868 -0.366944 2.992892
-0.354592 -0.483485 -3.080226
0.233664 -0.172415 -2.907353
-0.445742 0.250481 -2.982865
-0.253981 -0.434945 -2.590412
-0.360527 -0.246471 -2.886340
-0.341240 0.027128 2.869059
-0.472695 -0.411888 -2.654872
0.338722 -0.366449 2.994235
-0.207525 0.156552 -2.598947
0.290673 -0.046617 2.942766
0.044108 -0.414676 2.882664
0.253620 -0.175657 -2.607844
0.207692 0.123867 2.962971
0.168127 -0.013318 -2.964283
0.092858 0.337428 3.136649
0.388759 0.239194 2.846383
0.127992 0.053759 2.812620
-0.448083 0.145109 -2.376977
0.239269 0.149313 2.485947
0.461824 0.152209 1.322653
-0.362830 0.367941 -2.830577
0.051153 0.166406 3.051241
-0.452654 0.134392 -2.943042
-0.347793 0.103046 -2.279505
-0.215694 -0.127593 2.631418
0.136251 -0.277490 2.568271
-0.027117 -0.327769 2.524542
-0.420328 -0.119624 -2.866462
0.156886 0.252617 -2.263318
-0.133313 -0.225482 -2.925447
0.419202 -0.286676 -2.908774
0.211261 -0.406464 2.452996
0.213331 -0.179754 -2.618767
0.132286 -0.480426 -3.126333
-0.349676 0.434713 -2.589029
0.256565 0.059828 -2.664686
0.431908 0.441412 2.583900
0.005732 0.064762 -2.819920
0.049488 0.150447 -3.032908
0.043972 -0.428912 2.853152
0.302473 0.202675 -3.119105
0.239218 -0.177016 -2.523861
-0.463252 0.222746 2.900134
0.454989 -0.470654 2.415756
-0.485481 0.042338 2.640029
-0.118725 0.397043 2.111869
0.197086 -0.043610 -2.967492
0.106211 0.094935 2.789454
-0.394123 0.192486 1.303494
-0.343860 0.438790 -2.584771
0.169178 0.222469 2.930178
0.062821 0.098241 -2.905837
0.145287 -0.457537 -2.725318
-0.047380 -0.271601 -2.643147
-0.403567 0.074939 2.705405
-0.197314 0.027792 2.684034
-0.178801 0.380276 1.964102
0.415568 -0.013016 2.206874
-0.474087 -0.475621 -2.565030
0.340292 -0.425461 2.794123
0.253634 -0.169532 -2.593914
0.204163 0.276851 2.797739
0.186737 -0.151019 3.065792
-0.357359 -0.468988 -2.732585
-0.192979 -0.440871 -3.074525
0.352412 -0.469109 -2.935486
-0.167864 -0.146986 -2.828757
-0.073865 0.342785 2.682093
-0.359290 -0.446533 -3.089242
0.462694 -0.221043 -1.910789
-0.089351 0.104803 2.846888
0.045339 -0.419583 2.688368
0.347284 0.152643 2.037086
0.480983 0.003117 3.105037
0.335006 0.415328 -2.961488
0.023025 0.298789 -2.976570
-0.308077 -0.248496 -2.728420
0.333090 0.476760 -1.856845
-0.232747 -0.206501 2.985265
-0.256265 0.103882 2.802038
0.081673 0.248762 2.980750
-0.468832 -0.233251 -3.069998
-0.024294 0.421793 2.473890
-0.238178 0.147927 2.797731
0.114178 0.418343 -3.101391
-0.217864 0.338335 2.296837
-0.341733 0.417389 -2.833244
-0.413727 -0.481009 -2.805984
-0.132042 -0.319105 -2.220960
-0.095115 0.005709 2.794899
0.372094 -0.367917 -2.455930
0.139099 0.475584 2.916510
0.173896 0.216568 2.448746
-0.195297 0.020958 2.493167
0.090909 -0.430665 2.888656
-0.388184 -0.226307 -2.751975
-0.246353 -0.342116 2.994216
0.175141 0.006689 3.002591
-0.339372 0.422127 -2.741871
-0.035147 -0.248628 -2.753265
-0.140829 -0.407792 -2.494157
0.204375 0.255767 3.060891
0.155138 -0.451113 2.983509
0.243738 0.093038 -2.865928
0.334012 0.385876 -3.037671
-0.251511 -0.130341 -3.099530
-0.475544 0.186019 2.907451
-0.363664 0.472385 -2.085455
0.067118 -0.412906 2.525542
0.074469 0.131674 -3.114042
0.341329 -0.366964 2.936700
0.345420 -0.267457 -2.957535
-0.026927 -0.231709 -2.199400
-0.274420 -0.460589 1.098748
0.020627 -0.210941 2.334612
0.247108 -0.163625 -2.802769
0.277560 -0.241803 -2.427324
0.214941 -0.349606 2.695541
-0.014065 0.442508 2.508487
0.395975 0.067465 1.799736
-0.460142 0.150913 -3.064950
0.440944 0.374231 2.760885
0.020110 0.310628 -2.803716
-0.173799 -0.133166 -2.726676
-0.205880 -0.169188 2.538545
0.439772 -0.338349 2.346499
0.381038 -0.283349 3.121906
-0.415817 0.338737 -2.230576
0.159215 -0.052675 -2.684926
-0.234395 0.315637 2.517916
-0.389085 -0.233400 -2.930224
-0.385625 -0.239189 -2.902688
-0.340460 -0.331346 -2.978263
0.052076 0.198936 -2.692855
0.021371 0.413411 2.681837
-0.016146 -0.486890 -2.907178
0.113290 0.401979 -2.858977
0.109615 0.088549 3.027288
-0.361057 -0.455072 -3.073194
0.072368 0.265080 -2.785807
0.297786 -0.432473 -2.265328
0.362082 0.104363 2.232530
0.234995 0.408483 2.604582
0.146786 0.460790 2.893321
0.061735 0.148235 3.051324
-0.453367 0.144233 -3.038097
-0.022395 0.434225 2.602151
0.150923 0.460394 2.763189
0.423099 0.401906 2.643286
-0.489097 0.382245 -2.119451
0.068177 0.212143 -3.037030
0.499665 -0.106083 3.008604
0.175031 -0.192393 -2.831210
-0.428606 -0.193664 -2.851274
0.179718 -0.188306 2.887038
0.238159 0.377451 3.140665
-0.486330 -0.255854 2.989281
-0.427318 -0.198779 -2.725707
0.052064 0.245515 -3.061496
0.023024 0.312533 -2.963782
-0.423678 -0.189235 -2.980786
0.109883 0.085510 -3.107794
0.388165 0.222697 3.066348
-0.343058 0.268931 -2.018166
0.124248 0.267600 3.029650
-0.205291 0.145735 -2.713780
0.170518 0.222299 2.596523
0.200696 0.250845 2.413395
-0.206334 0.414021 2.732788
0.143354 0.082735 2.952910
-0.359368 -0.452635 -3.037214
0.487928 0.193016 -2.717093
0.157065 0.456720 2.732864
0.159771 -0.041013 -2.731084
-0.042303 0.335337 -2.157480
-0.021227 0.444540 2.249206
0.123465 -0.159745 -2.282479
-0.192712 0.382869 2.653751
-0.135360 -0.230466 3.131176
-0.409869 0.075803 2.474639
0.146573 -0.480480 -2.818327
0.136993 0.451792 2.507084
0.408871 -0.065172 2.813660
0.329683 0.425033 2.845725
0.455533 0.348759 -3.105764
-0.334965 -0.219850 3.113856
0.126545 -0.373552 3.086328
-0.176266 0.202869 2.756915
-0.085425 0.040622 2.579171
-0.225676 0.482685 -2.051809
-0.440235 0.204193 2.925026
0.367898 -0.355618 -2.245848
0.115496 0.011765 -2.720575
-0.294686 0.424882 -2.224341
-0.499891 -0.111771 2.885940
-0.134242 -0.365662 -3.059779
0.153284 -0.447606 2.883603
0.058322 0.143587 -3.132843
0.329355 0.382479 -2.594127
0.015731 0.312549 -3.074365
0.408598 -0.033349 2.427080
-0.290426 -0.259905 -2.734097
0.022790 0.138623 -2.959615
-0.419862 0.429600 -2.512238
-0.444147 0.284455 -2.667591
-0.305407 -0.320488 -2.632744
-0.170259 -0.012255 2.681309
0.379531 0.244336 -2.777396
0.401949 -0.190222 -2.802289
0.210573 0.120831 2.750937
0.422042 0.396442 2.880803
-0.389312 0.047676 -2.975257
-0.223105 0.119515 2.082882
-0.477029 -0.332086 -2.585655
-0.230347 -0.139111 -2.944903
0.139117 -0.280010 2.578394
0.200157 0.027277 2.763762
-0.443011 0.281102 -2.947368
-0.255361 -0.064865 2.897786
-0.210156 -0.086653 -2.958659
0.389931 -0.376016 -2.889916
-0.125035 0.215103 2.992312
-0.011301 0.446007 2.386197
-0.251346 -0.181688 3.122916
-0.134320 0.222770 2.931861
-0.003672 0.499803 -2.644598
-0.111647 -0.113524 2.673734
0.136233 -0.054217 -2.343267
-0.342708 0.313852 -2.812158
0.498261 -0.383947 -2.503663
-0.343065 -0.159653 -2.077335
0.425307 -0.478195 1.976483
0.430532 0.407738 2.781981
0.456846 -0.402973 -2.495469
0.073910 0.202333 -3.098827
-0.469511 0.427759 -3.010546
-0.101450 -0.019392 2.607294
0.419709 -0.356350 3.125726
0.057912 0.150782 -3.074865
-0.456847 -0.310510 -2.401897
0.089647 0.271699 2.995655
0.153265 -0.046176 -2.784818
0.159614 0.017397 -2.729028
-0.251881 0.101414 2.776272
0.339477 0.457633 -2.998475
0.035729 0.320885 3.083805
0.469028 -0.409052 -2.599409
-0.245310 -0.256753 2.920510
0.182943 0.067879 2.700686
-0.444025 -0.083169 -2.996305
-0.138245 -0.241682 -2.948810
-0.494047 -0.393543 -2.664081
0.416465 -0.344939 -2.784065
-0.411908 -0.213908 -2.901504
0.248481 -0.173903 -3.091829
-0.385115 0.052481 -2.775896
0.159201 -0.057066 -2.806397
0.130560 -0.201041 2.202774
-0.252953 0.238549 -1.790244
-0.412883 -0.092326 -2.632038
0.337960 -0.369351 2.700069
0.299345 0.216713 2.977071
-0.184734 0.407554 3.054883
-0.475255 0.172397 2.641244
-0.486573 -0.499756 -2.894451
0.487157 0.002773 -2.848049
-0.332458 -0.111920 -2.930401
0.056490 0.249001 2.957398
-0.224604 0.112187 -2.868641
0.216507 0.256855 -3.085211
0.349954 0.490072 2.366193
0.357158 -0.318931 -2.761028
-0.431423 0.206673 -2.700584
0.447247 0.373630 -3.057464
0.038743 -0.075342 2.711623
0.178582 -0.010654 3.078829
0.156397 -0.042601 -2.627033
-0.324993 -0.061103 2.740262
-0.142049 -0.371998 -3.082381
-0.337388 0.386856 -2.343339
0.151537 -0.044526 -2.790386
0.384309 0.254421 -2.875362
-0.349736 0.179914 2.598468
0.214095 0.036958 -2.228710
-0.081641 0.153578 2.445355
0.150656 0.469722 2.714195
0.269424 0.030398 -2.249904
-0.473185 -0.263811 -2.965007
0.479258 0.001128 2.697745
-0.454329 0.194012 -2.966403
-0.458342 0.172978 3.136348
-0.306275 -0.358416 2.826326
0.279653 -0.481950 2.823359
0.252990 -0.178783 -2.590222
0.147091 -0.036562 -2.820170
-0.039407 0.266487 -2.826502
-0.376840 -0.245567 -2.913666
0.391641 0.295343 -2.789813
0.233282 -0.066089 -2.369000
-0.373573 0.288353 -1.862298
-0.431866 0.208123 3.114039
0.157475 0.456880 2.941409
-0.310209 -0.089612 2.864491
0.491059 -0.130231 2.897402
-0.431965 -0.426188 -2.215052
0.486258 0.270536 -2.880094
0.137377 -0.305144 2.889386
0.044982 -0.493659 -1.748298
0.297192 -0.005858 2.837602
0.414443 -0.198003 -2.943135
0.221231 0.389196 2.714767
0.120186 -0.159768 -2.583752
-0.021628 0.433949 2.636577
0.086764 -0.234682 -2.582623
-0.349000 -0.428830 -2.045368
-0.430213 -0.196433 -2.817160
0.234183 -0.299610 -1.572379
-0.214723 0.349231 2.263859
-0.473197 -0.466586 -2.617374
-0.220775 0.073155 2.993351
0.067492 0.224146 -2.850552
0.397156 -0.202955 -2.924588
0.158956 0.202983 2.701135
0.478068 0.225320 -3.102864
0.366526 0.114406 2.367794
0.410534 -0.199207 -2.918168
-0.252767 -0.041547 2.992141
-0.344128 -0.117083 -2.242948
0.336839 -0.247696 -2.249969
0.478587 -0.024219 2.728318
0.073133 -0.275622 -2.879104
-0.461711 0.330795 -2.747376
-0.154304 -0.281933 -3.062660
0.416953 -0.350218 -2.917399
-0.227148 0.077822 -2.953498
-0.401999 -0.198361 -3.032686
0.431855 0.426708 3.101515
-0.419970 0.189039 -2.433540
0.431569 0.419172 3.124219
0.494302 0.068968 2.422669
0.038843 0.013241 3.096235
-0.253350 -0.060935 2.515804
0.438293 0.377514 -3.075733
-0.452242 -0.311802 -2.737656
0.047440 -0.067513 2.715310
0.466445 -0.407958 2.797844
0.435793 0.285578 -0.949541
-0.099350 0.201094 -2.118885
-0.230536 -0.247748 2.836826
0.072576 0.115148 2.994991
0.128050 0.143868 1.521877
0.294136 0.213828 3.015122
0.064871 0.225555 -2.674363
0.152305 -0.037639 -2.727042
