0.048383 0.170303 -2.550949
0.144627 0.425925 -3.012029
-0.094844 -0.263763 2.556826
0.051447 0.237061 2.259378
0.120073 -0.464497 -2.997852
0.240501 -0.499279 -2.589539
0.136468 -0.115634 2.105705
0.145885 0.412463 -2.954705
-0.254647 0.414293 -2.724377
0.027688 -0.214326 2.515070
0.268409 0.410668 -2.935106
0.445774 -0.154721 -2.451339
-0.164494 0.305718 2.391456
0.106952 -0.464064 2.703114
0.309301 -0.134154 3.042631
-0.417525 0.281774 2.655267
0.484952 -0.391858 2.691573
-0.426386 -0.104995 -3.046374
0.388694 -0.057734 -2.866159
-0.450069 -0.108504 2.835506
-0.429789 -0.105196 -2.951992
0.499335 -0.167348 2.493829
-0.373021 -0.363595 2.933136
0.485738 0.254825 2.858261
-0.429299 -0.116885 -3.111769
0.361281 -0.216026 3.043325
0.402991 -0.222257 2.292101
0.054801 0.186711 2.051836
0.379485 0.014484 2.896783
-0.438835 0.070637 2.645428
-0.416764 0.286079 2.937607
0.066097 -0.454406 2.960805
0.144902 -0.462859 2.371731
0.052396 0.072323 2.096686
0.121450 -0.206035 2.207128
-0.199198 -0.342785 -2.671512
0.097329 0.004953 3.119516
-0.158538 0.311785 2.686944
0.395142 -0.070870 -2.847466
-0.066613 0.257525 2.339805
0.323578 0.019431 2.016682
-0.001435 -0.483541 2.880146
-0.101705 0.084510 2.553233
0.116178 0.386448 2.803259
-0.212542 0.286045 -2.737314
-0.082031 -0.221943 2.393807
-0.452799 -0.123601 2.502700
-0.215310 0.310777 -2.872168
0.488827 -0.432291 -2.769566
-0.415142 0.099137 2.810292
0.129082 -0.191262 1.988838
0.117324 0.040987 1.351958
0.123423 0.418335 2.797335
0.476627 0.305769 2.904389
0.431508 -0.468479 -2.755066
-0.079647 -0.214198 2.594714
0.249852 -0.498564 2.156139
-0.144130 0.061503 -2.458883
0.386340 0.189806 3.070614
0.260494 -0.080184 2.747617
-0.238397 -0.442821 -2.845907
0.280339 -0.166850 2.577139
-0.136274 -0.131310 2.514318
-0.077826 -0.217957 2.253299
0.378538 -0.291896 2.813569
-0.464437 0.282654 2.995653
-0.273748 -0.393340 -2.950112
-0.370553 0.489955 2.860067
-0.082616 0.242706 2.652687
0.257393 -0.084015 2.512576
-0.027807 -0.008102 2.582375
-0.467759 0.230999 3.137322
-0.420655 0.343216 2.759979
0.196175 0.374436 -3.109725
0.311796 -0.047332 2.969033
0.331998 -0.017755 2.735152
-0.011132 -0.053814 2.837944
0.280045 -0.167182 -2.759167
0.404960 -0.230041 2.374515
0.052107 0.076663 2.108945
-0.068544 -0.063817 2.845488
0.458178 0.301677 -2.732923
0.357794 -0.171400 -1.764364
0.042132 0.102506 -2.301188
-0.399905 -0.216256 2.574778
-0.453442 0.123667 -2.859094
-0.063123 0.261239 2.069594
0.066975 0.358115 -3.133979
-0.029705 0.110782 2.490524
-0.372198 0.449676 2.934940
0.275259 -0.158224 -2.946086
-0.207191 0.277782 -2.346430
-0.047476 0.425351 2.391702
-0.163720 0.018315 2.975630
0.479549 0.105015 2.818616
0.271773 -0.152461 -2.730580
0.017076 -0.236039 2.244417
0.060547 0.284327 2.486016
0.118368 -0.362977 2.999523
0.279175 0.331216 2.869183
-0.481331 0.028604 -2.841146
0.384855 0.018187 2.755825
0.379300 0.038572 2.532532
0.283328 -0.125153 2.976215
-0.415564 0.107761 -2.875145
-0.048984 -0.254764 2.795741
0.382694 -0.037154 -2.981027
0.112818 0.362981 2.955111
-0.150368 0.111100 3.008686
-0.432901 0.082768 2.741749
-0.435233 0.063804 2.409278
0.032735 -0.209535 2.465613
-0.076751 -0.214743 2.274663
0.268005 0.274974 2.462845
-0.443731 -0.077459 3.106349
0.466106 0.376984 -2.972988
-0.295247 0.232290 -2.109900
-0.062942 0.259501 2.369306
-0.447739 -0.094818 2.941977
0.021388 0.241146 2.317498
-0.100721 -0.228831 2.939554
-0.105622 0.349190 2.878042
-0.381717 -0.333030 3.104983
-0.329643 0.474870 -2.750591
-0.081803 -0.244611 2.947802
0.457578 0.409883 2.179194
-0.047562 -0.375639 2.480301
0.003158 -0.146172 2.203512
0.058444 0.191937 2.027052
-0.429899 -0.091498 3.131606
0.330840 -0.410630 -3.040498
-0.455262 -0.179617 2.835022
0.134600 0.198408 1.740164
-0.434554 -0.118898 -3.017646
-0.110590 -0.302859 2.528356
0.107062 0.440289 3.041204
-0.162660 -0.079747 -2.540090
0.453774 0.051327 3.132073
0.365331 -0.175719 1.387214
0.248051 -0.253043 -3.125494
0.144545 0.244034 -3.074767
-0.464595 0.302406 2.907569
-0.101156 0.091198 2.648990
0.114166 0.415963 2.931332
0.187629 0.095201 2.684422
-0.449287 -0.126758 2.902868
-0.283257 0.297689 2.990888
-0.048993 0.182369 2.687938
0.264773 0.117341 -2.728405
0.258590 -0.250620 2.740299
0.251853 0.451584 2.329540
-0.441332 -0.381457 2.017472
0.382747 -0.064669 2.894733
0.314393 -0.125445 2.981766
0.310952 -0.072197 -3.131993
0.358042 0.254829 2.967763
-0.301068 0.256653 -2.481407
0.008816 -0.181189 -2.960255
0.124726 0.423463 2.923958
0.283311 -0.064705 2.378526
-0.089693 0.112242 2.462321
0.285286 -0.189468 2.737012
-0.444122 0.077193 2.311764
-0.388213 0.161112 2.731799
-0.099955 -0.276305 2.190833
0.081117 0.090434 2.316301
0.302125 0.320575 1.922565
-0.025586 -0.019032 2.410175
-0.400908 0.366690 2.438649
0.237589 0.020434 -2.971673
-0.416924 -0.264490 3.010411
0.270431 -0.106226 2.786634
-0.116945 -0.118028 -3.106084
-0.111770 0.095551 2.272298
-0.067492 0.254752 2.337654
-0.247692 -0.450485 -2.744881
-0.432251 0.062486 2.585987
-0.283058 0.418783 -3.125775
-0.450214 0.349351 3.001349
-0.003528 0.333600 2.717217
0.071286 0.375111 2.933364
-0.210504 0.190304 -2.407504
-0.321828 0.452153 -2.589006
-0.437754 -0.089606 3.030119
0.315604 -0.448869 1.175487
-0.161104 -0.226727 -2.712500
-0.388007 -0.382977 -3.049753
0.269337 -0.233354 2.991389
-0.432317 0.064365 2.882935
-0.040292 0.095564 2.450485
-0.035904 0.106732 2.497780
0.300532 -0.081265 -2.908079
-0.415957 -0.352819 1.759672
0.085382 0.277288 2.807654
0.269031 -0.149149 -2.697899
0.119468 0.493117 1.981372
0.210054 0.319514 3.093350
0.216700 -0.140467 1.861887
0.034829 0.249680 2.589579
0.383158 0.263790 2.953610
0.254420 -0.088559 2.578475
0.109918 0.440743 2.801363
0.111321 0.432607 -3.083583
0.380253 0.189324 3.130077
0.381298 0.033988 2.720430
0.104013 -0.478493 2.442834
0.364132 0.118332 3.124278
-0.344638 -0.372215 -1.972167
-0.139346 -0.009157 2.710190
-0.188672 0.427036 1.884478
0.003603 -0.142376 2.941268
-0.408321 0.143660 -3.063973
0.223207 0.224763 2.277379
-0.429186 0.221607 -2.864583
-0.449084 -0.081425 -3.013783
-0.248125 0.246147 -3.035777
-0.425757 -0.105148 -2.889143
-0.210385 -0.394270 2.782307
0.475084 -0.113610 -2.455193
-0.027004 0.489273 -1.396713
0.391788 -0.258779 2.233946
0.093323 -0.055145 -3.095785
-0.030190 -0.034924 2.863538
0.363657 0.270404 2.748098
-0.068485 -0.356044 2.252464
-0.248996 0.466831 -3.111715
-0.124260 -0.137623 -3.120906
0.025589 0.242639 2.306545
0.268460 0.148397 1.922717
0.490741 0.039027 -3.084306
0.373525 -0.218366 -3.002402
0.082884 0.046200 2.326047
0.396240 -0.243341 2.366356
0.107924 -0.113065 1.685187
0.266320 -0.484276 1.940846
0.046736 -0.170259 2.784825
-0.450006 -0.091500 -3.058143
0.394101 -0.054780 -2.743401
0.390221 0.289476 2.815273
0.452329 -0.161551 -2.806653
0.120612 -0.366655 2.786375
-0.105480 -0.359400 2.937379
-0.438142 -0.482158 2.698227
-0.370208 0.437229 2.740594
-0.155054 -0.226473 -3.075531
0.268821 -0.366684 2.931861
-0.213737 -0.432461 2.606083
0.375165 0.023497 2.864215
-0.265741 -0.157880 -2.478131
-0.258957 -0.472310 -1.617286
-0.337312 -0.247651 -1.636346
0.119413 0.493011 1.321957
0.473835 -0.114256 -2.508345
-0.286079 -0.197171 -2.897875
0.275160 -0.161193 -3.037599
-0.460272 -0.074201 2.979409
0.058026 0.464497 -3.139433
0.142966 0.075495 -3.012866
-0.066110 -0.214253 2.514771
0.378800 0.005032 2.750613
0.149362 0.360059 -3.125839
0.396399 -0.051891 3.013650
0.025521 -0.122829 -2.584427
-0.081698 -0.218569 2.413847
-0.416155 -0.067383 2.867833
-0.259608 -0.105030 -2.888538
0.388963 0.060019 -3.067764
0.178282 0.390679 2.720547
0.416132 0.141304 -2.816883
-0.039989 -0.085809 -3.020682
0.105624 0.383672 -2.902450
-0.010173 0.146743 1.720603
0.293001 -0.244351 -2.842157
0.495995 -0.435215 -3.048578
0.307278 -0.047636 -3.139956
-0.372212 0.477992 2.707535
-0.422149 0.286231 2.987074
0.306751 -0.159174 2.930857
0.082279 0.276411 2.858761
-0.076821 -0.359496 2.505057
-0.008117 -0.022713 -2.788190
-0.464059 0.265309 2.882737
-0.260430 0.203305 1.408866
-0.267120 0.332508 -2.148028
0.392756 -0.060959 3.123617
-0.245578 -0.451120 -2.579947
-0.442275 -0.120092 -3.041923
0.031091 0.491726 2.918385
-0.430958 -0.122247 -2.608353
0.453019 0.403070 1.950562
0.271462 -0.209162 2.736797
-0.009500 0.166243 1.926521
0.068102 -0.489515 2.916099
0.264113 -0.058098 2.290721
0.016541 -0.207452 -2.497697
-0.016729 -0.059193 2.767123
-0.252543 0.258679 2.294628
-0.383859 -0.323028 -2.763330
0.325041 0.088846 2.826978
-0.107773 0.087222 -3.054433
-0.368966 -0.477769 2.810461
0.426804 -0.295502 2.668122
-0.312664 -0.335676 -2.926495
-0.470735 -0.260375 -2.274281
0.431075 -0.292251 2.499888
0.381582 0.171678 -1.946815
-0.003303 -0.215971 2.921982
0.377187 0.010500 2.853614
-0.101008 0.099640 2.476911
0.370677 0.321248 2.793410
0.305180 0.052815 2.632682
-0.019950 -0.030705 2.775821
0.260482 -0.249880 3.055673
-0.390047 0.345643 2.440469
0.122728 0.499222 1.781273
-0.188074 0.262680 2.552019
-0.066297 0.151932 2.841803
-0.093852 -0.249835 2.867472
0.482863 -0.373261 3.006289
0.039960 -0.180868 -2.662145
-0.228870 -0.462532 -2.986095
0.461705 0.412401 2.245325
0.372881 0.168251 -2.800542
-0.022801 -0.014108 2.565302
0.488781 -0.436904 3.081405
0.025314 0.083857 2.543558
-0.145981 -0.185497 2.896671
0.401781 -0.347140 2.182388
-0.068515 -0.032896 2.654277
-0.452926 -0.095292 -3.090970
0.307366 -0.077590 2.784844
0.096430 0.056177 -2.763800
0.347380 -0.047667 2.769813
0.260277 -0.263384 2.753657
-0.436050 0.058238 2.563136
0.397067 0.015544 -2.777301
-0.270592 0.213674 2.043789
-0.490155 0.039156 -2.975891
0.404673 0.133132 1.622743
0.152717 -0.324822 2.531742
-0.127507 -0.251094 3.014143
0.046607 0.190602 2.035889
0.351965 -0.021743 2.549289
0.049266 0.191810 2.150139
-0.070053 0.231172 2.239121
0.205718 0.417060 3.025835
0.120671 0.408411 3.074115
0.334164 0.032154 2.279494
-0.101196 -0.168640 2.673031
-0.107643 0.100715 -2.336867
-0.350557 -0.279048 -2.980743
0.147291 0.101541 -3.078412
0.212538 -0.146231 2.108476
0.211311 0.323541 -2.962341
0.215149 -0.141577 1.852541
0.430287 -0.447316 3.046948
-0.005041 0.144753 2.486612
0.052246 -0.196690 2.490837
-0.028668 -0.012695 2.061851
0.149455 0.112008 -2.836714
-0.192373 0.255572 -2.269598
0.199754 -0.201945 3.035813
-0.273836 -0.390261 -2.833147
-0.355602 0.275982 2.164683
-0.137345 0.129442 3.075107
0.127361 0.431500 2.786214
0.483174 0.144800 2.637956
-0.289829 0.376494 3.115036
0.267038 -0.194198 2.714957
-0.409676 -0.109476 3.111165
-0.058726 -0.001991 -2.993114
0.031023 0.250891 2.460925
-0.410132 -0.109544 -2.659737
-0.012323 -0.164109 2.514510
-0.440412 -0.076084 -2.905988
0.177430 0.200748 2.032793
0.262307 0.449992 -2.721962
0.275531 -0.441844 2.032740
-0.005530 0.110546 2.923431
-0.443627 -0.086060 3.065409
-0.257544 0.289869 -3.129529
0.374537 -0.231364 2.659353
0.375353 -0.222869 3.065775
-0.011127 -0.187838 2.769898
0.251614 -0.263406 2.757070
-0.175473 -0.487148 2.747901
-0.364150 -0.343383 -2.722705
-0.309212 0.147989 2.810373
0.391154 -0.209527 2.461490
0.069367 0.350322 2.957125
0.399001 -0.203322 2.777673
-0.204715 0.267016 -2.763367
-0.363643 0.231643 1.549260
-0.162374 0.139932 -2.065818
-0.081015 -0.046265 2.872153
-0.400891 0.389546 -2.886757
-0.459190 0.404522 -2.920475
-0.306794 0.391057 -2.987025
0.232542 -0.113994 -3.105802
-0.456219 -0.088632 3.094404
