0.288144 0.446795 1.631620
-0.085009 0.252447 2.655291
0.312285 0.105134 2.306885
0.398027 0.197583 -2.359054
0.468363 0.304814 -2.437857
-0.221207 0.448845 2.583158
0.410342 0.396472 -2.782364
0.417121 -0.346077 2.382991
0.289287 0.495408 -2.588362
0.383444 -0.471343 1.887612
-0.216782 0.459626 -3.105670
-0.251958 0.465316 3.062998
0.074169 0.339907 2.737901
-0.471591 -0.012546 -2.873544
-0.209872 0.472493 2.726068
0.050821 -0.151986 2.245505
-0.290149 0.013628 2.234137
0.017686 0.241535 -2.828745
-0.063416 0.080403 3.132512
0.009738 0.465487 2.593149
-0.108077 0.280652 -2.651435
-0.439380 -0.242904 2.042442
0.090976 0.106901 -2.763924
-0.078579 0.170088 -2.674527
0.039322 -0.063049 2.925931
-0.087336 -0.434541 -2.959849
-0.241277 0.263894 -3.042770
0.473376 -0.098545 2.988894
-0.124819 -0.233445 -2.963568
0.027773 0.282978 -3.098822
-0.048872 0.340317 -3.017445
0.284346 -0.325697 2.362580
-0.471661 -0.016760 -3.103961
0.466493 0.173754 -2.760486
-0.410602 0.331070 -2.946873
-0.044336 -0.419605 3.085076
-0.392201 -0.282540 2.973116
0.028491 0.315657 2.624888
-0.157446 -0.445328 2.805619
0.103595 0.265452 2.488028
-0.393389 0.191098 3.136692
-0.447521 -0.485160 -3.058794
0.388064 -0.268412 -3.017119
-0.467374 -0.199046 -3.027511
0.298812 0.435228 3.141534
0.182689 -0.051964 3.002406
-0.184350 0.261233 -2.243299
-0.083816 0.243208 2.233133
-0.045916 0.259194 2.908463
-0.466885 0.214064 -2.707658
0.224940 -0.189210 2.249287
0.240486 0.134884 3.038055
0.250163 0.369712 2.387467
-0.472091 0.097040 -2.180148
-0.013673 -0.358145 3.119357
0.302109 0.149881 2.484447
-0.313960 -0.014506 2.573716
0.267490 -0.263202 2.480323
-0.237086 -0.427433 2.569832
-0.342810 0.291547 2.343214
0.062633 -0.161545 2.324507
0.413172 -0.101233 2.947972
0.052237 -0.398148 1.509336
0.220997 -0.062717 2.465088
-0.490501 -0.297064 2.103482
-0.125308 -0.110634 -2.434330
0.263240 -0.438380 -2.928214
-0.026574 -0.141973 -2.892387
0.371810 -0.490710 -2.583765
0.477686 -0.039041 2.287865
0.292972 -0.343756 2.540790
0.021843 0.322496 -2.876848
-0.187244 -0.394909 2.284654
-0.297103 -0.425510 -2.400365
-0.458450 0.033270 2.814079
-0.411094 0.139802 2.893497
0.357727 0.191950 2.676336
-0.251945 0.466925 3.125093
-0.463966 -0.396938 -2.802722
0.410179 0.232856 3.009683
0.077992 -0.463449 -2.335948
-0.109342 -0.161599 -2.592550
0.283861 -0.262644 2.965414
0.477063 -0.336413 2.441910
-0.062855 0.055077 -3.121804
0.042284 0.215661 2.754403
0.274659 -0.492007 3.029611
0.323123 -0.338979 2.873224
0.288530 -0.263784 2.019175
0.079364 0.360695 2.702197
-0.260155 0.382937 2.922974
0.297486 0.437098 3.018802
0.297179 -0.156556 -2.522090
-0.115995 -0.082903 -2.031597
-0.083397 -0.440049 2.807095
-0.223972 0.271120 -3.105397
0.331879 0.016345 3.082437
-0.482838 0.032904 -2.639989
0.331705 -0.087994 1.831766
-0.190786 0.045704 -3.117017
-0.034230 -0.340759 2.922055
-0.148344 -0.416783 2.827878
0.227583 -0.203290 2.493953
0.243936 -0.198038 1.910320
-0.027400 -0.396192 2.863669
0.230798 -0.052635 2.454028
-0.147645 0.160311 3.133155
-0.495404 -0.261537 3.042548
0.188963 -0.050107 2.893586
0.019330 0.266258 -2.967638
0.026306 -0.487289 2.475314
0.225866 -0.051365 2.464972
0.334411 -0.469351 -2.531958
-0.210917 -0.085663 3.062484
0.120289 0.038837 -3.109930
-0.013344 -0.341021 3.069660
0.142646 -0.429772 -3.070264
0.291364 -0.298585 -2.816849
0.053983 0.262828 -2.917865
0.469014 0.172724 -2.901565
0.338679 0.204408 -3.128976
0.352595 -0.329420 -2.937733
0.103105 0.035340 3.093480
0.025350 0.184126 -2.089134
0.460889 -0.416598 1.299011
0.360776 0.216150 2.936227
0.287947 -0.025726 1.841698
0.270837 -0.014189 2.480159
0.401678 0.475511 2.935239
0.114255 0.017486 2.866490
-0.347231 0.025288 -1.789814
0.008230 0.034895 -2.405058
-0.084344 -0.016503 2.878121
0.074386 0.136229 -3.065752
0.304655 -0.269502 2.839819
0.276542 -0.277672 1.651032
0.338441 -0.013865 -2.857912
-0.002913 -0.244368 2.782803
-0.410959 0.025277 -2.983700
-0.293949 0.397201 2.893875
-0.394730 -0.287300 2.960447
0.053438 0.246125 3.102079
0.358213 0.424471 -2.973529
0.474549 -0.101300 3.070136
0.263754 -0.008077 1.993770
-0.064243 0.190869 3.091384
0.263572 -0.480611 -3.084695
0.257261 0.470686 2.000004
-0.204586 -0.031784 2.920675
-0.326079 0.235350 3.013359
0.490960 -0.434933 -2.832886
-0.072697 -0.376879 -3.091988
-0.093208 -0.030350 2.938316
-0.394854 0.153935 3.119900
-0.226631 -0.427161 2.562746
-0.235491 -0.417185 2.823762
0.184487 -0.056903 2.984845
-0.479449 0.143980 -2.457565
0.457393 -0.180604 -1.961335
0.192687 0.484662 -2.124074
-0.135865 -0.103203 2.532829
-0.206107 0.473601 -2.721804
-0.120373 0.228718 -1.872584
-0.029776 -0.371427 2.855781
0.347322 0.272729 2.857652
-0.172034 -0.201124 2.994482
0.079186 0.227060 1.837261
0.473196 0.166576 -2.781768
0.072831 -0.059923 -3.103536
-0.244077 -0.013900 2.195498
0.090607 -0.422101 2.797676
0.487290 -0.413271 -2.029579
0.426173 -0.071611 -1.815691
-0.054543 0.050859 -2.932849
0.272770 0.486682 2.908621
0.291991 0.496353 -2.817558
0.074919 -0.176344 3.064921
-0.145701 0.000954 1.822130
-0.090198 -0.060315 2.131209
0.316331 -0.380810 2.885283
0.285396 0.452924 -2.757532
-0.306916 0.274749 -2.250093
0.102125 0.033568 -3.107866
0.010126 0.140027 2.730173
-0.327259 0.215037 2.919136
0.331889 -0.152245 -2.742278
0.102345 0.036444 -2.709165
-0.415261 0.000242 -2.819775
-0.085232 0.376762 -2.518271
0.343126 0.427227 2.823130
0.311116 0.431837 1.825032
-0.217513 -0.231019 2.606077
-0.350659 -0.223569 3.008795
0.349426 0.309299 -2.116491
-0.396088 0.188244 3.012552
0.417921 0.237024 2.818497
-0.295016 -0.424427 -2.208587
0.256212 -0.253383 2.380939
-0.475946 0.006171 3.138933
-0.131655 -0.096075 2.143822
-0.255229 0.467266 2.966016
0.294401 -0.485786 2.638517
0.444927 -0.231654 2.697786
-0.065230 0.065648 -2.896260
-0.314725 0.379178 -3.102465
0.302969 -0.405050 -3.079279
-0.113522 0.338894 -2.438269
0.080367 -0.142282 3.069907
0.328370 -0.321193 2.668395
-0.002958 -0.367250 3.067992
0.471566 -0.365387 -2.717359
0.093955 0.128691 -2.671610
0.340289 0.164227 2.574006
-0.066836 -0.357462 1.780546
0.033448 -0.475580 2.867205
0.200869 -0.022773 2.972949
0.077767 0.112006 -2.871868
0.233646 0.219773 2.616821
-0.133942 -0.100558 2.201489
0.151083 0.014862 2.980310
-0.390116 -0.178138 2.990309
-0.343768 -0.228078 2.991845
0.078049 0.046401 1.819377
-0.228038 -0.403048 2.444927
0.071452 -0.153028 2.152296
-0.135457 0.371362 -2.364910
-0.169265 -0.197868 2.481232
0.268939 -0.399212 -2.461848
-0.215409 -0.279441 1.197847
-0.005217 -0.248463 -3.098418
-0.201303 0.047612 -2.208900
0.389889 -0.299859 -3.086087
-0.324814 -0.405849 -2.411083
0.419435 0.271710 3.062161
0.109579 0.370342 2.771531
-0.145596 -0.118694 2.071292
0.024325 0.494254 2.744704
-0.148771 -0.308528 2.314113
0.485385 0.396069 2.357230
-0.144230 0.440204 -3.114471
-0.489125 0.012942 3.138508
0.315353 0.029723 2.512589
-0.075825 -0.426797 2.841607
-0.062252 0.157817 -2.997745
0.223169 0.219351 2.381968
-0.224579 -0.390114 2.621259
0.226403 0.082115 2.417979
-0.168754 -0.060790 3.093501
0.263883 0.090138 2.744649
-0.069900 0.012436 2.613489
0.445519 -0.135269 2.991453
0.106363 0.366485 2.830425
-0.034454 0.146525 -3.057495
0.238566 -0.110643 -3.059215
-0.345417 0.286356 -2.505430
0.028745 -0.488494 2.631196
-0.460300 -0.218863 3.073684
-0.455451 -0.349916 2.851282
0.335944 0.170460 3.096879
-0.200770 0.478099 3.080779
-0.418653 0.469841 2.420408
-0.225299 0.472873 2.667533
-0.444426 -0.044092 -2.496862
0.186701 -0.124152 2.804970
-0.233516 -0.001279 2.619612
0.291718 -0.228653 2.887613
-0.181708 -0.270463 -3.054653
-0.349669 0.102561 -2.958827
-0.219726 0.476304 2.767079
-0.497974 -0.376108 3.020001
-0.453159 -0.123923 2.471928
0.441109 -0.021703 2.893404
-0.401239 0.108727 2.896688
-0.019226 -0.149139 -2.846405
-0.403285 0.246640 -2.672926
-0.017937 -0.390874 -3.073813
0.088208 0.159785 -2.922625
-0.216911 0.479109 2.874534
-0.415558 0.000291 2.449441
0.280715 -0.013993 2.230919
0.488384 -0.390999 3.087477
-0.179217 -0.271006 -2.646487
0.067857 -0.462935 2.775065
0.076108 -0.468023 2.759686
-0.120404 -0.208228 -2.704970
0.279728 0.476708 2.880391
0.015215 0.484366 2.441337
-0.433726 -0.299973 -2.905527
0.094312 -0.254892 2.943512
-0.403415 0.355760 2.935203
0.350009 0.290368 -2.291564
0.066063 -0.363363 -2.742118
-0.455050 -0.221471 -2.982860
0.493206 -0.007331 1.927982
0.299635 0.461961 -2.977795
0.459106 -0.331045 -3.109947
0.224317 -0.177987 2.514672
0.085903 0.245498 2.939618
-0.163942 -0.212092 -3.069485
0.403705 0.456297 -3.137783
0.041336 -0.058637 2.905315
-0.041251 -0.343173 2.859502
-0.087994 0.237782 2.505183
-0.021837 -0.082130 2.663683
-0.033153 -0.335299 2.937991
-0.437349 0.147596 -2.250537
0.231002 -0.049356 2.271979
-0.153454 -0.424067 2.579338
0.107117 0.112889 -2.376820
-0.384634 -0.444160 -2.669318
-0.430804 0.188014 3.015160
0.328429 0.430597 1.702718
-0.321531 0.234093 -3.136764
0.005336 -0.235765 2.797780
0.390620 0.204561 -2.823049
0.144340 -0.410242 -2.781028
0.253538 -0.182248 1.697633
0.178488 -0.135824 2.646482
-0.190959 0.269714 -2.448082
-0.471507 -0.010934 -2.697487
0.266554 -0.318969 2.573743
-0.227709 0.222079 -2.892790
-0.078008 0.141536 -2.805108
0.413662 0.495453 2.808995
-0.199772 -0.065308 2.784571
0.258741 0.243662 2.467125
0.256230 0.118233 2.772795
-0.199154 -0.020691 2.706768
0.264456 0.171389 2.493525
-0.017624 -0.475650 2.732479
-0.346796 0.196275 -2.858663
0.266940 0.220442 2.193378
-0.207964 -0.050359 2.792783
-0.214828 0.483547 -2.684018
0.078953 -0.178212 2.942686
-0.382910 -0.414598 1.155678
-0.043803 0.290451 2.756643
-0.101383 -0.494102 3.059621
0.438013 0.383189 -3.004898
-0.422740 -0.030661 3.138223
0.417548 -0.382228 -3.114482
0.391433 -0.495724 2.927480
-0.396226 0.192555 2.796738
0.352816 0.487880 3.092614
0.292744 -0.377782 2.870939
-0.349988 -0.058299 -2.968343
0.477370 -0.210960 -3.045402
-0.423673 0.141768 2.109235
0.273297 0.113511 2.767892
0.166011 -0.316165 2.566771
-0.093530 -0.036668 3.093905
0.375390 -0.035463 -2.478969
-0.400409 0.256552 2.668340
-0.270831 0.420524 2.856041
0.040188 -0.454767 2.276667
-0.125119 -0.400127 2.564087
0.449037 -0.173076 2.997333
0.311063 0.368355 -2.414291
0.228453 0.086965 2.599082
-0.354246 -0.224122 3.097300
0.234894 0.104950 2.800159
-0.436461 0.143650 2.867301
0.271637 0.488180 3.010006
0.065374 -0.154238 2.443651
0.153324 -0.194809 2.897559
0.431361 -0.261489 2.496533
-0.087807 -0.410507 3.048486
0.220852 0.075478 2.925286
-0.222207 0.482296 2.662627
-0.116246 0.153325 -2.198540
0.246422 0.367735 2.539518
0.470028 0.178096 -2.645764
-0.041908 -0.451095 -3.023428
0.293600 0.093582 2.128148
0.028396 0.496030 2.725153
0.357861 0.221133 2.889714
-0.223114 0.451591 2.827258
0.251035 0.364616 2.554462
0.474815 -0.247347 -3.107619
0.021089 0.482006 2.980092
0.257201 0.090322 -2.928649
-0.222215 0.316442 2.666213
-0.123694 -0.399293 2.405603
0.439972 0.438250 2.907325
-0.259675 0.365486 3.086815
-0.001743 -0.437706 2.380688
0.153629 -0.186348 -3.041847
0.159289 -0.180534 -3.025473
-0.149469 -0.039093 -2.427582
-0.429047 0.262353 -2.161979
-0.169753 -0.338758 2.868642
0.259926 -0.478395 -2.965691
-0.076686 -0.394461 3.040834
-0.052545 0.128828 -2.752795
0.218159 0.224168 -2.926277
-0.051964 -0.120098 -2.999698
-0.093523 -0.039020 -2.833394
0.198808 -0.407671 3.007857
-0.397668 0.237258 2.631386
0.456677 -0.000785 2.310602
