0.157936 -0.221451 3.010196
0.345289 0.091529 -3.031443
0.000869 -0.260500 2.843434
0.037074 -0.123675 -3.012426
-0.303047 0.315007 3.082208
0.393988 0.297353 2.900941
0.467635 0.178898 -2.574491
0.370018 0.293402 2.989299
0.227449 0.092477 3.098757
0.235578 0.276830 -2.800964
-0.118218 0.258240 3.004886
-0.462053 -0.071633 2.951591
-0.067507 -0.360853 2.623195
0.300797 0.191563 -2.793851
0.224484 -0.029751 -3.039982
0.334857 -0.115499 -2.763116
0.069882 -0.182849 2.123330
0.451907 -0.454883 -2.978461
0.064663 -0.296902 -2.963103
0.185495 -0.282482 -2.462589
-0.113784 0.055371 -2.900805
0.049347 -0.143952 -1.723403
-0.122330 0.243724 2.915925
0.418810 -0.190355 3.097434
-0.056118 -0.478130 -3.073254
0.112917 -0.324687 -2.609296
0.384192 0.402164 2.402401
-0.135533 0.020215 -2.929219
0.422580 -0.390458 2.402478
0.305711 -0.052463 2.957545
-0.064138 -0.378764 2.886824
0.299631 -0.056338 2.636198
-0.234713 -0.274279 -3.031518
0.022627 0.165118 -3.080321
0.424653 -0.157515 2.492481
-0.478042 0.094040 1.915021
0.418467 -0.157555 2.556522
0.448440 -0.326641 2.441534
-0.202590 -0.486486 -2.680455
0.493683 -0.452555 2.152941
0.191502 0.211718 -3.123375
-0.493387 -0.493902 -2.751106
0.163387 0.137299 2.900675
0.046227 -0.053591 2.879850
0.143379 -0.054609 2.414416
0.065452 -0.285536 -2.974213
-0.314180 0.256186 3.116019
0.036548 0.324839 -2.541575
-0.357720 0.408634 -2.903467
0.181157 0.276580 -2.120272
-0.450982 0.252448 -2.780806
0.021364 -0.235490 -3.069329
0.382691 0.419951 2.868075
0.326629 0.409099 2.231619
0.424864 -0.443637 2.663886
-0.139632 -0.068181 3.010655
0.029277 0.437676 2.548551
0.286138 -0.435853 -2.213270
0.229747 -0.376083 2.611163
0.082898 -0.214615 -2.894728
-0.047892 0.143166 -3.048894
0.276935 0.131641 -3.035072
-0.451877 -0.206088 -2.588225
-0.121368 0.258509 2.837037
-0.145573 0.013090 -3.122984
-0.139761 0.036049 3.110387
0.362830 -0.167458 2.639594
0.386229 -0.358542 2.971776
0.160008 -0.232057 -3.052827
0.115376 -0.301072 2.251654
0.432183 0.313325 2.940164
0.014796 -0.261150 -3.121956
-0.091757 0.185073 -3.129615
-0.491985 -0.448134 3.016661
0.384695 0.138506 2.442648
0.275949 0.287245 2.227321
-0.025082 0.475354 -2.940513
-0.125617 0.396790 -3.017385
0.356507 0.064352 2.638428
-0.279194 0.095323 -2.437539
0.447650 -0.205834 2.912108
-0.137631 -0.169764 -2.243908
-0.498757 -0.469095 -2.789840
0.331121 -0.347666 2.985533
0.393169 0.475895 2.379056
0.438255 -0.137051 2.615699
0.163542 -0.029879 -2.600287
0.093692 0.254507 -2.550091
-0.135380 -0.398663 -3.092286
0.419380 0.455981 2.453439
0.287470 0.383060 -2.596872
0.055822 -0.377963 3.035936
0.022632 0.402877 -3.138729
-0.067961 0.377810 2.956041
-0.301033 0.253563 -2.940561
-0.139908 -0.009961 3.132779
0.418959 -0.394628 2.679680
-0.275854 -0.209551 -2.053114
0.055364 -0.351337 2.859024
0.154286 0.142221 2.779668
0.360975 0.271952 2.833167
-0.424510 -0.275744 3.023256
-0.323819 0.037345 2.368611
0.018342 0.370793 -2.813895
0.038983 -0.090661 2.726579
-0.415484 -0.321549 -3.108044
0.013309 -0.214623 2.579601
-0.395728 -0.052763 -2.544603
0.096944 -0.396801 -2.551199
0.363244 0.253154 2.704959
-0.307118 0.262643 -2.822231
0.081561 0.496342 2.638660
0.079852 -0.319488 2.629387
-0.427781 -0.269422 3.086554
0.008650 -0.249102 3.123268
0.420998 -0.388528 2.300104
-0.497479 -0.388982 2.970873
-0.141495 -0.021946 -3.034261
0.460282 0.328475 2.454158
0.319265 0.091951 -3.026687
0.352974 0.249791 2.400440
0.297692 0.177894 -2.932319
0.329017 0.166694 -3.059243
0.132398 0.305320 -2.010165
-0.496194 -0.366690 3.003541
0.237058 0.280311 -2.806116
0.025180 -0.200876 2.620085
-0.251997 -0.017395 -2.063202
0.026069 -0.364660 -2.933932
0.161064 -0.206117 -2.817358
-0.127701 0.055559 2.688102
-0.138360 0.496517 2.924915
0.045260 0.470200 2.985662
-0.023339 -0.481031 2.858797
-0.327740 0.262843 -2.582853
-0.497474 -0.486903 -3.020796
-0.335760 0.231635 -2.425631
-0.283537 0.066067 2.091215
0.083886 0.465869 2.443658
0.056396 0.374271 2.897426
0.081361 0.190092 -2.271424
-0.145091 0.013024 3.088492
0.348455 0.343859 2.627156
0.362972 0.279607 2.913531
-0.003978 -0.395924 2.907725
-0.137923 0.384605 2.853840
0.020350 -0.271419 -2.979084
0.088336 -0.315091 2.670141
0.332170 -0.329672 2.907888
0.053125 0.468860 -3.026354
-0.271388 0.328125 2.988162
0.475319 -0.047400 2.927875
0.016896 -0.259294 2.962753
-0.113563 0.242989 3.094523
-0.097281 0.009787 -3.133141
0.421146 -0.204806 2.811903
0.033043 -0.081348 2.605932
0.038500 -0.139913 -1.882970
-0.294160 0.459687 -2.407024
-0.049367 -0.341001 2.798258
0.428690 -0.382355 2.492243
0.262028 0.337359 -2.556407
0.163787 0.014461 -2.989867
0.260130 0.149928 -2.490005
0.019892 -0.374323 3.080969
-0.185989 0.017862 -2.722452
0.026132 -0.185996 2.583961
0.024154 0.174618 -3.125560
-0.093240 0.019197 3.086041
0.345274 0.228928 2.709218
0.032465 0.433110 3.115124
0.225964 0.093350 -2.944972
0.464795 -0.248623 2.741701
0.016569 -0.288136 -3.049259
0.345338 -0.489938 -2.114288
0.452736 -0.190327 2.829902
0.293744 -0.234648 1.139557
-0.117955 0.412538 2.958653
-0.306680 0.261535 3.006906
0.250128 -0.091427 2.946851
0.238219 0.260386 2.410050
-0.462345 -0.437049 2.780323
-0.420969 0.077627 2.336343
0.112092 0.340323 -3.110119
0.161309 -0.248050 3.111762
0.083296 0.454988 2.766399
-0.485001 0.069601 -2.653671
-0.121539 0.168138 -2.712852
-0.138234 -0.170848 -2.628730
-0.489486 0.451440 -2.450271
0.300448 -0.053992 2.821110
0.156291 -0.213542 3.028211
-0.052101 0.143135 -3.031202
-0.137757 -0.075880 -2.923187
0.067468 -0.068459 2.594695
0.016610 0.025197 -2.564868
0.324557 -0.184238 -3.098946
-0.129663 -0.327730 -2.939851
-0.118207 0.432630 2.986896
0.122557 -0.103106 2.437140
0.327449 -0.343578 3.050535
0.326120 -0.035563 3.116905
-0.446350 0.063166 -2.718579
-0.488587 -0.387901 2.976226
0.067231 -0.240564 -2.699179
0.450283 0.354113 2.834049
0.075553 -0.301203 -2.826038
-0.130959 0.396302 -3.056006
0.056573 -0.378341 2.943875
0.050198 0.371119 2.908565
0.146401 -0.126711 -1.258716
0.018894 -0.373232 -2.987015
-0.132235 0.461481 -2.900529
0.052551 -0.394497 -2.927937
0.430514 -0.275986 -2.781148
0.069029 -0.183127 2.900192
0.302378 -0.219020 -1.982983
0.270836 0.333957 -2.791872
0.151301 0.470073 2.890617
0.018745 -0.247814 3.016896
0.192426 -0.302851 -2.146848
0.067021 0.454409 2.627635
0.411568 0.437534 2.542770
0.232938 0.233703 2.918311
-0.482858 -0.146417 2.267382
0.045429 0.002413 -1.964308
0.015895 0.383286 2.245594
0.341151 0.340361 2.438912
0.084299 0.016207 2.026232
0.247733 0.314675 -2.886412
-0.469000 0.258794 -2.337382
0.358557 0.268302 2.971202
-0.132717 0.394759 3.084587
0.065590 -0.362179 -2.663394
0.180423 0.372092 2.598266
0.317625 0.398538 2.538939
0.325413 0.334731 -3.010496
-0.057051 -0.364166 2.978934
0.057764 0.205349 -2.159550
-0.207262 0.054705 -2.378018
-0.008716 -0.448521 2.544714
0.229532 0.272866 2.986834
0.305360 -0.053251 -2.375321
-0.481877 -0.103468 2.267043
0.154446 0.137787 2.405133
-0.002579 0.201260 -2.039436
0.188822 0.044212 2.407185
-0.108651 0.453031 -2.817274
-0.387251 -0.067474 3.027984
-0.335896 0.233681 -2.653630
0.351609 0.257418 2.818934
-0.104080 0.192472 3.107698
-0.488416 0.450649 -2.783862
-0.278928 0.294560 3.117484
0.246187 -0.133118 -2.343706
0.022893 -0.157994 2.481172
0.354804 -0.455912 -3.033380
-0.446451 -0.146577 2.814033
0.405647 0.308763 2.822809
0.261264 -0.298325 -1.800475
0.014266 -0.213942 2.496617
0.416375 0.346838 2.946960
0.097317 0.453500 -3.131664
-0.141045 -0.022152 3.065809
0.054239 0.485530 -2.980549
-0.301020 -0.462642 -2.002311
-0.121174 0.164162 -2.827521
0.065409 -0.261880 -2.743399
-0.131359 0.374469 -3.047065
0.373152 0.370757 2.065473
0.234956 0.252022 2.495999
0.009232 -0.122057 -1.089597
0.364273 0.101785 2.708174
-0.096517 -0.288643 2.852408
0.065038 -0.177038 2.877252
-0.020569 0.202584 2.825204
-0.368163 -0.048728 -3.049546
0.462470 0.331761 2.859214
0.368983 -0.335033 -3.114842
-0.341622 0.228915 -2.383512
-0.377957 -0.181823 2.605171
0.090635 0.422015 2.939549
0.081679 -0.311481 2.678817
-0.144011 -0.015471 -2.891811
-0.049213 0.396365 2.924352
0.283555 -0.462101 3.114353
0.464839 0.290847 2.907817
0.202519 0.084130 2.533650
-0.008309 0.304277 2.847177
-0.303845 -0.059950 2.218710
-0.133179 0.427983 2.725479
-0.021160 0.301850 1.994707
-0.457142 -0.192569 2.824716
-0.000262 -0.285846 3.101389
-0.355168 0.414696 -2.275634
0.350084 0.259943 2.883821
0.359007 0.275842 3.105209
-0.329639 0.274652 -2.963321
-0.478427 0.073816 -2.988427
0.218555 0.287775 2.738906
0.025037 -0.139062 2.530132
0.418084 0.450770 2.886086
-0.349673 -0.113540 3.049379
-0.457256 0.268319 -2.305306
0.311476 0.101731 2.960745
0.055165 0.476118 1.006822
-0.075688 0.316344 -2.482429
0.325805 -0.393449 -2.989802
0.256209 -0.082937 3.051673
-0.016923 -0.125915 2.851352
-0.139810 -0.000565 -2.783455
-0.006934 -0.483490 2.774282
0.047544 0.256800 -3.078743
0.105222 -0.259777 -2.583647
0.022555 -0.256785 -2.918435
0.375467 0.361971 2.772317
-0.036384 0.239738 2.112845
-0.330066 0.227937 -2.698441
-0.041359 0.127652 -2.732978
0.126718 0.453314 2.393399
0.012682 -0.269830 3.066316
0.080428 -0.283132 -2.737681
0.158356 -0.232397 -3.099583
-0.313828 0.266951 -2.954595
-0.089075 0.184765 3.079838
-0.150517 -0.058994 3.009504
-0.096950 0.013929 2.987996
-0.266524 -0.210345 -2.577318
-0.010079 -0.404285 -2.947273
-0.363809 -0.037765 -2.692603
-0.122244 0.400428 3.116046
0.117693 -0.443995 -3.079325
0.465842 0.376823 2.832109
0.057977 0.274853 -2.691763
-0.126961 0.443237 3.121136
0.241004 0.213851 -1.382245
0.054815 0.465462 -2.778007
0.032290 0.444601 2.907083
0.038064 -0.082554 2.707877
0.499882 -0.442503 -3.123702
0.015940 -0.156589 2.683803
0.199999 0.206445 2.411600
0.275134 0.151026 -2.920037
-0.013026 -0.466317 2.888630
0.069232 -0.258247 -2.348635
0.016735 -0.282277 -3.063871
0.150262 -0.249960 -2.897038
0.271300 0.134590 -3.072431
0.194326 0.209295 2.199699
-0.442284 -0.142822 3.019694
-0.012674 -0.392393 -2.978587
-0.327148 0.224519 -3.021008
-0.087744 -0.118354 -2.433426
0.338195 -0.324747 1.712766
-0.163054 -0.345663 -2.324463
-0.035393 0.336880 -2.038319
0.016983 0.404044 3.128998
-0.193045 0.096641 -2.949909
0.150719 -0.018112 -2.370665
0.468631 -0.073187 2.456097
-0.461100 -0.075817 3.016565
-0.043906 -0.134625 1.339028
0.072593 -0.285601 -2.991646
-0.269561 0.214815 -2.712677
0.041900 0.297270 -3.138119
0.018364 -0.237315 2.950682
0.346090 0.254843 2.549324
0.360416 0.083389 2.685002
0.471277 0.338848 2.481937
-0.392244 0.297804 1.351478
0.079029 -0.297447 -2.851143
0.061020 -0.040244 2.548124
-0.485676 0.077005 -2.665078
-0.329182 0.226999 -2.649402
0.260448 0.234561 3.136855
-0.435911 0.135468 -2.980958
-0.012623 0.434540 -2.881997
-0.342121 0.229209 -2.501902
0.037567 -0.143493 -2.772729
0.246705 0.399739 2.909616
0.304074 -0.047787 2.697129
0.340742 0.429504 2.433635
0.223028 0.252511 -2.856538
-0.329485 0.226514 -2.833908
0.150576 0.330319 -2.667755
-0.039331 0.405493 3.011784
0.495185 -0.080202 3.091061
0.348829 0.341521 2.512539
0.026187 -0.239246 -3.073372
-0.249147 0.164854 -2.748031
0.151352 -0.245605 -2.891610
0.152491 0.145081 2.501126
0.235899 0.109118 -3.006739
0.066726 0.290576 -2.133793
0.001019 -0.427561 2.348932
0.254211 0.333205 -3.065112
0.279433 -0.079260 -2.669776
-0.105490 0.012208 3.011678
-0.353516 -0.099021 -2.319211
0.287694 0.096654 2.551956
