-0.023337 -0.055674 -3.099162
-0.388668 -0.334688 -2.835044
0.238081 0.247307 2.960994
-0.129657 0.163163 2.636291
-0.347772 -0.005405 2.302687
-0.248227 -0.424469 2.922120
0.354788 -0.242102 -2.489158
0.159533 -0.253085 -2.723184
-0.227494 -0.394284 2.402409
0.274952 0.285616 2.891628
-0.056231 0.172185 -2.978924
-0.295118 -0.184694 2.712113
0.423111 -0.360425 3.121478
-0.409677 -0.163799 -2.346086
-0.116517 0.419075 -2.835337
0.239683 0.196710 2.305012
-0.243864 0.388454 -2.867283
-0.188120 0.446265 -2.545446
0.180805 -0.479528 3.094491
0.129305 0.218939 -3.101148
0.132162 0.325057 2.606489
0.232796 -0.103595 2.924629
0.171736 0.464440 -2.273329
-0.357655 0.080304 -1.223957
-0.084928 -0.235866 -3.116834
-0.045117 0.179582 -2.977907
0.384371 0.048786 3.066094
0.169839 -0.131013 -2.500674
0.044839 -0.067567 -2.561912
0.499642 0.108161 -2.726798
-0.257414 -0.438093 3.056440
0.234532 0.210405 -3.064999
0.005839 -0.242860 -2.813311
0.432453 0.295076 -2.748802
-0.405775 -0.437164 -2.920752
-0.283972 0.410575 -3.096571
0.370866 0.360340 -2.318160
0.355211 -0.022358 -2.500025
-0.293847 -0.316861 -2.895688
0.226171 0.154975 3.025492
0.435091 0.295071 -2.973170
0.498386 0.119543 -2.756506
0.280942 0.087805 -2.963596
-0.441883 0.115230 2.678828
-0.181476 0.183396 -2.511581
-0.406051 -0.400808 -3.118076
0.377633 -0.499318 -2.967581
-0.027876 -0.236011 -3.106420
0.287134 0.257427 3.110771
-0.423985 0.362984 -2.164459
0.378597 -0.311575 -2.816024
0.436289 0.169136 2.574929
0.274606 0.497707 -2.686555
0.108960 -0.240789 2.872969
-0.442712 0.042460 -2.517608
0.052517 -0.135872 -2.533679
-0.214060 -0.356798 3.017736
0.017417 -0.294535 -2.956727
-0.057675 0.172064 2.792164
-0.048966 -0.141199 -2.910398
-0.164420 0.278709 -2.613726
0.129300 0.267432 2.843743
-0.134277 0.104513 3.103033
0.308219 0.036881 -2.737598
0.074416 0.356775 2.015785
0.278587 0.275285 2.709707
0.373354 0.329955 -2.728322
-0.210568 0.219513 2.659094
0.280227 0.124594 -3.039691
0.430459 -0.026969 2.900141
-0.449009 0.002916 2.277573
-0.099738 -0.160316 2.860460
-0.272070 -0.229319 2.991431
0.318585 -0.172617 3.007073
-0.093246 0.188505 -2.911386
-0.396815 -0.196537 3.065246
0.159977 -0.275340 2.813786
-0.031471 -0.294081 2.792032
-0.002326 -0.338292 -2.310771
-0.101910 0.402177 -2.662563
0.424314 0.289900 -2.427977
0.044600 -0.101774 -2.292346
0.209458 -0.408959 2.762109
-0.256196 0.001930 -2.567576
-0.205667 0.092997 -2.926386
-0.212674 -0.347958 2.887654
0.052446 0.109098 -2.751748
-0.017186 -0.202059 2.910837
0.278113 0.292481 3.031408
0.224761 -0.345862 2.856748
0.254724 0.098595 -3.127766
-0.240809 -0.372397 2.677071
-0.062508 -0.114603 -3.012444
-0.146997 0.180160 2.619472
-0.301852 0.445427 1.076509
0.434885 0.291134 -2.662751
-0.078625 0.307942 2.850939
-0.197261 0.036714 -2.699220
-0.106873 0.457999 -3.109117
-0.308431 -0.324753 -3.008690
0.388774 0.245297 2.471203
-0.439137 0.142865 2.534402
-0.349937 -0.414999 2.077944
0.238677 0.190179 2.485380
0.362233 0.320138 -2.125388
0.115149 -0.281735 2.447401
0.039252 -0.332090 -2.780095
-0.047666 0.370660 -3.101473
-0.056339 -0.088511 -3.051296
0.379361 0.489722 -3.079952
-0.458959 -0.412881 -2.719791
0.118989 0.409208 -2.478534
-0.421099 -0.238001 -2.899610
-0.303574 0.481985 2.297338
0.375904 -0.409001 3.017096
0.379152 -0.476540 -1.656463
-0.307423 0.255564 2.740477
-0.213307 -0.350250 3.025103
0.230268 0.393003 2.094395
0.234917 0.084314 2.973046
0.071062 0.394275 -2.766074
-0.243702 0.267646 -3.095300
0.458099 -0.376573 -2.720405
0.247954 0.223443 -2.092897
-0.496425 -0.177393 -2.807095
0.486656 0.093280 -2.671548
-0.182034 0.297623 2.847194
0.262497 -0.240811 2.662943
-0.255396 -0.445750 2.634602
-0.471537 0.280295 2.465346
-0.118832 0.314655 -2.405318
-0.413842 -0.484091 2.500612
0.403013 0.361119 -2.955047
0.374635 0.358925 -2.654496
-0.337409 -0.491944 -2.558439
-0.315962 0.146907 3.051098
0.177127 0.451342 -2.115765
-0.125209 0.469976 -2.711508
-0.077874 0.276259 2.984138
-0.425149 0.157372 2.571124
-0.163203 -0.342567 2.833778
0.359591 -0.314692 -3.081705
0.494906 -0.346923 -2.712380
-0.085494 0.069046 2.742270
0.425322 0.302196 -2.647287
-0.291008 -0.313893 -2.541970
-0.374347 0.459212 -2.549000
0.021759 0.424091 1.723157
-0.109739 -0.404456 2.987262
-0.012477 0.152616 2.724301
0.097197 0.262983 -2.453969
0.481645 -0.165532 -3.045283
0.268438 0.259489 2.864885
-0.488679 0.238262 -2.075454
-0.166488 -0.336384 3.126576
-0.180575 0.201992 2.739830
0.081682 -0.299735 2.870283
0.090221 -0.339013 -2.426888
-0.205803 -0.383493 2.692583
-0.179130 -0.210806 1.346363
-0.190060 -0.044538 2.482358
0.004905 -0.273779 -3.008061
0.023897 -0.303713 -2.895296
-0.022470 -0.223710 -2.925142
-0.192891 -0.359171 2.445541
0.246156 0.270022 -3.111560
0.271702 0.125144 -2.992627
0.176594 0.409931 2.998235
-0.244170 0.262565 -2.868153
-0.429981 -0.197704 3.082877
-0.455108 -0.073990 2.542065
0.210681 -0.200545 2.442003
0.119816 -0.329355 2.987122
0.466097 0.097723 -1.897521
-0.072770 -0.185809 -2.408585
-0.484626 0.398223 3.059001
0.366083 -0.337413 -2.708806
0.355085 -0.305271 -2.840885
0.400245 -0.398979 -3.125713
-0.205164 0.206124 -3.017828
-0.236215 0.386222 -2.927624
-0.232748 -0.423024 2.600158
-0.142362 0.322024 -2.452347
-0.144805 0.169387 2.939426
0.369361 -0.454282 3.125851
-0.182615 0.185084 2.653033
0.086041 0.494793 2.798452
0.161616 0.282052 2.268107
-0.020589 0.485103 2.924470
-0.112323 -0.483139 -3.104567
-0.204274 0.129319 -2.470321
0.278572 0.121057 3.078407
-0.262167 -0.443438 2.729825
-0.108783 -0.488729 2.865380
0.181572 -0.499650 3.071935
0.376656 0.150358 -2.165122
-0.196736 0.220634 2.977910
0.236453 -0.059638 2.750808
-0.086874 -0.256385 -3.000305
0.305013 -0.218373 -2.924330
-0.083341 -0.225699 -2.831067
-0.016284 0.457334 2.657896
0.245806 -0.234500 2.898126
0.312462 -0.259820 3.085316
-0.211663 0.289939 2.948600
-0.241421 0.263661 -3.073827
0.309418 -0.216538 -2.878547
-0.140710 0.168504 -3.015992
0.129069 0.157971 -2.590327
-0.406407 0.016276 -1.962831
-0.105334 0.160099 -2.673544
-0.444526 0.038013 -2.554355
-0.078363 0.296880 2.984149
-0.040849 0.365513 2.510978
-0.469100 0.409144 -2.721175
-0.125303 0.087429 2.836537
0.372068 -0.451880 2.992538
0.228332 0.151669 3.066250
-0.100407 -0.490249 -3.113430
-0.079273 -0.162732 -2.697787
-0.259591 0.182765 -2.588824
-0.199146 -0.356541 2.354293
-0.109430 -0.223988 -2.967256
-0.415510 -0.478630 2.196802
-0.401337 -0.200764 3.066528
0.377989 0.240487 2.438712
-0.108702 -0.481308 3.009577
-0.118674 -0.476410 -2.806145
0.156014 -0.099322 -2.918958
0.070533 0.485525 -3.068004
0.226027 0.240277 -2.185921
0.411226 -0.176622 2.400712
-0.134949 -0.377670 -2.948283
-0.426380 0.302718 2.575919
-0.314946 0.182221 2.598065
-0.267106 0.225992 -2.135387
0.306660 0.231056 2.342227
0.204881 0.441587 -1.811370
-0.129010 -0.100504 -2.814768
-0.492430 0.244266 -1.993956
0.243200 -0.058973 2.809669
-0.403131 -0.353258 -3.134604
-0.099852 -0.357231 2.831369
-0.205021 0.107592 -2.942511
0.109495 0.228043 -2.775133
-0.251304 0.280845 -3.011333
0.169031 0.087083 2.718750
0.459494 -0.356417 -2.886486
-0.200447 0.000309 -2.402339
0.374936 0.258149 -2.956848
0.318378 0.173254 -2.572240
0.471366 -0.470052 -2.527108
-0.422994 -0.018291 -2.757113
0.121982 0.174903 -2.769759
0.137742 -0.238318 3.118109
-0.033971 0.212090 -3.019405
0.177926 -0.498351 2.646752
0.347486 -0.006708 -2.945702
-0.452656 0.066560 -2.693902
0.265845 -0.387095 -2.999255
-0.491896 -0.175375 -3.046842
-0.093853 -0.157239 -3.098282
-0.047702 0.129680 2.682075
0.370415 0.104269 -2.180642
0.486696 0.003745 2.934748
-0.476395 -0.115391 -3.092079
0.122096 -0.380862 3.029030
-0.367676 0.319794 2.504682
-0.207114 -0.368902 2.165419
0.482599 -0.157207 -2.902094
-0.400870 0.255059 2.900616
-0.231652 -0.424886 2.420802
-0.340978 0.021702 2.483563
-0.073533 -0.187299 -2.530665
0.399932 0.247674 -2.720990
0.308025 0.426455 -2.384596
-0.480051 -0.385151 -2.377121
0.257855 -0.285609 2.615693
0.182396 -0.492925 2.545612
0.332934 0.367922 -1.726061
-0.192669 0.189776 -2.853938
0.262970 0.415654 -2.971362
-0.304676 0.155778 2.542879
0.152533 -0.383792 -2.744982
-0.207903 0.126664 -2.719028
0.330227 -0.473292 -2.245698
-0.111561 0.426807 1.744836
-0.074072 -0.189195 -2.679470
-0.074740 -0.108314 -2.871478
0.490773 0.088217 -2.771101
0.075838 0.484283 2.990198
-0.224738 0.258572 -2.830875
0.225459 -0.337801 3.000716
-0.498376 -0.178826 -2.928329
-0.069891 0.158999 3.110226
0.294510 -0.139150 -2.673567
-0.381585 -0.350065 -3.010491
0.296643 0.441717 -2.523079
0.198770 -0.491426 -2.464724
0.324021 -0.192091 -3.093740
0.006009 -0.277224 -3.076758
0.354961 -0.002128 -3.022799
-0.078977 -0.178909 -2.576654
-0.082461 -0.134864 -2.790220
-0.316443 -0.019284 -1.939052
0.409371 -0.288362 -2.025248
0.105113 -0.238874 2.588291
0.031757 0.220075 -3.119504
-0.415376 -0.473969 2.357647
0.288854 0.294133 2.782671
0.252816 -0.449244 2.615126
0.229012 0.054570 3.038415
0.406668 -0.132228 2.919363
-0.205542 0.307631 2.813358
-0.474304 0.188699 3.136956
-0.047339 0.268104 -3.051703
0.144850 -0.389882 -2.977799
0.135043 -0.433740 2.918624
0.326268 0.089813 -2.169041
0.181222 0.409000 2.858268
-0.174095 0.083312 2.300835
-0.059503 0.106788 2.439834
-0.064277 -0.195151 -2.417651
0.421944 -0.111334 -2.836886
-0.406813 -0.392286 3.035443
0.427997 0.274917 3.119147
-0.071942 -0.191083 -2.352049
0.121369 0.286913 -2.774855
0.413157 0.305349 2.790780
0.151681 -0.218812 -1.447625
-0.319390 0.257883 -3.097621
-0.107008 -0.480100 3.043322
0.038732 -0.103062 -2.618943
0.258880 -0.283015 3.078859
0.216264 0.020077 -2.858320
0.282414 0.142372 -2.971109
0.290841 0.127017 -2.623072
0.474533 -0.207538 2.464136
0.071924 -0.318605 2.382929
0.029611 -0.328348 -2.801260
-0.069296 -0.193299 -2.375734
-0.307165 0.248237 -2.264282
0.361339 -0.305675 -2.934510
0.126138 0.279080 2.873464
0.037027 -0.246442 -2.418575
-0.318314 0.034231 -1.423224
0.304954 0.153713 -3.050713
-0.083800 -0.440052 -3.135113
0.432523 -0.014031 2.954325
0.232779 -0.058460 2.748693
0.454717 0.331853 -1.493751
0.293505 0.115982 -3.097292
-0.126662 -0.306900 -2.698089
-0.094805 0.293967 -2.203224
0.036734 0.056847 -3.081976
0.152121 -0.259959 -2.672792
-0.019246 -0.493043 2.819979
-0.132981 -0.238851 2.921863
-0.250807 -0.427755 2.713987
-0.160723 -0.339510 -2.954597
0.487395 0.358085 -2.364243
0.310150 -0.259004 -2.698679
0.189093 0.482412 -3.053529
-0.419487 -0.479686 2.326171
0.359244 0.328933 -2.221875
-0.472638 0.002021 -2.505458
-0.198996 0.193015 -3.135382
0.137272 -0.252122 -3.111576
-0.086905 0.290993 2.834236
0.214155 0.249501 -2.963729
0.172995 0.300904 2.483957
0.151853 -0.274521 -2.466181
-0.498096 0.067150 2.672336
0.493893 -0.330562 -2.099715
0.101556 -0.297856 2.516253
0.233314 0.085815 2.955829
-0.165998 -0.341844 2.962940
0.272823 0.312815 -2.819301
-0.391853 -0.363733 2.827029
0.151462 -0.384119 -2.677015
-0.479820 -0.004293 -2.699617
0.332369 -0.231122 -3.072208
0.184361 -0.484322 2.829970
0.376506 0.014235 -2.187717
0.167049 0.466206 3.110929
0.322540 0.269580 2.188832
-0.226062 -0.023574 -3.050725
0.498374 0.039473 2.788030
0.171816 0.409276 2.847304
0.295992 -0.401737 -2.775371
-0.181003 0.070274 2.582073
0.210828 -0.358883 2.644999
0.442838 0.027427 -1.626681
-0.257002 -0.015690 -2.699184
-0.470377 -0.133213 2.604434
-0.175857 0.199726 2.669082
0.103565 0.411377 2.028175
0.027935 0.206827 3.126513
-0.192458 0.182858 -2.994811
-0.081890 -0.165043 -2.843643
