0.316040 0.097056 3.086996
-0.004629 -0.434680 2.429622
-0.380107 0.390131 -2.753245
0.251469 0.054496 -2.939913
0.011470 -0.188310 2.738167
0.100416 -0.241019 -2.965468
-0.280012 -0.107304 2.816822
-0.441668 -0.166080 -3.053842
0.118282 0.386647 2.712745
-0.323271 0.303246 -2.991137
0.318272 0.315423 3.053006
0.112345 -0.237396 -2.863834
-0.166727 -0.392833 3.124629
-0.093470 0.093330 -2.881592
0.219405 -0.343531 -2.322424
-0.496264 -0.123354 2.254935
0.164142 0.461191 -2.715436
0.120196 -0.274565 -2.504763
-0.425760 0.396736 3.018594
-0.478766 0.308716 -2.738272
0.476011 0.093674 2.666285
-0.353685 -0.168365 3.015051
0.489684 -0.268403 -2.374173
-0.228926 0.463279 -2.231962
0.314462 -0.129505 -2.594243
0.228590 0.430484 -1.995364
-0.207506 -0.026592 2.935689
-0.482389 0.094764 -2.309514
0.376210 0.183885 -2.552061
-0.217700 0.412487 -2.288713
0.109613 -0.250396 -2.822600
-0.354519 0.257098 -2.889498
0.341441 -0.383411 -2.779307
-0.273732 -0.416945 -2.266161
-0.004360 -0.330470 -3.104176
0.069583 0.437851 -1.844670
-0.294784 -0.389009 -2.464603
-0.242288 0.080469 -2.905663
0.054911 -0.093258 -2.486061
-0.381494 0.262078 -2.467354
-0.279663 -0.413445 -2.051939
-0.207130 0.406402 -2.450316
-0.314583 0.175478 -2.494686
-0.084110 0.150422 -2.675904
0.221824 0.260975 3.022169
0.002458 -0.387990 -3.032404
-0.206708 -0.472205 3.049843
0.375684 -0.125201 -2.786357
-0.299125 0.276972 -2.822193
-0.118146 -0.374717 -2.927670
-0.217430 -0.209082 -2.710261
-0.195281 -0.000848 3.029847
-0.359794 -0.313850 -2.506968
0.479408 -0.404844 2.732384
-0.073353 0.219853 -2.927930
0.436895 -0.076175 2.774970
0.191678 -0.436014 3.133914
0.382738 -0.102229 -2.514869
0.355433 0.103161 -3.139422
0.317303 -0.015990 -3.031287
0.241808 0.328152 -3.119586
-0.475694 0.175499 2.642869
0.271892 0.016475 3.080798
-0.305670 0.180356 3.073812
0.356267 0.055581 2.405058
0.481347 0.007547 1.953308
-0.224840 0.361280 2.670136
0.200698 0.170002 -2.998187
-0.314162 0.182148 -2.914053
-0.224968 0.187721 -2.680041
-0.111308 -0.233479 2.294499
0.261536 -0.356456 2.376500
0.080692 -0.428589 2.116399
-0.292829 -0.051995 -2.916371
0.286106 0.323586 -2.926055
0.016338 -0.216787 -3.082149
-0.435296 -0.253168 -2.735333
0.333964 -0.491718 2.486151
0.334445 -0.091359 -2.498684
0.277768 0.498868 2.889443
-0.242322 -0.462782 -2.138822
0.388022 0.130219 -2.789594
-0.443726 0.358732 2.605486
0.145979 0.115982 -2.876161
0.197784 0.164601 -3.080469
0.192375 -0.445900 2.895628
0.435064 0.241902 -2.375102
0.378569 -0.122416 -2.880768
-0.326403 0.162058 2.772240
-0.428672 0.435170 2.456746
-0.364775 -0.045069 2.661102
-0.012414 0.291715 2.301776
0.341812 -0.010398 -2.805067
0.252319 0.065426 3.113532
-0.442880 0.051663 1.209290
-0.195248 0.433195 -3.135877
0.309587 0.171282 2.742487
0.210389 0.119300 -2.874473
0.289631 -0.419455 -2.698766
0.095542 -0.230275 -2.794232
-0.277605 -0.004213 2.802653
-0.064310 -0.040966 2.701650
-0.087557 0.261777 2.185682
-0.486916 -0.124462 2.523758
-0.339154 -0.418730 -3.118698
0.479878 -0.473275 3.067197
0.390645 -0.114016 -2.972356
0.343498 0.224468 2.838134
0.284619 -0.263735 2.359832
-0.208552 -0.465494 3.011513
-0.045201 -0.463135 3.090827
0.451981 -0.379053 -1.820881
-0.031184 -0.087892 -2.916312
0.051578 0.262012 2.417837
-0.218198 -0.482434 2.793879
-0.427768 -0.123240 -2.650897
0.047219 0.049595 2.527430
0.190617 -0.446161 3.051731
0.461327 0.056435 2.524177
-0.372794 -0.007951 2.760359
0.464502 0.453170 -2.311176
0.163280 0.350672 -2.787696
-0.169027 -0.194665 -2.746177
0.389952 -0.385237 -1.976526
-0.106316 -0.284628 2.472347
-0.107341 0.091114 3.097781
0.227702 0.260309 2.958931
-0.325753 -0.217780 -2.722686
0.098192 0.335408 2.579831
-0.093636 0.118432 2.971023
0.262503 0.401529 2.913406
-0.117501 0.228087 2.106858
-0.192922 0.411039 3.060340
-0.295731 -0.390146 -2.378959
-0.018778 -0.222548 -2.648476
0.015734 -0.049020 1.627547
0.489369 -0.276506 -2.379917
0.281499 0.435576 3.075368
0.310065 0.156882 2.791838
-0.060596 -0.043184 2.621445
0.227334 -0.492424 2.684598
-0.261241 -0.156742 -2.643842
-0.108880 -0.397143 2.660733
0.324095 -0.009306 3.013234
-0.233422 -0.473269 -2.306027
0.082952 -0.174940 -1.816957
-0.023766 -0.315255 -2.639585
0.349027 0.220210 2.677247
0.303881 -0.452055 3.044896
0.374519 0.166181 -2.574850
0.455523 0.464718 -2.469382
-0.103080 -0.111133 -3.116751
-0.341773 0.127454 3.122723
-0.287092 -0.400150 -2.281703
0.189257 -0.499624 2.558131
0.220978 0.110431 2.931583
0.475238 -0.434504 2.678833
0.491751 -0.237761 -3.006510
0.090629 -0.173370 2.578558
-0.344386 0.407556 1.154209
0.131970 -0.311211 2.426131
0.386132 -0.109320 -2.819134
0.388886 -0.141938 -2.474166
0.280972 -0.466548 1.602401
0.100842 0.349525 2.257847
0.462744 -0.065208 2.236680
-0.314874 0.184917 -2.816592
-0.415184 0.334867 2.840414
0.165290 0.345046 -3.013471
-0.027398 -0.105249 -2.821301
-0.061009 -0.203184 3.117127
-0.445557 -0.434138 2.477864
-0.471267 -0.262450 -3.037293
-0.280802 0.400640 -2.814181
0.289165 0.020596 -2.745162
-0.111541 0.230422 2.620928
-0.249219 -0.183152 -3.008096
-0.244465 -0.189081 -2.845167
-0.197494 -0.288267 -2.848317
0.198780 0.228447 -2.977174
0.164016 0.375893 -3.137048
0.127635 -0.444504 -2.850387
0.260476 0.414843 -2.907641
0.256913 0.062121 2.985283
-0.212642 -0.472985 3.007693
0.221666 0.261606 2.977215
0.372905 -0.304125 -1.894873
0.462570 -0.006613 2.412564
0.360259 0.326285 2.512615
0.289875 0.418588 2.961677
0.210089 0.165139 -2.895097
-0.308577 0.177213 -3.107671
0.093232 0.342664 2.338836
0.293547 0.416782 2.938939
-0.438935 0.346604 2.712177
-0.372875 0.474342 -2.341805
0.217599 0.222707 3.139247
-0.354859 -0.139188 3.091645
0.315982 -0.144981 -3.012330
-0.288739 -0.142323 -2.594636
0.316421 -0.128810 -2.724206
0.385854 0.389874 2.974506
-0.337313 -0.266045 3.060289
-0.286210 -0.149052 -2.882033
0.200575 0.252174 -2.858091
0.169064 0.341244 -2.793443
-0.282133 -0.142373 -2.687358
0.257491 0.068866 -3.140631
-0.470134 0.264667 -2.803624
-0.272357 0.394258 -2.660308
0.273429 0.277454 3.133467
-0.067753 0.202215 -3.008711
0.305380 0.157572 2.794138
0.322250 0.163514 2.549293
-0.069056 0.354871 2.770649
0.292767 0.078795 -3.123877
-0.210972 -0.470624 2.862906
-0.377663 0.258678 -2.714112
0.295681 0.412628 2.404307
0.305659 -0.010177 -3.059525
0.032320 0.464943 -2.174446
0.087051 0.343203 2.385937
0.248934 -0.078042 -2.594671
-0.050659 0.391150 -2.741856
0.012920 -0.212874 -2.998778
-0.283567 0.001484 2.240853
0.278425 -0.413372 -2.777097
0.281279 0.419486 2.812778
-0.448567 -0.105469 3.124894
0.464091 0.393744 2.689961
-0.415852 0.424932 -2.696088
-0.193108 -0.172993 -2.755714
0.274038 -0.369605 -2.765266
-0.031906 0.163895 2.873609
0.020339 -0.052663 2.979391
-0.173646 -0.377729 -2.025435
-0.295755 0.242848 -2.784116
0.493529 -0.274423 -2.688741
0.258774 0.051881 -3.007460
-0.166512 0.497245 -2.798062
-0.360197 -0.164969 2.709220
0.015550 -0.371446 3.112288
0.302776 -0.456120 -3.134736
0.205402 0.157128 -3.039644
0.437559 0.477729 -2.061587
0.157040 0.357960 -2.672203
-0.444386 -0.062634 2.969064
-0.172161 -0.177837 -2.200843
0.164505 0.176838 -2.543715
-0.312227 -0.466805 -2.494774
-0.308839 0.343215 -2.699322
-0.205278 -0.211178 -2.122835
-0.030726 -0.065873 2.859292
-0.481881 0.293296 -2.784916
-0.451101 -0.166232 3.094407
0.345014 0.065231 2.575097
-0.436180 0.350252 2.806248
-0.244341 0.066348 2.946668
-0.122167 0.010250 2.351728
-0.338579 -0.278299 -3.004839
-0.082032 -0.122307 -2.915758
0.263072 -0.353596 -3.111147
0.338095 -0.029192 2.607714
-0.318692 0.352227 -2.279829
-0.110786 -0.092403 -3.126778
-0.074849 -0.026116 -2.445101
-0.462349 -0.380973 2.812930
0.014816 0.182533 -3.041621
0.100071 0.346523 2.332560
-0.101987 -0.186936 -3.035329
-0.003276 0.159637 2.339164
0.128808 -0.432397 -2.661295
0.030176 -0.157451 3.051831
0.251231 0.038566 -2.718690
-0.272367 0.391922 -0.902884
-0.356717 -0.348377 -2.896187
-0.338185 -0.025716 -1.119040
0.482654 0.383743 2.068564
-0.421650 0.383127 2.965961
-0.415244 -0.328618 -2.338780
0.222207 0.201053 3.050869
-0.321818 0.452205 -3.011810
0.029927 -0.005982 -2.419558
-0.449981 -0.310692 -2.487313
0.203660 0.179942 -2.868282
-0.333450 -0.226693 -2.611835
0.238419 0.261296 -3.077530
0.293977 0.002523 -2.892682
0.196870 0.141762 -1.446479
-0.103980 0.094591 -2.911844
0.471834 0.410215 2.565762
0.182944 0.328653 -2.894826
-0.407627 -0.326072 -2.508765
-0.096651 -0.268688 -3.048574
0.325577 0.023395 2.810856
-0.296382 -0.060044 -2.964088
-0.007459 -0.169060 -2.763877
-0.354680 -0.343782 -3.081507
-0.449400 -0.372248 2.804706
-0.265866 -0.181784 -3.062642
0.383533 -0.116369 -2.763911
-0.237948 0.070066 -2.905703
0.302492 -0.017211 -2.806830
0.253539 -0.276707 3.033788
-0.166887 0.359586 -2.417077
-0.279071 -0.027506 -2.847437
0.476037 -0.415511 2.660210
0.445413 0.197498 -2.920852
-0.053845 0.342926 2.453299
-0.330075 0.136077 2.908656
-0.347345 -0.448763 -2.701960
-0.368482 -0.006506 2.847319
-0.183768 -0.122238 2.958729
0.205732 0.248034 3.073370
-0.082886 0.156739 -2.998315
0.364045 0.250980 2.789651
0.468378 0.399686 2.589374
0.494404 -0.259366 -2.625462
-0.290398 0.253753 -2.608964
-0.407626 0.355421 2.996088
0.180485 -0.119697 2.676419
0.328319 -0.014213 3.066099
0.300866 -0.005061 -3.037037
-0.183827 -0.110909 2.739336
0.007526 -0.366556 -3.053067
-0.218611 0.475233 -2.700441
0.293889 -0.002111 -2.860075
-0.478907 0.314170 -2.815756
-0.211900 0.121966 2.789019
0.318387 0.103102 -1.647284
0.038370 0.065082 2.638847
0.287651 0.410753 2.913759
0.379452 0.130295 -2.244075
-0.329066 -0.226429 -2.954774
-0.398456 -0.080066 2.687324
-0.305616 0.209368 -2.928577
-0.320548 0.147883 2.855279
-0.160294 -0.378887 -3.018848
0.424512 0.481867 2.905191
0.385172 -0.110166 -2.668323
0.288376 0.007747 -2.542703
0.108279 0.254160 3.058449
-0.237090 -0.194249 -2.563197
-0.463240 0.331471 -2.889168
0.379741 -0.038562 -3.035009
-0.306469 0.421824 -2.142321
-0.284946 0.234907 -2.900517
0.300163 0.412985 2.707497
-0.173484 -0.144434 3.112898
-0.362405 -0.159454 3.094141
-0.310211 -0.340682 -2.545284
-0.374309 0.325009 -2.763061
0.272502 -0.363309 2.352081
0.095262 -0.354281 -2.190304
0.432817 -0.065687 2.607565
-0.435912 -0.192636 -3.038243
0.357735 0.327472 2.677317
0.259550 -0.107321 -2.852369
0.095877 0.345970 2.691520
0.210114 -0.151084 -2.699408
-0.266871 -0.304128 -2.050298
-0.286788 -0.156226 -2.944566
0.271071 -0.154660 -1.842442
-0.095299 0.259595 2.615564
-0.331876 -0.419365 -2.660031
-0.078582 0.028244 2.904489
0.216239 0.211562 2.901364
-0.455893 -0.193372 3.016737
0.300958 0.156339 2.853513
-0.382832 0.274775 -2.652828
0.462464 0.000912 2.329307
-0.442894 -0.175469 3.083682
-0.104721 -0.029080 3.076917
-0.263548 0.008774 -2.138064
0.397496 -0.114301 -1.569156
-0.373300 -0.040526 3.130988
0.200732 -0.199473 -2.550866
-0.315660 0.337468 2.827374
-0.023527 -0.213669 -2.601752
-0.439035 -0.309816 -2.860553
-0.078284 0.076671 -2.966302
-0.257672 -0.203399 3.081980
-0.435314 0.358995 2.665156
-0.292839 0.263260 -2.990760
-0.433343 0.355066 2.758835
-0.369735 0.010802 2.925110
0.182168 0.047483 -2.738301
-0.108654 -0.092860 2.947842
-0.414697 0.394698 -2.769666
-0.353565 -0.213653 -1.925840
0.178909 -0.137257 2.506977
-0.401798 -0.478071 2.505761
0.395275 0.428911 -1.398795
-0.025344 0.330055 -2.213934
-0.081807 -0.247286 -2.958022
0.216147 0.148490 -2.751755
0.164887 0.002942 2.216746
0.439367 0.201218 2.685381
0.213633 0.222984 -3.111056
0.294313 0.006265 -3.027771
