0.154573 -0.228517 1.995560
0.226929 0.291021 2.529049
0.110965 -0.257163 -2.482187
0.472739 0.431165 -2.554463
-0.215306 0.354045 -2.747358
0.321438 -0.007650 2.237813
-0.232049 0.329075 -3.096248
-0.443704 0.458255 -2.738551
0.127102 -0.412534 -2.140730
-0.182671 -0.029504 -3.005963
-0.445498 0.466194 -2.507736
0.327614 -0.006306 3.138204
-0.428037 -0.486055 2.990009
-0.197400 0.141443 2.452939
0.175461 0.361118 -2.287566
-0.364098 0.308776 -2.848638
0.199324 0.391050 -2.928485
0.322608 0.001126 -2.840406
-0.122536 0.290500 2.995326
-0.162663 0.317444 2.820386
0.148684 -0.267842 -1.640701
-0.273047 -0.055254 2.623852
0.454796 -0.020508 -2.894960
-0.112641 0.275672 -3.032500
0.422180 -0.261208 2.271571
-0.098779 -0.076896 -2.155412
0.091699 -0.155694 -3.107054
-0.467722 -0.459407 -2.761674
0.417796 -0.034068 -2.182541
-0.015736 -0.491183 -2.781427
0.006120 0.009500 -2.932320
-0.380122 -0.239255 -2.769726
-0.392221 0.458423 2.928890
-0.432238 -0.178559 -1.813002
0.167044 0.164571 3.104087
0.474274 0.442606 1.181038
-0.260288 0.216595 -2.485132
-0.383823 -0.095052 3.079695
0.216480 -0.160316 -2.992664
-0.454325 0.094933 -3.068587
-0.141394 0.421048 2.705026
-0.078671 -0.409408 -2.886048
-0.093435 -0.275411 -3.110086
0.058859 -0.386216 -2.639925
-0.475377 0.347056 -2.887070
-0.031485 0.406079 3.125550
-0.185828 0.496971 -3.105796
0.276871 0.446824 2.273627
-0.213248 -0.491469 -2.636758
-0.228966 0.472740 2.620973
-0.235345 0.010138 -3.054542
0.113554 -0.269437 -3.085944
-0.428570 -0.457073 2.957392
-0.255665 0.455913 2.797697
0.192070 0.252822 2.794705
-0.392669 -0.087663 -2.825811
0.065354 -0.261518 -2.325228
0.466753 -0.122261 3.034795
-0.402755 0.004076 -3.062483
-0.494048 -0.187237 -3.046847
0.303909 -0.424153 -2.701628
-0.428263 0.492848 3.045862
-0.434039 -0.262087 2.844523
-0.060496 0.481965 2.752020
-0.496938 0.385357 -3.038909
0.470084 -0.050371 -2.911181
-0.241062 -0.318944 2.693664
-0.477517 0.382421 -2.877309
-0.033938 0.446970 3.113842
-0.177372 -0.200767 -2.061629
-0.386971 -0.178719 2.839370
0.122235 0.405648 3.092308
0.228308 -0.142488 2.872837
-0.434456 0.017560 -2.598413
-0.448434 -0.447341 3.070332
-0.096644 0.062371 -2.223951
-0.471972 -0.204759 -2.844316
0.168089 0.099955 -2.762675
-0.452776 -0.099534 -2.997518
-0.434630 -0.307098 3.071672
-0.345135 -0.255553 -2.673526
-0.482662 0.385243 -3.127372
-0.322141 0.145367 -3.135728
0.476785 0.241808 3.094184
-0.477949 0.380738 -2.707689
0.444043 0.328577 -2.935721
-0.362329 0.407791 2.323739
-0.470045 0.380686 -2.666149
-0.256264 -0.410974 -2.864533
-0.204875 0.380823 2.690558
-0.188048 -0.496539 3.057418
-0.101263 0.275341 2.687521
0.443105 -0.268303 -2.602470
-0.470833 0.455501 3.129387
-0.231510 0.489254 2.589400
-0.032079 -0.335808 2.866610
0.409925 0.085636 -3.084936
-0.469713 0.390360 -2.927786
0.332626 0.045072 3.132566
0.398688 -0.228764 -2.383434
-0.132818 0.496159 2.643244
-0.026249 -0.149525 1.789034
-0.237927 0.045391 2.241722
-0.232763 0.015722 -3.005752
-0.068968 -0.490825 -2.829837
-0.265519 0.228927 -2.501198
-0.442541 0.442879 -2.984446
0.498286 -0.070171 2.967998
0.406457 0.387456 2.672769
-0.116347 -0.449790 2.509907
0.033873 -0.120743 -2.334477
-0.437990 -0.264982 2.680524
0.184796 0.355253 -2.174108
0.159766 -0.053518 -2.151608
-0.282661 0.335916 2.913145
-0.480954 0.431065 -3.066437
0.048073 -0.048309 2.943310
0.042518 0.335292 2.350203
-0.370449 0.457139 -3.109848
-0.118581 0.276044 -3.130373
0.218723 -0.364487 2.877515
0.422843 0.208535 2.665226
-0.079810 0.235800 2.321883
-0.443173 -0.302410 -3.046297
-0.229520 0.457319 2.666648
0.067868 0.072038 -2.775957
0.249869 0.075333 -2.736357
-0.078932 -0.077457 -1.874522
0.040869 0.455412 -2.511881
0.035127 -0.409453 2.451712
-0.472994 -0.369370 2.737406
0.007145 -0.457719 2.493383
0.023184 -0.274772 -2.642089
-0.197885 0.332972 2.865650
-0.246993 0.184217 2.493396
0.210323 -0.418606 3.102243
-0.474659 0.005917 2.912836
0.404049 -0.243267 -2.671325
-0.434346 -0.276276 2.975305
0.206921 -0.446108 3.100502
-0.480184 0.423014 -3.094562
-0.043367 -0.388517 3.072560
-0.057005 -0.007504 -2.955400
-0.470475 0.013795 3.015427
-0.267823 0.428888 -2.365272
-0.110662 -0.466662 2.883805
0.164809 0.172197 -2.856278
-0.441928 -0.321888 -2.978990
0.053767 0.465997 1.843217
0.435667 0.441652 1.769131
-0.448306 -0.266310 3.133971
-0.470643 0.240183 -2.615421
-0.138382 0.399494 2.551625
-0.118127 -0.031542 -2.540246
0.375117 0.050588 1.652002
0.415897 -0.315702 -2.347078
-0.351295 0.260987 -2.337337
-0.394678 0.085985 2.214345
0.258709 -0.160937 -2.770133
-0.084796 -0.258615 3.078681
0.409415 -0.216055 -2.864449
-0.477785 -0.310092 2.494588
0.043593 -0.069579 2.588263
0.172521 -0.177474 -3.007519
-0.442230 -0.422243 2.494012
-0.362018 -0.145658 2.302738
-0.172655 0.020183 -2.848700
-0.276998 0.132010 2.566968
0.070575 -0.266939 -2.531248
0.071272 -0.267679 -2.298203
-0.175431 -0.474718 -3.044572
-0.346517 -0.074515 2.754863
-0.427058 -0.485186 -3.094650
-0.053376 -0.112336 2.836132
0.004240 -0.123653 2.235099
-0.061515 0.223118 -2.785559
-0.108812 -0.453935 2.717015
-0.319526 -0.112425 2.678779
0.019336 -0.106689 -2.483901
0.499340 -0.050998 2.971617
0.392673 0.381929 -2.704621
0.136111 0.418454 -2.321395
0.483518 -0.003558 -2.763887
0.491912 0.271644 -3.022698
-0.066741 -0.316735 2.606807
-0.495779 0.399917 -2.788260
-0.375859 -0.234545 -2.742062
-0.335036 -0.340905 -2.937913
-0.446541 -0.453588 2.905011
0.420349 -0.228576 -3.002614
0.466300 0.437841 -2.728426
-0.039450 -0.367245 3.110827
-0.054406 0.023001 3.081269
0.426231 0.222747 2.607364
-0.304144 -0.096012 2.943160
-0.353863 -0.451466 -2.966860
-0.485214 0.395955 -3.014505
-0.073687 -0.314142 2.827776
-0.381650 -0.167085 -3.064010
-0.475801 0.252752 -2.800808
-0.464506 0.480534 -2.951876
-0.376677 0.465689 2.703874
-0.102407 0.256560 -3.062949
-0.378862 0.104847 -2.064089
-0.472044 0.386705 -2.997979
0.403878 -0.211292 -3.032016
-0.092906 0.283714 2.967968
-0.433415 0.320136 -2.830756
-0.267249 -0.396605 -2.793653
0.010474 0.286727 2.465542
0.409984 -0.238105 -3.038505
0.128653 0.473412 3.108076
0.471605 0.431437 -2.841880
-0.436374 -0.486416 3.035255
-0.022306 -0.442829 -2.873193
-0.447014 -0.297007 3.103698
-0.228928 0.395814 2.525064
-0.121278 0.286015 2.913583
-0.456332 0.468121 -2.697520
-0.413861 -0.123633 2.907850
-0.239754 0.477590 2.863832
0.204738 -0.441338 3.082654
0.109010 -0.041698 -2.965177
-0.261908 0.230234 -2.684660
0.219458 0.235929 2.558402
-0.128516 0.230867 -3.023603
-0.412647 -0.412869 2.886767
-0.407752 0.456617 3.019220
-0.378064 -0.250157 -3.118723
-0.373151 -0.060443 -2.625903
-0.182032 -0.032442 -2.800181
-0.228123 0.399175 -2.956655
0.208010 0.132186 -3.090624
0.208953 -0.198438 3.095846
0.109024 0.311595 -1.907789
-0.267917 0.349214 2.543018
-0.225893 -0.488290 1.908785
-0.448965 0.463802 -2.621813
0.498018 0.118552 -3.012719
-0.382643 0.461236 2.935510
-0.092075 -0.240535 2.726066
-0.222023 0.467329 2.924153
0.496582 -0.064892 2.755406
0.488003 -0.396826 -2.820266
-0.467617 0.367680 -3.082476
0.399192 -0.229165 -3.002449
-0.249101 0.390439 -2.909178
-0.067814 0.252427 -2.916801
0.406665 -0.232175 3.048927
0.028230 -0.102523 -2.270241
-0.179166 -0.041289 -2.943371
-0.075235 0.237903 -2.830470
0.206465 -0.240808 -3.056993
-0.459599 -0.010809 -2.756116
-0.185424 -0.490091 -2.917806
0.049615 -0.130186 -3.109203
0.417150 0.129489 -2.823505
-0.035410 0.421576 2.893640
0.109764 -0.111779 -2.845313
-0.358977 0.308102 -2.743142
0.210917 -0.171845 -3.098029
-0.416339 -0.410542 2.931877
-0.492180 0.397549 -2.941749
-0.414122 0.287528 -2.482224
0.004051 0.192995 2.400193
0.096563 0.437739 -2.295452
-0.325902 0.144115 2.982475
0.118944 -0.386154 -2.470057
0.245567 0.367919 -2.777913
0.135078 0.289196 -2.966073
-0.003153 -0.378125 -3.065587
0.267920 0.401584 2.212039
-0.229553 -0.350994 2.985392
0.403934 -0.218133 3.086975
0.269487 0.185840 -1.637092
-0.069729 0.225493 -2.972850
-0.231848 0.486087 2.756129
-0.418062 0.300085 -2.921458
-0.293901 0.312039 -2.285508
-0.252877 0.209630 -2.856951
0.144169 -0.269773 -1.846753
-0.193895 0.127310 2.598995
-0.271977 0.278133 -3.091551
-0.269115 0.357030 2.867531
-0.477274 0.391263 -2.978886
-0.359184 0.291531 2.264719
-0.488125 0.379702 -2.822919
0.415376 -0.132500 -1.982152
0.228637 0.389389 3.123824
0.118285 -0.399401 -2.462617
-0.323874 0.241516 -2.953582
0.354661 -0.039700 -2.216203
-0.185104 -0.475718 -2.911652
0.111948 -0.109376 -2.669260
-0.389472 -0.206372 3.073848
-0.089274 -0.435502 -2.922472
-0.067644 -0.192062 -3.007341
-0.105836 -0.186387 3.049885
-0.317113 -0.457390 2.974719
-0.117628 0.268697 3.022481
-0.409360 -0.178186 -1.944808
-0.103661 -0.467477 2.801549
0.404233 -0.177862 3.028198
-0.490261 -0.194651 -2.855215
-0.112145 0.257696 -3.037823
-0.104087 0.443457 3.061671
-0.305567 -0.108601 2.906854
-0.410337 -0.002139 -3.082478
-0.014742 0.346139 2.452245
-0.147655 0.272676 -2.818074
-0.264161 0.493478 2.934176
-0.112277 0.259499 -3.114086
-0.168652 -0.385750 -2.368090
-0.470876 0.382035 -3.054416
0.113035 -0.259374 -2.972985
-0.422726 -0.254026 2.762437
-0.026493 -0.015515 -2.722822
0.301314 0.133204 -2.269962
-0.280609 -0.008723 -3.086833
-0.372577 0.484825 3.054761
-0.100200 -0.389935 -3.128146
-0.384468 -0.347657 3.044027
-0.438652 -0.292269 2.801344
-0.016968 0.171570 3.011864
0.208966 0.121750 -2.976436
-0.127598 0.226566 -2.930207
0.297894 0.026688 2.788196
0.354821 -0.489835 -2.023988
-0.416328 0.161458 2.777085
-0.434886 0.491955 -3.060646
0.228401 0.114563 3.063830
0.411274 -0.009035 -2.302419
-0.476971 0.340497 -2.575386
-0.049160 -0.352992 -2.960209
-0.382310 0.077719 -2.716445
-0.067970 -0.227920 -2.900056
-0.115633 0.255485 3.038094
0.498880 0.300960 -2.440006
0.352801 -0.343548 1.450155
0.282869 0.414450 2.366288
-0.059067 -0.452077 -2.766760
0.187713 -0.190316 -3.076835
-0.080601 0.348526 -2.801539
-0.360658 0.442674 -2.890908
-0.381103 -0.224049 3.108086
-0.273606 -0.042976 2.665291
-0.351722 0.202642 -3.050760
-0.497167 -0.079669 2.826593
-0.003204 0.405846 3.117096
-0.275609 0.042168 -1.469422
-0.094633 0.324344 2.833612
-0.353930 0.205242 -2.776058
-0.353529 0.232857 -1.282067
-0.162591 -0.429123 2.745634
0.468803 -0.117362 2.774971
-0.452097 0.496590 -3.103334
-0.468206 -0.039341 -2.793877
-0.489273 0.102701 -2.521325
0.210758 -0.436922 -3.089912
0.127946 -0.496248 -2.711686
0.385019 -0.008164 -2.826605
-0.491343 0.277107 -1.967699
0.365751 0.363655 -2.929680
-0.380676 0.368191 2.117881
-0.053967 -0.110178 3.027649
0.084841 0.436933 -2.375490
-0.440496 -0.317663 -3.086864
-0.474241 -0.203821 -2.633433
-0.447245 -0.326939 2.759801
-0.111083 0.275457 -3.010969
-0.468997 0.400229 2.999068
-0.271289 0.352712 2.956415
0.114254 -0.209929 2.940398
-0.309477 -0.074640 3.069289
0.113384 -0.265015 -2.860041
-0.204640 -0.492888 -2.795529
0.117263 -0.261267 -2.875476
-0.202564 -0.189395 2.757239
-0.043730 -0.088498 2.875423
-0.356837 -0.435330 -2.898547
0.188314 0.235362 3.132004
0.027620 -0.052613 -3.105595
-0.340922 -0.324430 2.990995
-0.477505 0.330054 -2.677761
-0.236815 -0.327952 3.073864
-0.115701 0.273203 -3.108251
0.398616 -0.232726 3.136966
0.121274 -0.272260 -3.036357
-0.161509 0.286484 2.886686
-0.457395 0.100210 3.108380
0.072497 -0.110833 2.726531
-0.383679 0.245606 -2.479444
0.435222 0.405282 2.632134
0.298619 -0.032347 -2.119510
0.131531 0.476609 3.120487
-0.481483 0.440138 -2.994176
0.098331 -0.300281 -2.726804
-0.389246 -0.186225 2.801299
-0.467004 0.379413 -2.999293
0.449279 0.094077 -2.333166
