-0.052019 -0.280275 2.561120
-0.174617 -0.115694 2.950617
0.098751 -0.374764 2.958972
0.375168 0.178593 3.100436
0.424201 0.407303 2.560022
-0.237992 0.400561 -3.068758
0.033240 0.142243 -2.386831
0.226417 0.142821 2.605272
0.266866 -0.321568 -3.119518
-0.150014 -0.364174 1.940450
-0.235459 -0.419289 2.999144
-0.252445 0.338988 -2.952163
0.066251 0.369500 2.992244
0.445601 0.299138 -3.005572
-0.244900 0.299087 2.305253
-0.138751 0.274593 2.658868
-0.427774 -0.469499 2.673393
-0.018580 0.077961 2.384576
-0.095564 -0.026313 2.503467
-0.052487 0.119440 2.691808
-0.189778 -0.384701 2.783363
0.382116 0.210228 2.864679
-0.045995 0.020287 2.296968
-0.176588 -0.113833 2.882464
-0.044973 -0.440245 2.924655
-0.130252 -0.170747 -2.483559
-0.252471 0.331513 3.134879
0.460561 -0.263595 3.091324
-0.175221 -0.118550 2.977955
-0.163177 -0.270233 2.374751
-0.107872 0.264477 2.745045
0.259940 -0.286155 -2.745716
0.344933 -0.447297 -2.774707
0.380772 0.225754 2.725072
-0.433063 0.332837 2.729611
-0.047661 -0.430435 -3.081016
-0.431741 0.476930 2.927666
0.021811 0.169075 -3.073546
-0.191957 0.284359 2.833882
-0.001567 0.025338 -2.344378
-0.448590 0.272960 -2.709875
0.435806 -0.095882 3.120115
0.219454 0.220428 2.474516
0.497029 -0.232184 2.870629
0.249993 -0.308103 2.815635
0.135516 -0.316266 2.698034
-0.310155 0.188629 2.717790
-0.176651 -0.118637 2.888251
-0.120416 0.256704 2.701633
0.387071 -0.260356 -2.294810
-0.029442 0.166877 1.899196
0.063854 -0.421066 2.615797
0.040236 -0.177173 -3.050289
0.378618 -0.063847 2.779811
-0.021900 0.495849 3.125824
0.267514 0.007784 2.360567
-0.438093 -0.497825 2.895364
-0.174448 0.060767 -3.089693
-0.258660 0.350192 2.992929
-0.467654 -0.208348 2.597135
-0.138720 0.331553 2.098668
0.266119 0.393484 2.505883
-0.152877 0.103663 3.070804
0.018656 0.338673 2.723097
-0.030769 -0.068474 2.867941
-0.197744 0.252509 -3.045681
0.265303 -0.339304 -3.140896
-0.031810 -0.039542 2.737631
0.331538 -0.418486 2.793223
0.134223 0.313860 -3.031410
0.264102 -0.347744 2.742387
0.012425 0.193905 -3.117007
-0.236799 0.391824 3.137559
0.484755 0.106142 -2.836841
0.487672 -0.260278 3.064908
-0.451844 -0.051987 -3.044488
-0.064761 0.431849 2.637874
-0.255630 0.335885 -3.119684
-0.484137 -0.320739 3.061855
0.364472 0.218858 2.902013
-0.067585 -0.295673 2.447370
-0.247154 0.045031 -1.461489
0.243631 -0.043069 -3.132648
0.438294 0.382251 3.085689
-0.052782 0.006190 3.114419
-0.044262 -0.200703 2.476008
0.240755 -0.298192 -2.996799
0.230684 0.213258 2.468699
0.149505 0.453053 2.896227
-0.020462 0.178839 -3.046834
-0.257956 0.334332 2.985750
0.256764 -0.259419 -3.036972
0.279989 -0.140758 3.014304
-0.217384 0.274029 -3.053561
-0.159342 -0.134903 -2.392133
-0.212070 0.297488 -2.894104
0.297356 0.115613 -2.914371
0.468923 -0.271505 2.309245
0.007589 0.222977 2.722636
-0.218717 0.285261 -2.786939
-0.056615 -0.284487 -3.045507
-0.188910 0.289013 2.869032
0.121283 -0.470156 -2.982165
-0.038583 0.124722 2.638987
-0.123600 -0.186572 -2.742273
0.023243 0.342895 2.497009
-0.230267 -0.441537 -2.862551
-0.494810 -0.320560 2.925605
0.046581 -0.429601 -2.744536
-0.044459 0.040302 2.620877
-0.079132 0.062099 2.700280
0.001732 0.337542 2.907357
0.241420 -0.046867 -2.993987
-0.243127 -0.274333 2.979442
-0.035407 -0.437495 2.907746
-0.118860 0.243176 2.931744
0.081813 0.340461 3.121046
0.211825 -0.324370 2.482062
-0.079204 -0.019918 -3.116298
0.373466 0.483270 -2.575166
0.349415 0.189691 3.102304
0.267766 -0.117064 -2.763702
0.061140 0.337929 3.100088
-0.005715 0.195548 -3.123704
-0.022615 -0.029623 -2.957674
0.361360 0.207571 3.095784
0.127639 -0.101731 -2.629503
0.244514 -0.026073 -2.933375
0.304588 0.038064 2.481631
0.052447 0.360370 2.999301
0.314607 -0.360826 -2.821005
-0.028144 0.145942 -2.819062
-0.113478 -0.105170 2.975962
0.051451 0.359393 -3.123000
-0.094094 0.144952 2.512508
-0.389364 -0.195526 1.720346
0.210836 -0.284131 2.170909
-0.144992 0.372746 1.910616
-0.475065 -0.206107 2.460484
-0.465968 -0.116324 2.513590
-0.409643 -0.180706 -2.824976
-0.104993 -0.268871 3.086196
-0.450661 0.288326 -2.987586
0.469080 -0.132985 3.101505
-0.009394 0.326947 2.591302
-0.090904 -0.019612 2.727707
0.249747 -0.285966 2.851963
0.158431 0.322598 2.806636
-0.224985 -0.239266 2.813692
-0.460188 -0.144640 2.683416
0.345039 0.057379 2.719498
-0.146031 0.283822 2.943522
-0.113239 0.072313 2.869552
0.368344 -0.409609 -2.352898
-0.261047 0.344834 -2.914264
-0.263278 0.332489 3.065947
0.128315 -0.033298 -2.982552
0.385821 0.356161 -2.999657
0.297692 0.053039 2.765712
0.035763 -0.391749 2.240276
-0.241614 -0.434647 -2.995460
-0.241897 -0.406431 2.911168
0.417192 -0.423082 2.537847
-0.084114 0.297406 2.613933
0.357168 0.227102 -3.131025
-0.259981 0.438729 3.019862
-0.366124 0.411356 2.316927
0.445248 0.311218 3.003952
0.032075 -0.344941 2.910132
-0.366561 0.019560 3.110288
0.473070 -0.240689 1.305620
0.425795 -0.135022 3.083388
0.303021 0.346089 -3.024118
-0.078600 -0.019914 3.039673
0.257100 -0.277284 -3.085697
0.274528 0.372320 3.106770
0.048001 -0.434116 2.879635
0.063831 0.038098 2.283984
-0.239252 -0.442510 -3.046596
0.040611 0.163471 -2.571164
0.255079 -0.270246 -2.679480
-0.328603 0.392544 3.108332
0.053571 0.368303 -3.113107
-0.127732 -0.196161 2.152108
-0.482876 -0.330360 -2.620174
0.294709 0.103051 -2.870186
0.054565 0.362095 3.023747
0.442358 -0.344130 2.558585
-0.197768 -0.295524 -1.686784
0.208009 -0.003931 2.572571
0.053736 -0.221086 2.432046
-0.258946 0.459141 2.804756
0.438451 0.372034 2.133805
0.242306 0.261510 2.963661
-0.480804 -0.206625 2.477564
0.397136 0.250365 3.108254
0.455525 -0.172617 -2.872985
-0.337018 -0.151213 2.626116
0.491547 0.006675 2.751553
0.439888 0.101019 2.408269
-0.252634 0.338710 3.126113
-0.196796 -0.333284 2.444782
0.405601 -0.361915 2.502015
-0.054583 0.102619 -2.936206
-0.327094 -0.438720 -2.616207
0.278684 0.332119 3.005866
-0.230639 -0.239664 3.046153
0.006305 0.027848 2.907424
-0.456277 -0.216671 2.666550
-0.062198 -0.289288 2.588428
0.459561 -0.191537 -2.745285
-0.031771 0.046820 2.739111
0.280790 0.135868 2.746614
-0.426449 -0.099243 2.620962
-0.125040 0.344040 2.120952
-0.146634 0.372068 2.130589
0.047796 0.347679 -3.079555
0.035288 -0.385024 2.941604
0.438915 0.107605 2.845352
0.025575 -0.397622 2.591649
-0.433443 0.009787 3.005776
0.421917 0.216066 2.404245
0.030117 -0.120675 2.878165
-0.261443 0.339392 2.977847
-0.024818 -0.400367 -2.931547
-0.212463 0.433946 2.384930
-0.177053 -0.164094 -2.778262
0.211826 -0.119236 2.989357
-0.133123 -0.237556 2.183512
-0.216357 0.180990 1.759432
-0.319164 0.315336 2.633267
0.347103 0.000820 -2.955642
-0.396770 -0.188080 -3.067755
0.398969 0.241912 -3.040640
-0.342141 -0.336526 2.458350
-0.257861 0.442576 2.918783
-0.183379 -0.013615 -3.020569
-0.255732 0.476427 -2.377591
0.423814 0.292434 2.676878
-0.257960 0.353757 2.894888
0.498090 0.072034 2.979610
0.278083 -0.196150 2.766068
-0.188009 0.209849 2.948098
-0.114576 0.232686 2.744961
0.024968 -0.382544 2.252226
-0.264087 0.355864 -3.111164
0.221214 -0.039387 2.921594
-0.207925 -0.368546 3.030994
0.127593 -0.336555 2.224485
-0.176140 -0.407399 2.233634
0.435793 0.011802 -2.512981
0.069216 0.417431 2.948927
-0.074769 -0.007709 -3.046466
0.214712 -0.265065 2.928610
0.213097 0.071351 -2.504939
-0.076129 0.077925 2.780546
-0.499240 -0.034590 -3.010924
-0.471433 -0.296852 -2.659916
0.304062 0.028975 2.913999
-0.305659 0.210820 1.987293
0.493506 -0.304354 -2.616990
-0.358932 0.065534 3.026073
0.443156 0.357722 3.134899
0.006810 0.293258 2.488154
0.246448 0.236597 2.480854
0.132609 0.408079 -3.071521
-0.249376 0.451645 -2.916574
-0.435993 -0.150167 2.181250
0.431562 -0.220205 1.165537
0.493271 -0.331684 -2.599807
-0.483842 -0.191273 -3.059917
0.404954 0.233994 -2.849589
-0.477719 0.028677 -3.038740
-0.017243 -0.053827 -2.914945
-0.470889 -0.386175 -2.703047
-0.100399 0.264168 2.522357
-0.042797 -0.276572 2.597180
-0.394316 0.030555 3.039555
0.265675 0.299973 1.701964
0.018815 0.341011 2.718541
-0.153476 -0.284009 2.397014
-0.245990 0.046024 3.131071
0.040022 -0.432636 2.636537
-0.136073 0.080631 -2.698923
-0.259305 0.437983 2.631498
0.258267 -0.286923 -2.822002
-0.081903 0.135944 2.405216
0.487472 -0.327170 -2.714152
0.099641 -0.374089 2.753922
0.230839 -0.145201 2.182136
0.247722 -0.303206 -2.478636
-0.115739 0.098440 2.251810
0.187111 0.135364 2.266902
0.330505 -0.399756 2.999245
0.032002 -0.167074 2.544526
0.457290 -0.200517 -2.957989
-0.412047 -0.097251 2.244853
0.068342 0.340818 3.035554
-0.277038 0.353474 2.924272
0.283787 0.123350 2.776437
0.031548 -0.197308 2.976450
-0.155415 0.351284 2.315287
-0.175519 -0.130177 2.934227
-0.038209 -0.039728 2.827490
-0.141823 0.281669 2.666413
0.260235 -0.178206 -3.045751
0.023418 0.348488 2.713713
-0.244535 0.330921 -2.903984
-0.020071 -0.395214 -3.038225
-0.436970 0.487782 2.558145
0.408603 -0.252954 2.150008
0.060589 -0.218446 2.619537
-0.363321 0.086087 2.478087
-0.031612 -0.409895 -3.023205
0.388966 0.212386 2.965164
-0.031593 -0.036682 2.831527
-0.028163 0.168683 -3.106337
0.025102 0.344914 3.057776
-0.233163 0.408097 2.997295
0.190583 -0.270797 -2.469196
0.209110 0.028895 -3.137325
-0.242079 0.345685 3.096438
0.275852 0.028176 -1.444639
0.218617 -0.113018 -3.124884
-0.262632 0.094559 -3.095674
0.025067 -0.388568 2.866782
0.190185 -0.022084 2.804995
-0.235164 -0.263550 2.915000
-0.134086 0.419741 2.368186
-0.053873 0.327723 2.973823
-0.360226 0.379841 -3.051470
0.067564 -0.353852 2.602514
-0.247354 -0.300385 -2.888159
-0.309310 0.182889 2.825441
0.042123 -0.410569 -2.932698
-0.187365 -0.324793 2.438912
-0.054292 0.112080 2.766530
-0.104981 -0.391555 -2.947982
0.419982 0.401879 3.137664
0.355028 0.396147 -3.076746
0.346550 -0.184685 3.141457
0.367352 -0.338962 -2.523616
-0.475595 -0.196609 2.420210
-0.035088 -0.094867 1.466592
0.260174 -0.196339 -2.953224
0.240168 0.222260 2.381783
0.078468 0.052849 2.398425
-0.490448 -0.181663 3.005055
0.242064 0.163617 2.902046
0.015517 0.168088 2.660875
-0.110610 0.079237 2.705084
0.285832 -0.191437 2.752974
0.429810 0.039085 -2.058169
-0.435069 -0.114887 2.274393
-0.070528 0.141292 2.863435
-0.275355 0.147018 -3.009666
0.445367 -0.084480 -2.863745
0.261581 -0.347022 3.106618
0.210740 -0.004727 -2.627986
0.469554 0.108070 -1.957568
0.205018 0.023088 -2.395809
0.255895 -0.193266 -2.975478
0.233298 0.241422 2.845299
-0.029358 -0.398377 -2.906323
0.126422 -0.078674 -2.737091
0.323307 0.308834 -3.135330
-0.105570 -0.226915 3.020087
0.215722 -0.023730 -2.727394
-0.331874 0.118574 3.068641
-0.232805 -0.440419 -2.968130
0.027022 -0.240089 2.457788
0.443974 0.362896 -2.865306
-0.117789 0.221463 2.690432
-0.253525 0.212257 1.552117
0.441570 -0.316843 2.083525
0.355268 0.220474 2.658279
-0.260338 0.343500 3.028075
0.036133 -0.207593 3.103896
0.378552 0.061018 3.024573
-0.107039 0.128949 2.917634
0.244455 -0.064084 2.479863
-0.399981 -0.213530 2.293060
-0.420339 -0.096394 2.303832
0.384143 0.214017 3.013832
-0.256841 0.366371 -2.880313
-0.158538 0.097597 3.005195
0.097463 -0.348336 2.240955
0.144439 -0.108142 -2.992349
-0.211447 0.276029 -2.937492
0.400205 0.189011 2.460644
-0.253163 0.358916 -3.089850
0.230160 0.259150 3.030795
-0.180433 -0.403803 2.489249
-0.073598 -0.018552 -2.959524
0.200616 0.411648 -2.876516
-0.052685 -0.275242 3.120787
-0.119958 -0.154708 2.831103
0.174144 0.338151 2.899178
-0.448555 0.289248 -2.600655
0.383027 -0.264564 -3.122038
