-0.440662 0.192501 -3.033470
-0.270448 0.311235 -3.035257
0.397890 0.221018 2.779619
-0.140925 -0.005502 2.110541
0.282669 -0.243521 -2.588179
-0.153589 -0.294989 -2.860062
-0.094877 -0.437063 2.522915
-0.325065 0.204632 3.037896
-0.426618 -0.319697 -2.169815
-0.292618 -0.018114 2.745668
0.212736 0.244937 -2.936045
-0.122010 0.194066 -2.909492
0.305088 -0.163330 2.919398
-0.332684 -0.347751 2.962393
-0.466396 0.016264 -2.459698
-0.312720 0.315945 2.511565
0.319209 -0.238593 0.650115
-0.130023 -0.071499 -2.829191
0.355084 -0.341370 3.138023
-0.339032 0.221641 -2.669044
0.317079 -0.482685 -2.888101
0.404322 0.188625 2.689490
0.175909 0.368808 2.514003
0.267762 -0.209612 -2.412686
0.267706 -0.188411 -2.661847
-0.444125 0.219517 2.331766
-0.232206 0.152084 2.985625
0.289288 0.474675 2.604637
-0.032959 -0.028283 3.086187
-0.359766 -0.235421 2.799715
0.219309 -0.411308 -3.059316
-0.372292 -0.272725 3.040213
0.241571 -0.061992 -2.847728
0.428880 -0.427846 2.760279
-0.219324 0.008440 -2.856078
0.001433 -0.402246 2.956433
-0.027588 -0.358932 -2.033999
0.036630 0.416173 -2.934069
0.193245 -0.091886 3.135275
-0.022282 0.063790 2.978996
-0.144197 0.232812 2.404162
0.099674 0.416922 -2.775373
0.462452 0.404154 2.463769
0.488714 -0.418320 3.132238
-0.321575 0.358635 -1.634898
0.355197 -0.334265 -3.047726
0.423562 0.473965 1.430203
-0.062327 0.101983 -2.510299
0.262831 -0.415433 -3.046199
-0.368330 -0.273880 2.569157
-0.065873 -0.304039 -2.978622
0.375954 0.411707 -2.170644
0.007508 0.380976 2.918792
0.188583 0.369175 -2.921197
-0.280806 -0.311401 -3.094321
0.240425 -0.216838 2.905705
0.358338 -0.335138 3.123732
-0.301592 0.294723 -2.468879
-0.453770 -0.133604 -2.656222
0.360375 -0.325431 -3.053236
0.358879 -0.333456 -3.129564
-0.364372 -0.392864 -3.098211
-0.143424 -0.326203 -2.793791
0.168846 0.428225 -3.013488
0.157770 0.131144 3.094813
0.272430 -0.230580 -3.032076
-0.234997 0.124417 -2.358302
-0.295098 -0.010344 2.978018
0.465875 0.018158 -3.064318
-0.469787 0.254599 2.272221
-0.309321 0.335032 -2.810268
0.303355 -0.437616 2.964085
0.321791 0.342174 2.354569
0.050548 -0.274740 1.703818
-0.064033 0.200968 3.065090
-0.050169 0.249365 -2.874113
0.240553 0.475579 2.887214
0.361910 -0.342251 -3.126478
-0.329887 0.176964 -3.053914
0.293541 -0.111208 2.751531
-0.143276 0.225906 2.587435
-0.210623 -0.217464 2.540394
0.045336 -0.087155 -2.242006
-0.325358 0.286352 -2.940367
-0.116871 0.189117 -2.926546
-0.233117 -0.045987 2.853697
-0.428768 0.476692 -2.880620
-0.498283 -0.273432 -2.636110
0.198259 -0.372319 -2.902177
0.155977 -0.434347 3.060716
-0.346766 0.086812 -2.465560
0.402727 0.092748 2.443486
0.427995 -0.033161 -3.040028
0.400926 0.070249 3.038541
0.189855 -0.208707 -3.105659
0.228693 -0.422441 -3.081353
-0.027704 0.327727 2.931666
0.180787 0.362199 2.565892
0.403612 0.046610 2.904904
-0.283997 -0.023583 2.465742
-0.335378 0.099419 -2.927465
-0.068180 0.284813 -2.337086
0.184404 0.391897 3.118212
0.423689 -0.434128 2.838573
0.345903 -0.082368 3.013020
0.298347 -0.097998 2.671054
-0.340709 -0.351578 -3.014953
-0.027143 0.408034 -3.137980
0.481157 0.223684 -3.015637
-0.267500 -0.252018 -2.809664
0.302260 -0.428493 3.102054
0.396319 -0.400742 -2.399940
0.363786 -0.458690 -2.775835
-0.102561 0.322645 -2.785216
0.381870 0.202612 3.004088
0.116170 -0.224274 2.378735
-0.016593 0.495366 -2.461148
0.198547 -0.114406 -3.052639
0.247980 0.490159 2.974125
-0.359813 0.214329 -2.867519
-0.350751 -0.451582 3.018550
-0.337139 -0.350947 -2.813808
-0.220520 0.293844 -2.382130
-0.381695 -0.368065 -2.920467
-0.185049 -0.277768 3.012446
-0.304003 -0.007362 3.077275
-0.211011 -0.037863 2.249115
0.394241 0.210654 2.650220
0.495796 0.180705 -2.517770
0.454990 -0.051366 2.784751
0.305770 -0.423837 2.948205
0.259456 0.376418 -2.870524
0.300400 -0.445447 2.824790
0.259061 -0.432599 -2.763552
0.188260 0.381632 -3.068704
-0.191791 -0.275851 3.068870
0.401809 0.382077 2.936869
0.379843 0.269967 3.004964
0.436563 -0.419991 2.858696
-0.151508 -0.492644 2.612298
-0.213791 0.251600 2.907334
0.272964 -0.231413 -2.911844
-0.235388 -0.016702 2.817901
-0.356782 -0.446116 2.979353
0.313033 0.369814 3.118622
0.153912 0.440939 2.925626
0.297903 -0.113687 2.638306
0.462113 -0.327954 2.543215
-0.225643 0.146843 -2.618670
-0.349672 0.235189 1.628016
0.166150 -0.391940 -3.070698
-0.242075 0.025868 -3.136267
0.333580 0.467273 -2.592115
0.168301 0.488064 2.685837
0.158845 0.117683 -3.137148
-0.095899 -0.261314 -2.919782
0.351592 -0.006962 -3.032743
0.405767 0.476012 -2.493857
0.170617 -0.029772 1.977267
-0.101730 0.467749 2.778612
-0.033680 0.314878 2.930978
-0.235506 -0.034004 2.833117
0.473232 -0.183914 -2.736163
-0.381277 -0.285251 -1.901884
0.477885 0.216377 -3.071358
0.220591 0.425670 3.006351
0.484529 -0.412162 2.637775
0.362736 -0.083517 -1.781718
0.268772 0.496552 2.744298
-0.370422 0.480224 2.821049
0.349199 -0.317405 -2.817711
-0.448491 -0.091070 -2.782877
0.342482 -0.098948 -3.077809
0.358713 0.487518 -3.050426
-0.217254 0.219285 -2.693248
-0.146218 -0.036868 -2.619464
0.134765 -0.038632 -2.607484
0.207060 -0.014326 -2.564520
-0.005678 -0.004781 -2.904778
-0.432233 -0.002144 2.498649
-0.284131 -0.017113 2.772145
-0.027410 0.330635 -2.838308
0.239404 0.106017 1.838971
0.414804 -0.036130 3.125534
-0.320673 0.210212 3.026944
0.467700 -0.044521 2.661888
-0.140003 -0.034971 -2.806448
0.305449 0.462944 2.241343
0.436846 0.161993 -2.698804
-0.121266 0.159466 -3.015648
-0.095714 -0.259347 -2.522158
-0.488883 -0.432871 -2.356216
0.365040 -0.313909 -3.019835
0.230386 0.448323 3.039726
0.493979 0.411862 1.980822
-0.429697 -0.374112 2.657176
-0.196868 0.031799 2.371891
0.169280 -0.148328 -3.129831
-0.473520 -0.461599 -2.846319
-0.428230 -0.499882 -2.868513
-0.339121 -0.098550 -2.949122
-0.171355 -0.315017 -2.822505
-0.123272 0.185469 -2.804905
0.150828 -0.375607 2.383927
-0.420792 0.472077 2.775632
-0.064634 0.283977 -2.361612
-0.477816 0.251560 2.135480
0.385688 -0.229239 3.041387
0.393477 0.094557 2.484354
0.370416 -0.471493 -3.140298
-0.311232 0.364713 -1.973076
0.300451 -0.469054 -3.035273
0.277450 0.219225 -2.207510
0.358796 -0.316053 -3.014383
-0.229106 -0.039534 2.881819
0.356419 -0.330295 3.056572
-0.249577 0.377198 -2.643742
-0.096059 0.069536 2.292057
-0.372177 -0.214565 -2.151906
0.341336 0.487716 -2.411966
-0.163496 -0.206365 -2.724082
0.476456 -0.052423 -2.506804
-0.013104 0.344947 2.793200
-0.044227 -0.398181 -1.928473
0.427367 0.005855 2.733050
0.437821 0.498600 3.095754
0.303577 -0.436038 2.824425
-0.355107 -0.447152 2.851064
-0.279215 -0.310507 3.050296
-0.277559 -0.000319 2.509305
-0.413347 -0.094649 -2.152213
-0.384974 0.406563 2.938928
0.463619 -0.309364 1.752617
-0.321500 0.139677 -2.800172
0.141497 0.447844 1.190008
0.219095 -0.293611 1.739603
-0.278273 -0.115188 2.816341
0.367431 0.224224 2.737947
-0.304569 -0.445071 3.083301
0.252827 0.448821 3.061663
0.308566 -0.456979 -2.724173
-0.383596 -0.153529 -2.751582
-0.344041 0.147354 2.899611
-0.157581 0.230111 2.798880
-0.486683 -0.489858 2.728540
0.067635 -0.051149 -2.425419
-0.351872 0.293099 3.016450
0.337149 -0.098345 2.870833
0.052328 0.229774 -2.800570
0.188458 0.372717 -2.949345
-0.278417 -0.309776 3.003252
0.289494 -0.132988 2.785707
0.162425 -0.400645 2.563717
0.372994 0.472905 -2.684077
-0.310900 -0.204604 -2.796140
-0.358661 -0.230259 2.790578
-0.301671 -0.228801 -2.881151
0.200994 -0.087493 2.914196
-0.263376 -0.254267 -2.900579
-0.174764 0.491574 3.112414
0.495324 -0.398869 3.087555
-0.089253 0.123227 2.553215
0.179532 -0.395155 -1.369178
0.199404 -0.388587 3.087517
0.367004 -0.313991 3.006050
0.431411 -0.449838 3.088530
0.305563 -0.111102 -3.069481
0.398363 0.086699 2.581329
0.383294 -0.218984 3.045962
-0.254732 -0.223458 -3.114262
-0.358248 -0.069035 2.704064
-0.272838 0.301904 -2.780910
-0.184159 -0.090770 -2.934328
0.166713 -0.161424 2.677075
0.374435 -0.267307 2.711695
0.298497 -0.447897 2.870901
-0.047726 0.066236 2.686400
0.247127 0.495329 2.801772
-0.269499 0.313285 -2.905859
0.203272 0.416003 -2.825056
0.323226 0.102766 1.976094
-0.325053 -0.400197 2.029985
0.371863 -0.324412 3.139987
0.165763 0.110171 3.057352
0.226067 0.366282 -2.964166
-0.098076 -0.385332 -2.019979
-0.193045 -0.066364 -2.735214
-0.359257 -0.262790 2.610938
-0.432767 -0.171626 -2.397198
0.163774 -0.385756 -2.907190
0.154711 0.444145 -3.098939
0.492884 0.108787 2.187665
0.013424 0.463159 -2.586011
0.305768 -0.433200 2.992050
0.303607 -0.424521 3.072804
-0.387757 0.418305 2.798255
-0.353177 -0.422981 2.569903
-0.026080 0.396639 3.026017
-0.009689 0.401768 -2.267536
0.103909 -0.442120 2.078927
0.429747 -0.433526 2.682330
-0.263737 -0.249340 2.917390
0.179142 -0.342110 2.156765
0.097778 0.449738 -3.118332
-0.341703 0.062346 -2.264940
-0.313459 0.134577 -2.812807
0.362581 -0.346308 3.061839
-0.364734 -0.252947 2.913853
-0.367856 -0.270874 2.860134
0.360795 0.481691 -3.090907
0.248187 0.445721 3.059211
0.333382 0.257814 2.327903
0.496715 -0.437450 -2.986889
-0.370758 0.242128 2.610041
-0.134904 -0.221680 1.998228
-0.277182 -0.307985 -2.814524
-0.229697 0.300675 2.706587
0.147388 -0.498019 -3.047394
0.440211 0.495648 2.471545
-0.435850 -0.150964 -2.482167
0.296182 -0.445039 2.919060
0.363874 -0.347728 -2.912529
0.496224 0.251745 2.466723
0.338207 -0.368892 -3.022712
0.290940 -0.375604 -2.843104
0.168814 -0.163701 2.883992
0.243119 0.451620 -2.737235
-0.405173 -0.446453 -1.580179
-0.350166 -0.230501 -2.501683
-0.075182 -0.287940 -2.952215
0.209415 0.342192 -3.134843
0.432507 0.495019 -2.840121
0.276877 0.289076 -2.607776
-0.287536 0.338246 3.055730
0.167607 -0.444833 -2.974402
-0.121658 0.189423 -3.127673
0.494887 0.409877 -2.331925
0.352000 -0.332747 -2.955676
0.431690 -0.426746 2.975527
-0.159888 -0.059277 -2.841978
-0.297404 -0.173357 1.478296
-0.430052 -0.162560 -2.992876
-0.390679 0.358201 2.342581
0.443705 0.019504 -3.133836
0.351058 -0.326762 -2.809852
0.305140 -0.428761 3.140589
-0.287484 -0.062344 2.665323
-0.382276 -0.340866 -3.043138
-0.361406 -0.389539 -2.740489
0.289035 -0.119570 2.865956
0.301926 -0.447864 3.034047
0.176136 -0.347292 2.441592
-0.424657 -0.176018 -2.478593
-0.195126 -0.053345 -2.235338
0.323240 -0.077304 -2.788162
-0.135006 -0.355655 -1.953740
0.324808 -0.420845 2.992485
0.237406 0.486662 2.951136
-0.064637 0.003290 2.613050
0.389007 0.202018 2.588995
0.213222 -0.026203 3.086208
-0.435272 0.456047 2.970095
0.366755 -0.312301 3.072465
0.190385 0.396213 -2.685238
0.179378 -0.343486 1.939400
0.321747 -0.481042 -2.951772
-0.240479 -0.021758 2.561993
-0.306150 -0.470185 2.625385
-0.216358 0.351585 -2.668746
0.233526 0.480268 2.897851
0.399198 0.053747 2.908405
-0.400060 -0.496866 2.360142
-0.159780 -0.335733 -2.938691
0.212682 0.320857 -3.095639
-0.264195 0.427201 -2.938932
0.337245 -0.096509 2.914903
0.306054 -0.437771 2.975227
-0.308952 -0.209965 -2.595737
0.467355 -0.037341 2.537950
-0.437958 -0.372383 -2.911958
-0.369774 -0.243819 2.922408
-0.225384 0.255043 3.119988
-0.466528 -0.034652 -3.105740
0.319798 -0.132443 1.795724
-0.482816 -0.243046 -2.437413
0.245964 0.483123 2.910821
-0.139909 -0.357024 -2.946060
-0.189304 0.180708 3.073048
0.295465 -0.377150 -2.977133
0.124251 -0.477961 2.501165
-0.285570 -0.480085 2.216465
-0.442438 -0.282697 2.997150
-0.221528 0.291034 -2.483551
0.241995 0.392079 2.380685
0.394136 0.088955 2.444026
-0.405053 0.148891 2.514401
0.033579 -0.179699 2.607159
0.215243 -0.002680 -2.875123
0.465120 -0.047391 2.841587
-0.296646 -0.081862 3.040709
