0.496170 0.090474 2.435256
-0.472639 0.239149 1.489408
0.295920 0.476809 2.313165
0.412063 -0.048290 3.052884
-0.410366 -0.397406 3.052202
-0.302951 -0.386312 3.045753
0.383286 -0.434149 2.914587
-0.420361 0.285014 2.821505
0.210979 -0.489579 -3.141217
0.472419 -0.077246 -2.935361
-0.302317 -0.400176 -3.086415
-0.134437 0.027816 -2.917688
0.230166 0.038896 2.517122
-0.487710 0.287116 2.487713
-0.257724 -0.330895 2.639754
0.032471 0.132662 2.706402
-0.045948 -0.424226 -2.986901
0.039861 -0.013341 -2.917350
-0.140647 0.010619 -3.098969
0.007389 -0.209388 -3.000045
0.038586 -0.135121 2.871075
-0.208490 -0.498254 1.920870
0.077386 -0.270933 -2.560390
-0.075620 0.356846 2.320792
0.039299 -0.070873 2.971557
-0.173810 -0.278795 3.004498
-0.184235 -0.459349 2.813852
0.388750 -0.130064 2.800587
-0.178160 -0.151676 2.513016
0.019006 -0.035786 2.730332
0.031143 0.133309 2.915975
0.491731 0.381848 2.676302
-0.468356 0.302262 2.261246
0.447054 -0.095570 -2.739565
-0.474772 -0.435698 3.039993
0.200794 -0.098141 -2.399727
-0.457418 -0.141432 2.486083
0.227694 0.034424 2.587795
-0.140591 0.035708 -3.067244
0.288265 -0.057750 2.648261
-0.357517 -0.319637 2.326968
0.468580 0.467578 -3.017172
0.348980 0.020816 2.663216
-0.463652 0.167772 2.755135
0.206869 0.482070 -2.654628
0.302613 0.498570 2.673371
0.011621 -0.209053 3.133209
0.154008 0.038867 2.468230
-0.044773 -0.333234 -2.943699
-0.090531 -0.217010 1.908294
0.327985 0.379149 1.845527
0.275097 -0.399122 2.230782
0.493084 0.128896 2.408540
-0.064462 0.231342 -2.986679
-0.108231 -0.346023 -2.996349
0.298063 0.497395 2.395941
-0.325038 0.339222 -3.012875
0.308781 0.153464 3.016481
-0.138715 0.160518 3.023119
-0.385965 -0.394413 2.302064
0.214742 0.427270 2.963279
0.493148 0.415941 1.917732
0.179977 -0.487896 2.163377
0.311274 -0.490033 2.687000
-0.183889 -0.462331 2.296723
-0.021924 0.270129 -2.570127
0.195351 -0.303510 -3.099351
0.002411 0.214538 2.695378
0.360784 0.125775 -3.051085
-0.378269 -0.383688 2.560249
0.337605 -0.303787 2.595122
-0.042306 0.414611 -3.107258
0.005622 0.135587 3.045668
-0.328411 0.360627 2.974632
-0.270557 -0.267086 2.460538
-0.333785 -0.329583 2.339974
0.418639 -0.255497 2.676224
-0.313298 -0.310568 2.421295
-0.362655 0.357601 1.931822
0.445096 -0.131440 3.132437
0.351984 -0.211329 -2.472123
-0.079565 0.357115 -2.712094
-0.485896 0.275298 -1.797453
0.494384 0.085380 2.764549
-0.003914 -0.448103 -3.116458
0.020565 0.099168 3.069526
0.278880 -0.062957 2.610936
-0.476923 0.222654 2.985497
0.393351 0.160296 -2.730375
0.089478 0.442120 -2.879564
-0.267952 -0.252914 -3.137476
0.212778 0.477472 -2.692219
0.348407 0.173774 2.427805
0.273315 0.068633 -2.548955
-0.057558 0.121088 -2.680399
-0.281707 0.004775 -2.648637
0.373854 0.447174 2.311791
0.451182 0.014225 2.617485
-0.447218 0.459160 2.873105
-0.258333 0.234950 2.942698
-0.040256 0.064011 2.621472
-0.162953 -0.128731 2.878855
-0.265866 -0.279344 2.067819
-0.271693 -0.269821 2.068406
0.003955 0.303554 -2.276544
0.383399 -0.422627 2.839906
-0.145758 0.029361 -2.829943
-0.493528 0.108507 2.754491
0.299060 0.077217 -2.675293
0.006769 -0.081427 -2.941983
0.001277 -0.107487 2.615234
0.487637 -0.268663 2.679990
0.311260 -0.484270 2.788212
-0.261426 0.218535 2.878322
0.033746 -0.071027 -3.112795
-0.100150 -0.432975 -2.676226
0.080770 -0.478107 -2.751978
0.286130 -0.061222 2.498124
-0.013737 0.022749 -2.619587
0.442232 0.021129 2.739637
0.301425 -0.482240 2.567188
0.358079 0.238536 3.051947
0.066135 -0.277628 -2.525350
0.079337 -0.282118 -2.596378
0.309005 0.484320 2.558850
-0.256889 0.032580 2.432850
0.336331 0.351554 2.371959
0.428501 -0.330685 2.958334
0.389632 -0.125946 3.026339
0.034618 -0.013781 -2.939187
-0.206926 0.485199 2.941511
-0.016245 -0.136949 -2.825371
0.436558 -0.138478 2.456920
0.025955 -0.094311 3.048158
0.305715 0.476332 2.866985
-0.474765 0.241960 2.803016
0.265550 0.084273 -2.733912
-0.071694 -0.003550 2.954303
-0.409146 0.431964 2.653896
-0.339975 -0.486368 2.548633
-0.409333 0.089257 2.673864
-0.019206 0.149067 2.699245
0.358763 0.175036 2.964366
-0.411291 0.430960 2.958254
0.431847 -0.304620 2.200132
-0.018456 -0.312349 2.782590
0.193563 0.286150 -2.922070
0.243124 -0.195526 2.230958
-0.295054 -0.015619 2.633453
-0.280481 -0.338617 2.697406
-0.393354 0.135674 2.375721
-0.023554 0.486464 2.694839
-0.156404 -0.125024 2.843268
-0.228131 -0.248463 2.654672
-0.233269 -0.023144 2.878898
-0.202000 0.069232 2.921745
0.138419 0.257986 2.991407
0.470132 -0.062968 -2.735464
-0.477712 0.450740 -2.121323
0.423652 0.483611 1.981077
0.117060 -0.308393 2.382097
-0.264011 -0.326212 -2.898699
-0.006829 -0.110705 2.885519
0.017290 0.234754 -2.314469
0.298766 0.465711 2.717799
0.256443 -0.343617 2.124796
-0.466024 -0.040329 2.737601
0.429775 -0.063214 -2.570372
0.011243 0.131352 2.934158
-0.290601 0.072128 -2.799178
0.049298 -0.202425 3.109692
-0.357450 -0.006806 -2.570126
0.313996 0.051846 -2.553247
0.110514 -0.316440 2.002080
0.319149 -0.008227 2.515653
0.208705 -0.394393 2.647059
-0.000039 -0.118575 2.310539
0.173813 -0.455538 3.098407
-0.052499 0.137443 2.179826
0.345412 0.027906 2.789810
0.473778 0.122091 2.320279
0.181837 0.457791 -2.250168
0.072708 -0.280709 -2.360410
0.013814 -0.169008 -3.025853
-0.411475 0.264367 3.076091
0.303544 -0.161677 2.917981
0.068165 -0.247455 -2.847163
-0.393302 0.442084 2.323141
0.015598 -0.078050 2.414338
0.318250 -0.196848 2.605331
0.328114 -0.198447 2.478836
-0.235626 -0.083272 2.969304
-0.286922 0.228906 2.547520
-0.496712 0.095662 2.443962
-0.383336 -0.394145 2.509891
0.394316 0.133018 3.033075
-0.317778 0.339048 3.058758
0.493604 -0.498443 2.640283
0.452247 0.020446 2.923929
-0.144873 0.195188 3.039706
-0.317020 -0.261457 2.857607
-0.477915 0.243041 1.761647
-0.476583 0.285534 2.211504
-0.146261 0.178546 2.847693
-0.221406 -0.189008 2.816212
0.488041 0.236451 2.525262
-0.173179 0.062173 2.829529
0.069997 -0.164983 -2.392426
0.296318 -0.166628 2.934319
0.030741 0.016042 2.562627
0.442930 -0.322293 2.757137
0.024009 -0.028739 -3.002019
0.456241 -0.185414 1.772129
0.032210 0.125260 2.859584
0.024686 -0.082824 -3.119328
0.216812 0.304679 2.836205
0.039483 -0.155585 2.708491
0.255904 -0.471193 2.968197
-0.147889 0.163725 -2.792935
0.108937 -0.103685 -2.614404
-0.220750 0.479670 2.381269
-0.435058 -0.104328 2.914423
0.404804 -0.229438 2.989279
-0.205259 0.070628 2.515489
0.392052 -0.430410 3.130980
0.166801 -0.344145 -2.467003
0.231967 -0.356651 2.453809
0.451531 0.040300 2.525952
0.428387 -0.293192 2.276365
-0.066960 0.009060 2.492093
-0.153865 -0.202025 -2.819670
0.398325 -0.312472 2.186360
-0.323329 0.390069 2.737367
0.388054 -0.423901 3.003712
0.475191 0.103897 2.388536
0.154262 0.471831 0.948827
0.026342 -0.092664 -3.129788
-0.136147 0.016666 -3.080196
-0.148151 0.197223 2.902177
-0.104097 -0.084184 2.734966
-0.440977 0.462649 3.044307
0.366306 -0.431449 3.123482
-0.074599 0.255377 2.821200
0.069654 -0.469829 -2.214494
0.309218 -0.221023 3.008089
-0.262939 -0.305268 -3.055229
0.248693 -0.456074 3.058295
-0.187072 -0.165470 2.634224
0.172679 0.019852 -2.682111
-0.070869 -0.041117 -1.782562
-0.280056 0.216564 -1.705421
0.280466 0.057204 2.046309
-0.106388 0.100733 -2.967773
0.173069 -0.112947 2.686168
-0.253782 -0.181133 2.908374
0.008343 -0.128365 -3.007607
0.470734 -0.323404 3.112489
-0.421097 -0.011146 2.728690
0.304582 -0.498952 2.679454
-0.166761 -0.081260 2.611688
-0.440464 -0.411707 -2.569408
-0.140202 0.042618 -2.867976
0.489500 -0.085202 -3.116371
0.303494 0.499788 2.533058
0.023146 -0.234286 2.423915
0.216530 -0.058092 3.118955
-0.133508 0.078481 -2.934932
-0.415014 0.144282 2.695532
-0.118878 0.065250 2.875354
0.413027 -0.233205 2.751409
-0.438553 0.329350 3.081193
0.365553 -0.001490 3.006202
-0.244593 -0.306478 2.688880
-0.045155 -0.455779 2.906382
-0.273080 -0.266983 2.720342
-0.000095 0.205087 2.569735
0.023143 0.118889 2.981682
-0.254959 -0.327327 2.314271
-0.464461 0.258387 -2.845316
0.383018 -0.440309 2.895282
0.442874 -0.113644 -3.038009
-0.130073 -0.040497 2.070154
0.064516 -0.101331 2.903418
0.049955 -0.313947 -2.398376
-0.147440 -0.009198 2.730702
0.213318 -0.398856 2.834872
0.031311 -0.069288 -3.120737
-0.497416 0.463735 -2.875525
0.029201 -0.162432 2.960838
-0.232140 0.057229 1.978025
-0.331735 -0.458119 2.310091
0.115022 -0.277245 2.004616
0.466565 -0.300845 -2.359662
-0.380404 -0.375576 2.153665
0.471988 -0.065804 -2.907135
0.422044 -0.217866 2.795457
0.197470 0.157513 3.133020
0.079466 -0.370459 -3.059232
-0.201186 0.049143 3.055289
0.364929 0.106320 -3.068636
0.069676 0.352793 2.961191
-0.117437 -0.296548 -2.952548
0.135335 -0.183022 -3.116389
-0.050930 -0.051663 -3.040319
-0.116423 -0.336183 3.097597
-0.286889 0.490021 -2.671032
0.469195 -0.285958 3.081751
-0.215939 -0.231213 2.732304
0.256583 -0.186610 2.737013
-0.187829 0.159371 2.681852
-0.355734 -0.270289 1.998398
0.406622 -0.228617 2.318177
-0.272769 -0.328085 2.944846
-0.005779 0.074234 2.916840
0.386022 0.107938 2.228263
0.222594 0.029573 2.584763
0.404668 0.187316 -3.053616
0.301530 0.485556 2.280505
-0.064779 -0.390878 -2.537270
0.469350 -0.135973 2.726413
0.221263 -0.311081 -2.990567
-0.300535 0.005392 2.204191
-0.164547 0.086510 3.044108
0.434097 -0.106796 -2.945000
-0.042967 -0.420454 2.788016
0.394083 -0.212132 2.586334
0.288355 -0.362342 2.618751
-0.211235 0.382127 2.777097
0.334534 -0.280680 2.715123
0.014744 -0.092776 3.117360
-0.257757 -0.228475 -2.945044
-0.434578 -0.008163 2.795996
-0.231072 -0.269808 2.773029
-0.272698 -0.328266 3.047250
0.031341 -0.010830 3.129179
-0.131680 0.085960 3.083334
0.063959 -0.095017 2.644519
-0.049638 0.203762 -2.590336
0.464863 -0.333333 2.021269
-0.440139 -0.353453 -2.254313
0.330074 -0.369496 -3.027473
0.418521 -0.080828 2.399257
-0.261841 -0.280753 2.346151
0.391685 -0.115468 2.713663
0.327660 0.020178 2.441547
-0.344581 0.260508 3.032480
-0.416081 0.331922 2.901468
-0.366712 -0.331693 2.124444
0.308400 -0.414071 2.561270
0.310749 0.319888 -3.017574
-0.010230 0.426790 1.946650
-0.416434 -0.011638 2.295991
-0.415970 -0.410883 2.784801
-0.325735 0.323555 2.620925
0.389843 0.423637 1.973849
-0.119936 -0.300653 -2.768223
0.389676 -0.111734 2.797509
0.366918 0.445563 2.112553
0.322628 -0.322533 2.297448
-0.386597 0.055845 3.026324
0.216898 0.413395 -3.116181
-0.380229 -0.400591 2.377148
0.194755 -0.310641 3.039410
0.019483 -0.006693 2.745605
0.192839 0.423134 -1.971976
-0.493310 0.184439 1.906905
-0.048321 0.070076 3.060649
0.169069 0.310936 -2.864580
-0.289969 -0.356130 2.902630
-0.117791 0.206291 -2.256163
0.384486 -0.143080 2.673423
0.444599 0.017817 2.690257
0.032252 -0.262829 2.753443
0.362534 -0.439167 2.517319
0.030600 -0.079975 3.081790
0.472156 -0.170565 2.389190
-0.300416 -0.382313 3.031987
0.473538 0.126446 2.036110
0.429991 -0.066859 -3.122563
0.028643 -0.081405 3.052678
0.163268 0.104776 2.872157
-0.162060 -0.133885 3.105174
-0.162423 -0.162306 3.093842
0.403288 -0.418023 2.812633
-0.279855 -0.344683 3.001105
0.261845 0.321718 2.853916
0.082326 -0.181027 -2.794264
0.103811 -0.087455 2.675112
-0.169591 -0.158680 2.831301
-0.475961 0.227268 -3.047335
-0.254904 -0.454176 3.128627
0.222010 0.426255 -2.974371
-0.115010 -0.166499 2.293561
0.190613 0.453720 -2.538309
0.333408 -0.254062 2.067356
0.059356 0.384368 2.861905
-0.071943 -0.378170 -2.858321
0.132145 -0.427685 -2.822367
-0.296595 -0.138458 2.708602
0.015377 -0.127469 3.086655
