0.309836 0.182629 2.921896
0.405931 0.379250 2.802271
0.118098 -0.417809 2.725110
0.224682 0.035952 2.160006
0.383666 -0.420415 -2.765984
0.495545 -0.421712 -2.845451
0.199729 -0.375924 1.805346
0.407624 0.390789 2.725474
0.002452 0.491799 -2.978526
0.273581 -0.139260 -2.741628
-0.493490 -0.476296 -2.827058
-0.336887 -0.023253 -2.819257
0.059060 0.159916 2.581280
0.344989 0.409606 2.669305
-0.449185 -0.249024 2.908676
-0.169008 0.184501 2.403833
-0.251802 -0.401860 2.739906
-0.161866 -0.065349 3.126642
-0.349186 -0.002674 3.107211
-0.197599 -0.186308 3.032212
-0.167283 -0.110021 2.978989
-0.274385 -0.305202 2.383849
-0.108156 -0.350008 -3.084663
-0.264901 0.322216 -2.643539
-0.169862 -0.057974 -2.974320
-0.376169 -0.224258 2.775170
-0.365564 -0.355126 2.747480
0.205584 -0.032203 2.292724
-0.364615 -0.064979 3.023649
-0.185225 -0.000229 2.894937
-0.170131 0.183859 2.851838
0.312277 0.488438 2.579209
0.377989 0.414857 2.838456
0.246621 -0.095566 2.862728
0.326541 -0.374795 2.790542
0.050454 -0.243408 -2.572847
0.360111 -0.040556 2.910929
0.060358 0.158141 2.281578
-0.345964 -0.002245 -2.806589
0.118491 0.064930 2.582154
0.481993 -0.193862 2.431089
0.260773 0.457523 3.115861
0.162119 0.112612 3.012938
0.344133 0.246338 2.570735
0.019473 0.393237 -2.797345
0.126859 -0.390399 2.753381
-0.194018 -0.183135 2.850885
0.000825 0.178871 2.524671
-0.246605 -0.390143 -2.662569
-0.180740 -0.028989 2.391842
0.252213 -0.425550 1.891639
0.179146 -0.214229 2.050413
0.352288 0.283879 2.322919
-0.272706 0.210971 2.891651
-0.315031 -0.379289 -2.908359
0.126827 -0.384948 2.445338
0.477523 0.391482 3.122610
0.101373 0.157591 -2.953978
-0.347539 0.151662 3.117560
0.468037 -0.247530 2.354248
0.010180 0.472139 2.744800
0.423506 -0.387108 1.859053
0.046875 -0.327774 2.303535
0.129060 -0.388121 2.451384
-0.362031 -0.359263 2.805712
-0.206675 0.214062 2.904506
-0.010863 -0.339030 -2.927497
-0.170335 0.326171 1.897041
0.152822 0.119529 2.816131
0.476191 -0.235388 2.298803
0.155386 -0.202404 2.461690
-0.237482 0.356032 -2.473041
-0.192809 0.200833 2.442919
0.463904 0.385370 -3.112148
-0.448017 -0.159234 2.631668
-0.432827 -0.148019 2.594032
0.228055 -0.172664 2.910994
-0.491620 -0.204904 2.507613
-0.448967 -0.454331 2.159029
0.241577 -0.097662 2.752739
0.165640 -0.195189 2.514547
-0.284555 0.364003 3.110069
0.433841 0.083908 -2.149748
0.299612 0.154676 3.128795
-0.193313 -0.378135 2.372730
-0.188567 0.092694 2.885948
0.116870 0.067013 2.475767
0.322202 0.280156 2.765511
0.213549 0.052687 -2.565795
-0.118050 0.424673 -2.934703
-0.462877 -0.192763 2.739675
0.012109 0.426817 -2.897038
0.198806 0.319694 2.648904
0.085133 -0.013877 -2.844368
-0.254586 0.086087 3.080667
-0.467023 -0.093454 -2.946384
0.220859 -0.410957 2.250574
0.270080 0.118343 2.417427
0.365163 -0.454759 2.819601
-0.466317 0.257113 3.116215
-0.235420 0.131635 -2.939482
-0.362963 -0.071895 2.677431
-0.413708 -0.133465 2.367525
-0.453858 -0.181155 3.063278
-0.154967 0.169808 -2.937776
0.179792 -0.375919 -3.109586
-0.353403 0.010965 -2.764550
0.351569 0.245342 2.642853
0.098879 0.024106 2.810120
-0.190903 -0.030156 2.907359
-0.194128 -0.051952 2.560653
0.284742 -0.224613 -3.066254
0.132262 -0.381639 2.736040
-0.468072 0.235420 2.886970
-0.174409 -0.087696 -3.108789
-0.278954 0.459692 -2.661809
-0.083587 0.396019 -2.700513
0.119299 0.062611 2.315736
-0.185912 -0.073634 -2.665124
0.249519 0.101098 2.626612
0.131062 -0.359979 2.622391
0.152709 0.274954 2.658679
-0.118525 -0.338890 3.072688
-0.092080 -0.402404 -2.457804
0.144108 -0.386186 2.594415
-0.405352 0.179514 1.995851
0.166169 0.470967 2.500007
0.221094 -0.300525 2.789338
0.213618 -0.024047 2.426767
-0.167153 -0.061727 -2.886714
-0.403881 -0.446856 2.755122
-0.196851 -0.237127 -3.105235
0.257373 -0.032632 2.426350
-0.171398 -0.113396 2.712452
0.113657 -0.450655 2.667625
0.367685 0.374304 2.837919
0.060817 0.066491 -2.820738
-0.280077 0.016960 2.941884
0.437269 -0.431347 2.112239
0.483394 -0.374640 2.628483
0.407996 0.192451 2.818177
-0.213006 0.219269 3.098095
0.161668 0.125750 -3.006011
0.382272 0.414026 -2.841682
0.343601 -0.115831 2.056938
-0.209122 -0.227780 2.995914
-0.014020 0.291367 -3.087257
0.107192 -0.036285 2.248917
-0.475097 0.081124 2.726996
-0.484198 -0.322558 2.706443
0.442967 0.266556 2.302473
-0.227960 -0.476914 2.848591
-0.357227 -0.070726 2.923556
-0.428111 -0.192889 2.595577
-0.438092 0.017855 -2.963945
-0.394964 0.149645 2.713543
-0.064262 0.304474 2.837259
0.266960 -0.107414 -2.988622
0.385948 0.372539 2.729217
0.375164 -0.314015 1.829719
0.030478 -0.123286 1.721664
-0.460668 -0.271934 2.509208
-0.192624 -0.019652 2.816515
-0.130659 0.086179 2.788208
0.116342 -0.433045 2.698330
0.154655 -0.162575 1.864400
0.356988 0.061164 2.242659
0.226291 -0.097306 3.140910
-0.179681 0.214096 2.687233
-0.496858 0.037241 3.077655
-0.157199 -0.228610 -2.957520
0.486753 -0.139730 -2.301100
0.122796 -0.007730 -2.499040
0.042598 -0.119140 2.055993
0.135040 0.079412 2.540217
0.006808 -0.371941 -2.454530
-0.182364 -0.033279 3.000314
-0.020921 0.478547 -2.877764
-0.196082 0.266078 2.890277
0.184833 0.153717 2.167916
0.306462 0.246459 2.598185
0.010818 0.341322 -2.679113
-0.094382 -0.406600 -2.598083
-0.191809 -0.145309 2.970728
0.388894 0.322332 2.613220
0.094709 -0.150164 -3.105085
-0.131835 -0.308302 -2.654643
0.469475 -0.399916 2.400669
-0.181074 -0.014165 2.985521
0.163876 -0.057900 2.234707
0.184039 -0.046754 2.426394
-0.442484 -0.049727 2.682899
-0.403328 0.391800 1.338907
0.349432 0.233091 2.864632
0.477346 -0.240357 1.922517
0.228125 0.247338 2.137850
0.475139 0.361038 -3.060831
0.323824 -0.384120 1.791626
0.267711 0.115291 2.696608
-0.353432 0.215462 3.023811
0.477517 -0.228872 3.078416
0.365215 0.367570 2.610591
0.369860 0.366518 2.625793
-0.353618 0.177226 -2.960362
-0.422611 -0.141756 2.299761
0.327114 0.370869 2.380771
-0.371425 0.123974 2.810232
-0.111910 -0.265646 -2.948706
0.088681 -0.138971 3.102352
-0.078401 0.189687 1.760789
0.256958 -0.228831 2.840759
-0.175559 0.023570 2.532828
0.380609 0.008265 1.933790
-0.165919 0.185248 2.980284
-0.182001 -0.075035 2.970507
0.009846 0.317457 -2.829854
-0.160173 -0.095682 3.100757
0.047241 -0.459890 -3.129916
-0.330143 0.071105 -2.252368
-0.038764 -0.242599 -1.695098
-0.371240 -0.374390 2.352795
0.359445 -0.066874 2.939713
0.217221 -0.141119 2.707380
-0.392198 0.160767 2.805933
0.183204 -0.424303 -2.954863
0.000239 -0.469267 -2.414893
0.132405 -0.178754 2.529583
0.256496 0.112345 2.994391
0.340025 -0.106574 1.470056
-0.245538 0.091673 -2.968091
-0.361276 -0.224811 -3.055931
0.257943 -0.157048 2.324919
-0.477024 -0.479570 2.122006
0.204718 -0.361728 1.931755
0.335137 0.257975 1.894082
0.227497 -0.355426 2.594271
-0.182203 -0.089450 -2.958110
-0.345231 0.001453 3.030991
-0.355025 0.213553 3.078325
-0.308227 -0.079070 -2.994953
0.367088 -0.457830 2.432642
0.161207 -0.394662 2.976589
-0.231526 0.387234 2.211739
-0.106845 0.436933 -3.064261
0.106818 -0.233025 2.647071
-0.470500 -0.330173 -2.997439
0.044106 -0.416029 2.720246
-0.375375 -0.074809 2.854869
-0.015144 -0.065945 -2.889200
-0.170488 -0.221466 -2.280802
-0.300626 0.009878 -1.409190
0.169388 0.234607 2.188880
-0.306918 0.039785 -2.614355
-0.030818 -0.116558 -2.911396
-0.458492 -0.159131 -3.007078
-0.198765 -0.110372 3.053256
0.285691 -0.408599 -2.272574
0.409695 0.103458 3.044115
0.126849 -0.396937 2.207824
-0.364805 -0.053463 -2.920556
0.393754 0.461993 -2.513187
-0.344315 0.008449 -2.782349
0.282408 -0.063852 3.122991
0.126701 -0.388407 2.440612
-0.158847 -0.137525 2.783454
0.008277 -0.078942 -2.957226
-0.342118 0.074840 -2.998371
0.416291 0.265992 2.552820
-0.315882 0.132966 2.873257
0.219839 -0.153918 2.757959
0.373472 0.393168 2.922048
0.156376 0.013473 3.075158
-0.448918 -0.279477 2.705609
-0.239640 -0.390291 -2.986613
-0.449017 -0.157153 2.645006
-0.153130 0.340394 2.465055
-0.176095 0.181733 2.545388
-0.448833 -0.266708 2.759763
0.345485 0.234569 2.840665
0.176467 -0.429426 -3.029695
0.242296 -0.074849 2.649624
-0.248998 0.131021 2.239422
-0.121797 -0.009647 2.726394
-0.077326 -0.479858 -2.150458
-0.349789 0.013080 -2.908398
0.007972 -0.377282 2.961253
-0.177498 -0.081915 -2.974612
0.296497 0.449496 2.888444
-0.165556 -0.092321 -3.131412
-0.357786 0.223642 2.439084
-0.481743 -0.312510 2.664251
0.066817 -0.075444 1.537566
0.295757 -0.412957 -2.199011
0.472307 -0.227777 2.438368
0.268207 -0.112749 -2.813543
0.218065 -0.178922 2.724124
-0.010381 0.153217 2.952684
-0.114940 -0.316477 3.016261
-0.408093 0.082485 3.137578
0.156187 0.111845 2.906547
-0.108901 0.454869 3.130453
-0.312783 -0.344672 -3.139739
-0.066492 -0.229387 -2.601329
-0.248704 -0.112961 -2.627101
-0.316647 -0.364316 -3.093314
-0.474586 0.397670 -2.402385
0.259728 -0.273299 2.957648
-0.390993 -0.117585 2.409379
0.073199 -0.085694 2.661468
-0.388754 0.209975 3.052696
-0.479742 -0.107718 2.340609
0.234745 -0.112918 2.577888
-0.481309 -0.322858 2.976076
-0.196863 0.158359 2.512921
0.256474 0.271449 2.320096
0.054846 0.153323 2.514065
0.197625 0.204209 -3.002971
0.138649 -0.383464 2.511020
-0.258854 -0.431404 -3.064392
0.276963 -0.063385 -3.116696
0.017131 -0.357293 -2.675419
-0.378573 0.196673 2.126589
-0.367210 0.128233 2.539106
0.226965 -0.103079 -3.119183
-0.249134 -0.401475 2.878435
0.249389 -0.065881 2.624264
0.109821 -0.253386 2.827466
-0.393918 0.477558 2.389825
0.155378 -0.178438 2.256769
-0.185622 -0.074691 -2.931386
-0.451716 -0.194876 2.524281
0.362134 0.037107 2.927185
-0.422642 -0.184298 2.583478
-0.480013 -0.326782 2.918920
-0.174932 0.007720 2.913169
-0.340998 0.076464 -3.067036
-0.123139 -0.002188 2.645823
-0.228085 0.099798 -3.000361
0.406524 -0.134213 1.656259
0.381781 -0.431188 -2.979618
0.125304 -0.341254 2.841027
0.233412 0.006183 2.756445
-0.402391 -0.126663 2.569281
0.206188 -0.018388 2.657511
0.169133 0.152260 -3.125870
0.453205 0.310539 2.806403
0.385952 0.374917 2.828512
-0.496414 -0.170434 2.452918
0.135223 -0.297685 2.725838
0.120281 0.238237 -2.627115
-0.115378 -0.393306 2.313870
0.409997 0.096446 2.855570
0.385502 -0.346279 2.566298
0.474364 0.370343 -2.959040
0.340224 -0.377511 2.304670
-0.312365 -0.375109 -2.841619
0.202915 -0.016971 2.341969
0.226247 -0.399822 2.348458
0.169805 -0.185852 2.627581
0.412309 0.081577 2.817729
0.008795 0.431978 -2.636361
0.454965 -0.274809 2.556325
-0.011867 -0.332303 -2.981276
-0.134844 0.130784 2.869127
0.097316 0.238019 -2.371673
0.366601 0.319986 2.599170
-0.257815 0.080756 2.968497
-0.037294 0.288371 3.027644
-0.483879 -0.281330 2.636299
-0.240578 0.037142 -2.098395
0.200933 -0.044202 2.565856
0.256088 0.108439 2.579838
-0.166792 -0.198178 2.701195
0.174653 -0.355590 2.428649
-0.174655 -0.088852 -2.934066
0.345386 -0.005098 1.949395
-0.498527 -0.427191 -2.555188
0.375222 0.309806 1.943210
0.236526 -0.007655 2.674516
-0.178700 -0.094405 -3.075876
-0.007787 0.219887 2.499908
-0.370549 -0.146986 -2.829530
-0.369888 -0.173388 -2.589817
0.221011 -0.317477 2.472598
-0.487951 -0.325379 2.980152
0.066553 0.396042 2.687712
-0.112839 -0.256749 -3.007541
-0.085288 0.002632 2.576147
-0.374891 -0.178030 -2.470938
0.322222 0.274241 2.661123
-0.432026 -0.355684 1.898751
0.018108 0.408377 -2.880301
-0.243256 -0.002267 2.301823
0.019763 0.332395 -2.588108
0.154998 -0.172814 2.761272
-0.139070 0.448021 3.095699
-0.225721 0.487086 -2.232197
-0.067259 -0.491016 -2.642964
-0.499886 -0.102285 -3.051260
-0.193330 -0.129918 2.789158
