-0.170578 -0.438461 -2.827271
0.326805 -0.264116 -2.804945
0.229955 0.288572 -3.076107
-0.426074 0.290103 -2.563334
-0.297538 -0.162988 -2.540088
0.353434 0.263338 2.916280
-0.249079 -0.332639 2.675425
0.340096 -0.302422 -2.536212
-0.300907 0.090417 -2.272997
-0.014676 0.100159 -3.120981
-0.357187 -0.058247 -3.029023
-0.318465 -0.308941 -2.119368
-0.404667 -0.044737 -3.107335
0.127618 -0.189560 2.741587
0.056386 0.131853 2.513528
-0.299622 -0.167056 -2.584918
0.011906 0.212161 -2.953491
0.119472 0.189823 -2.914585
0.032009 0.277565 2.675936
-0.218162 0.295444 1.742793
-0.112392 -0.267213 -3.068692
-0.019231 0.082364 -3.059506
0.336280 -0.038099 -2.346705
-0.035114 -0.109817 -2.658620
0.184446 0.454665 2.546197
0.401031 0.399832 -2.303240
0.043231 -0.172597 -2.490699
-0.281561 0.357069 -3.031705
0.369313 -0.318938 -2.579483
0.046791 -0.161955 -2.696510
-0.393885 0.219154 -2.606496
-0.254474 -0.146338 -2.837620
-0.165244 -0.213251 3.013056
-0.172377 -0.216370 2.711336
0.263490 0.448624 -2.983617
0.294701 0.442896 -2.263330
-0.136285 -0.332784 3.139916
0.019859 -0.195321 -2.055254
0.326222 0.399236 -2.526078
-0.357512 -0.444464 2.825951
-0.000224 0.028209 -2.907749
0.297599 0.240464 -1.123339
0.075392 -0.404401 3.029214
0.192541 0.090180 -2.489376
-0.376132 -0.336639 2.791355
-0.146209 -0.028180 -2.923693
-0.117254 -0.271938 3.132678
0.273057 -0.367620 -3.099049
-0.242930 0.276785 2.805183
-0.304576 -0.316403 2.775347
-0.356505 0.226722 2.584599
0.252481 0.294331 -2.809289
-0.348510 0.142959 2.883735
-0.352669 -0.039945 2.958237
0.278799 -0.365426 -2.819713
-0.383410 0.036376 2.994971
-0.136384 0.027904 -2.351386
-0.180608 -0.148495 -1.479453
0.427710 0.323112 -2.379284
-0.301365 -0.290046 2.993649
0.316085 -0.139943 -2.593600
-0.369132 -0.070551 2.570460
-0.269460 0.372279 -3.070142
0.080933 -0.290382 -2.854640
-0.371624 -0.340496 2.809994
-0.412156 0.020697 2.939758
-0.260459 -0.186322 2.710419
-0.372692 -0.334057 3.052060
0.007136 0.221165 -2.795982
-0.273074 -0.175330 2.114537
-0.260974 -0.106286 2.531002
0.154033 0.024527 3.048066
0.389617 -0.160825 -2.563713
0.470352 0.489603 2.946520
0.400720 0.019819 -2.551331
-0.088435 0.110885 -2.776126
0.400400 0.336967 -2.032011
-0.235379 0.189504 -1.924571
-0.302145 -0.316390 3.032340
-0.272947 0.321931 2.966475
-0.195121 0.047722 -2.378608
-0.289930 0.497526 2.945423
-0.466634 0.126456 -2.113019
-0.436075 0.345145 -2.573090
-0.362518 -0.329571 2.714579
0.323283 0.390223 -3.111122
-0.344714 0.160437 3.078213
-0.357372 0.212253 2.550165
-0.353534 -0.043458 2.555385
-0.333371 -0.461128 3.059116
0.148022 -0.361488 -1.648302
-0.033978 -0.102078 -2.709234
-0.376062 -0.332065 2.884144
-0.343687 -0.218829 -2.631642
-0.350497 -0.312395 2.387136
-0.130400 -0.114724 3.114135
0.475348 -0.168873 -2.990102
-0.305547 -0.306255 -3.125312
-0.151330 -0.150835 -3.087171
0.336829 -0.098540 2.746569
0.002662 0.249693 3.002981
0.074532 0.483669 2.174368
-0.256049 -0.129267 2.154068
-0.105270 0.173807 2.182418
-0.240401 0.141988 -1.063325
-0.410392 0.231781 -2.408583
-0.424202 0.274066 -2.786978
-0.295400 -0.318482 3.012201
0.394390 -0.215724 2.399291
-0.053513 -0.089611 -2.631631
-0.027170 -0.106550 -2.758949
-0.268470 0.326706 -3.044470
0.159781 -0.086462 -3.100916
-0.046540 -0.018218 -2.245325
-0.337441 -0.003819 -3.091876
-0.399076 0.234382 3.134386
0.106646 0.348073 3.120411
-0.252800 0.130630 3.020470
-0.390555 -0.178312 -2.928400
-0.016839 -0.227322 2.982157
0.149104 0.123547 2.588613
-0.426598 0.276987 -2.601598
-0.171039 0.032631 -2.970168
0.258727 -0.339454 -2.175006
-0.292932 0.425114 -1.853361
0.005845 -0.203494 2.743342
0.303629 0.286631 1.998273
0.458549 0.366322 -1.725482
0.156721 -0.089064 -3.044806
-0.149806 0.102451 -1.821259
-0.431712 0.270649 -2.726062
0.103667 0.049581 2.652595
-0.057723 -0.266095 -2.744617
-0.291550 0.454794 2.769001
-0.151151 -0.400095 -3.089458
0.332985 0.363971 -2.865959
-0.321848 -0.185746 2.713974
-0.474828 0.096511 -2.360341
-0.264322 0.360200 -2.822979
-0.107375 -0.274653 -2.326415
-0.483783 0.134742 -2.903929
-0.006977 0.169156 -2.617360
-0.255877 0.297902 2.871335
-0.304251 -0.270774 3.062754
-0.145314 -0.374271 3.124633
0.071178 -0.283779 -2.604669
0.247405 -0.488379 -2.395331
-0.344305 0.146913 2.753164
-0.132797 -0.252447 3.060884
0.174087 0.414807 -3.073693
-0.341396 -0.218438 -2.576537
0.372388 0.438101 2.466580
-0.049012 -0.088782 -2.552748
0.332656 0.334920 3.135779
0.398707 -0.223894 -2.968246
0.285061 0.230091 -3.062525
0.489334 -0.410147 1.979109
-0.301557 -0.321698 3.018990
0.096350 0.077836 2.506446
-0.085153 0.258052 -2.454355
-0.398737 -0.062350 3.011866
0.023812 -0.102374 -2.141940
0.015899 -0.341579 -2.453240
0.037119 0.456499 -2.066922
-0.266202 0.253025 2.846118
0.446300 -0.193208 -2.410450
0.175312 -0.468545 1.718239
-0.204596 0.090141 -2.868845
-0.025821 -0.131829 -2.797968
0.057457 0.150345 3.101423
0.062349 0.037562 -2.739841
-0.358986 -0.063668 2.834013
0.060062 -0.221566 -2.078245
-0.374806 -0.332797 2.645917
-0.072003 0.001013 2.645105
-0.025413 -0.113331 -2.394534
-0.063628 -0.068639 -2.282589
-0.154568 0.214235 -2.931304
-0.012985 -0.234543 -2.282285
-0.337902 -0.455402 -3.084098
0.327212 -0.258169 -3.001104
0.100902 0.101337 2.744235
-0.322093 0.115221 2.952457
-0.333074 -0.463388 3.044243
-0.028966 0.256431 3.070912
-0.283272 0.472865 3.094970
-0.278101 -0.267927 -2.935127
-0.208061 0.092545 -2.952544
0.175292 -0.349331 2.134399
-0.456163 0.196516 -2.802190
-0.396213 -0.051752 -2.956875
0.078361 -0.285884 -2.728148
-0.033078 -0.138514 -2.475916
0.419329 0.327386 -2.259360
0.357171 -0.279391 -2.549748
0.345128 0.421752 -2.013690
-0.412885 0.215788 -2.887003
0.323690 -0.484056 -1.582332
-0.349668 -0.315889 2.737975
-0.281009 0.463397 3.092172
0.026718 -0.390658 1.368670
0.480046 0.473074 -1.958161
-0.027428 -0.112444 -2.619710
-0.263344 0.300978 -3.138733
0.332553 -0.031996 -2.604835
-0.401181 -0.046132 -2.897112
-0.073371 -0.046285 -2.568693
-0.269477 0.340437 2.981897
0.287704 -0.193888 -0.572832
0.031317 -0.136531 -2.735507
-0.399243 -0.051642 2.918252
0.024287 0.346433 -1.880856
-0.379211 -0.338450 2.909195
-0.283646 0.316266 -3.056467
0.152229 -0.119712 3.005234
-0.262953 0.370869 -3.000971
0.443742 0.131572 -2.450675
-0.051932 -0.083157 -2.624078
-0.295380 -0.302713 2.995831
-0.212524 0.005972 -2.930888
-0.095079 0.138337 3.062642
0.270297 0.160876 -2.792325
0.091929 -0.353428 -2.688407
-0.089643 0.147506 3.058038
0.317839 -0.252660 -2.527712
0.189528 -0.369246 -1.534305
-0.247243 0.371418 2.816108
-0.365317 -0.060822 2.701472
-0.294180 0.244767 -3.039419
-0.343500 -0.448281 3.007716
-0.008899 0.198515 -3.090483
-0.151355 -0.435041 -2.950474
0.326914 -0.251120 -3.098773
-0.134458 -0.104295 2.197021
0.149334 -0.055467 -2.641269
-0.160578 0.006084 -2.823357
-0.351909 -0.473545 2.514179
-0.427657 0.272865 -2.773705
0.424222 0.160948 -2.235590
-0.358696 -0.047541 2.893243
0.074775 -0.412604 -2.980455
-0.136649 -0.424555 3.037184
-0.354165 -0.419702 3.016262
-0.431843 0.234792 2.138624
-0.337603 -0.424168 2.877477
-0.429206 -0.453101 2.995696
-0.393483 0.209925 -2.254488
0.032926 -0.133421 -2.617365
-0.405011 -0.064120 2.992666
-0.101332 -0.353604 2.341528
-0.012426 0.196176 3.012864
0.029079 0.299793 -2.644540
0.096594 -0.495461 -2.768047
0.290499 -0.374933 -2.452432
-0.159379 0.197762 -2.920014
0.050780 0.258723 3.008235
-0.423998 0.322759 -2.616874
0.088449 0.074458 2.187935
0.108979 -0.056744 -2.341423
0.289215 0.478364 -1.198750
0.380459 0.036424 2.747555
-0.257020 0.255904 2.956220
-0.311575 -0.426266 -2.429449
-0.360214 -0.343957 2.920922
0.069449 -0.440841 -2.821447
0.108976 -0.008156 -2.815657
-0.294203 -0.153974 -2.344690
0.115917 0.412955 -2.682763
0.389930 -0.162011 -2.526252
-0.032012 0.131555 2.899336
0.109006 -0.039500 -2.894994
-0.026366 0.339986 -1.773942
-0.298544 0.008803 -2.848873
-0.401766 -0.067449 -3.097336
0.075719 -0.477226 -2.595753
-0.140248 -0.210195 2.687080
-0.152742 0.054546 -3.074558
-0.264720 0.318239 3.011680
-0.348690 -0.470205 -3.136114
-0.104329 0.128005 -2.815014
-0.221604 0.112048 -2.822804
-0.028180 0.258557 3.102944
-0.356343 -0.338699 2.256057
-0.278831 0.308283 -3.080639
-0.370130 -0.335586 2.919355
-0.351740 -0.231519 -2.877595
-0.365086 -0.326190 2.994338
0.266679 -0.334639 -2.836178
0.359411 -0.282772 -2.638490
0.130710 -0.406849 2.703616
-0.333557 -0.459878 3.119003
0.333602 -0.268439 -2.845216
-0.458268 0.117866 1.802038
0.149673 0.229033 2.717349
0.046463 -0.197990 -2.169017
-0.170027 0.269195 3.084573
-0.006208 0.067015 -2.872224
-0.044911 0.272575 -3.093487
-0.266460 0.089465 2.805288
-0.063764 -0.313128 -3.082322
-0.374903 -0.317191 2.744533
-0.128977 -0.411153 2.702660
-0.426458 -0.432765 -3.095933
-0.375571 -0.338947 2.973980
-0.130202 0.031455 -2.375617
-0.161126 -0.497957 -2.303467
-0.149645 -0.407179 2.801497
-0.217369 0.107193 -3.069945
-0.412973 0.271085 -2.836855
-0.004674 0.190511 -2.497012
-0.082790 0.144012 -2.977561
-0.028015 -0.107231 -2.582018
-0.176931 0.039904 3.056608
-0.448232 0.162528 -2.961614
0.251850 0.170376 -2.866345
-0.285559 -0.322755 -3.126000
-0.064327 -0.271227 3.134405
0.253353 0.070422 2.638524
-0.245154 -0.382391 2.949204
-0.382602 -0.462901 2.657617
-0.023754 0.245700 2.316289
-0.335372 0.487422 2.523127
-0.279973 0.213258 2.899798
0.125410 0.487538 -2.873845
0.415056 0.278759 -2.977002
0.484879 0.453873 -2.624235
0.331776 0.367422 -2.659823
-0.259759 -0.150016 2.856330
-0.372740 -0.330149 2.770572
-0.285748 0.490261 -3.013041
0.398257 -0.224998 2.962697
-0.421946 0.273473 -2.649206
-0.371396 -0.330648 2.999064
-0.133535 0.039141 -2.337734
-0.256562 0.146069 2.825996
-0.058471 0.120520 3.099637
-0.145362 0.039463 -2.210429
-0.348748 -0.474811 3.005609
-0.005424 0.378345 -2.209654
0.318657 -0.252505 -2.833759
-0.146866 -0.384267 3.074501
0.157382 -0.105274 -2.805423
0.057446 0.139005 2.911335
-0.217569 0.115303 -2.696146
-0.273497 0.215316 2.981303
-0.350673 -0.498335 2.969823
-0.208295 0.109895 -2.696634
-0.299932 -0.302491 -2.946669
-0.084406 0.085692 -2.823206
0.360893 0.321959 -2.420226
0.292170 -0.017109 2.385353
-0.355219 -0.436932 3.072162
0.400234 -0.238781 2.676801
-0.250527 -0.044827 2.119857
-0.362917 -0.071345 2.920762
-0.430260 -0.089491 3.090204
0.356464 -0.267212 -2.514687
-0.348620 -0.454192 -2.864690
0.363170 -0.312423 -2.683614
0.170789 -0.028537 -2.993784
0.422709 -0.213969 -2.336692
-0.155897 -0.234413 -2.379597
0.493664 -0.201497 -2.978978
-0.282619 -0.429240 -2.582749
0.082662 -0.456201 -2.803598
-0.294319 -0.170315 -2.316235
-0.275619 0.366731 -2.849910
-0.395317 0.261427 -2.793626
-0.392192 0.216900 -2.523343
-0.137021 -0.242420 3.129779
-0.348998 0.340474 -1.053713
-0.124448 -0.443669 -3.038785
0.241815 0.055680 2.781803
-0.148253 -0.384849 3.100135
0.288145 -0.178016 -2.626963
-0.078399 0.056476 -2.795538
0.253962 0.194350 -3.108140
-0.086878 0.098097 2.940964
0.141429 -0.213948 2.924889
0.407027 0.343080 -2.128986
0.306600 -0.257772 2.459066
-0.137832 -0.374051 2.923397
-0.345389 0.417634 2.298300
-0.370814 -0.347179 2.854509
-0.288873 -0.445683 -2.242978
-0.068243 -0.050249 -2.519369
-0.424031 -0.453281 3.112883
0.265490 0.165499 2.590624
-0.173819 -0.461833 -2.507742
-0.295630 -0.297974 3.011202
0.011262 -0.126317 -2.817371
0.329281 0.268359 -3.035798
-0.431227 0.276607 -2.651964
-0.253383 -0.377500 -2.383802
-0.159771 -0.001186 -2.969790
-0.417340 -0.454435 2.927538
-0.333117 -0.000866 -3.137580
-0.210541 0.090444 -3.068654
-0.403246 -0.061309 3.053476
0.402614 -0.273120 -3.082186
