0.484285 0.163176 1.530579
0.475478 0.173210 1.864381
0.443442 0.169615 1.438801
0.472192 0.151014 1.456418
0.480030 0.164347 1.429026
0.481963 0.168966 1.811088
0.489474 0.061584 1.624380
0.484985 -0.488018 -2.858573
0.478523 0.057105 1.619350
0.488412 0.118522 1.658611
0.490944 0.166901 1.922866
0.457602 0.156219 1.565831
0.487901 0.033360 1.500912
-0.495757 0.055863 -1.744391
0.484043 0.164779 1.789661
0.495699 0.054325 1.474871
0.463647 0.166038 1.679649
0.481102 0.160320 1.509966
0.474077 0.157828 1.598505
0.473534 0.172103 1.503389
0.474265 -0.469454 -2.741662
0.496227 0.168528 1.478677
0.471513 -0.474097 -2.535790
0.484015 0.151396 1.587965
0.469295 0.122028 1.689945
0.487495 0.173067 1.574980
0.462063 0.155678 1.367773
0.478633 0.170379 1.503651
0.496998 -0.485888 -0.361304
0.474481 0.168240 1.586698
0.481773 0.157111 1.619099
0.466246 0.147759 1.593099
0.482054 -0.486061 -2.791635
0.498410 0.163643 1.570861
0.470896 0.128122 1.755492
0.464734 0.171612 1.560540
0.475613 0.116200 1.627800
0.476364 0.165930 1.424948
0.485165 0.154339 1.684316
0.464684 0.155593 1.404513
0.466882 0.150415 1.652958
0.488139 -0.484700 -2.845709
0.481860 0.178306 1.487713
0.465062 0.173320 1.464165
-0.491366 0.054282 -1.695353
0.472321 0.119613 1.718827
0.479907 0.148616 1.419751
0.485418 0.173033 1.831967
0.480952 0.149513 1.597291
0.471608 -0.481773 -2.864888
0.499764 -0.479317 -2.669653
0.499102 0.053199 1.361632
0.476492 0.150436 1.732485
0.495311 0.167240 1.189170
0.460161 0.165891 1.704023
0.480740 0.166200 1.562997
0.453679 -0.480556 -0.553822
0.477280 0.119587 1.670279
0.485235 0.169339 1.689399
0.461399 0.163655 1.472105
0.483007 0.159688 1.774163
0.480135 -0.499266 0.580221
0.488427 0.157403 1.584855
0.453174 -0.476817 -0.478150
0.497936 -0.489307 -0.368781
0.394684 0.310636 -0.770666
0.477743 -0.498874 -2.838329
0.461077 0.162995 1.640265
0.485862 0.163889 1.653843
0.490674 0.169508 1.516818
0.469316 0.166517 1.296622
0.476691 0.159490 1.659354
0.463988 0.170130 1.801180
0.464728 0.169727 1.482504
0.458570 -0.479112 -0.547568
0.475761 0.169477 1.523306
0.497952 -0.470212 -0.219556
-0.450627 -0.409444 -1.526188
0.497006 0.033334 1.489062
0.495088 0.128135 1.668760
0.459178 -0.478882 -0.310434
0.458213 0.156187 1.372207
0.471688 0.164542 1.966698
0.445424 -0.484867 -0.297729
0.457467 0.151490 1.545396
0.463881 -0.490031 -0.267406
-0.495413 0.072468 -1.550462
0.475460 0.160676 1.545078
0.477508 0.165503 1.673290
0.485928 -0.479740 -2.756587
0.443433 0.118211 1.581509
0.469585 0.162162 1.784420
0.476332 0.132043 1.433929
0.464325 0.169122 1.675261
0.429391 0.166152 1.772436
-0.468309 -0.399903 -1.529264
0.478134 0.165395 1.930565
0.472040 0.171371 1.695467
0.482421 0.160964 1.273756
0.491785 0.165443 1.840762
0.472095 0.122275 1.513481
0.481142 0.160297 1.665488
0.499188 -0.486453 -0.237393
0.487667 0.159921 1.730522
0.480124 0.110805 1.887637
0.498083 0.169690 1.566823
0.439242 0.128132 1.608885
0.472667 0.145931 1.602618
0.499646 -0.487422 -2.774834
0.486686 0.163070 1.658338
0.490605 0.159502 1.765327
0.476722 0.160691 1.442742
0.448171 0.147409 1.672576
0.478477 0.175761 1.770441
0.484117 0.165073 1.530030
0.460460 0.151925 1.625260
-0.477270 -0.371526 -1.755602
0.474678 0.118397 1.634669
0.472937 0.156052 1.495798
0.455535 0.122687 1.589561
0.465038 0.167003 1.705739
0.499678 -0.477735 -0.277263
0.472884 0.169980 1.677208
0.464404 0.156536 1.749219
0.469860 0.169417 1.599426
0.455056 0.157859 1.468497
0.465531 0.155484 1.489886
0.480014 -0.485515 -0.518894
0.499504 0.145095 1.626079
0.490441 0.166716 1.816719
0.490192 0.165465 1.692337
-0.411773 -0.416371 -1.622560
-0.447846 -0.388768 -1.554115
0.459989 -0.493664 -0.381378
0.499022 0.011912 1.419312
0.481785 -0.488495 -2.703502
0.469989 -0.488708 -0.297033
0.498033 0.153527 1.419922
0.496909 0.163428 1.692718
0.494920 0.173516 1.466147
-0.461848 -0.463657 -1.472460
-0.475144 0.048167 -1.446786
0.473062 0.147498 1.831799
0.462686 0.173495 1.402087
0.462630 0.149883 1.490007
0.467151 0.169668 1.733572
0.469374 0.174853 1.442336
0.483928 0.161426 1.871693
0.476738 0.150671 1.689884
0.453198 0.173956 1.378153
0.497034 0.163848 1.235709
-0.441278 -0.379040 -1.429187
0.456303 0.168708 1.533400
0.474347 0.171452 1.719987
0.469710 -0.485897 -0.519174
0.461919 0.119754 1.605673
0.457168 -0.485148 -0.183585
0.496708 -0.462456 -0.674901
0.471629 -0.493590 -2.751760
0.491681 0.167572 1.913862
0.477758 0.173452 1.691682
0.496454 0.157425 2.057293
0.467971 -0.493583 -0.336336
0.498380 0.057115 1.494578
0.476805 0.174082 1.758436
0.463110 0.167898 1.416336
0.493214 0.152968 1.354232
0.476014 0.160072 1.678162
0.478634 0.165772 1.750506
0.457389 0.167341 1.895480
0.493586 0.158335 1.732812
-0.479874 -0.391228 -1.351189
0.482016 0.173359 1.555222
0.467796 0.169223 1.606111
0.441717 -0.475755 -0.492901
0.496994 0.173683 1.607353
0.447500 -0.473072 -0.406584
0.492845 0.175286 1.743452
0.485843 -0.480137 -2.785410
0.440339 0.150828 1.551179
0.464511 0.147492 1.850979
0.486709 0.161124 1.563617
0.452268 -0.473148 -0.409486
0.487501 0.170804 1.679932
0.437694 0.117776 1.583409
0.477712 0.163040 1.690054
0.462672 -0.480361 -0.310751
0.478977 0.163674 1.290064
-0.456460 -0.443036 -1.707335
0.493648 0.122101 1.600295
0.473042 0.117444 1.905457
-0.448375 -0.387061 -1.741618
0.495334 0.159429 1.600966
0.490012 -0.486904 -2.654948
0.494180 0.130444 1.698595
0.480596 0.129458 1.963982
0.466133 -0.476021 -0.371099
0.493277 0.166539 1.449916
0.488894 0.167481 1.871308
0.484775 0.158445 1.426604
-0.485939 0.038580 -1.577675
0.496971 0.121578 1.491837
0.491376 -0.473733 -2.693156
0.498844 -0.490459 -0.349641
0.487630 0.166439 1.675523
0.461193 -0.459464 -0.574508
0.461585 0.168579 1.562973
0.469931 0.167160 1.668196
0.477514 0.166481 1.542515
0.461379 0.159745 1.575166
0.478271 0.164857 1.449861
-0.469283 -0.427525 -1.647309
0.497319 0.164477 1.767926
0.459617 0.146720 1.553311
0.486748 0.174342 1.629535
0.487078 0.128148 1.662778
0.485202 -0.485490 -2.818148
0.469844 0.122356 1.553136
0.465577 0.163599 1.713707
0.478198 0.159763 1.620771
0.489207 0.165675 1.698069
0.480934 0.169729 1.358202
0.477880 0.163517 1.767788
0.472979 0.172777 1.782770
0.467826 0.146349 1.783958
0.485260 0.169562 1.560964
-0.431331 -0.422573 -1.645731
0.495413 0.055474 1.690293
0.495387 0.051240 1.571093
0.480338 0.173294 1.529722
0.490961 0.170555 1.946054
0.472769 0.178474 1.455890
0.472703 0.156826 1.517490
0.463683 -0.475651 -0.362176
0.487531 -0.491199 -0.399972
0.464977 0.155886 1.640402
0.493020 0.146735 1.732357
-0.447497 -0.433551 -1.457501
0.465479 -0.494086 -0.236555
0.497455 0.163155 1.291992
0.435657 0.327220 -0.828227
0.482135 -0.478154 -2.968338
0.492775 0.168023 1.518212
0.474556 -0.482027 -2.521162
0.482821 0.130234 1.807369
0.467913 0.171044 1.734139
-0.475291 -0.442848 -1.639499
0.460287 0.168061 1.472650
0.487664 0.170172 1.497541
0.483742 0.148572 1.676947
-0.445957 -0.439864 -1.582052
0.469040 -0.496513 -0.334521
0.478005 0.162098 1.551771
-0.456204 -0.426625 -1.235007
0.443994 0.157237 1.717242
0.482288 0.160373 1.762179
-0.459256 -0.458047 -1.430650
0.384179 -0.033335 1.698597
0.482134 0.157274 1.894494
0.481568 0.175619 1.531583
-0.443681 -0.439358 -1.561536
0.462031 0.163722 1.551262
0.467404 0.150613 1.716090
0.478809 0.175564 1.831424
0.453487 -0.478469 -0.276282
0.465193 0.167545 1.689086
0.499528 0.177629 1.576843
0.473139 0.168240 1.350730
0.470827 0.157315 1.763900
0.474429 0.152801 1.759605
0.448733 0.163626 1.675967
0.491798 -0.471213 -0.411463
0.451673 -0.480643 -0.147502
0.459563 0.163335 1.687259
0.488981 -0.480397 -2.803641
0.447165 -0.491648 -0.339538
0.485237 0.167618 1.826338
0.441816 0.124242 1.753991
0.469562 -0.497723 -0.552975
0.474094 0.175258 1.555135
0.493202 0.158237 1.641332
0.482195 0.170626 1.562539
0.482540 0.165403 1.790007
0.474672 0.168720 1.608455
0.480513 0.172363 1.345171
0.477652 0.160525 1.556532
0.471746 0.152921 1.570918
0.465310 0.161374 1.632891
0.468396 0.157634 1.765327
0.487187 0.167342 1.304755
0.433235 0.157940 1.377782
0.494443 0.171434 1.384476
-0.472843 -0.410423 -1.582130
0.469976 0.170293 1.481486
-0.494344 0.253360 -1.659567
0.482127 0.171580 1.811720
0.493085 0.164363 1.751431
0.463425 0.159453 1.731475
0.470780 -0.482287 -2.338116
0.465151 -0.491584 -0.331848
0.456404 0.173531 1.615526
0.478406 0.119717 1.635831
0.456644 0.168807 1.570845
0.438651 0.169041 1.486333
0.484370 0.138112 1.567073
0.455792 0.151581 1.616338
0.472759 0.172135 1.688856
0.448837 0.150439 1.710625
0.457829 0.167601 1.638524
-0.439199 -0.391937 -1.730744
0.478114 0.169810 1.491073
0.498653 0.059610 1.565268
-0.445442 -0.384369 -1.493402
0.461905 0.162464 1.683483
0.479554 0.116783 1.587993
0.433056 0.164128 1.434212
0.467327 0.159232 1.474219
0.468142 0.170280 1.315773
0.481445 0.173836 1.555140
0.468400 0.168006 1.601499
0.469618 -0.499204 0.221054
0.481077 0.163553 1.532930
-0.436031 -0.370409 -1.840826
0.470951 0.118559 1.777978
0.463578 0.169746 1.722762
0.450780 0.161891 1.731051
0.468939 0.169871 1.757363
0.498812 0.163194 1.501718
0.496264 0.148034 1.551706
0.483958 0.167630 1.789084
0.483637 0.156188 1.728515
-0.471230 -0.418901 -1.512473
0.459417 0.151792 1.509898
0.494512 -0.480319 -0.417473
0.497027 -0.489083 -0.488043
0.446562 -0.477549 -0.421397
0.483457 -0.486994 -0.395377
0.471871 -0.481156 -2.721768
0.468471 0.123328 1.776785
0.471946 0.160708 1.624896
0.451122 0.162689 1.639341
-0.469492 -0.341647 -1.538606
0.491813 0.156987 1.528263
0.491364 0.171184 1.790718
0.477764 0.167481 1.497998
0.480717 0.165180 1.443993
0.490234 0.167890 1.497263
0.481245 0.171950 1.658773
0.474069 0.163000 1.615554
0.498224 0.167880 1.583039
0.473525 0.126206 1.610163
-0.475525 -0.471774 -1.787685
0.460623 0.165447 1.363509
0.470820 -0.487187 -2.595682
0.472037 0.139688 1.777262
0.462454 0.152170 1.611815
0.485883 0.173039 1.591988
0.437085 0.125780 1.492963
0.452831 0.160817 1.887422
0.450582 0.167137 1.581421
0.462290 0.161959 1.439575
0.468848 0.117322 1.910707
0.481697 0.123820 1.356957
-0.487783 0.278788 -1.480604
0.467577 0.156330 1.688337
0.477136 0.173676 1.657309
0.470411 0.161941 1.823940
0.471478 0.160360 1.486285
0.455385 0.182055 1.494271
0.462132 0.000786 1.586904
0.451641 -0.484159 -0.307984
0.476878 -0.480395 -2.897414
0.493252 0.156980 1.692362
0.476263 0.169700 1.441205
0.488605 0.152778 1.515808
0.478498 0.151623 1.809843
0.472882 0.150968 1.269770
0.491867 0.170971 1.631014
0.474349 0.167941 1.875254
0.467282 -0.488671 -0.196976
0.491674 0.171059 1.875051
0.493196 0.029605 1.363856
0.495398 0.056917 1.618156
0.457841 0.156560 1.555706
0.459588 -0.477526 -0.493252
0.464365 0.160879 1.626288
0.451381 -0.498104 -0.225265
0.479981 0.170636 1.897261
0.475566 0.169856 1.567355
-0.431669 -0.340111 -1.742745
0.489336 0.163024 1.654885
0.447538 -0.486900 -0.264401
0.490157 -0.483361 -0.482738
0.471091 0.175599 1.269261
0.499491 -0.492278 -2.738754
0.495003 0.050835 1.444313
0.463222 -0.486943 -0.161771
0.488241 -0.486008 -2.781041
0.465957 0.130261 1.353699
0.491446 0.169944 1.582524
