-0.499825 -0.459037 5.204725
-0.470652 -0.467014 5.244954
-0.473460 -0.454310 5.279711
-0.454733 -0.439029 4.878770
-0.480254 -0.449769 5.192862
-0.486254 0.146659 -4.489151
-0.465942 -0.449080 4.719054
-0.448821 -0.441914 5.217161
-0.448497 -0.428170 5.074018
-0.456082 -0.259035 4.515629
-0.487801 -0.461899 5.353838
-0.464681 -0.428090 5.255960
-0.495395 -0.444378 -2.390159
-0.457910 -0.448355 5.599248
-0.485948 -0.230436 4.248594
-0.478505 -0.469305 5.267577
-0.455090 -0.445993 4.918496
-0.456943 -0.255040 4.509321
-0.480213 -0.187088 4.430070
-0.450048 -0.470104 4.753479
-0.444790 -0.467680 4.335461
-0.471075 -0.478645 5.236162
-0.494882 -0.194902 4.886859
-0.474579 -0.208691 4.635899
-0.456186 -0.431446 4.873392
-0.466059 -0.430357 5.277765
-0.449660 -0.447489 5.275439
-0.493762 -0.434593 5.190106
-0.463205 -0.229527 4.113329
-0.452680 -0.453129 5.052087
-0.491693 -0.220202 4.248357
-0.455666 -0.407194 4.609002
0.498623 -0.162791 -1.216223
-0.161025 -0.147532 1.060816
-0.457735 -0.251341 4.524534
-0.470270 -0.449218 5.355007
-0.455998 -0.236383 4.350353
-0.499231 -0.242691 -1.189134
-0.491122 -0.231858 4.291589
-0.493338 -0.457822 5.444424
-0.496929 -0.193573 4.968823
-0.476584 -0.187021 3.358784
-0.443435 -0.426305 4.807855
-0.193587 -0.497603 11.341701
-0.476119 -0.469093 5.304152
-0.449537 -0.468995 4.995580
-0.495940 -0.458049 -2.280327
-0.442123 -0.414276 4.196831
-0.475083 -0.431755 5.058160
-0.499895 -0.462870 -2.070830
-0.494438 -0.234019 4.482041
-0.462395 -0.458690 5.204760
-0.467073 -0.451472 5.685116
-0.195288 0.406634 5.263910
-0.489022 -0.367611 4.271745
-0.463176 -0.460057 4.747012
-0.447910 -0.438894 4.960012
-0.461237 -0.440663 5.154167
-0.447698 -0.466023 4.779681
-0.490184 -0.240366 4.060628
-0.470053 -0.243928 4.518132
-0.483111 -0.442181 5.145278
-0.467230 -0.444066 5.030780
-0.452055 -0.444377 4.870070
-0.464852 -0.223527 4.333454
-0.467078 -0.217523 4.533472
-0.471456 -0.242095 4.251702
-0.483701 -0.465847 5.103087
-0.499834 -0.456105 5.392763
-0.495049 -0.450483 -2.069863
-0.498102 -0.237065 4.683551
-0.432093 -0.424701 4.411991
-0.452716 -0.440699 5.106944
-0.479067 -0.443869 5.522181
-0.458455 -0.385339 4.566222
-0.169854 -0.497147 1.752650
-0.454522 -0.468453 5.305976
-0.461922 -0.441874 5.168035
-0.476071 -0.215380 4.481966
-0.472071 -0.458054 5.137977
-0.484521 -0.434664 5.315866
-0.482437 -0.184352 4.832502
-0.494789 -0.450949 -2.318764
-0.471237 -0.382275 4.727730
-0.490233 -0.228549 4.187801
-0.470484 -0.183125 4.434070
-0.494242 -0.218707 4.465268
-0.492066 -0.435435 5.383177
-0.481429 -0.227769 4.271685
-0.492765 -0.229204 4.480860
-0.438901 -0.402341 4.626170
-0.461324 -0.458935 4.873182
-0.460559 -0.229361 4.201976
-0.493524 -0.193772 -1.603389
-0.427659 -0.416645 4.615845
-0.456753 -0.461953 4.703333
-0.488099 -0.226034 4.344460
-0.444273 -0.422205 4.887159
-0.473134 -0.232342 4.257800
-0.488624 -0.374757 4.088276
-0.450954 -0.449064 5.561014
-0.444227 -0.448412 4.785337
-0.441621 -0.456196 4.495344
-0.449204 -0.454645 4.912910
-0.487871 -0.450700 5.173978
-0.462915 -0.451005 5.367281
-0.451157 0.212149 -5.092838
-0.476660 -0.426065 5.437787
-0.498231 -0.454289 -2.171364
-0.308231 -0.462482 -2.102844
-0.487127 -0.193412 -1.714963
-0.452573 -0.235844 4.325314
-0.179504 -0.470155 -4.360825
-0.481036 -0.231916 4.361582
-0.471187 -0.197830 4.512302
-0.449289 -0.444212 5.158426
-0.464824 -0.432415 4.860941
-0.463508 -0.192561 3.343995
-0.444314 -0.437469 4.628405
-0.190345 -0.477001 0.700899
-0.482703 -0.254569 4.341983
-0.470186 -0.437733 5.054247
-0.451850 -0.456725 4.987660
-0.491424 -0.454778 4.945946
-0.460870 -0.231655 4.095753
-0.443672 -0.431906 4.730632
-0.479353 -0.457602 5.199745
-0.456516 -0.460552 4.332706
-0.445072 -0.447110 5.302769
-0.486660 -0.461625 5.227688
-0.499821 -0.457529 5.339621
-0.426473 -0.446033 4.434784
-0.453487 -0.457008 5.426305
-0.453224 -0.442692 4.831311
-0.480126 -0.458518 5.155235
-0.480197 -0.449319 5.126762
-0.488274 -0.451356 5.427073
-0.460842 -0.462557 5.135704
-0.467744 -0.467571 5.350160
-0.454698 -0.460482 4.986455
-0.487850 -0.465021 5.269025
-0.452372 -0.446580 5.164054
-0.474671 -0.441774 5.699173
-0.458059 -0.446654 4.647669
-0.450903 -0.233705 4.306979
-0.490330 -0.227213 4.217628
-0.485996 -0.467411 5.373539
-0.494255 -0.204349 -1.649677
-0.446048 -0.409936 4.429511
-0.473078 -0.225821 4.295331
-0.213068 0.363391 5.461235
-0.453868 -0.440029 5.009946
-0.498544 -0.215672 -1.499310
-0.462622 -0.242950 4.045412
-0.475883 -0.442905 5.122767
-0.486011 -0.185322 4.073258
-0.433113 -0.429773 4.744202
-0.485661 -0.468430 4.898951
-0.497155 -0.461616 -2.392959
-0.453809 -0.411703 4.875197
-0.490871 -0.460072 5.168844
-0.473006 -0.459808 5.579533
-0.457161 -0.408862 4.569084
-0.489243 -0.435103 5.446217
-0.458256 -0.447322 5.290962
-0.469296 -0.444393 5.424246
-0.456700 -0.411596 4.673644
-0.477216 -0.446822 5.109485
-0.475040 -0.473394 5.264807
-0.459693 -0.232608 4.276270
-0.495060 -0.068231 3.217920
-0.477436 -0.438294 5.021246
-0.476210 -0.447981 5.555579
-0.462431 -0.464867 5.410349
-0.458637 -0.448835 4.483098
-0.472290 -0.280364 3.075290
-0.210295 -0.481266 11.450451
-0.484268 -0.213473 4.576074
-0.444242 -0.440111 5.059907
-0.240516 -0.469132 -0.038498
-0.484978 -0.214403 4.208275
-0.455210 -0.427859 4.866030
-0.485320 -0.220816 4.101992
-0.428403 -0.433226 4.455775
-0.437929 -0.442363 4.757916
-0.482659 -0.468316 5.096759
-0.472113 -0.233491 4.278265
-0.469791 -0.439316 5.125009
-0.468142 -0.455339 5.121280
-0.462028 -0.472147 4.863921
-0.456467 -0.421498 4.988609
-0.203975 -0.478853 -5.002706
-0.465101 -0.423775 5.348232
-0.491161 -0.196314 3.803758
-0.429966 -0.445560 4.895055
-0.465790 -0.456556 4.828315
-0.118687 -0.181993 1.291673
-0.484503 -0.221017 4.274326
-0.496350 -0.183118 -0.817887
-0.457520 -0.443178 4.778350
-0.475079 -0.250776 4.561524
-0.456281 -0.461631 4.974449
-0.491863 -0.445409 5.093318
-0.444810 -0.435671 4.877230
-0.497911 -0.459474 -2.114586
-0.460539 -0.418614 5.269556
-0.488528 -0.469036 5.102310
-0.476741 -0.440796 5.498140
-0.489778 -0.226977 4.325752
-0.479741 -0.437882 5.096912
-0.496517 -0.450839 5.175328
-0.474981 -0.434487 5.307133
-0.478161 -0.458086 5.134894
-0.471449 -0.447901 5.678731
-0.490885 -0.446670 -2.111114
-0.487728 -0.228027 -1.282083
-0.447867 -0.409844 4.545673
-0.491259 -0.440712 5.259368
-0.486287 -0.471440 5.179287
-0.463082 -0.227607 4.268098
-0.437859 -0.438234 4.800981
-0.445376 -0.462137 4.536213
-0.446057 -0.427997 4.584522
-0.466450 -0.460158 5.039809
-0.490069 -0.354541 3.505495
-0.458815 -0.245523 4.374828
-0.464207 -0.236365 4.250250
-0.451514 -0.461312 4.476545
-0.489052 -0.239506 4.373639
-0.461370 -0.300869 3.213769
-0.486389 -0.449875 4.954658
-0.474260 -0.441396 5.254888
-0.499618 -0.220613 4.596774
-0.476761 -0.442169 5.035056
-0.488976 -0.461896 5.364425
-0.472639 -0.229944 4.477382
-0.296326 -0.178303 1.734848
-0.496837 -0.211112 -1.659317
-0.450012 -0.447049 5.548849
-0.442599 -0.463052 5.020606
-0.482897 -0.443162 5.127985
-0.483998 -0.245366 4.656410
-0.463951 -0.447938 4.889950
-0.470057 -0.250006 4.231574
-0.462253 -0.459949 5.388715
-0.450437 -0.257995 4.204809
-0.494370 -0.261209 -1.388904
-0.493791 -0.188975 -0.831777
-0.450415 -0.438856 4.990468
-0.455732 -0.463038 4.249160
-0.494012 -0.445043 -2.106203
-0.468174 -0.455896 5.092442
-0.487330 -0.222930 4.342728
-0.493726 -0.271418 5.413917
-0.469706 -0.254026 4.484593
-0.467756 -0.453457 4.722193
-0.468028 -0.439451 5.155603
-0.453529 -0.460650 4.548627
-0.479884 -0.236893 4.166527
-0.465348 -0.226304 4.328981
-0.445194 -0.436095 5.102549
-0.458319 -0.464760 4.678466
-0.425099 -0.440282 4.619954
-0.494957 -0.440679 5.385427
-0.428526 -0.443953 4.551772
-0.486570 -0.445652 5.144239
-0.474848 -0.440158 5.178750
-0.460301 -0.445552 5.312334
-0.476740 -0.183564 4.076226
-0.446190 -0.457561 4.634400
-0.499764 -0.429647 5.711348
-0.489788 0.105810 7.931683
-0.468691 -0.449025 5.449523
-0.498362 -0.451956 -2.186353
-0.440114 -0.428662 4.718799
-0.474584 -0.195085 4.716164
-0.450974 -0.466978 5.388176
-0.496096 -0.230223 3.983776
-0.467403 -0.449673 4.949372
-0.463706 -0.231764 4.212559
-0.447079 -0.238517 4.564372
-0.471153 -0.475037 5.322069
-0.460753 -0.447141 5.466851
-0.487153 -0.439773 5.224214
-0.485774 -0.337362 -0.840704
-0.143836 0.349716 -4.067623
-0.471503 -0.464438 5.128746
-0.471500 -0.445899 5.351017
-0.482584 -0.473036 5.206413
-0.433541 -0.450343 4.797214
-0.468243 -0.466619 5.308423
-0.465427 -0.467849 4.860848
-0.473207 -0.211025 4.438259
-0.476132 -0.434988 5.243999
-0.492487 -0.433034 5.205428
-0.494683 -0.451250 -2.031207
-0.489797 -0.184707 -1.875639
-0.448366 -0.426074 5.021084
-0.461806 -0.242715 4.250738
-0.321759 -0.450516 -2.083581
-0.478547 -0.446129 5.278693
-0.464743 -0.457350 5.370862
-0.489672 -0.445679 5.414608
-0.493793 -0.444071 -2.359668
-0.478860 -0.461568 5.311180
-0.467893 -0.217253 4.228660
-0.129807 -0.221140 1.364181
-0.498274 -0.451744 5.059747
-0.498571 -0.452357 5.219335
-0.497611 -0.460161 5.336462
-0.452302 -0.449779 5.226472
-0.454421 -0.210379 4.253493
-0.464286 -0.436537 5.053823
-0.463303 -0.449402 5.048861
-0.469523 -0.428353 5.065856
-0.475305 -0.456933 5.109591
-0.482730 -0.183442 -1.671071
-0.456854 -0.432560 5.082339
-0.463712 -0.260804 4.557529
-0.467566 -0.458337 5.251349
-0.435717 -0.451068 4.549040
-0.460818 -0.462831 4.845334
-0.198373 -0.487386 -3.154925
-0.451461 -0.225243 4.583668
-0.498488 -0.458955 5.605269
-0.471249 -0.464383 5.229802
-0.485444 -0.469848 5.456104
-0.498588 -0.199073 4.755711
-0.456016 -0.460011 4.952523
-0.439064 0.207428 -5.468119
-0.489887 -0.441807 5.228415
-0.473459 -0.238148 4.076309
-0.455617 -0.413931 5.093989
-0.146797 -0.160511 0.925567
-0.473949 -0.457608 5.774654
-0.467458 -0.454257 4.801078
-0.495638 -0.435572 5.255034
-0.472189 -0.229086 4.417709
-0.470586 -0.459606 5.711859
-0.439121 -0.431631 4.814841
-0.497495 -0.228665 4.569055
-0.488600 -0.188451 5.053761
-0.452622 -0.453535 5.295626
-0.486291 -0.435235 5.223879
-0.471552 -0.461345 5.710282
-0.438447 -0.418491 4.707154
-0.464717 -0.433981 5.362755
-0.493817 -0.441982 5.128243
-0.485922 -0.446859 4.927891
-0.453864 -0.428320 4.865703
-0.460041 -0.467979 5.047306
-0.494911 -0.195715 5.042905
-0.468588 -0.259442 4.539722
-0.485318 -0.206409 4.341698
-0.434194 -0.444442 4.540542
-0.489629 -0.433348 5.132785
-0.463401 -0.455084 5.373943
-0.419330 -0.448891 4.394242
-0.473774 -0.465688 5.250652
-0.465536 -0.468036 5.182791
-0.439875 -0.434246 4.837217
-0.456727 -0.462560 5.221846
-0.492727 -0.186681 -1.785768
-0.497114 -0.452582 -2.342292
-0.465576 -0.471486 6.047919
-0.438479 -0.406725 4.862417
-0.494377 -0.471237 5.377044
-0.131109 0.042699 -2.724659
-0.473131 -0.216241 4.232645
-0.455349 -0.455125 5.136358
-0.455113 -0.257173 4.063939
-0.438452 -0.456967 4.755051
-0.491922 -0.458650 5.009900
-0.480527 -0.172403 3.554840
-0.462335 -0.419635 5.310500
-0.436456 0.221533 -4.914331
-0.492507 -0.231500 4.435019
-0.490077 -0.459156 5.183313
-0.455458 -0.440274 5.171128
-0.469909 -0.455177 5.466002
-0.457458 -0.467664 4.569824
-0.491320 -0.191954 4.795115
-0.473585 -0.460403 5.044134
-0.476076 -0.424708 5.181867
-0.488104 -0.447631 5.363464
-0.489515 -0.467114 5.189735
-0.458572 -0.441639 5.074865
-0.457738 -0.408049 4.526034
-0.465503 -0.438291 5.316127
-0.476669 -0.462627 5.402793
-0.477554 -0.425766 5.282566
-0.465429 -0.237875 4.403990
-0.468879 -0.452059 5.490585
-0.432704 -0.434944 4.383761
-0.475681 -0.433230 5.103657
-0.430874 -0.432955 4.800950
-0.445190 -0.464862 5.176384
-0.476756 -0.433708 5.360137
-0.462803 -0.445750 5.366915
-0.477981 -0.450485 5.605227
