-0.470944 -0.484592 4.352630
-0.487205 -0.450201 4.835726
-0.490381 -0.164953 -4.799287
-0.443897 -0.490184 4.515201
-0.463270 -0.481544 1.748922
-0.480256 -0.338836 -2.225259
-0.475485 -0.499531 1.258482
-0.439272 -0.268947 3.980292
-0.462159 -0.465557 4.588658
-0.492547 -0.257026 -2.634293
-0.483983 0.071678 4.430315
-0.446843 -0.488309 4.749437
-0.465532 -0.483078 1.355733
-0.441241 -0.477799 4.610308
-0.477417 -0.475254 1.456628
-0.468653 -0.492732 1.562242
-0.481906 0.106910 4.898113
-0.448507 -0.479014 4.684858
-0.459270 -0.287356 4.330167
-0.424635 0.262934 -4.151309
-0.486077 -0.409184 4.590843
-0.471385 -0.494335 4.714971
-0.469557 -0.488099 4.524579
-0.464304 -0.470108 4.785576
-0.462317 -0.288292 4.597399
-0.111034 -0.481766 4.871303
-0.469616 -0.271133 4.514050
-0.472114 -0.380946 -2.405757
-0.114263 -0.475940 4.594756
-0.473308 -0.494971 4.741709
-0.150162 -0.276240 2.805309
-0.480530 -0.478347 4.537794
-0.486594 0.328047 6.971932
-0.133363 -0.333788 2.833402
-0.460816 -0.477901 4.567532
-0.442527 -0.479339 4.601090
-0.461088 0.452260 -4.332923
-0.468316 -0.486146 4.722905
-0.469757 -0.327520 3.429416
-0.243049 0.239188 5.496989
-0.113862 -0.303097 2.800075
-0.449316 -0.494084 4.779740
-0.459859 -0.498863 1.668281
-0.460560 0.262761 -4.299853
0.116907 -0.430985 2.848550
-0.433053 -0.479582 4.614855
-0.434880 -0.253308 5.302526
-0.495838 -0.359246 -2.191846
-0.461220 -0.475027 4.580781
-0.458972 -0.479875 1.722478
-0.449459 -0.483141 4.667759
-0.458303 -0.490945 4.409953
-0.450285 -0.485025 4.773736
-0.457288 -0.480351 1.600374
-0.449039 -0.479915 4.535827
-0.443318 -0.488870 4.491261
-0.457525 -0.494914 1.814140
-0.457583 -0.498342 1.399853
-0.449008 -0.489252 4.680748
-0.450007 -0.489948 4.579532
-0.463853 -0.495746 4.412522
-0.468758 -0.494213 4.797153
-0.460810 -0.462899 4.798439
-0.469374 -0.281292 4.593667
-0.459442 -0.488044 1.637424
-0.441942 -0.486669 4.507859
-0.461553 -0.470974 4.411353
-0.177605 -0.281877 2.666107
-0.466185 -0.489459 1.633486
-0.450720 -0.453401 4.618649
-0.168655 -0.403774 3.331433
-0.478623 -0.385283 4.422374
0.088173 -0.427750 2.484934
-0.463822 -0.440625 4.984674
-0.475096 0.079211 4.560966
-0.235582 0.080087 -1.139773
-0.455803 -0.494688 1.587219
-0.443202 -0.492206 4.691389
-0.483785 -0.250616 9.408448
-0.482876 -0.384045 -2.823315
-0.480248 -0.246859 8.588854
-0.471900 -0.401173 4.368297
-0.475139 -0.499694 1.518911
-0.458346 0.496257 6.606396
-0.444666 -0.451566 4.443102
-0.463814 -0.460095 4.806238
-0.209183 -0.135093 -4.868250
-0.463063 -0.488819 4.493646
-0.455864 -0.478337 4.867765
-0.480577 -0.266466 -1.833533
-0.465253 -0.494403 5.020676
-0.442957 -0.476044 4.556561
-0.444679 0.466646 -4.149637
-0.434759 -0.494403 4.532435
-0.445916 -0.482720 4.532187
-0.461653 -0.452797 4.542838
-0.462133 -0.421883 4.927191
-0.442304 -0.480161 1.561712
-0.427196 -0.244381 5.831506
-0.456513 -0.483953 1.731315
-0.495769 0.499481 6.513362
-0.466714 -0.488687 1.717146
-0.458569 -0.489716 4.931519
-0.495474 -0.438761 5.105699
-0.460495 -0.485152 1.675892
-0.465618 -0.243084 -5.370452
-0.484407 -0.360512 4.601981
-0.465776 -0.422297 4.697486
-0.460127 -0.494366 1.526812
-0.485253 0.496032 5.483756
-0.464941 -0.481213 4.805707
-0.423919 -0.480972 4.731648
-0.484470 0.465560 7.225142
0.291718 0.491245 2.806843
-0.103641 -0.498387 4.816505
0.489521 -0.158522 8.136453
0.065039 -0.398223 2.335935
-0.473807 -0.338023 -2.332372
-0.457516 -0.489438 1.670293
-0.400306 0.003126 -4.319612
-0.464135 -0.496459 1.629413
-0.461313 -0.483821 1.356931
-0.460555 -0.483680 1.711744
-0.441982 -0.249248 5.306364
-0.427568 -0.291938 3.738400
-0.462798 -0.493067 4.672625
-0.117637 -0.488199 5.140887
-0.493079 -0.332970 4.686129
-0.468051 -0.468819 4.530451
-0.469515 -0.496459 4.668488
-0.494612 0.422061 -6.083058
-0.424245 -0.498265 1.829840
-0.144445 -0.486387 4.814649
-0.464909 -0.481105 4.877751
-0.470039 -0.497029 4.664266
-0.485213 -0.258443 -2.433761
-0.487039 0.487667 10.057547
-0.463320 -0.392550 5.262569
-0.487498 0.118347 4.828490
-0.473734 -0.456603 4.674819
0.123326 -0.431847 2.702096
-0.474044 -0.436350 4.840367
-0.493113 -0.353750 -2.121816
-0.496972 -0.405148 5.263560
-0.489052 -0.234299 -2.647050
-0.379597 0.255658 -2.092389
-0.478244 0.399818 4.538524
-0.494079 -0.243713 9.414698
-0.432024 -0.244221 5.711315
-0.458356 -0.487823 4.738124
-0.330631 0.141785 -5.941665
-0.440172 -0.495808 4.778486
-0.498912 0.118607 -1.664658
-0.450451 -0.498282 4.656487
-0.113882 -0.476401 4.710905
-0.445296 -0.485578 4.646393
-0.492668 -0.219341 -4.219683
-0.456793 -0.483058 4.838656
-0.468914 -0.489491 1.917879
-0.443505 -0.489388 4.745377
-0.464331 -0.491332 4.684786
-0.454612 -0.480950 1.306812
-0.446551 -0.470620 4.682533
-0.496422 0.099110 -1.837490
-0.438516 -0.009551 -4.483376
-0.451631 -0.374925 3.531355
-0.450364 -0.368880 3.333459
-0.441974 -0.473348 4.541620
-0.457309 -0.486327 1.566470
-0.438305 -0.488218 4.388563
-0.489037 -0.238135 9.074308
-0.494030 -0.258902 -1.409925
-0.456667 -0.489392 1.620464
-0.485239 -0.234105 -4.869822
-0.454889 -0.498494 4.913755
-0.442706 -0.492106 4.669926
-0.466730 0.394886 -4.042407
-0.464115 -0.492016 4.728966
-0.456524 -0.477940 1.656166
-0.414301 0.000631 -4.368718
-0.489018 0.089804 4.445493
-0.474016 -0.247540 -5.665196
-0.482114 -0.231466 -5.038714
-0.454277 -0.469588 4.383855
-0.484687 0.100176 4.794392
-0.460622 -0.287395 5.105989
-0.455740 -0.479855 1.593725
-0.457901 -0.497421 1.807582
-0.456600 -0.377233 4.291946
-0.478408 -0.493328 4.765659
-0.427506 -0.292065 3.599195
0.499219 -0.137886 -5.054074
-0.462176 -0.490078 4.436397
-0.415802 -0.491738 4.969425
-0.478177 -0.497115 1.621672
-0.437480 -0.485112 4.713298
-0.447077 -0.479680 4.470775
0.114357 -0.430412 2.767205
-0.494939 0.107633 4.997941
0.137065 -0.428243 2.561529
-0.445606 -0.484301 4.455939
-0.492636 -0.408582 5.068596
-0.430372 -0.397996 3.250736
-0.492113 0.106956 4.832725
-0.489605 0.206571 -2.756089
-0.460718 -0.468144 4.606957
-0.456651 -0.494308 1.643651
-0.459430 -0.466702 4.650151
-0.455184 -0.495897 4.716547
-0.462617 -0.494434 4.971373
-0.144887 -0.150272 3.622780
-0.490362 0.499646 9.419268
-0.441267 -0.490782 4.800011
-0.457524 -0.497640 4.731356
-0.229044 -0.147710 -4.853811
-0.450621 -0.477525 4.676676
-0.450499 -0.482742 1.604047
-0.494414 -0.297947 -1.691024
-0.437457 -0.497362 4.720900
-0.445531 -0.235424 5.842821
-0.428256 -0.254395 4.713981
-0.458080 -0.481457 4.536731
-0.438253 -0.491444 4.728415
-0.457370 -0.475515 4.521580
-0.441907 -0.488989 4.736723
-0.484752 0.133265 4.697825
-0.452765 -0.476707 4.915766
-0.467336 -0.470343 4.569431
-0.449271 -0.496559 1.590952
-0.460836 -0.493173 4.727310
-0.449012 -0.481335 1.573858
-0.469906 -0.270911 4.085048
-0.459668 -0.499753 1.288725
-0.435145 -0.484951 4.467103
-0.453249 -0.467062 4.687163
-0.036440 -0.267791 -1.052761
-0.244570 -0.120576 -4.843554
-0.457286 -0.497828 1.519834
-0.496234 -0.257755 -2.355365
-0.483196 -0.438516 5.292281
-0.479730 0.079792 4.339928
-0.455182 -0.489683 4.541243
-0.487148 -0.209703 8.385581
-0.494185 0.090040 4.635623
-0.432143 -0.255426 5.303999
-0.446845 -0.477731 1.840284
-0.458849 -0.480109 1.715235
-0.467970 -0.414136 4.655109
-0.458826 -0.475259 1.789956
-0.446937 -0.483057 4.627048
-0.479586 -0.257368 -1.853296
-0.456414 -0.482251 4.568835
-0.487522 0.098782 4.707861
-0.461064 -0.467943 4.526017
-0.485294 -0.466147 4.554196
-0.444936 -0.476752 4.523958
-0.451865 -0.489599 4.672813
-0.461038 -0.484020 4.263750
-0.438171 -0.358690 3.286511
-0.465404 -0.275653 4.659229
-0.437995 -0.475438 4.535967
-0.479316 -0.291627 -1.762687
-0.497923 0.135655 4.672975
-0.451049 -0.479813 4.925443
-0.440564 -0.485381 4.739237
-0.437249 -0.486950 4.773178
-0.479789 0.086913 4.884960
-0.436596 -0.419789 4.116727
-0.450148 -0.498077 4.533370
-0.453913 -0.293644 3.739138
-0.436217 -0.494311 1.608138
0.375864 0.140897 -0.205550
-0.454726 -0.479817 4.894365
-0.485870 0.095629 5.007382
-0.498167 -0.409307 -2.132460
-0.450223 -0.465171 4.588448
-0.472666 -0.484313 1.614772
-0.466378 -0.393529 5.355650
-0.440865 -0.499988 4.565046
-0.466030 -0.498634 1.920671
-0.472924 -0.274946 -1.199276
-0.496544 -0.252455 9.289791
-0.471892 -0.495350 1.623918
-0.444919 -0.479075 4.455112
-0.464181 -0.496123 4.563038
-0.485862 -0.399962 -1.756388
-0.465537 -0.243122 5.994196
-0.438610 -0.478353 4.459156
-0.462627 -0.475125 1.539046
-0.458404 -0.490320 1.498410
-0.447763 -0.478735 4.400533
-0.482115 -0.332772 -2.130863
0.091602 -0.421479 2.605131
-0.474993 0.411433 -5.675014
-0.462163 -0.467014 4.731850
-0.498092 0.101848 -1.658402
-0.490822 -0.307955 -1.539602
-0.451610 -0.476638 4.432197
-0.458614 -0.497665 1.614107
-0.495324 0.477021 6.051083
-0.499992 -0.393970 -1.928258
-0.453090 -0.463684 4.438795
-0.487529 -0.488463 1.559065
-0.228789 -0.111138 -4.862657
-0.276832 0.111133 5.662484
-0.460935 -0.494669 4.765380
-0.490705 -0.215607 8.400101
-0.449148 -0.475963 4.694270
-0.462947 -0.477665 4.619459
-0.475556 -0.468821 4.732082
-0.454678 -0.490679 4.557624
-0.455367 -0.487153 1.747102
-0.490639 -0.447820 4.998189
-0.472355 -0.288478 5.593987
-0.459121 -0.499517 4.799476
-0.493741 -0.436342 5.238498
-0.473339 -0.049198 -4.354984
-0.151592 -0.138426 3.572294
-0.482480 0.480931 9.377203
-0.493875 0.495141 9.551243
-0.453710 -0.410980 4.664825
-0.433049 -0.483370 4.438219
-0.387613 0.423313 -6.048274
0.171073 -0.494965 3.081143
-0.490202 -0.471489 4.716725
-0.458722 -0.494814 4.531595
-0.455631 -0.473289 4.775293
-0.454640 -0.467440 4.525162
-0.460514 -0.488676 1.592717
-0.449866 -0.476442 4.620573
-0.435912 -0.481299 4.738705
0.323466 0.483739 2.804682
-0.437918 -0.496604 4.609540
-0.463750 0.483116 -4.157363
0.104084 -0.419197 2.594154
-0.451881 -0.474849 1.563292
-0.417051 0.495390 -3.541370
-0.463431 -0.486630 1.558636
-0.472154 -0.243488 -5.241005
-0.432088 -0.249470 4.923005
-0.128185 -0.482463 4.898963
-0.456449 -0.496242 1.583994
-0.429825 -0.426460 4.492744
-0.478649 -0.490579 1.577083
-0.471485 -0.474703 4.568360
-0.467567 -0.471511 4.349061
-0.467856 -0.343097 5.777688
-0.438350 -0.250666 4.904843
-0.426269 -0.488246 4.470158
-0.476678 0.090786 4.529937
-0.467294 -0.479503 4.655705
-0.499550 -0.389461 5.317869
-0.493872 0.487881 10.016682
-0.089589 -0.418551 3.397369
-0.467054 -0.495800 1.654169
-0.446770 -0.485509 4.775135
-0.454528 -0.487464 4.604522
-0.449469 -0.492297 4.619416
-0.458809 -0.484491 4.613025
-0.425577 -0.482473 4.633877
-0.447038 -0.489408 4.835295
-0.426808 -0.281431 4.504430
-0.450950 -0.289477 3.936457
-0.440872 -0.241715 5.519901
-0.404224 -0.370821 2.938061
-0.460346 -0.492356 4.617142
-0.460176 -0.481736 1.860479
-0.218325 0.301059 5.825388
-0.498325 -0.375424 5.346154
-0.474600 -0.241674 8.815739
-0.472214 -0.479610 4.732155
-0.468012 -0.495664 1.477115
-0.011911 -0.300903 -1.083597
-0.453978 -0.481056 4.590934
-0.463707 -0.426236 4.706230
-0.455758 -0.471799 4.518903
-0.441443 -0.338583 4.072555
-0.482323 0.112051 5.144126
-0.435354 -0.260844 4.284414
-0.473068 -0.489507 4.746522
-0.458105 -0.468619 4.528363
-0.080967 -0.444999 3.471962
-0.447366 -0.474305 4.570969
-0.462444 -0.481540 4.621952
-0.474728 -0.472349 1.764298
0.020128 -0.332205 -1.511173
-0.493622 -0.231863 9.052619
-0.458215 -0.435206 4.888146
-0.461084 -0.499796 1.457067
-0.456539 -0.481490 1.463241
-0.128437 -0.460120 4.903631
-0.494514 -0.359290 -1.839005
-0.453058 -0.485475 1.580267
-0.446846 -0.430237 4.505440
-0.459026 -0.489075 4.786828
-0.482284 0.413598 -4.937820
-0.439600 -0.495406 4.847835
-0.495716 -0.436768 -1.999349
-0.481688 -0.497008 1.352081
-0.419174 -0.339576 3.051742
