-0.456875 -0.474398 -4.773897
-0.435089 -0.414378 -3.904667
-0.442304 -0.430606 -3.638990
-0.425367 -0.386860 -2.203780
-0.439263 -0.384046 -3.118508
-0.477268 -0.493848 -4.984042
-0.498401 -0.289501 6.085793
-0.465482 -0.416259 -3.546176
-0.451630 -0.276266 -3.254960
-0.481055 -0.460394 -4.509074
-0.428464 0.485496 -4.712072
-0.373292 -0.338110 -3.462386
-0.431436 -0.396800 -3.513260
-0.473189 -0.233663 6.639200
-0.480574 -0.479086 -5.161113
-0.442373 -0.390619 -3.563011
-0.474390 0.212508 -4.937133
-0.490049 -0.421552 -3.772620
-0.399353 -0.475371 -3.105309
-0.455650 -0.419863 -3.866917
-0.473595 -0.461209 -4.253176
-0.436054 -0.487955 -3.825066
-0.498036 -0.285805 -3.256078
-0.437639 -0.450964 -3.922735
-0.473050 -0.475456 -4.611741
-0.482797 -0.441137 -3.657885
-0.413087 -0.445626 -2.881936
-0.462478 -0.490414 10.682114
-0.474072 -0.483139 -4.734167
-0.383235 -0.465426 -3.114019
-0.424149 -0.377967 -2.187979
-0.478014 -0.282053 6.544528
-0.472957 -0.469263 -4.579949
-0.496494 -0.454612 -4.033296
-0.390809 -0.440315 -2.886952
-0.477858 -0.499836 11.001564
-0.440583 0.472818 -4.861453
-0.473450 -0.480521 10.875322
-0.413858 -0.445075 -4.026465
-0.482421 -0.446242 -4.095578
-0.462632 -0.443356 -3.760649
-0.481818 -0.399888 -2.963893
-0.499519 -0.458608 -4.529716
-0.402636 -0.457983 -3.529487
-0.439820 -0.349038 -2.898387
-0.439547 -0.416141 -2.538769
-0.464726 -0.254765 -2.965690
-0.402237 -0.376508 -2.836375
-0.486149 -0.464520 -4.453250
-0.488218 -0.444304 -4.182068
-0.458728 -0.417397 -3.062079
-0.445614 -0.282731 -2.859260
-0.478178 -0.481846 -5.021963
-0.483160 -0.452791 -4.195027
-0.495533 -0.408203 6.684014
-0.487142 -0.411767 -3.555868
-0.413326 -0.467395 -3.037246
-0.499474 -0.415073 -3.792632
-0.459400 -0.386529 -2.911312
-0.467541 -0.466368 -4.284785
-0.486601 -0.458032 -4.365381
-0.491369 -0.257081 6.628760
-0.467140 -0.429051 -3.515859
-0.482272 -0.499478 10.943431
-0.476026 -0.276012 -3.136575
-0.477434 -0.467377 -4.413880
-0.494107 -0.493389 -5.058850
-0.479870 -0.439811 -3.945702
-0.463229 -0.425707 -3.663161
-0.496064 -0.268977 -3.151930
-0.421941 -0.394340 -2.423084
-0.494548 -0.438668 -4.130219
-0.288486 0.410852 -5.565935
-0.462913 -0.433210 -3.935938
-0.492019 0.498876 7.768689
-0.477790 -0.463927 -4.606931
-0.481196 -0.265404 -2.995167
-0.466257 -0.252004 -3.448016
-0.439114 -0.369085 -3.017957
-0.418953 -0.466043 -3.030667
-0.485160 -0.264035 6.793043
-0.446633 -0.447796 -4.373681
-0.449375 -0.367697 -2.460446
-0.489433 0.497709 -4.709439
-0.475394 -0.488021 11.289072
-0.486180 -0.460053 -4.460764
-0.394421 -0.353070 5.077526
-0.487662 -0.254946 6.414232
-0.478990 -0.260075 -3.275583
-0.454524 -0.409626 -3.687157
-0.462662 -0.476313 -4.840399
-0.469579 -0.260465 -3.089476
-0.478304 0.499562 7.776314
-0.458190 -0.215121 -3.455436
-0.468970 -0.405092 -3.300419
-0.478899 -0.402493 -2.873047
-0.492367 -0.446762 -4.112851
-0.484001 -0.495344 11.013023
-0.468610 -0.476438 -4.387422
-0.448614 -0.482979 -4.518882
-0.492853 -0.423439 -3.649618
-0.487536 -0.463197 -4.797295
-0.439598 -0.406152 -3.801702
-0.466839 -0.259146 -3.199242
-0.478941 -0.252299 -3.428105
-0.499112 -0.434617 -4.301364
-0.482359 -0.448811 -3.979629
-0.464906 -0.397898 -3.033610
-0.469010 -0.309078 -3.466463
-0.462051 -0.367716 -2.458743
-0.424779 -0.382362 -2.081394
-0.486912 -0.335675 6.527126
-0.492012 0.496631 -1.336391
-0.471388 -0.222834 -3.741941
-0.459048 -0.444535 -4.357458
-0.460508 0.499162 -4.546712
-0.439376 -0.402321 -2.606148
-0.466167 -0.466445 -4.231514
-0.376922 -0.332209 -3.088893
-0.472032 -0.412132 -3.292441
-0.420224 -0.449157 -4.107294
-0.448798 -0.303974 -3.464156
-0.484653 -0.304876 -2.603564
-0.460232 -0.403960 -3.018632
-0.465070 -0.424612 -3.525911
-0.498214 -0.410052 -3.730587
-0.488694 -0.439106 -3.690809
-0.461228 -0.300529 -3.152608
-0.432656 -0.485884 -4.582745
-0.451376 -0.426236 -3.915005
-0.498101 -0.259925 6.250203
-0.475876 -0.380591 -2.351586
-0.495683 -0.241798 6.207193
-0.466104 -0.336853 -3.118233
-0.483160 -0.405770 -3.755862
-0.476900 -0.255802 -3.257421
-0.024461 0.231592 1.435704
-0.448767 -0.417842 -3.132418
-0.224363 -0.072517 1.653215
-0.459365 -0.461018 -4.637736
-0.477990 -0.495646 -5.005704
-0.475392 -0.286784 -3.020516
-0.451210 -0.280293 -2.756832
-0.498694 -0.433013 -4.274102
-0.481491 -0.273496 -3.205291
-0.419023 0.331080 -1.354614
-0.495515 -0.253497 -3.241037
-0.459189 -0.483382 -4.976903
-0.499193 -0.451663 7.473779
-0.462115 -0.483736 -4.446983
-0.494174 -0.438118 -3.926938
-0.456613 -0.325900 -2.914801
-0.471109 0.429791 -4.550425
-0.498443 -0.276043 -3.012666
-0.474850 -0.442174 -4.051930
-0.487602 -0.429199 -3.851216
-0.440815 -0.413470 -3.202902
-0.497529 -0.443661 -4.232755
-0.459561 -0.469928 -4.353747
-0.476235 -0.431117 -3.552381
-0.472426 -0.270689 -3.002735
-0.434992 -0.408048 -2.623931
-0.473175 -0.237859 -3.466053
-0.498630 -0.253632 -3.286246
-0.485249 -0.195869 6.879753
-0.495789 -0.379915 6.103597
-0.487143 -0.376946 -2.352217
-0.404693 -0.374695 -2.271665
-0.422178 -0.449459 -3.006683
-0.456493 -0.361795 -3.103931
-0.478792 -0.486291 11.169409
-0.474214 -0.470041 -4.968086
-0.488791 -0.416956 -3.713159
-0.486979 -0.258838 6.582228
-0.475052 -0.451305 -4.158157
-0.428634 -0.341094 -2.881644
-0.497399 -0.282750 6.222690
-0.498423 -0.204691 6.934318
-0.487555 -0.460241 -4.504957
-0.473571 -0.423999 -3.602831
-0.030573 0.238358 1.825101
-0.432579 -0.407863 -2.622626
-0.441300 -0.444846 -3.539005
-0.403385 -0.386932 -2.290497
-0.189791 0.222222 3.140650
-0.458892 -0.476390 -4.869436
-0.406190 -0.460018 -2.772221
-0.498187 -0.493486 8.225913
-0.438499 -0.419370 -3.166623
-0.463993 -0.364603 -3.138461
-0.478422 -0.476877 -4.557791
-0.484859 -0.466709 -4.299487
-0.426922 -0.450107 -3.007734
-0.437268 -0.463583 -4.253816
-0.485026 -0.210556 -3.416108
-0.460717 -0.272644 -3.478839
-0.468542 -0.239328 -3.853616
-0.490759 -0.437978 -4.180163
-0.498933 -0.290799 6.373661
-0.415188 -0.437885 -3.830157
-0.488939 -0.472953 -4.662928
-0.485361 -0.264107 6.612918
-0.456483 -0.449679 -4.187372
-0.464529 0.307760 5.092704
-0.401935 -0.469634 -3.077820
-0.483827 -0.486552 -5.261879
-0.496351 -0.414065 -3.664744
-0.485487 -0.409650 -3.684599
-0.485093 -0.479965 -4.950849
-0.476548 -0.288879 -3.226826
-0.474357 -0.468587 -4.409648
-0.280241 -0.351978 -1.194379
-0.471175 -0.294662 -3.386835
-0.479902 -0.417803 -3.755126
-0.494562 -0.344099 -3.124403
-0.493575 -0.232040 6.490876
-0.492077 -0.287553 6.420340
-0.442837 -0.466359 -4.270893
-0.487049 -0.422597 -3.871511
-0.495997 -0.273318 6.408068
-0.482344 -0.448511 -4.225280
-0.461983 -0.436408 -4.098585
-0.481610 -0.466049 -4.618918
-0.490708 -0.440718 -3.984394
-0.461525 -0.427512 -3.619479
-0.450272 0.489504 -4.268793
-0.403931 -0.284554 -2.861553
-0.496912 -0.457459 7.497226
-0.498528 -0.279397 -3.174284
-0.466192 -0.415580 -3.391512
-0.469640 -0.431020 -3.909489
-0.455145 -0.284293 -3.221296
-0.481735 -0.478013 -5.122623
-0.451895 -0.376856 -3.029041
-0.485205 -0.273201 -3.018811
-0.429029 0.494137 11.343491
-0.495042 -0.417438 7.119964
-0.461988 -0.480334 -4.939848
-0.472749 -0.258184 -3.047328
-0.487424 -0.417248 6.950469
-0.470580 -0.463629 -4.696173
-0.465032 -0.433462 -3.695336
-0.458443 -0.410220 -3.245618
-0.498791 -0.290264 -3.281266
-0.468846 -0.406023 -2.907281
-0.496465 -0.496189 11.515443
-0.448886 -0.412249 -3.425304
-0.496316 -0.437934 7.209678
-0.426354 -0.385901 -3.332733
-0.480273 -0.493642 -4.648536
-0.495572 -0.434487 -4.031010
-0.480787 -0.462026 -4.331163
-0.433199 -0.386282 -3.407673
-0.484209 -0.491424 -4.776021
-0.441306 -0.409534 -2.925198
-0.452003 -0.440490 -4.027480
-0.434537 -0.314110 -3.689557
-0.490390 -0.362514 -2.587426
-0.426738 -0.373743 -3.107004
-0.481102 -0.458604 -4.028363
-0.497346 -0.493564 -5.091139
-0.466050 -0.433006 -3.988776
-0.188543 0.235542 3.114076
-0.481095 -0.403188 -3.407449
-0.421657 -0.446379 -2.374716
-0.437339 -0.410573 -2.434927
-0.475641 -0.250513 -3.286749
-0.424961 -0.452939 -3.178671
-0.468554 -0.336555 -3.050591
-0.449292 -0.433678 -3.869062
-0.478320 -0.427962 -4.146796
-0.488709 -0.485197 -5.065250
-0.476557 -0.254312 -3.179706
-0.402390 0.300082 -1.720504
-0.424938 -0.409173 -3.400039
-0.353177 -0.361789 4.510777
-0.388511 -0.337206 -2.636023
-0.475128 -0.464801 -4.506804
-0.446321 -0.473200 -4.806854
-0.483483 -0.431771 -3.972504
-0.480282 -0.479777 -4.821232
-0.491382 -0.230030 -3.479295
-0.491392 -0.277033 -3.270316
-0.434413 -0.374227 -2.656213
-0.458427 -0.417818 -3.814577
-0.463826 -0.448891 -4.144926
-0.476166 -0.458288 -4.270530
-0.483712 -0.422041 -3.638752
-0.475857 -0.466570 -4.604239
-0.461098 -0.424978 -3.703981
-0.443125 -0.340465 -2.623438
-0.437671 -0.391876 -2.387065
-0.022018 0.212608 1.725011
-0.466511 -0.337224 -2.958226
-0.473650 -0.215960 7.034104
-0.474739 -0.235477 -2.875376
-0.459636 -0.458793 -4.099255
-0.453850 -0.416416 -3.346852
-0.476366 -0.474255 -4.447452
-0.485406 -0.416740 -3.822578
-0.450590 -0.392499 -3.570275
-0.414834 -0.403115 -2.351359
-0.477586 -0.498696 11.003807
-0.491891 -0.493043 -2.048079
-0.492627 -0.238838 -3.461341
-0.400947 -0.343014 -2.483256
-0.449529 -0.434670 -3.861293
-0.416570 -0.455808 -3.043414
0.185644 -0.069014 6.086978
-0.413956 -0.477617 -4.513425
-0.426594 -0.454906 -2.449959
-0.485644 0.485581 -1.628657
-0.480653 -0.268771 6.402951
-0.452951 -0.413695 -4.139458
-0.467408 -0.473203 -4.659383
-0.475661 -0.460856 -4.196457
-0.498722 -0.456618 7.385494
-0.020983 0.220070 1.800573
-0.458175 0.495860 -4.683835
-0.432839 0.487649 -4.321042
-0.467964 -0.271494 -2.911471
-0.499915 -0.495036 8.094942
-0.479448 -0.253625 -3.144678
-0.447672 -0.426525 -3.649675
-0.456318 -0.441036 -3.998711
-0.468406 -0.493918 10.920755
-0.446253 -0.415714 -3.295457
-0.470878 -0.485079 10.832246
-0.463776 -0.312954 -3.349307
-0.391025 -0.376820 -3.567448
-0.454058 -0.444455 -3.835332
-0.473574 -0.266592 6.793419
-0.427594 -0.473921 -3.178339
-0.488282 0.465970 7.541629
-0.495831 -0.437114 7.284155
-0.446931 -0.412219 -3.491973
-0.482217 -0.236745 6.581824
-0.494214 -0.256172 -3.322575
-0.455944 -0.426944 -4.282222
-0.497193 -0.465692 -4.672711
-0.435718 -0.412382 -3.117913
-0.444884 -0.485453 -4.946278
-0.454563 -0.454746 -3.871491
-0.474089 -0.241504 -3.301406
-0.496786 -0.421648 -3.705473
-0.430155 -0.368868 -2.594365
-0.456976 -0.444057 -4.043375
-0.498905 -0.428035 -4.006808
-0.436506 -0.371461 -2.804427
-0.497001 -0.249503 6.635349
-0.451640 -0.404232 -2.497874
-0.466526 -0.458145 -3.970979
-0.432012 -0.432009 -2.822273
-0.422801 -0.447909 -2.709129
-0.496328 -0.267543 6.416475
-0.471422 -0.414224 -3.494912
-0.499956 -0.432466 7.525892
-0.479749 -0.459208 -4.192064
-0.483081 -0.243396 6.811067
-0.469027 -0.470216 -4.606841
-0.450635 -0.414493 -2.858396
-0.376683 -0.463071 -3.083563
-0.438256 -0.452129 -4.032413
-0.476866 -0.493589 11.082695
-0.432840 -0.352394 -2.417477
-0.475013 -0.481655 8.040842
-0.450187 -0.472443 -4.939699
-0.476664 -0.257181 -3.379463
-0.490144 -0.436980 -3.909883
-0.438149 -0.389402 -2.444115
-0.483854 -0.240937 6.366003
-0.478269 -0.482425 -1.470153
-0.449769 -0.417493 -3.175189
-0.444416 -0.488687 -4.378056
-0.417804 -0.283270 -2.913611
-0.490599 -0.496024 -4.664832
-0.497889 -0.449391 7.159071
-0.487700 -0.242014 6.707085
-0.473203 -0.251176 -3.023303
-0.431373 -0.397982 -2.310000
-0.389568 -0.416867 -3.054048
-0.480272 -0.480137 -4.599473
-0.358747 -0.036973 5.613709
-0.489461 -0.468922 -4.423923
-0.440419 -0.437364 -3.164753
-0.498794 -0.249722 6.470874
-0.372154 -0.396561 -3.555654
-0.440710 -0.403369 -3.110996
-0.439010 -0.355183 -2.385359
-0.454744 -0.375352 -2.476837
-0.496507 -0.326338 -3.058891
-0.481298 -0.434718 -3.870171
-0.485646 -0.496047 11.242346
-0.474142 -0.452425 -3.940652
-0.488791 -0.268973 6.751450
-0.478293 0.206012 -4.565765
-0.447051 -0.412423 -2.747914
-0.393705 -0.342723 -2.934010
-0.426835 -0.304713 -3.592757
-0.485104 -0.492057 11.355820
