-0.119829 -0.181419 2.547324
-0.127667 -0.317867 2.955748
-0.112611 -0.313545 2.827054
-0.080484 -0.180941 2.590512
-0.079829 -0.171993 2.832159
-0.081145 -0.158466 2.823993
-0.108779 -0.215973 2.512315
-0.099680 -0.319634 2.546829
-0.132877 -0.350893 2.898559
-0.449945 -0.300549 -1.551821
-0.059074 -0.198882 2.755713
-0.107971 -0.156706 2.640780
-0.144433 -0.369801 2.756804
-0.103200 -0.245480 2.757245
-0.105056 -0.211247 2.564051
-0.099680 -0.272054 2.566925
-0.111553 -0.187251 2.436299
-0.058895 -0.250989 2.545770
-0.108273 -0.191640 2.737390
-0.127269 -0.367105 2.790026
-0.092009 -0.346446 2.800970
-0.070524 -0.158588 2.567020
-0.110154 -0.363928 2.750480
-0.048422 -0.164045 2.602297
-0.498645 -0.306468 -1.672552
-0.134743 -0.329778 2.843206
-0.091495 -0.147592 2.515249
-0.100073 -0.375196 2.714720
-0.113343 -0.351441 2.744664
-0.070666 -0.342155 2.794489
-0.062160 -0.175898 2.638250
-0.111761 -0.201282 2.583543
-0.128414 -0.298832 2.790495
-0.058593 -0.183652 2.584400
-0.488520 -0.285555 -1.373728
-0.102550 -0.308049 2.874931
-0.494718 -0.343499 -1.701137
-0.100919 -0.171151 2.678178
-0.096326 -0.223496 2.509312
-0.083295 -0.191156 2.728896
-0.077646 -0.197673 2.386077
-0.102576 -0.250509 2.965574
-0.134629 -0.375780 2.730488
-0.097442 -0.163846 2.525312
-0.134186 -0.250735 2.534626
-0.493178 -0.348190 -1.852134
-0.057585 -0.203766 2.677678
-0.109820 -0.237217 2.553007
-0.114461 -0.202882 2.634094
-0.107473 -0.280710 3.023670
-0.084111 -0.351992 2.645010
-0.117095 -0.360941 2.353553
-0.075763 -0.217925 2.300345
-0.053120 -0.231739 2.607278
-0.072553 -0.177462 2.353339
-0.074985 -0.159684 2.599820
-0.103252 -0.348061 2.782353
-0.485031 -0.334604 -1.420914
-0.139330 -0.315844 2.984254
-0.120884 -0.187304 2.621860
-0.090611 -0.187625 2.522604
-0.114894 -0.301387 2.498469
-0.115238 -0.183519 2.798874
-0.083841 -0.254858 2.321199
-0.104242 -0.334333 2.820745
-0.092474 -0.180997 2.476155
-0.097308 -0.376278 2.634187
-0.108370 -0.159352 2.630822
-0.062289 -0.205593 2.292894
-0.065580 -0.174850 2.754994
-0.086956 -0.192004 2.633450
-0.072817 -0.179490 2.756982
-0.090222 -0.151159 2.493190
-0.099584 -0.152499 2.613098
-0.095247 -0.248714 2.746683
-0.087774 -0.168148 2.730727
-0.089690 -0.195454 2.633404
0.247339 0.255746 2.073035
-0.085446 -0.340646 2.671306
-0.471265 -0.324221 -1.496149
-0.059361 -0.200311 2.706250
-0.052275 -0.227050 2.473067
-0.089800 -0.209974 2.523009
-0.101578 -0.366217 2.592591
-0.089954 -0.169674 2.640013
-0.093546 -0.388868 2.836534
-0.159880 -0.357848 2.926791
-0.094761 -0.175312 2.717685
-0.099491 -0.198587 2.554252
-0.111747 -0.264044 2.450968
-0.499323 -0.293633 -1.721329
-0.084458 -0.206680 2.609623
-0.482439 -0.298591 -1.685704
-0.104324 -0.381195 2.903236
-0.129161 -0.159037 2.967073
0.263951 0.245902 2.218398
-0.090814 -0.143563 2.361293
-0.121808 -0.256706 2.606369
-0.092094 -0.208000 2.615861
-0.066349 -0.185021 2.762985
-0.498939 -0.291858 -1.464351
-0.086783 -0.152978 2.523023
-0.089514 -0.214832 2.409099
-0.079769 -0.184212 2.753361
-0.131432 -0.376692 3.079264
-0.103522 -0.194672 2.527520
-0.498101 -0.290383 -1.462871
-0.136726 -0.352351 2.783971
-0.095156 -0.329631 2.651940
-0.045158 -0.174541 2.591736
-0.078330 -0.206863 2.766985
-0.074924 -0.187395 2.480037
-0.113487 -0.171598 2.777212
-0.133727 -0.383961 2.622442
-0.064275 -0.205478 2.528098
-0.092405 -0.214595 2.897208
0.283993 0.254562 2.096721
-0.490125 -0.316431 -1.431634
-0.074603 -0.196498 2.808963
-0.495224 -0.313618 -1.226856
-0.097725 -0.168945 2.609880
-0.099043 -0.337814 2.781051
-0.108086 -0.180053 2.669185
-0.069451 -0.225280 2.427573
-0.090532 -0.149286 2.822399
-0.082264 -0.148188 2.690668
-0.076134 -0.192353 2.648084
-0.118382 -0.325549 2.665913
-0.066430 -0.202512 2.555050
-0.112486 -0.355784 2.740458
-0.098264 -0.188602 2.742122
-0.074413 -0.184656 2.861875
0.308337 0.221555 1.962917
-0.099228 -0.355292 2.758529
-0.072448 -0.189088 2.738448
-0.100389 -0.403895 2.688331
-0.105417 -0.322030 2.736998
-0.079949 -0.202441 2.611730
-0.073400 -0.192962 2.733514
-0.100445 -0.330121 2.885729
0.285385 0.210454 1.700933
-0.103259 -0.201558 2.689751
-0.091411 -0.184600 2.591194
-0.073751 -0.145667 2.840284
-0.091490 -0.193656 2.678976
-0.106690 -0.170562 2.697697
-0.156280 -0.349266 2.620423
-0.085600 -0.174562 2.372071
-0.069894 -0.181047 2.765043
-0.094447 -0.163869 2.745970
-0.079423 -0.186226 2.432140
0.256978 0.261394 2.115892
-0.129985 -0.324664 2.464756
-0.113245 -0.272642 2.822868
-0.088529 -0.332484 2.872875
-0.491588 -0.281518 -1.802362
-0.112239 -0.326500 2.889549
-0.113361 -0.207656 2.737624
-0.114241 -0.412935 2.964707
-0.065331 -0.145051 2.652665
-0.086788 -0.164778 2.619553
-0.097094 -0.190871 2.442314
-0.108504 -0.319011 2.651471
-0.128494 -0.380644 2.978067
-0.121068 -0.349665 2.733082
-0.103814 -0.147682 2.873597
-0.084375 -0.208506 2.742355
-0.081698 -0.187281 2.610015
-0.075141 -0.170845 2.439921
-0.088290 -0.147363 2.864785
-0.068178 -0.205409 2.610693
-0.075986 -0.332338 2.850648
-0.099948 -0.357163 2.760447
-0.067030 -0.198390 2.517753
-0.085320 -0.223527 2.532317
-0.125387 -0.335100 2.847746
-0.092191 -0.362200 2.790782
-0.094380 -0.192572 2.688862
-0.080814 -0.335811 2.619897
-0.102328 -0.146817 2.595716
-0.081370 -0.177526 2.826582
-0.042536 -0.198166 2.463351
-0.085125 -0.206470 2.693863
-0.123561 -0.360363 2.733524
-0.128363 0.003789 -0.507561
-0.042964 -0.158339 2.833419
-0.120392 -0.309894 2.832316
-0.062525 -0.175589 2.545604
-0.115492 -0.389649 2.414944
-0.496076 -0.316133 -1.552933
-0.487208 -0.313847 -1.826465
-0.077872 -0.056083 -3.065582
-0.052272 -0.185498 2.536365
-0.075998 -0.187860 2.617007
-0.496614 -0.280066 -1.384217
-0.464227 -0.320978 -1.706280
-0.068781 -0.185572 3.093650
-0.054796 -0.191154 2.716006
-0.054126 -0.178945 2.270783
-0.088720 -0.199378 2.392353
-0.136934 -0.219548 2.466069
-0.496450 -0.301041 -1.363254
-0.094640 -0.245676 2.656396
-0.112385 -0.309657 2.709810
-0.111312 -0.185167 2.638574
-0.098186 -0.357360 2.907211
-0.104475 -0.169322 2.475959
-0.111418 -0.201294 2.951991
-0.072565 -0.164092 2.861304
-0.084581 -0.168252 2.493504
-0.096338 -0.190600 2.680930
0.235957 0.220312 2.073469
-0.079573 -0.171100 2.563247
-0.086890 -0.192721 2.699063
-0.076505 -0.166093 2.692350
-0.472436 -0.321453 -1.583046
-0.056250 -0.180530 2.793803
-0.473861 -0.340082 -1.700801
-0.071650 -0.190302 2.369346
-0.073142 -0.216893 2.688098
-0.106529 -0.187255 2.513021
-0.072979 -0.196554 2.580002
-0.087415 -0.175873 2.666331
-0.491856 -0.293544 -1.568387
-0.171762 -0.330562 2.720068
-0.099108 -0.394670 2.867581
0.297553 0.214214 1.957333
-0.128796 -0.329760 2.757356
-0.123138 -0.352342 2.700224
-0.115904 -0.350680 2.698101
-0.112587 -0.178027 2.692179
-0.097629 -0.354784 2.792767
-0.082620 -0.165687 2.378029
-0.114847 -0.274899 2.685234
-0.097016 -0.270480 2.457090
-0.084225 -0.185597 2.356731
-0.090176 -0.199329 2.678514
0.276184 0.209528 2.215191
-0.119385 -0.329136 2.734108
-0.076654 -0.185098 2.722386
-0.090111 -0.181319 2.578377
-0.112948 -0.353396 2.680939
-0.117017 -0.337214 2.700732
-0.099559 -0.384422 2.734691
-0.484900 -0.287227 -1.496371
-0.142839 -0.325562 2.900073
0.253160 0.228287 1.874713
-0.079680 -0.189760 2.314805
-0.076961 -0.175237 2.638298
-0.091736 -0.225613 2.753493
-0.050878 0.001909 3.029662
-0.113210 -0.350842 2.678366
-0.064341 -0.198414 2.572311
0.267781 0.223914 1.794234
-0.127153 -0.162047 2.525049
-0.065055 -0.166029 2.711423
-0.092298 -0.391083 3.132110
-0.199241 -0.024150 -0.709230
-0.082627 -0.181557 2.588357
-0.124182 -0.339322 2.775208
-0.091131 -0.103677 2.923155
-0.085911 -0.173586 2.668137
-0.073169 -0.157466 2.631607
-0.145305 -0.359096 2.514493
-0.080403 -0.359725 2.864983
-0.111614 -0.351440 2.867976
-0.116920 -0.348011 2.861641
-0.090140 -0.157891 2.423966
-0.101103 -0.162148 2.523156
-0.081148 -0.196232 2.636538
-0.136039 -0.165418 2.549791
-0.082979 -0.396854 2.789759
-0.066972 -0.210063 2.714870
-0.090365 -0.191547 2.725128
-0.122357 -0.359861 2.575087
-0.074572 -0.352089 2.821082
-0.077999 -0.178295 2.515834
-0.492862 -0.306534 -1.514166
-0.108971 -0.280415 2.898966
-0.080969 -0.219407 2.738273
-0.057578 -0.161790 2.709017
-0.094156 -0.296789 2.614291
-0.083400 -0.143531 2.934652
-0.098123 -0.212265 2.660069
-0.105570 -0.176553 2.783965
-0.081095 -0.198614 2.655507
-0.101758 -0.176238 2.579623
-0.058858 -0.173856 2.629409
-0.085896 -0.178898 2.566249
-0.070210 -0.180691 2.711095
-0.083816 -0.155184 2.550020
-0.101479 -0.317493 2.733862
-0.085046 -0.382095 2.603172
-0.101167 -0.148942 2.573090
-0.072819 -0.168702 2.544297
-0.128732 -0.339501 2.592324
-0.065235 -0.211520 2.645020
-0.117469 -0.185544 2.572067
-0.094040 -0.368479 2.840637
-0.099650 -0.390016 2.535935
-0.122165 -0.238574 2.673506
-0.494829 -0.314137 -1.492946
-0.102779 -0.174751 2.532525
-0.117172 -0.164401 2.729510
-0.456499 -0.321145 -1.804723
-0.099281 -0.185475 2.559221
-0.087262 -0.154279 2.650739
-0.092843 -0.183057 2.413006
-0.104130 -0.308600 2.880981
0.295941 0.248999 2.236494
-0.084468 -0.160742 2.577958
-0.111522 -0.255798 2.740701
0.312746 0.228028 1.969000
-0.075369 -0.160299 2.785830
-0.490981 -0.314945 -1.897792
-0.129634 -0.157033 2.677558
-0.098096 -0.187269 2.523932
-0.103425 -0.322747 2.782287
-0.121467 -0.350854 2.420203
-0.074887 -0.152594 2.376055
-0.085610 -0.364285 3.057783
-0.076161 -0.195720 2.586627
0.284611 0.246322 2.059710
-0.476331 -0.337250 -1.573616
-0.093321 -0.226408 2.799855
-0.116134 -0.159431 2.519385
-0.084344 -0.181356 2.548295
-0.088395 -0.174046 2.658809
-0.114910 -0.375541 2.747586
-0.070363 -0.191317 2.688539
-0.084499 -0.227869 2.455314
0.281034 0.248988 2.078476
-0.059012 -0.213085 2.291437
-0.108784 -0.313978 2.980089
-0.089395 -0.223262 2.758333
-0.104469 -0.331443 2.801676
-0.105639 -0.279687 2.470826
-0.114312 -0.264611 2.783101
-0.495835 -0.327955 -1.771604
-0.056060 -0.210635 2.717690
-0.104638 -0.191312 2.709483
0.303272 0.215225 1.813000
-0.095204 -0.184681 2.754669
-0.080547 -0.178915 2.384080
-0.060909 -0.159086 2.704033
-0.064803 -0.206394 2.809423
-0.072652 -0.204561 2.649033
-0.089880 -0.150437 2.626682
-0.083651 -0.176817 2.728340
-0.094987 -0.181604 2.696881
-0.484908 -0.272044 -1.789875
0.287569 0.263770 1.784481
-0.106758 -0.181622 2.567721
-0.114851 -0.366882 2.671541
-0.497533 -0.327041 -1.398885
-0.091302 -0.236268 2.601875
-0.144281 -0.333489 2.577149
-0.497240 -0.292982 -1.469512
-0.123947 -0.166321 2.506308
-0.098645 -0.191925 2.598640
-0.094337 -0.203315 2.742864
-0.130688 -0.238741 2.653917
-0.491185 -0.302116 -1.579338
-0.024072 -0.124509 2.550457
-0.072512 -0.200957 2.780428
-0.133298 -0.265632 2.345354
-0.128945 -0.159600 2.782992
-0.079343 -0.213499 2.723609
-0.157304 -0.393152 2.813931
-0.144716 -0.009807 -0.546290
-0.130803 -0.400097 2.641175
-0.075831 -0.369569 2.851631
-0.058184 -0.210922 2.672413
-0.101038 -0.227011 2.309973
-0.067502 -0.188916 2.617267
-0.084783 -0.174946 2.627775
-0.066122 -0.210283 2.702323
-0.128894 -0.330808 2.731815
-0.126355 -0.277066 2.929709
-0.098622 -0.331612 2.548090
-0.064896 -0.174092 2.544074
-0.116399 -0.365621 2.770820
-0.144425 -0.307855 2.759443
-0.124205 -0.195091 2.282762
-0.135462 -0.392553 2.735943
-0.101367 -0.170501 2.529875
-0.114109 -0.335334 2.882613
-0.071559 -0.171423 2.392388
-0.083064 -0.174932 2.603675
-0.058880 -0.263917 2.656963
-0.055882 -0.206115 2.577559
-0.068900 -0.374439 2.827050
-0.082024 -0.174982 2.643862
-0.085908 -0.354186 3.015741
-0.094470 -0.379439 2.661591
-0.131940 -0.386832 2.614387
-0.111169 -0.374506 2.366101
-0.102906 -0.330808 2.640653
-0.490982 -0.303994 -1.747394
-0.094754 -0.182617 2.657596
