-0.252511 -0.342035 -2.328459
-0.255562 0.027438 -3.026413
-0.120850 -0.212038 -2.397089
-0.234546 0.225954 -2.873753
-0.207182 -0.175868 -4.073846
-0.102338 0.252404 -3.447672
-0.128532 -0.168006 -2.946517
-0.191445 -0.215337 -3.145466
0.020771 0.311131 -3.129665
0.056307 -0.147547 -2.403636
-0.049102 0.051724 -3.021295
0.089284 0.057425 -3.441837
0.164391 -0.004341 -2.652091
0.163412 -0.008083 -3.618643
0.174389 -0.001408 -3.000440
0.140935 0.012303 -2.603370
0.231429 -0.319508 -3.426494
0.327851 -0.270025 -2.700247
0.232436 -0.282930 -2.539741
0.231492 -0.241675 -3.130867
0.200267 -0.250861 -3.346874
0.309586 -0.311910 -3.123912
0.466871 0.313970 -4.097009
0.439920 -0.387864 -3.624721
-0.321487 -0.121396 -3.391968
0.414789 -0.296052 -3.718809
0.494394 -0.349489 -2.807857
0.400361 -0.413574 -2.965587
-0.459900 0.404856 -3.298747
-0.255535 0.003339 -3.100280
-0.301096 -0.007088 -2.905636
-0.245751 -0.132917 -2.709900
-0.160899 -0.443628 -3.681206
-0.207686 -0.087344 -2.229942
-0.202377 -0.005939 -3.110348
-0.150316 0.256304 -3.330297
-0.203064 -0.211744 -2.664610
-0.052405 -0.138059 -2.891612
-0.059782 -0.174593 -2.664122
-0.146175 -0.142954 -2.020319
-0.069676 -0.093194 -2.732394
0.436792 -0.436016 -3.886302
0.118299 -0.011088 -2.759715
0.131545 -0.166677 -3.674014
0.118901 -0.128591 -3.033701
0.242747 -0.309483 -2.332888
0.323656 0.456272 -2.939669
0.245096 -0.329302 -4.111583
0.444159 -0.395821 -4.978571
0.219183 -0.386059 -3.125931
0.296730 -0.377790 -3.472243
0.396346 -0.282118 -3.416806
0.387349 -0.327298 -3.227769
0.391358 -0.335191 -3.837468
-0.465276 0.411809 -2.727828
0.394799 -0.425724 -2.942766
-0.287456 0.257223 -2.852853
-0.259579 0.247245 -3.647834
-0.386643 0.200410 -2.736697
-0.390119 0.105131 -3.223555
-0.305410 -0.341803 -2.115820
-0.327559 -0.379647 -2.320309
-0.218117 0.398497 -3.989528
-0.209885 0.484251 -2.645134
-0.232397 0.002895 -2.842892
-0.186486 -0.326495 -3.814441
-0.186662 0.185388 -2.796036
-0.215091 -0.078213 -2.372919
-0.096040 -0.154422 -3.065884
-0.026326 -0.242191 -3.312709
0.139029 0.078715 -2.254273
0.123866 0.039025 -3.212141
0.147683 0.057273 -2.622358
0.348074 -0.385179 -3.286880
0.267525 -0.355350 -2.955827
0.105825 0.129231 -2.532194
0.086215 -0.339875 -3.464981
0.350122 -0.323975 -3.181909
0.207568 -0.241410 -3.056274
0.203963 -0.273593 -3.571775
0.283592 -0.320969 -3.194533
0.360948 -0.422525 -3.595009
0.320321 -0.282741 -2.825268
-0.408067 -0.116898 -2.861269
0.421138 -0.362073 -3.386144
0.442567 -0.396442 -3.426770
-0.421094 0.368617 -3.108238
-0.415944 0.151392 -3.678437
-0.227617 -0.326613 -4.106973
-0.324331 -0.114125 -2.782364
-0.152356 -0.223952 -2.182723
-0.017112 -0.113075 -3.215383
-0.225567 -0.432197 -4.006317
-0.227638 -0.340284 -3.351003
-0.115209 0.172423 -3.397797
-0.091085 0.000560 -3.123038
-0.110208 -0.251307 -2.893945
-0.191209 -0.299801 -3.793922
0.089530 0.011798 -3.041437
0.043249 -0.170246 -2.970261
0.025200 -0.146702 -2.942961
0.186347 -0.426107 -3.913081
0.280028 -0.342037 -2.728471
0.309373 -0.437349 -3.325364
0.313861 -0.423509 -3.762800
0.204166 -0.016088 -2.627591
0.145050 -0.278034 -3.439091
0.163365 0.011656 -2.546861
0.183690 0.000998 -3.550557
0.290848 -0.218676 -2.693481
0.251721 -0.306245 -3.693880
0.207584 -0.257504 -2.952130
0.341309 -0.297268 -2.573453
0.319293 -0.330491 -2.908460
0.482933 -0.368680 -3.916269
-0.445977 0.185032 -3.683922
-0.417835 -0.092812 -2.585247
-0.295247 0.055650 -2.555453
-0.256091 -0.125299 -2.906214
-0.208406 -0.101357 -3.102735
-0.219488 0.428351 -3.509436
-0.259000 -0.085064 -1.993670
-0.258219 -0.281462 -2.811220
-0.221736 0.181310 -4.077037
-0.264587 0.116422 -3.519893
-0.176980 0.214368 -3.505391
-0.209262 0.199601 -2.736071
-0.162402 0.093900 -3.032370
-0.147655 -0.194716 -3.139391
-0.121065 -0.130003 -3.521137
-0.012639 -0.140531 -2.747736
0.193448 -0.345097 -2.926693
0.214596 0.020598 -2.529463
0.277137 -0.279169 -3.338897
0.267078 -0.426207 -3.722248
0.261181 -0.224188 -3.615906
0.129570 -0.252443 -3.982487
0.274350 -0.283208 -3.827473
0.263921 -0.340800 -3.836656
0.261148 -0.282442 -3.433786
0.381610 -0.204662 -3.218125
0.406155 -0.332512 -3.926524
0.310929 -0.332056 -2.644055
-0.457857 -0.372837 -3.797108
0.419358 -0.368979 -3.901397
-0.482786 -0.302392 -2.556970
-0.434510 -0.152363 -2.719180
-0.314348 -0.076363 -2.935725
-0.280455 -0.061134 -2.032378
-0.311423 0.230163 -3.885736
-0.234456 -0.139456 -3.342991
-0.277957 0.190038 -3.670013
-0.271905 -0.347678 -2.296855
-0.188152 -0.187577 -2.945943
-0.187985 0.224101 -3.071641
-0.212946 -0.276359 -2.143482
-0.133589 -0.248247 -3.122768
-0.155756 0.017387 -3.512007
-0.050201 0.021184 -2.494799
-0.123963 -0.161245 -3.750816
0.109331 -0.016952 -2.862546
-0.016009 -0.041076 -3.281308
0.076933 -0.378469 -3.074446
0.229791 -0.364223 -2.298193
0.270966 -0.388384 -3.548895
0.247221 -0.268196 -3.224521
0.287893 -0.378556 -3.344445
0.408525 -0.394889 -3.214841
0.229654 -0.200206 -3.352738
0.284173 -0.302780 -2.815682
0.281239 -0.306638 -3.235250
0.294844 -0.338525 -3.275391
0.356527 -0.216805 -2.937577
0.266599 -0.339564 -3.546712
-0.405455 0.343306 -3.443408
-0.466175 -0.499400 -3.209047
-0.443618 0.378682 -3.564146
-0.302135 -0.014792 -2.485652
-0.260044 0.229925 -2.670774
-0.289256 0.205812 -2.641949
-0.448539 0.106714 -3.231971
-0.260778 0.162876 -3.768807
-0.239685 -0.381720 -2.255734
0.000469 -0.212938 -3.352883
-0.212770 0.012224 -2.999445
-0.173970 -0.024352 -3.009785
-0.170466 0.213757 -3.342406
-0.086978 0.006895 -2.883873
-0.169512 -0.034647 -2.901611
-0.145623 -0.058358 -2.356516
-0.079940 -0.200280 -2.431998
0.176032 0.035303 -2.321007
0.112566 -0.004766 -3.310017
0.205608 -0.437794 -2.805007
0.254342 -0.267665 -3.549561
0.133823 0.046763 -2.722258
0.301797 -0.374824 -3.511049
0.256637 0.478603 -3.265466
0.270783 0.048632 -2.374451
0.291524 -0.373859 -2.944981
0.303195 -0.269534 -3.688149
0.262123 -0.350963 -2.502647
0.295576 -0.335348 -3.060683
0.383868 -0.294534 -3.313215
-0.414773 -0.394063 -3.139431
-0.458119 -0.493132 -3.279504
-0.421027 -0.429921 -3.749023
-0.453620 0.129770 -2.892104
-0.436740 0.208481 -2.981960
-0.233599 0.478556 -3.769412
-0.276297 -0.059124 -2.011669
-0.301612 -0.314117 -2.746768
-0.234623 -0.329434 -2.078308
-0.242963 0.144023 -4.012299
-0.137572 0.142169 -3.637405
-0.226938 0.196193 -2.769781
-0.219505 -0.060234 -2.598470
-0.074252 -0.086045 -4.217277
-0.046348 -0.086929 -2.856693
-0.035015 -0.119572 -2.566313
0.091060 0.041220 -2.186254
0.041382 -0.247073 -3.000709
0.098743 0.184085 -3.541591
0.144739 0.190494 -3.598395
0.252915 -0.299567 -4.058976
0.166738 -0.001322 -2.776760
0.255166 0.466996 -2.917252
0.271646 -0.403197 -3.808807
0.328136 -0.270771 -2.932253
0.278649 -0.491333 -3.337645
0.451582 -0.003929 -4.126871
0.341358 -0.373682 -3.325070
0.280176 -0.368915 -2.919790
0.437703 -0.215295 -3.221590
0.379828 -0.363940 -3.605023
-0.438604 -0.350237 -2.748274
-0.465252 -0.387934 -3.331749
-0.493530 -0.359805 -3.278926
-0.272792 -0.001534 -2.539993
-0.464366 -0.085848 -2.292872
-0.312968 -0.092587 -2.259310
-0.263937 0.173778 -2.306585
-0.231284 0.456513 -3.753828
-0.242019 0.457257 -3.884152
-0.307594 0.269931 -3.383242
-0.266625 -0.358592 -3.442181
-0.112245 -0.211459 -2.727243
-0.179596 -0.072235 -3.031453
0.009970 0.154272 -2.905599
-0.167608 -0.220833 -2.527183
-0.037241 -0.249981 -2.477903
0.027780 -0.099599 -2.796191
0.072214 -0.212995 -3.021715
0.157238 0.025310 -1.889049
0.077039 -0.070894 -2.959291
0.131666 0.031907 -3.052846
0.473577 -0.198074 -2.541094
0.298602 -0.485225 -3.916923
0.225629 -0.406952 -3.092158
0.268584 -0.454284 -2.692192
0.380635 -0.263109 -4.024137
0.365479 -0.351374 -3.088484
0.411909 -0.265000 -2.633767
0.406074 -0.249749 -3.342915
-0.478643 -0.456479 -2.925763
0.398808 -0.353159 -2.901008
-0.472496 -0.291906 -4.094435
-0.287510 -0.012500 -2.597575
-0.450969 -0.035121 -2.036227
-0.342643 -0.393824 -2.741380
-0.295262 0.179243 -4.439491
-0.076710 0.348382 -2.827868
-0.184053 -0.215766 -2.278737
-0.301607 -0.321245 -2.945869
-0.172912 -0.340516 -3.517351
-0.247157 -0.414909 -2.969914
-0.177283 0.232044 -3.096914
-0.209182 -0.112004 -3.382272
-0.117365 -0.151537 -3.358271
-0.138094 -0.234984 -2.352151
-0.105486 0.132315 -3.534641
-0.059138 -0.033222 -2.910555
0.071183 0.171638 -2.500255
0.226873 -0.342937 -3.694519
0.218663 -0.343284 -3.704528
0.239840 -0.299801 -2.754090
0.226547 -0.383975 -3.364474
0.338309 0.387508 -3.061598
0.255946 -0.393754 -3.688417
0.285901 -0.386916 -3.522918
0.271477 0.466636 -3.470038
0.421280 -0.229500 -2.702542
0.303344 -0.421208 -3.836401
0.473433 -0.280154 -3.042081
-0.484295 0.316624 -3.020833
0.455793 -0.296432 -2.584953
-0.306054 0.184426 -3.639606
-0.414326 -0.414627 -1.837716
-0.416978 -0.457447 -3.525159
-0.319238 -0.101660 -3.340117
-0.291191 -0.040785 -2.522130
-0.259309 0.473343 -3.588388
-0.231228 -0.359453 -3.345690
-0.262990 -0.361183 -3.061111
-0.301073 -0.326509 -3.009808
-0.187665 -0.225342 -3.011078
-0.181766 0.205096 -2.536566
-0.103712 -0.076746 -2.771770
-0.181688 -0.031238 -2.749202
-0.090607 0.247374 -3.162029
-0.012185 -0.151053 -2.948441
0.146535 -0.344563 -3.408739
0.077408 0.026799 -2.846538
0.109171 0.167858 -2.810840
0.254783 -0.474789 -3.421716
0.227654 -0.392779 -3.825837
0.195548 -0.332860 -2.969604
0.253792 -0.339229 -2.646235
0.166949 -0.229305 -3.111064
0.252619 0.323264 -4.235108
0.334361 -0.398514 -3.200196
0.282046 -0.262173 -2.162248
0.282281 -0.340729 -3.993033
0.356028 -0.344204 -3.169425
0.429230 -0.358638 -3.772681
-0.451910 0.438404 -3.235297
-0.306507 -0.339968 -3.061912
-0.385643 0.382998 -3.121673
-0.426809 0.130086 -2.807790
-0.395525 -0.361971 -3.068655
-0.463064 -0.082197 -2.139418
-0.269549 -0.417848 -3.449135
-0.310038 -0.324445 -2.173578
-0.275289 0.146848 -2.901860
-0.265428 0.383938 -4.193049
-0.210120 -0.082063 -2.459995
-0.177548 0.251816 -3.439935
0.152331 -0.308528 -2.848541
-0.169336 -0.224350 -2.746519
-0.079853 -0.215415 -3.156864
-0.085015 -0.218881 -3.328547
0.068976 -0.134304 -2.620319
0.088538 0.083578 -3.600624
0.091767 0.178898 -3.115600
0.203493 -0.002308 -2.430824
0.213532 -0.382084 -3.515744
0.141398 0.017771 -3.404419
0.324194 -0.295929 -3.423424
0.240672 -0.377638 -2.971660
0.398496 -0.263105 -2.574851
0.233003 -0.256768 -3.562769
0.346806 -0.381012 -4.052762
0.273971 -0.304995 -2.987222
0.439408 -0.316721 -2.515402
0.431232 -0.327643 -2.894484
0.347077 -0.296805 -3.736942
0.362442 -0.284691 -3.974177
-0.396692 0.201765 -3.441650
-0.457390 0.346379 -2.708197
-0.202172 -0.253758 -3.654619
-0.423431 0.217732 -2.628944
-0.259368 0.445036 -3.793744
-0.269281 0.451333 -3.899430
-0.286473 0.183282 -3.951790
-0.155646 -0.332044 -3.568005
-0.150631 0.208764 -3.373090
-0.197288 -0.052958 -3.752208
-0.064067 0.297867 -2.841572
0.012631 -0.074626 -2.673364
-0.028564 0.214408 -3.136978
-0.019749 -0.066508 -3.078487
0.237310 0.017435 -1.990580
0.036481 -0.059912 -2.688362
0.149623 -0.302071 -3.075422
0.220041 -0.367628 -3.837796
0.052758 0.136001 -2.969058
0.182680 -0.288076 -3.035278
0.229374 -0.362338 -2.623250
0.362817 -0.366624 -2.968035
0.238983 -0.244957 -2.739708
0.258669 0.454740 -2.994968
0.311357 -0.256682 -3.712681
0.253868 -0.225229 -2.391269
-0.498532 -0.308917 -3.387231
0.462787 -0.336360 -3.508526
-0.379009 0.240180 -2.612156
-0.487898 -0.381029 -3.295282
-0.416901 0.386053 -3.391852
-0.299216 0.205204 -2.771802
-0.282489 -0.390195 -3.215490
-0.405139 -0.401829 -3.353609
-0.256202 0.173161 -2.804044
-0.215221 -0.337143 -3.445386
-0.252404 0.488862 -2.569732
0.105495 0.306241 -3.897048
-0.130681 -0.215963 -2.766402
-0.164955 -0.092957 -3.183667
-0.009887 -0.166685 -3.161385
-0.124166 -0.046561 -3.341460
-0.014524 -0.149959 -3.107214
-0.063186 -0.117487 -2.381410
0.164653 -0.002774 -3.000363
0.000166 0.035648 -3.446127
0.139070 -0.345693 -3.091806
0.159001 0.023966 -2.230734
0.225633 -0.287132 -2.731247
0.175371 -0.353326 -2.910384
0.143779 -0.128905 -2.972025
0.285383 -0.371156 -2.916325
0.274927 -0.481814 -2.716319
0.316731 -0.344178 -3.074803
0.333622 -0.355233 -2.841348
0.445372 -0.396985 -2.953733
0.324595 -0.325874 -2.840076
-0.438307 0.450782 -2.520282
-0.416806 0.396911 -3.553478
0.498163 0.042717 -3.065645
-0.443123 -0.380154 -3.452305
-0.394040 -0.392751 -2.779030
-0.418667 0.026739 -2.923612
-0.365420 0.220970 -1.944840
-0.263970 -0.354282 -2.868628
-0.346170 -0.388923 -2.168184
-0.128603 0.418787 -3.968102
-0.262344 0.180534 -3.022567
-0.204429 0.484817 -2.688148
-0.148240 0.051217 -2.604073
-0.194779 0.155956 -3.248871
-0.226294 -0.112172 -2.890599
-0.061690 0.317730 -3.008520
-0.102538 -0.054266 -2.819999
-0.089312 0.108485 -3.729198
0.177901 0.007438 -3.139670
0.142395 -0.312470 -2.848746
0.144269 -0.189585 -2.708903
0.145231 -0.339541 -3.235080
0.292334 -0.359623 -2.606280
0.361108 -0.320421 -3.927559
0.245535 -0.256947 -2.651028
0.199797 -0.311715 -3.324618
0.384981 -0.278723 -3.993285
0.374215 -0.344798 -3.551004
0.411281 -0.355796 -2.913793
0.351570 -0.397947 -3.474695
-0.249774 -0.011570 -3.116002
-0.296176 -0.042096 -2.987974
-0.449350 -0.110198 -2.128062
0.468086 0.262391 -2.587040
-0.470128 0.305833 -3.564333
-0.465523 -0.250012 -3.699196
-0.426789 0.076438 -3.514028
-0.283268 0.418637 -3.915190
-0.309297 0.419896 -3.656657
-0.250967 0.182647 -2.738659
-0.213004 0.205049 -3.090199
-0.241497 -0.351381 -3.619870
-0.206099 0.215998 -3.454241
-0.044147 0.169789 -2.927249
-0.041042 -0.092553 -2.647600
-0.073329 -0.035544 -3.447866
-0.049506 0.238226 -2.672013
0.174160 -0.361107 -3.072443
0.169387 0.015550 -2.856463
0.079107 0.296557 -3.366882
0.126326 -0.003064 -2.948411
0.162763 -0.387627 -3.352733
0.207676 -0.340342 -3.840845
0.211519 -0.291805 -2.868297
0.318297 -0.250065 -2.664026
0.335444 -0.297918 -3.086783
0.263300 -0.291535 -2.720426
0.338209 -0.369149 -2.645643
0.355132 -0.443671 -3.823302
0.349640 0.423357 -2.238211
-0.484632 0.275153 -3.702092
0.475488 0.047140 -2.609114
-0.419318 0.396979 -3.410851
0.453898 0.107675 -3.076174
0.498697 0.302323 -3.107091
-0.447397 -0.129754 -3.323834
-0.027418 0.103195 -2.877778
-0.267063 -0.250174 -3.673922
-0.273303 0.017854 -1.998335
-0.259089 -0.035464 -2.259349
-0.182757 -0.348062 -3.122177
-0.213405 -0.221704 -2.340002
0.038771 -0.157664 -3.407093
-0.201698 0.165203 -2.589722
-0.190094 0.007732 -2.910773
-0.120413 0.028835 -3.126611
0.046477 -0.098902 -3.116770
0.078572 0.007653 -2.455116
0.032864 -0.152576 -2.940191
0.112366 -0.356687 -3.327497
0.050376 0.085989 -3.419963
0.145740 -0.297399 -3.162020
0.196177 -0.387385 -2.377449
0.274361 -0.447540 -3.792094
0.343672 -0.400182 -2.434377
0.282283 -0.367192 -2.830254
0.389547 -0.253911 -3.510335
0.451633 0.215193 -3.172189
0.379916 -0.369553 -4.375547
0.498382 -0.347704 -2.971551
-0.262598 -0.324540 -3.328943
-0.438281 0.436440 -3.261954
-0.465889 -0.348864 -3.110753
-0.351896 0.220796 -3.065287
-0.376685 0.052029 -3.337231
-0.423852 -0.082836 -2.061994
0.492314 0.014267 -3.679472
-0.417993 0.106830 -3.835498
-0.294577 -0.077370 -2.244803
-0.296159 -0.103785 -2.821448
-0.026899 -0.163414 -3.773173
-0.152260 0.244036 -3.332054
-0.199269 0.182723 -2.632449
-0.079907 -0.065279 -2.943661
-0.021067 0.371442 -3.566839
-0.169379 -0.178560 -2.015458
-0.073810 0.185346 -3.248076
0.036431 -0.172867 -2.318968
-0.026209 0.022598 -3.450292
0.151041 0.006305 -2.450080
0.107088 -0.299264 -2.996701
0.079448 -0.306896 -2.996155
0.257170 -0.331284 -3.433217
0.251475 -0.247987 -4.280886
0.325703 -0.491649 -2.664574
0.274764 -0.343828 -4.009598
0.260235 -0.313468 -2.893176
-0.473645 0.331292 -2.930796
0.388824 -0.402849 -3.427524
-0.325904 -0.087098 -3.478895
0.434697 -0.380560 -3.765173
-0.488437 0.308803 -3.425441
-0.461094 -0.359963 -3.421840
-0.479403 0.016426 -3.023760
-0.299809 0.195014 -2.942030
-0.390589 0.380385 -2.889217
-0.305342 -0.216917 -3.166985
-0.382627 -0.081887 -2.138023
-0.201869 0.436722 -3.225381
-0.275534 -0.115902 -3.188539
-0.165459 0.202104 -3.253380
-0.128238 0.001697 -3.392278
-0.253797 0.367975 -4.209562
-0.161791 0.218346 -3.588280
-0.106098 0.171194 -4.086224
0.011730 -0.137569 -1.533548
-0.012815 -0.056059 -3.254702
-0.033911 0.118657 -2.902621
0.123737 -0.302324 -3.111106
0.037035 0.122390 -3.003692
0.209334 -0.397898 -3.932692
0.110055 -0.337091 -3.161219
0.278611 -0.294772 -4.074952
0.182578 -0.261220 -3.178694
0.296999 0.430773 -3.958983
0.188731 -0.324668 -2.714703
0.308499 -0.361856 -3.708782
-0.286615 -0.101717 -2.833109
0.388177 -0.416011 -3.407385
-0.364569 -0.129859 -2.883063
0.431045 -0.370355 -3.997116
-0.448684 -0.405266 -2.419961
-0.499414 -0.376141 -3.498998
-0.326069 -0.409683 -2.916128
-0.233949 -0.131577 -3.906119
-0.458590 0.082222 -3.760847
-0.416148 -0.145538 -1.661638
-0.269703 -0.327182 -2.422853
-0.188507 -0.254964 -2.566222
-0.266412 -0.062341 -2.778526
-0.151784 0.275824 -3.103759
-0.104744 0.342896 -3.262444
-0.193185 0.013173 -2.421057
-0.190919 0.031045 -2.456428
-0.125935 -0.124929 -2.707368
-0.049110 -0.124042 -2.386356
0.066091 0.207601 -3.607952
-0.058307 0.195599 -3.354267
0.104842 -0.322316 -2.808410
0.134058 -0.284518 -3.214503
0.082075 -0.343554 -3.561422
0.148191 -0.269487 -3.418405
0.190460 -0.351135 -2.725963
0.201331 -0.372817 -2.840360
0.387135 -0.473215 -3.015502
0.293872 -0.382654 -3.183124
0.441965 -0.478091 -3.654427
0.341922 -0.353740 -3.456632
0.341327 -0.323133 -2.721505
0.408216 -0.449739 -3.560721
-0.465640 0.431220 -2.861287
0.486308 0.243480 -2.351240
-0.397443 0.332103 -3.277226
-0.316881 -0.362600 -1.728683
-0.328137 -0.350364 -1.961186
-0.357436 -0.248178 -3.445049
-0.290906 -0.326252 -3.108812
-0.235997 0.434445 -3.334517
-0.197756 -0.377800 -2.931967
-0.181906 -0.316682 -3.371082
-0.195606 -0.316006 -3.370829
-0.227905 -0.036168 -2.723190
-0.143758 -0.061120 -2.869395
-0.204544 0.208936 -3.173710
-0.094449 0.165984 -3.748059
-0.101785 -0.173757 -3.144749
-0.035949 0.088438 -2.841563
0.132587 -0.047830 -3.290955
0.177517 -0.280421 -3.495483
0.130476 -0.303076 -3.556224
0.170513 0.015680 -2.399540
0.092071 -0.368794 -3.247630
0.137535 0.045205 -2.105714
0.316813 -0.240102 -3.267040
0.388711 0.459731 -3.895415
0.351308 -0.345505 -4.115833
0.368611 -0.342315 -4.706512
0.404666 -0.365595 -3.319242
0.398097 -0.282703 -3.831762
-0.459780 0.179406 -2.935438
0.421447 -0.450786 -4.251585
0.353451 -0.473676 -3.187875
-0.433297 -0.080737 -2.937647
0.465733 0.272936 -3.520316
-0.347225 -0.457249 -3.096168
-0.286403 -0.359323 -2.784513
-0.388300 0.169258 -2.900783
-0.356682 -0.351952 -2.638880
-0.289741 0.111036 -3.610430
-0.141577 0.321493 -2.862951
0.151408 0.048326 -3.139808
-0.162383 0.344536 -2.991733
-0.196073 0.290536 -2.287338
-0.189838 -0.043522 -3.711042
-0.040243 -0.101362 -2.641000
-0.109673 -0.105547 -2.831832
-0.095981 0.061673 -3.089743
0.073671 -0.137659 -2.537362
0.099867 -0.016157 -2.270465
0.125452 -0.246375 -3.704828
0.163430 -0.185112 -3.644846
0.191211 -0.332895 -3.784093
0.298002 -0.302900 -3.404973
0.250132 -0.289840 -3.892755
0.221696 -0.357775 -3.230268
0.348320 -0.412471 -3.685743
0.382545 -0.336565 -3.828236
0.387560 -0.322918 -3.693287
0.430696 -0.393445 -3.618867
0.343423 -0.455663 -3.019397
0.401818 -0.388279 -3.238254
0.456467 -0.382063 -3.558977
0.404216 -0.384977 -3.529227
-0.478198 0.446466 -2.776473
-0.496429 0.267498 -2.696476
-0.426500 -0.288002 -3.645752
-0.319941 0.202191 -2.858663
-0.169480 -0.197959 -2.648040
-0.249577 -0.353586 -3.010229
-0.095436 0.407803 -2.930417
-0.257091 0.241573 -3.772902
-0.163366 0.224300 -3.482852
0.126223 -0.017877 -2.933478
-0.133456 0.230485 -2.751411
-0.096230 -0.062254 -3.256670
-0.106380 -0.206974 -2.824446
-0.025202 0.005287 -2.595712
0.092953 -0.001421 -3.615498
0.072998 -0.412573 -3.718585
0.118919 -0.019094 -3.418596
0.094806 -0.074726 -2.471220
0.196182 -0.312042 -3.053514
0.229966 -0.416501 -2.733570
0.255825 -0.358066 -3.500957
0.233993 -0.362821 -2.998327
0.213995 -0.334248 -3.203553
0.358294 -0.327052 -3.497132
0.488005 -0.348459 -3.072230
0.419532 -0.429174 -3.469353
0.422475 -0.447768 -3.737165
0.398223 -0.318803 -2.697200
0.402859 -0.305232 -3.989197
0.473783 -0.409701 -3.584138
-0.492299 -0.453984 -3.312919
-0.457264 0.379516 -3.455724
-0.298466 -0.268750 -2.908892
-0.289848 -0.022668 -2.284769
-0.244721 -0.336564 -3.469899
-0.269012 -0.434172 -3.085064
-0.136391 0.209784 -2.294242
0.042133 -0.377230 -3.219993
0.066795 0.202190 -2.109547
0.024258 -0.153067 -2.850609
0.025983 -0.262959 -2.850828
-0.086265 -0.127489 -2.534099
-0.125599 0.133306 -4.160832
-0.043941 -0.026829 -3.250571
0.056371 -0.130145 -2.721857
0.154364 0.002252 -2.736598
0.066747 -0.326590 -3.722527
0.148182 -0.313105 -3.064624
0.134306 -0.310040 -3.032342
0.158073 -0.330023 -1.825309
0.131469 -0.267600 -3.250236
0.255972 -0.421701 -3.057914
0.245203 -0.337646 -3.566834
0.383859 -0.394198 -3.638233
0.395286 -0.451307 -3.730367
0.443568 -0.416142 -4.062266
0.481132 -0.389852 -2.964368
0.427511 -0.333087 -3.581019
0.408032 -0.342405 -3.815572
0.418188 -0.321881 -2.655201
-0.464962 -0.132897 -1.939345
-0.311832 -0.092808 -3.545493
-0.364351 -0.389532 -2.953490
-0.232838 -0.052678 -2.848020
-0.279082 0.217248 -2.855321
-0.303911 -0.119578 -2.547563
-0.162730 0.222975 -3.615183
-0.120431 -0.042576 -2.825855
-0.096084 -0.222114 -2.738548
-0.041532 -0.251234 -3.062474
-0.105123 -0.012930 -3.157633
-0.004629 -0.138589 -3.019272
-0.102025 0.181390 -4.169326
0.188614 -0.296098 -2.386808
0.139019 0.016737 -2.690932
0.131487 -0.017361 -2.971318
0.122466 -0.308640 -2.257644
0.159474 -0.014285 -3.047466
0.206127 -0.361339 -3.489190
0.266334 -0.308926 -3.237666
0.192343 -0.345678 -3.466242
0.216437 -0.386273 -3.035259
0.292911 -0.333377 -3.297254
0.345664 -0.424985 -4.427742
0.413007 -0.330411 -3.101766
0.487874 -0.359871 -3.822624
0.369816 -0.398072 -4.380368
0.368288 -0.280362 -3.323475
-0.451819 0.435142 -3.084035
0.424182 -0.313476 -2.741938
-0.358988 0.060970 -2.470474
-0.391506 -0.091964 -1.528958
-0.453332 0.480857 -2.817426
-0.224146 -0.329924 -3.247341
-0.256019 -0.351254 -3.142390
-0.188057 0.198910 -2.620766
0.075180 0.440103 -1.586581
-0.141858 0.066498 -3.129963
-0.036782 0.163066 -2.790576
-0.086249 0.223338 -3.041801
-0.093020 -0.111370 -2.905661
-0.009992 -0.154899 -2.242309
-0.017549 -0.127906 -2.680608
0.135690 -0.404789 -4.087560
0.072144 -0.353507 -3.445531
0.062881 0.158900 -2.476033
0.085586 -0.371387 -3.993102
0.132893 -0.256130 -3.007095
0.215100 -0.370864 -3.775972
0.269332 -0.293117 -3.038030
0.202517 -0.359013 -2.749416
0.290197 -0.447571 -3.401972
0.284279 -0.363107 -3.378074
0.281732 -0.360856 -3.338151
0.419040 -0.342303 -3.498675
0.424926 -0.410504 -3.849554
0.430113 -0.341530 -3.669514
0.425183 -0.319462 -2.905128
0.416141 -0.413536 -3.565865
-0.459355 0.441771 -3.343026
-0.480004 0.414562 -2.997802
-0.243529 -0.053147 -3.130702
-0.320612 -0.128654 -3.441954
-0.332043 -0.096553 -2.461613
-0.269484 -0.328150 -3.220750
-0.250707 -0.049322 -2.702518
-0.111934 -0.117334 -2.666066
-0.129324 -0.002384 -3.526936
-0.046386 0.318949 -3.730245
-0.015842 -0.206285 -2.223219
0.294447 0.387416 -3.315714
-0.088982 -0.209927 -2.412370
-0.027216 -0.196345 -3.754245
-0.034072 -0.176194 -2.186963
0.094845 -0.328277 -3.841218
0.070829 -0.075146 -3.292507
0.089924 -0.067710 -2.648380
0.136291 -0.315978 -3.401347
0.226674 -0.240689 -3.405202
0.177948 0.023694 -3.144820
0.233302 -0.286580 -3.689707
0.305955 -0.342915 -3.059360
0.373943 -0.358799 -3.796967
0.272077 -0.357106 -3.009580
0.425263 -0.360128 -3.450273
0.354161 -0.391327 -3.337397
0.353722 -0.342224 -2.922293
0.394207 -0.456856 -3.465844
0.438926 0.430134 -3.565932
0.479930 -0.363570 -2.616624
0.463095 -0.329241 -3.574776
-0.294989 -0.026100 -1.985292
-0.342799 -0.129763 -2.531581
-0.293328 -0.043459 -2.736596
-0.400651 -0.039346 -2.556970
-0.206728 -0.245142 -2.914032
-0.190482 -0.238498 -2.536842
-0.118080 -0.197923 -2.867866
0.032682 -0.287295 -2.226363
-0.087914 0.214274 -4.130466
-0.101100 -0.199285 -2.941292
-0.026484 0.088951 -2.919708
-0.078004 -0.179826 -3.020239
-0.025876 -0.182712 -2.982029
0.082155 0.005322 -3.124048
0.070217 -0.379023 -3.533691
0.107983 -0.342463 -3.911093
0.166710 -0.188875 -3.073390
0.186162 -0.374765 -3.532553
0.133088 -0.363910 -4.070650
0.062269 -0.369844 -2.913391
0.276083 0.495855 -3.360478
0.313748 -0.367101 -3.166020
0.315073 -0.273770 -3.520060
0.289331 -0.393304 -2.724241
0.335353 -0.396080 -3.145860
0.385275 -0.294375 -4.086292
0.368230 -0.353726 -2.875465
-0.467802 -0.343204 -3.391822
0.455017 -0.394711 -2.631935
-0.436125 0.182657 -3.342841
-0.309240 -0.334042 -3.017465
-0.330239 -0.055661 -3.759186
-0.334262 0.009240 -2.037857
-0.273814 -0.020325 -3.154809
0.121846 -0.332218 -3.457007
-0.201982 -0.205246 -2.435600
-0.175001 -0.068819 -3.009575
-0.088070 0.298542 -4.074385
-0.175356 -0.216542 -3.203384
0.059427 0.330035 -2.526495
0.070074 -0.312389 -3.009754
-0.002116 -0.165772 -3.207849
-0.046686 -0.268602 -3.310505
0.022892 -0.165493 -3.284118
0.139992 -0.028612 -2.959755
0.042066 -0.366980 -3.440309
0.111609 0.028564 -2.667672
0.171676 -0.210072 -4.179420
0.241966 -0.315658 -3.175676
0.153038 -0.336888 -2.861665
0.202045 -0.364924 -3.036488
0.209638 -0.271884 -3.021014
0.325395 -0.281970 -3.409339
0.360846 -0.353061 -3.052299
0.376012 -0.376647 -3.542044
0.431649 -0.359734 -3.214636
0.448040 -0.383958 -4.059769
0.364062 -0.455588 -3.080421
0.387416 -0.497167 -2.846869
-0.435637 0.117481 -2.692753
-0.256136 -0.254841 -3.779881
-0.495405 0.273662 -3.207757
-0.250209 -0.077183 -3.143619
-0.269004 -0.312803 -2.869905
-0.316853 -0.019027 -2.340705
-0.154916 -0.204552 -3.139723
-0.132091 -0.033338 -3.300634
-0.189369 0.224763 -3.639185
-0.181354 -0.187174 -2.823230
-0.145665 -0.201458 -2.886435
-0.149763 0.001267 -2.821824
-0.048538 -0.186011 -2.709535
0.118649 -0.031538 -2.977011
-0.005070 -0.225847 -2.728722
0.163557 -0.034784 -2.290730
0.115781 -0.178459 -3.527717
0.111643 -0.283602 -3.283928
0.213429 -0.116926 -3.309831
0.280167 -0.387762 -3.368873
0.168322 -0.364762 -3.269458
0.180035 -0.351663 -3.675560
0.223755 -0.283481 -3.558736
0.344374 -0.355474 -2.909518
0.246679 -0.326801 -3.195269
0.339002 -0.412074 -2.968357
0.296882 -0.479049 -3.248089
0.375626 -0.371917 -3.546975
0.453625 -0.356127 -3.372788
0.454764 -0.352146 -3.560715
0.464649 0.292340 -3.032985
-0.456972 0.466062 -3.383603
-0.348467 -0.066059 -2.501975
