1.616924 0.973311 -4.224656
1.044213 0.975208 3.991243
1.436928 0.925605 -6.046941
0.730502 1.175062 2.447730
-0.198372 2.382883 2.096197
0.477000 1.706361 -3.206099
-0.306088 2.483746 4.886227
0.725175 0.154792 -0.632635
0.301062 0.257941 5.366345
1.815886 0.190210 -6.225702
1.046691 1.381148 5.975629
1.741502 -0.008024 2.847997
-0.055440 1.159765 2.696165
1.877566 1.697732 5.104020
-0.040992 1.194950 2.356205
0.479150 0.171786 4.114173
0.484543 2.541708 1.003621
0.015455 1.252167 1.696644
-0.363888 1.760646 2.719429
3.587977 1.803025 1.154302
1.172468 3.217843 0.389260
-0.428223 2.109252 6.090865
0.351545 3.420924 3.493313
-0.498663 1.676411 3.324614
0.446863 3.546253 3.178560
0.320134 1.239356 1.096546
0.532895 0.706466 -0.952033
-0.426441 2.156430 2.054649
0.305752 3.036230 5.377384
-0.130551 1.979197 3.492603
2.144029 4.330788 -1.123209
1.150607 0.613813 -0.862857
-0.118743 0.243949 0.379541
-0.121204 1.967371 3.113945
0.226078 0.915108 3.678015
0.392468 -0.233409 5.104888
1.605738 0.660580 4.213796
0.425806 3.592117 0.748589
-0.364891 0.426983 -1.706449
1.451010 -0.042293 -3.574925
0.738282 0.125147 -1.258894
-0.002102 1.910617 -5.824281
-0.384793 2.182583 1.721621
0.736014 2.859884 1.032063
0.993123 1.345434 6.051804
0.444898 -0.215432 5.010463
0.835398 5.351014 1.547350
-0.402469 1.884582 0.977765
1.025607 4.395517 -0.476844
0.141066 2.454078 1.039760
0.352251 2.091122 4.565553
0.135104 2.483473 3.109834
-0.370608 1.683464 1.534543
-0.443484 2.174527 1.409781
0.360250 4.427942 1.236482
0.074401 -0.384496 3.409076
1.653877 0.631300 4.047656
0.791840 3.511208 -4.330103
1.018094 -0.179852 -3.551690
-0.145897 4.897308 -2.696607
0.287910 3.411988 3.695617
-0.045709 1.225347 1.921820
-0.306736 0.877165 1.128030
-0.468990 1.676494 3.197115
1.299879 1.291244 -4.910440
-0.218835 0.682069 -4.008155
0.411054 0.663377 -1.879354
0.493364 1.741706 -4.059223
1.461692 -0.030151 -4.198409
0.704414 1.205180 1.732507
-0.220727 3.656593 5.441820
0.081482 -0.359838 2.175937
0.470150 3.366512 -2.581596
0.337825 1.275592 2.788480
0.522861 0.739248 -0.772858
0.333208 3.407105 4.620725
0.116313 1.055310 2.287455
-0.472207 2.178311 1.168725
-0.439990 3.427938 1.169326
0.414712 0.403910 -1.459422
0.481250 2.235409 2.126376
0.105426 1.038209 2.105881
0.492953 2.233198 1.523235
0.098001 3.463406 2.996890
0.768660 5.070470 -5.625491
1.681180 6.566051 1.429231
-0.365519 0.566578 -3.670040
-0.269725 0.881844 1.271435
1.100232 2.853598 -4.875392
-0.400466 1.718212 1.889309
3.237194 0.321416 2.213472
0.387231 0.237023 3.612064
-0.094222 0.203860 0.664158
2.652545 2.307431 1.795067
-0.251948 1.784761 0.454914
0.149523 4.283957 -5.436628
0.837301 0.638648 5.382222
1.022106 6.342124 3.787384
0.016776 0.492772 4.253306
-0.459155 1.719590 3.423574
