-1.406842 0.997790 3.683759
-4.128977 2.969637 4.989391
3.505750 -4.602108 3.059700
0.240922 -4.737492 1.182269
-4.782911 5.301340 2.662373
-5.992987 0.799237 6.100547
0.883245 5.272942 4.283948
4.997995 6.513760 7.117771
4.297465 -3.748992 -0.248833
1.282861 -2.392660 2.954004
5.826762 -4.417032 2.179864
0.130163 5.881910 2.981313
6.414366 -6.571830 4.746864
-4.289859 -2.689069 4.522067
4.513433 6.539393 3.512690
-0.040661 1.107946 1.047181
-3.997255 -4.557533 4.068116
2.124891 3.766965 5.317781
6.349075 2.014107 0.504277
3.798265 -4.871390 7.795688
0.537127 3.068337 3.981984
-3.224878 -4.763536 1.786888
-1.406826 0.980894 3.762770
-5.193414 -4.775026 2.941242
1.028693 -2.120176 4.962935
4.584598 2.950901 4.165872
-5.218846 -1.081004 3.258268
1.693140 -6.241893 5.325261
-5.393868 5.444812 7.608082
0.250234 -1.092296 2.143078
-3.513547 2.758135 5.247790
-5.080719 3.862348 2.570516
5.053116 1.634558 1.101076
-0.103948 0.736539 5.216926
0.876497 -0.073161 1.821417
-1.165467 -4.730171 3.955774
2.511918 -1.550346 -0.656424
6.245503 -5.384453 2.557632
-4.615191 6.059716 3.799854
-2.248442 -2.665956 5.208808
4.425946 0.060998 2.491305
3.237882 -0.140439 3.003936
-2.098625 4.279632 1.042123
1.487993 5.635574 6.924793
2.369671 3.867640 4.031376
-0.095670 6.039238 2.485319
5.831084 4.013535 2.313285
-2.260611 -0.956689 1.968719
-1.272200 3.741634 2.896283
-2.970635 -4.273255 5.836867
6.196951 -5.047123 5.518237
0.586268 0.273700 1.200605
-1.055256 5.920471 4.099091
5.995424 -5.057050 4.759667
-0.908859 3.955968 2.417707
-3.115628 -4.820002 3.461109
-4.517769 6.352140 6.364002
5.146666 6.541572 3.078778
-3.822287 5.715401 0.566642
1.488474 5.766500 8.995276
-4.447446 -4.706648 3.279719
-2.279625 -5.894010 3.556122
1.130011 -0.276148 2.090933
-4.707320 4.766224 3.504280
-4.120590 6.194744 3.474336
-0.747405 -2.486096 1.226057
5.609237 0.408787 3.106559
-0.407566 -2.115393 5.614735
-6.229434 4.727899 4.283003
-5.974217 -0.046868 2.779196
5.047000 0.866565 2.707852
2.900700 5.463428 2.030628
1.180449 2.552132 3.719476
0.585468 4.647806 0.834175
-6.394982 -5.445519 9.055020
-5.510242 -3.329021 2.515767
1.485458 -2.181549 2.802794
3.223825 2.382506 3.194303
-3.372066 0.012682 3.467590
-4.853272 0.229804 1.590302
-2.488586 2.660680 -1.211341
4.822859 1.645277 1.461352
-1.267621 3.729800 3.036369
-1.303510 3.992834 0.888685
5.180570 -0.476123 1.949807
4.583870 6.189295 3.267714
-0.212603 -5.145391 1.428280
-3.014806 -4.545906 2.733497
0.741819 4.319854 0.868811
6.279536 4.154678 3.526530
-3.785265 2.576905 3.969666
-4.867713 -0.670867 -0.834586
-4.967308 4.269564 2.168778
5.705040 -3.522377 3.136446
6.011827 4.399636 5.049505
4.671438 -6.393792 2.461488
-3.840680 4.542571 2.168857
4.654994 -6.422236 2.687764
2.301850 -1.701635 4.290371
-4.636206 -4.628945 0.835071
-1.545593 4.352041 1.604108
3.058955 -5.894116 4.999326
1.428741 0.638848 3.279043
-0.920404 -3.242295 2.556939
-5.228465 5.708804 0.846422
-1.549892 5.373220 2.991983
6.441430 6.653115 1.097150
-1.899061 -4.031585 0.261642
5.575688 -1.923460 0.978836
0.686249 2.228862 5.788842
5.986828 2.919010 4.055811
-4.544562 -0.064149 7.511321
6.331134 -4.677241 2.814157
-5.003302 -1.484868 3.333919
0.154593 0.141258 3.489791
-4.590291 4.350280 0.849214
-0.397180 0.521156 5.256199
5.785369 -3.758622 2.163941
-1.295745 -4.350816 5.415659
-0.227536 -3.104464 2.807996
-3.870472 -6.591123 3.838719
-1.170539 -3.222594 7.826969
2.863576 4.654545 1.771320
-3.893505 -4.713488 2.827476
-0.033535 -1.237282 3.998398
5.659412 6.492337 1.961928
1.645411 0.393830 3.391282
-2.971373 -4.550187 2.288780
0.388355 4.100322 3.827810
0.116122 -1.611302 6.264837
6.275385 -3.726311 7.170375
-0.970390 1.904451 1.657792
-3.908306 -3.504981 -0.455354
2.443087 -2.080873 4.546361
5.954139 -2.559581 1.013203
-4.530734 -6.357500 3.423363
6.128072 -1.143108 3.976858
-2.339129 -3.784351 4.368132
-1.426548 -5.190309 2.951041
-2.421231 1.889222 0.220751
2.895873 3.069556 3.666263
6.236927 -0.633946 3.416814
-1.670140 5.385666 3.189619
5.396998 -1.325125 3.031210
3.114204 3.945597 0.976308
-6.624974 0.524797 1.842478
6.097479 -1.487974 3.357513
-1.422342 -1.893575 4.126315
-3.532117 -0.865497 -0.215101
-1.261913 5.480148 1.224402
6.041895 -5.449880 3.117438
-3.641570 -3.699257 0.303807
0.411177 -1.446544 2.564469
-5.725316 -4.073149 2.893780
-4.909235 -1.738023 0.782775
-5.999733 -0.880223 3.505653
-3.481859 1.380185 6.294137
6.561598 -2.023365 2.674370
5.800135 -3.748180 1.891790
-4.281764 -2.494138 2.923867
0.239706 5.335633 2.326781
-1.887625 -4.026475 0.425178
-3.859790 4.186350 3.880479
0.707536 -5.191164 3.456034
-5.590237 -0.334683 1.400586
6.262037 3.620452 8.427959
4.490290 -0.606956 3.570583
-2.370059 -1.540732 3.001736
-5.196928 -4.776415 3.119040
-4.250912 0.667176 1.959124
-2.277123 -0.934906 1.737979
4.644557 -0.500382 4.601245
-3.444580 -1.138559 3.788891
2.425021 -0.685687 4.351834
-1.681595 5.386667 3.306841
2.543437 -4.659839 3.704631
-4.938797 2.806578 8.178697
5.071381 -1.209667 5.198070
6.116893 2.084564 0.894593
6.530282 5.181939 2.888650
-1.258596 1.164049 4.859092
3.165093 6.048304 3.721196
-6.384309 3.135177 2.243239
3.271469 0.108302 0.423454
0.839863 1.841211 4.581330
-1.964040 3.111641 4.796736
0.326777 6.251458 2.857397
6.547862 -4.258091 2.948868
-4.380505 -4.154877 3.971708
-6.485142 -6.528715 4.200404
0.080373 -1.300844 2.524100
-1.541079 -0.185016 2.458800
-1.523041 -0.514766 6.785817
-3.279750 1.852223 3.814407
-5.016820 -1.386298 3.183282
-3.699403 -2.306627 4.175862
-1.449811 -2.041711 5.668405
-5.674451 -1.522660 5.659950
-3.476627 1.163892 5.557980
-0.982300 1.453092 2.645724
6.183358 6.031361 4.487695
0.994860 -3.064828 -0.221365
1.488103 -2.202216 2.682952
-2.170039 -4.776618 5.689528
2.960978 3.704171 6.599676
0.038393 2.943403 2.302641
-2.234033 5.350685 3.181310
-0.770878 -2.463388 1.238821
0.041805 6.022236 1.277567
0.346094 -2.406795 3.741498
5.226903 -0.516501 1.914373
-4.472103 -2.610616 2.400170
-1.943909 5.199430 6.297153
6.085247 -1.334603 4.163553
1.826775 6.126822 0.962927
0.190208 0.298771 3.178178
2.991227 -5.141366 3.555030
3.074044 2.852950 4.226391
2.229865 -5.650655 4.829350
0.738284 -1.812190 3.971031
-6.302718 -3.048442 4.370247
-3.828563 1.331848 1.576614
0.793381 -1.181361 2.957658
5.323377 -2.091599 2.449501
5.403884 -4.034144 2.254502
1.662189 4.249528 5.143268
-5.181371 3.449331 1.489050
-4.634425 -4.573890 1.781545
5.959371 4.215008 2.072085
3.492224 -1.429117 5.171905
6.628334 -5.254567 4.622445
6.019999 -2.008490 2.727672
5.116706 1.557166 0.531267
-2.226544 -2.750596 4.062444
-2.041362 4.879353 2.791477
-4.290130 5.027034 4.148738
5.496471 1.281714 5.488880
1.743774 6.533686 4.116836
1.992408 4.149375 6.112940
0.604671 4.627571 0.986648
1.161806 -4.826548 3.196982
6.257831 4.137305 3.480848
-2.218402 5.314524 3.065758
-5.606644 -6.416861 3.038588
-3.225456 3.771922 3.136337
4.030014 -0.241464 0.730559
1.724794 0.707670 4.412571
3.627089 4.184963 1.205654
-2.849978 -1.838268 4.278369
-4.924181 -4.275592 3.412479
-1.433641 2.374947 3.294874
-2.736586 -5.892312 4.295435
-3.048243 5.717862 3.389867
4.355738 -4.987445 4.277056
5.789845 5.922127 4.020411
-1.028982 -5.164799 4.238622
-1.769522 -2.149794 5.602888
-5.620824 4.062663 0.089601
5.906626 -5.747770 2.589975
-4.991919 -1.427043 3.442631
-1.638243 -3.449799 4.584321
6.307495 1.901599 1.564396
3.966888 -4.781842 -1.063474
-5.000579 -1.410003 3.265807
-5.311453 4.019483 4.147992
5.903050 5.837238 4.422439
0.387432 4.079308 3.468147
-0.650316 0.901641 6.129762
-1.121114 -5.537713 1.011637
3.401313 -5.909420 4.487705
-0.552005 1.056225 3.940700
-4.878684 -6.590110 6.812896
-0.036873 1.107426 0.974064
1.712293 -1.398106 0.925825
-5.020189 -4.138000 0.663987
-4.242663 1.987943 4.453777
-4.037235 0.329374 1.482168
0.518563 4.705885 2.284291
4.669408 5.165969 1.390401
-5.459512 6.233553 1.514755
3.432488 3.591668 6.032265
3.390968 0.388816 4.778366
-5.051363 -2.794296 3.317823
6.078408 -1.458798 3.312140
6.508307 5.193812 2.819937
-4.917144 2.161871 5.030270
-3.172434 -4.059194 3.113331
0.967958 2.488918 1.611558
0.878629 0.556224 4.102875
6.513459 -6.358434 4.467162
-4.680493 -0.991704 3.933718
-3.322498 -2.191871 3.726510
6.165400 -4.485814 8.167954
1.595209 -6.235247 4.679593
-0.219194 1.800620 4.690415
-3.098935 -4.810140 3.587019
-5.608217 -2.651147 1.751473
0.157275 0.143084 3.492579
0.730723 -5.180370 3.649336
-5.670858 -0.495681 -1.355518
1.678491 2.652284 -3.114574
6.646877 -5.280944 4.574530
-3.998318 1.237750 1.394030
4.802734 1.209187 5.950443
-5.147201 -3.000563 2.828214
-3.027827 -4.534256 2.709737
-0.000329 1.317432 3.396837
-2.068925 -3.888787 5.031573
-1.206540 -0.273964 3.703233
-0.929567 -2.186672 3.200369
-4.882825 5.330679 5.274648
5.833000 4.037335 2.644527
6.313551 2.475803 7.118594
-4.066449 -1.268397 0.961266
-5.778018 -1.616368 3.164132
0.871302 -2.591557 2.114693
-6.637490 -5.527544 2.341179
4.963974 -4.146057 2.745946
-6.486103 -6.538232 4.157700
5.481839 5.921544 3.865017
0.784545 -1.210596 2.901528
1.419061 0.646390 2.793473
6.581906 5.051822 3.358112
-5.320763 4.042643 4.365752
-2.783489 0.597906 2.642744
0.097878 1.212638 2.941432
-4.711673 -0.688575 2.800101
6.155670 3.542572 4.538856
-2.695920 2.506719 3.811049
6.566778 -2.018300 2.829646
6.271430 4.166343 3.379285
2.455920 -1.011253 2.332831
-6.566187 4.038417 1.591883
3.679699 -3.763756 3.822430
5.154914 -0.545973 2.185796
2.130262 6.422007 3.988209
-3.800272 -3.794391 4.273186
-4.653136 -4.587478 1.767956
-4.521582 5.767237 3.984653
-0.874529 3.542981 3.462967
-0.771839 2.282013 2.606165
-5.364163 -3.050349 3.499316
-5.035083 5.352116 4.211666
-2.606787 -0.155584 2.651056
6.011191 -2.005716 2.840315
2.162718 -1.504378 5.601967
2.415191 -0.350347 2.943060
-0.518454 4.750775 2.155096
3.807595 6.340851 -4.234128
-1.497521 -1.545309 0.937249
-4.582456 4.612738 5.188160
-4.139613 3.530506 3.891264
-0.292447 -1.869192 4.400655
-5.247231 5.719850 3.067504
-1.962777 -0.888443 5.342698
-5.099555 -0.704031 1.783391
5.400841 2.113691 1.603581
3.704661 5.389064 5.234169
-3.988455 1.217027 1.350954
4.157541 0.989937 5.068711
-0.944285 -3.285188 2.706083
4.584044 -5.261117 3.310971
-5.141360 3.897649 3.233132
-4.087850 4.387061 4.872426
4.526858 -4.732381 4.880217
3.126651 2.810179 4.310866
-5.845068 -1.130597 1.425069
3.263755 0.169317 3.399560
-3.232390 4.796500 3.050939
5.891460 1.797257 2.559491
-2.974198 2.929059 3.289218
4.576736 3.569259 3.432350
5.202315 4.983558 3.288004
-4.901908 4.302355 1.952329
-0.830275 -0.554406 6.609015
0.089882 2.977435 1.659610
3.413702 -4.221618 3.284732
3.563260 2.162810 1.508632
-0.634688 -3.227748 5.121701
-5.570323 -6.156728 1.013424
3.736545 -6.126133 3.675548
-1.846846 4.213371 1.775516
-4.340762 -5.280828 1.162436
-4.997667 -1.475845 3.229214
5.707435 -3.550790 2.880391
-0.932081 3.406808 0.923975
1.065763 -0.304733 2.249184
-3.184120 -3.821532 3.111756
6.034633 -1.994608 2.734993
-0.254653 5.263698 1.830804
-5.788070 3.679218 3.866437
1.957461 -3.242532 0.427928
3.760871 -0.869353 3.078279
-4.096020 -4.624762 2.607468
-0.722436 -1.354483 2.256316
4.315606 2.693839 4.109780
-3.486893 -6.427370 1.955409
4.003029 -0.533519 5.081370
-5.719470 -2.062127 1.933089
4.610546 -4.498433 4.448555
5.906265 -2.547247 1.310395
-1.825709 -3.540948 3.463345
-1.530898 1.089473 3.561892
-0.590127 5.900672 6.134694
5.709477 5.219983 3.931837
-5.071044 4.502607 2.492526
-2.310347 3.004047 3.952319
-2.173698 -2.853787 3.196253
2.549254 -4.753818 3.244789
2.044052 -4.781127 7.226140
5.014827 1.477986 2.682159
-3.160731 2.170482 2.108517
4.804942 5.306864 6.403246
-6.517552 -2.204642 5.560101
3.027597 -5.548674 6.346043
-5.022432 -1.994801 2.041755
-2.995156 -4.821467 4.246472
-4.121630 -4.704645 2.234791
5.098125 4.073045 0.764772
-6.084338 5.578965 3.965552
6.610268 -3.348564 2.693209
6.087158 -4.406064 2.019929
1.552101 5.335783 2.075747
-1.119913 4.256821 7.508366
-4.156276 -1.512001 3.805737
-4.918489 4.166734 0.044074
-3.413912 -3.517080 1.907872
-4.077139 1.494853 -0.181375
-3.545502 -6.569659 2.807698
5.188825 -0.400877 0.807499
5.015821 2.272047 3.621604
-6.634496 -1.803714 -2.930151
4.789560 4.968313 4.357904
-6.368683 -6.145284 2.631990
2.353237 -1.548459 4.544976
4.484462 3.374714 4.915359
-3.861625 4.204452 3.881747
-5.251839 0.526204 4.146117
-4.128963 5.123805 5.691448
5.072753 1.640044 1.131199
4.347527 1.765056 2.621339
-1.550229 0.658775 3.516341
-4.166648 -5.375569 0.917222
5.057775 1.629557 0.935888
-6.036964 -2.261917 2.376230
-0.973584 6.242129 1.600021
3.026347 -2.368362 3.518759
-0.626089 -0.428143 3.224529
-6.232835 2.093415 3.447897
-0.995349 4.868926 6.044427
4.747513 2.188181 4.545883
-0.631837 -0.213424 3.326343
-2.579174 -5.334095 3.514422
3.338009 -1.528848 5.857832
-3.953498 -5.712766 4.257605
5.582596 6.511134 1.349521
6.100378 -4.418286 2.029099
-3.670815 -2.176997 4.416144
-3.250193 -2.284202 3.670917
5.561147 5.971410 4.779100
-0.347573 2.687720 5.673800
2.173760 6.387004 3.913171
-3.025489 -5.007092 4.196723
2.920434 -5.281885 3.155126
-4.916903 2.141254 4.716023
-3.830195 2.512084 5.258593
-3.971235 3.951460 0.925020
-4.819225 1.021377 1.846729
-3.971822 -6.403869 2.606952
-4.992799 5.337214 4.958396
-4.677754 1.330741 -1.118111
-3.482322 -2.386423 8.136985
4.421959 4.468379 5.426566
1.239282 1.805753 4.562848
-1.182143 4.201466 0.758355
6.502325 -3.311475 2.024968
-5.385643 -4.851408 2.427702
-4.767020 5.314383 2.977131
4.886744 3.268301 4.357903
1.410297 -3.068779 3.054386
-2.924794 -4.968472 5.219593
-0.446255 -4.526413 2.075002
-3.519358 -6.643004 4.270951
-4.190313 2.439572 2.969798
1.196522 5.634636 3.887652
-6.580087 4.053930 1.576378
4.414161 0.070147 2.792963
-5.509261 5.739969 2.427821
-2.391705 6.469874 1.473454
2.154530 6.374076 3.733383
-5.035457 5.359477 4.246762
-1.876158 1.080918 -1.276386
-0.410428 -5.018771 4.648058
-3.669740 3.549298 0.906425
5.641177 5.774534 5.042863
2.077554 5.669996 2.848377
4.454173 -2.449545 5.859780
-0.958051 3.916097 2.861263
-4.079710 6.575237 5.617005
-4.127477 3.276630 6.644315
0.084637 -4.996673 8.224556
-5.976022 4.662927 4.929127
6.088984 -1.464338 3.459064
3.827746 -4.379525 1.573936
4.459115 6.561804 0.297920
1.806475 6.005283 2.330434
-3.957035 -5.712715 4.493498
-2.263274 -2.509206 2.865473
-5.635269 -0.492059 1.491732
-1.816151 1.078184 0.408580
1.122223 -3.783828 0.636902
-2.478568 2.037473 3.964704
-5.839208 5.841386 3.320754
2.389810 2.644462 5.309161
-2.111838 -3.953557 4.227363
-2.406700 6.486009 1.653851
-5.552139 -1.225069 1.605376
5.310470 -4.089718 4.071584
2.359232 2.181239 4.124386
-4.866223 -2.648983 2.023767
-0.997795 1.323601 1.293500
-3.936636 4.960516 3.197051
6.114051 2.113798 0.943429
4.747042 -2.135619 -0.512963
2.027629 -0.999571 0.691337
-1.214986 1.380675 2.095210
2.252611 -5.690683 9.442502
-0.793196 1.549582 3.463614
-1.111595 1.251492 2.309587
-2.559010 -5.382316 3.464801
-0.752429 2.014004 5.943463
-4.994347 1.005339 2.530451
1.943963 -2.527778 5.723838
-4.927247 2.154245 4.499515
-5.430767 -2.528280 1.388182
-3.624960 -3.859807 4.336903
-3.430394 -6.150360 1.785105
-0.183613 -0.887038 7.267457
-3.312406 4.615601 4.712534
-2.962012 2.258502 4.859085
6.194814 4.030062 2.950234
3.679009 -3.752738 4.186287
0.690638 -4.375901 3.127745
3.168621 -4.539704 4.592287
-5.007755 -4.916310 2.128604
2.301617 2.205305 3.995533
-1.206235 4.980620 3.587025
-4.959508 2.672719 5.980571
5.126660 6.538135 3.073806
-1.343689 3.431089 4.561894
-0.846300 -4.704929 3.888169
0.175374 0.318578 3.286972
1.537983 6.247095 4.666815
3.597116 -5.933869 -0.941206
1.068393 2.768678 4.359816
5.463683 -4.739186 3.751047
-6.585076 -5.475929 1.993974
-5.394218 1.888645 2.352002
-5.317857 1.856954 7.502236
4.487252 3.347733 5.103610
-3.390661 -2.750500 3.898664
-6.079675 -6.508146 4.969589
5.668763 2.780119 4.396079
5.839704 -5.365276 1.743872
-0.343250 4.224490 4.218888
-3.402676 -2.749876 6.755969
5.492122 -4.121461 -1.525781
-5.005885 -1.417099 3.467365
-1.420875 0.343673 5.146020
5.248373 -0.482557 2.673890
-0.921978 3.957600 2.563623
-4.292836 -2.692960 4.257720
1.200375 -1.710133 3.269255
-5.542469 1.606415 4.544505
-6.225933 6.451423 5.559006
-2.380398 -1.590659 2.920782
-5.380496 3.472237 1.495485
5.827283 2.763783 3.599396
-5.133001 3.931940 3.133155
1.331293 0.465765 6.826851
3.613425 5.697080 4.546788
-1.409438 -3.690273 3.082008
-3.822813 3.306578 4.719673
5.169073 -0.502679 1.447868
4.128665 -1.758626 3.315504
3.902620 3.023205 3.140316
1.795897 6.174244 4.266665
-0.336017 -4.450542 2.661820
4.616024 5.605174 2.466160
5.301734 3.003413 4.262470
-5.664369 5.598947 2.782689
-5.605588 4.271384 3.504394
-0.626429 -0.211059 3.286169
2.302872 -1.657777 4.722094
0.225474 5.536903 1.738617
-3.304853 6.054535 6.455023
-1.412231 0.996440 3.728581
2.555336 -1.764680 3.374669
-0.574848 1.066206 3.949861
-1.531940 1.099775 3.705907
-5.447765 -4.153351 1.005528
-3.773316 6.641878 4.596117
-4.161589 -4.295998 3.927309
-4.934502 -3.997751 2.522865
-0.862218 2.031166 5.026710
1.153014 2.716976 4.502744
3.564200 -4.058276 4.968688
4.340104 -3.956110 3.594315
-0.482854 -6.368942 3.887059
4.413717 0.071768 2.523659
-3.176836 -1.377781 3.683793
5.649079 2.772682 4.427631
0.517359 4.707323 2.203122
2.343906 2.165109 3.955911
-5.309401 4.032035 4.486844
5.529264 4.602164 0.419406
0.007488 4.637109 0.270181
-0.042298 -1.257178 3.762098
-0.575933 -0.177910 3.311907
-1.766464 -5.047553 2.665055
-4.178340 0.653473 2.571086
-4.542426 5.249705 2.076503
4.926333 1.777059 1.937207
2.170230 3.788853 2.567774
0.508912 0.568603 2.357981
4.642888 -1.551561 -1.074484
-4.204871 0.666501 1.480572
-5.348004 3.471191 1.568606
0.554002 3.674213 2.437280
4.190691 -5.216713 9.458831
-6.186725 6.224885 2.702007
-1.397038 1.001326 3.916881
-6.596456 3.914176 0.737982
5.825562 -4.409431 2.141018
3.422717 -6.573510 5.605815
-3.241168 2.193944 3.120529
-3.055032 5.743602 3.012698
-3.543952 -6.536011 3.177760
0.233002 1.123987 4.301073
-1.801910 6.232116 3.571629
-0.438232 -0.400687 2.831998
3.253796 -5.564037 3.976155
4.865481 5.199530 -0.329827
-2.207971 5.347160 4.082342
-5.452545 4.753471 3.373502
-4.757068 -5.880657 12.836791
-4.301550 5.052158 4.302704
-5.674000 -1.499206 5.476473
1.856987 5.651191 -1.585925
3.220832 -1.593635 5.101943
2.318490 3.080582 3.591518
-1.765351 0.973325 3.757055
4.466140 0.725458 2.319444
-3.750344 -3.520410 4.656492
6.590574 5.049184 3.512063
-0.535968 4.738739 1.943644
-2.947024 -4.234649 5.664873
4.684113 5.146920 1.327548
-2.461088 1.145654 4.632338
1.332674 1.416916 -1.408731
-4.745381 -5.670838 2.617817
-1.165042 -4.787142 2.977046
1.948253 3.667903 4.553984
-3.050077 -2.321092 5.223399
-1.597516 -4.133027 3.249646
-3.859004 -5.529503 3.419308
-4.849903 0.313512 4.813289
-4.189505 -6.237651 1.833037
-5.263195 -2.553574 3.831529
5.899264 -1.869636 3.201347
4.451109 2.059322 1.785483
5.551740 5.969093 5.016128
-5.644435 -0.768978 2.494471
1.764976 6.492094 2.523579
-5.189131 4.890357 5.408600
-1.537689 1.088194 3.685516
4.583206 5.653815 4.669920
-4.687822 0.694222 2.753905
0.076830 2.988947 3.435915
6.323406 1.034590 2.880493
6.450202 6.642070 0.922989
0.738998 -5.193208 3.599093
0.595048 -0.125884 3.973220
4.309656 -1.839395 4.331349
6.540278 5.044207 2.467283
0.103133 1.117268 4.172730
4.853150 1.037071 3.605348
4.971030 5.198610 4.776201
-3.156960 -0.120620 0.375120
-5.668690 5.584883 2.756748
-2.696117 3.902407 -0.302982
3.347511 3.704923 0.281448
-3.746394 -3.794946 4.899883
3.776868 6.611182 -0.556302
-2.718146 0.346615 2.980129
2.822979 -5.010269 1.762865
3.038803 6.470357 3.850437
-4.494782 -2.602593 2.483153
-1.432010 3.539864 3.977564
3.981609 -5.436896 4.308546
3.632977 5.833325 0.649148
-4.868100 -2.644335 1.973662
-5.362141 3.477123 1.333277
2.086633 -5.342581 3.795636
-4.394679 1.534293 -0.073817
-6.393015 -6.171027 2.414084
-3.385838 -3.456847 2.259979
-4.152089 -1.516636 3.788181
-1.117959 5.179554 -0.471782
-4.093014 -4.631935 2.734903
2.942187 -6.324947 4.825111
-2.478670 -0.831301 2.564602
-5.145088 -4.418813 2.118244
2.059481 -5.645672 9.806688
6.230044 4.186074 1.781900
-0.915515 3.980593 2.794995
-0.155297 6.508510 2.139745
1.737276 -2.074563 4.339877
4.587149 3.536465 3.590543
-3.259857 6.205144 -0.048018
3.721542 -1.781386 5.796546
6.103868 -1.057193 3.686767
2.670493 -0.834249 1.983597
-4.968454 -1.465016 3.082018
2.069682 -1.401473 4.086675
5.654116 -4.819956 4.899004
-3.991319 2.159213 3.030921
-5.155252 6.449611 5.035880
-2.482737 2.010208 3.625886
-4.524012 -3.164454 3.270663
-3.831466 -2.494260 -0.273724
-0.569619 -0.212924 3.106580
-2.167028 6.382657 1.804155
1.757362 4.290955 3.260574
-1.402383 1.057679 3.502048
-6.566794 -4.272333 0.667283
-5.791594 5.832661 1.809492
5.920569 -0.899173 3.317720
-5.542830 -3.585254 -1.898244
2.298096 2.231357 3.954810
-4.953731 4.283835 2.321770
-0.029653 4.434462 2.248157
3.261620 0.173989 2.969507
-5.379095 1.903632 2.217272
-6.421321 -4.651272 9.404610
5.654593 -2.546526 0.891124
0.579188 4.105276 3.527388
-1.468508 0.584583 2.856130
1.172289 1.541444 4.688936
-6.483485 -3.171866 1.332559
-6.607406 -5.661915 9.684767
5.776796 -0.708081 1.211759
-5.935217 3.646070 1.412914
2.343073 0.592721 -0.641740
0.186450 0.314251 3.235592
2.083438 1.557785 4.074986
-1.220445 4.214556 6.907319
-5.683842 5.566117 2.714401
-0.454195 -4.511942 2.108045
4.573273 6.189538 3.219896
-5.678805 5.449690 4.680819
-3.489810 2.149079 1.861093
-2.455362 4.007280 3.107154
2.718876 4.990711 3.146953
-1.888025 -6.034407 2.065269
6.308747 1.668901 1.258560
-1.009268 6.225377 1.178915
1.665212 -5.925117 7.150643
-2.297142 -3.815304 4.419363
4.545957 6.222673 3.386712
2.380673 6.123920 1.804469
-5.222167 6.163536 4.716713
-4.754157 -2.883915 -0.354406
6.524648 2.338833 3.947093
5.762707 2.785088 2.730859
-3.546347 4.469541 1.227386
4.076794 2.498232 4.136607
0.854812 -2.603163 2.424426
1.489367 -5.659546 3.202066
-3.787217 5.636232 2.779227
-1.538735 5.806426 5.338833
1.787274 1.274139 0.795348
6.015436 -0.913277 3.656956
-6.617656 -5.112429 3.177017
-4.831375 -1.657480 1.423483
-3.532283 4.091030 3.403118
-1.748801 1.377472 2.996789
-3.385494 -3.464582 2.108408
0.957563 1.892258 4.274219
4.157357 -1.925424 3.986269
0.733849 -6.502258 2.291331
1.500332 3.736906 4.610100
-4.987107 2.134538 4.378864
-5.699218 -0.501543 -1.340502
6.548994 -2.031314 2.784502
1.974611 -0.055341 3.002990
1.579167 -6.258495 4.876897
0.984360 -4.805308 3.575527
3.569696 2.143707 1.673694
-3.862805 -4.596669 4.532473
-3.642314 2.726680 1.568779
-4.972518 -1.427641 3.169950
2.943953 -3.424315 5.415518
6.309384 4.967024 1.758984
-3.575178 6.637084 4.016450
4.375747 5.209632 1.928971
6.251298 -0.719996 3.539382
-3.960692 1.186863 1.279419
-5.641508 -4.988213 2.524396
2.977620 -1.534602 5.713261
6.402689 -3.358306 4.266192
2.388509 -1.713248 3.984359
-0.570749 -3.646418 3.442105
-3.489268 -1.898551 4.725381
-0.791419 -4.064586 4.765840
-5.124461 3.987081 2.946969
-1.060314 -2.878310 4.127880
1.260890 5.347185 4.352115
-4.904160 -1.608695 0.985377
4.749170 1.275931 2.868588
-3.524595 2.752932 5.476371
2.045248 1.590612 4.045967
2.313018 3.055723 3.634094
-3.980803 -2.222778 2.442992
-1.537086 0.670480 3.303783
-5.619896 -0.642316 1.913540
-6.382884 -6.160913 2.739467
2.254409 -3.183554 4.207420
6.153891 3.556414 4.597586
-2.188031 -4.761103 5.762355
-2.810589 -4.502581 4.647673
4.413191 0.083200 2.484482
-3.226587 3.775240 3.135900
4.260472 -5.426346 2.645238
-3.691176 3.872983 0.292501
3.271622 5.189037 3.750434
-2.172517 -0.776214 3.776192
-0.937218 -5.291899 4.217801
1.192643 -5.691706 3.238642
-1.765349 0.301017 2.272000
1.394275 -5.085165 8.252946
-4.762635 -2.880751 -0.630884
-4.099876 -4.526602 4.275897
6.335979 -5.405090 -1.927881
-3.812200 5.729310 0.766821
-2.613859 -0.145025 0.363582
-3.124232 -2.784135 2.050367
5.919872 -0.903047 3.623503
4.098135 0.467844 2.593615
0.727797 2.481127 0.713022
-4.961092 4.294941 2.545003
-4.837427 2.482744 -3.696084
-0.553915 0.452604 3.729278
3.231220 0.059596 3.011013
4.191234 4.763516 7.194369
4.842180 -6.573865 -0.171227
-5.800126 5.845112 2.050971
-4.099954 4.410449 4.788416
5.778763 -5.834580 6.631321
0.026953 -3.851710 2.168439
-0.056905 -3.626690 7.018026
3.910699 1.637908 4.194546
2.813045 -0.768163 6.524629
4.668479 -6.416392 2.569851
1.797566 6.492144 2.564206
2.659514 -5.596989 1.874256
6.339617 -3.842394 6.751281
-3.049470 -3.755539 -0.012421
-0.154700 5.664343 3.399371
-4.946134 -6.443967 7.159622
6.224990 4.195529 3.178800
-4.851855 0.229944 1.615481
1.690944 -6.239804 5.232356
6.638295 -0.094527 1.937389
3.766055 -6.382794 3.342655
1.668705 -5.597658 4.172635
3.347139 -3.470398 4.190115
-4.235029 3.449800 3.686536
1.317534 2.334266 0.344778
-4.059003 -2.844713 0.216149
-1.493299 -0.157103 2.662691
-0.565894 -3.659511 3.511123
1.508073 0.040375 -0.248679
3.295928 3.155440 3.365975
-0.548175 -1.386858 2.055167
-5.170257 3.538538 1.749043
4.329742 -4.950389 4.094393
-1.556844 6.633223 3.507214
-1.087003 1.256165 2.033226
-0.118043 4.233806 2.094945
-6.487370 -5.429171 2.982824
3.731700 -5.028148 -0.086145
0.960040 6.432216 -0.613449
-0.960077 1.454572 2.778931
1.187594 -0.992186 5.011180
2.982859 -5.154339 3.875265
2.919663 -4.868634 2.312648
6.558176 2.419146 0.792599
3.293131 -0.450308 4.402091
5.414309 -1.313908 2.820215
