-21.581283 -18.562809 4.077471
-41.741440 2.271366 10.640806
-42.395180 -21.351121 1.495517
-9.068617 -6.883068 -6.789840
-20.055146 -18.870660 0.000819
-15.358632 -8.333918 12.957327
-31.803584 -27.778060 6.869184
-37.936560 9.003032 6.381367
-20.042158 6.740026 -0.070393
6.074914 -18.097290 1.685325
-8.076997 -9.408853 1.244089
-64.900762 2.520063 4.515908
-46.331862 -14.128654 4.816507
-31.504625 -8.097093 -1.222128
-24.610751 -30.090015 7.623441
-33.595723 -1.357149 0.284695
-48.498304 9.720861 -4.052766
-47.064420 -25.132599 4.458504
-38.327661 -17.675491 -0.665558
-33.485920 -11.538649 5.896159
-45.472549 -8.941598 6.516346
-39.361790 0.033914 -7.717092
-58.769201 5.896904 2.779384
-38.158450 1.722694 3.922148
-52.983793 -6.786672 9.596609
-27.347320 16.374255 14.251405
-43.366770 -17.386422 -4.057587
-51.633564 -7.607844 2.100895
-48.026665 -20.008846 1.606888
-47.085917 -15.410446 7.889536
-54.082749 8.165551 7.203930
-59.637998 -6.458572 8.028456
-46.137349 10.518299 0.354468
-27.918933 0.606056 12.085946
-40.937662 -0.445613 -4.181326
-13.557359 -18.056623 2.523418
-59.665791 -9.428177 5.280575
-38.866098 -31.439095 6.206152
-44.759037 -3.370352 1.950588
3.067272 -1.342442 3.292695
-44.270077 -10.758040 10.839920
-5.953113 -5.125959 18.831637
-23.841235 0.711316 -3.927223
-0.023020 -9.874422 -2.213042
-20.795992 -2.710069 2.883387
-61.178774 -11.526096 8.187913
-36.224295 -25.456573 8.633847
-77.615705 -3.899710 2.909485
-57.868458 -1.329276 9.195811
-13.765823 -3.536177 6.468981
-44.510195 -29.131523 5.844643
-19.305629 -3.108855 7.161660
-0.940777 31.287483 -6.850104
-43.418989 5.257734 4.319472
-36.300960 -19.464015 6.828954
-32.797467 -27.396740 9.544320
-68.886195 -19.600228 3.423993
-30.684766 25.556172 6.103730
-21.313069 6.232581 14.970218
-64.454089 -18.158375 9.731063
-42.327537 19.359340 1.382802
-44.118577 7.879029 9.867582
-74.411474 13.292177 4.670425
-8.680411 -8.486697 5.386483
-0.690652 4.044341 7.010182
-25.196923 0.678133 4.597218
-51.897593 -10.718562 3.994341
-32.231941 -14.335302 1.990582
-20.132294 -15.083209 4.205824
-48.176196 -23.067631 4.284127
-51.229109 -9.332961 -5.142071
-37.711514 -29.056434 0.465090
-13.056034 16.792054 -4.828563
-11.609416 -7.454662 1.511189
-49.875064 -23.470391 5.387995
-5.239159 -8.069734 -4.801613
-46.471063 -28.286168 7.267893
-30.908706 -31.073276 3.764727
-14.836139 -8.476003 6.134711
-74.364077 -22.405033 3.970971
-46.020907 -4.893977 -2.281086
-39.837708 10.931568 3.055994
-40.460514 -18.430321 6.611557
3.681009 -28.365461 10.645190
-3.885444 31.487372 1.701717
-24.570806 4.709181 7.210285
-58.804213 3.247977 0.192013
-1.064837 -26.339913 5.512040
-30.093896 6.562667 -6.053059
-33.790135 -20.211292 4.686520
-11.551984 -5.195054 7.861176
-56.747314 -15.121381 0.985052
-53.429840 -10.127468 -6.953116
-42.852089 -6.604056 11.442417
-36.486505 -10.679138 7.362367
-60.119412 -24.409641 5.793177
-33.964504 -12.520125 7.662204
-52.701595 -1.028568 3.489253
-32.770527 2.044010 0.899609
-46.029331 11.248160 7.107001
-36.617885 8.704908 2.805664
-39.202090 -10.793005 -0.009698
-38.409906 2.652153 8.232528
-24.082805 5.804045 5.967494
-37.460475 -1.027965 6.841100
-24.450678 -4.676336 7.342553
-29.284210 -22.790176 -5.403051
-24.986515 -2.314489 -6.793149
-12.796764 -9.793165 5.468757
-8.900117 -16.859254 3.964057
-31.312011 -1.193716 7.905775
-37.927679 2.410628 8.571149
-21.333493 -8.767615 -0.242375
-51.455896 0.519085 8.865450
-65.230644 -2.235695 3.431016
-21.657283 7.793555 3.134342
-47.495434 -13.089055 -5.323777
-32.377898 -21.002736 -3.482345
-18.243629 0.669164 1.027796
-24.890990 0.257315 -5.658538
-71.865020 -2.056690 0.579075
-38.599666 -14.943409 2.169461
-44.224581 2.802257 3.796321
-21.776645 19.455967 3.524642
-56.745631 -32.818971 4.552126
-47.217026 -2.371397 3.625357
-39.872099 -20.656200 5.276047
-39.561848 7.228749 1.454206
-20.626150 12.448067 -11.951319
-52.090207 4.887595 8.421638
-10.553834 21.473691 7.602610
-28.498952 -19.732356 -8.340387
-17.267475 21.005070 -7.934028
-18.013316 12.273881 6.327428
-47.449075 -22.416333 -1.685073
-43.494967 -6.593754 0.482831
-53.353010 -7.078764 -2.953113
-58.779411 -14.580520 -3.130459
-63.607761 -18.695170 -0.847211
-25.724281 11.732319 -2.961658
-57.895955 5.455179 13.063344
-45.016657 0.765238 -4.258675
-24.121535 -16.609439 -5.632693
-45.201267 -10.704689 4.698385
-37.399042 -6.625483 -3.256665
-39.410796 -20.223925 -1.255361
-45.254873 -30.962316 6.533295
-34.697609 1.016613 -3.961555
-53.956679 -15.336065 -0.118702
-8.006597 -9.372397 6.402999
-50.100418 22.359265 -0.409061
-25.482768 -15.462519 6.915081
-41.413624 -23.160743 7.413902
-57.022884 4.322615 4.540179
-36.469085 -20.157603 4.039178
-53.982197 0.154312 -0.342187
-40.358115 3.930047 -3.828927
-40.810031 -12.220660 2.558327
-42.830745 20.045627 7.516150
-22.204519 -16.021344 10.494355
-26.505041 8.633602 2.041110
-30.913408 -4.043740 5.864527
-52.614134 -7.240140 7.075756
-47.912132 -21.139382 11.500717
-41.615581 9.056617 -0.284722
-51.766452 14.422477 2.340101
-23.389476 -15.358500 5.113612
-22.406903 14.450697 0.735905
-27.229693 2.669851 9.460147
-68.321058 -1.048547 5.183417
-29.357224 6.918690 9.896622
-51.327830 6.937619 2.336361
-10.252268 20.450331 -0.550912
-25.959080 19.914721 0.431599
-51.071491 6.956792 -0.859597
-20.720183 -3.349131 12.577233
-8.038526 13.562957 8.828310
-17.764579 -8.648471 -2.175318
-41.252847 -0.384888 2.451324
-9.534125 15.953967 0.904358
-47.778671 -5.562373 3.780194
-21.441475 -2.231810 6.483790
-26.557011 8.748372 -1.982456
-38.162717 -11.546199 0.009542
-10.587222 -20.050449 4.980311
-25.214574 17.532772 2.211633
-59.812268 1.316689 -4.623970
-6.108152 9.444437 6.663117
-38.858438 0.064902 -1.395757
-29.594977 17.961495 -5.013334
-29.165892 -19.726298 0.667033
-42.047506 11.055101 0.676064
-4.524687 -22.835245 -0.562826
-39.248078 -13.296870 6.331909
-22.494598 -9.438224 -12.799185
-49.045858 17.230933 2.122913
-20.988931 -4.832174 12.872590
-51.263844 14.501724 4.224084
-47.754592 -4.016182 4.049085
-52.261961 -13.389468 8.949871
-22.811486 -3.818864 0.871288
-34.426355 -5.027852 9.459974
-34.494660 -2.583983 6.178599
-34.070128 -17.647334 -2.909905
-35.077369 9.988367 0.823547
-37.043932 -8.195716 2.594034
-54.874557 -6.464127 -0.068762
-45.901189 -24.961651 2.955948
-51.067045 -14.307975 -3.589367
-7.439013 -29.621204 6.493116
-50.394273 -6.869520 5.012312
-29.623680 -8.431500 -2.031765
-37.814970 13.799366 2.233047
-54.510046 -12.661998 4.687037
-39.670422 -15.785351 0.761425
-11.646698 -10.362003 5.195009
9.014914 16.463361 2.229878
-67.422820 5.054374 -1.481580
-30.646633 -14.064678 -0.265370
-35.563481 -2.862591 -1.299609
-12.429586 12.010088 13.646159
-32.167474 6.817418 -4.014983
-32.554342 -11.357406 1.131485
-32.242529 -5.378895 4.878845
-44.036895 4.629964 6.755926
-29.576123 3.933032 8.691860
-16.785866 -12.575648 15.218614
-30.999242 2.879144 8.803523
-42.042514 -20.495366 0.635512
-26.920675 -0.664747 16.500676
-31.973690 -0.755935 7.390478
-27.320772 -9.297654 9.536510
-36.836347 -5.472771 1.877077
-39.680549 -4.598554 6.576027
-44.225827 -24.791919 5.993825
-36.124051 11.967165 -0.440289
-12.528073 -15.423325 7.089175
-68.787627 3.374529 9.147697
-39.884747 -3.432875 2.496671
-18.720659 -6.312091 -1.306977
-28.928978 -8.752696 14.371576
-20.686049 -10.651194 -2.581625
-55.388729 2.152346 0.549512
-60.719944 15.636542 3.021108
-53.965796 -7.205669 -10.561884
-54.827223 -27.122555 5.537004
-35.497044 -26.194829 9.903601
-32.801137 -34.606316 16.772210
-5.075576 -10.229394 1.106047
-27.937570 8.267991 5.163797
-62.250036 7.974329 -3.257669
-59.568907 -15.529877 2.563020
-73.680941 -2.864991 4.367639
-70.843419 -3.229238 8.862546
-53.331800 8.946625 -3.737171
-58.564873 -10.721939 4.617455
-50.322038 -2.030061 2.766284
-18.865740 24.836923 -6.076239
-27.827640 -28.006223 4.812988
-14.286068 6.025705 3.339838
-45.388474 -21.801711 6.589289
-36.552603 -6.207665 -2.145450
-46.908213 16.379900 1.351643
-17.017101 11.046999 12.210260
-37.171326 8.982690 -5.632632
-48.342883 -3.228050 5.729904
-14.377659 -9.020129 -5.178110
-41.950887 -18.112050 2.641026
-41.747956 11.528533 0.718721
-47.817140 -1.829841 2.804996
-47.999450 -14.925976 2.331839
-54.356818 -3.048288 -7.719845
-39.889945 -23.218161 -3.739907
-15.654337 -5.554599 -11.970802
-11.922625 -20.788388 -0.033972
-6.849125 13.702933 6.864090
-50.259536 6.108294 -5.357517
-25.593197 1.106759 9.026502
-54.741733 -7.230730 15.496416
-22.988998 1.676780 1.084210
-59.284508 -33.849816 3.331538
-41.624124 9.029708 -0.340887
-5.778400 -55.285166 3.533403
-2.568618 -4.708929 4.848452
-56.254961 -9.409995 -3.961401
-18.158487 15.617301 8.397895
-30.773467 -10.183370 0.712832
-51.905167 -31.283847 6.620703
-46.176078 -0.058368 -3.556387
-37.875146 2.470922 8.214661
-46.247983 11.010489 6.888188
-52.040642 12.903278 -6.283652
-18.795627 -8.738844 13.372478
-41.287957 8.818545 2.240032
14.986748 -1.972168 5.693611
-52.497853 1.927747 1.633681
-31.041283 0.722332 4.871297
7.511609 -33.555289 12.389014
-40.982396 14.583625 -0.774799
-54.452083 -1.349051 -3.187257
-46.596343 0.731852 -3.336723
-41.286805 -0.093372 -0.544103
-38.086768 -26.031590 -4.916427
-36.644446 -16.398005 6.259019
-5.643859 -27.126108 5.689512
-45.616410 -22.113693 -0.376110
-36.859175 17.496769 0.924632
-33.223118 -6.267719 6.337406
-61.903935 -11.772674 2.036933
-39.519041 -8.246853 6.585718
-27.436435 -4.069274 5.614640
-67.109663 8.194560 3.650445
-41.661761 -5.849508 -2.721124
-18.523613 -16.270681 2.615209
-73.265902 2.037220 2.311057
-37.916493 -11.101631 4.446249
6.711105 32.832100 0.494624
-21.697505 14.441787 1.421711
-45.678764 -8.314234 2.525490
-51.644084 -2.391040 3.878293
-0.474013 -7.067535 16.422418
-68.984508 -8.770237 3.268015
-50.633002 12.628203 1.610865
23.981101 7.900213 -3.026220
-47.780242 -21.331518 1.155306
-43.416363 -21.606127 3.275611
-46.354607 16.893553 1.954282
-63.639373 15.661809 9.536770
-28.427610 -3.404049 7.910616
-71.873569 -20.700291 5.218865
-28.924848 -5.930342 10.420830
-58.843745 -8.213061 6.414698
-24.987181 -36.154668 11.263044
-26.620815 3.432563 -5.923081
-47.932728 9.561017 5.586513
12.969956 2.293511 -1.198729
-40.503331 8.297942 -1.027064
-23.439774 -16.304337 7.055867
-6.601931 -34.505832 10.726868
-51.287574 -27.256877 -1.606752
-40.762924 -10.196545 4.125121
-36.942589 -5.570964 6.229664
-63.901279 17.821335 6.348749
-38.893354 4.824083 -3.007500
-70.185815 -2.099666 0.105200
-26.073982 -15.328867 2.634004
-37.173700 -30.549700 5.468139
-31.565846 -35.005244 5.023599
-51.725991 -10.674983 -3.849288
-14.125795 7.242963 8.246469
-59.834810 1.344701 -4.163821
-35.059936 -18.541252 4.287325
-65.965263 -30.687001 1.213383
-16.051298 -31.037515 2.846935
-60.826172 0.872831 8.196522
-35.601840 -19.896049 0.397457
-32.345189 -13.734244 2.002620
-29.883194 -1.690833 8.142082
-25.413804 2.072528 8.385180
-48.186347 -20.683004 -1.013180
-50.082239 -7.804040 0.936708
-44.662026 -21.619548 9.761071
-34.098061 -27.548254 12.993954
-43.180865 0.019019 1.100796
-40.502308 33.283664 1.658354
-35.152555 14.937620 3.139948
-55.153366 -8.019209 4.038737
-44.998190 13.333150 8.091679
-46.609707 -0.572829 -2.662059
-66.421353 -16.587034 -3.977104
-48.827184 -9.916976 3.510150
-11.237455 12.629132 5.408235
-23.052140 -23.435802 1.077463
-33.410641 11.199139 0.222104
-47.947181 -11.946303 9.743001
-48.406853 1.846218 1.696609
-32.703009 -11.731515 -0.520586
-51.726262 -10.692311 -3.944907
-20.715119 -0.182293 8.377406
-36.943076 -0.114111 0.728289
-19.838129 -31.704227 0.577524
-39.892348 0.637941 0.695636
-16.134351 22.889954 2.529681
-41.845020 -39.835866 4.370581
-50.227648 -13.847471 5.913825
-38.516371 12.115323 0.033393
-55.237095 4.045530 4.587660
-30.876811 -15.357921 2.190581
-35.200722 -7.207470 5.342532
-57.203460 4.986022 0.091277
-53.998303 -25.409971 5.266570
-49.417419 5.605776 -14.006182
-58.558381 5.772310 0.872569
-43.036860 -5.974865 1.151264
-43.178958 -18.456615 -1.851868
-35.652019 16.745550 5.566967
-25.154557 -4.455145 4.497735
-7.204863 -0.582285 1.915180
-13.033742 29.741101 3.394626
-58.578205 -11.484411 2.246044
-17.948817 -5.720389 11.198296
-18.253348 -17.225219 0.728062
-72.391351 -11.514966 8.011313
-39.796457 -6.691550 7.412901
-17.670586 12.102805 -4.051537
-17.806179 -8.228603 4.165516
-62.581658 -2.061351 4.078060
-54.685333 -0.454345 1.586354
-20.656285 -11.982578 -3.123242
-29.456909 8.605174 8.345561
-15.532311 -8.008215 -5.764464
-28.026646 -31.140982 6.008236
-30.217369 3.434285 2.400696
-54.512837 -12.667781 -0.378738
-32.071801 0.463333 8.435391
-30.131437 -35.231060 4.184256
-38.433603 15.099233 6.085621
-6.286976 -22.370217 5.830832
-5.439482 -16.315435 9.599881
-51.689486 9.847033 -8.574025
7.271765 15.238234 -0.538732
-15.626311 -32.141242 -5.394627
-25.127113 -0.682594 -5.347771
-65.411484 -3.832285 2.068773
-17.959992 3.294177 7.052010
-35.464732 -8.361557 4.434661
-65.933322 -17.507199 9.435682
-45.429270 -12.049132 -7.911880
-42.334987 -19.464162 3.249413
-15.786969 -6.219885 4.579270
-29.243534 -28.471274 6.188433
-38.343066 2.796315 -6.771937
-27.274397 13.369346 -0.750374
-63.187881 -4.237345 7.271593
-28.193997 1.257411 8.576904
-30.216114 3.071389 -0.876873
-46.120244 -3.170784 2.383576
-41.920161 -18.245176 3.814132
-38.990735 12.587478 3.595628
-26.241962 -24.071757 5.684800
-13.975348 -7.634983 5.007570
8.820559 -9.420368 7.449030
10.838738 7.247792 0.330621
-57.277723 -30.903387 -0.119954
-61.908719 -16.940032 6.593058
-54.076993 -10.076660 6.585331
-60.114599 -12.497844 1.038842
-49.052882 -21.132899 4.720105
-36.133968 -17.221472 -6.922495
-29.088599 -15.868133 14.062271
-11.077919 -15.802731 12.635422
-27.013103 -7.870006 -2.959127
-11.652964 -7.184845 6.444902
-46.350414 14.443531 2.744369
-25.897592 5.515427 -9.411708
1.485402 -11.280886 5.770981
-9.656050 -0.930947 7.164936
-43.998339 -18.885288 2.361649
-48.033357 -3.949518 -5.406850
-4.002621 9.603904 2.244702
-35.703152 -18.877579 9.670165
-70.228348 14.318992 3.077612
-28.077719 -5.058956 11.870330
-22.456395 11.576345 -4.478416
-46.181360 -22.321915 15.567579
-11.281950 -4.474814 4.232137
-33.355183 7.762401 4.399775
-56.722046 9.290720 0.669320
-33.510537 -23.769200 8.973037
6.620830 15.608501 6.962518
-30.441203 2.544971 4.043452
-23.693503 9.650195 6.961410
-46.519423 8.237343 0.197903
-46.146557 -18.239215 13.869855
-47.930481 -19.649953 1.840742
-41.461510 -25.263013 -1.617740
-46.069858 -2.127026 3.708864
-22.863212 3.433712 5.720808
-52.071263 13.342525 1.971834
-15.022845 10.736289 3.323291
-32.002006 7.753529 4.112903
17.720622 9.216534 -13.593883
-20.523580 -11.975407 2.081258
-37.333739 -18.279199 8.273483
-21.626578 -40.237429 5.239147
-33.628875 -8.443478 7.027345
-63.880386 16.136050 2.494689
-46.787605 -11.250784 5.663213
-25.678557 4.069453 2.218543
-44.092580 2.618969 2.566456
-57.552540 7.177316 0.858899
-45.815904 8.429182 5.421728
-26.725860 -5.186414 7.157338
-30.670426 -12.754978 0.344548
-22.916573 -17.487700 7.897986
-48.225778 14.651849 -8.855979
-51.814528 -3.716497 7.079632
-40.439069 -20.779592 9.044604
-34.501142 3.085716 -1.863807
-36.987655 4.988043 2.154670
-42.512370 16.280489 10.150630
-66.198534 11.149886 5.506075
-39.252286 3.709692 -1.354528
-54.802701 -20.265010 6.070567
-26.714203 20.039111 8.584137
-26.445209 3.967027 -1.060200
-44.530113 12.368293 2.572843
-31.092277 1.067098 -2.205998
-53.247508 2.104550 -5.448614
-12.396663 21.609834 8.324776
-56.717201 -17.002944 5.736895
-17.342108 -5.105943 17.855344
-33.349828 -14.561459 4.936906
-21.335750 9.406229 0.235972
-56.651936 -16.732356 7.125384
-24.132665 13.813393 -2.064692
-36.303145 -5.066456 7.188196
-43.400741 -0.160485 1.738124
-50.416763 3.226736 7.594965
-53.956118 7.855423 -2.311700
-28.321368 31.206547 0.210867
-65.597735 -19.722664 4.668559
-40.660580 -2.746074 3.697446
-27.115992 0.086137 4.544559
-51.853406 -7.779674 2.507106
-30.216959 -3.052668 10.710494
1.853489 3.520665 7.041433
-11.139551 40.310858 1.881472
-36.626595 -14.676762 -3.236394
-10.097349 -28.262496 7.403349
-18.912330 14.384217 6.672956
-37.919911 -16.615812 3.839317
-45.351151 16.950618 1.816441
-24.844203 -6.289694 1.563530
-5.815620 3.232579 16.001960
-22.482388 -19.472967 10.989964
-52.813847 7.814247 8.709934
-43.635064 -10.139986 12.875340
-36.619469 11.191238 2.169176
-72.157997 -22.382222 2.151559
-50.287018 8.629254 -2.402417
-31.653024 -41.494427 4.286780
-40.350804 4.868276 -1.430490
-32.364926 -1.900944 6.577617
-22.413602 -12.673218 -1.218420
-67.168192 -0.507972 2.999912
-5.549026 -11.622706 -0.621547
-45.419402 10.804050 1.859307
-35.577335 3.272021 -4.377270
-31.834343 -14.690643 -0.713327
-42.909822 7.626092 4.982020
-26.772192 -11.156366 -8.089679
-8.917782 15.410767 2.841424
-34.527124 -29.568579 -0.956279
-38.348837 -32.645220 4.523253
-26.683791 -22.378652 5.673424
-56.799112 -22.458359 4.568727
-34.166216 -15.081399 4.766631
-47.648541 -11.848266 15.533197
-49.265140 -5.197438 2.179548
-27.701336 -2.696896 5.715407
-26.944412 -17.217399 2.788758
-66.342814 0.698698 2.339960
-49.622068 16.170903 4.789651
6.342766 -6.619828 4.376210
-47.019839 -18.554141 8.865808
-19.446124 10.069229 2.037258
-40.534246 7.332186 5.230634
-31.191825 -2.697675 -0.750450
-23.138013 -21.028234 -4.501063
-25.583660 6.633815 -1.668315
-29.117486 -9.250737 4.510294
-33.025298 -6.056667 3.797132
-46.243245 13.321241 5.849957
-47.772575 19.666398 9.235693
1.147761 36.015848 8.197011
-9.653789 1.710930 1.348735
-8.045848 -20.880630 3.024032
-2.548146 -4.702101 4.925532
-36.084423 -30.321464 3.428723
-45.609795 -22.206240 12.319033
-23.860375 11.375061 7.942499
-12.295190 -12.464002 5.891899
-63.627819 -3.655692 5.202031
-37.456316 20.467450 2.593735
-42.335084 6.182190 0.945294
4.450312 -5.677163 -0.902737
-4.799022 -13.133602 0.849656
-38.684777 4.088686 -1.256929
-50.491893 -14.928742 3.520657
-14.519118 -21.669384 14.974107
-56.687528 -9.496785 4.058094
-36.316052 7.915455 0.738178
-54.698954 -7.540824 10.548841
-33.623926 -21.811386 12.323620
-67.286761 -24.254842 4.100611
-34.183764 9.309565 9.391330
-43.731536 -22.513204 4.277017
-35.958754 15.038022 9.695888
-49.199179 -14.614131 -1.318761
-40.403070 -13.726755 5.695510
-36.428093 -13.025740 7.290168
-35.185560 -15.746878 7.452123
-24.789849 10.795050 19.755554
-13.602830 2.172479 7.703529
-11.094754 -8.836294 17.277226
-64.093753 7.622211 -1.046426
-35.910710 -10.624430 2.034385
-32.341783 -11.377705 11.934122
-49.016143 -18.270877 3.320715
-63.684446 -2.847536 3.380339
-34.457822 -8.537648 7.334100
-43.908668 -4.661602 -0.599698
-28.301877 -3.959038 -0.165588
-11.370883 5.692085 5.320987
1.636871 13.550829 -6.270835
-50.534740 -36.165657 12.891287
1.913012 4.995639 7.496943
-37.127349 -3.054137 5.858602
-15.164085 8.339721 1.364596
-12.620699 -1.097072 -6.834462
-42.315490 -2.652267 2.153722
-31.703762 -5.623361 8.031186
-20.925221 -19.733002 11.476620
-33.497097 6.144257 7.464300
-37.722299 -26.588594 3.636520
-48.647319 -14.049631 0.406838
-59.913236 -25.228401 1.360412
-39.468809 -11.415555 3.725332
-53.564233 -2.622996 11.476479
-63.712745 -2.360487 -3.280307
-51.827057 -3.441277 2.436935
-36.366210 -11.709487 4.004681
-41.147797 -12.391369 7.905837
-24.204929 -21.782345 8.534335
-54.059192 -34.782763 9.999665
-64.625865 -6.664294 -6.171324
-20.457089 15.261363 0.388880
-50.734937 -0.517829 6.199506
-47.110460 -11.069900 1.061827
-54.917095 -9.599392 -5.811126
-30.674811 3.515470 -0.035683
-52.750927 -15.221450 5.498079
-5.329695 -41.526333 2.131922
-22.281229 -1.797813 2.676400
-28.882342 0.170221 11.176903
-71.296363 11.574543 0.404228
-44.085136 -11.102194 10.142595
-44.335279 17.930787 0.862051
-58.561676 -10.717293 4.505263
-69.804679 -14.637472 3.114593
-56.173290 -15.318558 1.194455
-26.257311 13.811114 1.250146
-32.765400 -29.092541 17.228620
-36.805837 -6.156605 -0.480103
-53.961863 -1.850163 10.152363
-72.475856 -9.602190 3.736343
-19.969982 -7.878681 -1.020128
-37.340881 5.452887 2.419425
-56.083229 5.221820 2.736581
-27.441373 10.533533 7.246176
-43.038100 5.525072 3.277069
-35.974887 11.720447 -1.607007
-30.044816 14.559725 0.720608
-5.662978 -5.527785 5.580460
-32.265103 -26.933523 2.966256
-51.099803 -8.128099 3.053524
-23.896275 2.009826 2.300829
-64.550635 1.680407 2.126696
-47.118948 -16.888194 10.908603
-33.677158 -28.182303 6.119919
-44.152035 7.570074 5.160122
-7.938800 -1.329893 13.376475
-24.920521 -4.463811 5.739420
7.727502 -7.878180 -1.299404
-41.802430 18.902389 11.545528
-23.355545 8.691116 -0.459289
-51.665685 -2.350817 3.358456
-13.002417 8.757474 -3.520751
-45.137380 -1.953812 8.646687
-44.164977 -33.704536 -1.508441
-41.156445 10.277306 2.827133
-52.809018 -4.237036 4.105629
-42.449708 -8.199698 -0.301106
-19.869082 -26.950470 -1.347613
-17.404556 9.502425 -5.706350
-46.751981 -1.264292 -0.005626
-55.774521 -27.191595 -3.489248
-50.587179 -0.689681 2.709548
-53.697161 -30.561188 5.025764
-44.261682 6.352945 -5.303183
-50.194530 -12.243065 4.348887
-29.975698 -5.436610 3.338021
-17.893187 16.733691 -9.873234
25.522916 2.274121 5.821163
-67.816395 -15.783057 8.025333
-50.880738 -13.016357 0.510019
-24.311223 2.227279 -5.563293
-15.334318 -15.709568 1.145644
-45.559761 -3.015072 2.254753
-6.375291 15.578902 1.728135
-46.683338 -9.920341 -7.050896
-57.313985 -17.829077 3.583097
-37.453158 1.004326 12.002012
-36.265192 -12.538232 7.152310
-35.744027 -15.013588 3.042257
-46.080752 -12.666312 8.542882
-17.311608 -22.128130 3.428286
-37.383239 -2.367756 -5.923504
-52.273942 -2.005074 2.036869
-32.544586 26.453617 4.848345
3.179114 7.013928 -7.089822
-43.175827 -1.091267 4.362414
-14.777983 6.179963 6.285986
-19.468336 -28.142551 -2.346604
-55.818677 -15.410578 4.933357
-53.568374 -18.242907 2.120089
-39.148024 -7.072940 6.023723
-62.294016 -9.353059 5.741264
-44.466600 -1.591501 8.300367
-37.021099 0.861038 4.283248
-68.539586 16.034876 3.783165
-52.182403 -16.880152 -7.133656
-58.712841 4.769832 9.878766
-42.241805 -24.539561 7.804901
-42.497711 -9.128046 7.627178
-56.698523 16.309255 4.765694
-39.710539 -30.491582 7.785325
-41.628231 -7.228184 9.295293
-22.353849 -0.089629 4.378638
-12.188435 -13.189358 5.203068
-50.839564 -33.423724 10.484199
-54.497132 -7.553408 -0.884970
-65.735543 -7.534914 7.844832
-21.310626 14.025174 15.585996
-26.645762 -13.054602 4.765469
-36.525289 -18.932945 6.959272
-33.133736 4.928814 4.023870
-8.067831 -17.187659 -13.489452
-22.637833 -25.273304 3.492198
-39.446915 -10.861508 2.215109
-45.811355 -9.204953 9.138988
-3.387543 -15.550515 -3.777297
-21.594395 -1.228376 -3.720909
-40.212614 -7.359705 13.302119
-29.474669 -13.007723 1.311697
-2.558295 2.757061 2.575759
-76.432173 -17.266226 3.540901
-46.272063 -3.207334 12.974833
-44.948920 -14.162988 0.994781
-45.983095 -18.895942 9.538934
-33.040295 -16.836318 -7.399303
-30.168265 -8.356832 -1.230988
-23.005539 -3.502975 -5.503915
-50.331392 6.781265 -6.081247
-10.190523 9.226778 1.316031
-43.486691 -13.967496 2.000036
-34.315412 -6.839317 -5.242883
-33.526017 8.662447 -2.522738
-21.824394 9.594867 9.805637
-39.354221 -14.938318 4.124200
-52.848990 -32.482723 3.285473
-29.287161 -5.307746 5.751437
-57.724553 -27.331721 3.172825
-26.120333 -15.396945 2.513364
-44.214345 5.047959 1.462312
-15.213781 28.917084 2.581324
-34.448584 -8.544231 7.109844
-40.957885 17.764350 0.073033
-27.739487 -12.498537 10.872607
-35.498786 -1.571652 -0.669572
-54.362445 -20.322777 8.360182
-33.712057 -18.447127 7.883182
-41.100092 16.386332 2.980073
-17.839410 16.501495 -0.048423
-24.171334 -15.939200 4.641889
-41.912185 4.360622 7.803560
-27.255799 5.954193 -5.017096
-47.901792 3.120741 9.344781
-8.454127 -5.956744 5.002576
-44.485824 -15.683881 4.001210
-15.833876 -6.812974 -0.041725
-59.374782 -35.072140 4.612347
-40.534441 -12.964288 2.035314
-44.714870 -0.961284 6.926784
-32.628177 -5.118426 11.995842
-56.305381 -9.005406 -5.537046
-21.877897 -28.169734 4.889128
-9.731824 -2.010070 -2.966753
-54.339693 0.269931 5.341661
-42.756352 -36.578871 1.999203
-16.063482 -16.800392 6.943295
-74.767553 -5.153587 3.569585
-25.150631 -2.322943 -6.233092
-38.423403 15.380440 2.026511
-38.890099 -29.218913 15.318050
-35.131099 -16.437684 5.991551
-35.367355 -31.619025 6.664464
-37.070788 0.474502 1.990467
-29.388241 -5.741063 5.435187
-10.083576 8.070447 -0.672685
-14.708234 -12.226076 -1.629821
-55.690737 -15.193476 11.208210
-34.524718 -10.246599 7.515526
-26.608505 -25.113890 6.615411
-12.079943 43.479315 -5.497078
-46.784651 0.761051 10.754073
-41.457303 12.531620 1.273307
-32.315419 -6.054843 7.766000
-5.517862 -17.411469 8.614011
-45.987479 -18.874722 9.519330
-29.043840 -22.725860 -5.092719
-44.434924 -38.988330 2.811396
-22.264294 17.084965 -1.204876
-39.418349 -21.279643 4.909730
9.818383 -18.888322 4.035613
-35.586796 -9.357935 2.829527
-60.090667 -12.506595 0.718589
-31.705362 -13.901435 0.781798
-47.347982 -10.879607 5.137402
-17.344608 11.603164 -6.305528
-50.077233 -20.774729 11.373950
-46.976355 18.795518 0.308383
-19.212123 -21.489599 -0.843194
-31.892591 -13.704841 0.816361
-57.882715 -29.356854 2.995271
-60.325397 -25.137326 3.510833
-29.984082 2.262910 4.650518
-52.879310 7.550646 0.719433
-44.271867 -17.907447 11.052806
-51.062407 -1.289809 3.758843
-80.186634 -4.783697 3.998456
-41.437858 -32.550699 2.287014
-42.511096 -31.193991 -2.320991
-42.647233 -3.297522 -2.600631
-77.598637 -3.702372 2.474902
-47.011564 -30.081701 -2.445541
-30.227256 -3.056923 10.636975
-40.775701 -13.481076 -0.550017
-22.518304 -8.931881 -1.963761
-48.672634 1.797219 14.608227
-1.540625 24.354120 -2.499294
-15.132738 23.233476 16.362686
-41.244337 14.363068 -1.179814
-23.406112 -33.295655 -1.565900
-36.494838 -2.422199 4.828845
-49.309757 -0.661880 8.750959
-10.187517 -2.769079 1.821017
-30.427139 19.378684 1.138969
3.352173 9.736355 -6.898093
-45.729057 3.070240 4.281634
-28.912192 4.101007 -15.550565
-38.097890 -7.794747 -8.493058
-0.922999 -28.786737 -2.024507
-39.774585 -30.487433 8.368165
3.884886 14.507261 -5.302618
-46.439747 -29.189290 -3.503434
-63.839855 16.153709 2.094879
-68.010954 -3.459454 4.136500
-20.172662 9.991689 6.903780
-32.666170 -7.798379 9.585897
-10.119505 -18.892277 6.934695
-27.134974 -8.387709 8.269990
-61.186026 -16.004038 5.100786
-47.167803 0.382175 -2.223384
-24.130638 13.795958 -1.906034
-33.303262 -1.487646 6.613287
-39.131185 -12.682672 2.379481
-28.678135 -22.714696 5.308032
-35.224739 0.301067 1.383933
-50.345429 11.386735 0.734577
-26.189982 -2.402028 -2.139271
-42.797895 -15.253290 7.535367
-15.745371 -13.518324 -5.221264
-54.469551 -16.543833 1.080003
-7.049341 -2.725854 -6.301550
-64.055564 -0.485250 3.646110
-12.989195 -0.108824 0.141477
-34.295314 11.058146 -8.379292
-30.169921 -10.339843 4.781678
-18.192701 -5.714297 -0.127670
-31.360472 7.547728 1.915607
-30.865188 -17.581220 4.502241
-31.851922 -35.543883 -1.457718
-13.862497 9.251222 -1.771945
-36.665471 -14.947563 -0.868960
-20.621504 9.819674 2.961330
-8.788831 14.868525 0.975443
-51.546842 -1.990628 3.415505
13.337548 -6.217986 3.066170
-26.929877 2.418066 1.569607
-60.482304 -23.717070 -2.681087
-13.679898 -23.689897 -2.891177
-34.976696 -18.963849 2.770732
-14.665278 -7.630107 14.289607
-12.144552 -18.946832 -1.718319
-42.647908 -18.070324 1.973325
-21.169103 -22.787271 3.226745
-35.513532 -19.027589 -3.198727
-54.614797 -14.460328 4.463497
