-0.483607 -0.497907 10.040442
-0.472989 0.460267 5.307671
-0.491520 -0.499099 -3.921031
-0.488987 -0.493874 7.183971
-0.470743 -0.494156 -3.833774
-0.450961 -0.493175 10.541404
-0.447259 -0.482843 10.379149
-0.434915 -0.342431 4.505010
-0.486964 -0.496578 10.330824
-0.459614 0.436801 3.274467
-0.492689 -0.493543 -3.935909
-0.491325 -0.491932 10.328201
-0.436016 -0.333068 4.458975
-0.480017 -0.493313 -3.627423
-0.475965 -0.499421 -3.750030
-0.442900 -0.348894 4.929594
-0.479268 -0.340201 4.910913
-0.434001 -0.483696 10.257739
-0.492701 -0.489141 -0.706069
-0.434552 0.488500 -4.077038
-0.470682 -0.493409 10.449649
-0.497166 -0.485003 6.958845
-0.443516 -0.469293 -3.965759
-0.444353 -0.499452 -4.065543
-0.498065 -0.498071 -3.745091
-0.492947 -0.494087 10.402314
-0.465724 -0.489787 10.380457
-0.492107 -0.488460 10.061559
-0.450049 -0.497613 10.365534
-0.456098 -0.362071 4.395527
-0.425022 0.476989 -4.053925
-0.499051 -0.496136 -3.963830
-0.494998 -0.493732 -0.731198
-0.499095 -0.490064 7.161353
-0.427495 0.455524 3.090736
-0.491556 -0.472458 -3.912500
-0.437699 -0.330586 4.451052
-0.492005 -0.494466 10.163816
-0.479088 -0.469794 -4.101197
-0.469776 -0.482883 10.244429
-0.489251 -0.468492 -3.791124
-0.494752 -0.475542 10.353943
-0.489057 -0.495358 10.190892
-0.449382 -0.328881 4.567261
-0.498327 -0.499415 7.280453
-0.494988 -0.473769 7.109744
-0.460878 0.488828 10.261078
-0.485281 -0.497254 10.255411
-0.485426 -0.444952 -3.894843
-0.471512 -0.490559 10.510258
-0.456139 -0.489337 -3.801675
-0.489203 -0.455531 -4.219486
-0.459535 -0.491035 10.290357
-0.472483 -0.332615 4.436946
-0.467616 -0.492667 10.354265
-0.489803 -0.482076 -3.859978
-0.474484 -0.468934 -3.934804
-0.498154 -0.456402 6.891781
-0.433490 -0.360477 4.800438
-0.499018 -0.485216 -3.776998
-0.472839 -0.492994 10.074686
-0.474235 -0.496982 10.324533
-0.462826 -0.494707 -3.808008
-0.498649 -0.468917 -3.887273
-0.445994 -0.489471 10.435367
-0.494633 -0.481274 7.057608
-0.469936 -0.491932 -3.850272
-0.499403 -0.493744 -3.853402
-0.492737 -0.498890 7.098787
-0.468725 -0.484303 10.554755
-0.499181 -0.499973 9.867520
-0.462360 -0.479396 -3.927669
-0.499132 -0.483069 10.395233
-0.463846 -0.484783 10.459035
-0.489594 -0.494222 7.141876
-0.499127 -0.488055 10.403032
-0.486312 -0.496394 -3.758875
-0.468709 -0.337947 4.312039
-0.473795 -0.491041 10.515717
-0.446576 -0.497119 10.431266
-0.453034 -0.469041 -4.037794
-0.478504 -0.479993 10.276819
-0.444854 -0.497395 -3.991444
-0.429946 0.499213 10.403855
-0.499747 -0.494388 -0.610427
-0.498879 -0.488517 -3.841844
-0.495326 -0.458384 -3.829346
-0.492255 -0.498456 -3.996632
-0.497543 -0.476341 -4.001073
-0.495622 -0.486196 -0.873811
-0.476654 -0.495501 10.379653
-0.438168 -0.285631 4.738378
-0.489326 -0.461045 -3.843701
-0.482567 -0.498934 10.136452
-0.449781 -0.329470 4.451415
-0.491048 -0.450226 -4.372625
-0.459547 -0.473408 10.368136
-0.481044 -0.498953 -4.033464
-0.493481 -0.497055 10.333804
-0.469858 0.383143 1.610282
-0.460221 -0.345566 4.748503
-0.493197 -0.485797 10.344416
-0.477213 -0.464765 -3.812558
-0.435663 -0.292972 4.916296
-0.451420 -0.472056 -3.568248
-0.496293 -0.498445 -0.705126
-0.496756 -0.497656 6.882420
-0.494880 -0.486066 -3.775708
-0.439602 -0.321951 4.500556
-0.479652 -0.487045 10.193873
-0.495104 -0.496831 -3.845161
-0.488085 -0.485751 10.157206
-0.465443 -0.493860 10.273909
-0.496068 -0.459444 -4.009405
-0.487999 -0.478690 10.458589
-0.474490 -0.482849 10.329140
-0.497230 -0.488388 -4.009736
-0.481950 -0.498187 10.254041
-0.489137 -0.494186 -3.707345
-0.490042 -0.493953 7.154201
-0.492580 -0.498061 -4.200547
-0.450840 -0.483616 10.689647
-0.480075 -0.467706 -3.953862
-0.456811 -0.353998 4.685944
-0.494123 -0.496580 7.017894
-0.497284 -0.497041 10.459225
-0.450761 -0.490998 10.521015
-0.435472 0.468419 -3.747447
-0.497065 -0.495934 7.047155
-0.433055 -0.327207 4.502275
-0.473412 0.478980 -3.890522
-0.472769 -0.481479 10.291333
-0.494912 -0.487674 7.017464
-0.434973 -0.329521 4.782642
-0.446783 -0.481628 10.473219
-0.496370 -0.492869 10.003836
-0.458835 -0.358285 4.324641
-0.490001 -0.495608 10.380993
-0.495531 -0.494344 -0.663711
-0.485335 -0.323450 4.711082
-0.482453 0.444336 7.272706
-0.488554 -0.492166 7.013107
-0.493993 -0.491665 10.188541
-0.498791 -0.471506 -4.011756
-0.461733 -0.462505 -3.711910
-0.465257 -0.329994 4.655063
-0.444378 -0.354569 4.401266
-0.482522 -0.493416 10.220939
-0.486251 -0.453054 -3.858360
-0.498624 -0.495579 6.970956
-0.448570 -0.490877 10.196564
-0.445351 -0.360183 4.326087
-0.482255 -0.494277 10.467288
-0.485030 -0.488826 10.268409
-0.493838 -0.499764 10.211011
-0.492166 -0.495008 10.320460
-0.499554 -0.497218 -0.899247
-0.498817 0.482801 7.902470
-0.444727 -0.356748 4.754106
-0.494230 -0.481852 -0.796797
-0.486039 -0.497499 -4.157087
-0.493780 -0.461212 -3.963862
-0.494685 -0.492379 7.084060
-0.493765 -0.496430 10.493582
-0.468410 -0.472567 -3.863882
-0.490437 -0.495672 10.354185
-0.458298 -0.495565 -4.027805
-0.428660 0.491607 9.517961
-0.468241 -0.496536 -3.707856
-0.494731 -0.487327 7.026313
-0.452631 -0.491429 10.277169
-0.459124 -0.363838 4.502018
-0.489851 -0.495505 -3.735780
-0.462968 -0.499173 10.385947
-0.444144 -0.492732 -3.945440
-0.470209 -0.499760 10.208638
-0.448148 -0.494961 10.286940
-0.464523 -0.481228 -3.744554
-0.486826 -0.490317 -3.764854
-0.478787 -0.497753 10.461851
-0.418427 0.379700 1.869224
-0.492047 -0.494077 -3.924111
-0.460301 -0.469259 -3.964771
-0.498037 -0.483811 10.318154
-0.462578 -0.484368 10.456495
-0.481016 -0.499968 -4.130277
-0.497023 -0.451831 -4.210807
-0.499750 -0.484305 -0.881389
-0.408601 0.485417 9.883440
-0.483150 -0.498892 -3.999895
-0.498892 -0.471526 -3.907129
-0.476723 -0.436971 -4.250147
-0.488325 -0.479832 -3.789291
-0.420428 -0.339765 4.760474
-0.476026 -0.496283 -3.927572
-0.495759 -0.479564 -3.896417
-0.289596 -0.209703 5.083224
-0.487097 -0.483544 -3.617482
-0.471762 -0.486785 -3.932623
-0.470912 -0.492263 10.409331
-0.457301 -0.478495 10.207928
-0.453320 -0.496242 -4.050721
-0.497947 -0.456385 -4.116907
-0.496448 -0.497788 -4.132838
-0.472353 -0.493598 -3.977708
-0.489710 -0.498036 -0.849561
0.468104 -0.453611 -5.135696
-0.467465 -0.488966 -3.798501
-0.493160 -0.493123 -0.699339
-0.459929 -0.493368 10.578361
-0.465961 -0.498799 10.166319
-0.440101 -0.472997 10.325405
-0.467673 -0.364325 4.639836
-0.491594 -0.498580 -0.660080
-0.445008 -0.484563 10.385442
-0.407661 0.494801 9.427092
-0.490541 -0.493073 10.185934
-0.496040 -0.493093 10.328079
-0.456901 -0.486247 10.331056
-0.491967 -0.483167 -3.861131
-0.486567 -0.492269 10.209153
-0.488967 -0.494313 -3.651042
-0.486026 -0.496052 -3.798665
-0.499830 -0.497197 10.228966
-0.429652 -0.350060 4.719791
-0.488019 -0.495082 10.065244
-0.415731 0.499516 10.173892
-0.473203 -0.495326 10.319743
-0.456629 -0.319898 4.570885
-0.481869 -0.477545 10.159944
-0.493577 -0.499513 -3.840726
-0.495208 -0.497724 9.998424
-0.488343 -0.485695 9.990197
-0.487934 -0.480377 10.123467
-0.479330 -0.475175 -3.849735
-0.482927 -0.492351 10.256741
-0.479325 -0.483373 10.415320
-0.454617 -0.499576 10.315868
-0.493224 -0.458204 -4.060535
-0.489005 -0.496108 -3.914121
-0.449480 -0.342333 4.514393
-0.480807 -0.494525 -4.101821
-0.345729 0.471641 3.367512
-0.466475 -0.496263 10.227581
0.241790 0.150236 2.929249
-0.466982 -0.482471 10.419775
-0.495767 -0.491875 -0.638964
-0.450221 -0.339148 4.502688
-0.482850 -0.497675 -3.715353
-0.492607 -0.499524 -3.876917
-0.476328 -0.497854 9.988637
-0.450713 -0.478879 10.393592
-0.499837 -0.468668 -3.957248
-0.444610 -0.490341 10.270358
-0.490472 -0.489741 -4.148460
-0.492047 -0.477452 10.387810
-0.498801 -0.498793 -0.770176
-0.498908 -0.492277 -0.683413
-0.468497 -0.494271 10.024240
-0.481621 -0.498297 -3.814523
-0.471595 -0.473293 10.486891
-0.493424 -0.492389 10.306764
-0.479675 -0.475653 -3.722061
-0.469066 -0.498269 -3.856127
-0.480197 -0.485890 10.298544
-0.445475 -0.482382 10.059389
-0.460711 0.484351 -3.793951
-0.492862 -0.484184 10.052164
-0.497345 -0.495307 7.044291
-0.492355 -0.499218 -3.986917
-0.493822 -0.497064 -4.136290
-0.435341 0.434052 -3.403898
-0.455429 -0.483474 10.575614
-0.490595 -0.480315 10.325120
-0.468548 -0.497263 10.358707
-0.450298 -0.326647 4.780574
-0.454119 -0.499783 10.345610
-0.447042 0.498886 10.399527
-0.485257 -0.495465 -3.817077
-0.499128 -0.469536 -3.885851
-0.470895 -0.490172 10.472261
-0.467409 -0.315167 4.544148
-0.483297 -0.480032 -3.698433
-0.440636 -0.492803 -3.943917
-0.459758 -0.479642 10.493088
-0.466961 -0.352437 4.655946
-0.465535 -0.498443 -4.112405
-0.471618 -0.469440 -3.857375
-0.478812 -0.479739 10.348722
-0.463605 -0.348391 4.526681
-0.497058 -0.494983 10.244027
-0.495079 -0.461214 -3.930430
-0.439759 -0.342435 4.493752
-0.442043 -0.468735 -3.973387
-0.452529 -0.486008 10.379152
-0.496952 -0.499118 -0.735935
-0.485917 -0.492385 10.399781
-0.446046 -0.324177 4.786153
-0.466184 -0.466204 -3.718092
-0.430027 0.480834 -4.045807
-0.448305 -0.464617 -3.698826
-0.464173 -0.499644 -4.010155
-0.456347 -0.494913 10.191724
-0.493962 -0.496809 7.434472
-0.477236 -0.493766 10.351611
-0.488063 -0.496909 9.931879
-0.493540 -0.489016 -3.720148
-0.476724 -0.426798 -4.039835
-0.454206 -0.341480 4.544352
-0.499380 -0.496651 -3.823871
-0.451400 -0.497966 10.254642
-0.483356 -0.478486 -3.797019
-0.491616 -0.357653 4.609415
-0.478902 -0.447042 -4.026129
-0.498910 -0.487053 10.124848
-0.418786 -0.326393 4.757492
-0.479999 -0.490598 10.405810
-0.477473 -0.453468 -3.975176
-0.490002 -0.464582 -3.784592
-0.445767 -0.496130 10.626415
-0.463225 -0.497664 10.192599
-0.499712 -0.495155 -0.823132
-0.469282 -0.460797 -3.682039
-0.461859 0.472361 -4.792449
-0.493370 -0.482281 10.330165
-0.465518 -0.471772 -3.900337
-0.466653 -0.372362 4.591024
-0.435984 0.492831 10.641498
-0.449561 -0.494986 10.307530
-0.497008 -0.494901 10.297965
-0.477365 -0.484921 10.098208
-0.494947 -0.488115 10.404603
-0.442197 -0.336207 4.616855
-0.456073 -0.351743 4.326328
-0.442711 -0.361067 4.661113
-0.465875 -0.488621 10.596686
-0.479979 -0.478681 -3.769132
-0.492219 0.496950 7.548042
-0.474425 -0.497158 10.269039
-0.491620 -0.458125 -3.859736
-0.498035 -0.493294 -0.882430
-0.497895 -0.475222 -3.563805
-0.482018 -0.477917 10.460492
-0.448497 -0.491397 10.253872
-0.494303 -0.494710 10.245647
-0.451129 -0.495075 10.581068
-0.491684 -0.499613 7.119651
-0.489447 -0.490307 10.221298
-0.468573 -0.494950 -3.895128
-0.488881 -0.472507 7.076853
-0.497845 -0.493246 -3.735151
-0.494466 -0.487020 10.353925
-0.465624 -0.494723 -3.981600
-0.452534 -0.496848 10.546916
-0.466006 -0.482900 -3.677679
-0.499898 -0.495091 10.150929
-0.441784 -0.499299 -4.127983
-0.479080 -0.472630 -3.821357
-0.481136 0.432849 3.573067
-0.494289 -0.493292 -3.855381
-0.487991 -0.496599 -3.564063
-0.485125 -0.495798 10.303609
-0.497135 -0.475362 7.000333
-0.466826 -0.489394 10.382708
-0.495978 -0.494739 10.268158
-0.499674 -0.463295 -3.732962
-0.476510 -0.496937 -3.832003
-0.489839 -0.459550 -3.856286
-0.475684 -0.468747 -3.823476
-0.494141 -0.493655 10.143184
-0.477043 -0.493760 10.237230
-0.458097 -0.334829 4.450898
-0.451258 -0.369471 4.591076
-0.468444 -0.478613 -3.891888
-0.497987 -0.494733 -0.608454
-0.459798 -0.446023 -4.088199
-0.470260 -0.499190 -4.140535
-0.496387 -0.492792 10.259196
-0.490330 -0.498445 -1.119110
-0.493644 -0.494576 7.002591
-0.464716 -0.494781 -3.821906
-0.415427 -0.454271 -2.371812
-0.499155 -0.481675 -4.050638
-0.498182 -0.490850 -0.775158
-0.478840 -0.498383 -3.678836
-0.456013 -0.470906 -3.972924
-0.473962 -0.495707 10.276386
-0.448183 -0.491239 10.381357
-0.497999 -0.462688 -3.681327
-0.449404 -0.487833 10.419488
-0.489192 -0.485790 10.043440
-0.498579 -0.484619 -0.700486
-0.496900 -0.487551 10.122074
-0.464397 -0.487847 10.443870
-0.401709 0.485902 10.658639
-0.497746 -0.484653 -3.971895
-0.446505 -0.484601 10.269645
-0.480668 -0.364030 4.557128
-0.490784 -0.492397 -0.701040
-0.496478 -0.483880 6.984723
