-0.238571 0.463421 -2.702674
-0.256926 0.474541 -2.476766
-0.234416 0.456385 -2.680232
-0.286189 0.453952 -2.588239
-0.208854 0.463168 -2.553527
-0.283164 0.461506 -2.424348
-0.236947 0.457788 -2.327056
-0.475934 0.479538 -2.690353
-0.275091 0.459948 -2.444400
-0.273988 0.453514 -2.685431
-0.308220 0.467662 -2.887591
-0.256657 0.467692 -2.494997
-0.212133 0.465423 -2.664732
-0.318504 0.479401 8.981838
-0.243041 0.454265 -2.545571
-0.252052 0.475344 8.708862
-0.260595 0.456935 -2.455822
-0.268180 0.460187 -2.620039
-0.228226 0.460122 -2.402577
-0.275346 0.481329 8.861003
-0.214949 0.445498 -2.300724
-0.219872 0.442333 -2.652242
-0.226974 0.463612 -2.275857
-0.218800 0.457601 -2.768602
-0.296206 0.456403 -2.623778
-0.233487 0.464209 -2.539996
-0.292804 0.458640 -2.832506
-0.251365 0.471745 -2.400228
-0.269878 0.484816 8.867015
-0.263750 0.474233 -2.515889
-0.228942 0.467695 -2.603008
-0.269019 0.481700 9.302820
-0.269581 0.473841 8.695637
-0.221463 0.471463 -2.418435
-0.247660 0.473989 8.868246
-0.287197 0.473469 -2.292354
-0.307290 0.474652 -2.652367
0.193877 0.481827 -6.057681
-0.277324 0.469617 -2.639619
-0.282469 0.476801 -2.405577
-0.244056 0.463757 -2.458952
-0.275936 0.467345 -2.670046
-0.189460 0.445073 -2.725578
-0.489180 0.480485 -2.675891
-0.269942 0.477359 8.968653
-0.262636 0.472863 -2.563791
-0.258374 0.453540 -2.392143
-0.297970 0.424209 -2.819440
-0.231593 0.456651 -2.555376
-0.281307 0.471793 -2.690199
-0.321393 0.493241 -2.836174
-0.256856 0.468013 -2.656087
-0.202848 0.453915 -2.491836
-0.251784 0.477614 8.706898
-0.241470 0.484489 8.972589
-0.258341 0.477442 8.823781
-0.267985 0.480007 8.837143
-0.260032 0.474573 -2.681411
-0.266678 0.477434 8.971180
-0.457180 -0.147891 -1.182013
-0.246037 0.484870 8.706587
-0.183687 0.439359 -2.302775
-0.209010 0.464348 -2.578671
-0.259576 0.472193 -2.583014
-0.238012 0.478165 8.741603
-0.244062 0.456495 -2.489845
-0.264889 0.455412 -2.440189
-0.278272 0.476659 -2.473895
-0.218994 0.455815 -2.615764
-0.453986 -0.097379 -1.701670
-0.268555 0.492669 8.671974
-0.229602 0.468790 -2.477731
-0.229481 0.470624 -2.856076
-0.143122 0.470448 -2.200929
-0.312670 0.493091 8.793931
-0.329665 0.487459 9.021526
-0.308843 0.463608 -2.616668
-0.212397 0.466809 -2.480927
-0.471561 0.497040 -2.789733
-0.267785 0.478858 8.990815
-0.285129 0.476072 8.767940
-0.211643 0.451292 -2.483242
-0.260299 0.468947 -2.516303
-0.229910 0.474179 8.784035
-0.259848 0.473630 -2.546342
-0.287673 0.460086 -2.621977
-0.240173 0.464065 -2.906519
-0.282853 0.462347 -2.500382
-0.277058 0.488559 8.643671
-0.302044 0.461743 -2.479838
-0.263112 0.490600 8.779931
-0.247863 0.462760 -2.678661
-0.253809 0.460007 -2.552409
-0.229115 0.472172 -2.533354
-0.231675 0.458815 -2.585963
-0.283451 0.468950 -2.386635
-0.326836 0.496657 -2.495006
-0.239775 0.458381 -2.602439
-0.215871 0.455974 -2.355403
-0.289054 0.469739 -2.580815
-0.248633 0.468705 -2.771299
-0.252915 0.471573 -2.487028
-0.234700 0.467566 -2.475960
-0.211793 0.461321 -2.661837
-0.317698 0.480233 -2.797506
-0.287803 0.452244 -2.733618
-0.233842 0.479887 8.631615
-0.250462 0.453728 -2.414721
-0.214896 0.461610 -2.801002
-0.223522 0.458679 -2.600265
-0.226296 0.463515 -2.604427
-0.291039 0.466929 -2.625698
-0.284326 0.474961 -2.724236
-0.233811 0.458711 -2.653489
-0.232272 0.462093 -2.655474
-0.215437 0.456877 -2.559333
-0.227783 0.462610 -2.503459
-0.410154 -0.118644 -1.440019
-0.300454 0.464390 -2.712608
-0.242604 0.461886 -2.610133
-0.268569 0.486848 8.875664
-0.259365 0.470175 -2.316493
-0.237659 0.460125 -2.415863
-0.316819 0.451469 -2.901787
-0.242487 0.465960 -2.479711
-0.299172 0.464552 -2.857148
-0.323643 0.461839 -2.715526
-0.246797 0.485186 8.908683
-0.264169 0.487312 8.854843
-0.279885 0.467422 -2.346171
-0.216678 0.451944 -2.427772
-0.271894 0.477333 -2.619349
-0.276071 0.473671 -2.495643
-0.229200 0.466416 -2.399325
-0.244372 0.479748 8.553748
-0.218077 0.458454 -2.598093
-0.223535 0.477435 8.680723
-0.235211 0.453388 -2.705455
-0.241436 0.465250 -2.596554
-0.249722 0.477938 -2.554679
-0.284905 0.460473 -2.529769
-0.260214 0.457035 -2.447071
-0.224442 0.465955 -2.676301
-0.263171 0.487339 8.771722
-0.271038 0.464460 -2.301737
-0.320838 0.467531 -2.735300
-0.299097 0.466702 -2.582943
-0.233746 0.469108 -2.332396
-0.235748 0.469526 -2.684573
-0.251775 0.447859 -2.650067
-0.265023 0.481842 8.681105
-0.247231 0.486945 8.996507
-0.206303 0.461637 -2.546102
-0.288391 0.482970 8.648950
-0.242099 0.467410 -2.506521
-0.286216 0.471406 -2.674892
-0.222552 0.453702 -2.524947
-0.266599 0.472877 -2.669755
-0.236207 0.466871 -2.744808
-0.311905 0.474138 -2.842616
-0.323680 0.488957 -2.774103
-0.220512 0.449973 -2.785144
-0.275607 0.476792 9.054690
-0.250268 0.452128 -2.558589
-0.271051 0.464951 -2.688135
-0.197681 0.462553 -2.505111
-0.258994 0.460323 -2.426537
-0.272558 0.472306 -2.646864
-0.265101 0.473025 -2.362187
-0.243044 0.463641 -2.375555
-0.231468 0.467487 -2.489450
-0.248678 0.470469 -2.700108
-0.244670 0.477973 8.971436
-0.264470 0.479847 9.268427
-0.275800 0.478060 -2.630862
-0.304546 0.437666 -2.740004
-0.277676 0.475047 -2.686594
-0.255994 0.463580 -2.550617
-0.236650 0.467756 -2.478458
-0.287833 0.474747 -2.758199
-0.261010 0.479013 8.735111
-0.268754 0.473748 -2.472551
-0.231487 0.459091 -3.006339
-0.261982 0.464961 -2.418022
-0.261517 0.479712 8.953803
-0.191701 0.462922 -2.591419
-0.285791 0.469598 -2.745050
-0.221441 0.469284 -2.594183
-0.233296 0.471558 -2.603436
-0.244238 0.477103 8.984448
-0.255840 0.467916 -2.934078
-0.212629 0.452676 -2.618915
-0.307733 0.406095 -2.517435
-0.302627 0.456042 -2.714141
-0.269916 0.453381 -2.473579
-0.294113 0.479646 -2.708645
-0.164790 0.485682 8.623343
-0.306183 0.414841 -2.467485
-0.289517 0.451838 -2.486677
-0.259038 0.477301 -2.860220
-0.307309 0.478402 -2.559478
-0.243191 0.479101 8.782045
-0.276290 0.482254 8.893070
-0.207691 0.482639 8.952190
-0.246870 0.461849 -2.575186
-0.317445 0.475848 -2.406659
-0.212574 0.455844 -2.542037
-0.264347 0.471193 -2.600305
-0.266378 0.453123 -2.535521
-0.238451 0.466288 -2.761603
-0.241705 0.470484 -2.785483
-0.245485 0.462730 -2.613761
-0.336497 0.480739 -2.628789
-0.314895 0.474415 -2.822472
-0.289565 0.459515 -2.898728
-0.225629 0.455879 -2.825851
-0.290131 0.464715 -2.615906
-0.266551 0.488891 8.960848
-0.262593 0.474873 -2.827028
-0.320454 0.451222 -2.623560
-0.229490 0.468714 -2.524511
-0.304558 0.434007 -2.906151
-0.250876 0.469025 -2.663232
-0.308231 0.462046 -2.493060
-0.224983 0.477789 8.826590
-0.261447 0.480679 8.726095
-0.264453 0.443925 -2.680045
-0.239733 0.464809 -2.479234
-0.242459 0.480855 8.803321
-0.240210 0.465982 -2.717012
-0.268183 0.480086 9.009320
-0.249191 0.468092 -2.409237
-0.245560 0.473335 -2.404856
-0.276597 0.484973 8.979824
-0.302136 0.463343 -2.803351
-0.334847 0.492163 9.163254
-0.309903 0.468534 -2.773703
-0.290986 0.445699 -2.466938
0.175775 0.495137 0.285740
-0.252057 0.465823 -2.520047
-0.303002 0.469150 -2.797094
-0.469493 -0.123660 -1.395484
-0.270287 0.466826 -2.669708
-0.259192 0.473062 8.889886
-0.276692 0.466779 -2.352292
-0.286458 0.464548 -2.673071
-0.258056 0.459429 -2.470231
-0.254870 0.456946 -2.478645
-0.306992 0.478189 -2.659112
-0.311607 0.469118 -2.841262
-0.331463 0.478233 -2.661879
-0.218489 0.456693 -2.616020
-0.268047 0.480407 8.631319
-0.303870 0.474818 -2.609486
-0.308402 0.457077 -2.517051
-0.334653 0.478902 -2.414721
-0.264235 0.482063 8.765552
-0.400873 0.365413 -5.769302
-0.453648 0.475969 9.090387
-0.440349 0.094465 -4.720681
-0.260136 0.468399 -2.635678
-0.238637 0.470206 -2.395241
-0.221135 0.466324 -2.377384
-0.237637 0.469955 -2.599881
-0.163884 0.480371 8.955307
-0.279020 0.464978 -2.495851
-0.230646 0.478123 8.891655
-0.243297 0.482000 9.055687
-0.266822 0.469216 -2.675809
-0.315822 0.469413 -2.755440
-0.305148 0.478028 -2.518209
-0.488354 0.479686 8.818136
-0.256926 0.477438 8.583121
-0.271195 0.458908 -2.797046
-0.344287 0.398419 -3.128335
-0.248610 0.481907 8.802838
-0.253864 0.465251 -2.626759
-0.227829 0.452074 -2.568694
-0.328957 0.496862 8.862270
-0.267733 0.463579 -2.414240
-0.310722 0.470678 -2.650692
-0.351284 0.429001 -2.262420
-0.220246 0.466912 -2.625478
-0.276901 0.475940 8.854471
-0.438890 0.087339 -4.574056
-0.286686 0.477419 9.098694
-0.274487 0.470602 -2.878079
-0.245595 0.442593 -2.517830
-0.238933 0.458521 -2.532570
-0.265473 0.482955 8.771820
-0.275078 0.464540 -2.438480
-0.252082 0.451279 -2.606147
-0.296790 0.463425 -2.658655
-0.241557 0.473067 -2.743988
-0.240138 0.466030 -2.468617
-0.281877 0.471308 -2.657629
-0.305277 0.473481 -2.875896
-0.325083 0.471141 -2.587934
-0.300439 0.466910 -2.806951
-0.224524 0.451234 -2.541992
-0.251181 0.459538 -2.538730
-0.214566 0.455893 -2.467111
0.235165 0.480931 -6.255411
-0.235885 0.462821 -2.595150
-0.311163 0.466942 -2.347798
-0.277590 0.467925 -2.797875
-0.359413 0.453743 -2.285975
-0.440940 0.495470 -2.679655
-0.297732 0.455217 -2.621463
-0.284944 0.472558 -2.794423
-0.350853 0.472159 -2.410945
-0.303484 0.469387 -2.720023
-0.266895 0.474807 -2.441235
-0.494213 0.481455 5.971623
-0.275404 0.466706 -2.668543
-0.275564 0.454765 -2.646792
-0.291394 0.463015 -2.486808
-0.302788 0.460941 -2.700222
-0.276725 0.460392 -2.436057
-0.254671 0.458739 -2.681037
-0.265366 0.478323 -2.523459
-0.312926 0.456858 -2.588901
-0.252309 0.464498 -2.599711
-0.465883 0.480193 -2.680387
-0.243806 0.473819 8.775873
-0.263866 0.470180 -2.396356
-0.256065 0.471539 -2.609550
-0.266341 0.483653 8.775429
-0.284128 0.461142 -2.414033
-0.233751 0.457869 -2.549181
-0.242206 0.456298 -2.438749
-0.277480 0.477297 8.883537
-0.301991 0.463549 -2.643146
-0.326289 0.486087 9.004753
-0.290995 0.464361 -2.561961
-0.187108 0.461910 -2.660005
-0.281219 0.468248 -2.893753
-0.245751 0.471645 -2.366958
-0.215524 0.450892 -2.224542
-0.268583 0.476940 -2.572314
-0.277704 0.474232 -2.610616
-0.230238 0.475101 8.846869
-0.472034 0.087368 -4.638433
-0.250890 0.482153 8.814878
-0.315285 0.485782 9.241041
-0.340721 0.480446 -2.615343
-0.294388 0.458756 -2.531960
-0.287241 0.479622 -2.861662
-0.437799 0.477759 -2.786479
-0.238744 0.469409 -2.586720
-0.302263 0.472111 -2.695704
-0.245898 0.484417 8.721550
-0.252852 0.472077 8.851075
-0.319871 0.490989 8.840902
-0.232505 0.468863 -2.458069
-0.265312 0.472231 -2.661752
-0.308960 0.463823 -2.817935
-0.292830 0.455236 -2.471748
-0.321247 0.472541 -2.804267
-0.051674 0.488690 -6.034555
-0.266021 0.483657 8.834800
-0.242966 0.460101 -2.589007
-0.273540 0.465840 -2.755213
-0.214696 0.472074 8.791538
-0.468857 0.488799 -2.874792
-0.203341 0.457647 -2.474364
-0.233170 0.472796 -2.457142
-0.228192 0.456239 -2.881456
-0.257837 0.462943 -2.527942
-0.336697 0.490542 -2.863266
-0.282987 0.492210 8.614968
-0.231838 0.465216 -2.837627
-0.217763 0.457623 -2.801234
-0.315977 0.473410 -2.571995
-0.306311 0.467249 -2.658704
-0.297188 0.462158 -2.593794
-0.379904 0.142010 4.940909
-0.290384 0.466919 -2.532172
-0.286352 0.475622 -2.606589
-0.261473 0.482514 8.809542
-0.251205 0.461484 -2.698143
-0.261742 0.473168 -2.553961
-0.303503 0.423622 -2.683333
-0.152258 0.482413 8.336339
-0.478801 0.087100 -4.866673
-0.444898 0.493798 -2.904299
-0.312670 0.477363 -2.844937
-0.262119 0.459719 -2.573204
-0.249491 0.470849 -2.663718
-0.338925 0.498929 8.841931
-0.264716 0.462261 -2.629550
-0.472573 0.474812 8.941729
-0.276669 0.468294 -2.432262
-0.272158 0.450392 -2.575328
-0.267521 0.461153 -2.620147
-0.248123 0.470925 -2.613019
-0.312347 0.481881 9.332431
-0.264886 0.471716 -2.626026
-0.312301 0.473322 -2.672796
-0.268402 0.471587 -2.400853
