-0.485518 0.304665 -2.057460
-0.480837 0.306281 -2.078895
-0.487581 0.327450 -2.104477
-0.466805 0.243604 -1.816564
-0.493102 0.327113 -1.944085
-0.497552 0.315655 -1.861995
-0.488664 0.231781 -1.761887
0.110927 0.101791 -3.048805
-0.496944 0.351364 -1.794826
-0.479949 0.329611 -1.910272
-0.482459 0.323136 -2.028403
-0.488369 0.346918 -2.110598
-0.491090 0.321104 -2.078516
-0.487835 0.323292 -1.841632
-0.493085 0.339477 -1.907065
-0.484906 0.281833 -1.887065
-0.479111 0.326811 -2.139293
-0.481625 0.334214 -2.121688
-0.486309 0.302096 -2.025609
-0.498403 0.341975 5.093366
-0.491511 0.318683 -2.175481
-0.493276 0.330197 -1.912305
-0.489164 0.372725 -1.890512
-0.493574 0.302620 -1.992107
-0.485175 0.310311 -2.174928
-0.490441 0.303348 -1.791187
-0.485863 0.325221 -1.662385
-0.481275 0.333703 -2.131500
-0.497177 0.319989 -1.852071
-0.483989 0.292188 -1.876227
-0.495727 0.333792 -2.078515
-0.477778 0.309712 -1.900965
-0.473296 0.297126 -2.098753
-0.495460 0.323376 -1.858537
-0.493364 0.324173 -2.048251
-0.482823 0.323704 -1.962244
-0.484784 0.281948 -1.967370
0.406963 0.402435 2.711791
-0.479235 0.325605 -1.880908
-0.491858 0.298578 -1.797211
-0.490123 0.326018 -2.094925
-0.472394 0.288538 -1.940472
-0.490662 0.317026 -1.869061
0.139625 0.047665 -3.035714
-0.487200 0.288690 -1.938746
-0.483639 0.305733 -2.003904
-0.477683 0.315412 -2.038018
-0.475548 0.300032 -1.905934
-0.492392 0.308971 -1.988465
-0.486502 0.303430 -1.914415
-0.479021 0.276431 -1.959708
-0.491834 0.294508 -1.633840
-0.489067 0.289701 -1.860355
-0.468377 0.269665 -1.823401
-0.496038 0.325940 -2.212106
-0.486559 0.327429 -1.932531
-0.488327 0.317588 -1.983374
-0.493271 0.329733 -2.098602
-0.481859 0.307977 -1.879859
0.436923 0.400059 3.631986
-0.493113 0.328325 -1.992295
-0.379688 -0.374537 -3.992228
-0.478526 0.286083 -1.973088
-0.482433 0.304937 -1.867332
-0.491053 0.310168 -2.047172
-0.493492 0.369731 5.087980
-0.490313 0.312019 -1.884308
-0.473582 0.327312 -2.065048
-0.480622 0.357662 -1.975233
0.299971 0.448682 -4.911790
-0.479065 0.318001 -2.069592
-0.492266 0.341094 -2.177944
-0.493066 0.345881 -1.931678
-0.484900 0.274434 -1.810971
-0.491184 0.283189 -2.024991
-0.474458 0.308475 -1.944009
-0.495773 0.334652 5.195618
-0.486109 0.320467 -1.971327
-0.489545 0.363171 -2.080983
-0.486506 0.300877 -2.060959
-0.475459 0.349142 -2.214882
-0.488930 0.312115 -1.958080
-0.498849 0.295754 5.024946
-0.476668 0.318644 -1.908815
-0.490940 0.287548 -2.137636
-0.476117 0.344355 -1.792236
-0.472678 0.322899 -2.253127
-0.485397 0.376255 -2.092624
-0.490618 0.319706 -1.817814
-0.492767 0.332953 -1.832943
-0.489541 0.331258 -2.137802
-0.475013 0.318626 -2.095463
-0.483211 0.325645 -1.768210
-0.498446 0.306033 4.888087
-0.426198 -0.475382 2.754535
-0.493629 0.325878 -2.089205
-0.475426 0.303152 -1.704584
-0.499651 0.338843 -1.927155
-0.489290 0.343824 -2.248780
-0.488310 0.260708 -2.176078
-0.489860 0.338579 5.157773
-0.475508 0.328808 -1.829214
-0.487557 0.309741 -2.060792
-0.498005 0.311679 5.142863
-0.499847 0.334987 4.852187
-0.497336 0.338035 -2.135534
-0.491672 0.334759 -2.088008
-0.491610 0.321600 -2.023752
-0.489147 0.323023 -1.735156
-0.482169 0.296911 -2.114475
-0.468499 0.333266 -1.866264
-0.466547 0.336646 -1.989122
-0.483783 0.296826 -2.046455
-0.467207 -0.499008 3.406024
-0.486656 0.317997 -1.967298
-0.486918 0.289662 -1.825430
-0.481131 0.296177 -1.882024
0.434199 0.399946 2.741629
-0.494785 0.329526 -1.952153
-0.491877 0.336472 -2.186856
-0.489961 0.320012 -2.205822
-0.486160 0.372650 -2.042413
-0.392868 -0.437700 -4.027953
-0.486271 0.325999 -1.875601
-0.495071 0.285861 5.090606
-0.486506 0.312641 -2.053348
-0.484921 0.354212 -2.032088
-0.489168 0.273176 -2.176062
-0.481298 0.311164 -1.857824
-0.488267 0.288000 -1.891248
-0.498544 0.335722 -2.026240
-0.483491 0.298171 -2.003124
-0.497954 0.372425 -1.886474
-0.489471 0.293694 -1.732358
-0.486917 0.313455 -2.222066
-0.499770 0.317621 5.223721
-0.497790 0.319992 5.407037
-0.483727 0.377192 -1.658210
-0.468174 0.305106 -2.118954
-0.487201 0.325096 -1.944209
-0.495924 -0.458414 3.028940
-0.478651 0.318062 -1.931045
-0.495096 0.323809 -1.847418
-0.484761 0.304548 -1.895540
-0.475500 0.365594 -2.152828
-0.494989 0.337884 -1.980031
-0.478645 0.329202 -1.778627
-0.494054 0.292623 -1.910152
-0.493979 0.276330 -1.939219
-0.472794 0.328846 -1.929416
-0.492538 0.339766 5.128986
-0.486663 0.341880 -2.097922
-0.486838 0.311784 -2.091716
-0.484526 0.311513 -1.817808
-0.482831 0.354282 -1.994523
-0.491600 0.334419 -1.729279
-0.483429 0.329598 -1.830290
-0.475017 0.314617 -1.917182
-0.480172 0.316389 -1.804630
-0.472520 0.300519 -1.986662
-0.489506 0.333104 -1.882511
-0.492902 0.331813 -1.717113
-0.474297 0.339634 -1.527453
-0.494883 0.182582 4.641402
-0.492760 0.300004 -1.695643
-0.489926 0.314119 -1.873255
-0.488687 0.325150 -2.191605
-0.488272 0.309027 -1.790750
-0.469940 0.364333 -1.635236
-0.490728 0.287246 -1.886881
-0.477875 0.318143 -1.872170
-0.477023 0.328799 -1.980537
-0.479014 0.318937 -1.747782
-0.465407 0.283173 -1.870181
-0.488452 0.362314 -2.303839
-0.471037 -0.288633 -5.929084
-0.487717 0.330550 -2.143393
-0.494700 0.296408 -1.988979
-0.497918 0.297451 4.958791
-0.497983 0.328622 -1.947352
-0.480890 0.305825 -2.248937
-0.495626 0.278874 -2.060075
-0.473151 0.326242 -1.936387
-0.487220 0.309450 -1.739027
-0.496834 0.296776 5.091688
-0.490215 0.319178 -1.980087
-0.487434 0.289078 4.875371
-0.495702 0.319208 -2.141852
-0.481881 0.279354 -2.043469
-0.498187 0.319975 -1.866469
-0.492842 0.293172 5.048413
-0.480575 0.297186 -2.003825
-0.494185 0.320207 -2.067238
-0.495198 0.337041 -1.951825
-0.484667 -0.287484 -5.883119
-0.494059 0.333860 -1.973270
-0.498738 0.339492 -2.138108
-0.494229 0.294508 -2.219751
-0.471176 0.291189 -2.096590
-0.499255 0.309427 -2.130497
-0.484542 0.280452 -2.070902
-0.483750 0.354220 -1.819388
-0.488978 0.322713 -2.051650
-0.480420 0.320170 -1.844337
-0.486704 0.278593 -1.981188
-0.499296 0.300544 -1.880424
-0.498309 0.279148 -1.976229
-0.485198 -0.315231 8.793431
-0.494668 0.374110 -1.937384
-0.485154 0.296063 -1.810798
-0.493651 0.335781 -2.050156
-0.485458 0.303937 -1.993006
-0.486044 0.309313 -1.699835
-0.484665 0.294757 -2.005458
-0.483654 0.308043 -1.906078
-0.488865 0.316354 -1.725657
-0.482734 0.296944 -2.091383
-0.473801 0.336942 -1.896044
-0.496062 0.301645 -1.861126
-0.498882 0.390518 -2.183800
-0.481474 0.318691 -1.926475
-0.473273 0.360919 -2.174472
-0.498562 0.334884 5.181281
-0.479640 0.332448 -1.975839
-0.499445 0.258675 -2.168686
-0.499769 0.315113 -1.824721
-0.476168 0.345224 -1.609747
-0.490787 0.307429 -1.842858
-0.473375 0.278428 -1.845788
-0.491258 0.280338 -2.019206
-0.477732 0.339970 -1.788465
-0.492010 0.369913 -1.783251
-0.489646 0.307429 -1.903826
-0.489731 0.309751 -1.960092
-0.486648 0.315887 -1.821318
-0.470853 0.314712 -1.893640
-0.489741 0.310294 -2.028274
-0.495781 0.281961 -1.918910
0.396956 0.404138 2.066147
-0.483357 0.309380 -1.819361
-0.499700 0.308556 5.097199
0.358352 0.435177 -5.640662
-0.490049 0.288188 -1.984179
-0.492704 0.316031 -1.947116
-0.496570 0.311944 -1.956213
-0.499139 0.312328 5.212035
-0.483445 0.327136 -2.068544
-0.479636 0.300722 -1.968166
-0.492120 0.320604 -2.030010
-0.478453 0.354837 -1.823852
-0.490168 0.297595 -2.111782
-0.495842 0.306931 -1.853294
-0.486366 0.345923 -2.085126
-0.489483 0.346477 -2.403529
-0.499788 0.309594 -2.026224
-0.488470 0.321768 -2.028153
-0.498695 0.329326 -1.788927
-0.489609 0.286732 -1.797109
-0.496191 0.344018 -2.112981
-0.489400 0.313866 -2.019121
-0.496849 0.312546 -1.776572
-0.486414 0.310426 -1.862364
-0.482918 0.331982 -1.893177
-0.491498 0.334611 -2.207323
-0.497500 0.348046 -1.967850
-0.490939 0.362688 -1.817564
-0.485452 0.313101 -2.213235
-0.483643 0.316893 -1.875236
-0.496773 0.253996 5.102153
-0.479988 0.328957 -1.837898
-0.483544 0.289666 -1.780116
-0.453458 -0.251469 -3.525245
-0.252327 -0.436771 0.983528
-0.496724 0.335982 5.254088
-0.492456 0.318349 -2.105702
-0.497181 0.297609 -2.057565
-0.492614 0.305672 -1.864552
-0.478125 0.330931 -1.966288
-0.481764 0.308869 -1.940216
-0.475497 0.341614 -2.094090
-0.497404 0.320852 5.038900
-0.493777 0.329772 5.015180
-0.483940 0.284640 -1.885853
-0.497821 0.353124 -2.039946
-0.490153 0.258129 -1.964468
-0.480842 0.336632 -1.878700
-0.476062 0.351269 -1.838529
-0.494307 0.309161 -2.064542
-0.494052 0.361527 -1.795783
-0.491603 0.308787 -1.968694
-0.495240 0.351905 -1.828065
-0.494372 0.311644 4.940557
-0.490903 0.346605 -1.913090
-0.482859 0.345054 -1.830038
-0.487457 0.300327 -1.909734
-0.499439 0.350801 -2.153741
-0.495019 0.334441 -1.974862
-0.499228 0.278072 -1.884381
-0.489526 0.324107 -1.956967
-0.239378 -0.479648 0.682360
-0.478280 0.340673 -1.797947
-0.482089 0.328516 -1.959288
0.287649 0.486152 11.493518
-0.477423 0.311099 -2.072997
-0.489789 0.293952 -1.902410
-0.487473 0.337978 -1.931183
-0.495832 0.286017 -2.174118
-0.492724 0.324200 -1.804960
-0.492567 0.354010 -2.069603
-0.497916 0.323474 -2.001694
-0.484861 0.311585 -2.004151
-0.498318 0.324970 -1.731282
-0.493735 0.311033 -2.283698
0.126712 0.131042 -3.147630
-0.479254 0.324930 -1.893093
-0.473707 0.344156 -1.908204
-0.497585 0.315718 -1.934174
-0.475027 0.331992 -1.984767
-0.493484 0.341983 -1.860352
-0.487591 0.301777 -1.817731
-0.473802 0.276059 -2.094722
-0.479718 0.356756 -2.200010
-0.470742 -0.291447 -5.736318
-0.493993 0.303009 5.220205
-0.471380 0.297752 -2.111826
-0.485102 0.338585 -1.947816
-0.487879 0.296249 -1.906476
-0.477424 0.298626 -1.858787
-0.490235 0.326634 -2.145075
-0.498702 0.298640 -1.933782
-0.481655 0.334953 -1.951113
-0.479208 0.308792 -1.935125
-0.489207 0.306837 -1.918089
-0.489092 0.299075 -1.681651
-0.495675 0.331876 -2.080745
-0.479747 0.335356 -1.991352
-0.496962 0.309317 -1.878412
-0.485800 0.347391 -2.122838
-0.496496 0.328865 -1.890941
-0.488174 0.312863 -1.895221
-0.481389 0.317943 -1.858964
-0.499854 0.295694 -1.985595
-0.482450 0.288484 -1.942902
-0.497765 0.314251 -2.065137
-0.498825 0.336311 5.346414
-0.499741 0.351465 5.010741
-0.496445 0.304119 -1.940506
-0.478548 0.323442 -1.938858
-0.490628 0.335111 -1.990117
-0.490113 0.330579 -2.035285
-0.492012 0.330957 -2.132759
-0.497443 0.318922 5.353900
-0.496587 0.339140 5.138408
-0.492215 0.316036 -1.986612
-0.489668 0.278563 -1.753717
-0.478773 0.330006 -1.986340
-0.491847 0.311672 -2.040741
-0.475824 0.376056 -2.105064
-0.481889 0.335778 -2.026193
-0.307496 0.426826 4.576184
-0.490651 0.331978 -2.237492
-0.478415 0.355445 -2.127614
-0.484010 0.384795 -1.842641
-0.497136 0.304207 -1.952830
-0.247577 -0.066690 5.730080
-0.499318 0.305465 -1.856521
-0.485103 0.316065 -2.084707
-0.485501 0.318177 -2.008544
-0.492093 0.304421 -1.951353
-0.458042 0.360334 -1.932453
-0.486659 0.342256 -2.104013
-0.479250 0.332583 -2.053264
-0.489512 0.312789 -1.678219
-0.493611 0.259184 5.411341
-0.480620 0.340809 -1.898524
-0.489576 0.279436 -1.679753
-0.281516 0.404248 4.746991
-0.495329 0.337335 -1.793999
-0.496241 0.328813 5.229191
-0.483012 0.274415 -2.222957
-0.477445 0.316683 -1.959731
-0.314339 -0.425935 0.730459
-0.498985 0.279938 -2.110280
-0.492489 0.338879 -1.991753
-0.499903 0.341286 4.946578
-0.494201 0.298235 -1.877703
-0.481094 0.289059 -1.907154
-0.482449 0.343914 -1.944543
-0.492202 0.339064 5.248452
-0.492702 0.301654 -1.720571
-0.496733 0.301045 -2.062461
-0.486819 0.339993 -1.933726
-0.475611 0.321592 -1.983773
-0.350616 -0.352250 -4.324234
-0.492876 0.304618 -1.927705
-0.489756 0.364485 -2.036930
-0.492876 0.314483 -1.976034
-0.494950 0.322599 -2.054992
-0.488682 0.311785 -2.240299
-0.489374 0.272156 -1.990094
