-0.429064 -0.468365 -2.111521
-0.406433 0.051353 -3.262626
-0.432300 -0.456131 -2.320815
-0.444008 -0.460134 -2.262054
-0.452911 -0.420770 -1.594608
-0.368263 -0.403203 -1.547374
-0.449523 -0.410625 -2.369194
-0.465925 -0.043666 -4.390608
-0.399276 -0.379307 -1.487017
-0.478816 0.176646 -3.392272
-0.445235 -0.475732 -2.224324
-0.446183 -0.456330 -2.233659
-0.466630 -0.047508 -4.393055
-0.448315 -0.468275 -2.191218
-0.457129 -0.473592 8.873114
-0.497004 -0.065775 7.393593
-0.380175 0.104365 -3.165998
-0.445866 -0.460068 -2.222444
-0.444160 -0.453759 -2.216592
-0.488419 0.277060 4.013173
-0.463346 -0.464313 -1.843367
-0.445706 -0.420720 -1.898303
-0.445038 -0.467530 -2.367827
-0.444016 -0.457974 -2.187678
-0.422353 -0.466052 -2.433737
-0.438971 -0.468405 -2.048621
-0.453166 -0.462673 -2.282506
-0.438284 -0.451787 -2.216281
-0.438932 -0.452138 -2.075398
-0.463770 -0.026415 -4.327339
-0.443317 0.443431 -3.944022
-0.431626 -0.464504 -2.097970
-0.430606 -0.471965 -2.200548
-0.451833 -0.454274 -2.311849
-0.447898 0.145569 -2.931299
-0.446431 -0.441530 -1.549357
-0.407942 -0.430751 -1.856155
-0.441494 -0.463223 -2.109185
-0.450953 -0.461935 -2.155112
-0.353235 -0.376279 -1.118951
-0.449277 -0.452424 -2.388681
-0.438857 -0.459906 -2.008022
-0.449804 -0.454096 -2.390492
-0.482105 -0.046267 7.676469
-0.447745 -0.456540 -2.188456
-0.430593 -0.436005 -1.638699
-0.476301 0.316761 3.806532
-0.444936 -0.457290 -2.348551
-0.445132 -0.494264 8.300477
-0.452533 -0.495759 8.406368
-0.431135 -0.457043 -2.195890
-0.449572 -0.493722 8.309232
-0.458872 -0.463441 -2.351204
-0.440503 -0.446508 -2.016174
-0.432117 -0.472851 -2.070128
-0.431027 -0.472183 -2.116333
-0.445898 -0.491134 8.375886
-0.448912 -0.445609 -2.044627
-0.468671 -0.035943 -4.281296
-0.429530 -0.465071 -2.260047
-0.447338 -0.457144 -2.468904
-0.425436 -0.451308 -2.096617
-0.453143 -0.474551 8.955651
-0.432722 -0.477087 8.706227
-0.418731 -0.443082 -1.814072
-0.438422 -0.474932 -2.274348
-0.484331 -0.460050 -2.306984
-0.446639 -0.461689 -2.237324
-0.379746 -0.397343 -1.544478
-0.443522 -0.463975 -2.318235
-0.436188 -0.470886 -2.758278
-0.447459 -0.494120 8.696179
-0.429512 -0.455894 -2.121973
-0.447589 -0.452598 -1.912520
-0.442883 -0.465132 -1.980583
-0.442040 -0.467087 -2.591094
-0.444185 -0.472445 -2.138043
-0.495165 0.146648 -2.593544
-0.428227 -0.460325 -2.205699
-0.423743 -0.461331 -2.319258
-0.442343 -0.457849 -2.523148
-0.425670 -0.452320 -2.099871
-0.459823 -0.465364 -2.178117
-0.426922 0.066951 -2.838986
-0.454173 -0.458848 -2.459389
-0.450198 -0.475974 -2.425166
-0.366956 -0.430740 -1.730533
-0.447459 -0.454355 -2.257586
-0.428753 -0.432038 -2.209541
-0.446177 -0.448617 -1.972928
-0.359002 -0.416319 -1.976006
-0.402015 -0.431796 -1.370077
-0.440712 -0.486386 8.405911
-0.435641 -0.459435 -2.293101
-0.497984 -0.174433 -2.357884
-0.414518 -0.424450 -1.797026
-0.376077 -0.376307 -1.216690
-0.441407 -0.453208 -2.246321
-0.441442 -0.462978 -2.522849
-0.460463 0.052828 -3.294402
-0.484221 -0.065444 7.783896
-0.435077 -0.461240 -2.209143
-0.434797 -0.494630 8.493247
-0.391429 0.085640 -2.982955
-0.429053 -0.477842 8.600255
-0.446114 -0.453226 -1.955326
-0.430553 -0.461819 -2.182576
-0.380163 -0.387169 -1.278099
-0.434488 -0.491996 8.282917
-0.365968 -0.359415 -1.331700
-0.447619 -0.450628 -2.105538
-0.427510 -0.456036 -2.137563
-0.443201 -0.454570 -2.216113
-0.441179 -0.489074 8.416144
-0.433176 -0.474937 -2.385586
-0.449831 -0.453128 -2.107760
-0.444217 -0.461054 -2.110296
-0.442092 -0.463347 -2.375512
-0.430623 -0.469123 -2.196984
-0.440817 -0.464800 -2.306279
-0.440846 -0.464643 -2.561580
-0.427175 -0.452024 -2.315841
-0.388072 -0.415442 -1.726998
-0.474769 -0.053468 7.257573
-0.443037 -0.455850 -2.026470
-0.450679 -0.460236 -2.458132
-0.441169 -0.417121 -1.747770
-0.482989 0.397092 -5.283230
-0.437295 -0.450838 -1.579793
-0.478813 -0.047010 7.568870
-0.492415 0.356821 4.371625
-0.411859 -0.404090 -1.811364
-0.426884 -0.363237 -1.418509
-0.480353 -0.014435 7.703208
-0.442490 -0.453617 -2.228973
-0.426345 -0.460935 -2.371354
-0.495474 -0.051747 7.425317
-0.429404 -0.466322 -2.394837
-0.444735 -0.462454 -2.350140
-0.429404 -0.440128 -1.478400
-0.497205 0.329592 2.572683
-0.437986 -0.489040 -2.057718
-0.399750 -0.443924 -1.410146
-0.457654 -0.210567 -2.096785
-0.380261 -0.369441 -1.437526
-0.490389 -0.054238 7.358368
-0.377219 -0.431504 -1.643798
-0.440723 -0.457452 -2.341625
-0.366470 -0.429893 -1.816888
-0.442269 -0.466087 -2.214397
-0.448090 -0.456440 -2.375760
-0.488523 -0.073786 7.495131
-0.432915 -0.453520 -2.312395
-0.445905 -0.459294 -2.105827
-0.426312 -0.472332 -2.131845
-0.435163 -0.461881 -1.999655
-0.429124 -0.453934 -2.338324
-0.411421 0.469440 -3.890110
-0.462286 -0.148463 -3.035030
-0.454034 -0.478617 -2.147022
-0.439269 -0.464405 -2.198863
-0.427918 -0.493839 8.557614
-0.441935 -0.463506 -2.259064
-0.447166 -0.465236 -2.291150
-0.348078 -0.419533 -1.776280
-0.425523 -0.466974 -2.211634
-0.430733 -0.473869 -2.285884
-0.493222 0.309386 3.620744
-0.459898 -0.472771 -2.122709
-0.434998 -0.451577 -1.947055
-0.410740 -0.462694 -2.236492
-0.473564 -0.095307 7.652880
-0.420200 -0.453917 -1.700511
-0.449061 -0.458643 -2.182012
-0.471149 -0.213538 -2.030199
-0.434387 -0.456762 -2.108067
-0.458867 -0.469657 -2.443726
-0.444514 -0.477881 -2.174932
-0.444667 -0.462385 -2.111992
-0.446066 -0.469014 -2.203590
-0.368030 0.134940 -3.281540
-0.433411 -0.468594 -2.238235
-0.361611 -0.376438 -1.269403
-0.450196 -0.463177 -2.301737
-0.454532 -0.484012 -2.147526
-0.426700 -0.462011 -2.284762
-0.441897 -0.478225 8.826906
-0.433162 -0.490182 8.755632
-0.409850 0.068035 -2.823676
-0.443546 -0.456510 -2.197099
-0.409555 -0.472051 -1.832049
-0.388543 -0.334748 -1.393027
-0.427088 -0.450490 -2.327112
-0.454094 0.011485 -4.526726
-0.443161 -0.458249 -2.382182
-0.439568 -0.491525 8.395881
-0.489737 0.075019 6.962366
-0.422548 -0.462411 -2.211926
-0.445208 -0.470815 8.680435
-0.437517 -0.467029 -2.320885
-0.436276 -0.457808 -2.254092
-0.450926 -0.460350 -2.220544
-0.445826 -0.490102 8.444257
-0.448663 -0.471880 -2.313234
-0.439315 -0.466062 -2.074947
-0.452829 -0.455541 -2.201953
0.161483 -0.318341 -0.666413
-0.405776 -0.464357 -1.672656
-0.444106 -0.450480 -2.360052
-0.440638 -0.459945 -2.109215
-0.441748 -0.453800 -2.213328
-0.429088 -0.466023 -2.331185
-0.485335 -0.034686 7.433816
-0.431161 -0.462786 -2.104099
-0.442402 -0.463967 -2.333465
-0.408852 0.066099 -3.145081
-0.449090 -0.455251 -2.122587
-0.440686 -0.451845 -2.242485
-0.370506 -0.399310 -1.962879
-0.423039 -0.472498 -2.483236
-0.434072 -0.463337 -2.266702
-0.434352 -0.470168 -2.222339
-0.421052 -0.451698 -2.126884
-0.426868 -0.464931 -2.275151
-0.472385 -0.048219 7.559833
-0.423563 -0.445315 -1.798871
-0.444375 0.022874 -4.579620
-0.428666 -0.452027 -2.317294
-0.479139 -0.006292 7.515949
-0.459494 -0.475953 -2.032759
-0.441522 -0.449747 -2.072936
-0.426714 -0.474875 -2.359380
-0.443012 -0.451708 -2.149332
-0.454200 -0.453328 -1.941108
-0.433645 -0.472715 8.869194
-0.450409 -0.456708 -2.249863
-0.448306 -0.462825 -2.543421
-0.455597 -0.462399 -2.595365
-0.437215 -0.441841 -1.732485
-0.452232 -0.462753 -2.030321
-0.497655 -0.014381 -4.360438
-0.451725 -0.456483 -2.202005
-0.454340 0.046708 -3.638215
-0.441241 -0.486662 -2.275153
0.066230 0.298745 -0.111979
-0.454728 -0.460551 -2.204145
-0.494219 -0.418958 4.629696
-0.490027 -0.040046 7.635168
-0.423292 -0.456551 -1.890345
-0.450249 -0.459134 -2.143374
-0.443343 -0.461331 -2.405413
-0.452236 -0.459889 -2.424096
-0.468608 -0.446561 -2.235719
-0.425505 -0.454856 -1.800114
-0.369352 -0.413725 -2.009668
-0.442181 -0.456457 -1.903201
-0.422928 -0.459701 -1.973483
-0.428799 -0.458785 -2.246504
-0.373593 -0.448139 -1.777962
-0.443192 -0.453411 -2.034497
-0.330790 -0.368380 -1.165200
-0.424281 -0.455251 -2.306226
-0.423563 -0.460323 -1.972829
-0.436352 -0.416590 -2.416922
-0.437340 -0.456336 -2.160975
-0.460490 -0.451690 -2.120806
-0.491461 0.190825 6.570544
-0.437735 -0.495098 8.583553
-0.438322 -0.458318 -1.958917
-0.420065 -0.470146 -2.164947
-0.443357 -0.466225 -2.389282
-0.483526 0.298922 3.789463
-0.424779 -0.453287 -2.240073
-0.430415 -0.461206 -2.051731
-0.448417 -0.464731 -2.148567
-0.469605 -0.051393 -4.322770
-0.458547 -0.461383 -2.226753
-0.480148 0.064379 -3.437795
-0.438511 -0.460579 -2.266101
-0.381599 -0.416455 -1.569841
-0.456873 -0.468649 -2.113689
-0.363974 -0.429675 -1.725270
-0.436683 -0.440335 -1.648486
-0.463736 -0.464285 -2.097399
-0.350925 -0.421115 -1.698339
-0.467065 -0.040710 -4.506181
-0.457843 -0.461507 -2.297730
-0.433375 -0.440958 -1.716235
-0.451611 -0.454891 -2.099335
-0.497330 -0.045763 -4.277442
-0.419467 -0.463806 -2.188992
-0.427464 -0.491416 8.362528
-0.487785 -0.038826 7.620410
-0.342979 -0.380471 -1.271139
-0.446098 -0.468298 -2.558343
-0.461151 -0.359833 -1.313932
-0.432598 -0.400982 -2.310314
-0.461588 -0.044190 -4.186169
-0.434380 -0.444735 -1.801183
-0.456478 0.050401 -4.452386
-0.419011 -0.359894 -1.554600
-0.462754 -0.457071 -2.133586
-0.438842 -0.473497 -2.283983
-0.441806 -0.490954 8.768811
-0.481330 -0.465731 -2.412694
-0.427264 -0.474707 -2.294171
-0.452612 -0.467686 -2.406007
-0.430394 -0.489094 8.449044
-0.495486 0.024196 -4.122151
-0.435994 -0.459925 -2.280385
-0.452908 -0.460931 -2.304835
-0.382751 -0.419880 -1.555727
-0.463887 -0.055249 -4.455003
-0.434801 -0.448680 -2.049221
-0.454293 -0.458801 -2.051919
-0.415513 -0.257136 -0.894786
-0.428544 -0.467428 -2.167626
-0.382389 -0.363756 -1.632192
-0.442871 -0.489774 8.739142
-0.447861 -0.460506 -2.575893
-0.423830 -0.467501 -2.242220
-0.457929 -0.451006 -2.020030
-0.457965 -0.497451 8.240927
-0.413445 0.043636 -3.701693
-0.440939 -0.468860 -2.645434
-0.459409 -0.444639 -1.923824
-0.380951 -0.440572 -1.324171
-0.477555 0.278270 4.002255
-0.450356 -0.471617 -2.529493
-0.441536 -0.448853 -1.903496
-0.448181 -0.482883 -2.356837
-0.444568 -0.464686 -2.205206
-0.461937 -0.011665 -4.311125
-0.424632 -0.494829 8.491537
-0.466151 -0.031121 -4.395089
-0.433490 -0.486165 -2.388968
-0.377804 -0.415207 -1.646483
-0.458653 0.296406 3.507269
-0.365391 -0.419787 -1.687807
-0.437504 -0.452169 -2.334576
-0.434553 -0.455301 -2.271278
-0.440598 -0.429506 -1.840896
-0.450997 -0.454190 -2.359277
-0.443974 -0.468290 -2.226397
-0.448257 -0.455974 -2.224573
-0.486602 -0.458158 -1.677020
-0.434398 -0.448211 -1.937664
-0.354825 -0.415598 -1.646189
-0.405044 -0.452622 -1.584749
-0.429299 -0.405161 -1.853384
-0.470882 -0.461510 -2.052742
-0.457672 -0.452856 -1.931138
-0.446235 -0.456168 -2.331304
-0.419677 -0.471372 -2.727904
-0.347288 -0.379576 -1.316752
-0.430460 -0.460643 -2.292887
-0.452597 -0.443136 -1.712248
-0.379285 -0.390855 -1.365916
-0.495842 0.139672 -3.560144
-0.415889 -0.453755 -1.839342
-0.450360 -0.459843 -2.234198
-0.441309 -0.460952 -2.315296
-0.439532 -0.427430 -2.210205
-0.448164 -0.459455 -2.080928
-0.437180 -0.466867 -2.151784
-0.402366 -0.230088 -0.586402
-0.450439 -0.465388 -2.315093
-0.437951 -0.446319 -1.571875
-0.434068 -0.447956 -2.160130
-0.449900 -0.469978 -2.332138
-0.442945 -0.457508 -2.187960
-0.385523 -0.318013 -1.183810
-0.425222 -0.442302 -1.652685
-0.446260 -0.425715 -1.977835
-0.424097 -0.465521 -2.157321
-0.449959 -0.440871 -1.632672
-0.442735 -0.456773 -2.172835
-0.446615 -0.470462 -2.316670
-0.445986 -0.470366 -2.269308
-0.352937 -0.413638 -1.812387
-0.435820 -0.474417 -2.210699
-0.378081 -0.402014 -1.837890
-0.374764 -0.422303 -1.737261
-0.419299 -0.370544 -1.549148
-0.428403 -0.460362 -2.055113
-0.435182 -0.484652 -2.129456
-0.425530 -0.461244 -2.156036
-0.427145 -0.464867 -2.119248
-0.441473 -0.496724 8.318241
-0.453984 -0.465698 -2.468113
-0.439429 -0.460331 -2.408143
-0.361426 -0.420779 -1.775657
-0.431337 -0.453715 -2.116600
-0.443702 -0.403773 -2.047386
-0.448077 0.038929 -4.283072
-0.458970 -0.463643 -2.324774
-0.447162 -0.464423 -2.324692
-0.498131 -0.172284 5.680507
-0.444906 -0.469216 -2.290780
-0.437630 -0.209632 -1.384786
