0.199143 -0.465359 -6.281401
0.229462 -0.495035 6.202431
0.265711 -0.466185 5.776711
-0.173854 0.072800 -0.132276
0.196607 -0.490896 0.178969
0.229657 -0.499474 0.275271
-0.008280 -0.466602 -5.121276
-0.400973 0.334231 3.505327
0.225072 -0.459715 5.990268
0.239549 -0.463754 6.152553
0.278533 -0.432110 5.230116
0.261868 -0.439066 5.388122
0.264128 -0.449189 5.821270
0.249511 -0.476405 5.854070
-0.032014 -0.489819 -5.025543
0.247944 -0.491478 0.284601
0.273454 -0.468776 5.885870
0.252880 -0.455309 5.999442
0.256796 -0.485244 0.259381
0.228881 -0.495938 5.957349
-0.021589 -0.495991 11.502364
0.215137 -0.497949 6.092183
0.237726 -0.427714 5.147777
0.211626 -0.465020 6.179982
0.235835 -0.497973 6.131359
0.218467 -0.499853 0.047283
0.257879 -0.450791 5.870284
0.232665 -0.467083 5.937893
0.147813 -0.477898 11.649997
0.208591 -0.461055 6.103541
0.260590 -0.451267 5.644658
0.223117 -0.486518 0.093941
0.265715 -0.486163 6.032136
0.202485 -0.490535 -6.065303
0.202942 -0.497706 6.174298
0.221755 -0.495093 6.206744
0.206705 -0.465929 -6.207082
0.281677 -0.492344 6.066236
0.232154 -0.487546 6.212986
0.250611 -0.494164 5.949806
0.228298 -0.482236 5.903443
0.239831 -0.497313 12.563834
0.236000 -0.498048 0.139383
-0.361585 0.323435 3.191352
0.277096 -0.489967 0.210215
0.255969 -0.492829 6.067243
0.285096 -0.477336 6.043784
0.247507 -0.499553 0.332936
0.240970 -0.485785 5.948797
0.192383 -0.497318 0.144276
0.247849 -0.467793 6.109527
0.252341 -0.482510 0.308497
0.227070 -0.483804 12.486582
0.218137 -0.495648 6.251969
0.249820 -0.457201 -6.227141
0.223770 -0.492753 0.274296
0.211756 -0.495800 6.159046
0.212546 -0.499164 0.249590
0.239104 -0.497053 6.170866
0.298681 -0.473350 5.690848
0.243153 -0.479374 6.232798
-0.469381 -0.112458 1.710874
0.217125 -0.499378 6.137284
0.231985 -0.473096 5.972051
0.251089 -0.466136 5.954502
0.253607 -0.405443 5.907765
0.242321 -0.493323 6.060061
0.266425 -0.440842 5.452927
0.217764 -0.464226 6.279477
0.305349 -0.496560 0.642455
0.215609 -0.485047 0.111712
0.223634 -0.467676 6.112675
0.196953 -0.485220 -6.133923
0.251225 -0.485044 0.024230
0.219851 -0.474891 0.062910
0.269089 -0.460301 5.579208
0.226755 -0.473972 5.997854
0.233948 -0.499495 6.134000
0.244091 -0.435569 5.646796
0.227873 -0.477506 0.197178
0.221300 -0.469862 6.036342
0.227753 -0.478856 0.136819
0.227610 -0.487442 0.224836
0.218785 -0.498649 6.089799
0.215415 -0.472646 -6.108133
0.198370 -0.499472 0.065339
0.244485 -0.474711 5.898896
0.238638 -0.438102 5.258640
0.212802 -0.477265 -6.166343
0.267565 -0.433041 5.363799
0.244757 -0.468223 6.111853
0.249481 -0.498935 12.498743
0.227708 -0.492004 6.262186
0.240718 -0.492214 0.112500
-0.315241 -0.106958 -4.874779
0.249348 -0.482966 6.154499
0.218091 -0.497176 0.012267
0.191545 -0.478221 6.154992
0.228321 -0.466982 5.976128
0.240372 -0.464964 6.072690
0.182585 -0.471843 -6.185540
0.248994 -0.455305 5.874751
0.158944 -0.476306 12.026275
0.206146 -0.481995 12.565360
0.243606 -0.479224 5.885794
0.255935 -0.475410 6.151530
0.197950 -0.495209 12.447985
0.249232 -0.461935 6.079513
0.244556 -0.485599 5.856388
0.251782 -0.481547 6.056678
0.236916 -0.482986 6.258757
0.184247 -0.465465 -6.228100
0.266754 -0.473886 5.657590
-0.469971 -0.185675 1.863419
0.283595 -0.451652 5.672355
0.241196 -0.489349 0.114807
0.192817 -0.497519 6.238944
0.304680 -0.499644 0.439041
0.270568 -0.439484 5.630135
0.269474 -0.463613 5.825985
0.257532 -0.445548 5.481894
0.203084 -0.465014 6.212867
-0.176990 0.086931 -0.254087
0.237671 -0.479536 6.158140
0.235659 -0.488584 0.089312
0.231342 -0.485566 5.848847
0.239126 -0.451486 6.074668
0.232728 -0.477340 0.062897
0.197748 -0.473486 6.225498
0.238236 -0.475229 6.109603
0.251996 -0.456913 6.132606
0.234377 -0.493679 0.198377
0.263556 -0.413445 5.501350
0.211626 -0.460264 6.175671
0.234700 -0.499534 6.116898
0.256391 -0.482095 5.760321
0.228707 -0.487137 6.141402
0.251311 -0.423783 5.598135
0.217762 -0.484062 12.558409
0.248302 -0.472110 6.068749
-0.309038 -0.112449 -4.976931
0.236107 -0.496775 5.914637
0.235393 -0.489405 -6.228035
0.244199 -0.491286 6.189282
0.239029 -0.435199 5.262851
0.205170 -0.499053 0.001740
0.193667 -0.478986 0.111132
0.193198 -0.459923 6.257112
0.239584 -0.479927 0.254515
0.206077 -0.494422 0.160700
0.258166 -0.458961 5.671513
0.239829 -0.442340 5.621499
0.231520 -0.499846 6.069753
0.261069 -0.489960 6.208288
0.232947 -0.455551 5.912003
0.242063 -0.467112 6.175003
0.218734 -0.491523 6.262148
0.232432 -0.489348 6.109775
0.268003 -0.433524 5.457845
0.234127 -0.490323 0.132818
0.245906 -0.454499 5.945173
0.249471 -0.475714 -6.222028
0.215571 -0.483996 5.850763
0.214001 -0.490929 0.333727
0.252923 -0.499770 6.114635
0.256244 -0.487874 6.200153
0.203106 -0.498914 6.012807
0.231505 -0.488317 0.097441
0.237854 -0.439197 5.674228
0.241028 -0.495269 6.003263
0.261847 -0.483073 6.100840
0.225023 -0.479213 -6.236628
0.246294 -0.492132 0.341204
0.299347 -0.478781 5.821108
0.218784 -0.466037 6.014726
-0.469126 -0.205829 1.689137
0.229312 -0.484344 6.048520
0.241482 -0.483407 6.255732
0.263860 -0.496005 0.172338
0.245513 -0.467759 6.243243
0.233507 -0.486751 0.054435
0.216686 -0.499907 6.204580
0.225546 -0.481978 6.027574
0.273495 -0.470875 5.846905
0.230446 -0.489073 0.160713
0.242510 -0.477181 -6.248956
0.161209 -0.462177 -6.118884
0.214134 -0.490103 0.162115
0.249491 -0.487564 0.199848
0.235480 -0.490522 6.128529
0.192110 -0.498922 0.078390
0.229598 -0.478786 12.530892
0.233844 -0.491979 6.163511
0.231344 -0.477428 6.196947
-0.315605 -0.120419 -5.174440
0.237550 -0.457620 6.120638
0.230883 -0.482747 6.244215
0.266107 -0.483548 0.095651
0.265133 -0.478100 5.858917
0.250222 -0.481196 6.086863
0.264723 -0.495623 0.042046
0.249405 -0.451856 5.797134
0.213750 -0.497410 0.312088
0.239558 -0.498682 6.130723
0.242957 -0.465339 6.095872
0.235620 -0.495851 0.153557
0.268094 -0.491308 6.158555
-0.496507 -0.164521 1.903993
0.251168 -0.425400 5.416868
0.241031 -0.492260 5.841650
0.257368 -0.447541 5.860593
0.237037 -0.476788 0.098279
0.267847 -0.464884 5.613725
0.269415 -0.478883 5.976443
0.260934 -0.485830 6.043865
0.280093 -0.453043 5.500001
0.231216 -0.486010 0.148776
0.234841 -0.473339 6.068645
0.159275 -0.467312 -5.470903
0.233596 -0.428247 5.499626
0.254155 -0.473983 6.142071
0.246024 -0.431092 5.362910
0.270489 -0.447090 5.170755
0.246589 -0.458251 6.181403
0.230871 -0.492778 0.069670
0.220612 -0.495115 0.030525
0.218445 -0.468376 6.185366
0.253789 -0.483737 -6.189264
0.209028 -0.498358 5.982056
0.206301 -0.473329 -6.275713
0.220829 -0.488250 6.110261
0.264076 -0.420745 5.423506
0.228063 -0.496347 6.188272
0.229027 -0.498983 6.162543
0.236628 -0.492363 6.132225
0.223165 -0.498906 -6.170057
0.215756 -0.495839 -6.268066
0.223923 -0.471843 6.075199
0.267482 -0.462885 -6.249175
0.221613 -0.491661 0.240306
0.243086 -0.497978 0.082069
0.270313 -0.467258 6.118592
0.208147 -0.458407 5.886475
0.006050 -0.483275 -5.221109
0.200342 -0.482266 12.544361
0.244416 -0.493698 6.192058
0.209267 -0.494775 0.307931
0.271044 -0.484851 6.225771
0.221145 -0.487063 6.229170
0.226023 -0.471737 6.071667
0.256796 -0.482586 6.092076
0.252068 -0.495465 5.925318
0.224327 -0.464553 6.193663
0.232455 -0.452003 5.913565
0.269784 -0.478204 6.108660
0.217038 -0.491041 0.228874
0.173028 -0.489152 6.205143
0.284310 -0.489315 6.032888
0.242489 -0.458690 -6.183278
0.233173 -0.489292 -6.242050
0.215669 -0.495442 6.251845
0.268652 -0.469207 6.052284
0.255878 -0.458514 6.145174
0.258896 -0.467398 6.030167
0.243403 -0.449828 6.237453
0.265807 -0.435733 5.500883
0.239541 -0.487659 5.969421
0.233318 -0.485197 0.152210
0.213016 -0.488813 -6.249048
0.241726 -0.490838 6.011709
0.237862 -0.483391 0.221166
0.240839 -0.495826 0.140941
-0.345910 0.295329 3.221086
0.250477 -0.470180 6.072219
0.210130 -0.489307 12.454823
0.213889 -0.485821 12.365946
0.244118 -0.484392 6.143384
0.224324 -0.482143 6.064878
0.246489 -0.488106 -6.280228
0.216054 -0.475342 5.958099
0.256787 -0.460083 5.941719
0.250007 -0.473861 5.979116
0.258351 -0.492555 5.914316
0.213298 -0.488583 -6.237649
0.253020 -0.457323 6.027265
0.257439 -0.458112 5.918856
0.242736 -0.453157 6.120063
0.213259 -0.479157 12.558397
0.197092 -0.469611 5.903339
0.153594 -0.482308 12.069151
0.250603 -0.434810 5.310612
0.248499 -0.489992 6.038931
0.211507 -0.480292 6.061695
0.252326 -0.443516 5.606353
0.210565 -0.468343 -6.239858
0.229692 -0.452361 5.741659
0.208212 -0.488281 6.247270
0.276974 -0.485132 0.080913
0.221735 -0.490104 12.503916
-0.353366 0.288353 3.468426
0.205939 -0.496102 6.252489
0.223362 -0.496621 12.502824
-0.315343 0.328983 3.550583
0.247652 -0.495600 0.256173
0.269382 -0.498889 0.266591
0.244166 -0.459956 6.272245
0.211621 -0.460150 -6.142689
0.232745 -0.491945 -6.251624
0.257191 -0.423411 5.589960
0.250028 -0.469129 6.142369
0.262882 -0.470770 6.027620
0.206224 -0.498089 -6.251228
0.237210 -0.497905 0.408731
-0.170191 0.073876 -0.457338
0.245351 -0.487047 5.976535
0.275749 -0.434858 5.330755
0.184551 -0.488352 6.070586
0.244444 -0.466816 6.111473
0.256062 -0.433706 5.594644
0.216770 -0.475313 12.436555
0.224917 -0.473294 6.268629
0.266667 -0.419667 5.496870
-0.309994 -0.126819 -5.150015
0.250720 -0.470663 6.058156
0.216942 -0.470251 -6.182809
0.206996 -0.476591 6.011891
0.225065 -0.488342 0.030820
0.226140 -0.466576 6.165335
0.238653 -0.488063 6.106960
0.290864 -0.478421 5.814546
0.220289 -0.488917 0.094591
0.245051 -0.487090 6.046808
0.244097 -0.497413 6.009084
0.214367 -0.472197 -6.266030
0.228695 -0.472067 6.236525
0.255574 -0.483070 5.834427
0.213526 -0.463132 6.254941
0.173929 -0.462093 6.102633
0.204250 -0.497656 0.237187
0.238482 -0.486525 0.325311
0.206210 -0.493031 12.512928
0.231975 -0.488959 0.429354
0.224431 -0.499142 0.487554
0.219779 -0.494428 0.113172
0.264287 -0.432510 5.223224
0.252781 -0.449080 5.700057
0.256260 -0.494423 6.041997
0.231606 -0.495043 5.813524
0.205895 -0.482602 0.259664
0.160473 -0.494485 11.986944
0.177929 -0.481906 12.372691
0.201523 -0.494795 0.248808
0.273170 -0.446015 5.594741
0.249210 -0.469419 6.034314
0.227116 -0.495115 0.312168
0.236570 -0.484073 6.012721
0.240587 -0.481307 6.241513
0.261371 -0.412352 5.486280
0.245886 -0.454278 5.871947
0.302076 -0.489169 5.787293
0.232214 -0.483390 6.115254
0.267996 -0.420425 5.433764
0.258848 -0.401845 5.672722
0.218574 -0.484191 0.076266
0.228331 -0.380826 5.497375
0.269797 -0.489486 6.186680
0.264673 -0.467292 6.078976
0.235033 -0.494495 5.934517
0.235321 -0.497167 6.104043
0.221771 -0.445172 5.658640
0.169262 -0.481638 6.139340
0.247664 -0.479729 6.091078
0.233611 -0.494085 6.014094
0.243815 -0.472135 6.226546
0.254931 -0.458400 5.822593
0.245836 -0.478716 6.129642
0.243534 -0.470853 6.015853
0.232269 -0.470500 6.099615
0.230784 -0.466469 5.884096
0.200362 -0.493648 -6.259287
0.242559 -0.477757 6.156728
-0.317797 0.391661 3.546405
0.217097 -0.499873 0.325184
0.216566 -0.480683 6.249042
0.216164 -0.492652 -6.258812
0.216218 -0.496498 0.158767
0.260614 -0.491992 0.163432
0.228683 -0.452901 5.952859
0.209450 -0.495757 12.286689
0.256152 -0.488081 0.011176
0.244260 -0.485678 0.322631
0.275364 -0.435142 5.408148
0.233025 -0.495967 6.192950
-0.313451 -0.117569 -5.090501
0.236321 -0.473677 -6.178661
0.248326 -0.427941 5.214805
0.242039 -0.481934 -6.269499
0.215870 -0.499730 0.292596
0.272367 -0.474748 5.932125
0.206955 -0.487214 6.275024
