-0.256174 -0.392509 2.555060
-0.218623 -0.424000 2.836245
-0.312512 -0.447612 2.683970
-0.284946 0.375872 2.256475
-0.263181 -0.419240 2.857390
-0.130405 -0.361501 2.267009
-0.469447 0.313805 -3.984798
-0.461720 -0.333916 -3.985910
-0.140117 -0.402509 2.141754
-0.276209 -0.389337 2.912995
-0.234762 -0.419217 2.512768
-0.274694 -0.418057 2.570334
-0.263117 -0.476078 2.859468
-0.207821 -0.408773 2.600709
0.087366 -0.499625 5.027086
-0.214691 -0.417181 2.652386
-0.284652 -0.387843 2.472272
-0.136082 -0.433063 2.906147
-0.217558 -0.442749 2.689683
-0.247670 -0.411216 2.632517
-0.202255 -0.415216 2.897035
-0.254199 -0.480266 3.078159
-0.222514 -0.398185 2.482665
-0.233255 -0.428655 2.830677
-0.146124 -0.400528 2.583233
-0.243589 -0.407946 3.089906
-0.297042 -0.418776 2.737406
-0.277357 -0.425297 2.555271
-0.221882 -0.448892 2.862389
-0.215937 -0.474498 3.055322
-0.229509 -0.420987 2.792871
-0.255491 -0.416847 2.714241
-0.293168 -0.433476 2.726752
-0.459347 -0.478222 11.677110
-0.224497 -0.419316 2.834117
0.121490 -0.498776 1.118497
-0.274507 -0.428590 2.735370
-0.222645 -0.439734 2.868637
-0.182676 -0.429588 3.004657
-0.246444 -0.397104 2.802926
-0.122510 -0.423570 3.552405
-0.246649 -0.401211 2.749658
-0.190200 -0.444579 2.765317
-0.484637 0.329505 7.180578
-0.215415 -0.439382 3.117536
-0.484850 -0.304183 -4.318224
-0.223196 -0.416654 2.768388
-0.209142 -0.449656 2.976858
-0.227159 -0.448534 2.643226
-0.225372 -0.480196 2.737781
-0.199632 -0.408733 2.481264
-0.261366 -0.447754 2.968833
0.126483 -0.484928 1.413738
-0.210901 -0.412008 2.636430
-0.476317 -0.313219 -4.305386
-0.203034 -0.416827 2.933138
-0.258526 -0.438054 2.703607
-0.226277 -0.433116 2.861397
-0.255271 -0.416315 2.880985
0.119236 -0.477840 4.987603
-0.114481 -0.415847 3.142368
-0.491851 -0.321172 -4.326091
-0.242078 -0.403603 2.617070
-0.183443 -0.429157 2.854947
0.099551 -0.478913 1.425296
0.115205 -0.488438 4.971555
0.126784 -0.494790 4.939073
-0.233306 -0.422161 2.572570
-0.224529 -0.425901 3.026578
-0.282445 -0.406358 2.793634
-0.140296 -0.442399 2.963743
-0.250793 -0.426361 2.734121
-0.239383 -0.416868 2.855856
-0.206428 -0.447680 2.832979
-0.264097 -0.413218 2.670299
-0.262694 -0.492455 2.872540
-0.241184 -0.484649 2.906562
-0.102573 -0.419715 3.577586
-0.250319 -0.395844 2.806487
-0.275720 -0.429121 2.997899
-0.237915 -0.434888 2.782296
-0.220950 -0.409341 2.988834
-0.229578 -0.416703 2.677195
-0.235031 -0.413669 2.858622
-0.225577 -0.416417 2.747476
-0.259847 -0.421351 2.764055
-0.477410 -0.453571 -5.774538
-0.274620 -0.437232 2.836443
0.096345 -0.486812 1.393556
-0.276363 -0.401259 2.557466
-0.267074 -0.434531 2.702604
-0.220951 -0.432787 2.741441
-0.256104 -0.427178 2.756304
-0.258334 -0.419028 2.755052
-0.489182 -0.450877 -5.551140
-0.473884 -0.351694 -4.333444
-0.199757 -0.450456 2.677387
-0.176431 -0.434620 2.851896
-0.278665 -0.407449 2.822119
-0.209532 -0.412489 2.725248
-0.219455 -0.441060 2.903698
0.118029 -0.484191 1.016428
-0.156785 -0.437401 2.751299
-0.222327 -0.448635 2.506680
-0.224380 -0.468258 2.589975
0.053043 -0.497933 5.821026
-0.207150 -0.489889 2.772990
-0.219185 -0.484109 2.847675
-0.248488 -0.419632 2.993351
-0.209865 -0.486483 2.976717
-0.213004 -0.444619 2.672868
-0.213496 -0.427413 2.862012
-0.131347 -0.430877 2.940928
-0.426599 0.338177 -4.051143
-0.041424 -0.483125 1.962116
-0.496612 -0.462505 8.533432
-0.235947 -0.427613 2.724387
-0.254140 -0.419493 2.821253
-0.225389 -0.486193 3.102673
-0.256993 -0.403049 2.612835
-0.223637 -0.414184 2.601927
-0.104146 -0.409971 3.434387
-0.268584 -0.427866 2.782361
-0.261564 -0.403168 2.902469
-0.224118 -0.395610 2.848658
-0.243283 -0.424727 2.731570
-0.254486 -0.437150 2.651840
-0.292062 -0.408849 2.554175
-0.171529 -0.430926 2.749725
-0.265260 -0.419556 2.570912
-0.490781 -0.481480 11.957290
-0.238690 -0.424312 2.492583
-0.221528 -0.412929 2.960079
-0.211089 -0.447169 2.670485
-0.238468 -0.404686 2.747085
-0.203435 -0.448164 2.676449
-0.224082 -0.422977 2.692491
-0.231812 -0.413868 2.697338
-0.200438 -0.438850 2.706685
0.104872 -0.490015 1.171412
-0.485173 0.362511 7.356049
-0.119086 -0.419150 3.205507
-0.204234 -0.441913 3.022912
0.113417 -0.479326 1.038192
-0.243970 -0.413298 2.556631
-0.062652 -0.469200 3.934664
-0.206431 -0.417191 2.569408
0.110879 -0.491150 5.019659
-0.280839 -0.427500 2.611720
-0.131923 -0.407300 2.613783
0.090932 -0.499452 1.273175
-0.079464 -0.411131 3.559990
-0.285121 -0.417514 2.870548
-0.213941 -0.414998 2.668617
-0.279490 -0.408331 2.722776
-0.208715 -0.417628 2.702700
-0.221739 -0.417960 2.521206
-0.281552 -0.418954 2.566941
-0.268623 -0.394474 2.565485
-0.223761 -0.406442 2.545219
-0.263201 -0.402145 2.745471
-0.285368 -0.461729 2.755708
-0.247265 -0.400648 2.771471
-0.259248 -0.408020 2.809749
-0.455799 0.343351 -3.986934
-0.480323 -0.497768 11.432988
-0.220905 -0.424667 2.614366
-0.474173 -0.499118 11.457143
-0.182632 -0.416991 2.571513
-0.264493 -0.416508 2.587662
-0.276721 -0.396742 2.520224
-0.208092 -0.432948 2.729756
-0.285774 -0.409862 2.770155
-0.269691 -0.400758 2.786857
-0.200529 -0.412793 2.806307
-0.473915 0.328519 7.166498
-0.208820 -0.482716 2.759877
-0.221048 -0.480813 2.810312
-0.170924 -0.389027 2.742702
-0.280751 -0.415879 2.476326
-0.477671 -0.446307 -5.722649
-0.221437 -0.401891 2.905905
-0.127622 -0.466275 3.381236
-0.245090 -0.439555 2.721283
-0.213002 -0.487400 2.811777
-0.220015 -0.395074 2.767344
0.097660 -0.474755 1.183309
-0.225744 -0.422354 2.597261
-0.261472 -0.423331 2.792314
-0.151757 -0.389876 2.688352
-0.265401 -0.389439 2.563422
-0.283916 -0.426517 2.675837
-0.228591 -0.419574 2.457646
-0.221281 -0.425137 2.713876
-0.491679 -0.427069 -4.897148
-0.241904 -0.442624 2.863182
-0.021116 -0.443810 6.158301
-0.220744 -0.428447 2.531232
-0.246116 -0.413281 2.795644
-0.191568 -0.437142 2.817094
-0.220633 -0.414265 2.820810
-0.226647 -0.414238 3.011634
-0.193272 -0.422943 2.645446
-0.250071 -0.396899 2.793824
-0.279825 -0.414350 2.633976
-0.216527 -0.411698 2.825955
-0.254782 -0.393099 2.508051
-0.463518 -0.345989 -4.051883
-0.268610 -0.423956 2.782857
-0.226321 -0.434323 2.571692
-0.265312 -0.388336 2.756090
-0.258213 -0.406331 2.937178
-0.270144 -0.409084 2.585417
-0.277438 -0.410451 2.574195
-0.236295 -0.393493 2.734952
-0.237420 -0.397769 2.818191
-0.177354 -0.363841 2.487562
-0.124059 -0.465028 3.552924
-0.234030 -0.419362 2.737317
-0.157836 -0.445694 2.690576
-0.255791 -0.413276 2.598904
-0.239000 -0.414920 2.660038
-0.203690 -0.396204 2.835556
-0.233213 -0.407491 2.677106
-0.066091 -0.409135 3.930991
-0.146255 -0.455071 3.148766
-0.234655 -0.389783 2.712246
-0.150091 -0.394251 2.446672
-0.161703 -0.454179 2.842109
-0.264515 -0.445364 2.746087
-0.061713 -0.470523 5.756837
-0.207378 -0.414222 2.535960
-0.227728 -0.440885 2.819645
-0.264661 -0.441657 2.587204
-0.237255 -0.402062 2.778977
-0.224781 -0.425831 2.781148
-0.216591 -0.434594 2.561504
-0.204398 -0.419361 2.909503
-0.218510 -0.416056 2.942950
-0.278559 -0.408665 2.640130
0.121450 -0.482967 1.152729
-0.238632 -0.446299 2.711823
-0.215132 -0.403354 2.944106
-0.434477 0.375371 -4.096769
-0.238815 -0.417619 2.974444
-0.220088 -0.414995 2.621870
-0.274670 -0.430432 2.946383
-0.226821 -0.426359 3.187350
-0.260657 -0.444642 2.709695
-0.223920 -0.417564 2.853682
-0.255932 -0.435448 2.627695
-0.267104 -0.412035 2.556974
-0.113984 -0.429524 3.478604
-0.251846 -0.395201 2.642769
-0.237030 -0.399167 2.739706
-0.240090 -0.477429 2.804469
-0.215321 -0.417669 2.951983
-0.264428 -0.419441 2.591638
-0.266439 -0.475116 2.578567
-0.233163 -0.410756 2.733537
-0.208411 -0.432756 2.649678
-0.195034 -0.434566 2.847960
-0.196374 -0.401483 2.778302
-0.226339 -0.409248 2.428710
-0.261958 -0.397384 2.448805
-0.206429 -0.423279 2.709632
-0.268527 -0.398466 2.804723
-0.244309 -0.443993 2.777212
-0.056857 -0.498488 2.756158
-0.262140 -0.406198 3.005908
-0.125553 -0.466093 3.721578
-0.264094 -0.430476 2.737964
-0.487750 -0.328971 -4.116411
-0.301431 -0.434977 2.826304
-0.263794 -0.415700 2.802578
-0.258445 -0.409614 2.579564
-0.126132 -0.394037 2.650396
-0.259703 -0.402957 2.678852
-0.234940 -0.393160 2.408836
-0.203365 -0.439266 2.879043
-0.070828 -0.450174 4.703001
-0.222472 -0.409108 2.841930
-0.257195 -0.468562 2.622715
-0.230554 -0.417213 2.767412
-0.214109 -0.416525 2.729912
0.016623 -0.497333 0.915455
-0.230123 -0.406891 2.845541
-0.247891 -0.396208 2.691938
-0.320185 -0.453337 2.683038
-0.288777 -0.416030 2.806886
-0.229610 -0.477482 2.589693
-0.239368 -0.441176 2.646569
-0.244749 -0.438260 2.922563
0.113779 -0.483663 4.982778
-0.465215 -0.312319 -4.345165
-0.244313 -0.415227 2.667629
-0.209547 -0.471127 2.664682
0.104052 -0.479081 1.453287
-0.280720 -0.398713 2.861277
-0.470573 -0.327308 -4.352153
-0.152502 -0.445651 3.079954
-0.234056 -0.424381 2.730128
-0.167066 -0.415635 2.901353
-0.239394 -0.416169 2.727021
-0.193813 -0.407231 2.872861
-0.053281 -0.476025 2.351505
0.105687 -0.482673 1.044686
-0.095101 -0.396436 2.655852
-0.206391 -0.414518 2.757218
-0.460101 -0.309650 -4.361307
-0.226214 -0.409649 2.545833
-0.235431 -0.446508 2.791675
-0.229801 -0.410812 2.688334
-0.050161 -0.479187 1.388828
-0.267599 -0.407697 2.937131
-0.201137 -0.409421 3.008023
-0.219466 -0.448379 2.843421
-0.228352 -0.356701 2.968186
-0.255810 -0.403897 2.745430
-0.306096 -0.443006 2.569991
0.107894 -0.489877 1.020654
-0.480492 -0.475466 -5.850863
-0.109047 -0.429441 3.406878
-0.224518 -0.413958 2.861325
-0.266046 -0.426623 2.775658
-0.234128 -0.404976 2.581396
-0.256182 -0.399385 2.671985
-0.269555 -0.400525 2.492103
-0.262584 -0.437817 2.651022
-0.251210 -0.404553 3.075285
-0.287733 -0.412448 2.864028
-0.164345 -0.437362 2.694189
-0.253618 -0.409320 2.706431
-0.261893 -0.487145 2.758810
-0.233571 -0.400972 2.746580
0.103885 -0.488827 1.294557
0.119714 -0.471365 1.149779
-0.209103 -0.432122 2.550357
-0.066764 -0.418141 4.316078
-0.259521 -0.421379 2.739051
-0.275341 -0.425078 2.797860
-0.252841 -0.409237 2.814390
-0.162927 -0.442483 2.646129
-0.202272 -0.441741 2.837200
-0.223546 -0.411671 2.697598
-0.491035 -0.499275 11.465730
-0.213296 -0.443683 2.834485
-0.271547 -0.420122 2.959073
-0.276894 -0.447039 2.518186
-0.261663 -0.485816 2.755839
-0.259295 -0.402017 2.837608
-0.074967 -0.427654 4.287704
-0.260018 -0.426224 2.732739
-0.225768 -0.446962 2.796229
-0.273739 -0.441948 3.000861
-0.239558 -0.470491 2.837676
0.082055 -0.481485 1.006772
-0.189149 -0.418173 2.782119
-0.260563 -0.433904 2.709485
-0.297591 -0.423649 2.691399
-0.162007 -0.461883 2.820791
-0.279664 -0.411243 2.796276
-0.284320 -0.421424 2.869720
-0.167654 -0.426044 2.794079
-0.235666 -0.394777 2.631207
-0.233106 -0.442033 2.872124
-0.199860 -0.438005 2.813989
-0.219633 -0.399131 2.759852
-0.484224 -0.494291 11.728732
-0.255634 -0.423767 2.595746
-0.482761 -0.300013 -4.091524
-0.246306 -0.439007 2.580556
-0.240887 -0.426217 2.771665
-0.128032 -0.445529 2.934038
-0.231832 -0.409251 2.703073
-0.211520 -0.489002 3.443132
-0.279684 -0.439714 2.954355
-0.288198 -0.407880 2.714340
-0.266495 -0.380893 2.723826
-0.207234 -0.409127 2.711045
-0.221769 -0.430643 2.988670
-0.075824 -0.427344 4.268049
0.035394 -0.480402 5.800106
-0.210511 -0.475889 2.794364
-0.132304 -0.410604 2.457247
-0.095040 -0.433244 3.566886
-0.213278 -0.443800 2.904206
-0.249120 -0.402671 2.696167
-0.219460 -0.388044 2.920395
-0.195001 -0.431623 2.754699
-0.498535 -0.498537 -1.981173
-0.205562 -0.389819 2.620340
-0.265733 -0.423719 3.121205
-0.468461 -0.326086 -4.163170
0.112067 -0.469098 4.966755
-0.258697 -0.432666 3.146267
-0.104675 -0.413698 3.598263
-0.261336 -0.432055 2.494750
-0.222449 -0.418876 3.043265
-0.213889 -0.437863 2.647060
