-0.427885 -0.470447 4.925721
-0.494675 -0.398810 5.575993
-0.432737 0.134166 -3.676203
-0.453243 -0.168178 -5.137066
-0.455571 -0.410088 -5.582713
-0.443702 -0.230755 4.690781
-0.453089 0.066630 -4.315861
-0.410798 0.067891 -5.842662
-0.466124 -0.416266 5.410797
-0.371658 -0.495352 -6.081235
-0.461249 0.031524 -2.290427
-0.431970 -0.467921 -6.075841
-0.374819 0.466925 2.262122
-0.475316 -0.438488 4.133974
-0.485795 -0.440110 3.717631
-0.493250 -0.472217 8.877266
-0.473625 -0.477869 -4.535149
-0.472832 0.159323 -2.470746
-0.442722 -0.484911 0.798943
-0.460112 -0.252586 4.277717
-0.450447 -0.497509 -5.144494
-0.493717 -0.398234 4.715931
-0.479112 -0.408368 6.195394
-0.474335 -0.282330 6.221394
-0.416556 -0.498203 0.377782
-0.486785 -0.460298 -5.640040
-0.427972 -0.468004 3.472491
-0.464070 -0.430265 -5.115045
-0.466877 -0.242856 5.298744
-0.357322 -0.322876 2.326009
-0.440824 -0.447988 -5.157232
-0.496104 -0.447048 -1.003000
-0.445039 -0.153871 -2.132708
-0.433871 -0.399666 -5.943949
-0.480403 -0.141800 -1.687623
-0.471810 0.406214 -2.990555
-0.496883 -0.454532 -5.329654
-0.400168 -0.461679 4.851670
-0.409048 -0.494385 12.260734
-0.422245 -0.482961 0.172237
-0.458301 -0.328250 5.008511
-0.454186 -0.287530 4.698614
-0.469758 -0.419834 -5.475598
-0.494170 -0.285045 4.684311
-0.434550 -0.282240 5.523962
-0.385683 -0.469786 -5.001073
-0.384804 0.054371 -2.418053
-0.447538 -0.476143 -5.418146
-0.495129 -0.326330 -4.586565
-0.455636 -0.295880 4.680605
-0.386096 -0.495321 4.869729
-0.455081 -0.468116 6.024267
-0.466707 -0.363389 5.251988
-0.404220 -0.174390 -4.322400
-0.416031 -0.032878 -4.830638
-0.485261 -0.450961 4.601117
-0.428243 -0.396639 -4.844245
-0.493229 0.287802 -0.063495
-0.419865 0.488437 4.220046
-0.470847 -0.487109 2.609619
-0.498977 -0.484184 5.904871
-0.453311 -0.492471 11.230731
-0.416704 0.385436 3.110279
-0.464789 -0.499274 3.519038
-0.425539 -0.329327 3.360499
-0.468751 -0.402258 -4.855232
-0.455348 -0.325086 3.439715
-0.381422 -0.491280 -4.359050
-0.403981 -0.312893 3.906641
-0.482622 -0.489649 -1.551182
-0.440286 -0.421528 6.022913
-0.475627 -0.376604 -1.444822
-0.472754 -0.481162 8.276859
-0.496683 -0.440509 4.428049
-0.433497 -0.440796 5.740818
-0.392369 -0.468944 5.980740
-0.473514 -0.387419 -1.349883
-0.427922 -0.489782 5.909243
-0.454143 -0.008990 -2.167389
-0.486288 -0.433753 -4.537676
-0.496124 -0.319209 -0.549357
-0.422300 -0.249793 1.044668
-0.460334 -0.486675 0.106831
-0.429197 -0.246508 -5.107850
-0.491905 -0.412470 9.369347
-0.430453 -0.375430 5.790132
-0.465584 -0.328543 5.210456
-0.461488 -0.469795 5.125853
-0.479275 -0.275038 -2.097481
-0.473331 -0.499412 -5.940611
-0.451187 -0.365619 4.646402
-0.431533 -0.480046 -5.763727
-0.475262 -0.319803 3.176155
-0.453134 -0.398197 5.019165
-0.458356 -0.300932 4.382932
-0.325040 0.141110 -0.468462
-0.483212 -0.466242 5.267499
-0.444790 -0.397652 5.868475
-0.432180 -0.219478 -3.829139
-0.462925 -0.420125 5.174327
-0.478950 -0.357916 3.428337
-0.448047 0.053387 -4.185882
-0.485810 -0.480585 -2.040478
0.410384 -0.167602 4.989955
-0.463167 -0.269366 3.037330
-0.482973 -0.330354 3.146213
-0.425197 -0.495040 2.774620
-0.495649 -0.319415 -0.898789
-0.460825 -0.144246 -4.240771
-0.442221 -0.477929 5.889292
-0.488888 -0.111729 -1.820843
-0.386858 -0.438874 2.601224
-0.446157 -0.404482 2.653351
-0.474984 -0.498470 11.229272
-0.477850 -0.454756 5.801006
-0.365119 -0.135628 -3.489376
-0.426052 -0.338970 3.304379
-0.486905 -0.499053 10.790798
-0.465350 -0.450626 -6.224052
-0.451315 -0.499444 1.232358
-0.487340 -0.439273 4.461918
-0.474069 -0.312956 3.228973
-0.464805 -0.380253 5.665830
-0.483083 -0.426264 -2.076617
-0.398754 0.137708 -4.612105
-0.451866 -0.426481 5.663339
-0.483302 -0.380150 -6.189641
-0.490501 -0.480517 8.918505
-0.498090 -0.378137 4.845637
-0.460490 -0.289987 -5.744519
-0.420165 -0.039771 -3.777464
-0.452173 -0.438543 5.415407
-0.483471 -0.431209 5.717869
-0.465416 -0.391327 6.117628
-0.444329 -0.410916 2.797349
-0.472116 -0.421584 3.972071
-0.410154 -0.268396 3.507549
-0.495001 -0.344270 0.489352
-0.443977 -0.493063 11.283454
-0.421093 -0.479699 10.190779
-0.481014 -0.418938 -5.132945
-0.341288 -0.481717 -5.044278
-0.436774 -0.470592 -6.179850
-0.479322 -0.491685 0.245378
-0.478001 -0.408821 -5.042195
-0.459947 -0.457645 -4.289914
-0.395259 -0.433429 -6.209463
-0.498899 -0.351682 5.696221
-0.363292 -0.482552 3.143880
-0.429737 -0.125062 -5.331504
-0.428922 -0.429295 5.844399
-0.492115 -0.348602 3.259081
-0.460703 -0.475228 -2.977273
-0.456260 -0.486617 1.961905
-0.454672 -0.487201 5.696265
-0.485623 -0.403643 3.114504
-0.478832 -0.381141 0.300260
-0.434232 -0.381667 -5.616850
-0.151860 0.408971 5.944074
-0.431038 0.002154 -2.665876
-0.445350 0.137588 -4.935617
-0.443263 -0.384404 5.592049
-0.477616 -0.397494 4.704423
-0.478349 -0.359773 5.142895
-0.493452 -0.396377 4.624544
-0.438986 -0.201244 -2.882397
-0.260832 0.233457 3.609552
-0.476608 -0.431275 4.980080
-0.486454 0.293214 4.679956
-0.429365 -0.311803 5.361782
-0.429917 -0.347952 3.476384
-0.407312 -0.472184 4.540034
-0.464992 -0.356662 4.364289
-0.421361 -0.323070 2.827663
-0.452304 -0.019406 -3.975460
-0.458365 -0.365727 4.310801
-0.464567 -0.444610 4.902311
-0.492519 -0.398890 4.098942
-0.481182 -0.491007 11.318195
-0.461964 -0.420414 -5.281922
-0.479411 -0.391799 4.892109
-0.469172 -0.331589 5.208712
-0.445057 -0.382929 2.571078
-0.496475 -0.399968 -5.862375
-0.441438 -0.379092 5.076312
-0.434770 -0.457735 5.050818
-0.335922 -0.425083 -4.351857
-0.455416 -0.463087 -5.917666
-0.488215 -0.361208 4.743771
-0.462659 -0.444264 4.271727
-0.491548 -0.339653 -5.716495
-0.468791 0.008066 -5.057982
-0.422612 0.146819 -2.936615
-0.442883 -0.496408 2.199775
-0.471297 -0.482761 3.141685
-0.447810 -0.467576 4.749584
-0.417300 -0.175432 -5.722172
-0.358533 -0.402625 6.262331
-0.424781 -0.403788 2.857065
-0.427332 -0.477094 1.434268
-0.443686 0.340960 1.917353
-0.430519 -0.193241 -5.256016
-0.397520 -0.169125 -5.062097
-0.410188 -0.420155 5.501193
-0.489923 -0.481637 0.371989
-0.492484 -0.478761 -4.842660
-0.445757 -0.048563 -3.371913
-0.491167 -0.498811 9.369176
-0.329997 0.487200 4.712280
-0.466412 -0.482490 4.448054
-0.484460 -0.491055 11.193478
-0.450839 -0.464440 5.663771
-0.473390 -0.442315 4.899166
-0.454699 -0.290017 5.767095
-0.480571 -0.450086 5.620933
-0.475443 -0.370827 8.514870
-0.499918 -0.316855 9.147561
-0.424838 0.395547 3.767914
-0.462142 -0.490429 11.380451
-0.418911 0.456935 3.052983
-0.457051 -0.265582 2.725665
-0.444233 -0.494808 4.412174
-0.461516 -0.476625 -5.698720
-0.454261 -0.442564 -4.728391
-0.480386 -0.391763 -1.384368
-0.391685 -0.438260 5.374873
-0.482638 -0.119340 7.222507
-0.376750 -0.472695 3.535981
-0.477119 -0.434138 -3.691462
-0.414722 -0.422529 -4.925395
-0.486447 -0.495144 1.229888
-0.460872 0.091242 -4.116693
-0.498793 -0.371220 -2.588342
-0.466770 -0.297663 2.743430
-0.452185 -0.368010 4.810054
-0.458817 -0.397240 6.006952
-0.470397 -0.476263 4.497302
-0.480394 -0.473082 -6.168368
-0.400318 -0.298265 3.793051
-0.350966 -0.484268 1.969141
-0.398410 -0.488591 5.988781
-0.454458 -0.463923 5.576629
-0.468462 -0.490117 2.561477
-0.475182 -0.400586 5.228970
-0.453726 -0.423345 5.544313
-0.457467 0.090721 -2.717032
-0.484375 -0.488357 0.124994
-0.459910 -0.307248 4.237496
-0.455555 -0.493244 2.823086
-0.475861 -0.422672 -5.407299
-0.413232 -0.136646 -5.098504
-0.474034 -0.364116 -6.281574
-0.419566 -0.427977 5.398864
-0.433476 -0.246393 3.746451
-0.455912 -0.368399 4.706021
-0.490264 -0.406232 -0.929187
-0.471550 -0.309768 4.247363
-0.341965 -0.471992 6.121973
-0.454826 -0.477077 -6.177199
-0.479249 -0.244540 4.581462
-0.360788 -0.479030 -6.058494
0.205088 0.033238 3.526245
-0.272802 -0.496253 1.000812
-0.450340 -0.417054 4.893355
-0.247560 -0.466668 5.504807
-0.491439 -0.333682 3.762482
-0.495588 -0.497948 -1.839399
-0.466622 -0.380406 4.207129
-0.437332 -0.430809 6.172594
-0.461241 -0.410804 4.998997
-0.343389 -0.096417 -4.904156
-0.395912 0.066583 -3.950620
-0.408928 0.011470 -4.152803
-0.470497 -0.466218 4.571943
-0.489015 -0.406694 8.921531
-0.467813 -0.348986 4.097462
-0.461275 0.324855 2.079499
-0.492730 -0.373466 4.457058
-0.444098 -0.470146 2.867574
-0.451379 -0.165521 -1.548498
-0.384631 -0.494863 11.285998
-0.396973 0.475149 2.584183
-0.435220 -0.334515 5.365727
-0.440890 -0.499422 4.405028
-0.481695 -0.476535 -5.406724
-0.387529 -0.495946 -5.169846
-0.487949 -0.434425 5.155218
-0.402341 -0.181341 -3.036692
-0.423763 -0.463034 -5.389098
-0.456197 -0.218502 4.237973
-0.413053 -0.418927 5.482689
-0.466264 -0.415857 5.849259
-0.465190 -0.428865 -5.658183
-0.438700 -0.450588 6.008127
-0.489008 -0.345963 4.984891
-0.433999 -0.303756 5.535509
-0.414785 -0.492520 -4.684697
-0.485501 -0.468609 5.581965
-0.479376 -0.486417 -6.007639
-0.490177 -0.088267 -4.574592
-0.466230 -0.454680 4.760302
-0.499422 -0.420585 -0.455011
-0.463858 -0.326607 -6.231748
-0.393789 -0.460922 4.706402
-0.432879 -0.203475 5.332184
-0.484583 -0.450309 5.577826
-0.486915 -0.498105 -3.050321
-0.434753 -0.408591 4.566518
-0.499004 -0.330498 -2.106895
-0.499394 -0.380102 3.246267
-0.479094 0.212042 5.525876
-0.423649 0.062231 -5.741525
-0.484520 -0.446457 -5.168623
-0.493209 -0.472286 -5.932675
-0.447982 -0.370256 3.253632
-0.472904 -0.497772 11.936013
-0.440340 -0.455748 -6.249703
-0.482776 0.162663 -4.788481
-0.457750 -0.129027 -1.948906
-0.469269 -0.406078 3.845283
-0.421919 0.102332 -3.352831
-0.469748 -0.491412 4.460825
-0.432671 -0.432498 4.191337
-0.477855 -0.475258 0.059710
-0.448712 -0.323199 4.169048
-0.485154 -0.448626 4.422991
-0.459641 -0.305109 -5.961384
-0.484509 -0.398773 4.989401
-0.448722 0.124696 -4.704092
-0.421381 -0.290902 4.649899
-0.398088 0.108544 -1.422238
-0.485545 -0.372386 5.370841
-0.481256 -0.373599 6.167727
-0.477639 -0.355568 4.662639
-0.491985 -0.498010 -6.129541
-0.450326 0.152666 -3.672754
-0.492370 -0.008326 8.203720
-0.446734 -0.421580 5.376433
-0.410233 -0.446265 -5.397362
-0.378846 -0.441904 4.968945
-0.442427 -0.412465 -5.324479
-0.464379 -0.371227 4.442744
-0.367501 -0.452622 2.531303
-0.443912 -0.401869 -5.287364
-0.432985 0.085416 -5.086491
-0.497045 -0.465818 4.227059
-0.497312 -0.464939 -2.341164
-0.473829 -0.448742 5.480506
-0.472881 -0.446867 5.245655
-0.371815 -0.364959 0.972769
-0.434915 0.323421 1.535480
-0.472205 -0.112898 -5.012428
-0.448257 -0.488307 2.750474
-0.373237 -0.490153 12.390282
-0.490513 0.035954 -4.969334
-0.460390 -0.478342 -5.705908
-0.379077 -0.437437 5.882270
-0.497465 -0.204987 5.796153
-0.486768 -0.406690 6.147618
-0.461557 -0.432086 -5.513191
-0.454532 -0.404824 5.276392
-0.410978 -0.447133 4.920526
-0.475992 -0.441224 4.658481
-0.312363 -0.111002 -5.543059
-0.233899 -0.422922 2.361907
-0.484335 0.080162 -3.557849
-0.420219 -0.492364 11.959811
-0.412540 -0.203137 -3.699091
-0.383001 0.102617 -3.516265
-0.392904 -0.062259 -6.025577
-0.480681 -0.364266 5.314769
-0.450759 -0.463981 -5.506979
-0.475620 -0.341264 3.986529
-0.465181 -0.415362 5.424566
-0.309215 -0.410669 5.921845
-0.444745 -0.381168 4.963893
-0.479305 -0.463800 -2.339663
-0.448184 -0.067916 4.536137
-0.458551 -0.430722 6.056525
-0.423711 0.031724 -4.816980
-0.479081 -0.389888 4.287164
-0.379840 -0.406881 4.948153
-0.468935 -0.445160 -5.900642
-0.493200 -0.490698 5.617260
-0.492872 -0.283864 4.528965
-0.470490 -0.282649 5.018310
-0.465046 -0.242388 2.850443
-0.472890 -0.461378 -5.710448
-0.431500 -0.420311 4.583486
-0.452846 -0.456813 -5.785953
-0.461012 -0.017880 5.649735
-0.404194 -0.293468 4.629695
-0.473192 -0.454045 6.030303
-0.473479 -0.397911 6.257158
-0.490427 0.183593 -5.113772
-0.480785 -0.452953 -5.244932
-0.471696 -0.344469 -1.868858
-0.474289 -0.461244 5.979202
-0.472890 -0.432755 6.032614
-0.430670 -0.349946 5.330333
