-0.484872 -0.457451 -3.035400
-0.418430 0.220910 -4.529674
-0.445709 0.263098 3.155936
-0.453014 -0.454225 5.939810
-0.489974 -0.404274 5.352821
-0.479933 -0.472169 -5.054574
-0.378266 -0.445031 6.128501
-0.463016 -0.479418 4.061541
-0.449460 -0.444235 2.918432
-0.499899 -0.326768 4.699886
-0.364938 -0.473361 1.816209
-0.463678 -0.443822 3.269980
-0.176130 0.189874 -2.455626
-0.410334 -0.455715 5.220157
-0.493100 -0.425858 -0.183972
-0.470724 -0.481158 0.265238
-0.464385 -0.479490 5.810736
-0.443295 0.048834 -5.633229
-0.450238 -0.399740 3.913612
-0.473214 -0.383060 4.974060
-0.476302 -0.362177 5.228304
-0.428096 -0.478854 4.113980
-0.422156 -0.465092 6.111361
-0.496859 -0.281002 -1.678077
-0.452540 -0.483411 3.866075
-0.120730 0.026037 -1.222101
-0.347227 0.395814 -5.678091
-0.490911 -0.326440 0.960983
-0.494821 -0.335759 4.538761
-0.471945 -0.478604 -5.734496
-0.311722 -0.491893 4.554822
-0.446885 -0.360846 3.890251
-0.415647 -0.172782 2.505414
-0.490790 -0.375506 1.171414
-0.413550 -0.423997 5.099544
-0.464515 -0.451379 5.826550
-0.442321 0.483662 -5.943806
-0.453898 -0.376595 -5.859288
-0.491884 -0.308293 5.255944
-0.439277 -0.163612 5.415442
-0.487850 -0.354542 5.121159
-0.453118 -0.038926 3.167039
-0.468370 -0.465672 6.078447
-0.471353 -0.445297 -6.277863
-0.368782 -0.460515 4.254442
-0.460400 -0.329856 4.543207
-0.428865 -0.470101 4.060482
-0.450801 -0.373049 4.762879
-0.488551 -0.052850 5.647804
-0.495330 -0.416613 4.652214
-0.457635 -0.448162 5.982996
-0.409788 -0.092106 3.452849
-0.481145 -0.229131 -0.281721
-0.470746 -0.401442 4.767581
0.379770 -0.360829 5.347073
-0.490725 -0.480082 1.308821
-0.422091 -0.166387 2.414294
-0.247777 -0.278192 -1.165814
-0.446965 0.090476 -3.445155
-0.456823 -0.465988 -6.100851
-0.415656 -0.359477 3.374156
-0.471663 0.156501 5.058354
-0.296753 0.315282 4.989907
-0.476938 -0.341196 3.628675
-0.495814 -0.143270 -0.290139
-0.476977 -0.409727 -1.889831
-0.438204 -0.480200 1.928463
-0.421985 -0.288308 5.162941
-0.443285 -0.459215 6.010503
-0.481439 -0.458947 -5.865313
-0.497337 -0.461761 -4.824897
-0.356774 0.376263 -4.986691
-0.466865 -0.489823 12.536861
-0.442548 -0.471837 -6.170408
-0.354657 -0.406249 4.144905
-0.371847 -0.394672 4.177288
-0.348244 -0.439366 5.031354
-0.429643 -0.481384 -5.369526
-0.416301 0.489214 4.406256
-0.459883 -0.115454 4.768397
-0.403050 -0.475243 3.975017
-0.444549 -0.487826 11.870735
-0.468630 -0.451670 5.982970
-0.469630 -0.429682 -5.602504
-0.495095 -0.497428 0.567875
-0.491282 -0.377641 -1.536267
-0.471132 -0.490984 -5.898069
-0.479135 -0.471355 9.059847
-0.480000 -0.279240 -5.100912
-0.478142 -0.438424 0.369662
-0.422563 -0.410177 -6.067485
-0.417805 -0.406073 4.467137
-0.440767 -0.121688 4.349968
-0.435081 -0.455679 4.504346
-0.393504 -0.378046 5.605314
0.201693 -0.391215 -5.602693
-0.341844 -0.499925 5.658622
-0.206767 -0.491272 -5.260282
-0.394265 -0.494858 0.044416
-0.333263 -0.416982 6.054933
-0.427156 0.314652 4.447110
-0.386801 -0.464642 4.548493
-0.318707 -0.148988 3.246531
-0.425521 -0.477851 4.172477
-0.484142 -0.476346 3.309938
-0.444106 -0.292352 1.400872
-0.471756 -0.364016 5.085864
-0.479765 -0.295172 -5.220629
-0.400063 -0.416708 4.249907
-0.423293 -0.431057 2.962544
-0.421088 -0.331925 4.538837
-0.443936 -0.016209 2.853484
-0.402365 -0.475738 4.897695
-0.491822 -0.437646 -2.151171
-0.369703 -0.197836 1.423450
-0.413498 -0.464622 4.969571
-0.467917 -0.386572 3.155537
-0.398537 -0.077198 3.246861
-0.467888 -0.326377 3.934536
-0.401657 -0.420923 5.551198
-0.475705 -0.338332 4.173759
-0.424367 -0.057508 3.627121
-0.433487 -0.153906 1.005075
-0.442927 -0.419324 5.283683
-0.477989 -0.455051 -2.032610
-0.440100 -0.477953 5.257975
-0.468035 -0.421853 6.111774
-0.466789 -0.388148 4.937902
-0.394975 -0.443366 4.109143
-0.467661 -0.488093 1.822910
-0.444768 -0.394927 1.289387
-0.485946 -0.440456 -0.437956
-0.433149 -0.497457 10.972155
-0.492416 -0.393361 -5.886064
-0.362954 -0.438726 -6.022924
-0.430530 -0.486352 5.479188
-0.484752 -0.463440 6.031351
-0.452196 -0.305178 5.765007
-0.390716 -0.484591 4.372700
-0.469229 0.155218 -3.280202
-0.424772 -0.475239 -5.184022
-0.436675 -0.431918 -5.237535
-0.496570 -0.434382 8.249490
-0.442939 -0.482095 4.028809
-0.411394 -0.208839 4.630100
-0.459645 -0.071972 1.877823
-0.487059 -0.434407 3.484959
-0.443346 -0.448429 4.475366
-0.459053 -0.101767 3.986584
-0.318405 -0.475909 11.685708
-0.484754 -0.446258 8.297950
-0.458707 -0.065599 5.075864
-0.357169 -0.483122 5.048951
-0.430478 -0.474134 5.779417
-0.435069 -0.325183 3.869998
-0.469530 -0.120110 4.759947
-0.453272 -0.371933 2.834151
-0.473538 -0.348683 3.639387
-0.410301 0.248089 4.937656
-0.424205 0.362729 -5.725149
-0.408864 -0.475209 2.104679
-0.400369 -0.457960 3.650753
-0.486010 -0.379351 4.589249
-0.488006 -0.480011 0.774311
-0.492815 -0.298575 5.053643
-0.460982 -0.410328 -5.992419
-0.288749 -0.484125 12.319022
-0.434304 -0.365210 3.552797
-0.410918 -0.452553 5.057072
-0.467138 -0.364111 5.136806
-0.479770 -0.080770 -5.994370
-0.441683 -0.389954 3.344251
-0.487978 -0.466125 3.771204
-0.497866 -0.434215 -2.464205
-0.460719 -0.441421 6.128798
-0.405525 0.032407 2.476299
-0.469810 -0.403507 6.093640
-0.490015 -0.310877 1.372311
-0.469520 -0.302043 6.105931
-0.499371 0.078861 5.533528
-0.489828 -0.317977 -0.956794
-0.455959 -0.158840 3.014644
-0.452157 -0.438311 5.517856
-0.497624 -0.382428 0.568849
-0.490884 -0.210876 4.779142
-0.450145 -0.335687 1.916882
-0.499586 -0.437903 -6.253185
-0.438223 -0.390993 4.700953
-0.453003 -0.416059 -5.535346
-0.454299 -0.485861 -4.671344
-0.392921 -0.141878 0.470661
-0.434022 -0.471192 5.104332
-0.496335 -0.467321 5.118578
-0.461401 -0.347261 -5.336382
-0.458043 -0.451339 -6.000231
-0.481386 -0.301615 6.118606
-0.461713 -0.347250 -5.797494
-0.394328 -0.379919 4.926021
-0.453593 -0.419106 4.877307
-0.467727 -0.455802 5.287109
-0.450254 -0.150510 3.573510
-0.499255 -0.466226 -2.634370
-0.469604 -0.480531 0.333816
-0.467442 -0.363937 5.693352
-0.487869 -0.420392 -2.873930
-0.414637 -0.483720 5.275844
-0.448327 -0.438266 4.595239
-0.495406 -0.212879 3.176670
-0.470583 -0.436674 3.265912
-0.465369 -0.438935 -5.892809
-0.415344 -0.485433 4.480141
-0.486421 -0.474955 -6.164589
-0.445631 -0.055976 5.577431
-0.491031 -0.479816 10.197799
-0.433569 -0.490544 4.098580
-0.443784 -0.360496 3.447361
-0.495343 -0.481224 6.120196
-0.451991 -0.481142 9.969038
-0.405988 -0.451336 4.617863
-0.484725 0.430939 1.801988
-0.441075 -0.352670 -5.466565
-0.473711 -0.352222 -5.880374
-0.412677 -0.499586 0.024181
-0.448991 -0.480194 3.686710
-0.364801 -0.320603 1.932785
-0.492240 -0.303551 -3.009250
-0.473660 -0.343988 4.779817
-0.401288 -0.499586 1.359057
-0.490933 -0.402687 9.362494
-0.470966 -0.246595 3.752792
-0.422775 -0.479349 5.779771
-0.488341 0.342659 5.883394
-0.442552 -0.493254 4.289819
-0.426878 -0.450744 6.040363
-0.485480 -0.397337 6.042919
-0.397915 -0.461209 4.247144
-0.446748 -0.230027 3.370835
-0.445136 -0.472933 4.892608
-0.421147 -0.472339 5.826151
-0.434920 -0.419552 4.293132
-0.447383 -0.490261 5.181920
-0.484116 -0.477881 3.162794
-0.472965 -0.367748 6.164454
-0.494681 -0.339702 -0.509996
-0.434591 -0.456144 5.370014
-0.360911 -0.389839 3.581421
-0.463454 -0.467491 1.711941
-0.497224 -0.430077 7.782137
-0.497623 -0.374233 -2.855811
-0.463044 -0.481048 6.192123
-0.499805 -0.291809 4.100762
-0.499448 -0.296364 -2.606287
-0.456758 -0.437041 5.745748
-0.487440 -0.474184 5.185607
-0.492420 -0.308702 4.704675
-0.394226 -0.474807 3.487840
-0.481167 -0.397902 4.872288
-0.480671 -0.440994 7.526702
-0.485512 -0.231811 5.474548
-0.457296 -0.220824 5.286998
-0.493280 -0.476393 7.426525
-0.451982 0.453104 4.843355
-0.492013 -0.256081 3.733914
-0.405252 -0.308449 5.519902
-0.479303 -0.385308 4.903458
-0.470015 -0.350840 5.286647
-0.498411 -0.499164 2.055781
-0.413335 -0.296528 -4.911920
-0.485026 -0.357451 -0.752525
-0.490869 -0.469551 -1.602542
-0.465438 -0.443101 5.188392
-0.419901 -0.392494 -6.175538
-0.447674 0.357913 0.056742
-0.442954 -0.468342 3.921826
-0.479901 -0.452967 5.959816
-0.486135 -0.422890 -6.224536
-0.405778 0.119907 -1.474298
-0.385647 -0.434766 -5.226298
-0.442237 -0.435484 4.061431
-0.481312 -0.347702 1.840749
-0.453318 -0.427872 -6.104707
-0.435122 -0.045516 5.077205
-0.451136 -0.405556 3.280363
-0.474287 -0.336055 4.677467
-0.456687 -0.428287 4.391001
-0.462638 -0.436380 4.156688
-0.461688 -0.419757 4.344484
-0.464764 -0.477380 -5.808096
-0.483672 -0.364122 -0.555773
-0.474912 -0.395265 5.864781
-0.393834 -0.090721 4.231202
-0.387371 -0.440091 4.244793
-0.490517 -0.415071 5.471400
-0.474639 -0.396569 4.317801
-0.486365 -0.415755 4.630444
-0.427837 -0.463975 -3.462924
-0.486413 -0.495082 1.405937
-0.448993 -0.359532 4.984314
-0.471240 -0.037769 5.095656
-0.482661 -0.213941 -0.285866
-0.467988 -0.420273 -5.519728
-0.375531 -0.324277 2.680031
-0.228610 0.322992 2.684297
-0.474070 -0.297551 5.847054
-0.488212 -0.370485 -5.723724
-0.451920 -0.439326 4.627349
-0.485057 -0.387486 2.402555
-0.480194 -0.412269 -4.780200
-0.464751 -0.405324 4.734508
-0.383339 -0.495789 4.174926
-0.421424 0.494041 4.286139
-0.455600 -0.474339 -5.749287
-0.493793 -0.462278 2.766162
-0.492307 -0.467736 -3.686829
-0.493776 -0.406464 6.229158
-0.487709 -0.423199 -0.909098
-0.454508 -0.385085 3.810749
-0.450534 -0.439639 5.160466
-0.497548 -0.368487 4.510791
-0.464201 0.258578 5.736677
-0.238743 0.485479 1.248355
-0.460900 -0.403123 3.518703
-0.432683 -0.475474 5.666229
-0.454608 -0.489023 0.833339
-0.487850 -0.455481 5.081745
-0.366697 -0.462450 6.108908
-0.424903 -0.397376 5.133358
-0.485765 -0.403082 -4.893230
-0.412149 0.336617 5.409319
-0.450710 -0.485751 6.186719
-0.482443 -0.384065 2.312355
-0.435882 -0.472771 11.588244
-0.205452 -0.483930 11.857585
-0.338981 -0.014436 3.743838
-0.480420 -0.365959 3.859725
-0.482121 -0.493572 -2.780169
-0.416847 -0.165972 2.982550
-0.473792 -0.379259 5.750710
-0.421688 -0.497835 1.944536
-0.413606 -0.342567 3.025380
-0.471737 -0.431654 5.825376
-0.359151 -0.462297 5.191556
-0.428787 -0.433839 3.249708
-0.494491 -0.412507 9.269553
-0.390330 -0.116033 2.540773
-0.485607 -0.379682 7.078884
-0.392547 -0.423850 2.402711
-0.494053 -0.359655 4.385289
-0.497070 -0.317257 -1.019154
-0.487021 -0.357696 3.007257
-0.328745 0.285305 3.570211
-0.484062 -0.429253 5.633578
-0.421009 -0.442636 5.215330
-0.435256 -0.274404 4.310029
-0.456861 -0.402199 4.859170
-0.491967 -0.310582 8.143705
-0.486035 -0.499019 -1.463012
-0.494242 -0.350233 -1.324347
-0.454816 -0.165457 1.779781
-0.473774 -0.393591 -6.077785
-0.400437 -0.499806 0.783870
-0.456982 -0.453373 -5.372371
-0.497885 -0.380543 -5.326507
-0.452696 -0.299241 5.505753
-0.479507 -0.494543 1.261111
-0.404544 -0.355653 4.054826
-0.469468 -0.437410 5.222869
-0.420190 -0.305101 4.414581
-0.459988 -0.463487 -5.627221
-0.443674 -0.498846 5.067175
-0.384771 -0.440456 4.211645
-0.493582 -0.353076 -0.732867
-0.446329 -0.250655 1.577198
-0.494271 -0.376550 4.928346
-0.381478 -0.441020 -5.625990
-0.439981 -0.291446 4.598658
-0.448551 -0.055718 2.989067
-0.472589 -0.412557 -6.017593
-0.476169 -0.341938 4.012083
-0.446354 -0.400586 -6.065725
-0.472017 -0.312547 -6.037920
-0.465038 -0.460596 5.110805
-0.469502 -0.482944 4.986896
-0.249412 -0.476764 -2.820599
-0.488218 -0.345656 6.215841
-0.482707 -0.475787 4.962367
-0.433122 0.123254 -5.373395
-0.461401 -0.346035 5.037349
-0.486659 -0.422601 -3.736821
-0.446217 -0.484036 4.382142
-0.383016 -0.141072 2.148089
-0.499888 -0.479785 6.512353
-0.482028 -0.375783 -1.243876
-0.347476 -0.472615 4.089904
-0.449931 -0.476688 3.831644
-0.414241 -0.305062 2.617994
-0.384202 -0.113864 2.300898
-0.401468 -0.426087 -4.535650
-0.244232 -0.377367 3.075385
-0.489200 -0.068345 5.570882
