-0.349183 -0.446144 -3.275895
-0.496535 -0.483482 4.995763
-0.457847 0.260545 5.425438
-0.465330 -0.287301 -3.667789
-0.447942 -0.428647 -3.711391
-0.449553 -0.285711 -2.603940
-0.497429 0.179628 6.107553
-0.475766 0.043672 4.088526
-0.408343 -0.458585 -3.911202
-0.456604 -0.440754 -3.508019
-0.439477 -0.063664 -4.581650
-0.400723 -0.481791 -1.427279
-0.498984 0.476380 -2.858558
-0.478114 -0.499205 8.392072
-0.446090 -0.480539 -5.146332
-0.425243 -0.441155 -4.003360
-0.457251 -0.485572 10.428265
-0.415973 -0.019024 -3.194040
-0.431354 -0.417653 -1.339100
-0.486564 -0.338077 -2.691630
-0.418713 -0.472147 -1.684674
-0.490370 -0.430396 -3.673938
-0.471002 -0.418593 -2.111860
-0.488291 -0.294889 -4.550041
-0.368398 -0.433517 -2.487952
-0.445796 -0.459427 -3.692372
-0.474296 -0.388876 -3.184628
-0.476625 -0.449650 -1.805357
-0.463022 -0.290556 -1.074174
-0.388275 -0.260816 -3.767282
-0.404624 -0.488645 -2.885754
-0.356571 -0.488681 -3.053829
-0.402687 -0.219622 -3.242109
-0.440819 -0.431555 -3.115373
-0.455180 -0.207935 -2.456559
-0.484493 0.375281 4.272560
-0.496765 -0.478750 -0.716602
-0.384403 -0.467884 -3.657407
-0.430693 -0.385810 -4.399348
-0.443314 -0.497893 -3.452574
-0.472711 -0.376378 -2.106727
-0.438228 -0.323193 -4.281263
-0.392275 -0.490826 -0.425349
-0.489522 -0.300333 -3.906261
-0.453312 -0.316981 -3.843049
-0.456646 -0.376333 -4.705233
-0.492339 0.062629 4.862437
-0.427222 -0.419862 -5.721781
-0.444033 -0.425838 -4.236918
-0.476667 -0.378815 8.232998
-0.489931 -0.443078 -6.059391
-0.395155 -0.428421 -0.124175
-0.426771 -0.472717 -3.413044
-0.472026 -0.248464 -1.964809
-0.497844 -0.170687 -4.284321
-0.456310 -0.482548 -2.467277
-0.479595 -0.472240 -3.929383
-0.471140 0.237311 -6.088248
-0.426237 0.438426 -5.066252
-0.412877 -0.474445 -4.251837
-0.370293 -0.297207 -3.772922
-0.493286 -0.482676 -0.609813
-0.409843 0.381829 3.307390
-0.466542 -0.489117 -3.639346
-0.374678 -0.466286 -2.596562
-0.463543 -0.228277 -2.970069
-0.408768 -0.389751 -2.254243
-0.431673 -0.394958 4.247981
-0.429039 -0.469718 -4.249708
-0.416325 -0.446841 -3.108452
-0.438157 -0.482816 -4.737202
-0.480178 -0.409340 -3.524043
-0.465375 -0.315473 -5.615081
-0.491762 -0.286401 -2.871725
-0.473324 -0.392939 -5.109431
-0.474734 -0.335906 -2.448775
-0.351992 -0.453983 -2.909783
-0.336275 -0.379063 -3.781868
-0.470539 0.150310 5.315119
-0.417143 -0.449902 -2.852090
-0.436269 -0.362118 -5.034501
-0.498230 -0.242569 6.376217
-0.386442 -0.486325 8.289702
-0.483868 -0.161641 -5.906301
-0.450969 -0.473948 -2.721392
-0.447397 -0.462013 -1.575492
-0.388997 -0.258926 -5.257116
-0.460310 -0.452609 -3.591298
-0.478940 -0.199248 -4.538564
-0.481983 -0.493524 -4.359150
-0.425546 -0.403912 5.492226
-0.429550 -0.490836 -2.978404
-0.466065 -0.233564 -4.699349
-0.437400 -0.452383 -4.614099
-0.470708 -0.402754 -2.483297
-0.452952 0.160593 -4.662578
-0.403056 -0.477114 -2.383040
-0.471293 -0.467492 -3.210723
-0.306838 -0.192231 -1.117790
-0.453920 -0.324041 -4.046058
-0.388931 -0.383490 -3.376006
-0.494284 0.292003 -0.737413
-0.389140 -0.453395 -1.970582
0.449645 -0.315100 -4.331033
-0.445516 -0.352643 -2.373787
-0.492416 -0.314271 -4.085115
-0.433767 -0.483070 -3.809521
-0.471698 -0.296497 -4.024277
-0.467709 -0.231784 -4.396101
-0.446855 -0.437834 -3.358618
-0.340709 -0.062477 -1.972028
-0.422246 -0.412932 -5.962385
-0.469694 -0.469150 -0.942244
-0.437411 -0.475042 -2.438500
-0.493789 -0.462545 -5.702796
-0.416511 -0.224514 -3.671770
-0.397448 -0.253009 -2.962613
-0.443366 -0.483147 -4.213621
-0.442095 -0.493752 9.859539
-0.488521 -0.431381 -4.055248
-0.480125 -0.346961 -3.873849
-0.442311 -0.299286 -3.543343
-0.485045 -0.408080 6.615737
-0.444845 -0.497153 -4.488094
-0.451518 0.151624 -3.949631
-0.483498 -0.498571 9.031517
-0.418763 -0.482918 7.997028
-0.406039 -0.384889 -5.180926
-0.448862 -0.373487 -1.169457
-0.427543 -0.237897 -5.337358
-0.490053 -0.189334 -2.844357
-0.407320 -0.484819 -3.861142
-0.455604 -0.428829 -4.054874
-0.347154 -0.378223 -4.424480
-0.388449 -0.490903 6.027537
-0.447936 -0.498236 -3.490474
-0.495960 -0.398892 -1.138963
-0.426684 -0.248472 -3.645140
-0.415071 -0.404095 -5.477343
-0.417955 -0.430434 -4.558120
-0.437181 -0.490369 -4.584792
-0.447229 -0.454709 -1.263264
-0.366717 -0.407265 -4.013272
-0.431733 -0.388119 -2.212300
-0.423462 -0.473525 -2.619619
-0.347519 -0.480425 10.519224
-0.445619 -0.359622 -2.560482
-0.489165 -0.370439 -4.743896
-0.488081 -0.467832 7.133699
-0.430506 0.056457 4.217380
-0.470206 -0.390675 -2.720092
-0.385089 -0.396599 -0.809099
-0.467836 -0.403851 -6.151659
-0.354437 -0.435427 -4.827912
-0.440729 -0.469676 -1.843910
-0.448797 -0.440240 -3.391034
-0.427872 -0.498922 -2.202555
-0.448961 -0.426714 -3.609020
-0.259876 0.320550 0.281070
-0.270851 0.055576 5.067779
-0.343119 0.105716 3.776808
-0.467639 -0.315600 -4.235277
-0.461027 -0.495328 -4.486839
-0.484438 -0.298881 -3.395983
-0.489259 -0.494206 8.783051
-0.412104 -0.234121 -5.703013
-0.327798 0.289876 5.566996
-0.436332 -0.491837 9.800616
-0.470766 0.171709 6.131237
-0.467908 -0.346412 -2.164569
-0.434333 -0.455989 -4.253152
-0.428062 -0.488430 10.085002
-0.463407 -0.459964 -5.205317
-0.385585 -0.268095 -2.614062
-0.451062 -0.177366 -5.521836
-0.440580 -0.466378 -3.286352
-0.416931 -0.464036 -4.447608
-0.487148 -0.458646 -5.860545
-0.495471 -0.339933 -2.572104
-0.481171 -0.463979 7.154853
-0.463181 -0.359838 -3.567423
-0.481713 -0.323414 -4.614221
-0.429786 -0.310170 -2.197357
-0.478471 -0.319747 6.256034
-0.468175 -0.462528 -3.499466
-0.397631 -0.412187 -4.319014
-0.440914 -0.467601 -2.840466
-0.476546 -0.373364 -2.589557
-0.491723 -0.417416 6.948628
-0.423071 -0.482819 -0.867486
-0.428225 -0.290204 -3.320886
-0.463447 0.086819 -5.480556
-0.486190 0.130801 -3.439990
-0.426685 -0.483993 -3.435492
-0.451800 -0.493640 -3.137268
-0.405451 -0.413070 -1.730531
-0.465809 -0.237819 -3.548544
-0.396049 -0.430508 -2.271044
-0.439224 -0.442361 -3.524458
-0.449870 -0.483716 9.638485
-0.495911 0.323176 4.566743
-0.490353 -0.287112 -2.492690
-0.489404 -0.212030 -3.181523
-0.456911 -0.498346 10.799326
-0.482558 -0.483050 8.583300
-0.422613 -0.391950 -4.242414
-0.451427 -0.053100 6.276290
-0.354048 -0.445055 -4.974419
-0.443902 0.335047 -5.889511
-0.490919 -0.474059 5.220416
-0.481846 -0.379073 4.833400
-0.397407 -0.473722 -1.903977
-0.421502 -0.466504 -2.921787
-0.496871 -0.304874 6.542697
-0.481124 -0.488026 -1.733238
-0.474548 -0.443020 -3.331563
-0.488511 -0.421614 -2.394062
-0.480102 0.225537 -6.256097
-0.471094 -0.459366 -3.182345
-0.451179 0.454365 -6.035736
-0.413389 -0.372239 -2.529120
-0.485690 -0.353491 -2.321744
-0.444914 -0.309395 -1.106838
-0.442756 -0.432358 -5.976920
-0.439516 -0.435045 -3.602226
-0.449686 -0.469952 -2.175900
-0.433444 -0.100832 -2.496940
-0.466310 -0.489378 10.179604
-0.284530 -0.279392 -2.324644
-0.477470 -0.478341 -1.869278
-0.420597 -0.478712 -3.053977
-0.476486 0.011136 -5.730036
-0.423674 -0.386762 -2.872381
-0.488269 -0.246871 -5.881456
-0.497635 -0.381497 7.712063
-0.493454 -0.425420 6.846432
-0.447976 -0.476761 -5.949306
-0.443409 -0.384172 -5.120039
-0.377882 -0.264453 -3.777082
-0.435918 -0.492188 -4.092644
-0.482599 -0.480771 0.709249
-0.487876 -0.486871 -4.996676
-0.452394 -0.408762 -5.026909
-0.485456 -0.457997 7.328509
-0.438500 -0.497645 -1.797452
-0.413101 0.116433 5.506677
-0.431790 -0.443372 -4.217784
-0.447440 -0.371030 -4.515506
-0.439437 -0.469692 -3.962754
-0.418191 -0.424392 -4.630663
-0.471121 -0.095939 -3.168817
-0.491851 -0.445678 -3.323193
-0.468150 -0.342652 -4.775467
-0.481324 -0.261374 -4.069641
-0.458339 -0.394963 -5.795373
-0.456318 -0.421458 -3.711547
-0.491533 -0.237236 6.033445
-0.165546 -0.318616 5.587209
-0.320647 -0.406040 -4.580329
-0.493392 -0.336935 -2.501616
-0.393631 -0.454831 -4.658032
0.016017 0.273591 2.335493
-0.413955 -0.454756 -4.551181
-0.421516 -0.411357 -4.853616
-0.197940 -0.472004 -4.631991
-0.469182 -0.343123 -2.307242
-0.474824 -0.372949 -4.569237
-0.484757 -0.358469 -4.148854
-0.499320 -0.399905 -1.566556
-0.439626 -0.433792 -4.782652
-0.484830 -0.156359 -6.089540
-0.495792 0.136132 -2.927180
-0.376259 -0.129628 -4.682014
-0.405960 -0.474391 -3.505088
-0.472284 -0.484876 -0.991276
-0.487662 -0.443460 5.271364
-0.424857 0.269622 5.815050
-0.468564 -0.413656 -4.446964
-0.390830 -0.387514 5.159052
-0.383461 -0.046446 -3.963989
-0.463242 -0.422709 -3.938218
-0.487051 0.473176 0.823040
-0.390028 -0.444384 -4.215445
-0.358565 -0.483016 -5.396298
-0.485331 -0.430728 -3.563405
-0.484891 -0.440801 7.153572
-0.444614 -0.400054 -4.507575
-0.485140 -0.260357 -2.175659
-0.478912 -0.486203 -1.529809
-0.473446 -0.110986 -5.580256
-0.442362 -0.452796 -5.284290
-0.401626 -0.431534 -2.227700
-0.449553 -0.456786 6.100139
-0.370151 -0.374289 -2.255822
-0.494416 -0.476186 6.883267
-0.492637 -0.350389 -2.859034
-0.476758 -0.475840 -3.297348
-0.440353 -0.487990 -5.611754
-0.478498 -0.415118 6.036584
-0.497523 -0.171971 -4.693136
-0.413285 -0.397505 -3.743111
-0.395960 -0.368952 -3.712415
-0.390525 -0.488363 -4.147904
-0.427966 -0.479218 -5.881768
-0.463573 -0.126205 -6.213892
-0.401521 -0.433958 -4.006870
-0.469634 -0.487040 -2.615105
-0.460845 -0.478817 -1.740495
-0.474828 -0.393935 -1.838281
-0.446669 -0.434545 6.246761
-0.462386 0.247126 -6.192738
-0.448748 0.223266 4.599280
-0.417621 -0.440735 -4.806314
-0.404779 -0.318943 -2.701029
-0.444274 -0.446546 -3.600273
-0.388543 -0.443483 -3.555848
-0.429776 -0.478344 -1.792918
-0.490155 0.215367 -1.983188
-0.484800 -0.107198 -4.198749
-0.444423 -0.494078 -3.398541
-0.393926 0.037958 -5.712489
-0.476488 -0.439178 -4.999488
-0.433334 -0.380787 -2.438583
-0.397020 -0.474186 -3.057730
-0.490969 -0.441795 -3.815540
-0.399793 -0.400760 -2.248001
-0.496287 -0.448331 -3.626526
-0.481995 -0.384807 7.875986
-0.475763 0.156759 8.922949
-0.453342 -0.355586 -2.755012
-0.460560 0.299992 3.003686
-0.461270 -0.384144 -3.316196
-0.454058 -0.484238 -5.461439
-0.457155 -0.488169 -4.228076
-0.417116 -0.473218 -2.146109
-0.450818 0.113953 4.092233
-0.466921 -0.032300 -4.496362
-0.436671 -0.460962 6.039471
-0.466682 -0.480359 -4.551968
-0.437545 -0.442949 -4.886012
-0.341713 -0.379589 -5.135612
-0.398016 -0.266411 -3.908615
-0.388694 -0.449961 -2.599287
-0.395239 -0.474863 -2.991079
-0.331218 0.041336 -4.481548
-0.483878 -0.380269 -1.379535
-0.466171 -0.447777 -3.218029
-0.469908 -0.317603 -2.740338
-0.477410 -0.468206 -5.858684
-0.440317 -0.430145 -2.417946
-0.499953 0.248652 7.538631
-0.480451 -0.099846 -3.449952
-0.434168 -0.465848 -4.024677
-0.387118 -0.448925 -5.295897
-0.471507 -0.016434 -5.075399
-0.452818 -0.444752 -3.525910
-0.476929 -0.453782 -5.001590
-0.462887 -0.319636 -3.926749
-0.421154 -0.409562 -4.133132
-0.417419 -0.414705 -4.328643
-0.489055 -0.333425 -3.168429
-0.398390 -0.389859 -5.236864
-0.442781 -0.471821 -3.597335
-0.283521 -0.146858 -1.975472
-0.414054 -0.498023 -3.052992
-0.478122 -0.010485 -6.203590
-0.419456 -0.485553 11.933656
-0.451512 -0.271282 -1.817788
-0.415659 0.037669 5.417836
-0.466030 -0.147530 -4.210326
-0.489176 -0.495607 -5.270893
-0.330169 -0.462882 -1.035807
-0.446279 -0.491553 0.843335
-0.464386 -0.408170 -4.376665
-0.380953 -0.497709 10.350715
-0.480076 -0.396235 -5.670947
-0.368627 -0.410176 -4.482183
-0.442877 -0.084570 6.107792
-0.332322 -0.375465 -4.285476
-0.443237 -0.121540 -5.275937
-0.495041 -0.468227 -2.213691
-0.444253 -0.346511 -2.754479
-0.477596 -0.378848 -1.642228
-0.455302 -0.467288 -2.475235
-0.479328 -0.456786 -2.913998
-0.432451 -0.409433 -3.103291
-0.494578 -0.205573 -2.087613
-0.387361 -0.406401 -3.803289
-0.360680 -0.441807 -5.280644
-0.497276 -0.466512 -2.397545
-0.385293 0.112630 5.425116
-0.461569 -0.426803 -4.801721
-0.438655 -0.433648 -3.708157
-0.432101 -0.408112 -4.772283
-0.434000 -0.061251 -4.210346
-0.416348 -0.450995 -4.189902
-0.497536 -0.471107 -4.294812
-0.454075 -0.372486 -5.083471
-0.461607 -0.481474 -4.347173
-0.359097 -0.335530 -2.898503
