-0.476526 -0.361905 -6.121434
-0.484149 0.271143 0.702257
-0.495295 0.184396 1.207692
-0.481706 -0.272674 -2.810417
-0.449409 -0.456855 -3.943482
-0.497325 -0.352066 -1.698598
-0.481739 -0.024804 5.868583
-0.370693 -0.490197 11.197502
0.023456 -0.330156 1.201499
-0.494643 -0.431083 -2.983821
-0.473793 -0.482313 5.118162
-0.460731 -0.377280 -5.525347
-0.369328 0.320420 2.816406
-0.487177 -0.408091 8.603009
-0.458043 -0.466130 -2.857875
-0.458390 -0.434891 -1.522069
-0.440869 -0.393837 -4.503268
-0.129087 0.044101 -4.951251
-0.475554 -0.413722 -2.404199
-0.361325 -0.464117 -2.618006
-0.470712 -0.435732 -4.239628
-0.451990 -0.397201 -2.416945
-0.428033 -0.346198 -1.965964
-0.443703 -0.413420 -2.689238
-0.419603 -0.449197 -3.770969
0.226037 -0.220435 -1.503890
-0.499795 0.273832 5.669878
-0.482821 -0.139677 7.930965
-0.427626 -0.442994 -3.117692
-0.450746 -0.446492 -2.846920
-0.499595 -0.380598 6.223066
-0.427007 -0.413523 -2.167582
-0.493734 -0.295505 4.536562
-0.416770 -0.475804 -4.003599
-0.236661 -0.476940 9.780672
-0.471594 -0.430491 -1.684342
-0.346988 0.364475 3.902790
-0.375274 -0.325505 -4.794097
-0.498360 -0.397136 6.358705
-0.449376 -0.397380 -4.346423
-0.455979 -0.354260 -4.365936
-0.395980 -0.301914 -3.290973
-0.432075 -0.250332 -3.179791
-0.446283 -0.306399 -3.145990
-0.403848 -0.433418 -0.410937
-0.485341 -0.331393 -3.083312
-0.464902 -0.439979 -2.691014
-0.454275 -0.358090 -2.829856
-0.452398 -0.204350 -4.431687
-0.449277 -0.467188 -1.337236
-0.438585 -0.444381 -3.515954
-0.419914 -0.099891 -4.258007
-0.491996 -0.378755 9.077389
-0.491040 -0.364382 4.287366
0.085085 -0.338407 3.446506
-0.419597 -0.499087 10.706694
-0.403982 -0.475854 -2.100920
-0.458199 0.306405 4.808186
-0.341012 0.081935 -5.999893
-0.482624 -0.405770 -5.570858
-0.478803 -0.464216 6.053681
-0.457320 -0.404175 -1.747893
-0.489405 -0.283216 -5.755298
-0.453709 -0.388816 -2.887356
-0.487649 -0.476245 9.378972
-0.435915 -0.485823 -1.646556
-0.474658 -0.415046 -6.042604
-0.456572 -0.436493 -3.218204
-0.404270 -0.400543 -0.814303
-0.472646 -0.318469 -5.631197
-0.425840 -0.429278 5.393316
0.212115 -0.160306 -2.134923
-0.392362 -0.493366 -4.407638
-0.343203 -0.470794 -0.294462
-0.384086 -0.408271 -5.638809
-0.486493 -0.288625 7.007102
-0.487320 -0.350063 8.350109
-0.399516 -0.489475 -2.964863
-0.217537 0.257443 -4.117553
-0.480434 -0.313506 -3.150116
-0.380850 -0.486261 9.557893
-0.454346 -0.363437 -2.463061
-0.413441 -0.415874 -4.081436
-0.416212 -0.498208 11.957976
-0.362737 -0.448395 -3.967949
-0.499970 -0.300003 5.906155
-0.461213 -0.428755 -3.652499
-0.478345 -0.464822 8.362776
-0.464910 -0.368915 -6.235485
-0.304793 -0.479330 -1.770185
-0.494322 -0.358796 -2.996786
-0.433693 -0.456806 -2.860062
-0.393096 -0.394981 -4.631019
-0.478946 -0.441190 -1.428920
-0.471987 -0.393466 -3.240369
0.359646 0.021796 2.957700
-0.431868 -0.244734 -4.256885
-0.437234 -0.492604 -2.636158
-0.428036 -0.437354 -2.557400
-0.468897 -0.338465 -1.330599
-0.397567 0.271018 4.758824
-0.452889 -0.443519 -2.960373
-0.447721 -0.413383 -3.687161
-0.468081 -0.358551 -2.162575
-0.413168 -0.451873 -2.803955
-0.413769 -0.438894 -1.282410
-0.465981 -0.355930 -3.006740
-0.466516 -0.444971 -3.676650
-0.485173 -0.321973 7.410312
-0.455393 -0.167956 -2.265133
-0.437165 -0.295091 -1.743778
-0.389792 -0.379078 -4.618094
-0.468047 -0.082004 -3.087527
-0.458237 -0.457469 -1.965179
-0.412976 -0.291658 -3.002864
-0.430645 -0.408807 -0.781580
-0.487775 -0.450864 5.923930
-0.389314 -0.212685 -4.634566
-0.481164 -0.435251 -2.559833
-0.424918 -0.390264 -3.853702
-0.467032 -0.335415 -3.430651
-0.326280 -0.022972 -1.930495
-0.433876 -0.481294 -2.318460
-0.428582 -0.411097 -3.620151
-0.493876 -0.217417 -3.421387
-0.490383 -0.420278 -4.842644
-0.432407 -0.468776 -2.922828
-0.449723 -0.454407 -3.626156
-0.374082 -0.493733 -3.509028
-0.484439 -0.333954 6.493580
-0.425518 -0.404050 -0.778136
-0.423996 -0.440816 -2.177159
-0.475866 -0.335586 -1.242449
-0.464187 -0.232327 -4.383506
-0.467474 -0.396780 -3.172398
-0.497677 -0.437763 7.015076
-0.433419 -0.458659 -2.600094
-0.479989 -0.317687 -3.826855
-0.492435 -0.172979 5.143498
-0.453318 -0.073170 -4.520911
-0.478903 -0.406450 -4.244427
-0.477454 -0.447201 9.013538
-0.483303 -0.413339 -3.306218
-0.472887 -0.373259 -5.461498
-0.434990 -0.223648 -2.449537
-0.428533 0.123725 4.749510
-0.466011 -0.353994 -0.666360
-0.441727 -0.442139 -3.960965
-0.476465 0.279662 4.601397
-0.458810 0.007814 -5.904570
-0.360175 -0.446902 -2.527089
-0.469597 -0.308846 -5.368546
-0.475275 -0.424762 -3.428340
-0.498528 -0.441639 -2.834487
-0.466272 -0.187269 -2.211060
-0.422587 -0.301542 -2.538733
-0.472206 -0.478301 -2.507401
-0.476524 -0.461307 -3.017668
-0.259869 0.043295 -1.383921
-0.435861 0.322847 5.799321
-0.412853 -0.415776 -1.103089
-0.407834 -0.480495 -4.638564
-0.440228 -0.381949 -3.609910
-0.406615 -0.491931 -2.999949
-0.444296 -0.456110 -1.568168
-0.494055 -0.353303 6.389210
-0.453977 -0.484201 -4.598343
-0.368065 -0.497382 -5.173948
-0.495084 -0.158997 -3.602098
-0.497099 -0.439171 5.181389
-0.449835 0.247857 4.129915
-0.434969 -0.362397 -2.573048
-0.461539 -0.406433 -0.385434
-0.446365 -0.441644 -3.192601
-0.437897 -0.143381 -5.133552
-0.403139 -0.143273 -4.397293
-0.362626 -0.434940 -3.904672
-0.388095 -0.486975 10.302182
-0.399725 -0.271253 -3.122545
-0.437815 0.199825 4.835508
-0.389868 -0.347605 -2.207718
-0.498081 -0.415335 6.267481
-0.410370 -0.483161 -3.204741
-0.434336 -0.305938 -3.811542
-0.469491 -0.328211 -3.565915
-0.404426 -0.483003 -3.768441
-0.470565 -0.372297 -3.362296
-0.453267 -0.292674 -4.016228
-0.450359 -0.145547 -4.609481
-0.462846 -0.429539 -2.993763
-0.495479 -0.340373 5.009159
-0.456462 -0.398277 -3.059361
-0.413762 -0.420209 -1.405739
-0.412237 -0.454662 -4.818787
-0.456633 -0.382501 -3.213552
-0.440521 -0.450080 -3.774846
-0.265021 -0.467093 -4.856133
-0.466821 -0.393943 -2.349428
-0.418939 -0.187289 -3.583668
-0.479661 -0.446942 -4.722510
-0.415195 -0.114423 -2.295097
-0.455490 -0.360597 -0.193913
-0.425981 -0.419013 -4.063023
-0.370429 -0.402150 -4.351270
-0.453575 -0.448908 5.474887
-0.449832 -0.467304 -2.140251
-0.452239 -0.429673 -5.469646
-0.427786 -0.447730 -3.028315
-0.465736 -0.448688 -3.553509
-0.426702 -0.403394 -3.778130
-0.448322 -0.431951 -2.189855
-0.380766 -0.475881 -4.440450
-0.448884 -0.325905 -2.682105
-0.494270 -0.315205 -3.082786
-0.488170 -0.213215 -1.772930
-0.487098 -0.461738 -1.597731
-0.496189 -0.298527 6.316031
-0.390640 -0.461432 -3.100254
-0.461245 -0.486858 -4.036928
-0.479417 0.214754 -1.609686
-0.456393 -0.306809 -5.167998
-0.383390 -0.463672 -3.573332
-0.452899 -0.246980 -0.674069
-0.444763 -0.489226 -4.650011
-0.469848 -0.472441 -3.205117
-0.297356 -0.416350 -3.259931
-0.485996 -0.416537 -3.620818
-0.440740 -0.465370 -2.812236
-0.491979 -0.490161 0.582208
-0.487566 -0.442697 -1.929627
-0.430792 -0.418804 -4.154596
-0.494483 0.368328 7.534404
-0.464211 -0.427029 -3.213564
-0.431493 -0.474983 -3.335401
-0.482308 -0.481588 7.952926
-0.435068 -0.399812 -4.664107
-0.392847 -0.459017 -4.470171
-0.446007 -0.369880 -2.548184
-0.446365 -0.361482 -4.204180
-0.460542 -0.493473 -4.702266
-0.442460 -0.227135 -4.835053
-0.486007 -0.449914 -2.578102
-0.486327 -0.496552 10.351601
-0.413969 -0.453357 -3.951755
-0.409719 -0.439727 -4.625886
-0.495824 -0.442043 6.916517
-0.487591 -0.472302 -5.971696
-0.478130 -0.421653 -2.563923
-0.437995 -0.380768 -5.414180
-0.471810 -0.464001 -3.609718
-0.475994 -0.142823 8.686158
-0.483139 -0.469817 5.951540
-0.493809 -0.462484 6.535619
-0.492519 -0.330471 -3.418215
-0.385498 -0.414545 -4.001356
-0.485650 -0.498867 7.215681
-0.448198 -0.478964 -2.363501
-0.485632 -0.453642 7.093015
-0.479240 -0.417268 7.014826
-0.316489 -0.478265 -2.060130
-0.456209 -0.462248 -2.116315
-0.499868 0.389196 -5.926940
-0.495115 -0.360710 -5.074732
-0.498601 -0.491488 11.023526
-0.493716 -0.398657 -6.247153
-0.432125 -0.393453 -4.819767
-0.461436 -0.480939 10.313187
-0.349149 -0.453537 -2.187974
-0.471187 -0.389529 -2.790556
-0.463079 -0.472967 -4.378261
-0.469795 -0.483124 -5.011575
-0.468075 -0.344768 -0.040508
-0.474559 0.346500 -6.086504
-0.465902 -0.346952 -2.283657
-0.414004 -0.118712 -2.821714
-0.440724 -0.369245 -3.510421
-0.491126 -0.009199 3.980177
-0.465552 -0.375416 -0.331806
-0.438307 -0.447979 -3.863059
-0.411722 -0.300109 -1.615132
-0.347912 -0.438073 -0.360000
-0.388993 -0.092692 -6.057096
-0.379858 -0.421136 -3.748555
-0.499637 -0.450261 -1.813550
-0.430352 -0.487302 -6.150806
-0.415942 -0.350013 -4.241244
-0.483919 -0.386541 -5.595243
-0.405537 -0.393496 -3.622990
-0.446780 -0.453080 -1.562296
-0.397545 -0.300252 -1.441843
-0.406775 -0.468434 -2.772242
-0.458326 -0.466720 -4.374857
-0.462481 -0.365761 -1.970453
-0.424936 -0.469155 -1.932293
-0.440701 -0.464796 -3.286154
-0.495583 -0.212655 -3.961184
-0.497706 -0.466707 -5.507328
-0.493727 -0.428252 7.689538
-0.488883 -0.285735 6.967647
-0.403905 -0.496807 -2.845522
-0.352932 -0.492999 -4.135412
-0.349434 -0.443657 -3.898125
-0.263172 0.107283 -2.272155
-0.393494 -0.492022 11.893269
-0.447272 -0.243338 -2.126231
-0.486567 -0.333037 -4.859349
-0.459051 -0.402583 -2.753148
-0.405989 -0.262957 -2.759565
-0.442299 -0.491999 -4.021115
-0.439905 -0.481560 -5.260109
-0.443584 0.263309 4.552954
-0.412011 -0.311245 -5.360627
-0.464042 -0.481679 -4.122019
-0.463038 -0.438608 -3.286160
-0.389159 -0.377347 -3.749662
-0.417486 -0.274521 -6.079591
-0.477839 -0.343072 -3.242747
-0.489545 -0.473625 -4.238101
-0.351864 -0.481505 -2.648092
-0.490247 0.293023 5.022843
-0.363027 0.200304 2.086496
-0.460138 -0.474564 -4.266668
-0.437869 -0.450668 -4.102575
-0.499661 -0.467331 -3.004016
-0.487512 -0.373310 4.494741
-0.459747 -0.383196 -2.319146
-0.470748 -0.471374 -5.360963
-0.335440 -0.396916 -1.744208
-0.497164 0.198108 -0.210848
-0.466007 -0.339410 -5.887682
-0.376632 -0.470509 -1.131129
-0.459804 -0.455874 -3.699982
-0.426908 -0.422384 -1.463657
-0.444951 -0.209514 -2.182667
-0.443978 -0.363053 -2.938810
-0.371242 0.008070 -5.855008
-0.216878 0.273606 -3.631314
-0.469825 -0.489078 -4.048273
-0.450757 -0.437060 -2.768787
-0.453195 -0.494933 9.321782
-0.417542 -0.499961 -3.524936
-0.457071 -0.462660 -3.211715
-0.468919 -0.471139 5.825161
-0.458892 -0.437415 -4.673570
-0.480996 -0.173601 -1.864114
-0.468483 -0.275270 -2.929999
-0.324272 -0.474795 7.626848
-0.452821 -0.423117 5.618186
-0.473315 -0.342972 -3.289768
-0.470306 -0.480192 -3.428073
-0.493638 0.350169 -5.750650
-0.368241 -0.399327 -0.348936
-0.455250 -0.478156 9.681905
-0.452635 -0.418987 -3.147652
-0.459111 -0.476882 -6.087969
-0.488467 -0.497405 8.244154
-0.401197 -0.356546 -4.041969
-0.449494 -0.446240 -1.455051
-0.482741 -0.438038 -5.577103
-0.442306 -0.217865 -4.669609
-0.394773 -0.432047 -3.681188
-0.450617 -0.121372 -3.820983
-0.448662 -0.348783 -4.527786
-0.451761 -0.415561 -3.735624
-0.434494 -0.127258 -3.415462
-0.441962 -0.487406 0.493978
-0.458117 -0.364764 -2.848509
-0.434145 -0.465579 -3.911857
-0.270454 -0.102840 -5.980460
-0.463616 -0.394124 -3.607047
-0.470043 -0.490826 10.378010
-0.460707 -0.364424 -4.342521
-0.472685 -0.451218 -6.209639
-0.469874 -0.315316 -2.777316
-0.463263 -0.459446 -1.666332
-0.495139 -0.387553 4.815917
-0.337804 0.032183 -2.953933
-0.416825 -0.252255 -3.840214
-0.461189 -0.474114 -2.622454
-0.458757 -0.449381 -3.430278
-0.482206 -0.365970 -1.216754
-0.441376 -0.198849 -5.960120
-0.484432 -0.441029 -6.205417
-0.361535 -0.440359 -5.160504
-0.444897 -0.280834 -2.740111
-0.403655 -0.491428 -1.097127
-0.449096 0.377041 -5.880784
-0.495138 -0.403435 7.643288
-0.477231 -0.384131 6.600004
-0.471134 -0.485114 -4.416848
-0.456062 0.150490 2.418175
-0.448406 -0.492107 -5.235366
-0.297768 -0.460512 -1.982694
-0.455924 -0.338500 -4.681493
-0.378830 -0.409952 -0.737023
-0.478018 -0.491061 9.171392
-0.492081 -0.274483 -3.166854
-0.267313 -0.473329 -3.492241
-0.494873 -0.391363 6.369426
-0.434082 -0.269324 -3.179841
