-0.486559 -0.414008 -1.280010
-0.491881 0.099311 -0.114308
-0.450522 0.284716 4.609938
-0.427612 -0.294011 5.657578
-0.358516 -0.482221 3.578403
-0.493957 -0.454363 4.113182
-0.423900 0.433172 4.807709
-0.436424 0.354727 0.227883
-0.499733 -0.362670 -1.028670
-0.490720 -0.379421 4.690592
-0.428449 -0.415266 5.623594
-0.317058 -0.456409 5.508716
-0.493842 0.187369 -1.547469
-0.470337 -0.496164 0.718289
-0.449704 -0.285887 3.906222
-0.457542 -0.382223 4.257307
-0.457668 -0.342262 4.354311
-0.486622 0.159911 3.032775
-0.491771 -0.399913 -2.270384
-0.484556 -0.454063 9.186783
-0.442605 -0.268936 -6.068058
-0.442021 -0.440743 -6.018688
-0.486272 -0.321643 0.556517
-0.467001 -0.216114 -5.099919
-0.437929 -0.442989 4.481239
-0.491812 -0.187409 8.613349
-0.475585 -0.483421 8.468767
-0.498250 -0.451998 5.470176
-0.461728 -0.386123 5.585232
-0.458552 -0.434643 -5.465354
-0.498604 -0.408855 -2.457960
-0.478781 -0.353039 3.109443
-0.458148 -0.468211 4.155397
-0.420521 -0.459140 4.228950
-0.365705 -0.380774 2.045011
-0.449713 0.377858 4.865180
-0.482473 -0.319296 -6.219910
-0.429495 -0.482568 4.492829
-0.338309 -0.397069 2.318268
-0.420244 -0.473565 3.743827
-0.493905 -0.393195 -0.925326
-0.460931 -0.490741 0.390505
-0.467477 -0.382733 4.515002
-0.486196 -0.461910 4.573886
-0.424494 -0.415430 6.275319
-0.474991 -0.472018 -2.354179
-0.388151 0.180356 -4.951643
-0.461642 -0.436106 4.413771
-0.414658 -0.337892 5.005688
-0.498155 -0.342506 -1.211263
-0.499967 -0.385040 3.654422
-0.463029 -0.279881 3.758330
-0.452586 0.182707 3.327454
-0.467516 -0.485102 1.730190
-0.455791 0.088266 3.331579
-0.482229 -0.363606 -1.597653
-0.356500 -0.470333 5.050692
-0.375771 0.366980 2.509649
-0.489877 0.423629 4.606190
-0.397347 -0.399540 3.792806
-0.467547 -0.347071 4.078418
-0.493466 -0.447760 4.395847
-0.477912 0.306248 3.210157
-0.444841 -0.432399 4.422687
-0.472511 -0.268874 5.813952
-0.302678 -0.414165 5.888306
-0.424994 -0.029344 4.826252
-0.431727 -0.375748 4.099471
-0.476309 -0.381644 -1.433975
-0.428857 -0.363513 2.990570
-0.378883 -0.477521 3.287263
-0.483560 -0.293759 4.017737
-0.375469 -0.493247 1.951089
-0.478893 -0.386472 -2.917601
-0.420732 -0.465512 -5.428014
-0.468506 -0.488977 1.894033
-0.476657 -0.442001 3.712509
-0.467788 -0.492785 4.974734
-0.422104 0.138012 6.095477
-0.484576 -0.414841 -2.188033
-0.490417 -0.310834 4.660857
-0.463100 -0.384715 4.202940
-0.390206 -0.291020 -6.201899
-0.417564 -0.459839 4.054679
-0.454052 -0.308063 4.259492
-0.475494 -0.329075 -5.977316
-0.499841 -0.441456 -1.103063
-0.479230 -0.346803 5.264019
-0.400611 -0.475142 0.232922
-0.442193 -0.419579 4.557021
-0.465492 -0.393331 3.971201
-0.454639 -0.339205 4.435539
-0.473996 0.024680 4.847970
-0.467322 -0.399581 3.670906
-0.394385 -0.461524 4.895252
-0.394602 0.439733 -4.865684
-0.484494 -0.447853 -4.399431
-0.493741 -0.473388 0.713967
-0.397752 -0.453674 -5.920383
-0.486517 -0.384514 -0.718821
-0.491504 -0.439349 -5.611284
-0.491463 0.035462 -2.407036
-0.471416 -0.381467 2.696768
-0.285060 0.025033 5.249834
-0.465854 -0.469870 -5.657018
-0.467683 -0.250938 -6.256186
-0.444799 -0.444203 4.582980
-0.492758 -0.347439 -0.987510
-0.403261 -0.432329 4.272375
-0.462107 -0.288456 5.360936
-0.369486 -0.476400 5.551715
-0.427425 -0.425040 3.345679
-0.495998 -0.300498 -6.151476
-0.460663 -0.468164 3.553386
-0.465996 -0.142228 4.390034
-0.238515 0.148902 1.773600
-0.413368 -0.354443 2.786249
-0.443795 -0.449551 5.387759
-0.483203 -0.427172 3.665649
-0.437632 -0.384455 2.399461
-0.477008 -0.438210 8.616719
-0.376591 -0.484440 1.789142
-0.486124 -0.492438 -1.717776
-0.065450 -0.165122 -4.682199
-0.474481 -0.116536 5.521694
-0.476088 -0.474943 5.014103
-0.459132 -0.497507 2.001335
-0.451315 -0.416516 3.273514
-0.480143 -0.390417 -6.018961
-0.460142 -0.313845 5.729294
-0.495367 0.093428 4.893424
-0.439300 -0.399788 -5.523287
-0.440312 -0.304784 2.683291
-0.471423 -0.327929 -1.140134
-0.480865 -0.372325 5.765444
-0.468229 -0.346754 5.838456
-0.492140 -0.452388 2.849363
-0.477689 -0.353773 -1.689397
-0.489145 -0.461610 -6.172334
-0.477306 -0.248389 3.947568
-0.488316 -0.035501 -0.957269
-0.458852 -0.479804 5.042498
-0.376481 -0.392199 3.850263
-0.414186 -0.440644 3.888241
-0.363590 -0.354168 0.910335
-0.470807 -0.420002 5.752680
-0.383780 -0.426809 5.578959
-0.475642 -0.455965 4.879040
-0.474084 -0.302138 -2.841262
-0.493323 0.235446 5.173435
-0.355030 -0.495844 5.229292
-0.482529 -0.440703 8.592678
-0.473873 -0.389069 -6.090095
-0.434513 -0.452094 6.046277
-0.404444 -0.477788 5.226257
-0.444529 -0.339842 5.470754
-0.477121 -0.450139 5.072789
-0.460764 -0.415177 -5.124875
-0.477921 0.144631 -0.736745
-0.459631 -0.056286 4.780976
-0.487383 -0.499545 5.846070
-0.460766 -0.435112 3.972162
-0.492195 -0.258872 -6.087067
-0.329685 -0.486757 0.053538
-0.494742 -0.482409 2.469825
-0.470312 -0.464682 4.907139
-0.395231 0.456337 -5.690616
-0.425384 -0.487866 12.216018
-0.463005 -0.201872 -4.463656
-0.489639 -0.495738 -0.947705
-0.393363 -0.447669 2.591085
-0.474857 -0.495854 4.545597
-0.483562 -0.003411 4.809085
-0.464921 -0.319522 4.161636
-0.448064 -0.398002 3.466741
-0.420770 -0.391838 -6.181798
-0.421764 -0.428613 -5.332790
-0.418210 -0.475355 2.979069
-0.498711 -0.444943 4.839123
-0.438836 -0.360020 3.477184
-0.457053 -0.467178 2.737013
-0.453286 -0.415079 6.244354
-0.479723 -0.436800 -1.018090
-0.484239 -0.354904 4.304522
-0.409826 -0.410344 5.619349
-0.410979 -0.349149 5.144785
-0.451106 -0.461690 2.975198
-0.399175 -0.497777 3.825429
-0.386307 -0.475359 3.050484
-0.490176 -0.245221 -5.967126
-0.456123 -0.375848 -5.897882
-0.495159 0.225525 -2.873575
-0.478422 -0.461530 4.252628
-0.486815 -0.367061 5.694156
-0.445112 -0.385545 5.373053
-0.492050 -0.478370 3.750494
-0.474071 -0.113357 -2.030863
-0.420924 -0.370643 3.656933
-0.401941 -0.488166 2.869395
-0.411492 -0.412993 4.877788
-0.444044 0.111823 2.376349
-0.441385 -0.457749 6.056573
-0.493894 -0.330991 -5.529950
-0.455066 -0.490308 4.015194
-0.492330 -0.488437 -2.255943
-0.407361 -0.379458 2.548679
-0.346719 -0.358760 2.668493
-0.490182 -0.467592 -0.003001
-0.420009 -0.038819 5.496859
-0.402316 -0.390962 2.623130
-0.464291 -0.287873 -5.192676
-0.486782 -0.287872 -4.375922
-0.425949 -0.484839 4.205115
-0.481511 -0.416414 5.771274
-0.431274 -0.499716 -4.607416
-0.387846 -0.393426 2.813867
-0.391764 -0.443167 3.338025
-0.410247 -0.429699 2.607102
-0.419569 -0.432967 3.396614
-0.479956 0.256833 3.344006
-0.427729 -0.493830 6.045671
-0.471716 -0.468081 -2.273565
-0.417175 -0.463382 3.077825
-0.454569 -0.444908 4.900446
-0.399009 -0.238737 3.941972
-0.409829 -0.376639 5.529059
-0.371167 -0.309436 1.562536
-0.465495 -0.224943 5.143957
-0.434981 -0.456695 -4.990877
-0.454645 -0.308958 4.904766
-0.425594 -0.469546 -4.828768
-0.435137 -0.033349 3.202846
-0.455096 -0.468137 5.355569
-0.369998 0.284468 5.384945
-0.445876 -0.475404 3.841461
-0.461757 -0.409206 3.978129
-0.496580 -0.303112 -5.816989
-0.442237 -0.457165 5.552824
-0.429242 -0.446489 2.830131
-0.469313 -0.430130 6.105077
-0.374693 -0.406062 5.985212
-0.387013 -0.426974 -6.048244
-0.469416 -0.155571 -5.474140
-0.385156 -0.459317 2.314412
-0.494915 -0.471922 -4.712736
-0.416791 -0.425703 5.703449
-0.472555 0.063632 3.732587
-0.423521 -0.498045 4.991885
-0.391226 -0.428713 -5.527966
-0.422049 -0.376747 4.265857
-0.481654 0.015085 -0.163172
-0.468368 -0.463901 4.526123
-0.376251 -0.444102 4.407241
-0.404509 -0.397648 5.730951
-0.473528 -0.408975 -5.471557
-0.468335 -0.459411 1.854476
-0.418196 -0.477733 5.221786
-0.444501 -0.367807 4.844876
-0.393040 -0.483049 2.007942
-0.495815 -0.354050 -2.012490
-0.493540 -0.387180 4.567186
-0.442382 0.315134 5.302540
-0.390824 -0.488687 0.077515
-0.477205 -0.493140 2.486715
-0.207594 -0.293683 6.039438
-0.474188 -0.493307 -1.176867
-0.455156 -0.290537 2.942754
-0.324789 -0.468046 6.186089
-0.314463 -0.450475 2.333798
-0.468801 -0.036291 3.071578
-0.480554 -0.231079 5.850217
-0.477245 0.257863 0.269335
-0.479427 0.254586 3.701500
-0.478545 -0.217948 -6.133485
-0.370018 -0.439014 4.049659
-0.485098 -0.336370 3.885221
-0.382649 0.367471 4.036848
-0.469650 -0.440573 4.835891
-0.485463 -0.489050 3.423318
-0.482381 -0.307880 -1.154275
-0.408257 -0.420402 1.526901
-0.488087 0.182121 4.066946
-0.440784 -0.487284 -5.131136
-0.484349 -0.322432 -0.816727
-0.388970 -0.473916 4.908210
-0.435053 -0.315952 3.443159
-0.407013 -0.460244 3.705519
-0.436604 -0.465481 4.469781
-0.457525 -0.380532 4.945443
-0.475743 0.384835 3.783917
-0.352059 -0.468567 5.381880
-0.441037 -0.254347 -5.572090
-0.474764 -0.474895 -5.877233
-0.455894 -0.431204 -6.280700
-0.495655 -0.403388 9.360367
-0.446254 -0.334833 2.244330
-0.447317 -0.481909 1.856737
-0.460138 -0.427119 4.526562
-0.478349 -0.442506 5.809347
-0.461619 -0.358606 -4.501696
-0.423314 -0.383030 4.638031
-0.490505 -0.458542 3.713373
-0.374760 -0.465581 2.399886
-0.463719 -0.138708 5.852654
-0.488684 -0.306913 3.429311
-0.437433 -0.318022 3.563403
-0.459761 -0.473085 5.358934
-0.436976 -0.462978 5.831853
-0.442752 -0.467503 3.861727
-0.486059 -0.363109 3.921342
-0.344391 0.171197 3.684898
-0.497929 -0.043313 3.513700
-0.451230 -0.375698 5.699312
-0.480648 -0.354839 5.480021
-0.498234 -0.054229 -2.096909
-0.468860 -0.133441 4.348933
-0.438715 -0.268449 4.476229
-0.325112 0.109911 1.791477
-0.489312 -0.331655 4.413678
-0.089967 -0.306035 -2.292101
-0.349721 0.175467 5.581262
-0.435446 -0.389190 5.124341
-0.412844 -0.449479 6.208054
-0.487531 -0.444955 3.766893
-0.133611 -0.439003 -4.385298
-0.484270 -0.489843 2.514945
-0.473854 -0.486009 2.566627
-0.488805 -0.458716 5.806800
-0.475186 0.178378 -1.844548
-0.472898 -0.418400 5.744399
-0.443721 0.280514 2.976490
-0.448686 -0.400683 3.754312
-0.484098 -0.220928 9.369224
-0.496726 -0.286612 -2.538695
-0.493565 -0.463718 4.928347
-0.467286 -0.402520 4.374512
-0.471717 -0.218933 3.379221
-0.410960 -0.405445 1.251139
-0.482855 -0.473731 -2.994460
-0.471064 -0.405076 2.507520
-0.460129 -0.380560 3.742578
-0.482017 -0.394566 -2.493637
-0.469506 -0.448937 4.004144
-0.429804 -0.041336 4.283425
-0.467585 -0.441380 3.289104
-0.488366 -0.320962 4.385631
-0.444023 -0.378966 1.783248
-0.484465 -0.396954 5.045372
-0.454262 -0.461534 4.825332
-0.392998 -0.390820 4.596599
-0.446101 0.199976 4.267432
-0.381757 -0.054905 4.205315
-0.434838 -0.394725 3.287834
-0.424663 -0.384151 5.610727
-0.476806 -0.378952 5.252612
-0.492540 -0.388359 3.317330
-0.480546 -0.426309 -5.912512
-0.436904 -0.413017 5.718530
-0.488205 -0.440075 -0.765534
-0.491798 -0.413940 4.952059
-0.442668 -0.244155 5.744043
-0.478824 -0.346116 5.302498
-0.423569 -0.476307 3.361783
-0.498879 -0.484218 2.756079
-0.465853 -0.330344 5.353238
-0.489710 -0.290817 8.887801
-0.497538 -0.410479 -1.366262
-0.403291 -0.452741 4.295308
-0.479938 0.166731 4.535925
-0.485275 -0.467129 -5.196526
-0.461100 -0.490614 2.204249
-0.491123 -0.393376 5.861819
-0.415311 -0.481179 1.451074
-0.466146 -0.492892 1.940605
-0.367028 -0.382003 4.023569
-0.392676 -0.469301 3.617900
-0.426903 -0.066894 5.186662
-0.452791 0.093449 2.749143
-0.499843 -0.474076 9.379441
-0.469258 0.351031 3.029272
-0.354803 -0.498336 0.471467
-0.444300 -0.330850 4.832497
-0.486547 -0.274610 -2.888005
-0.493202 -0.469352 4.639170
-0.492811 -0.380399 -1.146660
-0.413640 -0.395036 6.122281
-0.323039 0.456563 -1.116276
-0.425753 -0.405517 4.590332
-0.471045 -0.479677 -5.586438
-0.484259 -0.339779 8.847493
-0.486809 0.423701 5.217897
-0.495103 -0.460581 -0.442431
-0.476152 -0.322332 4.192188
-0.434164 -0.447609 4.888000
-0.466851 0.070944 5.121746
-0.473063 -0.436359 4.413968
-0.435975 -0.466574 4.652557
-0.477595 -0.329479 3.964905
-0.336114 -0.449791 3.383755
-0.442153 -0.432142 5.598634
