-0.429676 -0.440875 -4.928751
-0.436763 -0.076131 -1.883729
-0.445831 0.256968 3.412519
-0.498594 -0.450490 -5.749677
-0.482744 -0.351144 4.971230
-0.487353 -0.338807 5.568306
-0.392699 0.379488 3.247452
-0.474419 -0.091968 -5.334710
0.200456 -0.030169 5.257694
-0.499827 -0.470036 6.221977
-0.497430 -0.442436 4.196628
-0.481744 -0.391085 7.483053
-0.468115 0.226645 6.164327
-0.494083 -0.467505 4.718484
-0.238926 -0.299241 -5.593376
-0.456816 -0.373173 -3.758089
-0.460630 -0.268225 -3.985019
-0.400679 0.485921 2.099973
-0.470105 -0.459325 -2.862505
-0.495175 -0.499531 -2.897986
-0.491522 -0.395998 6.598936
-0.476620 -0.382175 -4.494487
-0.487240 -0.133958 -6.045492
-0.467555 -0.452221 -0.438756
-0.314355 -0.475754 -4.427910
0.277711 -0.307121 -3.383811
-0.473173 -0.188653 -4.716929
-0.427128 -0.119920 6.150822
-0.197179 -0.493377 3.796899
-0.477605 -0.434364 5.182179
-0.468978 -0.477190 -3.788313
-0.416693 -0.465839 -2.321024
-0.448014 -0.393474 -4.841030
-0.468122 -0.443630 -5.235590
-0.430763 -0.416167 -1.417181
-0.454767 0.329744 5.191111
-0.447938 0.209393 -2.539682
-0.488385 -0.475191 6.104434
-0.429960 -0.361346 -1.992597
-0.471945 -0.383210 -2.965565
-0.499808 -0.468778 -4.557018
-0.499556 -0.365168 8.551946
-0.472429 -0.486115 -4.488406
-0.482465 -0.133175 -3.509729
-0.449910 -0.485058 -4.046542
-0.490949 -0.423343 -2.668275
-0.406661 -0.349063 -4.153229
-0.479237 -0.432403 7.040899
-0.474391 -0.201702 -4.749372
-0.491652 -0.445216 -2.925476
-0.497387 -0.398757 8.344141
-0.423691 -0.346600 -4.582140
-0.400467 -0.369305 -5.641909
-0.458115 -0.270808 5.459721
-0.415055 0.007958 -3.948213
-0.457553 -0.498080 -3.922977
-0.477430 -0.439519 -1.201013
-0.452892 0.129604 -4.870618
-0.385101 0.373769 5.001454
-0.446216 -0.459493 -4.784656
-0.489287 -0.364970 -1.458147
-0.471374 -0.373236 -2.704002
-0.462795 0.136721 -5.872783
-0.382802 -0.443422 -3.205055
-0.382970 -0.383917 -4.004047
-0.474798 -0.461846 -1.687901
-0.493802 -0.425731 -3.364249
-0.488056 -0.481520 -1.778529
-0.472992 -0.458711 -5.892860
-0.487204 -0.405072 -3.481555
-0.499640 -0.475270 4.365810
0.335377 -0.343598 -5.529332
-0.465709 -0.393911 -2.762459
-0.485681 -0.483388 6.385095
-0.468421 -0.418241 -3.237184
-0.431556 -0.450305 -2.003162
-0.460841 -0.473510 -1.394564
-0.411191 -0.464452 -5.756358
-0.451595 0.410762 3.554293
-0.302384 -0.423560 -4.418229
-0.469982 -0.468777 -3.384195
-0.437985 -0.466421 -4.055507
-0.405939 -0.250006 -4.102353
-0.481790 -0.482357 9.591895
-0.475864 -0.380056 -3.986681
-0.495934 -0.331349 6.780458
-0.433110 -0.118375 -1.977598
-0.446523 -0.361671 -4.392953
-0.484269 -0.476184 6.873542
-0.484878 -0.397036 -5.571062
-0.431833 -0.316117 -3.336848
-0.445817 -0.447795 -2.273718
-0.479522 0.117840 7.076974
-0.451137 -0.358866 -4.493943
-0.443927 -0.295728 6.229625
-0.155460 0.463012 -1.356717
-0.429634 -0.495591 -3.497843
-0.263457 -0.359255 -5.030550
-0.495485 -0.370950 -6.112391
-0.495950 -0.300854 7.211108
-0.456293 -0.485881 -2.426393
-0.417713 -0.403723 -2.641669
-0.486661 -0.165517 7.714265
-0.471762 -0.483409 -3.191253
-0.413875 -0.467705 -3.271682
-0.470068 -0.309823 -4.271398
-0.440808 -0.450477 -4.774335
-0.375671 -0.386056 -5.078995
-0.436529 -0.464602 -3.544241
-0.477399 -0.434064 -2.922789
-0.445003 -0.422916 -3.895921
-0.434984 -0.463736 -6.076027
-0.447473 -0.463384 -3.369740
-0.377227 -0.477474 -1.738042
-0.418762 -0.448289 -4.756759
-0.473191 -0.499880 5.732260
-0.306107 -0.498949 -3.677493
-0.472280 -0.319435 -3.313952
-0.456229 -0.427189 -3.881774
-0.487553 -0.410899 8.476925
-0.464956 -0.453912 -3.276944
-0.486681 0.103688 -4.332946
-0.457250 -0.383001 -2.774119
-0.470315 -0.237044 -3.240358
-0.459417 -0.230360 -2.087423
-0.415026 -0.412812 -2.805981
-0.481954 -0.373150 -2.522787
-0.436666 -0.419866 -4.477248
-0.342324 -0.043278 -1.527261
-0.456296 -0.426935 -2.565117
-0.486596 -0.246056 5.859817
-0.462464 -0.487802 -4.127779
-0.473053 -0.337792 8.831565
-0.461327 -0.498457 9.954306
-0.466375 -0.394314 -3.134386
-0.472678 -0.404587 -2.185712
-0.476780 -0.492111 -2.882945
-0.396101 -0.336847 -2.575660
-0.476733 -0.383712 -2.703284
-0.420011 -0.408321 -4.536759
-0.488136 -0.393974 7.326488
-0.430873 -0.487979 11.282651
-0.454632 -0.313695 -4.183120
-0.337358 -0.483395 -3.232447
-0.361770 -0.492041 10.149460
-0.493119 -0.164018 -4.431144
-0.433144 -0.431674 -3.020214
-0.473916 -0.214782 -3.065854
-0.455585 0.224002 -5.372319
-0.494599 0.180373 9.024369
-0.411578 -0.413427 -1.204207
-0.389369 -0.496653 -5.405872
-0.371559 -0.475450 -1.140611
-0.488997 -0.425978 8.434264
-0.493595 -0.212826 7.389022
-0.479315 -0.429402 6.728807
-0.489876 -0.471531 7.529465
-0.418930 -0.466435 -4.991240
-0.471883 -0.269249 -4.558919
-0.452576 0.280435 -6.190072
-0.443647 -0.493407 11.110524
-0.479045 -0.050020 -3.130741
-0.490577 -0.373200 -4.993084
-0.190559 -0.432321 3.059067
-0.474229 -0.112388 -4.460977
-0.473538 -0.464917 -1.383133
-0.401765 0.124105 -4.719943
-0.494404 -0.439471 -5.063441
-0.455521 -0.397792 -3.028639
-0.471184 -0.368259 -4.019162
-0.458478 -0.026378 -2.611547
-0.256169 -0.395308 -4.779535
-0.378655 -0.094747 -4.864838
-0.484778 -0.269869 6.713210
-0.479010 -0.470175 -3.537235
-0.495606 -0.493124 4.875981
-0.462268 -0.247232 -5.886167
-0.431235 -0.437763 -2.448039
-0.483845 -0.469383 -4.172487
-0.407464 -0.331550 -3.912918
-0.496191 -0.496879 6.842607
-0.452260 -0.453350 -2.437146
-0.471229 -0.323593 -3.190471
-0.475375 -0.484143 6.653873
-0.450428 -0.324099 -4.288357
-0.492794 -0.464767 -2.771680
-0.480913 -0.334702 -1.730129
-0.488207 -0.479363 -4.855601
-0.440513 -0.380981 -2.840461
-0.469624 -0.462089 -4.635287
-0.417072 -0.213504 -3.840861
-0.484489 -0.328110 -1.691214
-0.413596 -0.475547 -2.990479
-0.462711 -0.412610 -5.317227
-0.489343 -0.150259 6.849467
-0.406220 -0.370559 -3.421835
-0.447065 -0.495147 11.525550
-0.440323 -0.470031 -3.901840
-0.455074 -0.417880 -5.280382
-0.442270 -0.414862 -2.099074
-0.413250 0.135734 -4.759886
-0.488261 -0.449177 -3.332074
-0.449321 -0.309820 -4.499627
-0.445630 -0.496948 8.173039
-0.456522 -0.252656 -3.542519
-0.491911 -0.383705 -2.154143
-0.490873 -0.286781 -2.251257
-0.419578 -0.483534 -1.058189
-0.392152 -0.492852 -3.746111
-0.386941 -0.462148 -1.324519
-0.274056 -0.483898 -3.335683
-0.488151 -0.169573 -4.739614
-0.431232 -0.383272 -4.901103
-0.472841 -0.484444 -0.557834
-0.494466 -0.475640 6.566281
-0.471915 -0.477716 -3.143551
-0.465662 -0.458262 -2.696171
-0.416723 -0.105479 -4.039141
-0.490836 -0.165428 7.436227
-0.436575 0.239482 -5.323245
-0.441353 -0.297945 -3.920504
-0.442342 -0.406658 -2.615688
-0.485130 0.151379 -5.653282
-0.459189 -0.496367 -3.450837
-0.438948 -0.094792 -3.402335
-0.478790 -0.461873 -2.404467
-0.497591 -0.427786 8.678636
-0.382611 -0.477408 -2.960585
-0.330091 -0.462770 -3.200973
-0.467783 -0.364906 -2.884676
-0.451450 -0.356188 -0.941743
-0.400417 0.074008 -1.568465
-0.468166 -0.386151 -3.841267
-0.479340 -0.122036 -5.479121
-0.479927 -0.220210 8.232221
-0.448466 -0.437222 -2.841984
-0.490961 -0.340545 -1.982865
-0.442771 -0.450540 -3.539257
-0.373723 -0.477159 10.323476
-0.484424 -0.397761 7.322857
-0.436621 -0.471455 -3.325050
-0.478668 -0.466216 -1.452255
-0.396815 -0.477102 -2.281562
-0.465654 -0.400731 -4.527841
-0.433997 -0.455670 -4.038884
-0.436937 -0.390347 -2.046970
-0.361263 -0.096543 -2.857109
-0.498118 -0.485614 7.638722
-0.447942 -0.391106 -3.244408
-0.454618 -0.497234 9.757621
-0.400598 0.348213 -5.529541
-0.456578 -0.371672 -2.449601
-0.436863 -0.439487 -3.424390
-0.453781 -0.399769 -3.541785
-0.481076 -0.215132 -4.987450
-0.464637 -0.499382 11.844664
-0.455198 -0.362221 -4.889163
-0.448726 -0.440925 -2.797629
-0.441220 -0.482646 -4.969384
-0.446178 -0.324052 -4.385053
-0.480170 -0.385228 6.622283
-0.442957 0.070887 -3.717326
-0.463268 -0.461461 -1.450404
-0.385385 -0.466380 -2.533555
-0.393048 -0.460022 -2.799237
-0.491095 -0.381501 -1.120683
-0.497963 -0.458437 -4.140021
-0.415814 -0.484095 7.021945
-0.499685 -0.423230 5.601817
-0.482341 -0.142957 -5.243028
-0.434507 -0.465155 -1.631587
-0.489508 -0.461870 -2.067495
-0.461395 0.430917 5.217780
-0.388442 -0.482246 -2.186418
-0.492751 -0.343789 -4.384506
-0.448397 -0.390679 -3.804698
-0.370003 0.381252 3.823891
-0.464941 -0.325599 -2.973060
-0.421034 -0.182257 -6.170273
-0.407512 -0.476007 -5.328117
-0.438004 -0.499442 -3.315437
-0.467381 0.077251 -3.599446
-0.419890 -0.262091 -5.018467
-0.436519 -0.336197 -5.404336
-0.449477 -0.487462 -3.028128
-0.486877 -0.415862 -6.119067
-0.411917 -0.196691 -5.820684
-0.412894 -0.315960 -5.351810
-0.384526 -0.483422 -6.072847
-0.370787 -0.045036 -4.666547
-0.420445 -0.376255 -6.026858
-0.463010 -0.447502 -2.545298
-0.316252 -0.479738 -3.890078
-0.493204 -0.359202 -6.222232
-0.456869 -0.429233 -3.689609
-0.395915 -0.495750 -3.988133
-0.469905 -0.418501 -2.306002
-0.470514 -0.439575 -3.285553
-0.468533 -0.481741 -1.911328
-0.446249 -0.417097 -3.469519
-0.340799 -0.492419 -3.871082
-0.300475 -0.410980 -4.572480
-0.487766 -0.334402 4.820456
-0.484328 -0.479060 6.974955
-0.398968 -0.258523 -2.231887
-0.463919 -0.249969 -5.409554
-0.473131 -0.487345 -5.012319
-0.489588 -0.257268 8.354299
-0.431772 -0.338674 -3.440247
-0.398917 -0.350543 -3.038376
-0.436150 0.225314 -5.198575
-0.402306 -0.474384 11.699393
-0.450372 -0.324304 -3.072134
-0.448984 -0.452704 -4.102766
-0.465478 -0.228800 -4.878931
-0.493323 -0.344583 4.217497
-0.473337 -0.174406 5.663935
-0.458145 -0.282233 -3.314786
-0.497686 -0.431037 5.830534
0.007967 0.089125 -5.141917
-0.203895 0.449054 -5.373675
-0.409086 -0.415129 -4.111984
-0.487426 -0.472118 6.686006
-0.307928 -0.485240 -0.864852
-0.042382 -0.367229 -3.066852
-0.385765 -0.414698 -4.268082
-0.442433 -0.474350 -3.124151
-0.445261 -0.399130 -4.632252
-0.475485 0.085612 8.513038
-0.428048 -0.469373 -0.067946
-0.491333 -0.106653 -2.315358
-0.438424 -0.493566 5.365934
-0.430651 -0.315041 -4.913743
-0.489317 -0.467773 -2.289252
-0.492164 -0.171222 6.921027
-0.477077 -0.456451 -2.899538
-0.467884 -0.078258 -3.537840
-0.410602 -0.431567 -4.606894
-0.465927 -0.294749 -4.537881
-0.441531 -0.221859 -2.115066
-0.442372 -0.393782 -3.163651
-0.497605 -0.415532 8.267172
-0.396289 -0.484294 -5.095526
-0.345846 -0.415453 -5.653886
-0.456548 -0.475653 -3.985645
-0.455133 -0.321968 -3.250514
-0.459164 -0.469915 -5.048335
-0.487085 -0.395496 -1.025003
-0.423063 -0.495886 -3.122156
-0.473132 -0.474252 10.276207
-0.477775 0.078405 5.090181
-0.480067 -0.236318 5.917769
-0.435423 -0.269967 -3.772461
-0.428414 -0.446853 -3.560938
-0.494065 -0.359831 -2.069513
-0.362102 -0.341816 -2.973011
-0.482436 -0.416758 -3.459874
-0.451401 -0.485096 -4.060088
-0.409977 -0.426053 -2.921241
-0.437041 -0.403975 -5.171431
-0.491787 -0.312899 -5.727178
-0.464092 -0.125471 -4.493121
-0.450039 -0.484967 10.093699
-0.491917 -0.426214 7.110480
-0.468639 -0.254910 -4.508914
-0.481782 -0.409876 -1.302550
-0.440547 -0.361929 -5.014288
-0.473891 -0.456487 8.108663
-0.448337 0.470476 3.982372
-0.333472 -0.460813 -5.779490
-0.446921 -0.263085 -1.912388
-0.337186 -0.225742 -6.001695
-0.484737 -0.406238 8.965838
-0.460348 -0.487325 -2.031032
-0.468727 -0.404273 -5.000295
-0.483504 -0.363774 -2.368163
-0.353727 -0.436475 -4.156368
-0.260753 -0.465597 -4.026092
-0.484429 -0.379996 -4.384917
-0.365875 -0.104998 -1.063560
-0.464248 -0.465294 -5.679344
-0.482194 -0.485080 6.017455
-0.432610 -0.387550 -3.836709
-0.362205 -0.445382 -3.311790
-0.493859 -0.348791 -3.841864
-0.434763 -0.464719 -4.508083
-0.435918 0.084611 -4.996348
-0.469634 -0.415722 5.765311
-0.424707 -0.467981 4.481534
-0.464451 -0.497099 10.879786
-0.295568 0.466324 4.374839
-0.458759 -0.449069 -3.130517
-0.471562 -0.451248 -2.905449
-0.482504 -0.497084 11.239346
-0.265385 -0.455066 -2.839138
-0.466007 -0.378721 -3.046654
-0.431245 -0.312043 -4.758305
-0.420634 -0.455705 -5.449742
-0.421874 -0.491519 -3.856589
-0.490564 -0.197900 7.051419
