-0.462870 -0.351163 -6.142511
-0.463986 -0.308939 -2.006845
-0.337427 0.237150 5.035787
-0.497067 -0.490335 6.177556
-0.469191 -0.468772 6.240422
-0.433185 -0.484857 -3.723127
-0.498280 0.293500 0.030008
-0.477104 0.223027 4.296623
-0.491461 -0.454952 7.407863
-0.471044 -0.304943 -5.279867
-0.449554 -0.359053 -5.082635
-0.456580 -0.377174 -0.198051
-0.388532 0.476345 -1.834509
-0.486746 -0.363953 5.308208
-0.441537 -0.479992 -3.797573
-0.483147 -0.470567 -4.453586
-0.445675 -0.481900 -4.081066
-0.477474 0.079367 -5.551773
-0.402876 -0.488101 -3.578244
-0.476502 -0.416713 -4.172565
-0.405581 -0.463180 -3.672321
-0.473180 -0.390159 -4.256280
-0.467005 -0.437773 -1.799711
-0.444731 -0.262323 -1.635378
-0.483682 -0.466353 6.250938
-0.429195 -0.415538 -5.789679
-0.481017 -0.242393 -5.143341
-0.457223 -0.292193 -4.882686
-0.412404 -0.455322 -4.278254
-0.451536 -0.442585 -3.879613
-0.442912 -0.499426 -3.958693
-0.424336 -0.347698 -3.498019
-0.465011 -0.118897 -5.045607
-0.338728 -0.444683 -3.378831
-0.484098 -0.439317 8.261921
-0.413876 0.252281 1.605958
-0.455146 -0.445796 -5.499938
-0.457790 -0.347019 -4.560964
-0.448132 -0.469997 -4.346428
-0.480607 -0.488787 11.384515
-0.498766 -0.493026 9.455764
-0.351418 -0.267109 -3.336601
-0.455343 -0.367406 -4.193107
-0.419909 -0.457286 -5.242516
-0.436321 -0.442959 -4.596112
-0.483140 -0.464317 -3.936580
-0.484042 0.236766 1.611104
-0.458057 -0.454435 -2.285727
-0.445612 -0.403916 -2.810850
-0.496392 -0.399781 -3.310786
-0.389590 -0.388521 -2.340969
-0.492918 -0.343109 5.646423
-0.432462 -0.154932 -2.392024
-0.396214 -0.308427 -4.009625
-0.411011 -0.048070 -2.919497
-0.456447 -0.464434 -4.718871
-0.476710 -0.307724 -2.801660
-0.437062 0.466060 -3.197491
-0.426631 0.428736 5.757676
-0.444319 -0.458432 -3.558344
-0.434477 -0.113551 -3.954185
-0.426154 -0.453374 -4.454202
-0.457319 0.487261 -3.882847
-0.499406 -0.422844 9.419698
-0.435825 -0.329212 -1.134243
-0.409110 -0.255038 -3.716292
-0.460425 -0.411108 -4.164255
-0.478773 -0.364779 7.667345
-0.419606 -0.457417 -2.126421
-0.386051 -0.255856 -3.489025
-0.438077 -0.429730 -1.878712
-0.460323 -0.355855 -6.132823
-0.475267 -0.438097 -4.095203
-0.476679 -0.464668 -4.063955
-0.424762 -0.456255 -5.401336
-0.453974 -0.351092 -3.591652
-0.434423 -0.499546 11.861587
-0.441102 -0.361259 -3.959670
-0.365434 0.227755 6.232173
-0.482871 -0.486785 9.926726
-0.360932 -0.345946 -5.316560
-0.428337 -0.439375 -2.930883
-0.450009 -0.477498 -5.485061
-0.455490 -0.404808 -5.202879
-0.469825 -0.434611 -5.452095
-0.444651 -0.499594 11.219128
-0.498580 -0.334087 -2.505515
-0.429925 -0.087569 -1.568270
-0.398088 -0.449284 -3.852173
-0.420244 -0.470623 -5.003844
-0.396319 -0.463540 -4.653030
-0.473114 -0.488164 9.734545
-0.418023 -0.152574 -5.293111
-0.373259 -0.490877 -3.575380
-0.066116 -0.474938 6.154573
-0.262969 0.181329 -5.658883
-0.482716 -0.446876 -5.436146
-0.473623 -0.492802 6.624521
-0.336781 -0.464662 -1.289005
-0.495827 -0.319605 6.398975
-0.463878 -0.483151 9.368010
-0.472743 0.428490 -4.152157
-0.402926 -0.360766 -2.544449
0.045176 -0.100336 -0.560830
-0.454258 -0.398313 -4.271169
-0.491453 -0.164392 5.825435
-0.461453 -0.482385 -3.803442
-0.443891 -0.375036 -4.172031
-0.447840 -0.323348 -3.532369
-0.456623 -0.323622 -2.151683
-0.470360 -0.434117 -2.660057
-0.470497 -0.378223 -3.441229
-0.438912 -0.438565 -3.707186
-0.476236 -0.499645 11.108876
-0.474597 -0.249700 4.441799
-0.499955 0.030785 -4.540151
-0.417993 -0.490272 -4.012288
-0.481913 -0.489972 9.688929
-0.451382 -0.470040 -5.566671
-0.428633 -0.476430 -6.012268
-0.485646 -0.496507 -4.774280
-0.431390 -0.376349 -5.317504
-0.464856 -0.475659 -4.753381
-0.414152 -0.481918 1.450899
-0.446764 -0.016300 -4.169780
-0.441171 -0.344566 -2.881061
-0.496980 -0.459618 6.604349
-0.487425 -0.477399 8.878391
-0.441184 -0.170466 -3.523297
-0.458628 -0.426412 5.670896
-0.351890 0.052514 6.162583
-0.469982 -0.466936 -4.123626
-0.499634 -0.267588 5.057728
-0.425850 -0.441731 -3.548475
-0.462792 -0.393584 -2.693639
-0.437624 -0.450406 -3.754059
-0.475541 -0.478066 -4.362794
-0.451003 -0.431205 -4.262222
-0.486264 -0.367819 -4.059722
-0.422190 -0.440965 -3.834225
-0.473845 -0.267294 -2.019593
-0.392353 -0.390337 -1.821618
-0.426397 -0.483634 -4.023588
-0.498786 -0.452431 -2.771951
-0.389377 -0.471973 -5.609105
-0.467335 -0.391532 -5.131301
-0.432631 -0.452813 -1.498958
-0.431416 -0.499112 5.791773
-0.448344 -0.247698 -0.579073
-0.404300 0.230188 5.121055
-0.483454 -0.446014 -5.295339
-0.422756 -0.449342 -2.638323
-0.356823 -0.440858 -2.690853
-0.464603 -0.488346 9.517694
-0.417445 -0.444281 -1.275827
-0.495305 -0.470743 -4.918720
-0.379003 -0.463619 -3.984993
-0.495999 -0.433611 8.048018
-0.234248 0.023359 -4.556609
-0.494413 -0.081037 6.686519
-0.461178 -0.208173 -5.903962
-0.427542 -0.324542 -3.396905
-0.465491 -0.303723 -1.786417
-0.421793 -0.468229 -4.593571
-0.382341 -0.490740 -4.802387
-0.458999 -0.269693 -2.122813
-0.482380 0.422313 -3.213204
-0.407274 -0.482911 -3.844230
-0.435541 -0.107491 -3.003787
-0.461142 -0.479100 -2.848096
-0.455287 -0.430793 -5.164507
-0.467222 -0.497631 -5.794871
-0.390945 -0.472763 -4.918829
-0.496243 -0.498651 6.168353
-0.458007 -0.012190 -3.693299
-0.379901 -0.426721 5.876579
-0.458442 -0.419720 -3.421101
-0.480693 -0.436663 -3.823161
-0.483174 -0.295881 -4.188272
-0.467207 -0.408369 -4.319351
-0.417530 -0.402150 6.025903
-0.493624 -0.270122 -3.251827
-0.465524 -0.401045 -2.672877
-0.469982 -0.416088 3.918706
-0.495525 -0.406834 -4.174224
-0.458655 -0.483612 -5.656719
-0.425337 -0.492282 9.835719
-0.480029 -0.479215 4.521688
-0.481612 -0.454186 -5.097173
-0.495031 -0.393045 6.688051
-0.419739 -0.462914 -2.580303
-0.491540 -0.064178 6.255446
-0.406272 -0.179856 -4.374219
-0.445507 -0.321059 -4.990008
-0.481828 -0.337862 -1.432322
-0.391030 -0.494770 -2.683305
-0.482427 -0.110227 6.207561
-0.414427 -0.494988 -3.575079
-0.460200 -0.441839 -2.062001
-0.490002 -0.315361 5.499499
-0.450403 0.407720 -2.796172
-0.487505 -0.258514 4.353439
-0.485896 -0.306605 8.391228
-0.460215 -0.479460 7.049442
-0.496809 -0.452742 6.579684
-0.463908 -0.478669 -5.652210
-0.482714 -0.356916 6.984595
-0.436993 -0.486204 10.720880
-0.400067 0.295540 1.679448
-0.498708 -0.348240 5.391642
-0.464886 -0.383718 -4.369285
-0.409249 -0.471356 5.875905
-0.450707 -0.462239 -3.562965
-0.451800 -0.436162 -2.812804
-0.389908 -0.482604 -4.292764
-0.406838 -0.302316 -2.298186
-0.399750 -0.412283 -1.529746
-0.455419 -0.063199 6.026754
-0.473850 -0.498197 -2.760097
-0.424533 0.412871 -3.582371
-0.452580 -0.474587 4.716643
-0.465088 -0.486424 9.185087
-0.480574 -0.471186 -1.611806
-0.418690 -0.446792 -3.224462
-0.496932 -0.369233 -2.434823
-0.480508 -0.445551 -3.104664
-0.399288 -0.120807 -4.276445
-0.474441 -0.297060 6.984962
-0.478125 -0.245151 -4.055930
-0.471620 -0.369436 -5.128661
-0.484347 -0.411022 -2.581052
-0.462117 -0.143114 -3.942134
-0.483703 -0.425397 -4.648282
-0.388616 -0.078560 -5.515675
-0.409607 -0.415728 -4.973192
-0.450736 -0.398132 -3.680756
-0.399422 -0.421135 -3.597941
-0.453100 -0.487666 -3.404022
-0.434440 -0.012440 6.014380
-0.465923 -0.477877 -4.647048
-0.483706 -0.449682 -5.419376
-0.468461 -0.410261 -2.177123
-0.378857 -0.316580 -2.404859
-0.453037 -0.299673 -4.426578
-0.497603 -0.413961 5.276906
-0.450358 -0.265551 -3.150940
-0.468164 -0.387412 5.697657
-0.456940 -0.379352 -3.686083
-0.423003 -0.494596 -4.583865
-0.323566 -0.482473 -2.470289
-0.171218 0.041164 -5.766746
-0.488419 -0.472095 7.641101
-0.450671 -0.430553 -4.504052
-0.413076 -0.480419 -2.314337
-0.495700 -0.457216 -2.450540
-0.423820 -0.488337 -5.008848
-0.364208 -0.445950 -2.765372
-0.457657 -0.462069 -4.754391
-0.471090 -0.389011 -4.147500
-0.447978 -0.412291 -5.163704
-0.496066 -0.496972 -2.231745
-0.377301 0.477088 -6.179767
-0.431460 -0.474863 -5.300510
-0.496506 -0.463171 -3.803418
-0.053350 -0.369976 3.545440
-0.485406 -0.484191 7.562243
-0.423269 -0.251688 -1.273338
-0.422421 -0.360185 -6.165176
-0.494791 -0.428135 -5.619156
-0.481211 -0.320380 7.009899
-0.441957 -0.287315 -2.954333
-0.481843 0.274690 3.253789
-0.424582 0.174234 -6.250015
-0.433650 -0.476808 10.906736
-0.494319 -0.418595 -6.208448
-0.479867 -0.486159 11.011913
-0.408477 0.235671 4.974519
-0.464362 -0.464910 -1.705859
-0.446902 -0.382264 -3.474371
-0.321331 -0.290478 -3.839587
-0.369041 -0.441025 -4.583597
-0.388483 0.405888 4.836637
-0.451184 -0.425145 -2.905731
-0.476661 -0.476383 -3.334023
-0.462509 -0.474522 -5.885008
-0.485701 -0.476426 -5.210701
-0.453622 -0.453052 -2.934436
-0.462020 -0.319233 -1.558383
-0.499072 -0.488777 -3.009542
-0.485358 -0.118955 7.906353
-0.423517 -0.488547 -1.527398
-0.469774 -0.364015 -5.443525
-0.468168 -0.437063 5.479188
-0.492861 -0.400090 5.743073
-0.475904 -0.464175 -5.144807
-0.451729 -0.172514 -3.085720
-0.446112 -0.489179 -6.022765
-0.495844 -0.389229 -6.202637
-0.443906 -0.478228 -4.746694
-0.463394 -0.164494 -1.774275
-0.458593 -0.458891 6.170456
-0.489570 -0.465748 -5.963093
-0.474922 -0.412458 -4.798170
-0.464170 -0.446250 -4.331791
-0.479619 -0.294875 -4.679679
-0.471179 -0.336808 -5.395157
-0.466124 -0.422377 -5.311326
-0.461401 -0.476402 -4.548072
-0.429224 -0.475542 1.001249
-0.470064 -0.423825 -5.278884
-0.323550 0.161133 -4.911731
-0.367474 0.065322 -1.519495
-0.454045 -0.433911 -6.122232
-0.499023 -0.311444 6.267364
-0.484442 -0.225130 4.284281
-0.429529 -0.495671 -5.245180
-0.445080 -0.294153 -2.963320
-0.452387 0.133514 -4.300267
-0.493555 -0.365784 7.189614
-0.430271 -0.364553 -3.111258
-0.428723 -0.201007 -1.984811
-0.446048 -0.458095 -2.970498
-0.392624 -0.491202 -4.668800
-0.424077 -0.396852 -3.464435
-0.475396 -0.406450 -6.207539
-0.479259 -0.421771 -3.856746
-0.488701 -0.400675 -5.905068
-0.478451 -0.397439 -3.306333
-0.391107 0.094059 -4.607795
-0.489794 -0.445874 -2.731666
-0.464795 0.275377 1.854916
-0.390106 -0.484627 -4.200391
-0.429028 -0.417301 -5.678870
-0.473124 -0.467011 -6.109775
-0.442098 -0.463580 -4.430627
-0.466728 -0.155724 -4.747043
-0.454618 -0.160114 -4.831971
-0.475512 -0.348187 6.069461
-0.415388 -0.481959 -6.179459
-0.424538 -0.487688 -4.625489
-0.397366 -0.396908 -3.774720
-0.439313 -0.390196 -4.621013
-0.471897 -0.350105 -3.894160
-0.490241 -0.224096 -5.752678
-0.460035 -0.472656 -5.580308
-0.481613 -0.383059 -2.597379
-0.493100 -0.401782 6.833142
-0.428960 -0.190007 -5.237133
-0.465649 -0.496413 -4.158952
-0.444096 -0.412299 -4.307582
-0.303654 0.230669 4.581925
-0.412706 -0.036857 5.901811
-0.288463 -0.492477 -3.307880
-0.427977 -0.471340 -3.138613
-0.473707 -0.170661 -5.593686
-0.498915 -0.469164 -2.576831
-0.465856 -0.491836 -3.364279
-0.485762 -0.491213 -6.250800
-0.482869 -0.299672 -4.337435
-0.339613 -0.402356 -1.196834
-0.448572 -0.256879 -4.783736
-0.462727 -0.420569 -2.278250
-0.404399 -0.480888 -5.519757
-0.432306 -0.329222 -2.790156
-0.475578 -0.467738 -6.102453
-0.405565 -0.152536 -3.813015
-0.474429 -0.442071 -3.681632
-0.495710 -0.450134 -3.592832
-0.265990 0.139972 -4.614496
-0.407725 -0.349338 -4.602097
-0.492696 -0.388501 7.890773
-0.482454 -0.410623 -5.200625
-0.412027 -0.400616 -3.037364
-0.486455 -0.419545 -2.518355
-0.486729 -0.444911 6.185448
-0.490654 -0.273415 -4.607053
-0.437916 -0.461464 -3.857298
-0.288684 -0.046846 -5.349596
-0.486306 -0.496883 0.049362
-0.486130 0.301019 2.490267
-0.460081 -0.431190 -4.858897
-0.485297 -0.340657 -1.531148
-0.472241 -0.366970 -2.993555
-0.429442 -0.385480 -3.630312
-0.482511 -0.312936 -2.267973
-0.460593 -0.436448 -3.011803
-0.251923 0.128391 -2.784769
-0.478132 -0.473323 -5.070139
-0.417229 -0.490266 -3.428181
-0.469112 -0.481281 -3.734409
-0.487380 0.392868 5.773213
-0.415807 -0.349508 -1.616753
-0.432140 -0.326185 -1.371725
-0.472552 -0.422052 -5.443825
-0.438908 0.046968 -4.685548
-0.481451 -0.384225 -5.147129
-0.469124 -0.420008 -5.045346
-0.447020 -0.447934 -4.880300
-0.458990 -0.494743 -5.910520
-0.463990 -0.444589 -4.026831
