-0.488155 -0.441212 8.464152
-0.468371 -0.051484 -4.702677
-0.431375 0.252156 4.814018
-0.401957 -0.298774 -3.161047
-0.467228 -0.490167 -2.602847
-0.445370 -0.489942 -2.106691
-0.479377 -0.033225 -2.506172
-0.496300 -0.330718 6.334196
0.048334 -0.268270 -5.170297
-0.406750 -0.364292 -3.649097
-0.444647 -0.420298 -5.932050
-0.422824 -0.302382 -2.563954
-0.444858 0.423290 -2.460974
-0.477465 -0.423817 5.364385
-0.454440 -0.375156 -5.593713
-0.496724 -0.475029 -1.405741
-0.458182 -0.219863 -4.018795
0.080942 0.171754 4.253295
-0.395515 -0.488931 9.029199
-0.448659 -0.485761 -4.177468
-0.484140 -0.299585 -3.992572
-0.446473 -0.408228 -2.588673
-0.414896 -0.071141 -3.352915
-0.405527 -0.446035 -3.852010
-0.487999 -0.365423 -4.309884
0.328600 -0.261626 -1.846832
-0.499927 0.086695 -4.848009
-0.444316 0.030432 -4.493004
-0.488484 -0.356991 4.937994
-0.403316 -0.454681 -4.326003
-0.497870 -0.389104 8.229909
-0.431219 -0.424039 -5.005662
-0.469452 -0.319074 -4.215003
-0.474815 -0.484897 11.306917
-0.463944 -0.371331 -3.682736
-0.493220 -0.148542 -4.340631
-0.256092 0.302009 -0.942264
-0.496178 -0.475638 -0.211872
-0.357901 -0.478931 -3.458588
-0.459123 -0.385696 -4.833845
-0.414811 -0.369321 -4.528934
-0.437796 -0.490362 11.595116
-0.379874 -0.489565 11.895385
-0.492887 -0.480610 -4.710032
-0.415668 -0.459969 -4.301434
-0.477194 -0.446860 -1.006542
-0.468836 -0.406349 5.488276
-0.321660 -0.396913 -3.127125
-0.440163 -0.198468 -3.865054
-0.488423 -0.452748 -0.592318
-0.487143 -0.444525 -3.980257
-0.421797 -0.121342 -3.156326
-0.434049 -0.470822 -4.048182
-0.463637 -0.197329 -3.738687
-0.033676 -0.236420 -1.700174
-0.445537 -0.453472 -4.998166
-0.470512 -0.409112 -2.243221
-0.450782 0.274844 5.581230
-0.326510 0.230163 -4.591330
-0.471296 -0.468630 -3.065271
-0.430530 -0.438269 -2.299781
-0.496085 -0.298742 7.751945
-0.486174 -0.028377 -3.410053
-0.454169 -0.434481 -6.238058
-0.437150 -0.471208 -3.415846
-0.463728 -0.408311 -5.146527
-0.387430 -0.483276 -4.442557
-0.388962 -0.467594 -5.338685
-0.452230 -0.476862 12.484155
-0.414474 -0.480236 -2.876202
-0.451136 -0.494271 9.785916
0.016471 -0.293614 -2.622482
-0.449084 -0.498881 -5.146022
-0.484387 -0.424281 6.477712
-0.433630 -0.408005 -5.649345
-0.435685 -0.409966 -4.731539
-0.449480 -0.444287 -5.419433
-0.472705 -0.460443 6.752467
-0.353785 0.271309 -2.527574
-0.446801 -0.382985 -5.764043
-0.493492 -0.472447 4.911541
-0.461952 -0.448970 -0.546921
-0.483524 -0.450855 8.581864
-0.450573 -0.431488 -4.549491
-0.358041 -0.441308 -3.179804
-0.387623 -0.472273 -2.901854
-0.473141 0.098681 5.851442
-0.390254 -0.444972 -4.443904
-0.374423 -0.467063 -2.993636
-0.422782 -0.484527 -5.275006
-0.316978 -0.487482 -2.709980
-0.437197 -0.443585 -3.885651
-0.476135 -0.210868 -3.104278
-0.450100 -0.403818 -6.270175
-0.499445 -0.338613 6.900334
0.337688 0.461659 -3.084314
-0.461477 -0.371833 -2.881048
0.085002 -0.433761 1.835867
-0.457989 -0.476598 -3.721737
-0.495478 -0.395485 -4.218333
-0.458632 -0.165516 -4.689410
-0.476376 -0.298793 -3.122767
-0.440725 -0.445316 -4.530279
-0.487304 -0.439606 7.449038
-0.469836 -0.482516 -4.264682
-0.444274 -0.485902 -4.139363
-0.433953 -0.451235 -3.648991
-0.365332 -0.493521 0.762635
-0.474407 -0.426536 -3.143401
-0.450953 -0.474629 -4.159650
-0.489751 -0.388895 -3.481051
-0.478716 -0.351163 -4.501954
-0.434222 -0.167999 -3.933118
-0.483241 -0.489530 -4.462943
-0.497963 -0.421085 7.519100
-0.432959 -0.419852 -3.127748
-0.451732 -0.408743 -1.627453
-0.463159 -0.374933 5.106699
-0.402682 -0.443700 -2.590393
-0.443200 -0.465180 -4.360601
-0.424919 -0.371131 -5.719906
-0.417918 0.102091 -2.113872
-0.487921 -0.454513 -5.240128
-0.355439 -0.464204 -1.172325
-0.484116 -0.470661 9.695900
-0.439702 -0.397684 -4.028377
-0.401762 -0.433386 -5.760835
-0.439482 -0.496797 -3.070379
-0.394984 -0.180081 -4.273653
-0.495483 -0.383373 -3.200658
-0.483585 -0.417145 -3.529285
-0.461631 -0.493311 10.129146
-0.416162 -0.494675 10.345982
-0.467020 -0.238253 -4.379330
-0.488431 -0.488542 8.616075
-0.399876 -0.464454 -1.613660
-0.415689 -0.485655 -5.282990
-0.452352 -0.238203 -4.950823
-0.387193 -0.289866 -2.059140
-0.499080 -0.186141 -5.838021
-0.443324 -0.480394 -3.399740
-0.458788 -0.469138 -4.481761
-0.452808 -0.479831 -4.374261
-0.313109 -0.372712 -2.882305
-0.493503 -0.396522 5.311025
-0.489771 -0.173927 6.002946
-0.448234 -0.356048 -2.813691
-0.496732 -0.412571 -4.819516
-0.427867 0.156034 -3.930374
-0.468625 0.252329 1.842012
-0.359613 -0.356026 -3.456127
-0.448140 -0.392583 -5.483472
-0.480495 -0.389157 7.047982
-0.491974 -0.488782 3.319468
-0.379410 0.004672 5.949223
-0.450745 -0.487728 -3.818928
-0.453839 -0.370828 -5.038636
-0.465958 -0.452429 -6.220218
-0.492779 -0.133275 -2.404971
-0.435682 0.282563 5.750811
-0.454149 -0.458765 -3.520900
-0.490819 -0.216037 8.299968
-0.450962 -0.318611 5.594149
-0.390150 -0.390515 -3.040549
-0.266266 -0.482650 9.184436
-0.487455 -0.400289 -2.668909
-0.470709 -0.252356 -4.242978
-0.451595 -0.454919 -2.707730
-0.481753 -0.345077 7.054159
-0.405812 -0.481071 9.548657
-0.413028 0.043553 -5.636627
-0.479079 -0.494547 -3.892551
-0.494984 -0.447156 5.902084
-0.455091 -0.469441 -4.920961
-0.482900 -0.288719 6.142711
-0.472864 -0.472567 11.565404
-0.453119 -0.416863 -2.682308
-0.475968 -0.482139 10.451042
-0.483788 -0.432438 -5.225391
-0.368226 -0.056790 -2.980363
-0.441349 -0.308739 -2.249821
-0.441369 -0.474466 8.970461
-0.463198 -0.415580 -2.247659
-0.470264 -0.438610 -5.876944
-0.372263 -0.474957 -2.827414
-0.416804 -0.474158 -2.095256
-0.443739 -0.450024 -4.599079
-0.442183 -0.411236 -3.663658
-0.483351 -0.491143 11.275192
-0.438763 -0.486657 11.903870
-0.396639 -0.446047 -1.978122
-0.409526 -0.469219 -3.481634
-0.499245 -0.356974 -3.427776
-0.307943 -0.487013 -3.647797
-0.462548 -0.474856 -4.534822
-0.412658 -0.426176 -4.949384
-0.488442 -0.361764 4.800496
-0.394190 -0.484881 -3.781481
-0.459392 -0.412010 -3.398182
-0.469679 -0.425408 -3.973531
-0.453134 0.123980 -4.779299
-0.496408 -0.440119 -3.888853
-0.467413 -0.322840 -3.765964
-0.476361 -0.289841 5.831310
-0.431944 -0.351715 -1.396470
-0.472847 -0.488092 -4.804697
-0.403396 -0.431432 -4.273151
-0.491326 -0.461825 -3.555907
-0.448266 -0.446166 -5.918771
-0.450759 -0.443316 -5.002812
-0.478016 -0.497336 -3.567413
-0.452566 -0.365910 -1.710366
-0.464326 -0.455799 -2.628950
-0.444522 -0.485902 -4.664841
-0.416828 -0.429091 -4.304437
-0.333943 -0.493548 -1.891882
-0.478567 -0.464727 -2.836952
-0.380411 -0.000659 -4.642823
-0.368346 -0.491613 -3.752941
-0.486652 0.230307 -5.831117
-0.478303 -0.049527 -2.563648
-0.482947 -0.385100 7.057695
-0.468909 -0.082619 -5.494999
-0.470682 -0.417292 -4.560930
-0.466543 -0.316574 -3.187263
-0.438061 -0.445429 -2.910106
-0.417375 -0.452010 -6.018975
-0.469410 -0.301480 -4.002649
-0.420875 -0.492833 10.525646
-0.420422 -0.376497 -5.977048
-0.490827 -0.223407 7.026452
-0.462548 0.463036 -2.766141
-0.461676 -0.407505 -3.333090
-0.495785 -0.299045 6.138807
-0.487969 -0.473618 10.414882
-0.417878 -0.414582 -6.225416
-0.441261 -0.437334 -1.568850
-0.418054 -0.197008 -4.526632
-0.471062 -0.141911 -3.408421
-0.489638 -0.213949 7.936182
-0.371270 -0.191082 -2.158673
-0.459489 -0.332414 -2.334462
-0.480670 -0.492586 -3.750263
-0.447619 -0.285536 -3.424057
-0.426488 -0.498347 -3.005272
-0.448486 -0.491654 -5.136488
-0.392364 -0.202743 -3.555314
-0.428879 -0.421005 -2.860340
-0.471064 -0.404011 -5.671217
-0.453257 -0.408285 -4.143216
-0.451491 0.098843 -2.939862
-0.354048 -0.473088 -2.618240
-0.430981 -0.226461 -4.081095
-0.492910 -0.436041 8.452035
-0.367474 -0.453802 -2.205321
-0.444715 -0.371835 -5.094079
-0.416661 -0.446103 -3.753171
-0.406765 -0.367167 -4.817431
-0.492012 -0.465757 7.383829
-0.480227 -0.424075 8.455559
-0.423740 -0.420854 -4.167670
-0.478311 0.445216 -3.905505
-0.401284 -0.483593 11.686159
-0.432106 -0.364507 -5.132002
-0.467416 -0.306063 -3.933529
-0.487308 -0.410968 -5.057305
-0.474493 -0.442712 -5.983032
-0.405613 -0.449719 -2.217455
-0.493532 -0.415009 4.999608
-0.490621 -0.374837 6.093287
-0.423637 -0.340340 -1.504827
-0.475831 -0.495065 5.591672
-0.480564 0.463126 7.193100
-0.471515 -0.376200 -5.623385
-0.478340 -0.227420 -3.136621
-0.485862 -0.468232 5.670461
-0.440704 0.008042 -3.322618
-0.455984 -0.479884 11.338928
-0.338830 -0.463827 -4.045136
-0.401197 -0.473022 -5.993905
-0.481498 -0.403845 -3.856214
-0.461874 -0.057930 -2.351688
-0.422210 -0.367012 -5.697853
-0.481379 -0.277668 8.497161
-0.408868 -0.398011 -2.668235
-0.417646 -0.231435 -5.260047
-0.488632 -0.399011 -3.176169
-0.494973 -0.271406 -4.926021
-0.463136 -0.433774 -2.016516
-0.348675 -0.416197 -3.461005
-0.462835 -0.361573 -3.354545
-0.424611 -0.472775 -3.802815
-0.390542 -0.467532 -1.626564
-0.316242 -0.367584 -2.529687
-0.490523 -0.438958 5.312660
-0.496926 -0.279765 9.021657
-0.454132 -0.444902 -4.452293
-0.389698 -0.490475 8.843846
-0.459147 -0.451240 -2.624923
-0.426203 -0.438286 -3.936956
-0.357369 -0.423017 -4.065561
-0.477814 -0.391759 -5.819685
-0.499678 0.108305 6.243480
-0.470021 -0.461035 -3.768334
-0.407574 -0.279862 -3.956523
-0.493374 -0.196704 7.600306
-0.391783 -0.422572 -3.966187
-0.474050 -0.005008 -4.198581
-0.416554 -0.464029 -2.594078
-0.416272 -0.481888 -3.178445
-0.393000 0.116385 -4.081831
-0.457592 -0.456762 -4.409191
-0.471130 -0.447825 -3.590411
-0.498291 -0.426062 -2.964371
-0.425216 -0.235135 4.775776
-0.438895 -0.436492 -3.898817
-0.381908 -0.490496 -2.991266
-0.471186 -0.474640 -2.745578
-0.463943 -0.409322 -3.430780
-0.286167 0.365507 -1.494501
-0.008232 0.113437 -5.776912
-0.474862 -0.420463 -5.764102
-0.477074 -0.481427 -4.846115
-0.461790 -0.428187 -4.451803
-0.364674 -0.498192 9.281428
-0.459350 -0.495176 10.142856
-0.364694 -0.434527 -2.172514
-0.491210 -0.064600 8.169352
-0.461996 0.215772 -5.930328
-0.492214 -0.262458 7.440367
-0.491344 -0.192273 7.323589
-0.493884 -0.472791 -0.409403
-0.490561 -0.259873 6.769909
-0.488452 -0.351667 -4.292682
-0.438749 -0.212316 -1.819842
-0.424613 -0.164490 -3.899829
-0.306669 0.223524 5.536437
-0.499192 -0.374608 7.385655
-0.480006 -0.418830 7.074757
-0.416423 -0.319327 -1.654581
-0.447754 -0.346706 -4.633992
-0.351092 -0.439373 -4.622927
-0.394177 -0.387889 -4.202515
-0.409883 -0.369908 -3.417966
-0.455186 -0.488016 -3.740173
-0.464835 -0.478801 7.920586
-0.428836 -0.308114 -2.979505
-0.213307 -0.472885 -1.958122
-0.451645 -0.340775 -2.877149
-0.414079 -0.465381 5.401537
-0.483258 0.290832 -4.817651
-0.431615 -0.485894 10.425926
-0.499032 -0.347262 -5.068418
-0.492365 -0.483589 -5.164093
-0.469461 -0.479383 -1.940014
-0.444147 -0.471200 10.729285
-0.454653 -0.435852 -2.800622
-0.389232 -0.386831 -2.665801
-0.448527 -0.296409 6.237622
-0.444816 -0.487233 -3.514111
-0.484623 -0.469848 5.851594
-0.493429 0.035420 -2.177449
-0.481498 -0.265174 -4.368201
-0.493145 -0.491502 -1.531257
-0.490969 0.009079 6.862413
-0.480304 -0.464722 -5.602662
-0.430980 -0.481388 -4.123128
-0.457250 -0.453505 -4.395297
-0.475358 0.130374 -0.944527
-0.441219 -0.441870 -4.925748
-0.395206 -0.490733 -3.775552
-0.356542 -0.478944 -4.754382
-0.444490 -0.308109 5.606479
-0.435447 -0.251273 -3.777755
-0.443299 -0.435381 -4.455292
-0.467781 -0.245324 -6.183588
-0.459626 -0.163428 -5.770778
-0.446072 -0.301445 -3.683734
-0.480246 -0.441188 -4.754899
-0.457267 -0.479419 -3.574140
-0.470320 -0.479075 11.740311
-0.429692 -0.408055 -4.029405
-0.480788 -0.403111 -3.651014
-0.394952 -0.457176 -2.891247
-0.498899 -0.320226 7.764605
-0.464331 -0.388295 -3.512547
-0.484302 -0.014688 -3.562685
-0.480278 -0.486715 7.664372
-0.426845 -0.094578 -3.039106
-0.399514 -0.391322 -4.414488
-0.483506 0.246305 -5.927783
-0.447708 -0.248422 -3.707323
-0.480613 -0.467645 7.900402
-0.413771 -0.400036 -4.638857
-0.499131 -0.476845 -0.489844
-0.492192 -0.357941 -4.569639
-0.491191 -0.253323 -4.440180
-0.402046 -0.454575 -3.904863
-0.488822 -0.495457 -2.354204
-0.446219 -0.259691 -5.125962
