0.327475 0.148527 1.795551
0.310284 0.169917 1.812594
0.308635 0.218118 2.170121
0.359796 0.165820 1.946919
0.239218 0.193985 1.716956
0.338447 0.146190 1.661548
0.255964 0.247190 1.983366
-0.222268 -0.480803 1.143191
0.225447 0.160897 1.762063
-0.200842 0.467164 1.430570
0.313379 0.136289 1.634973
0.285519 0.191092 1.824623
-0.199778 -0.495913 1.472698
0.315556 0.145525 1.776373
0.344710 0.141764 1.690492
0.270422 0.176510 2.026374
-0.183250 0.493666 1.406854
-0.142556 -0.251637 1.998603
0.260411 0.179388 1.739476
0.393564 0.090119 1.601583
0.321685 0.115888 1.703436
0.283271 0.198483 1.683757
0.447998 0.143107 1.733353
0.271684 0.191075 1.817151
0.405984 0.084614 1.451126
0.225386 0.154391 2.017554
0.270519 0.178791 1.763329
0.286909 0.226016 1.845443
0.299992 0.210941 1.740119
-0.295028 -0.164724 1.075431
-0.138043 -0.227875 2.305941
0.235244 0.208508 1.981613
0.248335 0.181634 1.568828
0.250170 0.161794 1.749976
0.263733 0.209467 1.861218
0.326275 0.170239 1.741458
-0.328948 -0.484993 1.339337
0.240810 0.152675 1.897139
0.277009 0.217840 2.096518
0.298804 0.184810 1.792202
0.349086 0.168660 1.570786
0.280973 0.201338 1.792131
0.258654 0.203677 1.900172
0.362512 0.150584 1.573610
0.246112 0.142375 1.900721
0.331010 0.165641 1.615789
0.265951 0.143206 1.975156
0.254351 0.155167 1.927782
0.248111 0.213771 1.897972
-0.220494 0.499328 1.457204
0.321985 0.190818 1.624508
-0.056827 -0.461775 1.991967
-0.094152 -0.250894 2.435354
0.255009 0.248425 2.140689
0.292842 0.169462 1.871073
0.280075 0.198178 1.797494
0.274028 0.157609 1.616209
-0.273167 -0.341504 2.016516
0.441848 0.457127 1.314865
-0.220779 0.485617 1.213189
-0.203170 -0.496671 1.282633
0.328031 0.078955 1.734233
-0.196331 -0.483452 1.239508
0.403945 0.116132 1.526791
0.312924 0.155536 1.704553
0.304468 0.102941 1.720352
0.332874 0.128185 1.702332
0.241201 0.204343 1.756390
0.303423 0.167575 1.988510
0.332096 0.180109 1.904536
0.329439 0.161010 1.643687
0.271254 0.237213 1.949450
-0.084967 -0.206865 2.396954
0.442125 0.296954 1.033977
0.284127 0.211221 2.013187
-0.115659 0.155243 1.706343
0.279494 0.162948 1.835743
-0.498534 0.487563 1.582453
-0.237426 -0.489576 0.926481
0.330288 0.195743 1.744912
0.274011 -0.006777 1.979317
0.349443 0.170144 1.579660
-0.230701 -0.281306 2.109098
0.265897 0.227095 1.661974
-0.156328 -0.238772 2.080502
0.377741 -0.022494 1.680919
0.314885 0.238907 2.273065
-0.040780 -0.437820 2.223778
0.336202 0.168241 1.740736
-0.209240 -0.471933 1.211828
0.324328 0.153669 1.675786
0.253098 0.211518 1.883370
0.315389 0.186410 1.633844
0.272712 0.237763 1.757508
0.294466 0.181898 1.784768
0.311938 0.202308 1.644046
0.349452 0.139067 1.691783
0.316677 0.145031 1.424862
-0.100194 -0.180366 2.471926
0.087267 -0.336467 0.887137
-0.156160 -0.255848 2.352656
0.254805 0.182280 1.852820
0.342479 0.149584 1.782815
-0.298129 -0.195124 1.107450
0.343495 0.121944 1.637194
0.349576 0.192415 1.745435
-0.312547 -0.157430 0.816065
-0.251253 -0.464539 1.155101
-0.238916 -0.490222 1.210993
0.263268 0.223632 1.859272
-0.413746 -0.407458 1.759659
0.289608 0.139268 1.637415
-0.231946 -0.489096 1.184424
0.219817 0.167689 1.918196
0.250120 0.166435 1.974137
0.376605 0.126545 1.635765
0.327863 0.131525 1.657158
-0.114443 -0.203407 2.405354
0.296505 0.206350 1.903140
0.250737 0.194092 1.793706
0.411845 -0.021688 1.397442
0.326717 0.127742 1.806898
0.309424 0.166537 1.851522
0.346533 0.144357 1.594349
-0.003424 -0.349056 1.310435
0.291310 0.188390 2.053931
0.279028 0.150398 1.702336
0.353253 0.095476 1.557490
0.344435 0.326476 1.308257
0.350790 0.142438 1.587816
0.290239 0.247426 1.823262
-0.213289 -0.490039 1.268994
0.252739 0.214892 1.831731
0.252403 0.176177 1.929887
-0.225115 -0.266277 2.400074
0.285767 0.192426 1.735721
-0.395507 0.092690 1.333284
-0.302190 -0.150741 0.995593
0.280836 0.150789 1.682428
-0.195085 -0.499801 1.266812
0.030749 -0.320574 1.389197
-0.219942 -0.471498 1.270395
0.276993 0.201527 2.047380
0.311371 0.159036 1.652297
-0.219336 -0.486273 1.507730
0.313927 0.187158 1.703355
0.312514 0.164904 1.562234
0.417264 0.106248 1.677489
0.339393 0.199952 2.104458
0.379583 0.151747 1.401471
0.254822 0.227114 1.882406
0.246688 0.222710 1.644349
0.295000 0.189294 2.014186
0.320039 0.150039 1.747046
-0.226504 -0.488361 1.090040
0.473140 0.458911 1.404275
0.291850 0.209928 1.779376
-0.196709 0.480101 1.528089
0.079284 -0.354686 0.959401
0.449745 0.095002 1.440274
-0.245504 -0.444005 1.360253
-0.240585 0.488789 1.439982
-0.033299 -0.467178 2.117616
0.235514 0.203785 1.760266
-0.204829 -0.484283 1.599168
0.298907 0.128045 2.012138
0.366341 0.166655 1.748812
0.313681 0.138224 1.798341
0.385727 0.162948 1.674514
0.276434 0.183757 1.664239
0.264978 0.182807 1.948887
0.359109 -0.003345 1.881252
-0.414289 0.043976 1.690876
0.349920 0.123727 1.683899
0.369118 -0.022447 1.638499
0.240189 0.183143 1.685572
-0.273236 -0.353384 1.953781
0.290964 0.201674 1.679428
0.258792 0.167535 1.846852
0.352968 0.150716 1.789695
0.294336 0.225192 2.110565
0.338794 0.158687 1.949563
-0.212930 0.489653 1.133039
-0.149306 -0.244118 2.256079
0.277718 0.204505 1.831303
-0.197984 0.452843 1.296230
0.276174 0.173727 1.940243
0.269668 0.175900 1.939444
0.226165 0.145133 1.712760
0.319626 0.148194 1.795577
0.326026 0.174504 1.789152
0.409510 0.303691 1.272201
-0.009913 -0.318692 1.391614
-0.245910 -0.254506 2.236916
0.312654 -0.105985 0.470452
0.279162 0.150847 1.711561
0.413021 0.122244 1.714790
0.271759 0.225525 1.761016
0.313120 0.128976 1.577105
-0.205159 0.499197 1.270367
0.331549 0.221813 1.759668
0.336483 0.161134 1.761392
0.293850 0.173105 1.572718
-0.119621 -0.229048 1.948975
0.251589 0.187870 1.892024
0.208648 0.150388 2.082742
0.380914 -0.012828 1.632053
-0.148700 -0.235988 2.598543
0.251853 0.206700 1.614657
-0.134551 -0.215179 2.113946
-0.248216 -0.272532 2.139323
0.283999 0.138850 1.786049
-0.429077 0.052564 1.828826
0.287828 0.155697 1.693307
-0.138213 -0.227933 2.373591
0.382360 -0.023705 1.613773
0.234124 0.210076 2.002594
-0.414471 -0.424748 1.397803
0.297003 0.143015 1.551381
0.341140 0.105216 1.689479
0.496277 -0.425742 1.722949
0.312807 0.216190 1.901917
0.268942 0.186211 1.741951
-0.220441 -0.498755 1.225204
0.347777 0.175256 1.867368
0.306290 0.141786 1.910975
0.372539 0.174025 1.930923
-0.196120 0.486468 1.292309
0.270162 0.168425 1.794496
0.313242 0.150539 1.788865
0.316602 -0.017367 1.891355
0.322917 0.198174 1.467620
0.320969 0.146685 1.299538
0.414212 0.305602 0.892720
-0.385836 0.088026 1.452554
0.342835 0.138503 1.721760
0.239864 0.191111 1.689587
0.226871 0.159801 2.067446
0.340761 0.188339 1.531757
0.349920 0.164897 1.689781
-0.321760 -0.164875 1.145620
0.311742 -0.016023 1.537981
-0.234638 -0.486023 1.306556
-0.202560 -0.473979 1.574098
0.359683 0.109932 1.787512
-0.198917 0.455649 1.312542
0.320312 0.195268 1.994640
-0.190469 -0.476813 1.141813
0.415732 0.440535 1.518062
0.251150 0.170286 1.772339
0.314449 0.175369 1.720432
0.319288 0.192838 1.669331
-0.228004 0.467878 1.332305
-0.322150 -0.492842 1.269943
-0.239478 0.480987 1.150730
0.311925 0.010755 1.791144
0.269505 0.161344 2.006577
0.400830 0.148618 1.890967
0.243238 0.154922 1.892486
0.305970 0.144020 1.770078
-0.177665 -0.491168 1.485727
0.293645 0.189416 1.750272
-0.117101 -0.236317 2.302102
0.268862 0.163850 1.777008
-0.494225 -0.497766 1.684309
-0.492437 -0.405780 1.907942
0.297080 0.220400 1.705311
-0.200923 -0.476518 1.267022
0.397003 0.145528 1.459590
0.406418 0.148274 1.308629
0.418082 -0.041705 1.803534
0.288342 0.179339 2.073120
0.258836 0.193874 1.936299
0.348830 0.137754 1.688667
0.399116 0.150098 1.622900
0.331705 0.046690 1.868899
0.304502 0.152865 1.691642
-0.189682 0.487105 1.008489
0.279349 0.210031 2.019072
0.281437 0.204755 1.644113
0.426607 0.137926 1.703253
0.268406 0.195444 1.995281
-0.220973 -0.498936 1.192415
0.339813 0.157833 1.823571
-0.219851 -0.275997 2.297829
0.312976 0.184078 1.617995
-0.215245 -0.479739 1.168286
-0.162922 -0.495565 1.189743
0.229362 0.166820 1.799650
0.267067 0.194718 1.905754
0.277615 0.183297 1.913862
0.374487 0.101076 1.927312
0.223056 0.156113 1.876011
0.276067 0.169205 1.686736
-0.235267 0.490631 1.314843
0.289955 0.169471 1.800244
0.432380 0.116933 1.575038
0.265825 0.190924 1.770871
0.247478 0.145529 1.818367
0.457304 0.433461 1.424775
-0.498323 0.082781 1.333495
0.262240 0.196011 2.095788
0.393567 -0.016800 1.435370
0.321455 0.117047 1.814643
0.223191 0.142514 1.832098
0.274804 0.150813 1.727517
0.253830 0.195911 1.938321
0.277661 0.240452 1.861640
0.304047 -0.112994 0.830185
-0.344869 -0.452201 1.223420
0.227699 0.188330 1.962532
0.291029 0.166759 1.706257
0.327499 0.059300 1.997329
0.288753 0.192058 1.721695
0.360849 -0.220475 0.152231
-0.238320 -0.274646 2.043700
0.305902 0.173881 1.739445
0.253452 0.184200 1.861380
0.272987 0.232662 1.975750
0.349908 0.147885 1.940764
0.269876 0.215840 2.020202
-0.197343 0.462211 1.304929
-0.186871 -0.474407 1.534732
0.287049 0.205388 1.747942
-0.498066 -0.436449 1.911040
0.245824 0.147561 1.723489
0.337279 0.121255 1.727095
0.252762 0.424067 1.705791
0.254535 0.167592 1.707181
-0.035711 -0.459997 2.061836
0.276146 0.170284 1.997456
0.219734 0.156709 1.899958
0.323131 0.175535 1.747567
0.044853 -0.339830 1.146846
0.313041 0.114673 1.630207
0.433154 0.308081 1.219667
0.281787 0.249769 1.801758
-0.217603 -0.478453 1.434913
0.226788 0.200246 1.596323
0.248295 0.222750 2.120992
-0.257232 0.091588 1.167350
-0.376071 0.087144 1.506218
0.335916 0.171674 1.741349
0.062986 -0.344700 0.894811
0.308920 0.086342 1.598635
0.267947 0.175685 1.832600
0.243675 0.191471 1.807570
0.340874 0.116295 1.626385
-0.491368 0.488507 1.506091
-0.233981 0.483172 1.354739
-0.204541 -0.493224 1.199250
-0.117347 -0.202506 2.258065
0.257464 0.230588 1.889739
0.318834 0.128977 1.727505
0.315995 0.215095 1.955423
0.290425 0.153610 1.674472
-0.174265 -0.496983 1.127060
0.364774 0.135467 1.671267
0.243941 0.176761 1.789265
0.299913 0.241754 1.597986
0.324148 0.166104 1.652074
-0.306270 -0.172393 0.753244
0.297272 0.223224 1.912372
0.244726 0.229478 1.990456
-0.187366 -0.483188 1.279236
0.248072 0.189521 1.852934
0.308609 0.155785 1.768771
0.335436 0.203183 1.726576
0.322229 0.175623 1.426597
0.343288 0.143721 1.686597
-0.233406 0.454876 1.161602
0.385630 0.150797 1.571845
0.206907 0.154203 1.884782
0.228425 0.182862 1.909679
0.254940 0.166962 1.689850
0.364995 0.096853 1.911120
0.272713 0.233195 1.841610
-0.109216 -0.183649 2.309981
0.307828 0.157248 1.647325
0.315721 0.168886 1.636559
0.279316 0.254143 2.077023
-0.035863 -0.461506 2.283888
-0.416796 -0.424714 1.578816
0.305683 0.196112 1.966529
0.488673 -0.439977 2.117536
0.361114 0.154032 1.808786
0.349983 0.144685 1.813792
0.268177 0.149833 1.931654
0.406706 0.131208 1.693798
-0.199776 0.492114 1.436865
-0.211822 0.491029 1.438136
-0.211433 -0.494695 1.283625
0.215786 0.166460 1.725356
0.375901 0.000720 1.550173
-0.204370 0.491579 1.275533
0.387540 0.122964 1.588011
0.493960 -0.433099 1.901070
0.314646 0.137224 1.619015
0.325148 0.121037 1.828906
0.318506 0.140997 1.703071
