0.270647 -0.439584 1.898203
0.235825 -0.421313 1.877599
0.188496 -0.386036 1.698215
0.273320 -0.427848 1.727817
0.132396 -0.402851 2.092584
0.262318 -0.444509 1.959359
0.115836 -0.358646 1.903605
-0.099430 -0.085293 1.203629
0.107063 -0.441577 1.695080
-0.031798 -0.154520 1.381184
0.236152 -0.454110 1.612252
0.155923 -0.412918 1.731803
-0.058325 -0.107449 1.197124
0.245418 -0.442623 1.687363
0.267358 -0.449637 1.681725
0.186642 -0.414752 1.874877
-0.050103 -0.111790 1.388571
-0.363432 0.099708 2.127242
0.125695 -0.426094 1.956908
0.409651 -0.493505 1.316155
0.245805 -0.476975 1.811153
0.136967 -0.412456 1.738128
0.396094 -0.443966 1.371902
0.157275 -0.409610 1.759789
0.415724 0.496872 1.646180
0.124122 -0.442564 1.720670
0.149656 -0.424199 1.934411
0.156598 -0.377785 1.544930
0.201419 -0.383210 1.802580
-0.151877 0.225485 1.369675
-0.369174 0.117205 1.828110
0.081523 -0.403942 1.842689
0.109083 -0.427591 2.253181
0.103738 -0.450678 1.843160
0.144861 -0.389769 1.872978
0.247878 -0.421597 1.677045
-0.213824 -0.085587 1.480639
0.132199 -0.444851 1.795395
0.126551 -0.394791 1.817496
0.200679 -0.411908 1.824187
0.278967 -0.419886 1.576939
0.145406 -0.403380 1.946821
0.134533 -0.396732 1.781267
0.291262 -0.438710 1.513888
0.139730 -0.458060 2.067983
0.286150 -0.418990 1.797996
0.136309 -0.462045 2.098934
0.146803 -0.439869 1.872477
0.103581 -0.394827 2.181060
-0.083292 -0.105471 1.088517
0.255552 -0.398938 1.690827
-0.062684 -0.082055 1.140155
-0.349391 0.072760 1.936455
0.107047 -0.361984 1.904804
0.196625 -0.424254 1.854986
0.158651 -0.402727 1.811199
0.175626 -0.437471 1.633187
0.491159 0.002436 2.598175
-0.415720 -0.155918 1.118242
-0.047344 -0.141612 1.406497
-0.093074 -0.094223 1.061742
0.265825 0.490478 1.519817
-0.073995 -0.085193 1.331057
0.391821 -0.467055 1.576171
0.227626 -0.436527 1.399310
0.224433 -0.489456 1.875530
0.270142 -0.458746 1.832549
0.134674 -0.394388 1.875470
0.184425 -0.434845 1.956898
0.265070 -0.410786 1.729785
0.242435 -0.432639 1.600270
0.111019 -0.376353 1.854475
-0.282172 0.150375 1.661035
-0.289432 -0.384016 1.185544
0.146703 -0.394882 1.854699
-0.286463 -0.470555 1.971270
0.169598 -0.436490 1.867860
-0.469879 -0.096407 1.684695
-0.077537 -0.105827 1.443573
0.221829 -0.403775 1.845769
0.265985 0.403319 1.387076
0.302018 -0.415519 2.055928
-0.416592 0.092851 2.091151
0.160576 -0.371479 2.056666
-0.396132 0.098918 2.167092
0.380665 0.395395 1.330695
0.140573 -0.383076 1.864285
-0.088956 -0.064803 1.208857
0.261827 -0.420305 1.936072
-0.090886 -0.074308 1.180935
0.270663 -0.432713 1.790222
0.105144 -0.397837 2.013690
0.253153 -0.401000 1.649333
0.132449 -0.370297 1.910756
0.197602 -0.411062 1.673382
0.190787 -0.398735 2.008587
0.256339 -0.456062 1.635707
0.264783 -0.444420 1.954415
-0.335778 0.160593 1.970759
0.394684 -0.063577 1.206088
-0.389612 0.086346 2.269028
0.117902 -0.425656 2.076045
0.266190 -0.438734 1.840775
-0.317116 0.167504 2.157713
0.271303 -0.470782 1.726883
0.293590 -0.395943 1.500946
-0.162121 0.222449 1.525251
-0.221317 -0.053681 1.457601
-0.093568 -0.102087 1.180876
0.134662 -0.381238 1.754587
-0.331806 -0.024977 1.311219
0.211969 -0.451942 1.944644
-0.061385 -0.109462 1.157603
0.110251 -0.431441 1.926633
0.112287 -0.440742 1.991530
0.301345 -0.464429 1.708245
0.275596 -0.454124 1.821382
-0.339782 0.145341 2.090026
0.165652 -0.398413 1.779970
0.136705 -0.405371 1.956202
0.399519 0.393004 1.297872
0.250433 -0.461666 1.872631
0.231055 -0.424894 1.897832
0.279041 -0.443594 1.585155
-0.006273 0.062748 1.865512
0.155568 -0.416802 1.903328
0.167462 -0.447377 1.789986
0.327789 -0.489682 1.674701
0.366803 -0.259584 1.580148
0.263343 -0.451218 1.521430
0.154834 -0.358937 1.950747
-0.055150 -0.104583 1.168105
0.103283 -0.396371 1.932603
0.124131 -0.426517 2.070768
-0.414336 0.100270 2.008082
0.152763 -0.412762 1.897313
-0.417008 -0.494705 1.695380
-0.142838 0.224515 1.439523
0.189493 -0.440973 1.846712
-0.061385 -0.107248 1.125240
0.009087 0.091994 1.562904
-0.092189 -0.073546 1.381022
0.132491 -0.409870 1.870103
0.189884 -0.443309 1.959265
-0.085234 -0.092768 1.020481
0.222406 -0.406138 1.816566
0.225166 -0.428895 1.783195
0.390033 -0.478082 1.501398
0.254047 -0.392483 1.654626
0.368063 -0.434277 1.466478
0.123971 -0.376786 1.870146
0.128175 -0.379154 1.788927
0.172583 -0.414066 1.706744
0.194934 -0.452000 1.910290
-0.066926 -0.102815 1.267508
-0.408771 -0.141296 1.465441
0.168518 -0.392324 1.700183
-0.050194 -0.132426 1.015806
0.389999 -0.087274 0.451929
-0.443476 0.496805 1.199475
-0.217550 -0.029286 1.610369
-0.097382 -0.123097 1.024847
-0.051910 -0.096545 1.066416
0.122988 -0.399589 1.948874
-0.045714 -0.103850 1.203357
0.214861 -0.464712 1.664769
0.283323 -0.426995 1.868154
0.210349 -0.457328 1.870099
0.371449 -0.424424 1.633680
0.171249 -0.414274 1.844654
0.125991 -0.422185 1.989133
0.356188 0.409446 1.775682
0.489671 0.448200 1.842515
0.280469 -0.464837 1.633521
0.365811 0.393265 1.379574
0.130086 -0.415391 1.787858
-0.493596 -0.005220 2.336533
0.163406 -0.402673 2.207648
0.121476 -0.438041 2.021925
0.303573 -0.438065 1.825474
0.172278 -0.376734 2.037024
0.257748 -0.432319 1.672684
-0.059733 -0.123279 1.429506
-0.398731 0.089041 2.045522
0.170607 -0.391982 1.919628
-0.051025 -0.160563 1.346779
0.130190 -0.436530 1.796319
0.137274 -0.428573 1.577296
0.109319 -0.453723 1.910356
0.238522 -0.443124 1.503760
0.259120 -0.411525 1.651260
-0.338354 -0.364872 1.021274
-0.018210 0.091773 1.687221
-0.457560 0.102800 2.296841
-0.338948 0.119975 1.721593
0.179747 -0.447836 1.932728
0.379315 -0.463648 1.363191
0.162217 -0.374401 1.930619
0.255274 -0.459653 1.746494
-0.013113 -0.132134 1.285698
0.190336 -0.386757 1.911721
0.254680 -0.429348 1.520739
0.183799 -0.424071 1.902099
-0.311127 0.138319 2.066814
0.112791 -0.420690 1.905165
0.106366 -0.446815 2.086707
0.402749 0.402445 1.459676
-0.397136 0.095896 1.876389
0.110124 -0.403849 1.819440
-0.335491 0.151395 2.147715
-0.443494 0.095469 2.173748
0.179861 -0.456267 1.429271
0.460059 0.454189 1.931324
0.195857 -0.436004 1.910098
-0.340008 0.136431 2.253543
0.373204 0.393372 1.574315
0.120221 -0.389309 1.676467
-0.441106 -0.013785 2.061308
0.228618 -0.447401 1.942972
0.273836 -0.482630 1.678558
0.368893 -0.030839 1.446150
0.199808 -0.382560 1.815435
0.131269 -0.421975 1.929272
-0.077375 -0.106395 1.177811
0.264341 -0.417385 1.655427
0.232234 -0.449617 1.529833
0.334562 -0.411161 1.745660
-0.022566 -0.135271 1.561429
0.158002 -0.435567 1.571357
0.243138 -0.439063 1.624976
0.315769 0.392623 1.581700
0.210561 -0.403517 1.842589
0.254401 -0.446177 1.380643
-0.334778 -0.360001 0.838907
-0.396683 0.498704 1.763106
0.268765 -0.450869 1.777736
0.105290 -0.415026 1.854821
0.104071 -0.441845 1.625510
0.277479 -0.400558 1.930760
0.286605 -0.422290 1.641308
-0.155168 0.214708 1.534323
0.305202 0.399321 1.577411
-0.090227 -0.095005 1.410218
-0.073541 -0.079909 1.317020
0.298487 -0.477228 1.614199
-0.059785 -0.152746 1.134287
0.242632 -0.399288 1.487696
-0.062951 -0.082290 1.388707
0.364946 -0.147030 1.469272
0.145796 -0.426450 1.944333
0.249028 -0.411791 1.538520
0.259728 -0.393663 1.844854
-0.073293 -0.149728 1.301399
-0.203714 -0.098431 1.254312
-0.083410 -0.134367 1.165224
0.268123 0.423358 1.365929
0.132397 -0.443659 2.078718
0.406968 -0.435562 1.631050
0.142537 -0.439864 1.890516
0.229146 -0.448390 1.935091
-0.060973 -0.092265 1.115719
0.185314 -0.409077 1.918950
-0.323313 0.124064 2.220844
0.164489 -0.432569 1.834284
-0.471142 -0.080572 1.092860
0.466153 0.008753 1.437919
0.172538 -0.380780 1.916918
-0.062803 -0.082754 1.118268
0.375901 -0.440119 1.680009
0.383893 -0.435481 1.571398
0.383588 0.371358 1.547998
0.149655 -0.427985 1.592436
0.145088 -0.404955 1.947682
0.277042 -0.453195 1.828765
0.389278 -0.432891 1.427971
0.268570 0.455470 1.994087
0.214304 -0.440767 1.744589
0.004936 -0.146496 1.358517
0.113190 -0.408962 1.856498
0.192314 -0.388874 1.557846
0.379502 -0.448535 1.684703
0.123162 -0.411183 1.778689
-0.080191 -0.107563 1.600426
0.270980 -0.432486 1.685995
-0.408809 0.091496 1.953078
0.253278 -0.403256 1.906342
-0.066010 -0.092710 1.257753
-0.023504 -0.103364 1.249902
0.113744 -0.432880 2.097443
0.130397 -0.412297 1.684753
0.144228 -0.423310 1.783750
0.327408 -0.486762 1.539145
0.099602 -0.447110 1.920881
0.163300 -0.428861 2.049060
-0.092211 -0.117372 1.176623
0.171411 -0.429520 1.858424
0.396971 -0.468185 1.610741
0.158588 -0.405956 1.794507
0.146392 -0.450856 1.638979
-0.406151 -0.181950 1.353068
-0.396323 0.467796 0.930476
0.121013 -0.414304 1.895253
0.398234 0.398120 1.641217
0.232655 -0.475724 1.912069
0.127486 -0.451114 1.928870
0.176035 -0.446672 1.817119
0.112012 -0.411088 1.884615
0.119993 -0.374199 2.190642
-0.348939 0.116277 1.588050
-0.332972 -0.042825 1.614460
0.102400 -0.413621 1.840676
0.171856 -0.435922 1.579108
0.260242 0.468298 1.746847
0.151378 -0.417072 1.976297
-0.328410 -0.035277 0.973080
-0.445242 0.087010 2.089803
0.199952 -0.425547 1.768842
0.130953 -0.418728 1.750839
0.139487 -0.371833 1.975669
0.263632 -0.444361 1.740187
0.113821 -0.398384 1.947360
-0.051748 -0.153623 1.241828
-0.076473 -0.074334 1.085146
0.175279 -0.391130 1.707746
0.384499 -0.039042 1.187555
0.177322 -0.440875 1.979129
0.250853 -0.470215 1.614189
0.272967 -0.159258 1.413857
0.152346 -0.426344 1.714910
-0.045493 -0.090078 1.167100
0.150291 -0.434071 1.576824
0.095227 -0.445473 1.998528
0.206695 -0.423245 1.806566
0.294486 -0.016848 0.674900
0.199168 -0.485887 1.824062
-0.335909 -0.351892 0.826579
0.145825 -0.355142 1.875910
-0.075557 -0.088053 1.047675
0.099102 -0.402853 1.998533
0.094188 -0.389062 1.653431
-0.124774 0.480043 1.097497
-0.390021 -0.495519 1.933909
0.287591 -0.415469 1.626588
0.317441 -0.014792 0.773342
0.243551 0.496059 1.507113
0.144385 -0.426747 1.728454
0.124667 -0.407580 2.024531
0.272422 -0.473148 1.885419
-0.462835 -0.094962 1.483179
-0.077355 -0.130424 1.069251
-0.038038 -0.110798 1.395787
-0.330176 0.152926 2.011719
0.105553 -0.381195 1.889733
0.227381 -0.462676 1.869769
0.184023 -0.393827 1.858942
0.196968 -0.441016 1.846723
-0.023303 -0.109062 1.109242
0.285387 -0.455159 1.679779
0.133705 -0.421898 1.989120
0.162015 -0.367541 1.679517
0.250170 -0.428161 1.614515
-0.162308 0.211842 1.190324
0.161261 -0.386095 1.739870
0.105846 -0.379633 2.026636
-0.061178 -0.085178 1.072343
0.145532 -0.409684 2.009764
0.204645 -0.439715 1.867868
0.262456 -0.390404 1.968430
0.263099 -0.413557 1.899423
0.261737 -0.446137 1.736063
-0.082488 -0.157166 1.166376
0.349568 -0.434440 1.638560
0.109049 -0.440338 2.300380
0.110244 -0.421041 1.845603
0.140789 -0.433937 1.969914
0.293764 -0.491373 1.664061
0.141024 -0.372776 2.062095
-0.343229 0.154397 2.154752
0.224478 -0.433661 1.794255
0.243891 -0.419381 2.013243
0.109584 -0.364766 1.822783
-0.079091 -0.080068 1.173331
-0.478770 -0.017307 2.149971
0.191278 -0.402202 1.957614
0.383888 -0.038212 1.045103
0.296490 -0.433693 1.849805
0.283316 -0.446466 1.693369
0.142158 -0.452556 1.901015
0.352440 -0.455702 1.526467
-0.039460 -0.126925 1.436432
-0.057138 -0.126207 1.320610
-0.066756 -0.103243 1.117906
0.089409 -0.435007 1.788538
0.371877 0.417259 1.446232
-0.037861 -0.129606 1.475027
0.385932 -0.461649 1.678443
0.387066 -0.051472 1.144747
0.235606 -0.452967 1.898596
0.240193 -0.471249 1.806401
0.230624 -0.451945 1.805027
