-0.188365 0.156255 1.511131
0.196010 0.200030 0.931209
0.288152 -0.275702 1.262926
0.353657 -0.381829 1.287754
-0.246679 0.161402 1.355939
0.395653 -0.004741 1.694990
0.457236 0.479062 1.515057
0.043981 0.250713 1.231921
0.000585 0.439113 1.183606
0.491113 -0.062300 1.451142
0.459039 0.109521 1.272098
-0.113268 0.259595 1.862630
0.425489 -0.442592 1.551024
-0.269329 0.143910 1.349490
0.385863 -0.013345 1.494837
-0.396687 0.421166 1.113476
-0.249161 0.360261 0.276645
0.271929 -0.280365 1.253893
-0.420643 -0.114754 1.341213
0.376058 -0.355379 1.149748
-0.042706 0.224913 1.378027
-0.138326 0.086270 1.381009
0.427722 -0.051238 1.606782
0.122640 0.385972 -0.077193
0.428304 0.454226 1.237173
-0.395572 0.451507 1.427986
-0.168421 -0.249734 0.933710
-0.157156 -0.166769 1.347871
-0.462576 0.437093 1.551475
0.387766 -0.375387 1.159907
0.475787 0.454538 1.383513
0.177738 0.142579 1.196133
-0.188706 0.130318 1.577937
0.323373 0.266115 1.750207
0.439069 -0.059684 1.460630
0.305767 -0.339725 1.220480
0.384422 0.391806 1.651107
-0.415200 0.449129 1.458882
0.397022 -0.349064 1.051886
-0.433178 0.429911 1.543547
0.181132 0.115553 1.429880
0.379826 0.458330 1.561845
-0.468679 0.455778 1.169399
0.425887 -0.058853 1.496781
-0.191765 -0.299496 1.041376
0.427584 -0.462070 1.305678
0.372604 -0.358278 0.927856
0.348458 0.422074 1.769740
-0.207346 0.134025 1.297298
0.342401 0.340375 1.604090
0.432789 0.443546 1.718803
-0.412036 -0.178748 1.896849
0.020583 0.211343 1.382761
-0.275049 0.176589 1.519041
-0.266166 0.145354 1.113601
-0.455484 0.413417 1.527159
-0.107213 0.164078 1.439917
0.455996 0.477185 1.326846
-0.469032 0.451467 1.359024
0.462667 0.481551 0.975542
-0.373853 -0.146398 1.662220
-0.281220 0.125182 1.515948
-0.195874 -0.237648 0.743272
0.359672 -0.408290 1.291483
-0.384773 0.423345 1.366442
-0.454417 0.462674 1.464389
-0.158493 0.118772 1.703722
0.476940 0.467882 1.180657
-0.190834 0.147596 1.750236
0.465304 0.432707 1.457814
0.380540 -0.018699 1.730371
0.486101 0.460922 1.570153
-0.439406 0.413770 1.190708
-0.175460 0.208696 1.619199
0.480677 0.483889 1.500437
-0.191392 0.118986 1.567996
-0.180752 0.133990 1.444205
0.406312 -0.437276 1.270398
0.323011 0.344263 1.190102
0.499295 0.479633 1.589073
-0.124628 0.283163 1.816003
-0.403250 0.402651 1.643818
-0.347347 0.304075 1.403642
0.387267 -0.037039 1.575213
0.120096 0.379313 -0.273702
-0.175210 0.227867 1.622311
0.261862 -0.309330 1.485278
0.465795 0.470649 1.412801
-0.190343 0.134962 1.508262
0.467664 0.442445 1.607681
0.172551 0.105757 1.220954
0.467953 0.454979 1.339049
0.211990 0.140621 1.209576
0.166999 0.148824 1.101829
0.377038 0.016178 1.485591
0.001651 0.428713 1.163682
0.387760 -0.372770 0.959613
0.365075 -0.381463 0.963458
-0.496137 0.418877 1.656215
0.347202 0.327674 1.495115
-0.195770 0.144195 1.372914
0.444360 0.465238 1.583381
-0.266198 -0.210435 0.760105
0.261150 -0.354034 1.384005
-0.148735 0.296640 1.821914
0.165738 0.129531 1.479027
0.429740 0.468951 1.444191
0.263466 -0.335784 1.193004
0.499709 0.451529 1.414966
0.381608 -0.005329 1.451886
0.468492 -0.052797 1.745642
0.403674 -0.011680 1.637764
0.350009 0.355617 1.634919
-0.004287 0.250912 1.422339
-0.493000 0.400952 1.655276
-0.046916 0.245277 1.431651
-0.416406 -0.162667 1.574772
-0.387737 0.380750 1.721622
0.392556 -0.406638 1.197785
-0.239207 0.178651 1.245662
-0.361086 0.386945 1.556667
-0.262034 -0.247677 0.654129
0.007071 0.221295 1.291330
0.154647 0.177911 1.139413
-0.412521 0.426543 1.331534
0.469583 0.435417 1.349547
-0.198060 0.160166 1.525316
-0.048576 0.243342 1.576002
-0.400762 0.432030 1.303867
-0.052456 0.240118 1.362535
-0.329038 0.239527 1.014432
0.373687 0.372196 1.708805
0.051748 0.247038 1.037321
0.403473 0.460521 1.693711
-0.379282 0.446077 1.192358
-0.379054 0.376995 1.354845
-0.009877 0.426362 1.167716
-0.048552 0.271087 1.415255
-0.237434 0.179000 1.547473
0.402921 -0.450864 1.717345
0.462442 0.394003 1.476329
0.306956 0.271226 1.899990
0.190430 0.158014 1.122352
0.452670 0.117062 1.121774
0.464589 0.409821 1.607571
-0.407527 0.430229 1.530380
0.160241 0.103553 1.160264
0.382880 -0.030790 1.779151
0.276165 -0.288408 1.140015
0.432500 -0.068651 1.591510
-0.264558 0.171923 1.474248
-0.085323 0.268631 1.511819
-0.457846 0.429804 1.441033
-0.266907 0.181972 1.553559
-0.402279 0.444158 1.519009
0.403904 -0.436104 1.507509
-0.131229 0.292709 1.617249
-0.377564 0.394101 1.567630
0.406230 0.438834 1.678988
0.378285 -0.410962 1.103480
0.447072 0.463050 1.749765
-0.386292 0.410924 1.515605
-0.488438 0.393165 1.636707
0.095769 0.217577 1.054560
-0.038087 0.236635 1.328251
0.435292 -0.054022 1.520450
-0.183667 0.146711 1.509505
0.410136 -0.072032 1.740708
0.295097 -0.481997 1.651868
0.403072 0.004253 1.770802
-0.400587 0.448751 1.402895
0.389262 -0.470763 1.679395
-0.396012 0.393442 1.449599
0.267487 -0.292540 1.115250
-0.244057 0.105138 1.410507
0.397323 -0.408704 1.497934
-0.474145 0.434289 1.500093
0.403087 -0.425346 1.318959
-0.243361 0.162055 1.456103
0.433556 -0.018081 1.458871
-0.027073 0.241310 1.492011
-0.204036 0.136765 1.293317
-0.233876 0.121922 1.395077
-0.417781 0.395509 1.418780
0.451108 -0.417490 1.369374
-0.246507 0.163143 1.656677
0.387902 -0.022974 1.625331
0.444961 0.395266 1.255703
0.210714 0.166677 1.231492
0.202643 0.151962 1.121934
0.316733 0.464422 1.589468
0.381574 -0.009853 1.638069
0.057674 0.180574 0.977345
0.484000 0.460315 1.427247
-0.336160 0.299018 1.284182
-0.446330 0.451793 1.199373
-0.031494 0.240469 1.178080
0.005612 0.429004 1.291815
0.176240 0.149803 0.983656
0.385505 -0.391025 0.989602
-0.124621 0.302989 1.584812
0.453485 0.413531 1.550279
0.427355 0.444308 1.287455
-0.345173 0.380742 1.476653
0.368542 -0.378053 1.098841
0.192951 0.174903 1.294191
0.463654 0.465014 1.520297
-0.245748 0.184563 1.247498
0.406432 -0.447955 1.709523
0.272728 0.254988 0.740279
0.493939 0.461686 1.225544
0.459414 -0.052953 1.524263
-0.133886 0.167041 1.466747
-0.453923 -0.162799 1.477706
0.191652 0.159440 1.020199
-0.332689 0.250830 1.048239
-0.284974 0.183239 1.571555
-0.456186 0.418307 1.478462
0.375868 -0.060022 1.681076
0.369341 -0.007039 1.548058
-0.384869 -0.136838 1.529284
0.446519 -0.417008 1.523750
0.413115 -0.414432 1.576717
0.469078 0.499569 1.440277
0.362631 0.444178 1.919607
-0.166646 -0.290804 0.952716
0.436541 0.376618 1.545059
-0.176867 0.204453 1.568087
-0.246841 0.177177 1.748027
-0.179329 0.145096 1.737622
-0.413174 0.444094 1.280562
-0.151923 0.198635 1.607592
0.341185 -0.376217 1.327878
0.382760 -0.063101 1.570641
0.378526 -0.019583 1.626470
0.423052 0.465416 1.540552
-0.177801 -0.306413 1.090881
0.447137 0.473067 1.650425
0.375989 0.427246 1.789381
-0.378214 0.438347 1.307999
-0.190978 0.203924 1.754645
-0.478440 0.441029 1.392471
-0.433784 0.421996 1.193207
0.458199 0.456075 1.510250
0.423465 -0.419775 1.346621
-0.193404 0.174263 1.760153
0.288679 -0.317693 1.384697
-0.451365 0.414822 1.233012
0.070159 0.120700 0.943419
0.250660 -0.317884 1.284877
-0.057664 0.237403 1.342773
-0.445698 0.428074 1.496667
-0.140490 0.152215 1.424647
0.485318 0.409688 1.569826
0.420503 0.358597 1.439977
-0.481375 0.404700 1.462667
-0.154449 0.153842 1.347497
0.363952 -0.361225 1.007890
-0.138852 0.106119 1.319388
-0.175258 0.135408 1.398298
0.183083 0.165007 1.189752
-0.450445 0.433771 1.649006
0.243538 -0.307896 1.078881
-0.219335 0.182949 1.530084
0.418650 -0.473033 1.677029
0.302011 0.492886 1.526780
-0.123716 0.146818 1.460094
0.484629 0.477387 1.414843
-0.386672 -0.117884 1.252538
0.379276 0.016336 1.142014
0.436621 0.401054 1.564562
-0.367044 0.354854 1.361072
0.466641 0.450661 1.795311
-0.266265 0.127229 1.742606
-0.187714 0.199584 1.425141
-0.168607 0.169267 1.386092
-0.073213 0.102950 1.181328
-0.197076 0.173775 1.330143
-0.295591 0.124740 1.542312
-0.499491 0.395452 1.491749
-0.171645 0.127312 1.337581
-0.168968 0.194303 1.622926
0.482736 0.465933 1.558539
-0.258262 -0.236266 0.758217
-0.118018 0.270269 1.603519
0.395659 -0.444244 1.743766
0.485488 0.406157 1.792154
0.221190 0.152479 1.160374
0.170688 0.193783 1.268152
0.380370 -0.015983 1.351250
0.024880 0.237691 1.197884
0.387496 0.446014 1.634502
-0.232034 0.127336 1.434857
0.475152 0.435956 1.612417
0.270930 -0.301495 1.383412
0.395861 -0.045090 1.455013
0.376456 -0.000094 1.579301
0.191362 0.128668 1.094697
-0.216972 0.153409 1.517211
0.430141 0.344681 1.520789
0.394825 -0.024394 1.782835
0.279533 -0.314341 1.264563
0.293008 -0.488522 1.272984
-0.037897 0.254308 1.559977
0.380644 0.012812 1.456284
0.397820 -0.015435 1.607462
-0.164639 0.190009 1.441322
0.379601 -0.375623 1.148520
0.451272 0.408212 1.629054
-0.483446 0.447046 1.548166
-0.487998 0.431058 1.656836
-0.184143 0.120895 1.577116
0.483149 0.480028 1.333449
-0.375879 0.415828 1.354602
-0.400793 0.402102 1.206846
-0.236756 -0.236050 1.026655
0.354701 0.419237 1.751529
0.498501 0.414903 1.508270
0.296122 -0.291407 1.272231
-0.251392 -0.254249 0.919192
0.405180 -0.019535 1.265170
-0.183916 0.144835 1.546208
-0.439721 0.436435 1.393375
0.191382 0.127079 1.035597
0.496368 0.492440 1.398936
-0.274831 -0.210752 0.942075
-0.180377 0.219638 1.707427
-0.252994 -0.230637 0.679283
-0.489773 0.468845 1.275895
0.382523 -0.373367 1.303311
-0.496295 0.079697 1.061632
-0.385208 -0.155405 1.534886
-0.204620 0.178879 1.493844
-0.497220 0.427851 1.561053
-0.078373 0.288414 1.784424
-0.057100 0.252315 1.284668
-0.356318 0.230022 1.053550
-0.434422 0.428458 1.250015
0.442170 0.361726 1.323218
0.395733 0.012243 1.462321
0.473555 0.460929 1.409575
-0.046763 -0.140275 1.371124
0.437950 0.413692 1.437338
0.495733 0.457987 1.449685
0.435794 0.349814 1.579510
-0.254250 0.184012 1.515684
0.472529 0.466956 1.512970
0.261183 -0.280309 1.213701
0.262847 -0.288599 1.455953
0.160890 0.157234 1.195150
-0.080696 0.090546 1.558549
0.172816 0.155041 1.222667
-0.111246 0.151063 1.370069
0.195700 0.132830 1.147413
-0.438497 0.435636 1.522206
-0.223259 0.164642 1.411150
0.331926 0.254982 1.791852
-0.399197 0.428009 1.375188
0.212288 0.210552 2.422205
0.407445 -0.353114 1.080411
-0.145937 0.122929 1.257487
0.479711 0.492175 1.538420
0.464722 0.438503 1.262659
-0.163715 0.196654 1.593057
-0.414106 0.428853 1.350412
0.380519 0.445848 1.667033
-0.253329 0.135948 1.428939
0.452209 0.405064 1.705102
-0.240832 0.177611 1.463350
-0.040231 -0.154494 1.418135
0.168084 0.157951 1.175440
-0.184861 0.137064 1.587824
0.415429 -0.459574 1.338791
0.383176 0.420481 1.655725
0.387299 -0.009608 1.653656
0.495441 0.477902 1.000620
0.449129 0.326059 1.651691
-0.492734 0.413748 1.633161
-0.202930 0.132430 1.703066
-0.149453 0.136001 1.622951
0.193844 0.200513 1.095723
0.483292 0.461800 1.401984
-0.435263 0.437206 1.379582
0.455898 0.459574 1.592457
-0.441086 0.426375 1.575626
0.390529 -0.367215 1.012022
0.489898 0.408093 1.584580
0.415342 0.020020 1.460474
0.283359 -0.300710 1.319860
0.369753 0.018594 1.555586
0.498859 0.386249 1.378701
-0.308535 0.182469 1.638980
0.404174 -0.038856 1.581083
0.331905 0.353839 1.663592
0.396883 -0.007048 1.401059
0.012999 0.209665 1.282451
-0.477712 0.475769 1.414468
0.193681 0.171891 0.901410
0.464835 0.449530 1.372615
0.025703 0.231778 1.507844
