0.411495 -0.402176 1.539724
0.452845 -0.395244 1.554848
0.460522 -0.324250 1.433812
0.368034 -0.395031 1.656160
0.421680 -0.340708 1.755775
0.380408 -0.409546 1.607341
0.022232 0.319304 1.041994
0.195952 -0.121433 1.648773
0.414503 -0.358942 1.651272
0.401758 -0.333958 1.734692
0.472340 -0.407632 1.635780
0.367175 -0.354418 1.647342
0.417867 -0.329928 1.488722
0.433712 -0.400564 1.570246
-0.278598 -0.421405 1.595704
0.442196 -0.353522 1.402750
0.410521 -0.321312 1.530952
0.150701 -0.174228 1.024684
0.376770 -0.376693 1.639463
0.199248 -0.118342 1.550850
-0.071929 -0.484749 0.644303
0.301939 -0.353787 1.883176
0.474511 -0.405547 1.634616
0.391245 -0.397793 1.619169
0.205994 -0.078416 1.245477
0.438159 -0.366534 1.365365
0.425268 -0.353486 1.673649
-0.420125 -0.315450 1.280835
-0.397126 -0.329999 1.543848
0.188752 -0.111801 1.781384
0.243250 -0.065880 1.365808
0.417648 -0.335155 1.567581
0.326416 -0.371758 1.601143
0.425647 -0.434877 1.531289
0.454166 -0.337452 1.551027
0.424616 -0.384557 1.801560
0.188029 -0.100173 1.531958
0.453758 -0.374837 1.425276
0.471378 -0.325556 1.657974
0.450924 -0.346070 1.588459
0.349745 -0.346069 1.696792
0.487964 -0.341741 1.545899
0.438359 -0.341107 1.487205
0.405907 -0.359351 1.471648
0.349550 -0.416830 1.690010
0.396554 -0.349072 1.592881
0.425211 -0.393005 1.761706
0.451429 -0.370482 1.631510
0.350158 -0.338764 1.600987
0.254330 -0.085517 1.604121
0.499651 -0.345935 1.708100
-0.350279 -0.227107 1.849457
0.456277 -0.219323 1.366627
0.392578 -0.295249 1.476297
0.412371 -0.363605 1.361714
0.431466 -0.346746 1.381981
0.398823 -0.370525 1.435144
0.244721 -0.013389 1.346048
0.184427 -0.097963 1.061440
-0.058847 -0.474143 0.720953
0.183515 -0.080077 1.438443
0.410831 0.443030 1.048691
0.206860 -0.067675 1.375074
0.377475 -0.427077 1.684354
0.431297 -0.385086 1.526295
0.312074 -0.459771 2.330512
0.445035 -0.419072 1.663391
0.482719 -0.335131 1.303796
0.451100 -0.379928 1.656277
0.356295 0.422137 1.383861
0.458872 -0.378870 1.469553
0.427739 -0.312660 1.544697
0.197025 -0.043147 1.425988
0.403486 -0.317450 1.684788
0.443162 -0.331444 1.436943
0.403842 -0.405261 1.683532
0.416145 -0.381998 1.468994
-0.366092 -0.238331 1.876920
0.195172 -0.083064 1.498948
0.399726 -0.349074 1.249981
-0.216384 0.220547 1.094333
0.200571 -0.388756 1.609611
0.179061 -0.087195 1.436745
0.441148 -0.321271 1.469672
0.209261 -0.090943 1.543320
0.230505 -0.094309 1.377465
0.474185 -0.311217 1.753219
0.192202 -0.050459 1.541340
0.445314 -0.386673 1.497996
0.261848 -0.051737 1.657637
0.395339 -0.360070 1.559865
0.348837 -0.339113 1.336505
0.437909 -0.361236 1.787643
0.460128 -0.303727 1.611603
0.453396 -0.353268 1.520535
0.425628 -0.346168 1.646566
0.459364 -0.412160 1.678772
0.461106 -0.403494 1.384336
0.183687 -0.061152 1.522519
0.213663 -0.090457 1.375596
0.193245 -0.139295 1.496188
0.464619 -0.348958 1.833874
0.415558 -0.391475 1.644965
0.280695 -0.077920 1.755347
0.431118 -0.439123 1.655569
0.464443 -0.237726 1.505003
0.176517 -0.080286 1.421980
0.496880 -0.240555 1.331806
0.278772 -0.093984 1.636010
0.483798 -0.317239 1.398768
0.221836 -0.077311 1.669343
0.414231 -0.393871 1.524794
0.234886 -0.078466 1.609488
0.370528 -0.363233 1.670082
0.448531 -0.372215 1.660938
0.212398 -0.417268 1.163994
0.387131 -0.334222 1.653150
0.264066 -0.075107 1.501932
0.480352 -0.325146 1.409279
0.415229 -0.341709 1.642737
0.190621 -0.067664 1.397808
0.445052 -0.414904 1.610624
0.300913 -0.395054 1.983936
-0.291565 -0.417951 1.716337
0.232010 -0.110353 1.362598
0.471682 -0.344498 1.824332
0.392938 -0.393482 1.376442
0.121099 -0.004483 -0.161992
0.442641 -0.345732 1.767605
0.376861 -0.418002 1.801154
0.431808 -0.308848 1.544328
0.203970 -0.060096 1.444564
0.417210 -0.324070 1.903662
0.488659 -0.356424 1.455943
0.224317 -0.063092 1.664595
0.484595 -0.337532 1.469480
0.407287 -0.426339 1.666138
0.185653 -0.115883 1.210986
0.415207 -0.383005 1.765111
0.228927 -0.083910 1.283340
0.400629 0.486961 1.910534
0.189316 -0.057293 1.499750
0.420221 -0.343186 1.470694
0.307550 -0.392333 1.968656
0.193925 -0.067361 1.515373
-0.484155 -0.350483 1.312039
0.431927 -0.392371 1.568956
0.366923 -0.440883 1.772363
0.472147 -0.355485 1.496830
0.423552 -0.379649 1.698589
0.470232 -0.315783 1.597179
0.453038 -0.311872 1.393464
0.478586 -0.346587 1.340920
0.450615 -0.387454 1.729532
0.208420 -0.080125 1.529740
0.407326 -0.403334 1.752207
-0.448097 -0.330946 1.620569
0.195155 -0.093113 1.640056
0.423859 -0.313711 1.684510
0.406396 -0.441141 2.015026
0.185650 -0.057880 1.605000
0.205555 -0.117929 1.393390
0.211323 -0.380207 1.723131
0.376790 -0.333858 1.645451
0.421451 -0.303915 1.373166
0.341955 -0.413048 1.455323
0.416057 -0.393646 1.466114
0.372186 -0.412094 1.881466
0.404377 -0.381797 1.387629
0.382602 -0.363042 1.507228
0.427440 -0.342899 1.555853
0.186300 -0.166855 1.153308
0.258296 -0.046093 1.689397
0.421875 -0.433766 1.294531
0.203517 -0.084127 1.858493
0.429683 -0.334373 1.494955
0.260159 -0.031809 1.721758
0.388265 -0.358224 1.619957
0.308654 -0.379803 1.780140
0.313440 -0.364946 1.713919
0.432266 -0.318287 1.621146
0.448209 -0.391258 1.667664
0.204990 -0.098669 1.595750
0.205263 -0.096733 1.709956
0.403514 -0.337635 1.725780
0.407019 -0.355290 1.749977
0.374110 -0.363136 1.756225
0.450745 -0.368374 1.499180
0.412395 -0.424671 2.057139
0.421540 -0.399374 1.673613
0.403065 -0.342842 1.390210
0.407999 -0.308639 1.483756
0.191081 -0.125195 1.730644
0.259111 -0.067835 1.492979
0.207566 -0.118685 1.804476
0.419431 -0.377451 1.437940
0.399478 -0.419825 1.387382
0.477032 -0.329629 1.684361
0.410076 -0.432278 1.507239
0.426855 -0.328866 1.607435
0.380101 -0.334414 1.552674
0.356595 -0.349580 1.451030
0.438353 -0.358744 1.612527
0.192223 -0.089698 1.538941
0.369251 -0.352165 1.649931
0.393464 -0.429718 1.364323
0.190895 -0.083582 1.746736
0.208208 -0.097875 1.448370
-0.495600 -0.332547 1.601831
0.232502 -0.084676 1.629955
0.205756 -0.072710 1.393134
0.474599 -0.385961 1.569918
0.201644 -0.086054 1.600052
0.375434 -0.383679 1.373768
0.198081 -0.077566 1.532962
0.205802 -0.136281 1.657086
0.433959 -0.319101 1.526901
0.230170 -0.051363 1.488262
0.425262 -0.409961 1.603991
0.378787 0.435458 1.102162
0.186406 -0.048040 1.581343
-0.405474 -0.326193 1.499121
0.413640 -0.356502 1.559298
0.188832 -0.064541 1.706456
0.463406 -0.367669 1.708396
0.461760 -0.403386 1.426104
0.270209 -0.063246 1.314595
0.401481 -0.336336 1.600770
0.378065 -0.379560 1.548922
0.438531 -0.391748 1.510608
0.194236 -0.110776 1.629079
0.468248 -0.352952 1.724319
-0.275384 -0.410433 1.745377
0.438421 -0.324231 1.595997
0.407793 -0.406586 1.332469
-0.298393 -0.417382 1.824589
0.342264 -0.397415 1.855402
0.420411 -0.366665 1.441507
0.419671 -0.372723 1.666433
0.268902 -0.358339 1.728317
0.405179 -0.330740 1.496338
-0.255021 0.239137 1.323331
0.201311 -0.073613 1.879021
0.235591 -0.035653 1.481846
0.261861 -0.040024 1.568582
-0.427126 -0.301166 1.441548
0.483386 -0.334892 1.504356
0.248658 -0.029628 1.515011
-0.331719 -0.212478 1.803691
-0.420230 -0.364778 1.685732
0.441446 -0.368375 1.743998
0.476950 -0.353038 1.512035
-0.062836 -0.464192 0.656040
-0.046741 0.492983 0.623362
0.198921 -0.105246 1.339838
0.225328 -0.064237 1.514037
0.424900 -0.373972 1.620172
0.366689 -0.383314 1.773026
0.311391 -0.386042 1.704102
0.414444 -0.403553 1.702022
0.245316 -0.059565 1.571385
0.494207 -0.337125 1.448958
0.176911 -0.127361 1.316252
0.418173 -0.384928 1.392944
0.452710 -0.247036 1.662723
0.200759 -0.053997 1.592673
0.395358 -0.351977 1.480728
0.249091 -0.048987 1.407859
0.349927 -0.403696 1.676779
0.414742 -0.400866 1.332193
-0.231112 0.208112 1.062230
-0.438865 -0.363001 1.671142
0.440886 -0.335580 1.477686
0.451097 -0.423676 1.308078
0.436778 -0.381983 1.749123
0.204418 -0.151386 1.419664
0.358275 -0.396760 1.554390
0.388132 -0.344965 1.599741
0.417990 -0.349023 1.564698
-0.425418 -0.334786 1.682396
0.403758 -0.410361 1.819772
0.394449 -0.350828 1.822470
0.194615 -0.081367 1.613171
0.383953 -0.362284 1.635937
0.218081 -0.076653 1.444286
0.458928 -0.353549 1.705535
0.264934 -0.056540 1.409441
-0.341283 -0.233527 2.012101
0.402481 -0.370410 1.669952
0.368612 -0.349210 1.515155
0.447937 -0.349402 1.591418
0.175142 -0.044206 1.171393
0.445781 -0.380200 1.663985
0.485766 -0.360629 1.387843
0.215009 -0.097259 1.673397
0.328059 -0.384601 1.581009
0.376988 -0.437847 1.561787
0.387174 -0.350908 1.639763
0.400853 -0.379632 1.646264
0.222936 -0.098409 1.520023
0.387655 -0.411575 1.713591
0.438508 -0.338397 1.531493
0.203317 -0.060299 1.609706
-0.285282 -0.435239 1.879145
0.401330 -0.388355 1.768960
0.463311 -0.385042 1.604167
0.364740 -0.356546 1.765212
0.400645 -0.314269 1.542952
0.227410 -0.091167 1.223233
0.209470 -0.025707 1.175339
0.410325 -0.339750 1.532255
0.330541 -0.388109 1.644811
0.216073 -0.035521 1.492628
0.483346 -0.352468 1.659840
0.223122 -0.062190 1.566871
0.418469 -0.301175 1.495067
0.484955 -0.371018 1.348004
0.468488 -0.341746 1.514220
0.427884 -0.313169 1.432928
0.342307 -0.403601 1.798839
0.471223 -0.327754 1.464547
0.361050 -0.356469 1.482401
0.220220 -0.059128 1.771329
0.404996 -0.341832 1.543084
0.202955 -0.062038 1.407828
0.448761 -0.378327 1.687241
0.374900 -0.427042 1.811907
0.352402 -0.375077 1.626497
-0.429066 -0.349181 1.544064
0.403833 -0.314488 1.483697
0.405187 -0.359846 1.686176
0.297407 -0.409813 1.729890
0.448372 -0.365890 1.517493
0.196410 -0.106711 1.566087
0.453269 -0.426610 1.715567
0.416127 -0.296698 1.599328
0.420647 -0.310552 1.396013
0.217971 -0.057411 1.476466
0.429887 -0.334761 1.427679
0.449094 -0.328782 1.602744
0.200608 -0.078923 1.523720
0.302786 -0.434823 1.490286
0.211315 -0.045344 1.495222
0.276685 -0.054969 1.651441
-0.047155 0.174256 1.022645
0.444598 -0.360900 1.498396
0.405412 -0.348153 1.788256
0.437912 -0.439779 1.521224
0.443119 -0.283099 1.438682
0.182909 -0.107576 1.547292
0.405394 -0.317577 1.659421
0.445303 -0.242921 1.549243
0.379347 -0.359126 1.494247
0.439603 -0.404681 1.646655
0.469570 -0.347968 1.449241
0.422056 -0.379494 1.545569
0.407231 -0.303511 1.520745
-0.073081 -0.491678 0.376105
0.282277 -0.372865 1.858911
0.439010 -0.308981 1.404829
0.391520 -0.390319 1.307759
0.175849 -0.053948 1.545135
-0.430331 -0.320578 1.351867
0.442489 -0.305150 1.600855
0.185947 -0.048052 1.393345
0.447449 -0.345361 1.789875
0.439629 -0.379270 1.524092
-0.422010 -0.342381 1.785981
0.450352 -0.372179 1.561314
0.481676 -0.398967 1.596256
0.289619 -0.373463 1.557310
0.327355 -0.369812 1.910053
0.461579 -0.418027 1.438701
0.401986 -0.354098 1.520209
0.371179 -0.362706 1.668760
0.019240 0.154032 0.466950
0.396338 -0.308046 1.578351
0.481475 -0.213995 1.341858
0.390177 -0.381741 1.507397
0.415754 -0.380130 1.667915
0.410499 -0.297412 1.377765
0.226763 -0.054513 1.584075
0.232547 -0.018509 1.461070
-0.414905 -0.343631 1.780409
0.180289 -0.055320 1.440842
0.463620 -0.408514 1.493051
0.492249 -0.403403 1.707528
0.400633 -0.392373 1.628021
0.231054 -0.423096 1.330760
0.209739 -0.101561 1.586869
0.212302 -0.092428 1.801981
0.195826 -0.077049 1.465300
0.358804 -0.394588 1.430830
0.178316 -0.064319 1.489779
0.384584 -0.336014 1.862058
0.426240 -0.420497 1.487421
0.202803 -0.037151 1.348588
0.439861 -0.406707 1.467524
-0.052644 -0.494954 1.155678
0.361665 -0.403089 1.482090
