0.425730 0.360317 1.593039
0.468854 0.367144 1.794554
0.446981 0.438099 1.656437
0.379146 0.366692 1.595858
0.424865 0.419770 1.647297
0.390564 0.355447 1.450799
-0.078962 0.104675 0.985671
0.195954 -0.357472 1.463200
0.433562 0.402741 1.639416
0.387716 0.427931 1.535109
0.497649 0.355523 1.612208
0.381105 0.407835 1.765707
0.415966 0.431074 1.459028
0.446800 0.360622 1.588202
-0.304409 0.342437 1.213055
0.436166 0.407739 1.609272
0.408313 0.440187 1.351342
0.064341 -0.395225 1.399077
0.379343 0.387224 1.729622
0.195976 -0.357128 1.573854
-0.205609 0.318442 0.714588
0.319091 0.408680 1.423258
-0.496962 0.357450 1.872789
0.391333 0.363508 1.546090
0.204430 -0.317765 1.582893
0.453886 0.395460 1.423932
0.451323 0.408625 1.713647
-0.421987 0.448048 1.833903
-0.403558 0.433921 1.852581
0.182023 -0.349747 1.774429
0.226639 -0.303820 1.462844
0.420475 0.427518 1.400318
0.335570 0.390627 1.623277
0.449730 0.327098 1.702051
0.455167 0.424368 1.551696
0.432395 0.376900 1.593482
0.174572 -0.337362 1.767850
0.467389 0.388642 1.471182
0.434814 0.439288 1.572730
0.444893 0.415823 1.476932
0.355148 0.415680 1.536630
0.468792 0.422212 1.374511
0.440971 0.420193 1.627288
0.419474 0.402438 1.720504
0.370585 0.346074 1.491503
0.396486 0.412941 1.775940
0.441313 0.368650 1.589672
0.438969 0.391095 1.475773
0.360466 0.422752 1.463189
0.230110 -0.323765 1.547533
-0.486267 0.417790 1.536318
-0.309491 -0.460285 1.503511
0.352343 -0.428524 0.950638
0.384646 0.467010 1.516949
0.426129 0.400243 1.874828
0.415845 0.416869 1.839436
0.407257 0.390018 1.538900
0.228332 -0.250966 1.582440
0.179829 -0.334556 1.470509
-0.162865 0.326549 1.668809
0.173631 -0.316804 1.265858
0.342201 0.215719 1.417420
0.190532 -0.303352 1.461736
0.388982 0.335805 1.601072
0.435872 0.378024 1.368407
0.370724 0.313742 1.659615
0.465939 0.343062 1.683302
0.466132 0.428095 1.497658
0.444506 0.381225 1.564251
0.320376 0.188633 1.678580
0.448358 0.383284 1.671704
0.427774 0.449165 1.514094
0.175359 -0.278695 1.570794
0.382617 0.444055 1.537651
0.438533 0.432493 1.672357
0.429543 0.356552 1.707076
0.426905 0.381141 1.618147
-0.316435 -0.472290 1.899016
0.192779 -0.320664 1.380214
0.396021 0.411802 1.454314
-0.332232 0.011638 1.047730
0.148115 0.378898 1.400725
0.177310 -0.324781 1.617979
0.441141 0.440142 1.711427
0.206502 -0.328992 1.437442
0.215255 -0.331767 1.564574
0.461121 0.451793 1.488872
0.184826 -0.289644 1.454901
0.472688 0.377607 1.695549
0.229791 -0.288826 1.549022
0.377511 0.402090 1.404463
0.359995 0.422771 1.486131
0.419792 0.399776 1.562936
0.448979 0.459110 1.653666
0.435537 0.409189 1.668347
0.440197 0.415685 1.779402
0.456126 0.351056 1.501086
0.469440 0.359136 1.671117
0.167276 -0.296866 1.527638
0.207248 -0.324909 1.553287
0.202169 -0.376882 1.509037
0.464453 0.412211 1.635712
0.426076 0.370133 1.456408
0.259349 -0.311170 1.749165
0.450174 0.323715 1.582141
0.369946 -0.453090 1.111325
0.072639 -0.290256 1.186864
0.377902 -0.446062 0.808551
0.251979 -0.328601 1.714150
0.466292 0.447832 1.431462
0.198450 -0.315422 1.545309
0.428407 0.369674 1.458370
0.212484 -0.315091 1.386643
0.381533 0.400016 1.412009
0.456180 0.390489 1.772843
0.153698 0.352663 1.487309
0.389427 0.426795 1.658892
0.243985 -0.311406 1.838345
0.473831 0.435211 1.560818
0.432044 0.420926 1.568182
0.185411 -0.305156 1.293884
0.472868 0.348575 1.545252
0.354153 0.373481 1.722793
-0.305335 0.348573 1.274377
0.220664 -0.347630 1.412376
0.451933 0.418108 1.554808
0.397440 0.368335 1.711620
-0.105351 -0.075079 0.478172
0.447020 0.415494 1.624810
0.393775 0.343305 1.563069
0.416878 0.454897 1.787120
0.205059 -0.297465 1.792627
0.425845 0.437427 1.452099
0.481753 0.406076 1.661941
0.229698 -0.301769 1.710252
0.459894 0.425825 1.550666
0.421462 0.334432 1.527092
0.173358 -0.352594 1.660655
0.395658 0.378971 1.591181
0.204778 -0.320410 1.312521
0.412548 0.248625 1.597933
0.196496 -0.295187 1.522303
0.417887 0.417623 1.443302
0.333120 0.372651 1.754490
0.193341 -0.306576 1.534613
-0.498082 0.415203 1.843121
0.433293 0.370060 1.335054
0.379016 0.321918 1.471262
0.453906 0.407814 1.707142
0.445961 0.385353 1.750834
0.463506 0.446893 1.677378
0.441005 0.451975 1.728500
0.472433 0.416147 1.765453
0.444896 0.375024 1.390917
0.204252 -0.318496 1.433682
0.427363 0.359855 1.627143
-0.434734 0.432353 1.696605
0.184102 -0.328037 0.997469
0.401066 0.448263 1.434394
0.413297 0.321986 1.531458
0.192129 -0.294895 1.480694
0.204383 -0.356211 1.736796
0.230234 0.382097 1.372571
0.385815 0.429830 1.825202
0.409675 0.458315 1.489206
0.351890 0.350240 1.496524
0.432423 0.368227 1.701100
0.395498 0.351196 1.671511
0.418100 0.380074 1.663224
0.386381 0.398693 1.467333
0.433952 0.419350 1.370987
-0.047713 -0.213906 0.244713
0.249113 -0.284894 1.648224
0.448898 0.334997 1.876399
0.191730 -0.321821 1.417289
0.419742 0.428773 1.363879
0.237041 -0.269361 1.486310
0.379710 0.404064 1.489293
0.332124 0.386715 1.611583
0.348300 0.398517 1.805976
0.445986 0.443774 1.794201
0.466321 0.372127 1.779345
0.204373 -0.336285 1.516212
0.200832 -0.335922 1.527742
0.412073 0.423768 1.553065
0.422320 0.409877 1.314650
0.397515 0.399338 1.620957
0.457214 0.393566 1.729847
0.448011 0.341361 1.665890
0.445953 0.364377 1.679885
0.420814 0.420712 1.574209
0.414503 0.453355 1.705196
0.199184 -0.363921 1.735663
0.220447 -0.302854 1.409300
0.180047 -0.355709 1.523556
0.431177 0.383847 1.559559
0.416733 0.341682 1.684820
0.448238 0.433954 1.344306
0.444892 0.330993 1.854333
0.413919 0.432204 1.458041
0.390369 0.426920 1.563442
0.358287 0.412935 1.786095
0.441509 0.401796 1.592106
0.189444 -0.327506 1.719013
0.374370 0.409761 1.486176
0.388031 0.331902 1.648535
0.207051 -0.322450 1.656491
0.197026 -0.336752 1.458764
0.468428 0.434172 1.352479
0.237278 -0.322998 1.737677
0.195550 -0.308923 1.236438
0.485214 0.374791 1.566246
0.180060 -0.322794 1.468807
0.405872 0.380504 1.838571
0.197036 -0.316667 1.472652
0.223845 -0.372041 1.773893
0.426151 0.444479 1.606005
0.224923 -0.290499 1.539263
0.440005 0.353403 1.236773
0.325559 0.203361 1.475272
0.063947 -0.245392 1.104625
-0.421866 0.436976 1.556351
0.435555 0.407690 1.709689
0.167400 -0.300797 1.650576
0.461270 0.394748 1.494252
0.436630 0.358739 1.338822
0.247786 -0.300989 1.562820
0.411073 0.424931 1.456662
0.375753 0.381639 1.437066
0.471488 0.373808 1.834572
0.210432 -0.348138 1.691303
0.440662 0.409861 1.345393
-0.273129 0.354610 1.349850
0.448358 0.437622 1.538004
0.425696 0.355793 1.638047
-0.312969 0.346004 1.547399
0.349703 0.363838 1.688088
0.421814 0.396513 1.475344
0.435262 0.388471 1.669811
0.292574 0.404189 1.519762
0.400490 0.430164 1.400200
-0.362561 0.025664 1.290647
0.206635 -0.311866 1.761663
0.204399 -0.273205 1.322026
0.235317 -0.275668 1.616796
-0.425814 0.460343 1.668889
0.497295 0.426848 1.689929
0.219934 -0.266204 1.419125
-0.303354 -0.446957 1.576449
-0.418537 0.397340 1.677770
0.462476 0.393824 1.652039
0.479567 0.409911 1.677843
-0.174582 0.329106 1.212465
-0.187355 0.300082 1.036657
0.204365 -0.343796 1.722131
0.218100 -0.303448 1.390603
0.429418 0.387177 1.739070
0.378901 0.378470 1.643175
0.349007 0.380475 1.819407
0.421943 0.358268 1.488527
0.245639 -0.297840 1.644903
0.470684 0.425033 1.537522
0.190131 -0.366033 1.476007
0.429815 0.377846 1.639232
0.370527 -0.470814 1.166308
0.096578 -0.268466 1.051984
0.433168 0.413220 1.918476
0.221095 -0.284795 1.597996
0.351951 0.357279 1.462556
0.420846 0.363455 1.853313
-0.338347 -0.001558 1.107892
-0.445724 0.399161 1.470472
0.436738 0.425552 1.620243
0.467853 0.338022 1.642345
0.432723 0.379625 1.618706
0.228702 -0.389551 1.797241
0.374713 0.366352 1.675653
0.382887 0.417165 1.649757
0.388172 0.414236 1.530724
-0.401221 0.430184 1.861278
0.399571 0.351092 1.394446
0.405089 0.410271 1.471709
0.198107 -0.318172 1.640538
0.402730 0.401005 1.771289
0.209793 -0.314824 1.470272
0.452662 0.408252 1.671705
0.220922 -0.290896 1.290536
-0.312244 -0.468922 1.560903
0.400994 0.390435 1.697841
0.378823 0.413529 1.903320
0.441196 0.413895 1.445800
0.077424 -0.259250 0.834079
0.456340 0.383510 1.662125
0.492187 0.400732 1.478119
0.196078 -0.334576 1.718140
0.332870 0.378895 1.527719
0.385683 0.323182 1.564644
0.396427 0.412408 1.705129
0.400259 0.382864 1.542696
0.195965 -0.334114 1.449558
0.386648 0.351303 1.411008
0.453326 0.424766 1.486152
0.192708 -0.299499 1.498248
-0.314159 0.330353 1.258423
0.441814 0.379457 1.685541
0.468265 0.375944 1.603665
0.369315 0.406037 1.478105
0.393184 0.446993 1.673535
0.228216 -0.328599 1.668209
0.208539 -0.262944 1.505147
0.409086 0.423338 1.495233
0.344249 0.374844 1.443112
0.205572 -0.273702 1.307106
0.471024 0.408984 1.550653
0.213063 -0.299912 1.772037
0.395736 0.461295 1.506527
0.492089 0.390581 1.655056
0.442176 0.421657 1.517945
0.419389 0.449306 1.584284
0.350173 0.358267 1.602712
0.454912 0.434405 1.471491
0.364740 0.405866 1.825144
0.215557 -0.295627 1.827680
0.406634 0.419832 1.358904
0.201809 -0.300121 1.270018
0.444664 0.382822 1.696749
0.372333 0.334631 1.740848
0.372564 0.388756 1.496016
-0.436771 0.411922 1.544486
0.405868 0.447086 1.510595
0.414206 0.403036 1.538615
0.309481 0.352752 1.648981
0.457162 0.395530 1.669582
0.204410 -0.343631 1.607628
0.456912 0.335249 1.560787
0.416068 0.466185 1.574187
0.409883 0.452034 1.772590
0.194944 -0.295029 1.514352
0.442080 0.426835 1.502361
0.442233 0.434096 1.681108
0.217371 -0.317494 1.547137
0.315941 0.330968 1.914342
0.215211 -0.283133 1.678151
0.235779 -0.290468 1.410559
-0.230612 0.020395 0.699575
0.431582 0.401132 1.583896
0.404626 0.414257 1.653354
0.454243 0.325828 1.734091
0.433128 0.481084 1.679227
0.177253 -0.346763 1.456337
0.405273 0.445655 1.589939
0.366303 -0.465514 1.101951
0.366840 0.404921 1.869161
0.465512 0.359057 1.888476
0.468181 0.413045 1.728732
0.407339 0.382416 1.265266
0.392005 0.457939 1.603749
-0.236853 0.337335 0.862824
0.347406 0.398189 1.892537
0.436580 0.451513 1.557342
0.407355 0.375084 1.659342
0.059104 -0.259256 0.830303
-0.427282 0.440539 1.575069
0.418520 0.458571 1.367166
0.187542 -0.286367 1.527838
0.426236 0.417995 1.629630
0.445365 0.381942 1.389431
-0.433070 0.419606 1.436468
0.462726 0.389736 1.741157
-0.484798 0.364867 1.779563
0.288436 0.389669 1.388738
0.323268 0.391522 1.471499
0.493424 0.344587 1.824361
0.405507 0.407014 1.618912
0.405362 0.402512 1.819251
-0.143066 -0.021213 0.946700
0.408736 0.453569 1.454786
0.354705 -0.410905 0.777457
0.388119 0.380502 1.471849
0.411075 0.382184 1.595506
0.402873 0.464973 1.805621
0.210551 -0.291598 1.263567
0.214035 -0.256412 1.552731
-0.421920 0.417132 1.583655
0.072839 -0.264849 1.178915
0.469482 0.353512 1.831036
-0.488376 0.359240 1.731195
0.410017 0.369158 1.726908
0.162009 0.348322 1.307234
0.186451 -0.339217 1.615932
0.210012 -0.330319 1.618457
0.194914 -0.316020 1.589842
0.357967 0.366775 1.499219
0.179501 -0.303325 1.634815
0.400477 0.426319 1.587073
0.455568 0.344155 1.769796
0.179982 -0.274123 1.531496
0.471208 0.357628 1.811575
-0.212627 0.328431 0.885217
0.379055 0.360131 1.894308
