0.327718 0.058816 1.651760
0.339287 0.085095 1.961175
0.344836 0.136032 1.874044
0.373467 0.076984 1.683824
0.271840 0.110471 2.040534
0.353938 0.058605 1.534427
0.282538 0.161970 1.869603
-0.243047 0.431920 1.350689
0.252952 0.075336 1.955945
-0.202497 0.377863 1.692551
0.318720 0.046565 1.701828
0.314896 0.106418 1.775800
-0.231602 0.420091 1.124819
0.328500 0.058255 1.496555
0.338493 0.052484 1.582838
0.294501 0.090631 1.667503
-0.197444 0.404962 1.479682
-0.074598 -0.308290 2.403778
0.292926 0.095554 1.996986
0.385436 0.000559 1.536957
0.324803 0.026854 1.787963
0.316343 0.114878 2.006606
0.454913 0.053451 1.694969
0.282334 0.104023 2.011174
0.411078 -0.004767 1.484103
0.243891 0.066677 1.881392
0.290055 0.091060 1.823120
0.311794 0.140027 1.968157
0.305066 0.121997 1.578936
-0.352542 -0.233881 0.829982
-0.088786 -0.302620 2.219271
0.267285 0.124566 1.896984
0.279410 0.097762 1.969373
0.276900 0.076623 1.737053
0.294675 0.126063 2.104658
0.342588 0.082792 1.539696
-0.352390 0.428816 1.146633
0.272695 0.069429 1.939360
0.309273 0.133972 1.871366
0.325749 0.100050 1.758479
0.363326 0.081041 1.550521
0.298929 0.113367 1.866740
0.289453 0.119490 2.046560
0.367083 0.061229 1.578966
0.275653 0.057363 1.904190
0.342641 0.077281 1.504403
0.286914 0.056188 1.953926
0.262310 0.066502 1.681689
0.275226 0.128726 2.035875
-0.240980 0.412406 1.175249
0.333331 0.102714 1.522589
-0.028078 0.454533 1.649178
-0.040509 -0.322823 2.114398
0.277855 0.161516 1.771553
0.311965 0.082143 1.633647
0.290761 0.109080 1.594175
0.311191 0.075641 1.997187
-0.234379 -0.422075 1.931261
0.426635 0.368544 1.437833
-0.249633 0.401656 1.007800
-0.233563 0.419416 1.390178
0.354597 -0.006761 1.872664
-0.214377 0.428812 1.234704
0.408149 0.026323 1.568514
0.332784 0.068544 1.648679
0.313459 0.014194 1.854132
0.338464 0.038744 1.502401
0.265184 0.118618 1.996512
0.323517 0.079919 1.743043
0.341032 0.090606 1.629270
0.337447 0.071402 1.635669
0.303417 0.153433 1.955926
-0.020496 -0.268986 2.234196
0.413644 0.211931 1.199537
0.305519 0.123959 1.852712
-0.143049 0.069887 1.198260
0.304556 0.076725 1.931749
-0.482827 0.399598 1.915675
-0.270243 0.427030 1.325523
0.349306 0.108406 1.655248
0.313656 -0.087567 2.025481
0.356075 0.080966 1.511566
-0.169122 -0.346398 2.460711
0.296198 0.142415 1.863965
-0.095582 -0.304894 2.370352
0.388932 -0.110811 1.719370
0.338901 0.154838 1.605409
-0.006428 0.479132 1.957172
0.360811 0.082118 1.725826
-0.235125 0.443377 1.054437
0.332918 0.065207 1.891209
0.289872 0.130082 2.163963
0.327328 0.098148 1.520654
0.299730 0.152369 2.015817
0.320523 0.096593 1.722973
0.331921 0.115182 1.945434
0.349465 0.050367 1.584271
0.339229 0.058126 1.899094
-0.045452 -0.251758 2.245924
0.053142 -0.417974 1.444839
-0.104158 -0.328838 2.099786
0.281847 0.096796 1.935034
0.355143 0.060817 1.715722
-0.351519 -0.267194 0.956125
0.368334 0.036384 2.054204
0.368531 0.106968 1.692957
-0.362355 -0.231530 0.967007
-0.276976 0.449244 1.292652
-0.267124 0.424398 1.309563
0.298425 0.140815 1.956735
-0.413653 -0.497359 1.598002
0.313525 0.052918 1.801576
-0.268169 0.430026 1.247375
0.262249 0.089314 2.217951
0.280156 0.081828 1.955997
0.388703 0.037560 1.632851
0.334768 0.046464 1.264779
-0.063464 -0.276575 2.165669
0.311742 0.117764 1.671130
0.267447 0.105731 1.756820
0.414962 -0.111333 1.523586
0.336853 0.039084 1.686373
0.325329 0.078352 1.729675
0.345914 0.054894 1.692049
-0.038964 -0.430307 0.965518
0.315329 0.103611 1.989313
0.287509 0.061923 1.868238
0.370566 0.007851 1.679890
0.318992 0.240219 1.316382
0.351845 0.052748 1.480321
0.319416 0.162747 2.040741
-0.253531 0.429655 1.034103
0.289372 0.132772 2.046793
0.272079 0.088665 1.899310
-0.171302 -0.337962 2.342018
0.312449 0.106954 2.016349
-0.409091 0.005260 1.618599
-0.350243 -0.226209 0.993140
0.299346 0.062900 1.809172
-0.216870 0.413994 1.113162
-0.012921 -0.398921 0.980383
-0.259085 0.447647 1.167814
0.306561 0.117149 1.829228
0.333353 0.071951 1.907849
-0.242019 0.427727 1.525635
0.322421 0.097931 1.621800
0.327015 0.076876 1.686412
0.429037 0.017521 1.557372
0.349912 0.111597 1.748476
0.392843 0.063580 1.784185
0.275017 0.139630 1.785281
0.270187 0.135889 1.850424
0.322554 0.103685 1.935284
0.333746 0.061412 1.661320
-0.256923 0.428496 1.000880
0.467467 0.369575 1.377709
0.317698 0.123734 1.853385
-0.222326 0.395315 1.032523
0.038591 -0.433284 0.850838
0.447985 0.005797 1.735934
-0.264461 0.468028 1.382618
-0.251087 0.399665 1.444704
-0.010042 0.445881 1.829212
0.271861 0.121694 2.023487
-0.234849 0.432138 1.399323
0.300029 0.038208 1.542622
0.370629 0.077456 1.443130
0.318364 0.048400 1.609762
0.384504 0.073243 1.660424
0.300191 0.097050 1.790893
0.282738 0.095065 1.798811
0.370467 -0.092576 1.739893
-0.368193 -0.032818 2.238736
0.360618 0.035135 1.809066
0.375605 -0.112075 1.659802
0.260941 0.095678 1.867866
-0.234807 -0.434641 1.941807
0.305580 0.113041 1.655727
0.282249 0.081590 1.945957
0.359186 0.061061 1.713599
0.327744 0.141717 1.892425
0.352619 0.071367 1.894651
-0.238855 0.403985 1.151838
-0.091666 -0.311096 2.094290
0.306977 0.121487 1.627394
-0.217412 0.365675 1.275581
0.300240 0.087017 1.822310
0.299612 0.091850 1.845157
0.257625 0.062206 1.694963
0.342065 0.062719 1.596086
0.337277 0.085749 1.840880
0.374039 0.221245 1.184085
-0.034011 -0.405352 1.296312
-0.195493 -0.328692 2.266467
0.238913 -0.157538 0.579188
0.296076 0.062548 1.783224
0.408786 0.032743 1.621566
0.305554 0.142212 1.979208
0.339714 0.043288 1.762225
-0.221303 0.411354 1.551478
0.335315 0.134128 1.763865
0.351942 0.072781 1.854411
0.318267 0.086967 1.708274
-0.079187 -0.309203 2.122550
0.273631 0.100681 1.809743
0.229860 0.063108 1.760707
0.395247 -0.101258 1.621402
-0.091951 -0.304963 2.422457
0.287721 0.125334 1.833096
-0.082512 -0.288175 2.314204
-0.186663 -0.337924 2.328629
0.297949 0.050319 1.825190
-0.378475 0.052654 -2.643091
0.312459 0.069552 1.944881
-0.083557 -0.299174 2.154933
0.382433 -0.112281 1.349548
0.265795 0.126467 1.954795
-0.409732 0.485406 1.655694
0.312071 0.054316 1.760141
0.363323 0.018192 1.833332
-0.480932 0.487490 1.940944
0.334609 0.128874 1.819764
0.303082 0.103208 1.947019
-0.250563 0.416477 1.217758
0.364782 0.087143 1.817549
0.316698 0.052513 1.632192
0.373244 0.084787 1.396423
-0.211397 0.398111 1.321166
0.292775 0.082141 1.834172
0.331442 0.062752 1.890954
0.333165 -0.105538 1.858941
0.334269 0.109078 1.648556
0.342543 0.059392 1.870499
0.383053 0.222070 1.147301
-0.395120 -0.001298 1.520706
0.362067 0.050832 1.763792
0.268626 0.106501 1.806569
0.258782 0.075714 1.949475
0.349127 0.099265 1.797754
0.354358 0.075013 1.620577
-0.365091 -0.243184 0.949928
0.344029 -0.099777 1.934814
-0.261352 0.428408 1.217613
-0.216654 0.437290 1.494987
0.373130 0.021735 1.783342
-0.220219 0.370680 1.522732
0.349353 0.110719 1.744300
-0.209859 0.435838 1.257711
0.416422 0.350682 1.631225
0.281385 0.088362 2.134953
0.328512 0.086782 1.820860
0.340993 0.105558 1.815194
-0.259054 0.383498 1.185114
-0.350280 0.423145 1.134666
-0.276943 0.399161 1.154847
0.338273 -0.075165 1.859531
0.287279 0.073622 1.905228
0.396098 0.059130 1.585340
0.257862 0.066400 1.766858
0.317897 0.055004 1.673870
-0.195636 0.421717 1.265766
0.300786 0.099825 1.603424
-0.058476 -0.304148 2.223058
0.296268 0.078204 1.822293
-0.473832 0.414990 1.865301
-0.474797 -0.492460 1.553679
0.325908 0.135195 1.901274
-0.240361 0.442739 1.128622
0.391449 0.055812 1.500508
0.414154 0.058730 1.587476
0.425618 -0.130234 1.442033
0.314613 0.093366 1.834568
0.289665 0.109771 1.934636
0.352783 0.048104 1.665499
0.416319 0.061786 1.742601
0.363216 -0.037452 1.997282
0.318161 0.064053 1.741572
-0.196344 0.398278 1.292777
0.296597 0.125732 1.381829
0.310568 0.120692 1.839520
0.437144 0.048604 1.718326
0.290821 0.108453 1.765756
-0.232999 0.412701 1.606051
0.343942 0.068702 1.702946
-0.158494 -0.341250 2.247973
0.330959 0.096005 1.776736
-0.240458 0.435527 1.503233
-0.181158 0.416730 1.280384
0.252574 0.082169 1.527911
0.287659 0.107711 1.645524
0.299336 0.096254 1.927500
0.391597 0.012839 1.712870
0.243414 0.068719 1.696589
0.288536 0.080453 1.714137
-0.264302 0.406063 1.225897
0.303121 0.082104 1.735147
0.428603 0.027723 1.368337
0.281419 0.102374 1.732446
0.257877 0.056312 1.695649
0.450737 0.343836 1.514416
0.478906 -0.003078 1.482469
0.283368 0.109576 1.641258
0.386906 -0.104482 1.647775
0.312978 0.029000 1.729336
0.256186 0.058919 1.955928
0.293116 0.062945 1.879860
0.285212 0.112087 1.982333
0.306003 0.156442 1.758942
0.237492 -0.172483 0.791053
-0.354465 0.458724 1.598613
0.255795 0.103310 1.906155
0.313559 0.079879 1.847458
0.355251 -0.026275 1.850034
0.315544 0.106619 1.760866
0.272809 -0.235228 0.328683
-0.182669 -0.341278 1.969778
0.319613 0.086540 1.771633
0.280559 0.098826 1.777575
0.290481 0.145728 2.000429
0.363161 0.058945 1.771517
0.297455 0.130409 1.854036
-0.225075 0.378186 1.256165
-0.186152 0.435903 1.695470
0.315654 0.120180 1.926450
-0.475805 0.476805 1.832272
0.272045 0.061526 1.912747
0.340354 0.031508 1.698190
0.260053 0.335079 1.734981
0.274239 0.079933 1.874452
0.000683 0.458753 1.920894
0.307486 0.087925 1.749350
0.258685 0.076213 2.018852
0.329731 0.085933 1.673097
-0.000409 -0.417357 1.025240
0.327796 0.028577 1.889183
0.402885 0.223804 1.320967
0.315003 0.166737 1.943948
-0.246089 0.436754 1.361700
0.256425 0.117014 1.889590
0.274768 0.137657 1.914167
-0.299134 0.011959 1.115423
-0.429924 0.024082 0.358917
0.358522 0.085526 2.030966
0.010947 -0.418055 0.970018
0.318926 -0.001707 1.828357
0.294403 0.089847 1.954690
0.266202 0.104445 1.756350
0.332499 0.026789 1.423388
-0.479497 0.399679 1.748614
-0.262278 0.397826 1.231723
-0.212409 0.418931 1.380142
-0.064411 -0.274395 2.298087
0.278859 0.144499 1.619775
0.315449 0.039427 1.450609
0.339687 0.128475 1.927105
0.308203 0.065480 1.834738
-0.200998 0.419023 1.461094
0.373947 0.047698 1.736237
0.272006 0.091335 1.831312
0.320035 0.154119 1.842928
0.340088 0.077566 1.714348
-0.363590 -0.241351 0.765341
0.320477 0.138497 1.602880
0.282640 0.148846 2.210627
-0.187990 0.427144 1.639048
0.280786 0.105723 1.986354
0.335217 0.070750 2.053703
0.356068 0.115970 1.861197
0.339444 0.087565 1.861493
0.351439 0.054360 1.598330
-0.266920 0.371503 1.220301
0.398931 0.062018 1.685561
0.234471 0.069370 1.733499
0.251403 0.096452 1.816259
0.280373 0.081271 1.785381
0.380945 0.009066 1.577813
0.302294 0.149316 2.076328
-0.056716 -0.255876 2.057637
0.324195 0.068982 1.819032
0.322350 0.079171 1.601875
0.292888 0.165884 1.888284
0.009228 0.460932 2.122555
-0.414415 0.485469 1.520225
0.320158 0.107655 1.799078
-0.473720 0.478327 1.970508
0.372790 0.066787 1.968767
0.366779 0.056310 1.715900
0.300374 0.066152 1.853272
0.407640 0.042540 1.728806
-0.217170 0.404831 1.576124
-0.230925 0.403371 1.439421
-0.234516 0.418955 1.256801
0.247128 0.082272 2.012075
0.386338 -0.088610 1.739223
-0.215323 0.402843 1.520775
0.397996 0.034263 1.809421
-0.478304 0.481627 1.765363
0.321895 0.048923 1.504930
0.322401 0.031245 1.458781
0.341350 0.054034 1.875581
