-0.195449 -0.132702 1.211409
0.039351 -0.116126 1.231458
0.230881 0.333816 1.409350
-0.221752 0.134486 2.824947
-0.017262 -0.104430 1.473247
-0.079773 -0.157827 1.660956
-0.082956 -0.243373 2.152764
0.327223 0.254984 1.842519
0.222310 0.111958 1.140398
0.255848 0.281835 1.612848
0.225240 0.305616 1.687198
0.227061 0.305098 1.580128
-0.050492 -0.313213 1.881747
-0.243298 -0.126192 1.037653
0.215350 0.276698 1.450520
-0.269756 -0.090327 1.439204
0.283081 0.286893 1.484469
-0.084722 -0.184952 1.613691
-0.005573 -0.112702 1.335607
-0.320994 -0.151857 1.360645
0.433694 0.045582 1.293051
0.134610 -0.468435 2.174562
-0.266244 -0.098645 1.475941
-0.017901 -0.098955 1.576038
-0.294467 -0.138697 1.354558
-0.196687 -0.115768 1.177650
-0.210613 -0.103329 1.465694
-0.114296 0.131160 1.255921
0.176518 0.303813 1.748424
-0.328117 -0.145340 1.461538
-0.092997 -0.204181 1.808955
-0.025657 -0.091438 1.349234
-0.039518 -0.125981 1.757829
-0.278979 -0.098818 1.460447
0.233851 -0.435344 1.843998
-0.150503 0.286852 2.343373
0.302935 0.279152 1.514197
-0.187469 -0.131485 1.359999
0.268772 0.051842 2.185638
-0.260344 -0.090976 1.621298
0.293511 0.244702 1.259984
0.019900 -0.103278 1.459478
0.274568 0.271702 1.357276
-0.088031 -0.150601 1.862551
-0.045656 -0.137064 1.650654
0.202997 0.328531 1.626171
-0.041694 -0.295229 2.000061
0.005639 -0.125711 1.526882
0.440399 -0.273982 1.627538
0.441943 -0.298195 1.762182
-0.354527 0.227885 1.307035
0.206442 0.138079 1.239023
-0.240074 -0.121660 1.460985
0.474977 -0.277251 1.900610
-0.240088 -0.102798 1.458120
-0.028359 -0.121079 1.338243
-0.368003 0.258930 1.152155
-0.112328 -0.204259 1.748569
0.323919 0.265511 1.488467
0.330785 0.285936 1.492317
0.116008 -0.468632 2.111685
-0.254463 -0.097282 1.414498
0.281075 0.279556 1.837689
-0.060335 -0.177046 1.571145
-0.142626 0.114472 1.355501
-0.256599 -0.145052 1.281715
-0.319632 -0.110208 1.579610
-0.020593 -0.097988 1.342921
-0.340812 0.200685 1.734755
-0.366661 0.211303 1.600630
-0.054552 -0.155353 1.623294
0.000377 0.451692 2.516017
-0.322201 -0.150277 1.524840
0.172416 -0.207659 1.489036
-0.460481 -0.269701 1.640986
-0.280869 -0.113861 1.486532
0.308576 0.239512 1.740195
0.292614 0.231485 1.389454
0.268862 0.289821 1.612266
-0.106322 -0.209622 1.703519
-0.063949 -0.176388 1.846713
-0.135263 0.266313 2.472338
0.026065 -0.088816 1.357388
-0.143092 0.134939 1.384482
-0.097110 -0.196337 1.844164
-0.097458 -0.183674 1.979419
-0.053966 -0.309097 1.827300
0.452455 -0.256793 2.043392
-0.219945 -0.110294 1.501129
0.268779 0.295270 1.828329
-0.312610 0.239911 1.430773
0.213923 0.286412 1.544489
0.185373 0.322608 1.858669
0.067011 -0.452901 2.143538
0.228089 0.309070 1.679351
-0.028609 -0.308313 2.031607
-0.251052 -0.125794 1.382874
0.194606 0.290759 1.489436
-0.078506 -0.198753 1.846463
-0.086853 -0.228258 1.780604
-0.234889 -0.118304 1.235395
0.029412 -0.100371 1.336508
0.228100 0.301329 1.835848
0.031045 -0.463681 2.068722
-0.273512 -0.093565 1.414236
-0.235745 -0.121303 1.248781
-0.328744 -0.162888 1.230340
-0.274249 -0.101830 1.488442
-0.416477 -0.215598 1.891194
0.197931 0.326316 1.594661
0.181446 -0.218275 1.521087
-0.219462 -0.140619 1.201234
0.301552 0.318716 1.373721
0.397315 0.055148 1.176523
-0.219989 -0.112555 1.252891
0.004540 -0.106111 1.602335
-0.059716 -0.158213 1.452933
-0.283689 -0.145628 1.267359
-0.037521 -0.104553 1.662412
-0.037896 -0.099585 1.393939
-0.331425 -0.145319 1.484629
0.202329 0.294320 1.566043
0.192050 0.323732 1.545077
0.176398 0.283378 1.851656
0.118393 -0.233342 2.059307
-0.000960 -0.126416 1.446714
-0.083620 -0.228967 1.908316
-0.276948 -0.085776 1.542905
-0.023621 -0.146755 1.264658
-0.293667 -0.125333 1.411371
0.452732 -0.285641 1.558298
0.297571 0.293761 1.307739
-0.353264 0.204452 1.404729
-0.021671 -0.126169 1.472812
-0.090303 -0.210393 1.764075
-0.121432 0.118382 1.138347
-0.072477 -0.210417 2.022332
0.475470 -0.085780 2.322496
-0.228596 -0.123393 1.344475
0.123155 0.478736 2.400979
-0.054039 -0.148820 1.557807
0.252805 0.286740 1.475345
-0.345567 0.251503 1.334315
-0.214924 -0.089912 1.370332
-0.015073 -0.129930 1.324628
-0.063097 -0.319513 2.001464
-0.076407 -0.141741 1.462917
-0.237962 -0.144312 1.115896
0.247089 0.310064 1.702161
-0.246525 -0.105339 1.501517
0.426260 -0.291824 1.571656
0.226632 0.139251 0.931904
0.220223 0.290991 1.688777
-0.086253 -0.159092 1.455244
0.079012 0.473387 2.383260
0.311469 0.265605 1.399020
-0.307570 0.252675 1.070539
-0.036912 -0.089733 1.451734
0.198352 -0.202045 1.396901
-0.219671 -0.101960 1.605349
-0.050551 -0.339136 1.528248
0.332091 0.244404 1.605023
-0.029795 -0.100538 1.479348
-0.347127 0.233715 1.517594
0.122077 -0.454228 2.369855
-0.048609 -0.172797 1.610310
0.024411 -0.101208 1.459660
0.224689 0.121089 0.897187
-0.261666 -0.116927 1.658214
0.027573 -0.123190 1.426783
-0.248068 -0.093656 1.213182
-0.258344 -0.151487 1.131083
0.274634 0.232066 1.357624
-0.069616 -0.155245 1.532462
-0.114547 -0.184638 1.605342
-0.021075 -0.119754 1.564078
-0.086403 -0.190228 1.806280
0.049591 0.423910 2.709967
0.013530 -0.100701 1.609283
-0.220679 -0.145257 1.140622
0.234113 0.349218 1.703342
-0.075141 -0.160417 1.441716
0.328421 0.303926 1.818024
-0.025441 -0.169034 1.484421
0.197128 -0.212869 1.528010
0.359626 0.264188 1.611992
-0.041952 -0.127563 1.251157
-0.283249 -0.087084 1.513225
-0.021207 -0.148643 1.527041
-0.329553 0.237216 1.101322
-0.065363 -0.118786 1.446678
0.222480 -0.213370 1.756535
-0.409951 -0.226895 1.836054
0.057630 0.413556 2.571778
-0.265763 -0.124340 1.681798
0.208678 0.304084 1.639219
-0.253802 -0.103622 1.366228
-0.138742 0.135936 1.342261
0.011576 -0.134197 1.213049
-0.080315 -0.171641 1.776331
-0.133144 0.133984 1.193092
-0.253895 -0.099954 1.251185
0.184493 0.302754 1.855705
-0.054080 -0.194474 1.840909
-0.016919 -0.096309 1.654180
-0.225773 -0.107732 1.567761
0.054910 -0.444063 1.960087
0.031210 -0.107577 1.328424
0.330823 0.220060 1.544518
-0.069587 -0.196227 1.769265
-0.100222 -0.212002 1.794015
0.027450 -0.126331 1.310495
-0.004359 -0.115166 1.449839
-0.236208 -0.109077 1.306630
-0.071637 -0.206892 1.691988
-0.032288 -0.217900 1.836509
-0.266083 0.147139 1.841298
0.333927 0.278063 1.640793
-0.256018 0.243158 1.479898
-0.259039 -0.126602 1.737533
0.336633 0.289659 1.469123
0.382922 0.140285 0.864088
0.238567 0.305080 1.603977
0.328601 0.267173 1.449945
0.036480 -0.104838 1.248875
0.196081 0.301240 1.780825
0.037620 0.451038 2.861355
-0.080818 -0.214749 1.665660
-0.032357 -0.101566 1.213496
0.237238 0.329931 1.702292
0.105133 -0.422138 2.197475
0.231154 0.314754 1.723884
-0.062806 -0.147589 1.422370
0.162364 -0.219720 1.835863
-0.298912 -0.163488 1.600464
-0.223268 -0.144924 1.309990
-0.045136 -0.115039 1.484438
-0.041644 -0.139210 1.409425
0.218211 0.308463 1.437500
0.192349 0.309128 1.610063
-0.245402 -0.139271 1.276309
0.034055 -0.444758 2.087141
0.302655 0.283581 1.417168
0.128706 -0.473550 2.031764
-0.073284 -0.150143 1.827835
-0.450559 -0.201798 1.797256
0.220987 0.301127 1.704214
-0.057940 -0.269959 2.051436
-0.056610 -0.208731 1.909587
-0.035493 -0.109054 1.584577
-0.243124 -0.102443 1.252018
0.226455 0.317306 1.519818
0.301532 0.289360 1.255681
0.267786 0.284554 1.568470
0.296800 0.280796 1.885373
-0.354967 -0.153611 1.283542
-0.043235 -0.111826 1.200461
-0.258972 -0.127523 1.247706
-0.232453 -0.129522 1.174491
0.237278 0.320692 1.496050
0.327068 0.269194 1.542486
-0.044034 -0.149089 1.702295
-0.308481 -0.129240 1.417729
-0.212667 -0.113306 1.393547
0.328046 0.244855 1.795546
0.018658 -0.218622 1.992987
0.210197 0.340736 1.436198
0.102222 -0.458992 2.088870
-0.219078 -0.129683 1.553051
0.232974 0.134922 1.009558
0.283293 0.224034 1.264271
0.134780 0.491546 2.585919
0.392565 0.125704 1.166965
-0.087341 -0.156739 1.658124
-0.025946 -0.061973 1.523148
-0.048047 -0.328800 2.035960
-0.265984 -0.108367 1.476293
0.345258 0.259835 1.269087
-0.307649 0.243095 1.027512
-0.035957 -0.473833 2.049037
-0.026974 -0.113718 1.436995
0.004965 -0.115436 1.492751
-0.001095 0.475300 2.309855
0.394614 0.189490 2.300115
-0.042053 -0.212085 1.907874
0.209057 0.296063 1.511792
0.281812 0.265489 1.502325
0.319023 0.286501 1.596852
0.004627 -0.125683 1.544404
-0.017183 -0.099673 1.431511
-0.043542 -0.126831 1.422311
-0.023579 -0.112856 1.282688
-0.040718 -0.132050 1.305313
-0.205570 -0.114123 1.146138
0.283257 0.293414 1.360738
-0.063750 -0.107934 1.473787
-0.328789 -0.163224 1.359226
-0.002094 -0.121733 1.385957
-0.316184 -0.108162 1.430673
0.356935 0.264281 1.501324
-0.051122 -0.204847 2.037618
-0.001836 -0.099752 1.476670
-0.226410 -0.118622 1.416194
-0.059709 -0.161484 1.405515
-0.069067 -0.151459 1.294336
-0.203821 -0.121154 1.421644
0.025340 -0.097363 1.408351
-0.088665 -0.233472 1.734569
-0.479479 -0.251533 1.751488
0.118622 -0.489143 2.441798
0.020084 -0.112721 1.213598
-0.004369 -0.124590 1.497262
-0.068233 -0.178519 1.556831
-0.010577 -0.100137 1.357367
-0.060873 -0.209364 1.680276
-0.093284 -0.216245 1.718897
-0.273550 -0.093959 1.334650
-0.023550 -0.088802 1.248271
-0.437926 -0.279876 1.968614
-0.009101 -0.132381 1.653006
0.445065 -0.307278 1.713875
0.335329 0.247288 1.510179
-0.426920 -0.284188 1.797715
0.276296 0.234107 1.380774
0.115642 -0.498734 2.261895
0.248582 0.277909 1.675410
-0.285016 -0.137928 1.381677
-0.095336 -0.213313 1.507187
0.043898 -0.120732 1.431030
-0.305106 -0.150716 1.445913
-0.307388 -0.072521 1.468747
-0.260617 -0.095066 1.620537
-0.003667 -0.100040 1.394752
-0.120389 0.147532 1.123956
-0.083969 -0.166319 1.533375
0.086837 0.463831 2.681897
-0.303275 0.217784 1.249640
0.254708 0.272007 1.435987
-0.055421 -0.335140 2.050506
0.146694 -0.396920 1.848633
-0.319581 0.221953 1.403253
-0.016175 -0.096453 1.349195
0.021112 -0.104498 1.307937
-0.089294 -0.215161 1.924485
-0.271133 -0.147721 1.172739
-0.048495 -0.121262 1.397443
0.050212 -0.120039 1.416455
-0.275010 -0.125648 1.285861
0.300306 0.272536 1.590422
0.343954 0.267773 1.277446
-0.035223 -0.109629 1.333385
-0.073670 -0.191123 1.800736
-0.020134 -0.081762 1.531681
-0.263878 -0.103496 1.477153
0.306198 0.274663 1.696818
-0.152497 0.276728 2.391416
-0.028817 -0.123313 1.472180
-0.283110 -0.082391 1.420910
-0.006412 -0.112046 1.638797
-0.333322 0.225785 1.240655
-0.061402 0.440806 2.524540
0.077468 0.442361 2.313199
0.184142 0.316736 1.534666
-0.407339 -0.230542 1.999376
-0.039761 -0.326714 2.048022
-0.026207 -0.119289 1.293796
-0.032490 -0.143408 1.554775
-0.049444 -0.287488 2.030956
0.204247 0.274684 1.562740
-0.270154 0.125388 1.983853
0.275369 0.256812 1.523426
0.299930 0.217649 1.583141
-0.043703 -0.128517 1.366232
-0.010625 -0.130436 1.507171
-0.058565 -0.129145 1.514610
-0.077794 -0.167058 1.755760
-0.346267 0.207802 1.326109
-0.093412 -0.180015 1.520431
-0.014471 -0.144247 1.246713
-0.057501 -0.119195 1.603492
-0.353002 0.196865 1.401347
-0.090269 -0.191470 1.628382
-0.030922 -0.194785 1.669238
-0.017509 -0.117719 1.125179
0.069451 0.466321 2.064170
-0.023822 -0.051047 1.502497
-0.384141 0.247539 1.088034
-0.341493 0.222333 1.541581
-0.316614 -0.127522 1.189580
-0.006228 -0.099828 1.425784
0.264144 0.297896 1.427158
0.321111 0.266283 1.534615
0.018351 -0.105810 1.381432
0.217602 0.270084 1.592612
0.082137 0.487004 2.422897
-0.232838 -0.102436 1.351814
0.344288 0.333009 1.777536
-0.245480 -0.132429 1.437584
-0.098193 -0.181921 1.636893
0.217787 0.306940 1.586128
