0.182510 -0.140784 1.295943
0.006060 -0.033556 1.592578
-0.495035 -0.359304 1.918849
-0.000118 -0.304130 1.652896
-0.082127 -0.021270 1.957568
-0.465636 0.313295 1.729148
-0.253418 -0.200780 1.712206
-0.482530 0.312197 1.906297
-0.263248 -0.327065 2.641344
-0.368407 0.323115 2.181969
-0.498668 -0.354234 2.049992
0.494659 -0.342300 1.902643
-0.063742 -0.243144 1.508366
0.180277 -0.116586 1.061065
0.461095 -0.415647 2.040567
-0.078305 0.005953 2.180461
-0.365800 0.334800 2.250033
-0.252408 -0.200312 1.825042
-0.025261 -0.048231 1.664146
-0.237785 -0.202430 1.945542
-0.258657 -0.355390 2.354252
-0.024185 -0.090481 1.786341
-0.088056 -0.009875 1.798697
-0.093634 -0.034689 1.548628
-0.054186 -0.003488 1.647807
0.484734 0.298671 1.723806
-0.032360 0.123009 1.862098
0.219816 -0.442081 1.631943
0.481193 -0.366596 2.137318
0.146999 -0.137461 1.635929
-0.070011 -0.211364 1.772632
-0.101361 -0.006929 2.328884
0.205313 -0.015351 1.714656
0.497549 0.270815 1.879876
0.127052 -0.357209 1.761593
-0.478072 0.270551 1.635701
-0.276044 -0.327687 2.432273
-0.160204 -0.272638 1.996902
-0.460212 -0.405289 1.800803
-0.047271 0.000686 1.669058
-0.468587 0.290212 1.763600
-0.067645 -0.025570 1.884484
-0.040394 0.416561 1.564881
0.225322 -0.058028 1.753394
-0.032316 -0.050346 1.815598
-0.493877 -0.374693 2.145514
-0.038776 -0.217217 1.576132
0.245819 -0.018473 1.886399
-0.344378 -0.115535 1.917042
0.260685 -0.390166 1.648670
0.407900 0.496103 1.594709
-0.100509 -0.460773 1.767586
-0.052168 -0.012663 1.844408
-0.002970 -0.005742 1.739989
-0.043359 0.009910 2.115539
0.239967 -0.038076 1.813867
0.194991 -0.347393 1.680991
-0.048694 -0.204770 1.750500
0.445447 -0.424221 2.206899
0.010336 -0.331088 1.524266
0.188666 -0.385053 2.030898
0.218077 -0.043179 1.691932
-0.472654 0.298942 2.045169
-0.117171 -0.193584 1.401851
-0.477473 0.277823 1.662567
0.140051 -0.122085 1.505920
-0.061114 -0.023447 1.837537
-0.129007 -0.002688 1.754690
-0.363318 0.307563 2.262015
0.220933 -0.344638 1.905792
0.215680 -0.312260 1.593988
0.224397 -0.333973 1.399127
0.137311 -0.121509 1.716599
-0.162457 -0.158894 1.745979
-0.154835 -0.293510 1.840420
0.491710 0.297670 2.037664
0.020242 -0.318671 1.576539
-0.282225 -0.355736 2.324741
0.489746 -0.371468 2.318144
-0.036829 -0.229759 1.744670
0.040580 -0.079365 1.787417
0.399591 0.407132 1.599246
-0.036363 -0.052580 1.565750
0.096281 0.457897 1.719168
-0.117223 0.002795 2.072207
-0.347072 -0.128642 1.752472
-0.053546 -0.264929 1.694728
-0.024695 -0.062072 1.586466
0.232029 -0.033461 1.841286
-0.406584 0.335335 1.899349
-0.310711 0.486047 1.965056
-0.461113 0.321031 1.860547
0.143712 -0.374527 1.774030
-0.247028 -0.207521 2.198905
-0.043596 0.456146 1.545396
-0.043041 -0.255363 1.775705
-0.109994 -0.149328 1.709553
-0.465458 0.334131 1.813740
-0.060417 -0.216918 1.743322
-0.164131 -0.243646 1.816714
0.115765 -0.098420 1.233649
-0.060838 -0.014282 2.189724
-0.481432 0.327194 1.602460
-0.110286 -0.300711 1.733912
0.100401 -0.081486 1.432399
0.148552 -0.121018 1.326253
0.111904 -0.112322 1.343755
0.454158 0.344443 2.010764
-0.352669 -0.112056 1.422130
0.488807 -0.374995 1.992338
-0.070003 -0.222995 1.857426
0.176823 -0.132409 1.467299
-0.037752 0.426986 1.681219
0.210868 -0.360188 2.036625
-0.490036 0.275952 2.113446
-0.077422 -0.026456 1.808666
0.240464 -0.325958 1.839915
-0.097933 -0.211340 1.722437
-0.047032 -0.040174 1.900946
0.129327 -0.116542 1.327719
-0.407511 -0.037009 2.199180
-0.487004 0.318029 1.800792
-0.329908 -0.285733 1.778580
0.431979 -0.417163 2.036434
0.275114 0.277189 2.303979
-0.409786 -0.035441 2.310008
-0.078109 -0.241391 1.792191
0.474490 0.295693 1.896629
-0.246529 0.468342 2.238881
0.030869 -0.070625 1.444577
-0.255868 0.267384 1.342077
0.412633 -0.463801 1.764438
-0.483870 0.323431 1.881429
-0.011197 -0.065904 1.556688
-0.170611 -0.217734 1.723501
-0.198877 0.343551 1.892510
-0.052250 -0.227971 1.579128
-0.473109 0.308389 1.834955
0.121465 -0.117568 1.394713
0.119222 0.013080 1.946058
0.467072 0.336078 1.671368
-0.498570 -0.349912 2.064412
-0.123589 -0.278214 1.554935
-0.085888 -0.011851 1.947445
-0.416833 -0.035603 2.251497
0.276179 0.403795 2.061815
-0.041394 -0.033843 1.653274
-0.087998 -0.168663 1.647265
-0.474260 0.335769 1.657496
0.253048 -0.033065 1.417654
-0.235296 -0.203942 1.799129
0.228660 -0.353700 1.966548
-0.497040 -0.391987 2.092211
0.280665 0.476855 2.326654
-0.049756 -0.002598 1.596055
0.193088 -0.319747 1.611643
0.444927 -0.392414 2.010707
-0.069887 -0.030219 1.760911
-0.042235 -0.249020 1.664021
-0.026044 -0.078930 1.701588
-0.348541 -0.126538 1.558081
-0.465931 -0.428232 1.800402
0.116470 0.019161 1.560355
-0.353536 -0.357330 1.419136
-0.103379 -0.155083 1.442488
-0.084837 -0.179393 1.691265
0.237186 -0.002000 1.567597
0.227415 -0.352432 1.834282
-0.086102 -0.026936 1.891054
-0.123077 -0.028953 2.112631
-0.378923 -0.475767 1.849008
-0.088795 -0.195799 1.531518
-0.486258 0.306255 1.661124
-0.463211 0.316107 1.663089
-0.021769 -0.047095 1.954620
-0.106710 -0.034589 1.907756
0.244846 -0.043345 1.941373
-0.099822 -0.015652 1.802704
-0.049644 -0.074594 1.827609
0.143317 -0.137983 1.528091
-0.033883 -0.307439 1.849936
-0.492476 0.301448 1.717046
-0.468678 -0.411668 1.801684
-0.117308 -0.140873 1.478094
-0.067345 -0.229414 1.569223
-0.493661 0.312757 1.948381
-0.348099 -0.106343 1.763483
0.486339 0.288944 1.805236
0.179745 -0.142505 1.656320
-0.241855 -0.342992 2.170090
-0.029751 -0.051146 1.633617
-0.069678 -0.248511 1.478999
-0.041512 -0.028644 1.688187
-0.099542 -0.297037 1.331055
0.126602 -0.115248 1.330203
-0.024768 0.427835 1.903064
-0.076400 -0.008314 1.844580
-0.479589 -0.384353 2.081725
0.335583 -0.172227 0.677098
-0.031477 -0.087973 1.586830
0.157241 0.441148 1.785334
-0.061454 -0.007936 1.746849
0.479400 -0.348372 2.042780
-0.060626 -0.014423 1.900440
-0.075543 -0.030642 1.803372
-0.159652 -0.320995 1.630514
-0.264174 -0.213651 1.803430
-0.076130 -0.038191 1.854497
0.042498 0.442981 1.294843
-0.054664 -0.202464 1.491763
-0.246251 -0.209142 1.749162
0.043129 -0.069088 1.821747
-0.018771 -0.063450 1.769863
-0.064498 -0.028714 1.906426
-0.179337 -0.222044 1.734696
-0.072942 -0.205323 1.777417
-0.440082 -0.339093 1.887764
0.007444 -0.314937 1.635094
0.473665 -0.336782 2.012278
-0.235597 -0.198103 1.740191
-0.026518 0.433707 1.651169
-0.167558 -0.281197 1.752575
-0.485370 -0.390563 1.997345
-0.020493 0.409944 1.726137
-0.016538 -0.080814 1.600787
0.423601 -0.419743 1.897744
0.215408 -0.356808 1.865714
-0.059909 -0.239244 1.798145
-0.090897 -0.037920 1.930284
0.389123 0.415239 1.343912
-0.261656 -0.213962 1.958188
-0.117733 -0.470164 1.875537
0.246243 -0.350838 1.765818
-0.078996 -0.235183 1.672778
-0.067476 -0.225164 1.819093
0.133636 -0.113878 1.360311
-0.031578 -0.022963 1.742084
-0.080577 -0.069510 1.873485
0.210528 -0.372799 1.989097
-0.042189 0.455994 1.547567
0.146949 -0.122618 1.525790
-0.058684 -0.312569 1.366965
-0.256449 0.371279 2.063514
0.411565 0.420762 1.708818
0.001299 -0.040068 1.882043
-0.191353 -0.209996 1.910707
0.438790 -0.421487 1.983990
-0.058396 0.008370 1.777700
-0.149311 -0.223866 1.584235
-0.054530 -0.035567 1.787952
-0.086090 -0.003996 1.731095
0.479297 -0.374612 1.906587
0.056047 0.459115 1.820910
0.449811 -0.406924 2.253890
-0.383917 0.314844 2.006445
-0.093491 -0.215802 1.885542
-0.122899 -0.013826 1.884978
-0.077171 0.011851 1.880325
0.137730 -0.114107 1.594907
0.225915 -0.368328 1.939199
0.235126 0.461084 1.844928
0.217416 -0.339731 1.837593
-0.485972 0.283736 1.799129
-0.080795 -0.022664 1.783263
0.213746 -0.326216 1.895239
-0.160235 -0.225424 1.816438
-0.228917 -0.246461 2.047339
-0.247630 -0.230209 1.805463
0.133525 -0.120516 1.200766
0.499441 -0.379738 2.095612
0.490665 -0.360514 1.962254
0.025557 -0.298432 1.498049
0.404675 -0.494539 1.287325
0.101396 0.026457 1.609732
-0.280890 -0.347684 2.362654
-0.335744 -0.123083 1.522424
0.147210 -0.110871 1.612826
0.204747 -0.314781 1.895510
0.225259 -0.358153 1.834928
-0.357892 -0.131252 1.870319
-0.115994 -0.039305 1.994950
-0.061676 -0.036974 2.160363
-0.246573 -0.227887 1.857854
0.195710 -0.485139 1.264624
-0.197153 -0.247825 1.661730
-0.445665 0.317721 1.823301
0.211462 -0.316862 1.618351
-0.291595 -0.347917 2.462602
0.209702 -0.045329 1.723732
-0.038833 -0.029207 1.828538
-0.021005 0.116275 1.912578
-0.117179 -0.037986 2.018990
0.140305 -0.139759 1.360691
0.161884 -0.102642 1.494107
0.094029 -0.375260 1.500467
-0.064339 -0.037344 1.626460
-0.015737 0.117723 1.778373
0.139925 -0.147739 1.556980
-0.140972 -0.138825 1.739488
0.480776 -0.373581 1.823046
-0.108597 -0.217634 1.821137
0.133382 -0.124349 1.171603
0.125874 -0.092710 1.255625
-0.480793 -0.341347 2.131132
-0.412831 -0.043630 2.064272
-0.099483 -0.010966 1.755873
0.002560 -0.041899 2.070988
-0.003527 -0.047246 1.591732
-0.468622 -0.079248 0.911909
0.225312 -0.357846 1.933607
0.204750 -0.143721 1.641384
0.049200 -0.082909 1.873855
0.287769 0.249968 2.614231
0.154421 0.008559 2.303582
-0.085300 -0.229231 1.732856
-0.231150 -0.228702 2.017526
0.013468 -0.070884 1.795651
0.162168 -0.002501 2.151496
-0.023891 -0.091716 1.985225
0.054593 -0.086697 1.537981
-0.051816 -0.002825 1.813028
0.469448 0.326264 1.878905
0.141907 -0.156189 1.360419
-0.029187 -0.309363 1.588513
0.216290 -0.379120 2.052641
-0.455836 -0.352128 1.984164
-0.069364 -0.199033 1.664387
-0.174508 -0.236259 1.859007
-0.035685 -0.030341 1.644298
-0.057356 -0.053417 1.489240
0.222113 -0.022929 1.547394
-0.496611 0.285022 1.946161
-0.059005 -0.015646 1.999621
0.443954 -0.394222 1.787038
-0.219128 0.453635 1.855574
0.030764 -0.065316 1.594389
-0.054283 -0.287298 1.842498
0.120470 -0.340433 1.985769
-0.048592 -0.253537 1.543614
0.384821 -0.474651 1.840473
-0.099403 -0.257214 1.590550
-0.021773 -0.077042 1.776434
0.233276 -0.010286 1.764672
-0.189645 -0.240399 1.937779
-0.097682 -0.210710 1.554554
-0.048231 -0.033411 1.891075
-0.056021 -0.026136 1.866375
-0.068691 -0.010799 1.828105
-0.453148 -0.429028 1.826115
0.430838 -0.412035 2.004485
0.115068 -0.108609 1.435900
-0.074026 -0.165309 1.799593
0.127190 -0.005540 1.894594
-0.057956 -0.006866 1.861740
-0.473932 -0.393047 2.025233
-0.173111 -0.254936 1.809641
-0.131326 -0.024416 2.113812
-0.072739 0.005987 2.030399
-0.066957 -0.048279 1.805757
0.270071 0.439361 1.572205
0.115447 -0.179151 0.995586
-0.269842 -0.359020 2.446950
0.481823 -0.392403 1.999175
-0.032957 -0.052675 1.567845
-0.036668 -0.245326 1.541914
-0.072254 -0.053862 1.874670
-0.458003 0.336135 1.636145
-0.041164 -0.237643 1.459344
0.133060 -0.393870 1.939497
0.083385 -0.305219 1.518537
-0.480051 0.303896 2.068238
0.424261 -0.418740 1.917728
-0.353108 -0.102155 1.650787
-0.478518 0.288555 1.907537
-0.356650 -0.472757 1.952765
-0.024453 -0.081014 1.872202
-0.038545 0.482764 1.837038
-0.465175 0.295725 1.923779
0.021036 -0.068494 1.455701
0.344237 -0.040327 1.487257
-0.208220 0.368867 1.442280
-0.097203 -0.214710 1.731306
-0.235132 -0.213425 2.219991
-0.001549 -0.058328 1.828191
-0.231335 -0.225555 2.081426
-0.445344 -0.393652 1.752679
0.225630 -0.319176 1.672411
-0.469053 -0.443752 1.800124
0.143180 -0.128199 1.267961
0.225400 -0.023219 1.542326
0.439553 0.346557 1.883762
-0.259368 -0.204695 1.734345
-0.041526 -0.012853 1.841125
-0.041372 -0.334890 1.699791
-0.261297 -0.358415 1.986415
-0.069611 0.003667 1.972001
0.493224 -0.349899 2.111803
0.255448 0.262193 2.407867
0.471761 0.313111 2.283931
0.449402 -0.394266 2.083952
