-0.308709 -0.398181 1.779566
-0.132272 -0.379474 1.486497
0.263615 0.057676 1.474545
-0.234934 0.397314 2.445880
-0.154509 -0.375473 1.570159
0.349990 -0.335150 2.372912
0.135456 -0.487671 1.726256
0.250040 -0.024114 1.438153
-0.281451 -0.020452 1.501627
0.249065 0.004538 1.545201
0.207422 0.030554 1.446874
0.250046 0.025862 1.365734
0.323680 -0.492461 1.483836
-0.422548 -0.391490 1.429608
0.215104 0.004393 1.248834
-0.445265 -0.346716 1.127139
0.230663 0.010873 1.519259
0.306630 -0.400477 1.710272
-0.147605 -0.383463 1.512450
-0.470567 -0.412853 1.318878
0.419225 -0.225625 1.570691
-0.124596 -0.493014 1.783491
-0.397534 -0.365771 1.479982
-0.177704 -0.359954 1.473734
0.456471 -0.373289 1.282429
-0.401683 -0.377879 1.424925
-0.405884 -0.360741 1.722738
0.039036 -0.085087 1.848847
0.210566 0.027943 1.484188
-0.438970 -0.414721 1.554517
0.112549 -0.461745 1.608156
-0.154664 -0.363963 1.529492
-0.140614 -0.391517 1.531214
-0.418476 -0.362997 1.064276
-0.125299 0.471193 1.923187
-0.420452 0.260704 1.897867
0.270954 0.002275 1.978011
-0.342792 -0.395167 1.804614
0.473907 -0.192764 1.601115
-0.415866 -0.360818 1.673242
0.249207 -0.025481 1.713797
-0.136385 -0.363195 1.540205
0.235612 0.000207 1.588433
-0.146607 -0.418267 1.593261
-0.140057 -0.408714 1.489092
0.246357 0.053148 1.632587
0.457598 -0.461014 1.727962
-0.129395 -0.395812 1.616366
0.337363 0.474852 1.374827
0.444785 0.448937 2.288239
0.453381 -0.032767 1.482486
-0.279104 -0.003360 1.778583
-0.419164 -0.379604 1.329839
0.317634 0.476283 1.271979
-0.393473 -0.367668 1.534210
-0.109909 -0.395812 1.459263
-0.306596 -0.005173 1.631964
0.110842 -0.454846 1.712990
0.429417 -0.008852 1.819141
0.310975 0.024412 2.256827
-0.155281 0.494843 1.989731
-0.435008 -0.359779 1.635503
0.248590 0.002408 1.665956
0.322610 -0.390019 1.690387
0.488091 -0.110227 1.322293
-0.416438 -0.409186 1.387335
-0.393440 -0.382437 1.291808
-0.149616 -0.367026 1.675761
0.467141 -0.051608 1.437430
-0.350099 -0.045238 1.912484
0.432481 -0.295311 2.181184
-0.251274 0.431884 2.206068
-0.448478 -0.416197 1.439953
0.474238 -0.438441 1.940295
-0.088978 -0.464305 1.851527
-0.437573 -0.383785 1.407362
0.250059 -0.030543 1.894223
0.395425 -0.020519 1.969142
0.217908 0.011829 1.414965
0.133561 -0.460779 1.818411
0.286539 -0.387716 1.632464
0.221332 0.052890 1.728752
-0.117141 -0.354466 1.594304
0.496590 -0.080379 1.468132
0.306104 -0.401681 1.742474
-0.072576 -0.442707 1.716715
0.317595 -0.486685 1.408942
-0.154092 -0.449603 1.584173
-0.387311 -0.378015 1.723834
0.230936 0.018421 1.236359
-0.290641 -0.024204 1.821302
0.224514 0.008389 1.432812
0.238689 0.049723 1.741335
-0.308925 0.444128 2.072172
0.225015 0.031719 1.621895
0.352923 -0.485498 1.780779
-0.403591 -0.393595 1.486798
0.212726 0.013276 1.500354
0.292287 -0.416726 1.842353
0.143196 -0.473328 1.333183
-0.402706 -0.384132 1.381909
-0.137891 -0.368720 1.594410
0.257911 0.024901 1.683702
-0.301534 0.449548 2.065419
-0.430583 -0.359176 1.166858
-0.431812 -0.384232 1.083838
0.379339 -0.389989 1.606982
-0.402901 -0.370371 1.722946
-0.080673 -0.446063 1.760998
0.238939 0.061224 1.502119
0.405208 -0.452090 1.518878
-0.410534 -0.404838 1.260390
0.263310 0.038243 1.602118
0.460135 -0.206159 1.509792
-0.387795 -0.378354 1.290239
-0.138030 -0.368254 1.535789
0.444923 -0.283247 1.900291
-0.426293 -0.414694 1.460669
-0.149818 -0.371665 1.533704
-0.145074 -0.371740 1.716961
-0.468166 -0.406500 1.326281
0.205174 0.017501 1.538748
0.242562 0.045802 1.424355
0.201919 0.014990 1.441225
0.298650 -0.472827 1.244424
-0.139849 -0.397379 1.527929
0.153258 -0.475646 1.748520
-0.409638 -0.353246 1.394476
0.407021 -0.306247 1.917882
0.427660 -0.359327 1.477871
0.329486 0.465022 0.925682
0.236708 0.014691 1.306477
0.450422 -0.050737 1.645759
-0.121403 -0.402285 1.675914
0.134291 -0.454665 1.863029
-0.483187 -0.095156 1.257365
0.137450 -0.458614 1.710628
0.209665 -0.128247 2.111017
-0.379970 -0.387017 1.377348
-0.131469 0.471869 2.118379
0.414677 -0.296530 2.195814
0.212958 0.011445 1.670581
0.150857 0.135879 1.041582
-0.401896 -0.356277 1.304863
-0.137906 -0.400182 1.720578
0.301706 -0.486133 1.063814
-0.266566 -0.383713 1.606063
-0.434005 -0.406975 1.302307
0.250158 0.036968 1.631597
-0.406633 -0.370983 1.638572
0.315876 0.451533 1.449889
-0.275084 -0.010066 1.919929
0.242632 0.012077 1.504627
-0.132376 -0.432934 1.579057
-0.239429 0.436485 1.881054
0.274966 0.006914 2.362755
-0.292094 -0.004226 1.546328
-0.141697 -0.356261 1.521168
0.409993 -0.450295 1.558856
-0.333604 -0.363451 1.971549
0.304650 0.486947 0.981354
0.373839 -0.007790 1.833623
-0.134021 -0.373563 1.499999
-0.327490 -0.031866 1.688860
-0.137960 -0.493001 2.016138
0.328123 -0.393514 1.928794
-0.140979 -0.365178 1.483185
-0.266657 -0.011173 1.720899
-0.428115 -0.385449 1.394246
-0.172943 -0.379560 1.564663
-0.424531 -0.358335 1.731961
-0.426188 -0.416661 1.307278
0.196640 -0.023672 1.335959
0.349816 -0.323038 2.191862
-0.157767 -0.413803 1.617980
-0.152356 -0.386692 1.476132
0.311350 -0.401464 1.876588
-0.119884 0.496917 1.633735
-0.123044 -0.360621 1.774847
-0.378963 -0.408604 1.568859
0.374900 0.093506 1.549773
0.453622 -0.279397 1.951152
0.273352 0.027765 1.809853
0.334330 -0.384521 1.542898
0.462519 -0.449251 1.865857
0.224248 -0.003851 1.225504
-0.152621 -0.402875 1.638292
-0.426176 -0.353312 1.468771
-0.126141 -0.415899 1.721341
-0.310626 -0.021976 1.892861
-0.119730 -0.396961 1.340482
0.338358 -0.469954 1.523309
-0.070681 -0.453580 1.664163
-0.136007 0.465312 2.201719
-0.398956 -0.394238 1.527204
0.246742 0.030821 1.760293
-0.422474 -0.366213 1.636318
-0.482917 -0.089396 1.272435
-0.121195 -0.402942 1.521881
-0.057101 -0.439266 1.651520
-0.480561 -0.087106 1.301790
-0.424672 -0.362342 1.412258
0.220384 0.028667 1.546793
0.369133 -0.384956 1.730657
-0.128031 -0.369105 1.628952
-0.442547 -0.366186 1.416724
-0.274422 0.477421 2.051009
-0.131686 -0.374824 1.439709
0.370407 -0.029858 1.394103
0.328766 -0.409850 1.898243
0.276289 -0.426963 1.570685
-0.111804 -0.393704 1.609880
-0.135492 -0.380686 1.770951
-0.391811 -0.377654 1.675052
0.159436 -0.450406 1.519663
0.337346 -0.427046 1.712530
0.491471 -0.081193 1.346841
0.263571 0.008224 2.265938
-0.289479 -0.001786 1.764004
-0.435877 -0.392718 1.184261
0.235912 0.020514 1.754991
-0.194030 0.032273 1.756582
0.260526 0.033404 1.757561
0.409041 0.005804 1.750672
-0.098672 -0.374547 1.438284
0.231670 0.027807 1.706590
-0.167510 0.487159 2.001169
0.159966 -0.460983 1.657524
-0.131283 -0.366023 1.722252
0.240721 0.053430 1.553212
-0.291461 0.457130 2.170096
0.232014 0.038465 1.690161
-0.116531 -0.411225 1.381785
0.467577 -0.451783 1.888919
-0.399743 -0.429695 1.593360
-0.385032 -0.401387 1.369998
-0.160612 -0.382524 1.609371
-0.137943 -0.411461 1.514111
0.208865 0.036529 1.563288
0.225254 0.030594 1.507419
-0.422391 -0.400289 1.313840
-0.321843 0.454348 1.903490
0.261166 0.006475 1.851209
-0.115256 -0.496805 1.795875
-0.295923 -0.393184 1.720690
0.370110 -0.415645 1.629721
0.227197 0.026471 1.113021
0.417452 -0.358010 1.853865
0.176315 -0.453449 1.810484
-0.171925 -0.368763 1.552058
-0.432124 -0.365427 1.382488
0.249157 0.042231 1.783418
0.226714 0.013601 1.563141
0.255528 0.006112 1.629232
0.412058 0.017120 2.062222
-0.447621 -0.417211 1.274112
-0.144221 -0.387813 1.523880
0.473279 -0.365554 1.698885
-0.426079 -0.388990 1.612596
0.250345 0.041240 1.686619
0.235157 -0.000841 1.295459
0.036174 -0.302129 1.283324
-0.451631 -0.394738 1.337940
-0.392238 -0.374140 1.616363
0.392395 -0.008851 1.856318
0.327148 -0.449196 1.756829
0.135898 0.118775 0.686060
-0.274868 0.481844 2.406333
-0.415117 -0.394124 1.284081
-0.260645 0.013744 1.705243
-0.059016 0.032015 1.271602
-0.127971 0.469485 2.054491
-0.204398 0.011819 1.170199
-0.284038 -0.389089 1.567956
0.276528 -0.191999 2.377523
0.455959 -0.487267 2.049224
-0.407137 -0.373461 1.695438
0.340923 0.015074 2.432665
-0.296953 -0.025762 1.567313
-0.305325 0.485418 1.789497
-0.135469 -0.390441 1.667467
-0.121291 -0.378546 1.730945
-0.281912 0.439570 1.893807
0.429707 -0.051616 1.479513
0.159709 -0.461548 1.568038
0.242884 0.018154 1.422574
0.369635 0.006763 1.863135
0.419683 0.019036 2.092949
-0.108165 -0.390893 1.445277
-0.173584 -0.364161 1.523373
-0.142631 -0.398180 1.742248
-0.150624 -0.384018 1.426505
-0.163471 -0.402477 1.571548
-0.388187 -0.380247 1.300780
0.226287 0.020623 1.441227
-0.155615 -0.377782 1.963631
0.370149 -0.392617 1.490284
-0.130611 -0.385473 1.622038
-0.421560 -0.378997 1.388609
0.229293 -0.006962 1.395533
0.316379 -0.421610 1.927913
-0.159257 -0.367447 1.514161
-0.447410 -0.372181 1.324185
0.441827 -0.280723 2.176244
-0.130421 -0.415487 1.775439
-0.344006 -0.380692 1.666800
-0.119636 -0.367395 1.283667
0.121199 -0.464081 1.920332
-0.076804 -0.460969 1.709908
-0.139072 0.496325 1.795924
-0.147043 -0.377902 1.492258
-0.121107 -0.392119 1.684826
0.304229 -0.381651 1.451976
-0.124514 -0.368168 1.861424
0.301351 -0.431948 1.709400
0.309393 -0.423589 1.567195
-0.401522 -0.354236 1.366266
-0.140162 -0.358486 1.555112
0.419394 0.470371 1.985598
-0.122430 -0.401946 1.643027
-0.288888 -0.496794 1.805548
0.354522 -0.011189 1.737071
-0.123642 -0.476005 1.905890
0.242688 -0.034581 1.742370
-0.146082 0.481756 1.904192
0.232601 0.003179 1.572712
-0.429538 -0.407109 1.369152
0.151615 -0.457093 1.897098
-0.103589 -0.386917 1.545129
-0.451089 -0.416058 1.391737
-0.431534 -0.340409 1.110958
-0.429459 -0.354528 1.585341
-0.145362 -0.371442 1.557110
-0.461609 -0.073965 1.360658
0.418791 -0.305281 1.957259
-0.147675 0.471336 1.950692
-0.333961 -0.037443 1.757044
0.219773 -0.005734 1.519480
0.456112 -0.474015 1.766492
0.150834 0.494479 1.340568
-0.359493 -0.026263 1.834736
-0.140598 -0.367446 1.619471
-0.138396 -0.368262 1.408711
0.103504 -0.467560 1.798010
-0.431322 -0.410274 1.399442
-0.131287 -0.390801 1.963013
-0.111105 -0.386353 1.382744
-0.448978 -0.385977 1.372375
0.254978 -0.004110 1.573295
0.430181 0.001385 1.726896
-0.201009 -0.372321 1.374699
0.329862 -0.397108 1.837268
-0.115266 -0.352538 1.589048
-0.434795 -0.368727 1.448752
0.386189 0.011438 1.901169
-0.420293 0.270646 2.183649
-0.134598 -0.394206 1.428918
-0.409282 -0.353843 1.436931
-0.153775 -0.376103 1.450400
-0.309849 -0.036684 1.812685
-0.314541 0.422240 2.156187
-0.113144 0.487776 2.094475
0.242836 0.044899 1.819422
-0.098325 -0.471011 1.973661
0.303254 -0.498081 1.221091
-0.158271 -0.384718 1.489104
0.407942 -0.292050 1.976154
0.336031 -0.465345 1.660602
0.237659 0.000731 1.614251
0.474357 -0.104647 1.290083
0.198346 -0.015232 1.399551
0.248880 -0.051782 1.539127
-0.131731 -0.402949 1.316655
-0.109465 -0.403632 1.510629
-0.299614 -0.364736 1.840538
-0.061957 -0.437589 1.723454
0.457424 -0.049628 1.301071
0.341775 -0.348756 2.303599
-0.121246 -0.422601 1.504160
-0.148137 -0.390628 1.744870
0.498028 -0.057339 1.510320
0.187436 -0.427341 1.653667
0.197846 -0.445537 1.579084
-0.130532 -0.386918 1.746154
-0.142185 0.484543 2.110379
0.283960 -0.186885 2.308431
0.454114 -0.017542 1.432453
0.483326 -0.038590 1.475478
-0.434849 -0.399894 1.735235
-0.127616 -0.369402 1.465426
0.263910 0.025440 1.630277
0.257008 -0.009967 1.591549
-0.131580 -0.368958 1.543925
0.206790 -0.005992 1.417944
-0.166619 0.489894 1.799446
-0.406283 -0.365602 1.250058
0.248290 0.064685 1.608870
-0.408829 -0.393375 1.652459
0.275269 -0.385701 1.636524
0.236859 0.031453 1.760385
