0.417981 -0.165425 1.079364
-0.345372 -0.396521 1.417255
0.165745 -0.394592 1.057990
-0.135303 -0.384195 1.464683
0.361110 -0.141026 1.618585
-0.384600 -0.336814 1.488139
-0.355063 0.233080 1.024662
-0.475196 -0.044126 1.263286
0.480573 -0.449876 1.616918
0.101003 -0.341873 1.266779
-0.266708 -0.084325 1.279445
-0.371717 -0.060359 1.670604
0.300929 0.262587 1.288200
0.495945 -0.184336 1.296879
-0.382057 -0.355172 1.556785
-0.412081 0.247144 1.647474
-0.438959 0.269267 1.465592
0.155463 -0.416775 1.138881
0.128507 -0.131929 1.100380
-0.140914 -0.353239 1.160995
0.357800 -0.017668 1.467256
-0.443249 -0.201770 1.135020
-0.487376 -0.213421 1.100925
-0.266095 -0.271850 1.067807
-0.417389 0.243285 1.311734
0.170198 0.206312 2.134065
0.122201 -0.110196 0.966404
0.152820 -0.408210 1.304913
-0.395798 0.221767 1.379711
-0.127590 -0.359857 1.329555
-0.360752 0.212567 1.115363
0.387841 -0.104215 1.288799
-0.476418 -0.194742 1.493997
-0.131287 -0.392143 0.901347
0.066995 -0.068157 1.288055
-0.260860 -0.303597 0.885804
-0.337773 0.142422 1.223683
0.135294 0.208598 2.007241
0.213318 -0.438169 1.390115
-0.361122 0.203225 1.317191
0.443994 -0.137241 1.410631
-0.419687 0.226933 1.392554
0.095101 0.181822 1.928550
-0.412911 -0.241257 1.862926
-0.413556 -0.263721 1.573956
-0.111022 -0.391711 1.180708
-0.265941 -0.280401 1.109462
-0.345448 0.155479 1.404675
0.494330 -0.185505 1.462803
0.270602 0.137080 1.667102
-0.314689 0.180866 1.420319
0.099195 -0.356370 1.289460
0.436135 -0.099462 1.356400
0.486360 -0.156215 1.449626
0.241984 -0.119143 1.443298
-0.345870 0.176430 1.287885
0.458554 -0.150021 1.455302
-0.060008 0.169326 1.587035
-0.017819 0.162597 1.723463
-0.413099 0.258909 1.202599
-0.247868 -0.277792 1.261011
0.085467 -0.061702 1.130820
0.135867 -0.133187 1.083297
-0.258820 -0.324441 0.932074
0.124812 0.170661 2.039596
-0.367911 0.238189 1.601011
-0.468662 -0.205453 1.390058
-0.342635 0.208442 1.196269
-0.496810 -0.167549 1.554853
-0.261459 0.177154 1.633293
-0.362177 -0.345380 1.422997
-0.368264 0.213853 1.328120
-0.089262 0.141239 1.590710
0.390177 -0.111365 1.031351
-0.414484 0.260908 1.266955
0.172106 -0.119742 1.491803
-0.464585 -0.190124 1.307292
0.201508 -0.472039 1.231528
-0.350120 0.111526 1.129359
-0.378487 0.265900 1.128138
0.422565 0.002374 1.424365
-0.109202 0.131742 1.639329
0.349824 -0.002220 1.834560
0.367402 -0.339548 1.553493
0.110100 -0.153647 0.978809
0.453313 -0.042646 1.474885
0.103671 -0.357274 1.324595
-0.345897 0.232497 1.302608
-0.456878 -0.192480 1.205431
-0.108874 0.144180 1.473376
0.458789 -0.135930 1.555058
-0.353737 0.204145 1.305841
0.399747 -0.104935 1.391584
0.363743 -0.094483 1.510068
0.453638 -0.131369 1.313266
0.470521 -0.442696 1.484372
-0.276796 -0.285881 0.839512
-0.262868 -0.302495 0.655838
-0.352275 0.186007 1.444749
0.080886 0.029297 1.143105
-0.443372 -0.187665 1.588968
0.107179 0.174882 1.878447
0.144376 -0.153158 1.456620
0.447641 -0.068841 1.228439
0.293796 0.280688 1.299363
0.458733 -0.136463 1.158615
-0.444616 0.243256 1.321426
0.155769 -0.420809 1.590240
-0.042234 0.144176 1.419168
-0.386145 -0.339409 1.375477
0.417940 -0.354083 1.443474
-0.385066 -0.357573 1.411478
-0.300255 0.120938 1.449555
-0.289898 -0.045226 1.599343
-0.376038 0.178791 1.659703
0.465607 -0.072380 1.305939
0.120318 -0.155679 0.804478
-0.119077 0.130732 1.669823
-0.132078 -0.390165 1.273491
0.262245 -0.094290 1.908250
-0.310577 0.176877 1.238301
-0.365824 -0.251567 1.450171
-0.406630 -0.094921 1.765761
0.463173 -0.086271 1.564169
-0.010976 0.152691 1.415154
-0.345490 0.185210 1.276561
0.430452 -0.161007 1.139269
-0.202168 0.055127 1.608095
-0.023823 0.158921 1.582232
-0.463287 -0.373308 0.895999
-0.123140 0.039424 0.872852
-0.313241 0.123771 1.564597
-0.445841 -0.044677 1.469453
0.125181 0.226822 2.126044
-0.422316 0.274999 1.443456
-0.336195 0.163390 1.452976
0.131793 -0.167091 1.525554
-0.469050 -0.040607 1.517486
0.430464 -0.148364 1.192810
-0.125771 -0.381625 0.929486
-0.340182 0.144045 1.340219
0.369023 -0.031784 1.506543
0.460592 -0.099877 1.674193
-0.266129 -0.087920 1.545804
-0.080693 0.116171 1.614113
-0.048261 0.154568 1.431963
0.440989 -0.148931 1.233248
0.388958 -0.347837 1.373149
0.104420 -0.364559 1.492318
-0.251531 -0.257099 1.232411
0.076484 -0.043664 1.014362
-0.461619 -0.042198 1.432241
-0.291892 0.185567 1.502242
0.443995 -0.143716 1.367468
-0.388494 0.243735 1.374202
-0.119810 -0.375288 1.226584
-0.215830 0.460379 1.135491
-0.110796 0.137222 1.731002
-0.378679 0.196249 1.173430
-0.114466 -0.405375 1.202990
-0.345712 0.215314 1.573350
-0.019812 0.143249 1.721711
-0.061577 0.119713 1.782653
-0.449124 -0.060119 1.494793
-0.366987 -0.375758 1.445007
-0.365662 -0.368859 1.180894
-0.461335 -0.178991 1.433764
0.139981 -0.126731 1.367694
0.308947 0.261042 1.515331
0.199494 -0.144979 1.443833
0.109620 0.203803 1.922247
-0.470527 0.244014 1.664844
-0.325442 0.166030 1.373169
0.370495 -0.349431 1.358868
0.064443 -0.078093 0.940797
0.183840 -0.451739 1.476822
-0.073075 0.141962 1.834712
0.309501 0.269538 1.708802
0.412611 -0.169247 1.292770
-0.496133 -0.345370 1.123791
-0.378728 -0.073824 1.636041
0.471912 -0.182655 1.417714
0.055827 -0.054122 1.254487
-0.264106 0.157546 1.150798
0.327509 0.291266 1.520138
0.426111 -0.166447 1.128007
0.109438 -0.121556 0.767871
-0.471552 0.194713 0.889670
0.475933 -0.091406 1.347640
0.497410 -0.108444 1.521019
-0.351738 0.193060 1.287368
-0.376746 -0.337817 1.328112
0.418222 -0.098892 1.265450
-0.029132 0.157132 1.667483
0.089818 0.010474 1.234128
0.011279 0.160415 1.741350
0.457873 -0.068156 1.500112
0.476502 -0.468176 1.261333
0.472230 -0.115470 1.374298
-0.278293 -0.291394 1.044880
0.421462 0.013011 1.632713
-0.327253 0.161633 1.580018
-0.355729 0.182784 1.382556
-0.017309 0.132754 1.510984
-0.263576 -0.303582 0.876231
-0.444421 -0.085235 1.790721
-0.335888 0.207584 1.389536
0.086785 -0.043268 1.357960
-0.459235 0.257720 1.614975
0.022121 0.032236 0.887528
-0.385909 0.231180 1.623604
-0.493406 -0.208025 1.382130
0.416757 -0.149519 1.349735
-0.255370 -0.259100 1.089478
0.461019 -0.100149 1.319530
0.025863 -0.011382 1.245109
0.398121 -0.126064 1.249886
-0.103847 0.135872 1.685433
0.165907 -0.119178 1.413357
0.418620 -0.332676 1.158287
0.129863 -0.142033 0.974553
0.334260 0.282841 1.420710
0.329090 0.285203 1.480735
-0.410328 0.278411 1.294209
-0.373314 0.180222 1.036273
0.120282 -0.149799 1.196313
-0.323516 0.134791 1.361095
0.345543 -0.107252 1.242007
0.423760 -0.147659 1.329808
-0.473329 -0.182471 1.443408
-0.048912 0.153529 1.530878
0.336778 -0.103332 1.406356
-0.143583 -0.377906 1.146094
0.121637 -0.362087 1.390509
-0.386298 -0.344767 1.707960
-0.341491 0.199085 1.374737
0.113176 -0.171053 1.060007
0.111217 0.187665 2.220101
-0.314155 0.167319 1.056302
0.121439 0.182247 2.136425
0.367532 -0.114565 1.678252
-0.070572 0.148327 1.487526
-0.021244 0.153962 1.469771
-0.028385 0.148659 1.199880
-0.446738 0.267309 1.664791
-0.465372 -0.160649 1.519811
0.172061 -0.420988 1.093400
-0.027047 0.133848 1.607474
0.394749 -0.118405 1.488441
0.156221 -0.395609 1.125749
-0.420538 -0.085950 1.700192
-0.351580 0.206478 1.207389
0.484510 -0.166549 1.348693
-0.328513 0.160217 1.264876
0.095145 0.026193 1.156539
-0.302655 0.157054 1.453459
-0.491562 -0.168984 1.414817
-0.254374 -0.284587 1.000702
0.437213 -0.188390 1.063076
0.446428 -0.174285 1.236691
0.391146 -0.091029 1.216026
-0.368596 0.208752 1.257481
0.143326 -0.392455 1.143008
0.254871 -0.106874 1.265191
-0.454671 0.249830 1.314073
-0.426601 0.247638 1.315755
0.434914 -0.158294 1.248168
-0.409689 0.257062 1.134360
0.124417 -0.121151 1.306379
0.000572 -0.111894 0.717675
-0.301429 0.136697 1.205396
-0.341220 0.158088 1.424003
-0.387302 0.223806 1.302842
-0.469776 -0.205059 1.154076
0.383239 -0.125452 1.391072
-0.453367 -0.153456 1.727124
-0.434646 -0.217523 1.290318
0.434921 -0.158135 1.189705
0.449071 0.252622 1.116897
-0.045286 0.119369 1.486571
-0.484381 -0.191068 1.364572
0.413463 -0.131928 1.306681
-0.360880 0.230695 1.560721
0.121543 -0.164850 0.860023
-0.461358 -0.045079 1.372289
-0.146044 -0.369873 0.959128
-0.094937 0.123142 1.710007
0.441377 -0.095578 1.566996
-0.381661 -0.066141 1.700446
-0.481792 -0.149687 1.545982
-0.431453 -0.059032 1.481886
-0.421678 0.208550 1.133013
-0.480627 -0.188689 1.558755
-0.346380 0.181162 1.281305
0.067676 -0.363649 1.106826
-0.478399 -0.230782 1.457479
-0.382080 -0.325787 1.518577
0.401633 -0.108787 1.343314
0.474717 -0.156677 1.203043
0.088443 0.018958 1.402245
-0.417958 -0.238079 1.528652
0.092793 -0.379008 1.106382
-0.415233 0.263696 1.818087
-0.480141 -0.046542 1.242687
-0.406155 -0.204250 1.339845
-0.428689 -0.218766 1.467899
0.461642 -0.140300 1.515936
-0.241648 -0.304263 1.169708
-0.289033 0.143218 0.938093
0.007517 0.144761 1.603486
-0.311433 0.182913 1.203889
-0.447018 -0.196126 1.428827
-0.369700 0.250127 1.191248
-0.084824 0.159244 1.773781
0.000668 0.131328 1.609107
0.112992 -0.140968 0.826985
-0.343058 0.167759 1.262667
-0.391078 0.204133 1.476016
0.443157 -0.444917 1.554341
0.091006 -0.146748 0.806311
-0.385829 -0.364775 1.526897
-0.499803 -0.178782 1.355405
-0.079856 0.155108 1.622206
0.397285 -0.112114 1.524404
-0.314844 0.254246 1.324821
0.111545 -0.147595 1.061273
0.454837 -0.099507 1.411183
-0.406442 -0.240090 1.597589
-0.063392 0.170590 1.568781
-0.263453 -0.290148 1.086221
-0.369395 -0.090371 1.673730
0.120775 -0.144362 1.145481
0.406217 -0.137486 1.262663
-0.073004 0.130332 1.518574
0.493377 -0.494544 1.131947
-0.391937 -0.058003 1.595125
0.026842 -0.034484 0.958494
-0.067659 0.143726 1.542850
0.037492 0.056846 1.148652
0.474235 -0.125491 1.345373
-0.344787 0.208659 1.475730
0.122889 -0.367263 1.522547
-0.304930 0.150788 1.397990
-0.357993 0.206807 1.469244
0.037123 0.045670 1.064871
0.403503 -0.140199 1.308122
0.329402 0.414105 1.182730
0.119207 -0.355271 1.381691
0.212074 -0.438907 1.175540
0.404790 -0.109264 1.219847
-0.492046 -0.178562 1.336448
0.453180 -0.108201 1.367031
-0.465023 -0.172131 1.201270
0.462005 -0.121628 1.526875
-0.073599 0.163606 1.893393
0.228266 -0.115306 1.177629
0.014768 -0.032821 1.187064
-0.022308 0.142426 1.504118
-0.098570 0.049618 0.978699
0.200424 -0.448850 1.546963
-0.490122 -0.201778 1.099405
-0.404474 0.264841 1.337306
-0.355524 0.187884 1.268345
0.341406 -0.081112 1.421159
-0.021547 0.150872 1.528026
-0.374773 0.190014 1.344557
-0.446887 -0.190444 1.133071
0.006570 0.115377 1.497301
0.429192 -0.151906 1.240935
0.118862 -0.377161 1.542427
0.461964 -0.113604 1.474754
0.243007 -0.127929 1.322166
-0.257858 -0.317560 0.558208
-0.351051 0.167103 1.106137
-0.409107 -0.349456 1.510448
-0.409008 0.263515 1.256536
0.335066 -0.003115 1.504668
-0.276790 0.162909 1.430983
-0.497664 -0.176218 1.408555
-0.497151 -0.180202 1.566528
-0.294606 -0.328332 1.229467
-0.376059 0.232937 1.414150
-0.038077 0.154250 1.523349
-0.364317 0.210622 1.119714
-0.113227 0.156118 1.509134
-0.269550 -0.272752 1.089213
-0.298726 0.145370 1.257731
0.020437 -0.141955 0.558762
0.367035 -0.359562 1.367152
-0.451653 -0.166861 1.480445
-0.323092 0.142077 1.362389
0.000235 -0.044051 0.883422
-0.395854 -0.234141 1.574163
-0.410367 0.241553 1.477747
-0.463838 -0.199573 1.570128
0.440486 -0.079931 1.495742
-0.329879 0.237751 1.268345
-0.282731 -0.067821 1.403493
-0.349162 0.207299 1.329816
-0.384459 -0.076585 1.475408
