0.339308 -0.385754 1.549209
-0.441456 0.385550 1.017421
0.068896 0.390343 1.376509
-0.230985 0.397307 1.219535
0.300385 -0.368318 1.039666
-0.432424 0.430814 1.456559
-0.421550 0.005178 1.396262
0.497454 -0.279232 1.414051
-0.458459 0.323560 2.155998
0.045999 0.427021 1.452127
-0.281426 -0.322824 1.538749
-0.371831 -0.297793 1.670074
0.242420 0.030868 1.519796
0.447797 -0.417152 1.495144
-0.450503 0.417633 1.358301
-0.464751 0.014991 1.309844
-0.475017 0.036105 1.346442
0.084365 0.355790 1.299945
0.050791 -0.345737 1.493276
-0.234744 0.427724 1.350868
0.353884 -0.251596 1.162037
-0.470865 -0.436211 1.603536
0.436754 -0.438016 1.480360
-0.373480 -0.483550 1.140263
-0.436214 0.006327 1.558970
0.220399 -0.027604 1.737004
0.120428 -0.345145 1.772264
0.077493 0.365187 1.311801
-0.441343 -0.011841 1.355199
-0.227725 0.423140 1.072995
-0.407655 -0.021250 1.387554
0.328734 -0.335266 1.275887
0.482985 -0.430079 1.289371
-0.224594 0.390225 1.236592
-0.034217 -0.282797 1.164500
-0.391843 0.498113 0.775092
-0.415133 -0.082906 1.331280
0.208762 -0.018694 1.803769
0.159336 0.328989 1.405212
-0.403654 -0.032380 1.278475
0.380469 -0.366078 1.348353
-0.444530 -0.009092 1.641245
0.191949 -0.034258 1.845208
-0.458141 -0.473140 1.087517
-0.463136 -0.494106 1.344026
-0.215470 0.393879 1.178406
-0.409860 -0.467100 1.073561
-0.386236 -0.079811 1.267243
0.434953 -0.415738 1.513553
0.348314 -0.083801 2.233755
-0.373853 -0.050348 1.222815
0.031637 0.415323 1.407627
0.396235 -0.332633 1.390437
0.474263 -0.394718 1.524579
0.175349 -0.348769 1.335499
-0.385604 -0.057299 1.333790
0.454857 -0.386532 1.586110
-0.034090 -0.068283 1.520984
0.003321 -0.075345 1.582784
-0.446619 0.022684 1.462632
-0.338803 -0.496666 1.109214
-0.018549 -0.276626 1.166369
-0.022800 -0.310593 0.854411
-0.391676 0.476532 0.899280
0.231928 -0.043266 2.050178
-0.412608 0.004617 1.505898
0.460190 -0.433516 1.419324
-0.413388 -0.017532 1.061604
0.466838 -0.401876 1.235162
-0.289915 -0.058542 1.383891
-0.372902 0.418432 1.673288
-0.417123 -0.020195 1.382492
-0.043413 -0.092317 1.901271
0.341147 -0.345163 1.265445
-0.453526 0.025462 1.431113
0.151553 -0.357845 1.427428
0.491096 -0.425041 1.382274
0.143888 0.296434 1.298945
-0.347533 -0.125937 1.515223
-0.407690 0.028308 1.312259
0.490069 -0.224630 2.085080
-0.039848 -0.096310 1.811467
0.446269 -0.219232 2.209499
0.347150 0.422225 1.525675
-0.061534 -0.314396 1.001457
0.472716 -0.279933 1.696455
0.036983 0.416885 0.995427
-0.412463 0.003566 1.280060
0.496491 -0.425715 1.421103
-0.057758 -0.088219 2.004105
0.405427 -0.366486 1.337090
-0.412372 -0.027340 1.154530
0.361227 -0.341682 1.458228
0.333961 -0.332253 1.516888
0.388136 -0.360452 1.225561
-0.467378 0.329430 2.010836
-0.377201 0.498333 0.958782
-0.378218 0.489787 1.245741
-0.403035 -0.045919 1.165803
-0.010692 -0.191026 1.067718
-0.491327 -0.418681 1.110457
0.196766 -0.044996 1.919861
0.133294 -0.389001 1.445552
0.361087 -0.291651 1.088081
0.250585 0.046909 1.424588
0.445290 -0.373168 1.294468
-0.455299 0.003842 1.524746
0.102966 0.346997 1.167684
-0.020073 -0.093075 1.814239
-0.391372 0.423089 1.795223
0.350113 0.417806 1.398206
-0.468186 0.421062 1.109489
-0.302522 -0.114535 1.417390
-0.267571 -0.282874 1.549246
-0.446698 -0.047463 0.983058
0.474397 -0.310374 1.659568
-0.047028 -0.325513 0.633814
-0.061874 -0.101313 1.939747
-0.215954 0.386276 1.379812
0.293508 -0.323945 1.500945
-0.368539 -0.054143 1.414308
-0.446967 -0.476156 1.114894
-0.379581 -0.330346 1.983590
0.459875 -0.322097 1.893276
0.025755 -0.081668 1.734199
-0.403410 -0.046236 1.590841
0.354387 -0.387265 1.148261
-0.234976 -0.178994 1.626108
-0.001801 -0.079215 1.783965
0.414697 0.421326 0.983835
-0.201699 -0.182379 1.468186
-0.339150 -0.109676 1.527603
-0.463015 -0.280983 1.705541
0.207516 0.002918 1.934739
-0.458939 0.039532 1.503177
-0.414544 -0.061485 1.232668
0.115244 -0.404117 1.613356
-0.487024 -0.275390 1.453974
0.364493 -0.375556 1.229906
-0.227298 0.402122 1.041712
-0.419498 -0.078213 0.937552
0.365073 -0.266763 1.265499
0.474642 -0.337385 1.848608
-0.291002 -0.323016 1.313488
-0.036444 -0.117916 1.714699
-0.032010 -0.082598 1.821960
0.372293 -0.376671 1.004555
0.346259 0.419838 1.396797
0.044110 0.407849 1.129414
-0.357828 -0.470909 0.953026
-0.026372 -0.258455 1.379790
-0.484849 -0.278375 1.755306
-0.339805 -0.047343 1.370368
0.357937 -0.364671 1.022101
-0.426616 0.008595 1.340470
-0.218891 0.407209 1.227121
-0.179458 0.231654 2.156800
-0.046979 -0.093294 1.856825
-0.436540 -0.033506 1.480393
-0.227569 0.384555 1.122974
-0.381596 -0.019128 1.141777
0.003893 -0.094042 1.643862
-0.026474 -0.115346 1.570607
-0.483316 -0.295976 1.395693
-0.442273 0.399593 1.301331
-0.446433 0.406657 1.157036
-0.447971 -0.411474 2.091190
0.134018 -0.365895 1.532329
0.253499 0.028444 1.203713
0.153147 -0.379203 1.332530
0.203425 -0.012979 1.597733
-0.465738 0.007149 1.621874
-0.363785 -0.066690 1.723831
0.328125 0.416053 1.177194
-0.046078 -0.289953 1.122013
0.128381 0.315175 1.411066
-0.033357 -0.092625 1.613102
0.262144 0.038272 1.386446
0.353251 -0.399161 1.293759
0.409484 0.435411 1.266528
-0.367141 -0.312513 1.548084
0.426128 -0.415815 1.599097
-0.042787 -0.272153 1.231508
-0.303874 -0.077151 1.379362
0.287003 0.056477 1.657589
0.376130 -0.400281 1.274911
-0.048821 -0.300382 0.942188
0.398116 -0.002535 1.241375
0.478526 -0.330367 1.530170
0.474030 -0.345154 1.194151
-0.376395 -0.044853 1.609344
-0.375019 0.425373 1.632309
0.373156 -0.332117 1.432230
-0.015957 -0.081689 1.671284
-0.012244 -0.205255 0.933680
0.011917 -0.078452 1.552726
0.456585 -0.305989 1.692595
0.364827 0.330007 0.780441
0.472522 -0.354734 1.654825
-0.391270 0.497247 1.078625
0.492733 -0.214306 1.835652
-0.391749 -0.066377 1.100250
-0.414430 -0.049430 1.229114
-0.014978 -0.103989 1.795084
-0.351613 0.474824 1.265871
-0.414512 -0.322470 1.645959
-0.404652 -0.021135 1.363251
-0.029025 -0.251922 1.063099
-0.479474 0.019179 1.411095
-0.052216 -0.189941 1.052539
-0.440307 -0.000591 1.473486
0.434085 -0.435236 1.297718
0.343577 -0.376858 1.320394
-0.368772 -0.468944 1.195348
0.450026 -0.337134 1.585705
-0.039319 -0.239669 1.213815
0.334077 -0.355478 1.356275
-0.065710 -0.098961 1.795801
0.135176 -0.355006 1.341486
0.362759 0.437852 1.677237
-0.040097 -0.308518 0.981395
0.285722 0.048096 1.292840
0.275536 0.053604 1.449263
-0.449174 0.043640 1.493693
-0.438733 -0.048978 1.130161
-0.044367 -0.323297 1.015830
-0.406259 -0.087529 1.341926
0.322103 -0.343732 1.471064
0.351546 -0.375335 1.314142
-0.499165 -0.419204 1.345710
-0.023157 -0.084429 1.780734
0.302146 -0.338904 1.612886
-0.231114 0.403084 1.328325
0.057384 0.409056 1.517951
-0.435291 0.421845 1.128929
-0.409901 -0.029252 1.417202
-0.060794 -0.334732 0.828291
0.202921 -0.033127 1.996912
-0.344626 -0.069482 1.624942
0.213637 -0.033920 1.773953
0.325075 -0.349914 1.304493
-0.040250 -0.087971 1.680562
-0.005237 -0.083756 1.571448
-0.009128 -0.088469 1.604397
-0.464954 0.032198 1.293760
-0.465160 -0.396689 1.777379
0.133201 0.343578 1.357111
0.013824 -0.101521 1.788757
0.351174 -0.351044 1.337959
0.077534 0.381340 1.194426
-0.393873 -0.323444 1.499227
-0.414882 -0.023248 1.273027
0.464471 -0.402756 1.373788
-0.396639 -0.067917 1.474046
0.004462 -0.192510 0.955777
-0.337533 -0.079699 1.412322
0.489931 -0.406340 1.480795
-0.357737 -0.499401 1.013577
0.380644 -0.419146 1.352938
0.373925 -0.399530 1.384643
0.341879 -0.322776 1.409326
-0.432397 -0.021255 1.280995
0.078196 0.378653 1.336091
0.203209 -0.337844 1.651149
-0.458065 0.011179 1.736251
-0.462461 0.013578 1.344387
0.357144 -0.383650 1.484736
-0.440630 0.020116 1.523429
0.117470 -0.359920 1.659201
-0.146651 -0.295910 1.045789
-0.321240 -0.099092 1.470652
-0.435530 -0.061815 1.027746
-0.439618 -0.009795 1.333220
0.466106 -0.435363 1.361072
0.319948 -0.354995 1.120782
0.494850 -0.386718 1.195072
0.488013 -0.442390 1.527889
0.353207 -0.381963 1.263414
0.377400 0.026517 1.574799
-0.016230 -0.116750 1.935826
0.461375 -0.423841 1.194364
0.352174 -0.361412 1.143874
-0.415559 -0.001740 1.461189
-0.043315 -0.335111 1.188616
-0.468312 -0.282377 1.525916
-0.283617 0.437316 0.814354
-0.045088 -0.111212 1.761650
0.377091 -0.322489 1.245451
-0.388288 -0.304425 1.597460
0.491913 -0.386922 1.287834
-0.409038 -0.295541 1.688323
-0.475742 -0.023868 1.148024
0.456441 -0.418562 1.415260
-0.413100 -0.047565 1.434973
0.034080 0.399497 1.519516
0.458565 -0.460816 1.107784
-0.436730 0.442339 1.257535
0.350391 -0.341764 1.360019
0.439456 -0.393780 1.351882
-0.007739 -0.199367 1.262301
-0.462135 -0.470137 1.222449
0.043596 0.386841 1.425877
-0.452395 0.028607 1.288898
-0.489234 -0.284963 1.398997
-0.440077 -0.439501 1.320506
-0.458263 -0.454039 1.301427
0.462129 -0.377598 1.388920
-0.355169 0.488439 1.410572
-0.314073 -0.092943 1.489797
0.012690 -0.093179 1.478545
-0.349175 -0.052534 1.381684
0.496950 -0.428188 1.511396
-0.422240 0.018341 1.515149
-0.037051 -0.074539 1.837446
0.004222 -0.104155 1.530013
-0.046694 -0.314224 0.980264
-0.388629 -0.065988 1.520465
-0.457961 -0.025634 1.234250
0.491413 0.321914 1.938214
0.100394 -0.380000 1.251125
-0.475877 0.417673 1.172511
0.457825 -0.412314 1.138776
-0.040698 -0.080551 1.739226
0.351719 -0.346719 1.277051
-0.385897 0.025784 1.065178
0.105495 -0.384503 1.435622
0.424974 -0.335429 1.714553
-0.469291 -0.470025 1.172258
-0.028696 -0.065424 1.738430
-0.373856 0.498226 1.156867
-0.361279 -0.327443 1.699110
0.108919 -0.382685 1.512615
0.332799 -0.363524 1.358864
-0.032747 -0.104929 1.887819
0.344836 0.320290 0.992238
-0.391649 -0.296552 1.674762
-0.054912 -0.257641 1.215500
-0.036745 -0.091714 1.658116
-0.020712 -0.174993 1.403397
0.443868 -0.361626 1.529788
-0.387582 -0.023789 1.294352
0.049526 0.405833 1.354810
-0.324878 -0.086195 1.459625
-0.402284 -0.027319 1.237546
-0.026138 -0.184348 1.507493
0.348166 -0.372816 1.363882
0.180120 0.241889 0.443341
0.052592 0.416373 1.353910
0.153260 0.332094 1.110394
0.347510 -0.341323 1.256065
0.468377 -0.411448 1.389770
0.398646 -0.340881 1.358775
0.495964 -0.407542 1.408809
0.458702 -0.357328 1.582272
-0.046045 -0.072558 1.608229
0.188961 -0.348358 1.760018
-0.066740 -0.253129 1.538099
-0.023949 -0.094596 1.765275
-0.178011 -0.170440 1.490538
0.147472 0.318741 1.118452
0.455589 -0.434723 1.448424
-0.445196 0.030642 1.458745
-0.408182 -0.043462 1.105801
0.308855 -0.316847 1.393591
0.012608 -0.083891 1.932748
-0.423747 -0.043444 1.255754
-0.474265 -0.427078 1.440154
0.000776 -0.121669 1.832340
0.351876 -0.377719 1.117042
0.057308 0.394108 1.052751
0.418624 -0.348067 1.588373
0.199256 -0.359623 1.521873
-0.380814 0.482792 0.819218
-0.415871 -0.061443 1.288550
-0.470408 0.424750 1.385303
-0.432536 0.026816 1.394779
0.418824 -0.217611 2.203839
-0.322075 -0.072007 1.514698
0.447651 -0.408431 1.329972
0.447320 -0.409586 1.006205
-0.415190 0.466725 1.046415
-0.442376 0.004811 1.383683
-0.024842 -0.083438 1.771788
-0.418056 -0.020990 1.463134
-0.055042 -0.075377 1.858751
-0.352948 -0.495641 1.201041
-0.328766 -0.090019 1.679147
-0.145012 -0.308927 1.183256
0.329188 0.406892 1.571685
0.498293 -0.397698 1.537529
-0.400731 -0.080738 1.033695
-0.074059 -0.268758 1.398322
-0.447488 -0.466123 1.338465
-0.436411 0.005434 1.660825
0.469135 -0.427132 1.311076
0.426028 -0.318562 1.418838
-0.388474 0.005539 1.339940
-0.274002 -0.305048 1.344267
-0.395307 -0.027430 1.425000
-0.378389 -0.314601 1.669738
