-6.249392 5.796974 2.867711
2.188793 -5.033149 10.019160
6.751834 6.164629 1.793071
-6.825851 4.499131 2.552340
-6.514725 -2.507053 14.601823
-6.373619 6.407949 2.290531
6.600819 3.683363 2.157610
-5.596219 -6.883386 2.068820
-5.904325 -6.838102 3.937462
-6.621872 5.779232 2.982807
6.635744 4.961040 2.990029
-6.780519 5.875733 2.771877
6.746793 6.272905 2.695119
-6.138731 -6.443526 3.100389
3.002165 5.059950 -11.124206
-6.634700 5.082420 1.705762
-4.355593 -6.686235 3.749405
2.783587 4.554012 -10.881217
-6.389228 -6.298449 2.687322
-6.043733 6.866540 3.318303
-3.254227 -6.361342 3.609623
-6.682821 6.450925 3.181484
-6.434888 -6.848378 2.198064
-6.694062 6.540774 2.820529
2.863025 5.014906 -10.906508
3.695519 -2.399624 8.876191
6.600249 6.105394 2.399175
-6.064260 -6.362108 3.212479
5.319478 -0.543084 12.096495
-4.714585 -6.853603 3.752313
6.471727 5.249856 2.324435
6.497263 5.719587 3.160535
-6.628350 3.398278 1.417909
2.671710 4.498915 -11.357897
-3.020787 -5.094748 17.091914
6.305121 3.221356 2.998297
6.333714 4.034235 2.835110
6.735695 4.566755 2.691954
-2.971497 -4.638594 17.908483
6.665979 5.134924 2.181087
6.578391 5.606491 2.615509
6.826077 5.082792 2.490112
1.272362 -5.108997 10.781925
-6.552063 3.434911 2.053180
-6.382532 4.059439 2.898681
6.763943 6.649749 3.061104
6.825990 6.625767 2.342609
5.947738 3.600175 3.103860
3.071232 4.139595 -11.030637
-2.581996 -4.624916 18.320926
6.659186 4.349087 3.017777
6.857087 4.670080 2.735053
0.949009 -5.166326 10.149191
6.276647 3.936046 3.334333
6.557014 4.220382 1.521808
-1.235168 3.220407 7.921142
5.640106 -0.762441 13.516836
6.219163 3.952393 2.721474
-5.715455 -6.401891 2.217361
-6.743354 -6.870793 1.766707
6.207541 2.910385 3.267685
6.417533 4.470612 3.232378
-4.245006 -0.776030 -0.669666
6.769119 6.430755 2.439448
1.281768 -5.487110 10.214753
6.838135 5.755870 2.199973
6.569467 4.800313 1.666028
6.191134 3.723965 2.802619
-3.959443 -6.349714 3.085272
6.140260 3.517138 2.550791
-6.841747 4.168481 2.303896
6.265248 3.560902 3.206149
6.542626 3.593538 3.310183
6.808572 -6.803093 2.416643
1.222086 -4.709225 9.266098
-5.939357 4.257005 2.090804
-5.876013 -4.345780 6.595587
6.624527 4.091793 3.197032
-5.596755 -6.179416 2.621626
-2.984321 -4.991094 17.663070
-6.526561 -6.267733 3.144786
-6.853871 3.887012 1.912298
5.685249 -1.596927 13.304968
5.878929 -1.669790 13.948446
6.567827 3.902814 2.916844
-6.835558 5.014481 2.143410
6.842585 5.636900 2.282456
-6.866428 -6.408848 2.664894
2.713240 5.031029 -10.965389
6.414673 5.198083 2.486184
6.827858 6.309783 2.224771
2.790581 -4.919433 9.417320
6.837980 -6.733086 2.353162
2.731032 5.191295 -10.376754
-6.830814 -6.695464 2.900550
6.403078 2.562043 2.252744
-6.700630 5.538003 2.552787
6.872118 2.242842 2.316558
6.805804 5.572400 3.061611
6.769844 2.735969 3.368115
-5.704354 5.449264 2.244983
-5.856960 5.587279 2.274129
-5.314449 6.347001 1.464031
-5.903379 5.785867 2.037245
-5.796570 5.917786 2.130208
-6.248527 5.637622 2.238968
-5.344416 5.801806 3.490733
-5.908068 6.478711 2.223279
-5.927166 5.653961 2.311967
-5.718791 5.837564 1.911448
-5.758063 5.598412 2.075482
-5.544176 6.804371 2.503466
-6.413098 5.887193 2.494554
-5.666225 5.709705 2.806779
-5.735064 5.836915 2.659623
-5.455847 6.780119 2.292934
-5.183766 6.423696 2.457163
-5.598731 5.911544 2.334764
-5.609545 5.461150 3.084685
-5.858747 5.749457 3.089371
-5.708353 6.333836 2.932962
-6.150888 5.461147 2.099874
-5.417394 5.981132 2.346937
-5.794838 6.169608 1.635395
-6.046428 5.534731 2.262021
-5.676249 5.357258 3.077141
-5.756195 5.400694 2.982899
-5.777651 5.642649 3.173474
-5.425239 6.453630 2.565405
-6.032439 5.755964 2.454987
-5.075305 6.359440 2.555504
-5.759395 5.653245 1.932677
-6.280116 5.655634 2.636446
-6.474660 6.155447 2.720508
-5.166853 5.832326 2.221520
-5.952567 6.035852 1.883697
-5.719319 5.932630 3.006045
-5.773038 5.993928 2.316891
-6.383966 5.185715 2.842056
-5.861476 5.556357 2.368324
-6.021726 5.478374 2.648685
-6.086490 4.490904 2.558826
-5.884929 5.188863 3.061691
-5.705864 6.294111 2.531313
-5.898459 5.634066 2.560799
-5.145679 5.690233 2.402995
-5.790093 5.518325 2.265243
-5.928515 5.942108 2.629062
-5.648858 5.538701 1.867957
-6.011546 4.946213 2.469572
-6.067524 6.018583 2.099305
-5.601472 6.358252 2.036907
-5.533992 5.935349 1.794688
-6.204621 5.978906 2.719975
-5.811333 5.868547 2.540732
-5.342809 5.462076 2.565598
-5.325177 5.387795 2.427790
-5.253137 5.806835 2.377615
-5.803781 6.144323 2.680203
-5.597111 6.123891 2.974392
-4.999008 6.211167 2.065910
-6.044084 5.539439 2.072327
-4.797046 5.568329 2.697219
-5.999050 5.965000 2.730729
-6.013238 6.595168 2.175460
-6.033803 4.765619 1.925199
-5.618196 5.648925 2.858252
-5.402685 5.499949 3.684698
-6.334981 4.264299 2.546289
-6.077077 6.320743 2.505680
-6.239213 5.810076 2.020170
-5.076779 5.974582 1.860498
-6.473305 5.716127 2.120353
-5.407534 4.809415 2.575456
-5.989817 6.617116 2.290171
-5.853115 5.338198 2.540706
-5.944634 6.134349 2.018933
-5.600384 5.343261 1.789433
-5.888089 5.517541 2.333688
-5.745851 5.758719 2.759921
-6.145324 6.272312 3.419042
-5.178039 5.512770 2.237675
-5.754755 5.391755 1.980452
-5.692047 5.788499 2.096611
-5.544581 4.967249 1.910660
-5.967186 6.042346 2.656615
-5.486026 6.055227 2.483863
-5.675989 6.296071 2.110014
-5.748104 5.802706 1.943854
-5.679020 5.584815 2.476419
-5.611908 5.919549 2.425986
-5.636256 4.513850 2.030645
-6.037003 5.667814 2.747335
-5.530986 6.444300 2.410183
-5.457839 5.819296 2.102682
-5.492920 5.714174 2.354497
-5.733517 6.622520 2.816241
-5.845961 6.352013 2.294484
-5.229129 6.050119 2.793957
-5.181835 6.347361 2.643870
-5.782186 6.278133 2.743554
-6.217416 5.570882 1.759413
-5.971896 5.731526 3.077742
-5.224780 5.414408 3.277167
-5.563178 6.301612 1.871961
-5.745322 5.895984 2.434354
-6.356946 5.396545 2.431378
-5.746919 6.329060 2.030565
-5.961972 6.143302 1.852155
-6.289609 5.840501 2.677785
-6.090641 5.814002 3.083317
-5.571116 6.503566 2.747177
-5.375900 5.460028 3.353087
-5.705711 5.154735 2.558070
-5.989221 6.225189 3.450643
-5.697384 5.443031 2.365773
-5.766178 5.252174 2.195355
-6.127253 6.067200 1.362143
-5.709559 5.875361 3.056138
-5.767246 5.141284 2.313717
-5.618524 6.329723 2.882749
-6.062070 6.256495 2.360457
-6.336377 5.920372 1.990863
-6.205294 5.196982 2.173370
-5.684415 5.675775 1.776278
-5.507276 6.749044 1.728985
-5.501522 6.122260 2.789912
-5.444048 5.201188 2.454407
-4.858430 5.303261 2.569172
-5.705341 6.524628 2.895363
-5.805976 6.012144 2.271486
-6.054706 5.897056 2.891963
-5.702737 5.600171 2.201549
-5.967558 6.561326 2.894466
-5.839631 6.080063 2.437601
-5.915556 5.380251 2.410670
-5.501644 5.674535 2.500360
-5.923826 5.708804 2.882524
-4.579997 6.697936 1.845752
-5.952742 5.815586 2.284091
-5.922978 6.451494 2.410872
-6.030965 5.865753 1.956787
-5.645255 5.960296 2.105638
-4.964164 6.366733 1.958619
-5.439613 6.376373 2.860075
-5.839277 5.981916 2.008266
-5.123978 6.474066 2.589667
-5.265189 5.220242 2.149641
-5.868654 5.473366 2.733790
-5.797258 6.750221 1.857109
-5.097270 6.251837 2.404152
-5.838425 6.128300 2.065066
-5.421482 6.677190 1.976848
-5.504709 4.773437 1.918931
-5.568833 6.518626 2.695729
-5.788815 6.115690 2.260344
-5.525840 6.369709 2.069070
-5.798852 5.720944 2.286764
-5.423826 5.942497 2.600899
-5.430583 5.793817 2.270673
-6.195633 6.374194 2.068936
-5.669344 6.018523 2.427173
-6.117121 5.700066 2.415907
-5.609229 6.217730 1.966794
-5.524539 5.855107 2.740374
-6.456995 5.503031 2.317509
-5.426182 5.599242 2.153642
-6.093913 5.936709 1.803861
-5.449255 5.778451 2.401634
-6.310579 5.345458 2.392128
-6.032096 6.099308 3.011962
-6.405072 5.261482 2.978830
-5.565710 6.341152 2.644815
-6.021008 5.345099 1.845900
-6.411456 5.597641 2.487664
-5.934150 6.833019 1.918673
-6.042832 6.592501 2.503786
-6.047283 4.922732 1.989851
-6.121110 6.214522 2.492292
-5.745770 6.272564 2.387117
-5.829264 5.789420 3.152394
-5.359813 5.895379 1.653542
-5.967612 6.393710 2.353796
-5.425427 6.072287 2.233456
-5.707537 6.294551 2.271625
-6.227878 5.830596 2.563493
-5.827862 5.708132 2.543852
-6.583395 5.865871 3.052596
-5.484221 6.186051 2.054810
-5.967632 5.198333 2.606621
-5.550156 6.712348 2.143886
-5.912962 6.088015 1.979904
-5.867903 6.102507 2.723442
-6.006674 6.060302 2.059783
-5.540190 5.868729 3.154710
-5.372164 5.114720 1.853295
-5.915060 5.773293 2.346794
-5.591742 5.590089 2.312634
-5.461978 5.954774 2.488251
-6.262123 5.436820 2.172175
-5.736001 5.661618 1.924562
-5.367895 5.914908 2.525131
-5.456707 6.018998 2.686109
-5.958243 5.722314 3.176673
-5.690344 5.910597 2.405655
-5.335214 5.499478 1.758141
-6.081726 5.181320 2.120541
-5.860483 6.586258 3.195689
-5.039462 5.616265 2.409217
-5.813410 6.004867 2.772012
-6.230199 5.141276 2.925654
-5.952635 5.428529 2.424299
-5.713389 6.096913 2.141742
-5.847513 5.806137 2.276311
-5.759674 5.998385 3.152437
-5.689147 5.764497 2.170046
-5.776064 6.394507 2.381756
-5.815816 5.614231 2.693735
-5.915688 5.377092 2.936054
-5.884793 6.252406 2.440180
-6.098596 5.994496 2.614425
-5.606540 6.420711 2.628909
-5.738898 5.816523 2.702026
-5.809853 6.118928 1.635590
-5.119066 6.406265 2.921315
-5.742651 6.395632 1.992444
-5.694319 6.599850 3.866636
-5.536091 5.908216 2.441418
-5.939997 5.612450 2.125444
-5.986256 6.053930 2.063149
-5.196534 6.057847 2.468744
-6.328855 5.457935 2.049196
-5.154566 5.917638 3.010052
-5.219636 5.032716 1.781659
-6.263492 5.434329 2.163325
-5.557696 5.948948 2.771404
-5.515757 5.498365 1.862747
-6.106128 5.499891 2.373113
-5.865558 5.471582 2.254549
-5.713890 6.019817 2.580758
-5.452125 6.740025 1.722761
-5.814419 5.945093 2.645260
-5.326379 5.895915 2.476776
-5.769755 5.369347 2.514930
-5.782642 5.643387 2.289637
-5.549510 5.167824 2.043991
-6.023212 5.379707 2.892014
-5.512938 5.623686 2.479097
-5.820741 5.524430 1.870697
-6.219759 6.123256 2.446040
-5.831842 6.275908 2.168040
-5.851674 5.236380 3.059559
-6.219774 5.082284 2.216278
-5.692238 6.254699 1.782151
-5.410983 5.008490 2.600929
-5.075646 6.196474 3.087372
-5.766870 5.458082 2.332634
-5.917590 6.528784 3.296268
-5.422597 6.152672 2.531465
-5.738373 5.873884 2.569922
-5.756521 5.414035 2.044565
-5.844807 6.058379 1.974023
-5.823111 6.049116 1.674085
-5.292176 6.116677 2.504907
-5.593033 5.825677 2.131910
-5.575313 5.995383 2.026293
-5.691168 6.345697 2.424596
-6.029826 5.751225 2.080750
-5.489602 5.937355 2.471107
-5.888733 4.886753 3.389662
-5.677324 5.613966 2.271207
-5.412525 6.549764 2.269134
-5.264443 5.836679 3.189232
-5.791461 6.304063 2.893649
-6.312321 4.988576 1.965990
-5.357999 6.106614 2.322509
-5.641544 6.284144 2.108650
-6.030198 6.036242 3.084563
-4.888876 5.663255 2.672595
-5.030557 6.429906 1.716718
-5.988075 5.289562 1.904742
-4.691750 5.777323 2.465294
-5.619618 5.717215 1.843547
-5.540079 5.601527 2.159820
-5.817401 5.442719 3.164937
-6.071953 6.606824 2.819816
-5.411433 5.900285 1.761321
-6.038287 5.517703 1.976621
-5.939086 5.643067 2.851668
-5.562871 5.480833 2.444844
-6.677147 5.660250 1.831937
-5.393252 6.131864 2.837880
-5.088079 6.032421 2.291317
-4.864483 6.295354 2.401032
-6.024032 5.886168 2.621280
-5.773210 5.483412 2.993789
-5.368238 5.938454 2.234430
-5.716478 -6.759518 3.554382
-5.962340 6.210294 2.710378
-5.504127 5.862552 2.821727
-6.031809 5.929001 3.068725
-5.933681 6.067121 1.782534
-6.012071 5.490647 2.141729
-5.387761 6.245296 2.462667
-5.620301 5.189818 2.201355
-5.140472 5.837485 2.476707
-5.435269 5.648377 2.208156
-6.038672 5.401086 2.288220
-5.355172 5.935197 2.158369
-5.707471 5.641496 2.232408
-4.909294 5.755390 2.681105
-5.779390 5.418719 2.500361
-5.766908 6.193915 3.258160
-5.875240 6.455484 3.059964
-5.709428 5.852839 3.270394
-5.146228 5.676058 2.584949
-5.719215 5.667108 3.278013
-5.534561 6.268339 2.420056
-6.618089 5.637182 2.360488
-5.381834 5.734942 2.429824
-5.817725 5.851515 2.849572
-6.021245 5.841035 1.825857
-6.133951 5.048422 1.913473
-6.247797 6.248197 1.767053
-5.320766 -6.714784 2.943972
-5.477493 5.812036 1.852143
-3.331317 5.028695 4.898459
-5.730932 5.471188 2.118901
-5.334114 6.111152 2.566760
-5.252024 6.557339 2.893600
-5.739438 5.919347 2.117137
-6.333114 4.647905 3.081683
-6.008509 5.356872 1.837767
-5.466997 5.369409 2.802215
-5.559691 6.464416 2.196432
-5.651697 6.205773 1.618311
-5.778655 6.014645 1.947037
-5.709160 6.078107 2.597346
-6.054681 5.799212 3.249173
-5.705721 5.721015 3.107938
-6.005939 5.643137 2.135511
-5.746256 5.755568 2.702297
-6.481537 6.250638 3.090862
-5.408735 6.223475 2.632189
-6.169684 6.312153 2.173609
-5.757869 6.722051 1.501435
-5.630300 5.794028 2.527150
-5.210440 6.725252 2.508918
-5.815171 5.790766 2.756213
-5.862484 5.835498 1.622699
-5.497406 6.199922 2.264339
-5.659788 5.590818 2.764256
-5.040952 5.944956 2.647614
-5.515011 5.465319 3.311782
-6.255454 5.006630 2.372888
-5.288082 6.548845 2.393355
-5.161558 6.070750 2.261809
-5.995107 6.534917 2.628194
-5.831487 5.183145 2.167146
-5.246020 6.294934 3.211957
-5.673787 5.465218 2.262108
-5.699170 5.506627 2.839703
-5.915242 5.534806 2.976166
-6.324779 5.758659 2.707811
-5.167634 6.006002 2.090606
-6.229971 6.166073 2.367895
-5.406289 5.576485 2.522027
-5.898879 5.986965 2.256917
-6.031449 5.293787 2.781621
-5.736852 6.085451 2.228511
-5.745284 5.616347 1.988409
-5.643450 5.490052 2.221576
-5.039455 6.339572 2.374979
-5.791535 5.476465 3.049075
-5.670451 5.423542 2.312719
-5.379978 5.896575 3.408469
-5.468208 5.815742 2.287247
-5.758826 5.763378 2.414203
-6.163000 6.261523 2.642604
-5.402547 -6.819227 3.085090
-5.865257 6.383452 2.399126
-5.515704 6.245844 2.913967
-5.779140 5.449599 1.479558
-5.862513 5.945800 2.435917
-5.590483 5.376846 2.936410
-5.587289 6.469844 2.948518
-6.043663 6.541248 2.788444
-5.850866 5.701497 3.075576
-5.565130 5.232083 1.728049
-6.139295 5.794912 3.281707
-5.206311 6.146281 2.825359
-5.447665 6.041456 3.328130
-5.171410 6.568898 2.605342
-5.574635 6.285140 1.752942
-5.157479 6.110959 2.621424
-5.699232 5.819949 2.349919
-6.101354 5.307608 2.644342
-5.842892 5.514748 2.669787
-6.238724 5.750673 2.089905
-5.840622 5.381900 2.280494
-5.690822 6.354633 2.197271
-4.854722 6.798071 2.016908
-5.686887 5.682348 2.909145
-5.480691 6.171468 2.407410
-5.691175 6.000176 2.574748
-5.928608 5.721895 1.993820
-5.552456 6.222366 2.308483
-5.821296 5.361096 2.550584
-5.763151 5.530140 2.860526
-5.998660 5.885076 2.874889
-5.563390 6.647503 2.175581
-5.560328 5.530352 2.541955
-5.737878 6.205812 1.945711
-5.569451 5.650474 2.253491
-6.033911 5.859321 2.408705
-5.297398 5.880260 3.161562
-5.636905 6.381797 3.102615
-5.582601 6.431126 2.608606
-5.456165 6.390798 2.386576
-5.875942 6.226593 2.761589
-5.363689 6.557187 2.601689
-5.713859 5.967333 2.733354
-5.748692 6.348869 1.753984
-5.632125 5.907777 2.556312
-5.903779 5.434530 2.782994
-5.902098 5.609493 2.722685
-5.805149 5.734144 2.349078
-5.478916 5.768477 2.516269
-5.562551 5.432904 2.515530
-5.464873 6.177205 2.154483
-6.083069 6.111446 2.926225
-5.602364 5.836767 1.871140
-5.971338 6.130632 2.648221
-5.434434 6.348081 2.132773
-5.864159 6.064788 2.657636
-5.828786 6.327361 2.317343
-6.257319 5.584063 2.336289
-5.669763 5.947015 2.546207
-5.229590 5.786053 2.516071
-5.662910 5.724399 1.981895
-5.668342 6.047167 2.405221
-5.829481 6.199646 2.942410
-5.620756 5.387489 1.869244
-5.138295 -6.888872 2.303145
-5.782810 5.915350 3.318929
-5.528946 6.079465 1.906266
-5.719755 5.930121 1.413363
-5.525171 6.263671 3.171346
-5.445927 5.818880 2.938856
-6.011911 5.887898 2.428155
-5.681681 6.138343 2.354316
-5.315953 5.121640 3.026732
-5.941594 5.358339 2.200880
-5.803836 5.442094 2.319151
-6.138120 5.934429 1.979568
-5.518669 5.796643 2.985151
-5.942546 5.958854 1.606463
-5.724762 5.180758 2.467431
-5.970737 5.811411 2.576825
-5.787590 5.775091 2.567745
-5.398366 5.631373 3.118602
-5.145718 5.843229 2.350813
-5.980376 5.551934 2.542014
-5.014881 6.252724 2.967277
-5.618888 6.132552 2.456167
-5.016051 5.677284 2.650380
-5.528943 6.042410 3.490500
-5.724069 6.415520 2.763187
-5.832732 5.480824 1.739880
-5.532679 5.571772 2.671696
-5.283636 6.407348 2.268006
-5.491770 6.268821 2.772843
-5.677422 5.867236 1.421364
-5.738294 5.192119 2.797227
-5.485034 6.450666 2.451142
-6.101149 5.783370 2.759173
-5.276482 6.332471 2.111460
-5.975923 5.604571 3.146143
-6.194301 6.602986 1.550313
-5.771187 5.200241 3.245804
-6.096254 6.323305 3.141853
-5.507131 5.926100 2.431374
-6.330583 6.031966 2.675163
-5.738411 5.949478 3.011441
-5.892576 6.065827 1.944284
-4.920870 6.672377 2.374172
-5.965181 6.773151 1.929838
-5.771890 5.043194 2.611181
-5.989483 5.602973 2.396944
-5.427562 -6.825821 4.140345
-5.945201 5.045658 2.453763
-5.889172 6.052430 2.376729
-6.016868 5.542670 2.958153
-5.991178 5.827172 2.436947
-5.106505 5.236239 2.304352
-5.516478 6.082285 2.849428
-5.516709 6.599795 3.188574
-5.344473 5.977414 3.276743
-5.614577 6.338388 2.550843
-5.224391 5.310123 1.937607
-5.514278 6.365649 2.454701
-6.004317 6.274739 2.697562
-5.846990 6.096983 2.552230
-5.502225 5.124038 3.158390
-5.506492 5.443128 2.580547
-5.437808 5.761898 3.157619
-5.903129 6.061404 2.627786
-5.916647 6.131688 3.227633
-5.863441 5.923533 1.679811
-5.708298 5.681635 2.582375
-5.703640 5.711001 2.117966
-5.772040 6.021838 2.871904
-5.068332 5.716362 2.201535
-5.347087 5.455910 1.808549
-5.801725 6.284544 2.326316
-5.476198 6.365886 2.082629
-5.442957 5.399218 1.985675
-5.327002 5.927534 1.870271
-6.056916 5.787544 1.987836
-5.588818 5.572180 1.966536
-5.858852 5.885725 2.227556
-5.109832 5.616329 1.807007
-5.091038 6.437108 2.082595
-5.669732 6.114792 2.758916
-5.581822 5.545082 2.446970
-5.846235 5.332548 2.380555
-6.133034 5.409539 2.385109
-5.472582 5.507110 2.355892
-5.338078 6.181997 2.442243
-6.056525 5.060224 2.544549
-5.594226 5.471189 2.653292
-5.387170 6.060997 1.975058
-4.941230 6.482345 2.290986
-5.672606 6.115347 2.837021
-5.567762 6.414502 2.025783
-5.833758 6.305892 2.742225
-5.188093 6.278079 2.207577
-5.667639 5.885806 3.066396
-5.619753 5.889588 3.068068
-5.698700 5.924801 2.419113
-6.045658 4.920020 2.137932
-5.408081 5.513882 2.473407
-5.668444 5.797610 2.336999
-5.705546 5.757385 2.469684
-6.119287 5.568604 2.829606
-5.433483 6.519037 1.945174
-5.237052 5.747595 2.659394
-5.915694 5.685108 3.059992
-5.739371 6.001877 2.422189
-5.787771 6.086281 2.512009
-6.077737 6.502622 2.624093
-5.751766 5.814308 2.416080
-5.973656 5.961457 2.799804
-6.021615 5.937953 3.129440
-5.681500 6.032460 2.514252
-5.885823 5.529327 2.003722
-5.139645 5.035966 2.493014
-5.853608 5.942565 2.125603
-6.088376 5.989386 2.260496
-5.399463 6.875172 1.983855
-6.215223 6.309487 2.858902
-5.543740 6.330042 2.620042
-5.557899 4.786332 2.756721
-5.369156 5.826155 2.413154
-5.559798 6.050915 2.043059
-5.593307 6.801457 2.469030
-5.717966 5.591392 2.241275
-5.106904 5.834018 2.096943
-5.991891 5.916185 2.563161
-5.614583 5.751355 1.778660
-5.585336 5.711118 2.389415
-5.861497 6.323910 2.417436
-6.279586 5.071346 2.669449
-5.331095 5.381469 2.195150
-5.812073 5.878034 2.118534
-5.983631 6.461734 3.010642
-5.484847 6.315382 2.929816
-5.532450 4.957402 2.438915
-6.884392 2.560843 2.698376
-5.617576 5.793819 2.106177
-5.886534 6.553768 2.020837
-5.815493 5.374041 2.633668
-5.533576 5.890473 2.988498
-5.318782 5.482704 2.797495
-5.898025 5.829680 2.576297
-5.104845 6.168496 2.941697
-5.651250 5.718779 1.866805
-5.454156 5.820103 2.549636
-5.769999 5.730936 3.026217
-5.472847 5.754764 2.548962
-5.944139 5.550813 2.866264
-5.441478 6.624109 2.662120
-5.854424 5.310870 2.286207
-5.972584 5.854864 3.034660
-5.321412 6.264827 2.951448
-5.454274 6.422572 3.086869
-5.273808 5.443110 2.907561
-5.789684 5.740820 2.691823
-5.656945 5.596560 2.029079
-5.979914 6.278370 2.829189
-6.257371 5.768812 2.910655
-5.122286 6.623262 2.676428
-5.852611 5.529335 1.977982
-6.392585 5.740099 3.265096
-5.220103 5.548745 2.895154
-5.338921 5.297041 2.660618
-5.562201 5.428925 1.349174
-6.104911 5.487520 3.182981
-5.675304 6.156728 1.898085
-4.894088 5.516908 2.310337
-6.005256 5.908405 2.331082
-5.961921 6.152721 2.808027
-5.503487 6.838650 2.095044
-5.617425 5.686514 2.392987
-6.217050 5.676138 1.927041
-5.503014 6.392873 3.062626
-5.708647 6.359772 2.715136
-6.128415 5.137863 2.451182
-5.908149 5.660819 2.809941
-6.647578 5.850067 3.001907
-5.057331 6.674420 3.230358
-5.648524 5.912668 2.560466
-5.652223 5.530204 1.968519
-5.871126 5.812318 1.995450
-5.593645 6.316532 2.916455
-5.900623 5.377655 2.261621
-5.928642 6.027087 2.395054
-5.922702 6.487365 2.350556
-5.798137 6.241372 2.466954
-5.870305 5.819251 2.450901
-5.717136 5.692196 2.419858
-5.484350 6.152416 2.823430
-6.166822 5.643889 1.917540
-5.413717 6.686242 3.174811
-6.094579 6.010567 2.057693
-5.464720 6.458425 2.898770
-5.709323 5.818060 2.069303
-5.649133 5.361316 3.383124
-5.485457 5.905486 2.401696
-5.363925 5.644061 2.796691
-6.079571 5.625307 2.968779
-5.749072 5.749931 2.755279
-5.206237 5.795011 2.047434
-5.633663 6.024816 2.858248
-6.307757 5.976553 1.814312
-5.570942 5.634495 2.274117
-5.506723 6.353058 2.174871
-5.815681 6.084018 2.514157
-5.717122 5.336219 3.093924
-4.874699 6.467178 2.571059
-5.967491 5.964164 1.860670
-5.714569 6.025809 2.694045
-6.165879 5.915229 2.336748
-5.484953 6.009154 2.331056
-6.377741 4.972096 2.357570
-5.463090 5.399831 2.080122
-4.944927 5.847029 2.278459
-5.402393 5.979928 2.543441
-5.453299 6.313899 2.637371
-6.123389 5.778029 3.017580
-5.849719 5.231169 2.774647
-6.235284 5.974880 2.385668
-4.674476 5.819562 2.177167
-6.001250 6.410728 2.570215
-5.928819 6.041035 2.539188
-6.092975 5.890015 2.027359
-5.755223 6.240412 2.768744
-5.612979 5.595322 3.031855
-5.054056 5.687265 2.311804
-5.344759 5.586405 2.631860
-5.992808 5.816831 2.438980
-5.658010 5.557524 1.691617
-5.750127 5.597003 1.976478
-5.923062 5.920744 2.186575
-5.133086 5.786631 3.016394
-4.825841 6.505193 2.720685
-6.180297 4.534798 2.605695
-5.987844 5.537095 3.130608
-5.670450 6.253956 2.117212
-6.122679 5.956780 2.629032
-5.296313 6.269001 2.486920
-5.749960 6.108826 1.932471
-5.908830 5.636520 2.693705
-5.782496 5.926032 2.325523
-5.105571 5.711416 2.521328
-5.938869 5.240578 3.098974
-5.805465 5.446731 2.144526
-5.775797 6.103881 2.821650
-5.754499 6.188605 2.243408
-5.310361 5.896462 2.440340
-6.026536 5.997067 2.975229
-5.853755 6.203432 2.032143
-5.594899 6.068894 2.652907
-5.480679 5.865269 2.458835
-5.429157 5.991922 2.468239
-5.465517 6.019770 2.502826
-5.560010 5.497118 2.979557
-5.950891 5.837530 2.678345
-5.232768 5.701698 2.189837
-5.480716 5.786949 3.213725
-6.225505 4.859522 2.301949
-5.112884 6.327208 3.096864
-6.194858 5.437106 2.366947
-5.894329 6.354574 1.665450
-6.209147 4.800970 2.031298
-5.410561 5.422573 2.172863
-6.117928 5.586360 2.718841
-5.102988 5.849304 2.653406
-6.035327 5.009805 3.035899
-5.528406 6.345666 2.843711
-5.571579 6.430666 3.136233
-5.807793 5.861346 1.607942
-5.691570 6.118863 3.360420
-5.916949 5.413248 2.877106
-5.864704 6.436116 2.050521
-5.837730 5.673673 2.728573
-5.604664 6.244588 2.558508
-5.174182 6.115065 1.743451
-5.449239 5.415958 2.186050
-5.637233 6.068387 2.432368
-6.034566 6.342658 3.396510
-5.279476 6.338646 2.049349
-5.989372 6.277815 2.225442
-6.314564 5.487164 2.657623
-5.552010 6.611478 2.984032
-5.489155 6.225631 2.109570
-6.511109 5.622649 2.961110
-5.716940 6.040978 2.598546
-5.579910 6.278676 2.183802
-5.252111 6.019921 2.986368
-5.660980 6.467686 3.175252
-6.487748 6.050007 2.830783
-5.330856 6.190614 2.389294
-4.777964 6.041851 2.144151
-5.572295 6.630717 2.798919
-5.482925 6.087018 1.987513
-5.735738 5.606879 2.168827
-5.824245 6.470328 1.773353
-5.913902 6.170067 2.410148
-5.382661 6.639182 2.166854
-6.243638 6.299000 2.768123
-5.810500 6.357274 2.925376
-5.807938 6.148863 2.315871
-5.583913 6.866983 2.162605
-5.285576 6.297778 2.482902
-5.350069 6.236079 2.549894
-6.134927 5.539948 3.324068
-5.356474 5.193227 3.081345
-5.838774 5.402321 2.886498
-5.662565 6.409937 2.934925
-5.653036 6.509743 1.867474
-5.734821 5.679349 2.715307
-5.288009 5.407712 2.959148
-5.844808 5.104986 1.895719
-5.196144 6.312821 2.383050
-5.985627 5.811439 1.911913
-6.111096 6.020511 2.282726
-5.989694 5.946639 2.222084
-5.570051 5.045055 2.363499
-6.110534 6.201103 2.184303
-5.824535 5.935207 2.402214
-6.129912 5.889185 2.290346
-5.772675 5.341382 2.608983
-5.970492 5.347576 2.038308
-4.980961 5.559034 3.017136
-5.362011 5.872055 2.004887
-5.751525 5.475539 2.779142
-5.365773 5.765407 3.182610
-6.166019 6.211794 2.317283
-6.078726 5.558423 1.834676
-5.863613 5.981746 1.810605
-5.697267 5.792070 2.596728
-5.212950 6.146236 2.691984
-5.752438 5.711093 2.211277
-5.766347 5.069899 2.426014
-5.441071 5.991741 2.897076
-5.734486 5.535680 2.900213
-5.040698 6.624367 2.571200
-5.956433 5.970093 3.014124
-5.426327 6.289178 2.049267
-5.544510 6.241312 2.803650
-5.746152 6.377953 3.405636
-5.407348 6.201835 2.386500
-4.572640 5.133418 2.512268
-5.947168 6.378850 2.441557
-5.536614 5.328408 2.376692
-6.209114 5.824671 2.633319
-5.498298 5.573592 1.904210
-5.205913 6.313428 2.421992
-5.206638 6.619339 1.714321
-5.727476 6.071011 2.181214
-6.021659 5.816596 3.012823
-5.333658 5.784978 3.002732
-6.127593 5.580198 2.384836
-5.804058 5.650769 3.065651
-5.993772 5.271836 2.576801
-5.494500 6.501320 2.379760
-5.826689 5.912377 2.969692
-5.472978 5.380393 2.826154
-5.696918 6.730807 2.114239
-5.977534 6.363857 3.102185
-5.187448 6.107055 2.693713
-5.879381 5.786604 2.285960
-5.662567 5.851789 2.217348
-5.926959 6.292278 2.293292
-5.912130 6.280100 2.608899
-6.161975 6.674005 1.528240
-5.894179 5.479140 1.486525
-5.962462 5.755970 2.976134
-5.638663 5.660246 1.867231
-5.382780 6.407017 1.368803
-5.668980 5.385434 2.899617
-6.013114 5.866589 2.432805
-6.220807 6.338352 2.273093
-5.312412 5.852456 2.113393
-5.053027 5.630367 3.231216
-5.826850 6.223660 2.964897
-5.865169 4.741614 1.208928
-5.890167 6.385023 1.947070
-6.070344 5.659464 2.660615
-5.288608 6.405679 2.695463
-5.804383 5.457558 2.384094
-6.014538 6.288171 3.255211
-5.644870 5.805583 2.154042
-5.529993 5.767762 2.640178
-5.802360 5.444023 2.643343
-5.581207 6.172574 1.892966
-5.778578 5.979786 2.424147
-6.148732 5.747925 3.001057
-5.439021 6.470748 2.571642
-6.084345 5.731187 2.734671
-5.195658 5.962452 2.498322
-5.168423 4.693637 3.184916
-5.173317 5.804449 2.006859
-5.566922 5.488130 2.615499
-5.377000 5.768186 2.853299
-6.114631 6.147506 2.445173
-5.556607 5.457866 2.689707
-5.962364 5.212126 2.991216
-5.959175 5.758037 2.191489
-5.502863 6.585765 2.348689
-5.829158 5.722937 2.022724
-6.030017 6.256518 1.953554
-4.943130 5.381083 2.218965
-5.882444 5.194748 2.211368
-5.466927 5.326821 1.907305
-5.935239 6.085000 2.377770
-5.139291 6.497384 2.829756
-6.100051 5.952574 2.384535
-5.922769 6.374817 2.726804
-6.497731 5.859433 2.404067
-5.633790 6.501574 2.728938
-4.729814 6.318798 2.787715
-5.604877 5.988614 2.386164
-5.801601 4.824289 2.471447
-5.420024 6.201941 2.820036
-5.978304 5.077667 2.968017
-6.261979 5.859747 2.106840
-6.287085 5.113440 3.066201
-5.731800 5.682762 1.507997
-5.606511 6.054575 2.207447
-5.804380 6.439540 1.827140
-5.791014 6.044995 2.132806
-5.905502 5.588797 2.800062
-5.416347 6.041426 1.789866
-5.901592 5.419405 2.471336
-5.644918 5.669526 2.360725
-5.650763 6.324180 1.761984
-5.793159 6.196973 2.376295
-5.701748 5.481932 2.366741
-5.678632 5.985219 1.600085
-6.377209 5.341037 2.224719
-5.077572 5.393874 2.882011
-5.678555 6.630450 3.025469
-5.916910 5.952139 2.362880
-5.368665 5.644698 2.209167
-5.857778 4.539619 2.310666
-5.661607 5.915694 1.811123
-5.723021 6.278794 3.166461
-5.382417 6.345287 1.966931
-5.780699 6.157277 2.241026
-6.204463 4.825762 2.263303
-5.554941 6.096928 3.783271
-5.588256 5.901970 2.435510
-5.703990 6.063980 2.821075
-5.734154 6.615272 1.913507
-5.351171 5.458917 3.103997
-5.342034 5.819445 3.240535
-5.398579 6.167347 2.293311
-5.947171 6.239171 2.637527
-5.632863 6.171300 2.357218
-5.957246 6.204378 1.960081
-5.533535 6.743406 2.468576
-6.078438 6.495521 2.460388
-6.310490 6.382948 2.248115
-5.551133 6.068864 2.280148
-5.852989 6.063123 2.314960
-5.789579 6.503699 2.416236
-5.865129 6.049240 2.436929
-5.871854 -6.639890 3.439371
