-0.240707 0.396879 -4.184036
-0.464765 0.447704 -4.088079
0.178726 0.223437 2.622580
-0.474771 0.418552 -5.686658
-0.478636 0.492163 9.192264
-0.480453 -0.298154 -5.947313
-0.266540 -0.079703 3.324724
0.109299 -0.366009 5.751730
-0.477252 0.261294 3.317532
-0.458488 0.453588 -4.170142
-0.488846 0.462165 -4.292471
-0.463999 0.102597 -5.509404
-0.093437 0.142484 -3.058489
-0.090803 0.125477 -2.734307
-0.204294 0.438347 0.510536
-0.405545 0.499905 -4.871716
-0.131485 -0.196365 4.340049
-0.464819 0.492453 -4.734455
-0.467212 0.498583 9.934243
-0.437978 0.412637 3.475643
-0.441131 -0.183718 -5.179723
-0.442580 0.472364 -4.270048
-0.498937 0.195553 4.793986
-0.499330 0.326667 -3.587864
-0.470535 0.464254 -3.942294
-0.464515 -0.212090 5.743020
-0.471488 0.107913 -4.375715
-0.376845 0.467767 4.097051
-0.474415 0.290299 -4.157794
-0.443454 0.478415 -5.590943
-0.437941 0.481652 -4.359975
-0.470752 0.400319 7.983216
-0.445290 0.448573 -4.796716
-0.492334 0.245265 -1.311391
0.346004 -0.408220 2.374635
-0.496663 0.093005 -3.827975
-0.485491 0.154847 2.876146
-0.463771 0.465751 -3.721014
-0.327423 0.035816 -3.406196
-0.446115 0.476765 -4.136175
-0.127290 -0.140752 -5.890048
-0.403342 0.455114 4.008144
0.207841 0.262526 2.794519
-0.460716 -0.170933 -5.030145
-0.480851 0.184877 3.786259
-0.437626 0.381308 -6.228447
-0.443353 0.416194 -6.001249
0.366597 -0.040307 -1.736598
-0.431105 0.499525 -4.263622
-0.459400 0.449085 -4.664346
-0.448968 0.489264 -4.066189
-0.263301 -0.225070 0.732556
-0.486624 -0.302007 3.427508
-0.446158 0.235433 4.972295
-0.466329 -0.130065 -2.831594
-0.493627 -0.354052 -2.801905
-0.483986 0.443288 -3.960184
-0.447955 0.496838 -4.159354
-0.400318 0.446868 4.082246
-0.481028 0.239472 -2.774797
0.241794 -0.078450 2.040751
-0.262678 -0.107871 2.068004
-0.287178 -0.124658 2.540521
-0.474407 0.134426 -6.120751
-0.486063 0.211948 -2.909886
-0.494864 0.369130 5.585811
-0.449742 0.247432 5.960413
-0.439493 0.092214 -4.509659
-0.467390 0.475508 -3.085558
-0.373420 -0.470190 -1.172796
-0.495544 -0.486267 6.789446
-0.480508 0.473377 -5.484130
-0.417458 0.450064 3.615302
-0.448745 0.483681 10.552510
-0.480889 -0.162542 8.221026
-0.499128 0.438667 -4.124736
-0.477698 -0.072772 5.574296
0.267685 -0.371620 1.803720
0.390302 0.180915 4.551404
-0.448758 0.475269 -4.895538
-0.430658 0.486334 10.526604
-0.477787 0.028188 -3.107038
-0.410748 0.487423 -4.316274
-0.466270 0.385336 4.673984
-0.448307 0.402417 6.149881
-0.478221 -0.185618 8.384062
-0.482567 0.160144 3.133692
-0.453139 0.470023 9.741016
-0.452155 0.452649 -4.503238
-0.414156 -0.101897 1.829502
-0.442270 0.456300 -3.952257
-0.469965 0.430732 -4.499545
-0.434797 0.471343 -4.919970
-0.474067 0.146223 7.004662
-0.491986 0.177405 -1.912438
-0.482615 0.410902 -4.291654
-0.498357 0.238861 -0.511823
-0.448135 0.208743 5.161030
-0.266250 -0.088071 2.478943
-0.432305 0.377025 -6.114234
-0.474673 0.424746 -5.230706
-0.470852 -0.450700 -3.829629
-0.417031 0.465031 -4.767679
-0.490566 -0.164430 -5.390266
-0.437791 0.435712 5.646725
-0.449202 -0.359294 -1.772943
-0.460127 0.444031 -4.057059
-0.466709 0.392049 -5.225381
-0.461059 0.447079 -4.722318
-0.474733 0.196019 3.980099
-0.446634 0.285027 5.719176
-0.433363 0.483822 -4.859042
-0.497733 0.225936 -1.259524
-0.421867 0.431216 3.519757
-0.446294 0.486478 -4.273096
-0.454955 -0.182233 -4.776239
-0.456625 0.442625 -4.610545
-0.492979 0.459523 -4.144273
-0.490728 0.178692 9.299117
-0.472660 0.329679 -4.942021
-0.467465 0.254226 2.981251
-0.472704 -0.246069 5.764418
-0.480282 0.096745 -2.969405
0.479636 0.175789 -0.848217
-0.487803 0.413253 -5.578590
-0.459873 0.480396 10.563012
-0.499946 0.426285 -4.143656
-0.465114 0.494639 -3.306195
-0.454948 0.249993 2.451298
-0.439927 0.454727 -4.353754
-0.433663 -0.443239 -2.578207
-0.485739 -0.211301 8.121636
-0.422618 0.495204 9.798425
-0.468682 0.441279 -4.489486
-0.451464 -0.193827 -5.216899
-0.484383 0.418408 -3.935296
-0.412095 0.387820 1.021629
-0.457136 0.459791 -3.849289
-0.472943 0.204411 3.552561
-0.453964 0.433352 5.330745
-0.099130 -0.383797 5.867587
-0.479278 -0.239406 6.052021
-0.487237 0.164604 2.829751
-0.460636 -0.140231 4.863939
0.414939 -0.038341 -1.822748
-0.453554 0.381970 5.618134
-0.449599 -0.123449 4.853208
-0.497592 0.328671 -3.049925
-0.484751 0.440787 -4.381765
-0.450493 0.496541 -4.455338
-0.399449 0.494734 2.439372
-0.487494 0.259751 3.846394
-0.428849 0.477574 4.120571
-0.487080 -0.113354 4.489055
-0.495759 0.177112 -2.887429
0.299805 0.173343 3.188896
-0.418515 0.078631 -3.127668
-0.471763 0.417822 7.804528
-0.444628 -0.473662 -3.556188
-0.479694 0.397571 -4.912643
-0.234103 -0.104724 1.790019
-0.493444 0.232773 3.568946
-0.425208 0.375663 0.572529
-0.493675 0.264112 -5.759985
-0.237061 0.388843 -1.651776
-0.458402 0.038210 -4.032116
-0.442800 -0.147828 -3.946989
-0.488914 0.320442 5.384700
-0.419292 0.481786 -6.168459
-0.451579 -0.094193 2.106955
-0.468658 0.263042 3.508520
-0.433699 0.497031 -4.217640
-0.495314 0.439316 -3.883522
-0.486802 -0.496413 6.592189
-0.472505 -0.204791 -2.505291
-0.462666 0.449318 -4.794709
-0.445914 0.482287 -4.148993
-0.484262 0.364190 -5.723193
-0.487343 -0.076771 5.562279
0.254484 -0.020550 0.566859
-0.482737 0.377148 5.664314
-0.475262 0.462325 -4.285532
-0.461258 0.398087 -4.159478
-0.493134 0.237149 -1.738752
-0.066505 0.105225 -2.811432
-0.455604 0.284186 4.193629
-0.466064 0.186632 3.014929
-0.456639 -0.184748 -4.929294
-0.465439 0.080377 -5.476907
-0.377969 0.089054 5.239431
-0.472546 0.448987 -4.915700
0.229194 -0.184560 0.369145
-0.453169 0.326921 4.972308
-0.489468 0.447988 7.359631
-0.476528 0.251326 3.038865
-0.395679 0.467176 3.538772
-0.429836 0.475504 3.599626
-0.436364 0.441070 -5.584691
-0.484695 0.178249 3.386340
-0.480097 0.369320 -4.272904
0.329294 0.494072 -3.685625
-0.404901 0.457572 3.448859
-0.357271 0.044941 -4.023535
-0.345476 0.395340 6.004505
-0.368608 0.380401 5.843341
-0.449680 -0.178818 -4.990110
-0.488618 0.444056 -4.160200
-0.467069 0.425670 -4.469927
-0.495042 0.447692 6.862730
-0.448897 0.495889 10.765536
-0.496123 0.362345 -2.229413
-0.480843 0.182661 9.221216
-0.494491 0.218272 -0.775895
-0.453630 -0.025590 -4.783521
-0.490167 0.207043 -3.092844
-0.424903 0.346815 2.297087
-0.458515 0.485260 -3.726487
-0.450233 -0.263560 -4.840637
-0.397749 0.441969 3.962364
-0.495561 -0.065407 -5.921066
-0.118136 0.012868 -0.358053
-0.497921 0.088136 -4.519815
-0.482529 0.174359 3.682640
-0.464757 0.405983 -4.751498
-0.197863 0.114225 -5.866669
-0.478106 0.200170 3.092662
-0.464058 0.387118 -5.416615
-0.490138 0.294629 -3.019600
-0.447636 0.465882 -4.066536
-0.430457 0.498169 1.251879
-0.474442 0.089657 -3.735437
-0.480652 0.421441 -4.090154
-0.497928 0.477870 7.472126
-0.467154 -0.099768 -5.257374
-0.436812 0.476539 -5.616177
-0.422681 0.430066 3.933225
-0.396719 0.420447 3.179486
-0.462497 0.185551 3.221419
-0.482132 0.171941 2.975434
-0.451787 0.281294 -4.979557
-0.450013 0.266894 3.693396
-0.477791 0.360084 -2.564777
-0.487148 0.217417 -2.703504
-0.406298 0.493393 1.264625
-0.494001 0.481673 -4.775602
-0.448955 -0.239839 5.036643
-0.488555 0.211764 -2.852078
-0.414900 0.485530 4.402474
-0.487535 0.456793 -4.203904
-0.474234 0.211816 6.164686
-0.498630 0.094613 -4.122218
-0.490335 0.457678 -3.859495
-0.492890 0.371356 -4.909400
-0.095319 0.163178 -2.807351
-0.253116 -0.119904 1.844334
-0.436101 0.496724 11.977790
-0.479439 0.092682 -3.967499
-0.384759 0.490972 9.424612
-0.462996 0.242624 2.430306
-0.405149 0.254946 5.534241
-0.376499 0.448456 -6.131085
-0.473015 -0.123922 5.768022
-0.485692 0.255484 -1.531819
-0.470583 0.139244 -4.769487
-0.482945 0.232661 2.806764
-0.476840 0.198675 -5.962634
-0.459096 0.097798 -5.471168
-0.497942 0.433701 -4.371213
-0.400764 0.402428 4.364087
0.282203 -0.075354 1.911887
-0.435402 0.397129 5.332732
-0.484738 0.454214 6.228549
-0.334984 0.466451 -0.947742
-0.490747 0.492388 7.149925
-0.406744 0.441083 -6.223742
-0.454498 0.427648 -4.624708
-0.462295 -0.421783 -2.720336
0.079338 0.497736 -4.731758
-0.456448 0.454747 -4.807802
-0.471308 0.251554 3.011484
-0.493794 0.397446 -3.048291
-0.190350 -0.075868 1.589448
0.309103 0.494638 -3.504103
-0.450297 0.093785 -4.213979
-0.488157 -0.043799 -6.082699
-0.460674 0.244570 5.798252
-0.168369 0.207319 -0.717887
-0.472437 0.216693 3.796015
-0.461535 0.419155 -5.253509
-0.480041 0.497867 -4.071231
-0.464123 0.120655 3.436509
-0.497614 0.256144 -1.926133
-0.451880 0.081878 -3.539091
-0.443827 0.474740 -5.327730
-0.351851 -0.472421 -1.305798
-0.458582 0.443200 -4.435414
-0.435877 -0.206130 5.732692
-0.495699 0.453899 -5.481917
-0.342984 -0.476520 -1.319318
-0.457372 0.413095 -5.637884
-0.491372 0.270520 4.428303
-0.492711 0.243469 2.945705
-0.475174 -0.187953 -6.216427
-0.463871 -0.194455 3.932178
-0.477967 0.155258 7.961928
0.160457 -0.177537 -6.077685
-0.411415 0.468855 4.489000
-0.494574 0.087622 -5.450532
-0.392793 0.422905 3.447847
-0.453971 0.082444 -5.338717
-0.427420 0.084322 -4.608071
-0.456666 0.481761 -5.359504
-0.470917 0.153011 3.645652
-0.431967 0.444527 4.495841
-0.433730 0.099325 -4.652838
-0.476613 0.321656 8.389029
-0.458769 0.449446 -5.054398
-0.476834 0.177630 2.884794
-0.485291 -0.153493 -5.078083
-0.428494 0.413943 3.563050
-0.421506 -0.369825 -3.140661
-0.488889 0.273991 4.493178
-0.433641 0.496023 10.009763
-0.385957 0.478967 3.337815
-0.437853 0.499156 10.909832
-0.474480 0.424631 -4.241763
-0.494630 0.145471 -2.426126
-0.208972 0.297295 -2.868670
-0.481034 0.233424 -0.956615
-0.421030 -0.181323 5.496742
-0.493106 0.247472 -5.562572
-0.454420 -0.182538 -5.001213
-0.440788 0.410354 3.993994
-0.213982 -0.308134 -5.879373
-0.452038 0.415703 3.802254
-0.493498 0.207301 -2.625784
-0.481351 -0.084594 4.081715
-0.448119 0.271144 3.744677
-0.497946 -0.168425 8.192249
-0.469573 -0.142192 -2.866068
-0.396338 0.442444 2.810611
-0.498533 0.093263 -4.213899
-0.421398 0.497266 11.353096
0.406135 -0.388632 2.336600
-0.338503 0.073952 -3.144250
-0.429390 0.106841 -3.924593
0.252176 -0.027487 0.215024
-0.413433 0.419217 3.125694
-0.484733 0.173051 3.552237
-0.181208 0.394848 -1.702413
-0.453373 0.100390 -4.050927
-0.401902 0.445720 3.984050
-0.465564 0.289520 -4.717474
-0.414843 0.491149 10.508397
-0.499912 0.125685 7.652171
-0.474241 0.183965 3.226804
-0.437699 0.494497 6.107592
-0.457378 0.113049 -3.938346
-0.482964 -0.312708 5.304044
-0.445247 -0.066325 3.091982
-0.484544 0.274222 -3.756214
-0.397920 0.467244 5.940995
-0.491460 0.457621 -2.942694
-0.463049 0.192167 -6.078905
-0.469255 -0.173284 -4.823569
-0.351170 0.426082 3.922485
-0.465785 0.062423 -5.444302
-0.494772 -0.246681 5.810667
-0.455114 0.255863 2.841215
-0.471537 0.173129 3.061069
-0.074638 0.194968 -3.589678
-0.471516 0.183378 -6.160799
-0.485191 0.438787 7.512981
-0.214819 -0.202142 0.480822
-0.495619 0.391385 -1.761609
-0.444021 -0.084196 3.100537
0.215137 -0.173786 -0.411430
-0.423685 0.477992 6.169859
-0.443680 0.369752 5.599347
-0.467000 -0.188769 -4.904615
-0.451236 0.186365 5.664825
-0.447468 0.132383 -5.240050
-0.439169 0.244297 4.286559
-0.477373 0.449999 -3.881451
-0.192369 0.245704 -2.409387
-0.381417 0.465219 3.672159
0.146122 -0.256548 5.824636
-0.359450 0.486877 7.564793
0.290441 0.148055 3.167944
0.245396 -0.063669 1.961886
-0.410318 0.455500 -5.811590
-0.470202 0.402301 -4.899332
-0.451607 0.484770 10.673285
-0.488359 -0.215415 -2.801601
-0.457671 0.477885 -4.444249
-0.496588 -0.057989 -4.761252
-0.460881 0.437106 -5.256624
-0.431818 0.432250 5.515900
0.386192 -0.058722 -5.210050
-0.470241 0.170323 -4.920634
