0.209481 0.251535 -2.437599
0.411065 -0.138217 -2.735753
0.454120 -0.446626 -1.885631
0.155873 0.408131 -2.744977
0.399687 0.241136 -1.899999
0.465886 -0.434694 -2.000611
-0.497235 0.418526 1.366053
0.160982 0.448791 -2.693264
0.190625 0.382567 -2.124864
-0.478973 0.473231 1.621340
0.401066 -0.467932 -1.463449
0.458346 -0.427340 -1.687351
0.181255 0.417535 -2.444825
0.491463 0.196856 -1.484736
0.275170 0.499536 2.875886
0.253098 0.302155 -2.102179
0.229132 0.356781 -1.002237
0.421231 0.221801 -2.131296
0.214544 0.251731 -2.674808
0.203432 0.330559 -0.739601
0.237947 0.242022 -2.299438
0.238315 0.266922 -2.565151
0.448189 -0.410809 -1.891233
0.249206 0.378646 -2.451106
0.410951 -0.480916 -1.329361
0.236400 0.271799 -2.504075
0.269132 0.299721 -2.318005
0.253499 0.348248 -1.588280
0.231551 0.255704 -2.290270
0.252982 0.245120 -2.613349
0.255357 0.292146 -2.228896
0.165676 0.392156 -2.525387
0.242033 0.314381 -0.697924
-0.429794 0.426943 1.966784
0.483751 0.158900 -1.700812
0.201843 0.339075 -1.566285
0.189269 0.361452 -2.317875
0.253579 0.379372 -2.333251
-0.468503 0.458586 1.281765
0.441182 -0.417380 -1.735864
0.481410 0.152255 -1.732075
0.467981 0.160529 -1.352203
0.409532 -0.483371 -1.501499
0.432925 -0.407012 -1.691985
0.454840 -0.432384 -1.987492
0.276687 0.463196 -3.042467
0.264456 0.295452 -2.277517
-0.456158 -0.005373 1.654921
0.290188 0.473411 -2.739851
-0.165155 -0.131503 0.501885
0.472341 0.166633 -1.418267
0.274340 0.284007 -2.306547
0.164255 0.395629 -2.850715
0.236143 0.246009 -2.329324
0.494066 0.174643 -1.493128
0.484653 0.172994 -1.592413
0.416705 -0.493105 -1.395682
-0.481252 0.461307 1.387843
-0.489913 0.385893 1.506265
-0.100226 -0.184015 0.442340
0.481920 0.170155 -1.778252
0.191666 0.329065 -0.689695
0.483929 0.163796 -1.425875
0.199730 0.336077 -1.347096
0.176370 0.371893 -2.663732
0.489581 0.151394 -1.851244
0.462350 -0.301702 -2.637966
0.466177 0.142443 -1.619407
0.432800 -0.491329 -1.257503
-0.117628 -0.130760 0.467418
0.225418 0.261294 -2.337936
0.255749 0.348471 -0.722556
-0.142931 -0.137798 0.822481
0.259696 0.328170 -1.214318
0.181750 0.405232 -2.615577
0.185523 0.374855 -2.243066
0.488877 0.167924 -1.593088
0.229671 0.276063 -2.297501
0.464149 0.246028 -1.913020
0.243741 0.374622 -2.190339
0.211995 0.238508 -2.528100
0.259291 0.363935 -2.119823
-0.481648 -0.181797 2.803398
0.164382 0.374959 -2.668135
0.229840 0.268252 -2.433663
0.096543 0.090335 -0.566184
0.463698 0.161270 -1.748851
0.264080 0.350262 -0.866411
0.413248 0.247008 -1.735563
0.414378 -0.493598 1.368234
0.446769 -0.445326 -1.932613
0.176655 0.414924 -2.750125
0.206395 0.257095 -2.555473
0.358103 0.276631 -1.920757
0.460317 0.139510 -1.616650
0.205728 0.265265 -2.363828
0.444067 0.241771 -1.815805
0.192864 0.356290 -1.923217
0.178584 0.398857 -2.532040
0.226516 -0.046973 0.049331
0.226958 0.256759 -2.671294
0.462848 0.159065 -1.587142
-0.453920 0.379179 1.876463
0.463015 0.151548 -1.835149
0.417232 0.154955 -1.512608
0.451360 0.159182 -1.634713
0.441732 -0.418682 -1.976132
0.226295 0.267923 -2.366831
0.230018 0.265190 -2.402173
0.241625 0.254632 -2.447170
0.439603 0.181716 -1.688432
0.453153 -0.434562 -1.829909
0.188645 0.361111 -2.186676
-0.472622 0.388262 1.802820
0.485810 0.186323 -1.678239
0.178485 0.318410 -0.675318
0.451562 0.155445 -1.573631
0.209836 0.266495 -2.198443
0.259512 0.322956 -0.910812
0.242321 0.360618 -2.345080
0.470021 0.173033 -1.343678
0.372449 0.266542 -2.022237
0.202789 0.263084 -2.354503
0.412850 -0.126978 -2.819058
0.467491 0.218346 -1.673849
0.215388 0.249514 -2.591838
0.443582 -0.489044 -1.316459
0.428615 -0.498487 -1.404405
0.187618 0.373708 -2.290039
0.172137 0.409812 -2.704233
0.398716 -0.495537 1.303122
0.235530 0.252514 -2.395421
0.408982 -0.478197 -1.200407
0.257471 0.281645 -2.553829
0.364799 0.273017 -2.032846
0.416605 -0.485770 -1.512474
0.174370 0.373104 -2.632321
0.468076 0.222173 -1.627625
0.174273 0.370610 -2.773861
0.430481 -0.483607 -1.343139
0.201336 0.279185 -2.194139
0.184199 0.350491 -2.444483
0.414848 0.202748 -1.668380
-0.133779 -0.122915 0.350728
0.219102 0.290379 -0.118437
-0.005136 -0.038913 -0.581816
0.358931 0.276895 -1.963287
0.234550 0.262550 -2.236823
0.154209 0.425040 -2.884719
0.222895 0.276557 -2.455332
-0.134264 -0.120112 0.597422
0.407684 -0.473463 -1.534493
0.235236 0.253768 -2.656003
0.232502 0.266447 -2.538738
0.450668 -0.416461 -1.797811
-0.128621 -0.100477 0.735846
-0.485378 0.403289 1.795374
0.191192 0.363782 -2.051774
-0.164041 -0.364650 -2.794960
-0.312463 -0.055040 1.271082
0.226089 0.272245 -2.410524
0.181306 0.399742 -2.727578
0.487521 -0.354634 -1.735255
0.408177 0.246871 -1.803146
-0.357759 -0.025793 2.163010
0.399126 -0.479918 -1.521254
0.163941 0.381168 -2.453173
0.387424 0.253032 -1.918875
0.423497 -0.491726 -1.397011
0.190640 0.376770 -2.685070
0.201772 0.283283 -2.224505
0.226085 0.276212 -2.493350
0.410584 -0.478495 -1.360097
0.479939 0.192266 -1.676753
-0.380481 -0.138224 2.100060
0.175172 0.400218 -2.897555
0.462058 -0.276885 -2.420855
-0.398448 0.455567 1.495642
0.174589 0.386335 -2.832385
0.161865 0.424627 -2.889386
0.186567 0.400851 -2.752722
0.164906 0.410778 -2.737970
0.212197 0.249553 -2.370030
-0.498058 0.393544 1.351020
0.485005 0.180945 -1.668476
-0.496264 -0.191662 2.573642
0.189858 0.376565 -2.328207
0.235105 0.258070 -2.384505
0.174819 0.438052 -2.989158
0.216638 0.246307 -2.364467
-0.100519 -0.172235 0.652616
0.159103 0.407942 -2.608268
0.455605 0.223425 -1.929307
0.483812 0.147554 -1.587975
0.438317 -0.415856 -1.746895
-0.396082 -0.009378 2.060068
-0.493760 -0.158746 2.422393
0.229367 0.275888 -2.593624
0.158999 0.396863 -2.622565
0.167781 0.402427 -2.757006
0.176898 0.382785 -2.356622
0.187482 0.390861 -2.465537
0.375577 0.265062 -1.644698
-0.488256 0.420372 1.535301
0.177716 0.462559 -2.881055
0.208727 0.255006 -2.243755
0.245439 0.245655 -2.552320
0.224289 0.279844 -2.732606
0.447631 -0.451976 -1.516407
0.235063 0.239613 -2.424609
0.259503 0.375088 -2.246839
0.474475 0.175142 -1.469539
-0.107102 -0.118673 0.630601
0.273816 0.485088 -2.999140
0.235099 0.226696 -2.339822
0.216489 0.272073 -2.472518
0.439050 0.216772 -1.867253
0.208436 0.249770 -2.309025
-0.451782 -0.496136 -0.522701
-0.115783 -0.124762 0.707646
0.230921 0.371563 -2.404633
0.430436 0.241452 -1.822400
0.462114 0.164374 -1.423980
0.237424 0.241931 -2.494869
0.224053 0.265336 -2.595295
0.232971 0.270461 -2.375681
0.229260 0.252247 -2.543440
0.180156 0.414890 -2.813826
0.429269 -0.493293 1.476125
0.209668 0.268617 -2.142197
-0.482749 0.470376 1.360225
0.234810 0.265974 -2.329440
0.112344 -0.225942 -1.364981
0.207477 0.283238 -2.156014
0.235315 0.266531 -1.994656
0.175235 0.353798 -2.942606
-0.395092 -0.132887 2.200958
0.178750 0.422390 -2.854049
0.472525 0.217169 -1.683617
0.431552 0.219857 -1.480565
-0.478477 -0.042917 -0.918641
0.467951 0.189510 -1.604494
0.187665 0.377022 -2.549342
0.042231 -0.205579 -1.347294
0.488153 0.199407 -1.551474
0.212317 0.248248 -2.167340
-0.362774 0.470386 -0.954845
0.183677 0.393227 -2.323593
0.199989 0.315282 -0.816035
-0.458572 0.447574 1.336794
0.403634 0.245802 -1.864819
0.410601 0.235983 -2.050680
0.179135 0.403037 -2.437746
0.172142 0.414658 -2.749796
0.180917 0.381838 -2.294878
0.158504 0.402835 -2.890756
-0.465897 0.464191 1.524514
0.224583 0.270603 -2.513925
0.165698 0.423156 -2.707301
0.237326 0.254181 -2.431653
0.263977 0.315161 -2.478652
-0.175543 0.047187 0.365659
0.238810 -0.045758 0.112146
0.495319 0.177572 -1.568583
0.238836 0.254371 -2.747181
-0.395699 0.004970 2.234196
0.155325 0.423724 -2.707115
-0.022573 -0.058239 -0.629712
-0.461196 0.393263 1.620925
0.246997 0.337483 -0.483367
-0.460432 -0.127949 2.099900
0.235788 0.245694 -2.526627
0.232202 0.261139 -2.252984
0.181081 0.347396 -1.435314
0.485758 0.170014 -1.604897
0.257180 0.378740 -2.261927
0.218038 0.288603 -2.249671
0.475445 0.147144 -1.549698
0.392210 -0.473647 -1.507271
0.364788 0.283690 -1.782634
0.181942 0.373026 -2.656400
-0.487417 0.410715 1.807427
0.495935 0.189889 -1.452172
0.245444 0.355460 -1.799430
0.421610 0.252263 -1.846152
0.462075 0.148496 -1.555076
0.440320 -0.433335 -1.792453
0.217012 -0.025804 -0.236775
0.153242 -0.255223 -0.435221
0.207898 0.256556 -2.346463
0.185583 0.414119 -2.782842
0.245122 0.256145 -2.254078
0.489465 0.171862 -1.834441
0.222959 0.279145 -2.154544
0.447841 -0.269974 -2.601357
0.235427 0.269959 -2.487925
0.400046 0.263983 -1.925588
0.420252 -0.480771 1.710687
0.161832 0.416928 -2.701140
0.428383 -0.474600 -1.734256
0.496149 0.149706 -1.876485
0.178193 0.402728 -2.623548
0.230794 0.258678 -2.587917
-0.387895 -0.006277 2.343314
-0.460969 0.390714 1.910777
0.457175 0.151047 -1.324239
0.474231 0.182724 -1.641034
-0.459703 0.470218 1.421193
0.248287 0.366929 -2.094263
0.488237 0.173312 -1.440057
0.233160 0.243450 -2.608932
0.448060 -0.437629 -1.573484
0.232430 0.258374 -2.587590
0.210199 0.260730 -2.306731
-0.323588 0.456639 -0.546643
0.237080 0.257188 -2.522467
-0.388355 -0.017636 2.035641
0.178597 0.417892 -2.803459
0.378715 0.268401 -2.209144
0.468691 0.216483 -1.595186
0.245258 0.357994 -2.184305
0.463661 0.162346 -1.290177
0.392080 0.283011 -1.739884
0.466762 0.230039 -1.540416
0.473385 0.188181 -1.336376
0.223915 0.286551 -2.296309
0.351613 0.293307 -1.728075
0.457614 0.158209 -1.525624
-0.378424 -0.011734 2.008008
0.259470 0.349404 -1.385293
0.258637 0.337711 -0.735057
0.497079 0.161105 -1.516328
0.237602 0.265790 -2.094699
-0.450427 0.012506 1.482185
0.222572 0.281751 -2.471076
-0.423952 -0.114463 2.152240
-0.469082 0.475372 1.200834
0.222696 0.274760 -2.520715
0.491194 0.172409 -1.534974
0.378356 0.272520 -1.773853
-0.470950 0.469629 1.554411
0.480741 -0.346515 -1.598842
0.160905 0.434188 -2.572871
0.228680 0.255234 -2.544906
0.359711 0.294713 -1.930234
0.263929 0.274565 -2.433345
0.396825 0.240838 -2.019891
-0.496592 -0.175963 0.990914
0.413943 -0.492208 1.582506
0.473403 0.157719 -1.628986
0.214094 0.278502 -2.274923
0.467120 -0.454278 -1.760921
-0.316314 0.482630 0.405959
0.486879 0.172515 -1.434250
-0.461579 0.427645 1.708453
0.210671 0.394431 -2.424966
0.184928 0.390663 -2.339206
0.193717 0.362693 -2.472183
0.203712 0.286000 -2.352814
0.416179 -0.495045 -1.560312
0.225679 0.257235 -2.392005
-0.489271 -0.198151 0.677578
-0.300503 0.463454 -0.524145
0.214911 0.252578 -2.354667
0.463251 -0.295192 -2.281695
0.222858 0.264832 -2.505858
0.481138 0.159934 -1.520975
0.189409 0.389435 -2.608368
0.228255 0.256489 -2.231957
0.215222 0.278547 -2.490905
-0.477516 0.369651 1.490598
0.209654 0.270461 -2.159401
0.120094 0.070817 -0.808573
0.224274 0.272580 -2.468408
0.157903 0.426847 -3.051791
0.215891 0.267746 -2.570366
-0.491835 0.395293 1.775101
0.210470 0.262632 -2.488297
-0.352579 -0.020176 2.044332
0.438875 -0.499805 1.333147
0.229624 0.244239 -2.362238
0.424345 0.228186 -2.068346
0.174310 0.381441 -2.311375
0.234142 0.362862 -2.380347
0.265020 0.324049 -1.496030
0.183166 0.338955 -1.753567
0.494454 0.175352 -1.546304
0.218597 0.257602 -2.487981
0.217234 0.284035 -2.297358
0.218024 0.261299 -2.463259
0.222732 0.281922 -2.302991
0.232147 0.270934 -2.289179
-0.391678 -0.013751 1.881899
0.203826 0.276180 -2.229990
0.382179 0.266532 -1.652907
-0.485269 0.442782 1.548746
0.183260 0.362771 -2.519612
0.249913 0.363435 -1.974129
0.448056 0.154023 -1.552349
0.479056 0.165249 -1.401145
