-0.457149 0.479773 0.259347
0.206159 0.347347 -3.093023
0.289339 0.334988 0.538712
-0.496571 0.498041 0.635504
-0.429094 0.488007 -3.112950
-0.006344 0.499621 -0.157202
0.453030 -0.445141 2.881080
-0.087455 0.424974 -1.010158
0.283324 0.331082 0.628550
0.395401 -0.461088 2.695525
0.018659 0.451937 0.079278
0.301095 0.317947 0.698873
-0.499050 0.492282 2.935975
0.483220 -0.140060 2.407688
-0.496427 0.497692 -0.665848
-0.234585 -0.130979 2.271986
-0.263591 -0.126364 2.388212
-0.471678 0.479426 2.742289
0.428861 -0.136368 0.552464
-0.473928 0.499193 2.812579
-0.457375 0.492410 0.121011
-0.427355 0.419044 1.053164
0.001548 0.431774 -0.462138
-0.270980 -0.162585 2.198313
0.292808 0.314573 0.725762
-0.459618 0.481124 0.101737
-0.240887 -0.125480 2.506341
-0.162224 -0.013618 2.714301
-0.474281 0.494103 3.023543
0.476539 0.091313 -1.473800
-0.269773 -0.136419 2.367823
-0.455600 0.481364 0.550868
-0.170669 -0.022127 2.674712
0.417388 -0.470344 3.030602
0.288275 0.344387 0.844245
-0.456682 0.476266 0.259387
-0.491676 0.498295 -0.642897
-0.266320 -0.140503 2.171620
0.412701 -0.469080 2.890978
0.032859 0.443163 -0.674724
-0.448038 0.478312 0.400207
-0.476910 0.493760 2.786988
0.128103 -0.025932 1.367001
0.484988 -0.239427 2.279427
0.299667 0.308427 1.080390
0.070099 -0.006741 1.327498
-0.167657 -0.006561 2.643123
-0.236383 0.370580 -1.861340
-0.446804 0.491293 0.386287
0.300817 0.302721 0.688106
-0.484787 0.477701 2.751331
-0.231690 -0.112801 2.561957
0.493038 0.127447 -1.752638
-0.469464 0.475859 0.097673
0.490632 0.125165 -1.692040
-0.466802 0.499794 -0.436361
0.259186 0.341974 0.895011
0.402555 -0.480586 -2.671566
0.440075 -0.483114 3.083800
-0.013216 -0.061573 1.574337
0.159825 0.472188 2.793821
-0.452701 0.495613 0.480341
0.284831 0.317337 0.855588
0.040551 0.494872 -0.099525
-0.492263 0.497039 0.821524
0.284417 0.337281 0.612721
0.082024 -0.248225 1.960265
-0.001763 0.494226 -0.124325
0.261745 0.347959 0.942011
-0.220767 0.442181 -1.312413
-0.475111 0.482752 2.956852
-0.275351 -0.164832 2.485441
-0.499361 0.497400 0.353995
-0.260305 -0.131057 2.289572
-0.450764 0.486843 0.584327
-0.437918 0.445409 1.456876
0.497848 -0.160462 2.203405
-0.468012 0.489700 0.098364
0.280165 0.321552 0.667436
-0.298064 -0.148398 2.203644
-0.478809 0.420033 1.173773
-0.167952 -0.020926 2.755098
0.493187 -0.222814 2.597212
0.493224 0.132185 -1.675439
0.047663 0.457685 0.095426
-0.183016 -0.021363 2.768076
-0.462440 0.476251 0.275030
-0.206816 -0.106689 2.183779
0.470024 0.180371 -1.510438
0.268849 0.344157 0.904225
-0.006215 0.453352 -0.296490
0.467686 0.134244 -1.712362
0.479486 0.123882 -1.723123
0.160498 0.442582 3.130568
0.488982 -0.183667 1.224505
0.456615 0.180552 -1.453139
0.298720 0.315125 0.715381
-0.472373 0.491844 3.014157
-0.465126 0.452028 0.177385
-0.442758 -0.318148 -2.962176
0.436152 -0.064832 -1.157633
0.406477 -0.093089 -1.285581
0.406623 -0.482765 3.025673
0.457663 -0.199183 1.364718
0.493476 -0.151648 0.747673
0.498543 -0.165146 0.904783
0.422397 -0.089454 -1.012482
-0.447322 0.482064 0.373675
0.480083 0.133814 -1.400820
0.432949 -0.114385 1.025409
0.497030 -0.204772 1.405938
0.307404 0.301652 0.752593
0.472562 -0.184193 1.202349
0.441823 -0.488146 2.883391
0.477679 -0.178892 1.389074
-0.339644 0.389609 -2.364602
0.300538 0.316169 0.627374
0.438294 -0.065001 -1.096726
-0.258317 -0.113061 2.348638
-0.220993 -0.130847 2.199174
-0.483539 0.479457 2.404115
-0.461552 0.462485 0.087290
0.499301 0.181226 -1.492763
-0.018866 0.087360 2.332012
0.275930 0.327191 0.636691
0.039651 0.468117 0.334658
0.141841 -0.013924 1.352872
0.277016 0.330218 0.710452
0.017098 0.488526 -0.041235
-0.014290 0.444530 -0.146989
0.144758 -0.011933 1.602694
0.488018 0.117551 -1.601275
0.118147 -0.012982 1.499194
-0.238531 -0.112039 2.229295
0.066542 -0.001140 1.604695
0.145326 -0.021902 1.471603
-0.470356 0.496604 3.105631
0.478634 0.115089 -1.810577
-0.473995 0.490295 3.125076
0.307241 0.302767 0.788803
0.461514 -0.134325 0.983240
-0.496926 0.496090 -0.438520
-0.459417 0.465664 0.048947
-0.139598 0.337512 -2.007869
-0.321959 0.399996 -2.271279
-0.243238 -0.142505 2.551532
-0.460263 0.491097 3.005142
-0.472662 0.435956 0.203925
0.450426 0.090245 -1.698917
0.035989 0.490682 -0.240972
-0.221864 0.363016 -1.672054
0.125768 -0.028302 1.539915
-0.457693 0.494770 0.491642
-0.454444 0.494920 0.302952
-0.456833 -0.332985 -2.967730
-0.223379 0.363713 -1.768961
0.120911 -0.271300 -2.556472
0.482159 -0.327933 1.405136
0.323722 0.176539 -0.938381
-0.482303 0.461897 2.884418
-0.418555 0.494831 -3.109915
-0.445838 0.486594 0.116334
-0.455155 -0.317330 -2.875776
-0.489533 0.486533 2.705650
0.134187 -0.326836 -2.317251
0.095834 0.011900 1.481716
-0.436169 0.488420 -2.988555
0.282119 0.318227 0.880925
0.316209 0.327693 0.951657
0.304612 0.298639 0.596866
0.469970 0.169591 -1.420987
-0.444672 0.479473 0.273930
0.164343 -0.022201 1.651903
0.281234 0.348144 0.875832
-0.228760 0.382133 -1.601018
-0.495940 0.482639 2.985577
-0.459131 -0.305966 -2.794205
0.409420 -0.480649 2.725553
-0.463431 0.491538 0.238740
-0.474562 0.499803 2.856769
-0.464007 0.482322 0.066719
-0.498247 0.484836 2.865835
-0.463074 0.492929 0.172645
0.439056 -0.477215 2.743982
0.477757 -0.173315 1.261229
0.410633 0.152482 -2.041389
-0.468133 0.478263 0.276204
-0.463782 0.440800 0.144553
-0.446569 0.495374 -3.100820
0.481322 -0.155347 0.892473
0.007541 -0.042600 1.773854
0.493037 -0.149540 0.809532
-0.458383 0.468819 -0.020769
-0.493984 0.406073 1.832371
0.310654 0.336124 0.639007
-0.091801 0.389745 -1.489440
0.390907 0.163002 -1.738150
-0.466394 0.499685 0.437399
-0.451572 0.410659 0.536668
0.301328 0.304748 0.624963
0.492297 -0.157006 0.837676
-0.412864 0.487055 -3.062348
0.276065 0.346279 0.617738
-0.477044 0.493256 2.854943
0.476300 0.037114 -1.454567
0.171199 0.464413 -2.934782
0.478746 -0.194844 1.967777
0.290186 0.333125 0.695008
0.313136 0.335738 0.644871
0.206756 0.423875 -3.059027
-0.282657 -0.122487 2.613688
-0.468546 0.492451 -0.129912
0.470805 -0.435496 2.183260
0.492975 0.148979 -1.386283
0.431496 -0.059477 -0.915465
-0.475805 0.462845 2.894704
-0.429978 0.495140 -3.067744
0.499656 -0.159589 0.957311
-0.482050 0.493021 2.710480
0.455187 -0.448600 2.545399
-0.261458 -0.149193 2.436612
-0.498661 0.496472 0.912278
-0.450180 0.434240 0.121317
-0.471708 0.490695 2.946546
-0.473976 0.496299 3.079487
-0.425615 0.435210 1.373228
-0.476285 0.493389 2.708913
0.498588 0.118108 -1.610325
0.171606 0.467479 3.088536
0.471485 0.142969 -1.675098
0.403051 -0.465017 3.090492
0.266621 0.330704 0.650776
-0.498613 0.493915 0.445642
-0.470696 0.470381 0.203544
-0.272187 -0.143844 2.215568
0.432678 -0.068517 -1.241327
-0.221467 0.366491 -1.936387
0.448307 -0.068464 -0.960310
-0.450214 0.495696 -2.998592
0.499438 0.022311 -1.621810
0.472607 -0.494639 -2.695993
-0.454732 0.493135 -3.137794
-0.037622 0.433388 -0.627548
0.304128 0.324394 0.886902
0.488499 0.023950 -1.330083
0.030744 0.452636 0.196227
0.327092 -0.258261 -0.547989
0.486800 0.148495 -1.643898
-0.470557 0.469242 -3.108866
0.411717 -0.335639 2.757433
-0.446672 0.488556 0.256309
0.279039 0.335411 0.961318
-0.451187 0.479040 0.329377
-0.461441 0.459531 0.161582
-0.472594 0.460965 2.829682
0.492948 -0.163186 0.935666
0.416986 -0.460012 2.967960
0.487691 0.152966 -1.550614
0.007886 0.497651 0.032833
0.487362 0.163605 -1.489291
-0.252872 -0.146719 2.114420
0.154388 -0.339352 -2.463529
0.171007 0.380343 -2.788895
0.474695 0.107224 -1.478635
0.313516 0.313713 0.909388
-0.094774 0.397322 -1.153824
0.429714 -0.106350 0.937377
-0.261575 -0.136212 2.151370
0.418435 -0.486905 2.976280
-0.332938 0.396039 -2.198988
0.363157 -0.199455 -0.894035
0.482248 0.022301 -1.421767
0.030817 -0.007912 1.636355
0.436185 -0.088235 -1.041041
-0.498001 0.458847 0.272616
-0.269342 -0.134956 2.413100
-0.447214 0.443384 1.598173
0.479092 -0.175444 1.404908
0.105263 -0.013655 1.506300
0.480625 -0.149935 2.232210
-0.454688 0.476844 0.600245
0.398856 -0.481075 2.418192
-0.457712 0.492679 -3.095699
-0.284671 -0.154881 2.399836
0.315308 0.302622 0.425679
0.486526 0.037693 -1.471713
0.461170 -0.126696 0.797322
-0.435650 -0.311359 -2.850954
0.190809 0.349708 -3.049113
0.499031 -0.156409 2.145949
0.311089 0.305475 0.896680
0.292268 0.321602 0.904058
-0.459202 0.496581 -0.176087
0.294916 0.311625 0.800406
-0.183738 -0.485864 -0.380700
-0.000631 0.423957 -0.327800
0.313618 0.322775 0.632328
0.306342 0.328481 0.825360
-0.465161 0.498369 0.140351
0.144880 0.487984 2.803661
0.475076 -0.135246 2.271444
0.489785 0.174117 -1.547190
-0.460557 0.482776 0.157893
-0.122948 0.016652 -2.476572
-0.482162 0.494050 2.814488
-0.458654 0.489557 0.120412
-0.433252 0.395722 0.909034
0.427313 -0.475413 2.894809
0.475770 -0.439416 2.239287
-0.477292 0.486135 2.769930
-0.460315 0.498789 0.430694
0.481640 0.016062 -1.700159
0.481817 -0.206447 0.912048
-0.469374 0.467148 0.269403
0.477817 -0.436767 2.374287
0.487479 0.116655 -1.487868
-0.079812 0.392757 -1.121803
0.325329 0.305677 1.043540
0.283957 0.334804 0.659708
0.314763 0.325824 0.455216
-0.254564 -0.153057 2.196720
0.473352 -0.141534 2.038810
-0.446300 0.499109 3.124405
-0.461987 0.490031 -3.089969
-0.452567 0.471786 -3.088808
0.011483 -0.025333 1.521060
-0.443958 0.499119 2.811121
-0.480948 0.495031 2.871370
-0.093900 0.397736 -1.355567
-0.272280 -0.155716 2.446241
-0.199044 -0.100526 2.304650
0.497299 -0.169670 2.165051
-0.285496 -0.131805 2.438534
-0.223610 0.371371 -1.723770
-0.494656 0.483464 2.856991
0.486892 -0.442418 0.903195
0.405462 -0.466744 2.577239
-0.466059 0.487980 0.359028
-0.006029 0.457589 -0.232645
0.423457 -0.100702 0.773807
0.433958 -0.310350 2.877738
-0.404849 -0.388726 -2.338927
0.429993 -0.069998 -0.766772
-0.460272 0.480087 0.329754
0.497272 -0.150639 2.463834
-0.229381 -0.112724 2.356996
-0.447585 0.481338 0.187586
0.258373 0.154073 -0.956426
0.270565 0.336265 0.577896
-0.456941 0.491428 0.350005
0.422574 -0.081740 -1.208312
0.006805 0.439851 -0.152307
-0.468867 -0.311197 -2.462973
0.275076 0.339644 0.905171
0.422266 -0.481066 2.873492
-0.270966 -0.159503 2.282087
0.442150 -0.081892 -1.106621
0.494704 0.101034 -1.423125
0.477578 -0.163893 2.232568
0.157479 0.489438 3.123453
-0.459720 0.477490 0.195717
0.401087 0.164660 -1.914014
0.459635 -0.433541 2.013977
0.278445 0.345604 0.824959
0.324836 0.308285 0.757736
-0.464936 0.489221 -3.019383
0.004882 0.490447 -0.132816
-0.453974 0.450384 0.370260
-0.013696 0.423339 -0.863693
-0.469224 0.468346 0.213678
0.423780 -0.480711 -3.109434
0.452315 -0.080512 -1.202597
-0.156816 -0.042961 2.510742
0.471089 0.122141 -1.455365
-0.467268 0.495426 0.128175
-0.471320 0.486627 2.849003
0.010335 -0.051116 1.535899
0.487693 -0.144727 2.063495
-0.217057 0.368572 -1.684973
0.141792 -0.002716 1.456156
0.260372 0.328522 0.602481
-0.459173 0.496202 -3.135035
-0.494194 0.495704 2.682468
-0.293720 -0.158114 2.318273
-0.249875 -0.141236 2.364905
-0.459341 0.480067 0.361443
-0.467767 0.414232 0.576080
0.307265 0.290181 0.740607
0.282528 0.331403 0.695428
-0.442229 0.493299 0.348450
-0.451176 0.496775 -0.598141
-0.481409 0.490208 2.919553
-0.094668 0.397467 -0.956929
0.499908 0.119039 -1.708696
0.493320 -0.185420 0.967434
0.420704 -0.481658 2.788245
-0.469743 0.498984 -0.118649
-0.257518 -0.165725 2.343011
0.059728 0.012988 1.704382
-0.433348 0.427715 1.196530
