-0.300211 0.495202 0.182862
-0.299717 0.496261 0.022410
-0.397449 0.454338 -0.255221
-0.364975 0.163357 0.474311
-0.327286 0.486498 0.056315
0.480733 0.072829 -1.696412
-0.352673 0.153659 0.812614
-0.308335 0.492543 -0.199677
0.495391 0.101637 -1.827042
-0.425127 0.155599 0.758791
0.060596 0.259063 -2.339170
-0.465451 0.192836 -2.874409
-0.325721 0.488241 -0.097078
0.026686 0.130265 -2.773049
-0.317363 0.488754 -0.041271
0.024291 0.139374 -2.685601
-0.311412 0.487907 -0.139728
-0.310007 0.474500 -0.097695
-0.323690 0.494300 0.114345
-0.039398 0.277444 -2.741842
-0.316909 0.492674 0.012047
-0.313563 0.498836 -0.314390
0.405456 0.041720 -1.826817
0.418423 0.005417 -2.035378
-0.449242 0.457090 0.334678
-0.487774 0.197452 -0.585871
0.008898 0.264165 -2.552733
-0.328059 0.485478 -0.114320
0.284838 0.183226 -2.619988
0.495593 0.087952 -1.227046
0.252547 0.233759 -2.165488
-0.480974 0.168078 2.719141
0.487275 0.075439 -1.423363
-0.045971 0.351990 -2.661514
-0.483552 0.175698 -0.094117
-0.308587 0.493536 -0.180555
-0.482053 0.149170 0.249656
-0.325858 0.475113 0.030410
0.006431 0.190792 -2.514676
0.237252 0.234848 -2.139018
-0.301523 0.489067 0.271050
0.264999 0.213429 -2.159185
-0.315041 0.482222 0.107975
-0.492309 0.174117 -0.177257
-0.309062 0.499931 0.024886
0.273302 0.206156 -2.284445
0.240472 0.240716 -2.064845
-0.391062 0.465117 -0.166588
-0.428046 0.408044 -0.476711
-0.317780 0.497764 0.359035
-0.485843 0.148832 2.221660
-0.044766 0.349468 -2.600810
-0.445199 0.425539 -0.614212
-0.310035 0.491889 -0.025735
-0.441423 0.166778 1.780028
-0.429453 0.499954 -0.031416
-0.470816 0.172087 -0.163682
-0.310025 0.494765 0.198004
-0.328614 0.480580 0.114709
-0.444647 0.425755 -0.519206
-0.378807 0.471135 -0.292073
0.001940 0.280286 -2.739240
0.466655 0.072341 -1.505564
-0.014467 0.173176 -2.797691
-0.016767 0.271874 -2.574210
-0.312916 0.490695 -0.147318
-0.051183 0.355676 -2.529336
0.469464 0.114679 -1.302501
-0.496760 0.165573 2.840704
-0.406179 0.422045 -0.433467
-0.314491 0.487963 -0.079415
-0.071827 0.377296 -2.507070
-0.312903 0.498299 -0.242708
0.377503 0.055068 -2.051452
-0.312073 0.496937 0.078324
0.016395 0.150506 -2.722360
-0.051922 0.372919 -2.581161
-0.394429 0.162270 1.533819
0.454269 0.119410 -1.330372
0.488486 0.076011 -1.432934
-0.061514 0.388919 -2.679556
0.274365 0.194967 -2.259624
-0.446969 0.404701 -0.551995
-0.014166 0.422304 -2.970799
-0.389802 0.433775 -0.378558
0.400993 0.014775 -1.700092
-0.473188 0.370560 2.486517
-0.472217 0.184730 -2.555043
-0.312142 0.499399 0.090787
-0.312539 0.488503 -0.134408
-0.312789 0.487106 0.033354
-0.009755 0.435458 -2.992513
-0.326194 0.496753 0.071622
0.424079 0.069326 -1.926920
-0.479088 0.180082 -0.260656
-0.314654 0.488537 -0.267948
-0.323283 0.495227 -0.190846
-0.311684 0.499342 0.049492
-0.361043 0.475239 -0.064530
-0.440977 0.498819 -0.140356
-0.325682 0.491844 -0.153935
-0.434545 0.494479 -0.047495
-0.322082 0.493055 0.133441
0.499940 0.083774 -1.357796
-0.377761 0.443403 -0.368890
-0.426849 0.491779 -0.091087
-0.477766 0.168726 -0.339937
0.493006 0.093737 -1.440876
-0.321204 0.484787 -0.062264
0.493315 0.083855 -1.454109
-0.473992 0.204554 -0.569537
-0.434728 0.473435 0.141078
-0.424885 0.418336 -0.504109
0.499464 0.116277 -1.410094
-0.313153 0.485203 -0.166159
-0.466795 0.403259 -0.507049
-0.320180 0.486713 0.350303
-0.453663 0.414466 -0.702717
-0.315237 0.494391 0.003625
0.266433 0.200340 -2.416625
0.477005 0.112831 -1.400962
-0.036832 0.313262 -2.530989
0.080200 0.280059 -2.443645
-0.402558 0.474199 -0.069100
-0.337213 0.491876 0.070718
-0.324633 0.483546 0.234134
-0.308399 0.498976 0.192919
0.424965 0.003627 -1.650668
-0.315351 0.482506 0.051446
-0.400086 0.155605 0.962309
-0.486439 0.160809 -0.132758
-0.316101 0.486597 -0.090987
-0.419326 0.417587 -0.518347
-0.432375 0.422619 -0.227660
-0.312283 0.497316 0.044998
0.424766 -0.007156 -1.672786
-0.431126 0.408309 -0.263178
-0.458612 0.486379 -0.201204
-0.307366 0.498343 -0.215786
-0.010396 0.289673 -2.603997
0.031797 0.255005 -2.413530
0.397509 -0.017658 -1.769972
-0.495765 0.192133 -0.701528
0.019782 0.182410 -2.669311
0.499848 0.100818 -1.603067
0.269267 0.199024 -2.247335
0.496814 0.099281 -1.696530
-0.329692 0.493127 -0.049597
-0.359451 0.480979 -0.313120
-0.317492 0.499782 0.224499
0.480385 0.084324 -1.488107
0.495217 0.073479 -1.517592
-0.324603 0.492837 -0.034716
-0.411753 0.493148 0.144803
-0.011320 0.275741 -2.644344
0.274746 0.211911 -2.087171
-0.344086 0.162051 0.616278
-0.434966 0.485824 0.130159
-0.304991 0.496308 -0.288336
-0.443701 0.421348 -0.348828
-0.316294 0.483189 0.218284
0.025263 0.170996 -2.460846
-0.318907 0.481252 -0.087042
0.486111 0.124888 -1.664215
-0.310395 0.499572 -0.193803
-0.315996 0.484432 0.133269
0.485753 0.091781 -1.726925
-0.430302 0.429615 -0.500126
-0.344902 0.176953 0.443894
-0.069949 0.366812 -2.890909
-0.407940 0.447626 -0.277353
0.483175 0.059590 -1.511405
0.022094 0.162442 -2.767983
0.428927 -0.010952 -1.781365
0.499213 0.081585 -1.311164
0.004623 0.138311 -2.770653
-0.315793 0.495860 -0.063001
-0.312869 0.495401 -0.174191
-0.307641 0.498794 -0.167700
-0.499657 0.177052 3.066079
-0.320927 0.495031 0.162819
0.031670 0.136589 -2.682419
0.395627 0.051547 -1.947094
0.422267 -0.009931 -1.929360
-0.319315 0.497643 0.035976
0.491050 0.088338 -1.539412
-0.426578 0.493037 -0.058896
0.428926 0.035791 -1.725961
-0.369572 0.469182 -0.150271
0.035463 0.160059 -2.282927
-0.345778 0.167386 0.312504
-0.339352 0.496556 0.117960
-0.304481 0.489550 0.117483
-0.407622 0.440480 -0.393685
-0.332986 0.489532 0.080177
-0.499600 0.184519 -0.175256
-0.327168 0.488783 0.145328
-0.413680 0.431307 -0.330159
0.267923 0.190971 -2.226645
0.494700 0.083966 -1.414469
0.017182 0.137631 -2.679019
0.493131 0.075427 -1.637526
-0.005948 0.396612 -2.947112
-0.327254 0.490098 -0.070525
0.467757 0.110890 -1.341359
-0.481801 0.195461 -0.613133
0.032676 0.254731 -2.354691
-0.309962 0.484520 0.035783
-0.242478 0.371650 2.428875
0.473641 0.129392 -1.317109
-0.324604 0.497464 0.167192
0.483068 0.135857 -1.273200
-0.313953 0.497887 -0.017763
0.021512 0.160412 -2.823703
0.385870 0.005882 -1.812948
-0.059131 0.389514 -2.886280
-0.352469 0.483386 -0.294676
-0.305562 0.498569 -0.058432
-0.395203 0.493819 -0.100235
0.430726 0.023823 -1.593521
-0.457420 0.181199 -2.755079
-0.316734 0.494612 0.039654
-0.390969 0.130704 1.388734
0.245560 0.210757 -2.290743
0.499559 0.097321 -1.463555
-0.325026 0.493446 0.141160
-0.498365 0.152799 0.296286
-0.014374 0.280752 -2.775895
0.491937 0.098446 -1.429118
-0.324754 0.498499 0.307613
-0.422579 0.175651 1.683332
-0.379385 0.171546 0.852096
-0.041134 0.383363 -2.728294
0.019434 0.139549 -2.693000
-0.299707 0.484034 0.014435
0.491601 0.072896 -1.643024
0.026877 0.164745 -2.648845
-0.445285 0.409081 -0.476471
0.106057 0.282018 -2.661125
-0.357662 0.483720 -0.144736
0.418954 -0.015672 -1.513347
-0.318023 0.491275 -0.185748
-0.309771 0.498846 -0.175388
0.496789 0.089200 -1.599368
-0.325972 0.496182 0.091771
0.292681 0.173807 -2.443827
-0.427455 0.418858 -0.373218
-0.426970 0.420377 -0.391993
-0.307882 0.489296 0.117836
-0.384270 0.339174 1.307854
-0.311618 0.493963 0.006898
0.266959 0.184774 -2.358641
-0.305735 0.492505 -0.235318
-0.307381 0.499530 -0.003078
-0.327606 0.489039 0.064321
-0.321502 0.495994 0.392048
-0.329781 0.490222 -0.190187
-0.314393 0.489069 -0.110795
-0.324073 0.477224 -0.002114
0.414208 0.002404 -1.900879
-0.320600 0.485637 0.038445
-0.311756 0.490768 -0.029027
-0.332354 0.162960 0.589988
-0.488755 0.199085 -3.099865
-0.433925 0.154965 1.537460
-0.491598 0.134492 2.197264
-0.422762 0.164322 1.180729
0.046127 0.250312 -2.551787
-0.309081 -0.113064 0.670190
0.020238 0.240330 -2.093802
-0.466520 0.188653 -2.603433
0.489435 0.097291 -1.506443
0.498177 0.072658 -1.728347
0.069413 0.185285 -2.076329
-0.063990 0.360064 -2.867624
0.406085 0.000914 -1.654210
-0.461228 0.192810 2.943553
0.497348 0.082954 -1.449994
-0.316140 0.492204 0.214847
-0.327541 0.484046 -0.071993
-0.315221 0.497641 -0.212803
-0.057790 0.426845 -2.750832
-0.039081 0.293006 -2.736873
-0.316246 0.490994 0.037962
-0.444679 0.429457 -0.675274
-0.499965 0.164414 1.434342
-0.496718 0.154593 2.799687
-0.445242 0.210485 -2.568144
0.487043 0.088720 -1.651630
-0.302860 0.497635 -0.159810
0.249699 0.228045 -2.199642
-0.321740 0.496090 0.145902
-0.337864 0.498059 -0.090265
-0.318250 0.497771 -0.272152
-0.315771 0.476150 -0.007358
-0.314682 0.490837 0.096666
0.416511 0.025827 -1.853060
-0.070697 0.379717 -2.955540
-0.315997 0.480048 -0.177500
0.498745 0.085241 -1.553798
-0.413218 0.416716 -0.398994
0.048674 0.292984 -2.563533
0.488977 0.085510 -1.577302
-0.347657 0.157679 0.568050
0.398096 0.019700 -1.649282
-0.315785 0.478962 0.098528
-0.062610 0.364505 -2.785413
-0.416481 0.469551 -0.239777
-0.307365 0.497107 0.200626
-0.448883 0.401312 -0.492602
-0.315712 0.497710 -0.015114
-0.424273 0.494761 -0.082174
-0.462121 0.407736 -0.483987
-0.045045 0.354904 -2.792325
-0.045812 0.275468 -2.639793
-0.464416 0.171905 2.715766
-0.471290 0.180685 -0.335960
-0.465335 0.204788 -2.924407
-0.460133 0.163263 1.870642
-0.044340 0.304193 -2.799156
-0.478614 0.152669 2.477531
0.146855 0.451244 -3.131036
-0.456200 0.481545 -0.096258
0.420079 0.002573 -1.652296
-0.328119 0.499947 0.197573
-0.308371 0.489450 -0.229008
0.413117 0.018726 -1.730055
-0.311644 0.491268 0.192667
0.496954 0.072535 -1.453753
0.019174 0.127619 -2.483691
-0.326920 0.479931 0.120148
-0.456490 0.177895 -2.922361
0.499395 0.085492 -1.660708
-0.489772 0.199103 -0.686482
-0.431471 0.438708 -0.622437
-0.482696 0.175768 -0.337264
-0.480048 0.173746 -0.151691
-0.312077 0.487053 0.049713
0.051692 0.255054 -2.619622
-0.306514 0.499308 0.150039
0.026781 0.116922 -2.736865
-0.442564 0.424431 -0.653858
-0.321335 0.493847 0.073211
0.432565 0.021527 -1.638437
-0.323047 0.498034 0.119333
-0.335962 0.492682 -0.049279
-0.450147 0.495202 -0.158654
-0.419143 0.496971 0.127274
0.494524 0.123729 -1.580414
0.024040 0.154379 -2.558656
0.059523 0.298134 -2.576256
-0.311340 0.494664 0.112645
-0.310547 0.494730 -0.018555
-0.322169 0.492830 0.076000
-0.253301 0.408601 2.423259
-0.414726 0.475789 0.046579
0.463843 0.079539 -1.739982
-0.335236 0.498059 -0.038929
-0.318814 0.487343 -0.023767
-0.415086 0.354290 1.316592
-0.000374 0.301323 -2.568693
-0.378902 0.327212 2.635143
-0.489605 0.226333 -1.615517
0.431976 0.065458 -2.107494
-0.320933 0.485984 0.096734
-0.324668 0.489200 0.028108
-0.313649 0.491748 0.114588
0.478519 0.087392 -1.245335
-0.256935 0.396560 2.250472
0.222196 0.329452 -2.416180
0.436802 -0.020677 -1.977883
-0.329218 0.481437 0.194657
-0.370200 0.479587 -0.191411
-0.310786 0.482441 -0.194097
-0.311448 0.486859 0.082368
-0.318739 0.491031 -0.040240
-0.440820 0.191647 2.651350
0.263591 0.199979 -2.259520
-0.299632 0.483862 0.224234
-0.308038 0.494629 0.066406
-0.458431 0.196366 2.689843
0.497444 0.076370 -1.560499
-0.305867 0.489296 0.202591
-0.449965 0.488988 0.009332
-0.457913 0.194658 2.509934
-0.445621 0.413134 -0.501602
-0.309675 0.498595 -0.034275
-0.300319 0.492366 0.415349
0.407312 0.001171 -1.763607
-0.314542 0.489529 -0.162826
-0.330284 0.494011 0.333707
0.417807 0.005491 -1.955741
0.492828 0.082234 -1.286561
0.207806 0.355886 -2.576995
-0.020221 0.258348 -2.604730
-0.330523 0.488281 0.135971
-0.489181 0.429498 -2.308290
-0.330127 0.487409 -0.105106
-0.331731 0.481110 -0.097621
0.025164 0.298740 -2.839838
