0.146997 0.002031 3.032783
0.278310 0.119268 2.776710
0.056838 0.041329 2.827422
0.236651 0.152135 2.759543
0.240817 0.077665 2.837553
0.005050 -0.001322 2.704904
0.067264 -0.016472 2.826545
0.026448 -0.007632 2.650411
0.241480 -0.075642 3.144250
0.195164 0.109356 2.768061
0.252595 0.149247 2.930450
0.225099 0.037159 3.048525
0.018037 0.075974 2.677613
0.174400 0.114657 2.833819
0.286663 0.132321 2.629280
0.279283 0.145766 2.527224
0.269698 0.136631 2.637524
0.372549 0.178625 2.838909
0.206914 0.083166 3.067729
0.283495 0.184980 2.736889
0.257424 0.025363 2.811704
0.268214 0.288409 2.636368
0.086020 0.027099 2.682064
0.173999 0.079106 2.790118
0.122852 0.039372 3.006728
0.043132 0.044559 2.728107
0.236867 0.030526 2.885526
0.172382 0.074294 2.959298
0.219205 0.019604 2.903618
0.044428 0.030065 2.766685
0.237257 0.097584 2.779985
0.179607 0.008936 2.912177
0.102708 0.030988 2.937365
0.237283 -0.024747 3.017905
-0.021039 0.009919 2.746260
-0.115571 -0.053733 2.805392
0.057113 -0.013828 2.838397
0.318242 0.046893 2.712155
-0.012808 0.015262 2.777609
0.146594 0.045413 3.014225
0.086952 0.068378 2.751273
0.106812 0.036913 3.034120
0.211311 0.050743 2.625387
0.226637 0.199529 2.706925
0.104469 0.047635 2.837714
0.285277 -0.045267 2.680254
0.261245 0.078899 2.989529
0.208193 -0.018078 2.793277
0.014473 -0.000646 2.746831
-0.063888 -0.062285 2.641726
0.152177 0.041987 2.833469
0.135971 0.081419 2.582597
0.255159 0.079787 2.807970
0.242862 0.118344 3.051264
0.459861 0.272093 1.929706
0.094452 0.065973 2.794814
0.260093 0.110455 2.852396
0.095748 0.048406 2.585288
-0.006331 -0.012487 2.803297
0.139891 0.039737 2.488119
0.026937 -0.024668 3.143683
0.361970 0.173396 2.602746
0.260140 0.175890 2.788756
0.005057 -0.024429 2.691492
0.319391 -0.013148 3.052748
0.191356 0.076836 2.979407
0.209653 0.104884 2.713679
-0.096272 -0.065081 2.773069
0.250164 0.117853 2.863925
0.207177 0.098478 2.677794
0.263172 0.180348 2.666148
0.308462 -0.012441 3.054389
0.178962 0.098316 2.837014
0.260748 0.146614 2.715985
0.239759 0.020825 2.831387
0.216287 0.055541 2.548287
0.278851 0.092307 3.027533
0.284854 0.129893 2.658155
-0.011582 -0.017958 2.805248
0.181318 0.022163 2.599947
0.267216 0.094771 2.929586
