-0.200373 -0.261508 1.866219
0.021691 -0.269226 1.649031
0.210106 0.150652 1.435418
-0.087100 -0.224409 1.458354
-0.029794 -0.283095 1.471467
-0.235205 -0.167213 1.499714
-0.081010 -0.258090 1.487638
0.072729 0.149893 1.480786
-0.005101 -0.284035 1.685948
0.449273 0.274535 1.423878
-0.093462 -0.326105 1.573904
-0.039628 -0.221398 1.343070
-0.113691 -0.269348 1.536224
0.236321 0.287414 1.393056
-0.049341 0.163893 1.954516
-0.091929 -0.284647 1.389273
-0.237884 -0.251556 1.904186
-0.222698 -0.183117 1.780653
-0.055567 -0.176361 1.328838
-0.132784 -0.265673 1.503419
0.246045 0.186338 1.419506
-0.023674 -0.287723 1.600812
0.082963 -0.384798 1.708107
-0.081551 -0.303864 1.695386
-0.102248 -0.183326 1.593947
0.158634 -0.389525 1.362045
-0.059758 -0.237233 1.663317
0.153514 0.219396 1.782024
-0.035209 -0.268501 1.720750
-0.128803 -0.298582 1.271725
-0.090124 -0.323393 1.272652
0.236963 0.260509 1.382268
-0.119462 -0.298181 1.322855
-0.225607 -0.259496 1.645932
-0.150803 -0.276916 1.412205
-0.020470 -0.282305 1.710633
0.113492 0.265693 1.255642
-0.039829 -0.340059 1.536394
-0.061707 -0.216977 1.439173
-0.006189 -0.281454 1.604982
-0.210901 -0.230543 1.687749
-0.060976 -0.290736 1.653086
-0.063033 -0.238206 1.383493
0.196357 0.194217 1.411303
-0.031649 -0.289929 1.675038
0.284286 0.297317 1.386650
0.171682 0.234933 1.344964
-0.167031 -0.236204 1.814362
0.419352 0.258753 1.559607
-0.161195 -0.220647 1.734156
-0.086827 -0.220840 1.690096
-0.079333 -0.170294 1.490997
0.206644 0.203571 1.520208
0.294168 0.214636 1.551908
-0.184702 -0.153179 1.708985
-0.060872 -0.239962 1.520399
0.133215 -0.437519 1.242219
-0.004869 -0.271596 1.453578
-0.044753 -0.258668 1.327687
0.309266 0.283776 1.311938
-0.065147 -0.186384 1.531414
-0.273721 -0.203664 1.722660
0.317382 0.300190 1.507258
-0.123619 -0.336274 1.851041
0.245373 0.277376 1.456894
-0.158697 -0.201675 1.580791
-0.010942 -0.243715 1.478063
0.265644 0.216983 1.139227
-0.141536 -0.253810 1.528658
-0.104998 -0.246376 1.541116
-0.025000 -0.238562 1.680967
-0.186857 -0.216601 1.553343
-0.070239 -0.303431 1.392636
-0.173467 -0.257004 1.652908
0.111185 0.232292 1.136876
0.143432 0.219821 1.337378
-0.201004 -0.159230 1.883548
-0.208705 -0.143523 1.647274
0.222538 0.481733 1.858149
-0.073184 -0.294438 1.649481
0.383848 -0.436261 1.560711
-0.084489 -0.287232 1.396388
-0.002282 -0.201251 1.407291
-0.052767 -0.232573 1.449025
0.009512 -0.272740 1.573143
-0.116735 -0.302225 1.643887
-0.142095 -0.236399 1.605679
-0.106284 -0.246531 1.505074
-0.182351 -0.250788 1.515330
0.244124 0.282926 1.313014
-0.148602 -0.290773 1.612630
-0.166612 -0.298996 1.984007
0.186988 0.295458 1.400566
-0.043614 -0.200183 1.738414
0.189628 0.139788 1.352290
-0.040667 -0.229082 1.223262
0.453235 0.293987 1.457472
-0.253354 -0.214059 1.958978
-0.040398 -0.304919 1.700249
-0.011826 -0.237000 1.412694
-0.057418 -0.314673 1.541616
0.282742 0.231918 1.535606
-0.136514 -0.272589 1.686205
-0.239739 -0.221037 1.316318
-0.056219 -0.252530 1.551699
-0.134885 -0.275511 1.579172
-0.125732 -0.240334 1.611611
-0.073929 -0.197282 1.562847
-0.140700 -0.290129 1.573759
-0.240448 -0.174820 1.487570
0.037875 -0.333816 1.778204
0.288745 0.308634 1.315885
-0.083071 -0.250914 1.554326
-0.211524 -0.226730 1.731989
0.160651 0.236245 1.455504
-0.260067 -0.175657 1.501549
0.169817 0.241677 1.470661
-0.224002 -0.231497 1.804207
-0.204078 -0.166715 1.481956
-0.094815 -0.292381 1.637757
-0.134331 -0.290537 1.348698
-0.236351 -0.152300 1.763444
0.140428 0.217836 1.589462
-0.180970 -0.236001 1.679358
-0.041670 -0.265727 1.367590
-0.073316 -0.282306 1.539233
0.262386 0.213491 1.265352
0.012597 -0.250154 1.600088
0.064510 -0.325650 1.523332
0.316635 0.293277 1.470038
-0.063809 -0.253688 1.289284
0.183059 0.252766 1.422006
0.321845 0.273962 1.231617
0.251470 0.259760 1.557759
0.419909 0.262731 1.520528
0.277575 0.298410 1.306103
0.054848 0.174378 1.591171
0.226647 0.253803 1.366298
-0.055165 -0.278673 1.545483
-0.125767 -0.250457 1.369901
-0.020512 -0.277152 1.574297
0.082394 0.175192 1.303563
0.390325 0.314763 1.614727
0.354730 0.312854 1.849575
0.206887 0.220243 1.308227
0.424146 0.297054 1.724487
-0.191169 -0.180597 1.780878
-0.018640 -0.290086 1.308558
-0.044020 -0.281307 1.324056
-0.129520 -0.309121 1.691086
-0.098113 -0.282419 1.452533
-0.023951 -0.212409 1.135222
0.171726 0.258499 1.314156
-0.210726 -0.173711 1.524199
-0.101749 -0.239625 1.479522
0.427970 0.269929 1.146450
-0.253493 -0.203170 1.510307
-0.051451 -0.323744 1.617761
-0.115542 -0.181804 1.454333
-0.130777 -0.147560 1.625143
0.193355 0.470934 1.492265
0.205233 0.236404 1.551119
-0.056013 -0.212301 1.528967
0.132241 0.235349 1.652677
0.229732 0.213069 1.541582
-0.097032 -0.311891 1.512503
-0.063111 -0.291817 1.721386
0.242988 0.220792 1.429313
-0.076058 -0.218650 1.343612
0.426058 0.287867 1.648262
0.156114 -0.395798 1.440653
-0.040019 -0.263570 1.439050
0.056416 -0.362214 1.607726
-0.193483 -0.053056 1.844992
-0.196255 -0.196834 1.581850
-0.104786 -0.240784 1.502380
0.002649 -0.250615 1.325270
-0.054010 -0.338627 1.552626
-0.181223 -0.042219 1.684976
0.212841 0.456257 1.718582
-0.108242 -0.227188 1.674692
-0.080583 -0.253345 1.260463
0.252931 0.266840 1.617085
0.236335 0.245445 1.178097
-0.138604 -0.189285 1.516775
-0.015172 -0.220217 1.308641
-0.306546 -0.487727 1.487203
-0.192751 -0.158467 1.691692
-0.093763 -0.264979 1.494779
0.025120 -0.356080 1.610047
0.367084 -0.451451 1.513981
-0.169890 -0.173776 1.987797
0.218857 0.265317 1.441640
-0.215551 -0.219930 1.809903
-0.241551 -0.215707 1.342817
-0.140835 -0.227611 1.624447
-0.239830 -0.190499 1.755910
0.256380 0.159201 1.404572
0.300117 0.303099 1.284888
0.234728 -0.271277 1.390869
-0.115923 -0.249179 1.692831
-0.182417 -0.171005 1.489520
-0.073543 -0.322597 1.671104
0.297229 0.225091 1.444598
-0.285940 -0.196180 1.722948
-0.007984 -0.220103 1.458849
0.230504 0.472327 1.923781
0.319287 0.230572 1.576510
-0.012203 -0.242204 1.576764
-0.235261 -0.192805 1.684447
-0.232351 -0.221690 1.850678
-0.020237 -0.199048 1.489134
-0.142060 -0.180052 1.259376
-0.226781 -0.214127 1.721819
-0.018608 -0.322838 1.705315
-0.119503 -0.271202 1.459980
0.433983 0.288384 1.490969
-0.082305 -0.215725 1.833492
-0.190981 -0.169473 1.644392
0.107498 0.276831 1.439834
-0.231792 -0.248665 1.524482
-0.199471 -0.288564 1.608798
0.140022 -0.379690 1.357977
-0.047112 -0.255689 1.446560
-0.060933 -0.205909 1.629577
-0.002801 -0.252851 1.736643
-0.074090 -0.190988 1.840306
0.388802 -0.439775 1.727688
0.179657 -0.220281 1.676162
-0.038400 -0.234464 1.651278
-0.147818 -0.137802 1.888780
-0.037996 -0.316584 1.734194
-0.064220 -0.294790 1.304199
0.176726 0.246889 1.402363
-0.067060 -0.189186 1.456022
0.424354 0.283121 1.537007
-0.057162 -0.245972 1.530192
-0.077762 -0.161881 1.424041
0.202439 0.193399 1.311209
0.255566 0.291313 1.346781
-0.002484 -0.244901 1.592983
0.419734 0.300162 1.157555
0.146666 -0.410261 1.534151
-0.142317 -0.242186 1.420063
-0.090183 -0.336881 1.716052
-0.066035 -0.322612 1.461531
-0.044247 -0.273679 1.529046
-0.190210 -0.233054 1.616238
-0.078037 -0.195226 1.706956
0.014020 -0.269576 1.530285
0.024874 -0.291604 1.359690
-0.027055 -0.288025 1.502126
-0.007925 -0.220611 1.593785
-0.163358 -0.165983 1.664655
-0.109286 -0.195438 1.391442
-0.150902 -0.272355 1.638791
0.003826 -0.214247 1.254597
0.206078 0.160583 1.399954
0.024127 -0.386285 1.779244
0.024840 -0.261565 1.414724
0.195445 0.210153 1.452955
0.199994 0.246252 1.503008
-0.140474 -0.180401 1.837106
-0.060029 -0.309144 1.298669
-0.130081 -0.232001 1.643106
0.195078 0.268654 1.348835
0.265916 0.283376 1.438620
0.128455 0.196078 1.478169
0.372351 -0.457424 1.302192
0.266259 0.224769 1.483644
-0.046450 -0.205620 1.752081
0.263989 0.238403 1.288824
-0.181327 -0.154742 1.462819
0.182502 -0.240582 1.855295
0.091046 0.172638 1.457636
-0.199483 -0.225319 1.528646
0.211710 0.258248 1.249114
0.130354 0.171664 1.311649
-0.069417 -0.340218 1.420636
-0.076495 -0.218168 1.510646
-0.274554 -0.177951 1.513875
-0.225987 -0.181414 1.474677
0.215501 0.261656 1.272696
-0.221800 -0.227077 1.831425
-0.070788 -0.220269 1.533058
0.434997 0.297116 1.654132
-0.070848 -0.288596 1.442384
-0.091544 -0.163878 1.495566
0.248144 0.467309 1.482378
-0.100222 -0.216098 1.246333
-0.161231 -0.259394 1.271221
-0.220156 -0.146894 1.572863
-0.063357 -0.283211 1.315602
0.007087 -0.267029 1.408092
0.328015 0.287964 1.234903
-0.012093 -0.271865 1.450663
0.131379 0.187450 1.429499
-0.153411 -0.208833 1.943594
-0.028347 -0.209348 1.235426
-0.227379 -0.256030 1.969064
0.129488 0.274318 1.303378
0.251061 0.268089 1.092212
-0.095357 -0.335415 1.512003
0.441697 0.293990 1.476685
-0.035458 -0.330529 1.671169
0.143809 0.199734 1.654874
-0.234170 -0.254853 1.811055
0.116327 0.133388 1.296053
-0.241423 -0.157760 1.716582
-0.188844 -0.185480 1.329004
-0.078142 -0.328405 1.392334
-0.129116 -0.298371 1.295520
-0.083839 -0.302255 1.515113
-0.147764 -0.212092 1.536584
-0.175220 -0.263353 1.549780
0.147330 0.187803 1.231603
-0.166473 -0.197318 1.410015
-0.108448 -0.174733 1.654342
0.144741 0.258200 1.372288
-0.119849 -0.150270 1.579831
-0.179824 -0.202353 1.833146
-0.081215 -0.208672 1.477294
0.247401 0.231133 1.599010
-0.030998 -0.289722 1.403416
0.204299 0.259630 1.412950
-0.027109 -0.275673 1.636164
0.004032 -0.269526 1.487699
-0.206928 -0.250244 1.900326
-0.030471 -0.235705 1.397438
0.236213 0.195386 1.158393
-0.113860 -0.324773 1.320356
0.243623 -0.447878 1.187229
-0.073387 -0.230489 1.465316
-0.094091 -0.179269 1.389469
-0.208178 -0.215737 1.936082
-0.066666 -0.246647 1.331349
-0.031890 -0.255262 1.531931
-0.186667 -0.144199 1.952656
0.130704 0.211474 1.382418
0.205185 0.270683 1.313605
-0.350559 -0.446702 1.773270
-0.191579 -0.131773 1.646795
0.340872 0.326735 1.535854
-0.115605 -0.240891 1.456437
-0.035280 -0.232128 1.232508
-0.047091 -0.271042 1.336150
-0.039931 -0.225709 1.502694
0.210994 0.243952 1.534251
-0.007112 -0.205091 1.547079
-0.073721 -0.278244 1.601365
-0.082481 -0.262069 1.516596
-0.064836 -0.305277 1.571400
-0.056566 -0.316107 1.488877
-0.073608 -0.175607 1.633213
0.263302 0.246500 1.232234
-0.240550 -0.173219 1.675438
-0.128205 -0.252409 1.409996
0.108754 0.196534 1.247877
0.332960 0.261365 1.139112
0.458982 0.451261 1.241727
-0.226734 -0.181241 1.562002
0.429253 0.282272 1.603700
0.330147 0.245511 1.661617
0.239924 0.249496 1.433931
0.192504 0.261518 1.240618
0.169323 0.270287 1.818773
-0.185487 -0.145395 1.607584
0.157565 0.248837 1.530868
0.253108 0.237779 1.350162
0.143683 0.309890 1.695449
-0.191320 -0.223817 1.401867
-0.229310 -0.182536 1.406108
-0.041753 -0.210808 1.569195
-0.065073 -0.298602 1.477076
0.295211 0.178531 1.113650
-0.082530 -0.167302 1.406207
-0.028355 -0.297621 1.685506
-0.062549 -0.258860 1.696980
-0.215599 -0.256347 1.758313
-0.209953 -0.218063 1.456873
0.167904 0.212741 1.492822
0.292223 0.268770 1.353882
-0.132789 -0.208385 1.511820
0.006660 -0.260041 1.581454
-0.112374 -0.199965 1.565553
-0.078513 -0.258180 1.590174
-0.201347 -0.159214 1.531037
-0.219030 -0.174649 1.476235
0.201425 0.238783 1.441946
-0.069197 -0.301423 1.599910
0.411973 0.287241 1.455249
-0.053182 -0.276648 1.311868
-0.007730 -0.270264 1.365711
-0.048918 -0.308515 1.375170
-0.024495 -0.217799 1.457990
0.232716 0.199014 1.349863
-0.021068 0.165313 1.914380
0.245414 0.223574 1.174706
-0.007714 -0.371825 1.720892
-0.135080 -0.187379 1.557998
