-0.371901 -0.005161 1.169179
-0.463291 0.126209 1.079222
0.009944 0.037068 1.548837
0.479022 0.227024 1.697699
-0.309439 0.246304 1.169596
0.020952 -0.004188 1.718323
-0.445361 0.045869 1.181926
0.334149 0.287850 1.294079
-0.001593 -0.029291 1.428648
0.287213 0.277468 1.240553
0.418714 0.344066 1.217839
-0.000780 0.359954 1.098221
0.295442 0.211194 1.283967
0.420394 0.342409 1.458242
-0.278217 0.256513 1.315554
0.331272 0.319789 1.218452
-0.256418 -0.042616 0.809230
-0.344282 0.028930 1.007159
0.444968 -0.415313 1.322733
0.428887 0.287539 1.535937
-0.347580 -0.090039 1.006083
0.277086 0.247308 1.142550
0.369433 0.023417 0.987300
0.436437 0.092651 1.170004
0.329335 0.286059 1.176132
-0.397675 -0.039376 0.991592
0.313473 0.217898 1.078734
-0.037713 -0.394094 1.395186
0.304940 0.230914 1.132981
0.005853 -0.012638 1.509884
0.281234 0.195794 1.236520
-0.387274 0.304606 1.180616
-0.012313 0.302329 1.176209
-0.357136 -0.011549 1.167564
-0.306388 0.259622 1.550406
0.490049 0.096809 0.959405
-0.350333 0.281339 1.438484
0.412014 0.340784 1.488492
0.259867 0.269639 1.195087
-0.331062 0.030605 0.964525
-0.047064 -0.423800 1.342124
0.031733 0.034341 1.460423
0.307682 0.211791 1.087646
0.271643 0.233961 1.402688
0.448453 0.286747 1.588618
0.310371 0.270457 1.087692
0.314597 0.272141 1.271725
0.402574 0.378303 1.174513
0.486713 0.082445 0.924266
-0.442746 0.452069 2.531162
0.321210 0.018322 1.091826
0.265494 0.257152 1.256363
-0.335676 0.033444 1.265518
0.388271 0.398104 1.631192
-0.454556 0.459513 2.186243
0.045463 -0.061551 1.516935
0.298245 0.199984 1.242318
-0.004631 0.321489 1.374656
0.027150 0.018182 1.672552
0.255346 0.214704 1.148568
0.300010 0.257258 1.154825
-0.387561 0.082882 1.257266
-0.367010 -0.103752 1.143289
0.296174 0.228280 1.039668
0.330454 0.211535 1.056228
-0.426554 -0.458905 1.872771
0.457856 -0.410225 1.604435
-0.441590 0.120362 0.824309
-0.452961 0.076585 0.929402
-0.470002 0.088108 1.230869
0.475900 0.276880 1.668570
0.285472 0.206701 1.186524
0.466827 -0.444425 1.354088
-0.396004 0.022375 1.099501
-0.325499 0.007846 1.039845
0.304433 0.209887 0.962486
0.298375 0.278972 1.245884
0.360026 0.233466 1.004516
0.446835 0.326243 1.317656
0.185533 0.360761 1.352693
-0.385816 0.310826 1.296766
0.055003 0.310866 1.143147
0.459877 -0.436258 1.675328
0.444222 -0.429814 1.651125
-0.295683 0.006648 1.144315
-0.309882 0.226484 1.308946
0.052078 -0.321359 0.996935
0.265663 0.011316 1.365082
0.013127 0.022507 1.526197
0.427201 0.343412 1.517696
-0.166637 0.214184 1.375812
-0.378314 0.286511 1.164095
-0.373898 0.321061 1.274013
0.290592 0.296931 1.444777
-0.400002 -0.073205 1.281561
0.306220 0.243757 1.224460
-0.312619 0.246334 1.516359
-0.325910 0.009520 1.184994
-0.102007 -0.479508 1.641545
0.330616 0.038636 1.007945
0.462663 -0.401084 1.425306
-0.054218 0.335414 1.165026
0.489593 0.056591 0.954650
0.020805 0.311815 1.065313
-0.374777 -0.005395 1.209383
0.453570 0.259437 1.441968
0.265037 0.230239 1.222567
-0.158160 0.205820 1.739448
0.198115 0.321101 1.321162
-0.308941 0.249496 1.559327
0.405554 0.077483 1.351719
0.301544 0.259547 1.067922
-0.349959 0.055270 1.246501
-0.489519 -0.495336 2.157552
-0.372250 -0.001082 1.304064
-0.150812 -0.435301 1.860314
0.296261 0.328964 0.991942
0.265379 0.297110 0.929141
-0.465847 0.072426 1.273767
-0.376398 0.328431 1.313627
0.089658 -0.326008 0.846620
0.320336 0.264383 1.282959
-0.376554 0.084506 1.300076
0.022189 -0.017981 1.565589
0.030572 -0.311305 1.116355
-0.374848 0.037886 1.244408
0.189044 0.307193 1.348985
-0.494824 0.462492 2.453681
-0.322744 0.265785 1.351752
-0.448708 0.050712 1.421585
0.323469 0.265195 1.284067
0.406661 0.328705 1.498029
0.041772 0.003128 1.761286
-0.329804 0.277843 1.220019
0.421135 0.261314 1.320112
0.304452 0.253528 1.168530
-0.432105 0.111989 1.107905
-0.327635 0.027719 1.418752
-0.490556 0.445365 2.320687
0.490380 0.464940 2.228589
0.455093 -0.440624 1.608446
0.262968 0.244639 1.493439
0.222182 0.356254 1.192632
0.047062 0.028258 1.555212
0.478293 0.276669 1.698157
0.013655 -0.030831 1.771593
0.004987 -0.357548 1.330849
-0.042133 0.314709 1.382675
-0.431126 0.025978 1.105623
-0.072547 -0.382580 1.512102
0.016426 0.321245 1.161912
0.454355 -0.440968 1.521341
-0.329270 0.245775 1.225783
0.332798 0.281095 1.147613
0.337383 0.211932 1.158327
-0.416491 0.013425 1.206099
-0.436983 0.149599 1.049638
0.452612 0.246643 1.509927
-0.029648 -0.021906 1.599508
0.355173 0.234074 1.336677
0.290578 0.035470 1.290805
0.441572 0.031390 1.116178
-0.483385 0.055891 1.180887
-0.364468 0.264591 1.266068
0.332342 0.230335 1.177380
-0.292758 0.009204 1.132969
0.014897 -0.341147 1.095033
0.431231 0.293848 1.551869
-0.349458 0.240987 1.275242
0.423463 0.114303 0.919870
0.198807 0.331283 1.422592
-0.473002 0.450368 2.167863
-0.307296 0.250895 1.155356
0.482204 0.232862 1.506465
0.041461 -0.023500 1.324808
0.277188 0.232670 1.348650
0.029268 0.345197 1.005811
-0.294377 0.284259 1.428541
0.321950 0.276041 1.071265
-0.347590 -0.063685 1.226743
-0.457251 0.071852 0.692101
0.267109 0.254024 1.021682
-0.330881 0.291396 1.202724
0.345199 0.206858 1.094262
0.321858 0.281357 1.216003
-0.162551 0.192409 1.495739
0.249309 0.239766 1.389394
0.050690 0.036154 1.551181
0.349580 -0.058705 0.981952
-0.480845 0.062595 0.975786
-0.374271 0.070507 1.540955
0.312980 0.246733 1.123108
-0.330625 0.268404 1.201948
-0.484396 0.087784 0.938285
0.070672 -0.347615 1.074443
-0.348662 0.289332 1.325282
0.265023 0.253505 1.085518
-0.328528 0.271915 1.279673
-0.462329 0.091931 0.968703
0.469800 -0.433919 1.610499
-0.017191 -0.019434 1.451119
-0.493606 0.020584 1.202610
0.447489 0.327921 1.469632
0.308632 0.247409 1.313841
0.449435 0.332427 1.575591
0.270172 0.219404 1.085719
-0.466826 0.055792 0.990757
0.332713 0.191534 0.927163
0.495212 0.429297 2.156045
-0.484712 0.442898 2.068579
-0.369521 0.323037 1.456607
0.337012 0.261286 1.544865
-0.067235 -0.389459 1.423827
-0.386176 0.056354 1.446266
-0.468759 0.038046 1.084144
-0.452717 -0.475968 1.643680
0.368709 0.434204 1.520761
0.348876 0.254236 1.429287
0.248813 0.242843 1.270835
0.180744 0.337783 1.314635
0.255933 0.262472 0.985276
-0.331989 0.235218 1.084180
0.446904 -0.404913 1.605688
0.080087 -0.320738 0.865922
0.387273 0.042145 1.221061
0.490321 -0.233996 1.016246
-0.373203 -0.071600 1.177312
0.425764 0.338845 1.501161
0.012804 -0.062211 1.374610
-0.369916 0.027718 1.459521
-0.336523 0.059302 1.243221
0.480459 -0.445077 1.424155
0.471539 0.436180 2.164160
-0.492253 0.337386 1.520375
0.438782 0.073317 1.027553
-0.018656 0.314744 1.297590
0.060381 -0.337971 0.750158
0.124835 0.356348 1.341807
-0.334517 -0.017714 1.220612
-0.359857 0.290920 1.258193
0.460791 -0.423156 1.521073
0.285945 0.018204 0.878050
0.325807 0.017832 1.115315
0.328523 0.253019 1.308217
0.003793 0.328896 1.069417
0.420316 0.335475 1.514192
0.325541 0.184722 1.489229
-0.351756 0.050539 1.148782
0.271008 0.243875 1.158963
-0.017744 -0.359636 1.218996
0.482157 0.443039 2.314736
-0.007852 -0.343794 1.357616
0.277401 0.241566 0.945999
0.285655 0.236425 1.384357
-0.433489 0.056433 1.347584
-0.468675 0.083393 1.054184
-0.467065 -0.458038 1.819329
0.033192 0.058805 1.703788
-0.466486 0.018296 1.202575
0.046826 0.011904 1.567355
0.343414 0.237353 1.228936
-0.472275 0.140736 1.178754
0.059324 -0.308505 1.015525
0.002210 -0.363160 1.034447
0.398345 0.370863 1.472420
-0.499645 0.462242 2.288333
-0.295726 0.270246 1.311820
0.022177 -0.008190 1.778386
0.426085 0.125601 0.692367
0.481962 0.080167 0.772614
0.388887 0.047289 1.319370
-0.352350 0.100848 1.603389
-0.171672 0.214377 1.430728
-0.039026 -0.012453 1.845498
-0.353709 0.287445 1.540336
-0.447851 0.449492 2.133449
-0.313712 0.272522 1.207026
0.202647 0.358290 1.108797
-0.305817 0.259030 1.191793
0.274795 0.038448 1.288799
-0.112440 -0.423886 1.937970
0.317458 0.245327 1.121706
0.306935 0.290539 1.258600
0.015398 0.354500 1.281927
0.401257 0.040928 1.019030
0.494716 0.440221 2.304405
-0.452859 0.083902 0.904310
0.319674 0.253636 1.166579
0.440973 0.341636 1.492663
0.097574 -0.311236 1.240341
-0.089236 -0.439580 1.757262
-0.321753 0.285814 1.225276
0.448824 -0.437133 1.805055
-0.142594 -0.437109 1.831317
-0.374477 0.246163 1.364647
-0.464771 0.105505 0.925170
-0.470938 0.113063 1.114817
0.288705 0.221474 1.118411
0.186420 0.329944 1.315847
-0.299050 0.012445 1.036277
0.458793 0.053493 1.089162
0.488017 0.247288 1.265362
0.391959 0.334453 1.418630
-0.460802 0.122012 1.128282
-0.484924 0.113063 1.130637
0.077541 -0.341943 0.744349
-0.023564 0.293741 1.388519
-0.329746 0.254143 1.450031
0.258759 0.305785 1.020903
-0.472559 0.092516 1.076774
0.003123 -0.005382 1.676041
0.496343 0.087087 0.934741
-0.107528 -0.446751 1.905907
0.065705 -0.375122 1.013525
0.478491 -0.399474 1.643430
0.306473 0.223648 1.453770
0.456745 -0.467803 1.504506
-0.376348 0.116388 1.154697
0.220652 0.229641 1.020183
0.259492 0.259499 1.200043
0.345452 0.214492 1.242541
0.354592 0.053860 1.284818
0.293545 0.232410 1.067377
-0.492605 0.031469 1.088691
-0.339125 0.269401 1.228233
-0.007204 -0.002910 1.481987
-0.010907 0.246715 1.301094
0.049336 -0.325047 0.944603
-0.032004 -0.373575 1.206605
-0.454618 0.090538 0.872973
0.307826 -0.017143 1.153466
0.139252 0.348030 1.370955
0.299009 0.254561 1.192744
0.379357 0.053537 1.085942
-0.304335 0.264183 1.398854
0.020209 0.047315 1.678810
0.397144 0.370645 1.298487
-0.306181 0.249213 1.210612
0.441973 0.279794 1.555322
-0.342822 -0.011533 1.203920
-0.439819 0.094845 1.001053
-0.445028 0.103804 1.177452
0.445378 0.128356 0.873513
0.296706 0.243303 1.118547
-0.469749 0.468209 2.182202
0.495591 0.447877 2.229514
0.068633 -0.320187 0.901122
-0.350468 0.266522 1.172025
0.371749 0.035509 1.204666
0.470319 -0.446536 1.322894
0.297146 0.234699 1.120052
0.459170 0.052718 0.951585
0.297425 0.221248 1.329188
-0.134825 0.229266 1.590286
0.418579 0.045055 1.007283
0.040432 0.323989 1.224807
0.224720 0.248671 1.559896
-0.349465 -0.075017 1.194540
0.149652 0.270118 1.327417
-0.476823 0.221714 1.793121
0.387311 0.380933 1.304496
-0.375091 0.306084 1.233561
0.057497 -0.094357 1.224090
-0.428173 0.308825 1.213101
0.045164 -0.004056 1.878733
-0.397220 0.308628 1.439181
0.304457 0.266228 1.345021
-0.355745 0.065227 1.488634
-0.488565 0.121521 1.111121
0.411811 0.066989 1.501249
-0.494530 0.458488 2.217195
0.325864 0.238364 1.192426
-0.454278 0.141277 0.962962
0.310781 0.220981 1.240887
0.487438 0.135164 0.954725
-0.436007 -0.000098 1.121330
-0.461077 0.458118 2.264757
0.324855 0.266702 1.258165
-0.042964 -0.367865 1.434975
0.024538 -0.043867 1.662099
-0.021594 0.300139 1.461828
0.477313 0.267078 1.506870
0.306743 0.269811 1.212364
0.472911 0.337097 1.482619
0.450900 -0.412862 1.702089
0.061513 -0.313064 1.078150
-0.366628 -0.006472 1.052333
0.465590 -0.454135 1.450383
-0.281792 0.002592 1.165850
0.030110 0.022597 1.788177
-0.439228 -0.022044 1.181817
-0.462484 0.453784 2.409365
-0.472685 0.110716 1.064103
0.478994 0.431565 2.330344
0.280008 -0.019914 1.315694
0.379537 0.038990 1.186239
0.338339 0.244372 1.536231
0.438976 0.320671 1.575586
0.105129 0.340029 1.058582
-0.045761 -0.354752 1.257795
