0.445524 0.451159 1.538634
0.266300 0.442300 1.772289
0.143366 -0.252794 1.262650
0.081069 -0.487398 1.336269
0.002633 0.421299 1.658466
0.125386 -0.481751 1.665637
-0.040281 0.476150 1.786948
0.073693 -0.413648 1.488488
0.252465 0.416647 1.768071
-0.124966 -0.372454 0.801798
-0.166504 0.407861 1.798260
0.083761 -0.478889 1.738425
0.072377 0.463442 1.915831
-0.256547 -0.016628 1.716055
0.066428 -0.474373 1.749258
-0.006877 0.450102 1.912788
0.284292 0.423275 1.894104
0.191835 -0.494304 1.760155
0.071230 -0.447452 1.752663
-0.174785 0.459570 1.891669
-0.293292 -0.091186 1.297080
0.006636 0.452894 1.743060
-0.074792 0.329833 1.912723
-0.036264 0.422785 1.956857
0.091112 -0.466122 1.809979
-0.367866 -0.125805 1.482756
0.074555 -0.497655 1.817826
-0.369104 -0.074653 1.587632
0.073826 0.471717 1.720525
-0.159333 0.428783 1.797175
0.017264 0.417016 1.786825
-0.260027 -0.022418 1.357607
-0.098245 0.433739 2.010956
0.243663 0.433542 1.522958
-0.180319 0.445665 1.657905
0.028179 0.457608 1.859346
-0.341540 -0.043253 1.327790
-0.163545 0.384318 1.774491
0.053364 -0.484771 1.875667
0.311489 0.438131 1.565784
0.166005 0.462872 1.599144
0.021274 0.449086 1.821874
0.129896 -0.499882 1.685666
-0.272148 -0.096206 1.290722
0.073234 0.444430 1.713305
-0.255698 -0.003672 1.592901
-0.394663 -0.051790 1.392142
0.484397 0.462065 1.849711
-0.021284 -0.028998 1.436015
0.278466 0.473734 1.786689
0.087801 -0.479800 1.867735
0.072089 -0.447777 2.024262
-0.343876 -0.092033 1.350328
-0.272005 -0.328034 0.826450
0.311062 -0.479858 1.687167
0.035222 -0.489880 1.972267
0.025947 0.011661 1.448661
0.243811 0.430554 1.588057
-0.042861 0.484729 1.848737
-0.001467 -0.010514 1.418834
0.100327 -0.457522 1.582204
0.044800 0.475958 1.467444
0.002390 -0.004855 1.293263
-0.139537 0.391548 1.781253
-0.019202 -0.039403 1.516089
0.264665 0.455143 1.611988
0.260426 0.462146 1.302007
-0.089370 -0.122188 1.286747
0.442734 0.452982 1.784053
-0.044334 0.485204 2.027808
0.099166 -0.489802 1.682757
0.088040 0.463506 1.643350
0.058251 0.430973 1.772308
0.420560 0.444241 1.624684
-0.372556 -0.070608 1.339790
-0.242193 -0.089292 1.234885
0.197953 -0.466532 1.751187
0.241862 -0.470670 1.993228
-0.233164 -0.009402 1.424261
-0.027806 0.443278 1.618385
0.262165 0.215405 0.768616
-0.000794 0.448106 1.862570
0.087566 -0.472769 1.870961
0.061466 -0.476226 1.521957
0.282496 0.444709 1.720109
-0.307314 0.392990 1.815668
-0.014353 -0.491499 1.679857
-0.015264 0.494820 1.935317
0.482045 0.443994 1.589184
-0.228308 -0.017073 1.494791
-0.179499 0.209111 1.362394
-0.293879 0.357466 1.658769
-0.242162 0.000410 1.230026
0.073846 -0.473533 1.608678
0.199937 -0.257600 1.266315
0.094223 0.493962 1.816784
0.061467 -0.015834 1.512145
0.060475 0.476051 1.905381
-0.023291 0.441399 1.839243
0.105512 0.497157 1.541695
-0.100227 0.429433 1.866349
-0.051407 -0.118770 1.471266
-0.065728 0.460772 1.660850
0.269209 0.470289 1.511093
0.008353 0.491262 1.932069
-0.179439 0.444222 1.993892
0.002008 -0.498244 1.718420
0.066858 -0.450919 1.733263
-0.319731 0.398450 2.140147
0.096291 -0.491767 1.631013
0.017863 0.375776 1.731215
-0.000555 0.001487 1.347118
0.067121 0.481129 1.710975
0.297612 0.452985 1.689339
-0.347209 -0.050154 1.361760
0.239791 0.418562 1.546435
-0.256666 -0.049386 1.411250
0.244395 0.462033 1.271199
0.209138 -0.483169 1.673942
-0.068095 0.431381 1.370961
-0.046267 0.447037 1.645083
0.113119 -0.479183 1.663046
-0.400929 -0.072503 1.580155
0.227999 0.442813 1.490698
0.087905 0.476743 1.654136
0.038037 0.461084 1.595378
-0.384187 -0.147988 1.502523
0.001508 0.494367 2.090975
0.058618 0.393555 1.492971
-0.000626 -0.017961 1.366859
0.060247 0.490038 1.951732
-0.252972 -0.044128 1.388148
-0.000319 -0.034264 1.590531
-0.081576 -0.101306 1.706366
0.001485 -0.030865 1.489239
-0.217117 0.006007 1.270878
0.083601 -0.255628 1.308415
-0.249568 -0.039614 1.419053
-0.021585 0.442088 1.855719
-0.063579 0.480840 1.538560
-0.063395 0.466309 1.864454
0.209240 -0.293999 1.057288
0.030878 0.002174 1.489568
-0.140251 -0.329707 0.799709
-0.367547 -0.076232 1.435384
-0.033923 0.007584 1.428495
0.265038 -0.487249 1.672743
-0.090367 0.457964 1.582817
0.024202 0.459423 1.683472
-0.040772 0.417133 1.658101
-0.140044 0.451707 1.805091
0.080538 -0.497323 1.638208
-0.249634 -0.038664 1.308111
0.154161 -0.484690 1.563088
0.029073 0.491810 1.521877
-0.149112 -0.350504 0.946062
0.165573 0.493540 1.538101
-0.169552 0.401281 1.738695
0.262339 0.484403 1.657508
0.241562 -0.461551 1.611430
-0.162456 -0.348085 0.427735
-0.257165 -0.061058 1.402954
-0.042873 -0.479455 1.543025
-0.343236 -0.052313 1.523022
-0.234066 -0.078210 1.585110
-0.152881 0.409206 1.948801
0.023560 0.442345 1.683279
-0.276296 -0.056997 1.418961
0.088778 -0.475027 1.846964
-0.180693 -0.311119 0.773561
-0.102987 0.326785 1.940915
0.015300 0.482390 1.798681
-0.147910 0.360094 1.732468
0.187698 -0.462420 1.810417
0.126158 0.498517 1.863614
0.002840 0.499529 1.469268
0.267581 0.449064 1.728092
-0.046625 0.392846 1.854147
0.248486 -0.433022 1.572311
0.032861 0.053598 1.893459
-0.001979 -0.491224 1.618906
0.042688 0.494156 1.614515
-0.248597 -0.026339 1.289431
-0.226066 -0.079334 1.171465
0.062433 -0.474512 1.598104
0.053637 -0.476701 1.414645
0.417937 0.002171 1.982020
0.260295 -0.466331 1.511131
-0.044160 0.471512 1.959816
-0.172944 0.358455 2.002652
0.407675 0.024818 1.734256
0.193409 0.493564 1.556501
-0.299184 -0.040209 1.468059
0.095053 0.465922 1.892177
0.302479 0.480841 1.802030
-0.316729 0.471522 2.208648
0.183366 -0.498917 1.815662
-0.362409 -0.114683 1.514873
0.011308 -0.015148 1.563823
-0.401945 -0.081048 1.234842
-0.044294 0.487120 1.710707
0.323793 -0.495052 1.651742
0.037236 0.421255 1.638563
-0.060234 -0.123553 1.725438
0.218360 -0.493259 1.505555
0.079466 -0.497427 1.701088
0.383241 0.039348 1.749736
-0.035294 -0.104113 1.440197
0.165590 0.453800 1.707913
0.125416 0.498306 1.520341
0.092982 0.450566 1.459282
0.136669 -0.467882 1.747848
0.076747 0.469340 1.750969
0.198141 0.485061 1.785800
-0.123694 0.409624 1.737931
-0.066168 0.456572 1.609263
-0.159855 -0.316235 0.736629
0.049671 -0.482287 1.512133
0.084089 -0.497620 1.593206
0.223511 -0.031447 1.225491
0.236973 0.441274 1.539682
-0.379431 0.166512 0.555417
0.299773 0.239226 1.002071
0.000762 0.483560 1.545900
0.109531 -0.468075 1.652400
0.025853 0.489381 1.670116
0.103832 -0.461574 1.429749
-0.260386 0.012301 1.233981
0.189434 0.476068 1.614313
-0.044072 -0.499278 1.697977
0.249466 -0.478043 1.582098
-0.013843 0.431314 1.613896
-0.068549 0.428261 1.779337
-0.346514 -0.052606 1.374091
0.104896 -0.456242 1.720297
-0.012792 -0.011490 1.434403
0.018846 0.496628 1.975723
0.083046 -0.433785 1.467368
-0.358034 -0.084797 1.260067
-0.249696 -0.004470 1.394967
0.011300 0.491231 1.654827
0.010220 0.009208 1.455960
-0.435513 0.174236 0.280586
0.019762 -0.496322 1.682390
-0.296532 0.373622 1.881063
-0.175904 0.393628 1.760598
0.045573 0.470205 1.682773
0.320327 0.461778 1.570857
0.085182 -0.458486 1.489248
0.230082 0.441218 1.655032
0.234577 0.416115 1.656480
-0.020237 0.453096 1.571543
0.090120 -0.484171 1.680264
0.096908 -0.499121 1.667991
-0.036606 -0.471420 1.800783
-0.080170 0.473212 1.789327
0.263075 0.458198 1.452940
0.207816 -0.250720 0.967837
0.425577 0.029563 1.779837
-0.034023 0.482041 1.904407
-0.241088 -0.073252 1.461557
0.232009 -0.057977 1.372519
0.183583 0.474265 1.729675
0.001412 0.429979 1.834524
-0.082371 -0.499051 1.560108
-0.263469 -0.037627 1.325181
-0.232447 -0.012585 1.375505
-0.375342 -0.093504 1.713669
0.422501 0.041282 2.106514
-0.247294 -0.112163 1.214998
0.079080 -0.469538 1.775411
-0.256889 -0.075150 1.459515
0.246616 -0.460213 1.552053
0.275612 0.444263 1.586066
0.199816 -0.287057 1.215758
0.222074 0.455992 1.552184
-0.281666 -0.046042 1.560226
-0.382177 -0.116300 1.296573
-0.043671 0.382612 1.685766
0.040837 -0.483491 1.734567
0.280501 0.393720 1.422475
0.102342 0.489266 1.505235
0.453428 -0.015051 1.698130
0.232106 0.480844 1.657605
0.071399 -0.473024 1.815014
-0.023430 0.012639 1.766490
0.041984 0.457065 1.632674
0.082340 -0.439831 1.443939
0.393532 0.011894 1.867438
-0.046978 -0.492346 1.841215
-0.058187 0.471436 1.703384
0.119046 -0.467120 1.649428
-0.118837 0.439322 1.518253
0.229456 0.429361 1.548966
0.020803 -0.013078 1.266240
0.251052 0.432739 1.504546
-0.365215 -0.097864 1.458248
0.239277 0.462693 1.507459
0.094160 -0.477005 1.470453
0.413627 0.454838 1.553710
-0.373549 -0.038268 1.285478
0.020136 -0.051304 1.450780
-0.479054 0.311229 2.436216
-0.363626 -0.175719 1.692564
-0.068194 0.408611 1.855165
-0.382581 -0.086076 1.193585
0.227238 0.428727 1.736507
0.309970 -0.450255 1.412682
0.121158 -0.469462 1.568358
0.272936 0.479984 1.809113
-0.132075 0.393916 1.851923
-0.049390 0.444556 1.804604
0.001435 0.430644 1.845171
0.330606 0.471541 1.941864
0.452084 0.448738 1.496512
-0.372628 -0.105784 1.407796
0.276871 0.471275 1.572594
0.064856 -0.471558 1.604857
-0.358924 -0.047523 1.455958
0.081663 -0.442813 1.540402
0.233598 0.485039 1.829433
0.094263 -0.476620 1.708821
-0.068984 -0.114416 1.487880
-0.069728 0.443464 1.639141
-0.296916 -0.034270 1.412850
0.015266 0.471698 1.761376
0.229123 0.426398 1.563918
0.448923 0.456262 1.682011
0.061632 0.498876 1.688596
-0.239219 -0.090819 1.162104
-0.320264 0.379851 1.895425
0.387115 0.062786 1.574333
0.092877 0.499347 1.450137
0.084249 -0.453485 1.619965
0.187822 0.463184 1.615444
-0.021926 0.483343 1.970944
0.260858 0.438602 1.681022
0.210390 -0.462207 1.664812
-0.380756 -0.088289 1.312612
-0.263345 -0.025412 1.708825
0.427189 0.023381 1.543577
0.235251 -0.454854 1.618889
0.043748 -0.006356 1.549346
0.025579 -0.493477 1.742289
0.110908 0.453638 1.898386
0.235110 0.440368 1.724994
-0.028740 -0.497555 1.858518
-0.275655 -0.045993 1.528029
0.113441 -0.479500 1.541650
-0.051856 0.454086 1.773736
-0.071608 0.474076 1.970585
-0.093730 0.423488 1.550894
0.013127 0.436493 1.647012
0.080270 -0.448096 1.733160
-0.273622 -0.282748 1.171846
0.084109 -0.493383 2.041317
-0.220242 0.470700 1.590079
-0.086050 -0.496914 1.640597
0.117463 -0.153807 1.861623
0.132774 -0.171737 2.140323
0.262842 -0.472060 1.821412
-0.002718 -0.000006 1.412113
-0.268417 -0.288610 1.032197
-0.264590 -0.030821 1.200690
-0.247284 -0.037899 1.548704
0.416265 -0.014832 1.787841
0.234852 -0.488845 1.706244
-0.382990 -0.056633 1.367200
-0.215761 -0.106686 1.313057
-0.258204 -0.017177 1.409219
0.202680 0.461032 1.605026
0.100780 0.493418 1.930687
0.076338 -0.484054 1.953051
-0.099232 0.438222 1.619836
-0.257126 -0.099084 1.454057
0.107431 -0.442786 1.815874
-0.066963 0.431328 1.778938
-0.054167 0.486551 1.772087
0.240690 0.427776 1.423369
0.290465 0.453662 1.690354
-0.276259 -0.080793 1.336026
0.040316 -0.050661 1.640991
0.084178 -0.468853 1.740428
0.008474 0.486604 1.684689
0.042053 -0.468705 1.579944
-0.033918 0.482166 1.778667
0.169440 -0.472651 1.747875
0.109525 -0.498281 1.438943
-0.227041 -0.057256 1.384935
-0.175096 0.419722 2.058819
-0.137392 -0.318494 0.699990
-0.008851 0.465266 1.910796
0.173775 0.425795 1.474976
-0.050669 0.426151 1.963398
0.079656 -0.477266 1.669587
-0.276480 -0.088897 1.280715
0.184546 -0.269334 1.194665
-0.249780 -0.063170 1.487099
-0.448967 0.298978 2.233160
0.224547 0.470880 1.384143
