-0.049700 -0.271160 0.980102
-0.004810 -0.205430 1.369740
-0.265389 -0.289229 1.216643
-0.437884 -0.289583 1.155710
-0.417235 -0.253665 1.472752
0.422556 0.408485 1.839211
-0.002437 -0.276055 1.074879
-0.057695 -0.117117 1.091485
0.429585 0.367953 1.808604
-0.038207 -0.143114 1.494113
0.485776 -0.182976 1.268193
-0.092114 -0.147210 1.179363
-0.057153 -0.210432 1.166406
-0.490425 -0.199042 1.345542
-0.328145 -0.260907 1.205794
0.460840 0.399978 1.711282
0.080416 -0.301091 1.328548
0.062451 -0.269297 1.373847
-0.423674 -0.083300 1.530802
0.427276 -0.245967 1.363616
0.442779 0.405188 1.632698
-0.078603 -0.187233 1.457560
-0.251839 -0.262214 1.011364
-0.053647 -0.239218 1.490707
-0.023788 -0.120473 1.130552
-0.213078 -0.236727 1.055449
-0.103730 -0.175021 1.455312
0.467260 0.333476 1.808280
-0.082623 -0.176679 1.245529
0.433566 0.407849 2.031881
-0.063554 -0.222187 1.414652
-0.490589 -0.203949 1.098624
-0.100127 -0.213719 1.381234
-0.033886 -0.259692 1.402074
-0.480262 -0.220967 1.118545
-0.002464 -0.265169 1.023060
-0.379605 -0.242515 1.343097
0.482932 -0.183437 1.472839
-0.092495 -0.154220 1.468836
0.057612 -0.253995 1.315197
0.462509 -0.018726 1.412493
-0.277257 -0.313711 1.240248
-0.070548 -0.188781 1.515777
-0.016331 -0.206025 1.408281
0.458436 -0.231887 1.539894
-0.047901 -0.147549 1.423769
0.009513 -0.164475 1.247510
-0.079426 -0.151787 1.492620
0.024538 -0.287997 1.203582
-0.394014 0.010151 1.492642
-0.235633 -0.282528 1.107685
-0.049325 -0.184343 1.011028
0.092580 -0.282311 1.020035
-0.096412 -0.137602 1.377019
0.424495 0.361192 1.699175
-0.288279 -0.331168 1.110866
-0.082437 -0.217200 1.451057
-0.106618 -0.185187 1.275997
-0.212507 -0.321792 1.211211
-0.072866 -0.214592 1.497804
0.035889 -0.191211 1.401421
0.076607 -0.252634 1.441279
-0.203345 -0.274004 1.050692
-0.044196 -0.187280 1.254240
-0.065576 -0.199312 1.382693
-0.388502 -0.109713 1.347708
-0.362162 -0.048078 1.385651
0.039718 -0.231723 1.022487
0.030704 -0.258939 1.203630
-0.008456 -0.253203 1.323028
-0.465965 -0.266396 1.229853
-0.036545 -0.226251 1.285523
-0.411713 -0.106416 1.444835
0.066435 -0.296067 1.182737
0.045536 -0.276775 1.251457
-0.041500 -0.205275 1.496647
-0.036555 -0.148303 1.129952
-0.030930 -0.165517 1.473285
-0.448490 -0.217679 1.089362
-0.052766 -0.098214 1.452211
-0.435917 -0.219788 1.296666
-0.134771 -0.169162 1.356262
-0.391262 -0.094729 1.603858
-0.433948 -0.100045 1.791628
0.055942 -0.255819 1.317804
-0.311000 -0.303662 1.155847
0.127358 -0.339401 1.671528
-0.259026 -0.291677 1.057842
-0.254149 -0.314156 1.058272
0.479428 -0.188136 1.003852
-0.324389 -0.267926 1.074936
-0.446811 -0.240339 1.322578
-0.487844 -0.168633 1.415822
-0.060792 -0.118593 1.328800
-0.254031 -0.258589 0.816441
-0.048546 -0.179381 1.176682
-0.434607 -0.261679 1.184078
0.082227 -0.288341 0.951850
0.434322 0.007293 1.537160
-0.224877 -0.283839 1.028643
-0.324190 -0.041331 1.743981
-0.082969 -0.182435 1.329576
-0.199500 -0.208315 1.299225
-0.056297 -0.216224 1.313074
0.144977 -0.342891 1.482821
0.430202 -0.252884 1.547420
-0.108917 -0.179134 1.477589
-0.285027 -0.279871 1.353296
-0.079956 -0.133832 1.516106
-0.309747 -0.284443 1.314454
-0.248935 -0.194808 1.074746
-0.039114 -0.181948 1.508815
0.032276 -0.219505 1.201971
0.003412 -0.087198 1.448329
0.007190 -0.280311 1.321132
-0.406873 -0.023460 1.442899
0.058211 -0.132554 1.470530
-0.073443 -0.114769 1.411136
0.004213 -0.265891 1.415204
-0.420215 -0.178303 1.999264
0.140533 -0.322201 1.379987
0.019073 -0.177679 1.354126
-0.266537 -0.219901 1.172202
0.429597 0.388430 1.958893
0.121325 -0.332710 1.559910
0.064959 -0.271343 1.268625
-0.064251 -0.145313 1.449284
0.394787 0.382075 1.902558
-0.420427 -0.241574 1.265652
-0.031140 -0.259995 1.348729
-0.071724 -0.143822 1.221432
0.475404 -0.207831 1.128674
-0.238735 -0.315502 1.089686
-0.100645 -0.206329 1.393975
-0.027328 -0.102838 1.236360
-0.080121 -0.152795 1.176988
-0.021134 -0.183595 1.339840
0.069426 -0.271447 1.526447
-0.395564 0.028791 1.587953
0.447054 0.280123 1.174140
-0.396371 -0.107526 1.527046
-0.038657 -0.193250 1.091241
-0.032868 -0.102038 1.449144
-0.214032 -0.303514 1.243697
-0.465430 -0.270124 1.042921
0.404096 0.365699 1.803514
-0.362558 -0.005968 1.461323
-0.101503 -0.209570 1.447480
-0.064509 -0.266067 1.334741
-0.344488 0.357432 1.843729
-0.109891 -0.181096 1.522211
-0.422278 -0.106423 1.411111
-0.423390 -0.264367 1.074630
0.036259 -0.155737 1.104539
-0.085992 -0.180975 1.200556
0.002909 -0.290710 1.227393
0.017393 -0.177342 1.221263
0.433796 -0.207234 1.500280
-0.242188 -0.334693 1.420255
0.038620 -0.197354 1.079615
-0.238060 -0.283638 1.226251
-0.250573 -0.227723 0.949171
-0.027662 -0.271944 1.308689
0.496706 -0.225450 1.047857
-0.037066 -0.177103 1.576977
-0.032063 -0.234481 1.152002
0.440411 0.357566 2.087709
0.446809 -0.232903 1.316731
-0.423702 -0.273442 1.161832
0.064912 -0.278423 1.302565
-0.094402 -0.109053 1.502338
-0.401142 0.011498 1.773372
-0.450843 -0.246459 1.357143
0.486384 -0.274837 1.301650
0.437934 0.386434 1.915696
-0.082965 -0.178481 1.400932
-0.121649 -0.149840 1.657314
-0.366289 -0.212198 1.412551
-0.004142 -0.161876 1.059249
-0.211586 -0.234422 1.213642
0.062209 -0.279897 1.292570
-0.077163 -0.168644 1.469485
-0.414801 -0.217567 1.162761
-0.040439 -0.197988 1.120829
-0.041766 -0.128262 1.423650
-0.273549 -0.242428 1.141107
-0.038976 -0.200388 1.389997
-0.243711 -0.279712 1.113847
0.434668 0.395560 1.865387
-0.022598 -0.271837 1.122117
-0.255882 -0.247245 1.050064
0.003234 -0.183476 1.327388
-0.440089 -0.244594 1.271843
0.028157 -0.272434 1.195687
0.453392 0.344310 1.824788
-0.398669 -0.235969 1.146239
-0.100862 -0.161864 1.201471
-0.402598 -0.242472 1.396525
0.037983 -0.254666 1.291373
-0.388825 -0.088466 1.518988
0.400712 0.373685 1.850524
-0.194416 -0.237794 1.409273
-0.491140 -0.221856 1.351738
-0.047867 -0.167481 1.145729
0.495334 -0.195774 1.410290
-0.112241 -0.186619 1.314190
-0.022331 -0.281600 1.134183
-0.012557 -0.223888 1.388608
-0.417350 0.024447 1.553734
-0.314377 0.069786 2.863748
-0.464410 -0.192969 1.415546
-0.007742 -0.151050 1.256050
-0.337724 -0.042506 1.378320
0.111498 -0.287827 1.285981
-0.198605 -0.211000 0.921946
-0.365761 -0.130208 1.692912
-0.024878 -0.140081 1.441042
0.015365 -0.172021 1.240260
-0.118293 -0.167562 1.386854
-0.079296 -0.124219 1.290222
-0.072129 -0.173127 1.239957
-0.419077 -0.286258 1.331160
-0.319965 -0.050566 1.650816
-0.259908 -0.450041 1.244086
-0.251813 -0.245520 1.031596
-0.256952 -0.355440 1.300495
-0.228565 -0.241821 0.916395
0.473954 -0.164885 1.181054
0.457291 0.362522 1.943321
0.061053 -0.277128 1.468579
0.045846 -0.235796 1.283214
-0.461171 -0.106399 1.423872
0.433335 0.022627 1.095198
-0.358329 -0.230622 1.264268
-0.049115 -0.290224 1.238573
-0.058340 -0.219972 1.242422
0.172382 -0.363824 1.464227
-0.030116 -0.131509 1.412479
0.163944 -0.333986 1.409738
0.494427 -0.208345 1.232860
-0.329594 -0.074330 1.567029
-0.234415 -0.249816 1.018605
-0.241688 -0.283951 1.246222
0.019020 -0.182368 1.112016
-0.124043 -0.176406 1.097696
-0.462620 -0.205369 1.311098
-0.045104 -0.220636 1.244509
0.079271 -0.253591 1.435693
-0.091806 -0.165359 1.221833
-0.338575 -0.009191 1.659814
-0.441528 0.023492 1.532525
-0.367944 0.017133 1.562222
-0.111690 -0.169551 1.208471
-0.038189 -0.193525 1.394327
0.017260 -0.265813 1.225467
-0.016961 -0.247726 1.346987
-0.354085 -0.110032 1.649892
-0.278638 -0.287985 1.047004
-0.236369 -0.216361 1.140991
-0.256996 -0.306422 0.796907
-0.039165 -0.176305 1.216066
-0.032211 -0.186804 1.132075
0.134695 -0.308437 1.181134
-0.324779 -0.008799 1.568119
-0.452091 -0.064925 1.734972
0.393643 0.385737 2.147130
-0.418018 -0.222512 1.109189
0.409010 0.396092 1.836787
-0.048714 -0.230179 1.134640
-0.000677 -0.272986 1.183785
-0.226590 -0.257198 1.253170
0.036534 -0.171058 1.226652
-0.287074 -0.273576 1.195341
0.439654 0.400193 1.888887
-0.432551 -0.229622 1.228480
-0.376161 0.002281 1.525512
-0.424839 -0.239648 1.045655
0.021096 -0.120249 1.129426
-0.375737 -0.245501 1.349192
-0.248115 -0.294292 1.185025
-0.419068 -0.022465 1.451215
-0.019032 -0.184100 1.327650
-0.021415 -0.132317 1.216450
-0.017196 -0.114404 1.249160
-0.214107 -0.266277 0.981623
-0.396667 -0.333602 1.375452
0.037197 -0.259075 1.421205
-0.040768 -0.173027 1.579404
-0.476534 -0.186469 1.347884
0.086158 -0.270504 1.245129
0.412863 0.031183 1.458206
-0.337156 -0.241538 1.263277
-0.389727 -0.096627 1.600312
0.434815 -0.011709 0.974413
0.499563 -0.257645 1.277532
0.009626 -0.238300 1.225059
0.057149 -0.246260 1.323414
-0.113805 -0.171652 1.484736
-0.048365 -0.126311 1.387214
0.098607 -0.295144 1.220866
-0.200501 -0.224932 1.176926
0.424924 -0.254910 1.247089
0.483244 -0.179869 1.375931
0.019927 -0.219622 1.407218
-0.034037 -0.220969 1.153091
0.127771 -0.351512 1.187238
-0.062360 -0.231945 1.418928
-0.423315 -0.258689 0.994573
-0.023766 -0.137049 1.285454
0.027803 -0.263008 1.270086
-0.216709 -0.323557 1.246011
-0.033729 -0.244046 1.083841
0.444207 -0.014022 1.207126
-0.382285 0.001592 1.409178
-0.316997 -0.052079 1.274870
-0.070419 -0.178741 1.391917
-0.392366 -0.112811 1.511100
0.059514 -0.183727 1.419723
-0.057258 -0.234924 1.248724
-0.099931 -0.148209 1.419016
-0.001071 -0.206278 1.144659
-0.268503 -0.250923 1.198182
-0.071594 -0.189092 1.401427
-0.241543 -0.190195 1.044407
-0.409748 -0.250037 1.212856
0.400195 0.391980 1.852339
-0.207262 -0.201870 1.255682
0.127856 -0.335570 1.407664
-0.349025 -0.023318 1.447777
0.026538 -0.250976 1.088089
-0.214692 -0.273964 1.196109
-0.074883 -0.132458 1.350898
-0.066130 -0.160726 1.176031
-0.253198 -0.240930 0.971051
-0.407564 -0.232110 0.906327
-0.152324 -0.299173 0.993185
-0.490871 -0.160160 1.213261
-0.397935 -0.261962 1.129146
0.418691 -0.221881 1.184133
-0.052683 -0.254523 1.252309
0.009759 -0.239805 1.221747
0.067763 -0.250589 1.175170
-0.008998 -0.244350 1.174110
-0.033502 -0.197041 1.503029
-0.408358 0.038676 1.445739
-0.333254 0.077880 2.770427
0.131930 -0.312735 1.471630
-0.463975 -0.234816 1.362139
-0.212659 -0.269363 1.266648
-0.402164 -0.130099 1.592461
-0.073170 -0.164665 1.257585
-0.217990 -0.222695 1.096223
-0.071234 -0.194576 1.348106
-0.284796 -0.229929 1.124121
-0.245566 -0.223089 1.043515
-0.108445 -0.172937 1.338766
-0.075381 -0.194472 1.342288
-0.222245 -0.243144 0.835027
-0.064692 -0.197112 1.136788
-0.427613 -0.307023 1.341649
-0.493000 -0.144927 1.248092
-0.459489 -0.215519 1.033438
-0.290821 -0.356218 1.194240
0.490840 -0.202863 1.394172
0.406482 0.392694 1.816179
-0.381565 -0.234476 1.398719
0.025044 -0.178221 1.198246
-0.226347 -0.239746 1.024916
-0.031749 -0.214347 1.310404
-0.229078 -0.230664 1.044832
-0.402006 0.039474 1.432933
-0.044320 -0.168853 1.129110
-0.020841 -0.167018 0.974614
-0.026067 -0.200922 1.400401
0.020674 -0.220087 1.373766
-0.216489 -0.228437 1.122039
0.258468 0.318720 2.012943
-0.016406 -0.155944 1.221682
-0.360678 -0.010111 1.532963
0.427271 0.371105 1.587779
-0.137593 -0.178039 1.566159
0.485792 -0.257593 1.361233
-0.015328 -0.164792 1.391759
-0.487629 -0.197603 1.152441
-0.359182 -0.072587 1.473670
0.153848 -0.306378 1.736925
0.104083 -0.332078 1.208327
-0.352450 -0.111938 1.751322
0.053340 -0.253342 1.267905
0.431977 0.415410 2.038584
-0.213518 -0.245932 1.254155
0.269873 0.299259 1.900405
0.034606 -0.238641 1.502118
0.417205 0.365486 1.834231
-0.240846 -0.269993 1.184415
-0.240948 -0.248802 1.194463
0.000478 -0.181489 1.217988
-0.487550 -0.227814 1.251455
-0.079268 -0.135298 1.566589
-0.345333 -0.001772 1.605442
