0.053480 -0.072880 0.971676
-0.036302 0.056581 1.014969
-0.085719 -0.176157 1.362762
0.286351 0.052646 1.043961
0.349492 0.079530 1.357855
-0.069528 -0.210297 1.632255
0.056171 -0.056229 0.980564
-0.184215 0.185908 1.280940
-0.077257 -0.248398 1.539608
-0.241643 0.179692 1.165485
0.233738 0.157537 1.167156
-0.297513 0.177518 1.328460
-0.203526 0.102399 1.514440
0.208250 0.154410 0.965672
0.425764 0.077216 1.237473
-0.199233 0.229167 0.937442
0.093970 -0.069311 0.942537
0.120196 -0.062611 1.185296
0.422638 0.372910 1.146332
0.183012 0.108289 1.051428
0.143568 -0.191025 1.162049
-0.219556 0.131045 1.108543
-0.061076 -0.111928 0.918536
-0.180394 0.048528 1.254672
-0.174594 0.180878 1.188494
-0.015760 -0.083310 0.767845
-0.181952 0.106553 1.344300
0.496337 -0.425850 1.880382
-0.161912 0.105477 1.244344
-0.100260 -0.221709 1.681087
-0.205431 0.086336 1.174218
0.274673 0.136009 1.198171
-0.320752 0.120503 1.126392
0.063972 -0.076067 1.158118
0.353008 0.092779 1.521290
-0.062266 0.010323 1.181140
0.338936 0.108639 1.551628
-0.070426 0.234905 1.240814
-0.263993 0.167673 1.128912
0.098443 -0.036079 1.021665
0.202905 0.389937 1.852484
-0.128208 -0.170339 1.385938
-0.234271 0.124256 1.142499
-0.210797 0.114616 1.199913
0.181870 0.118106 1.211380
-0.206221 0.168817 1.132281
-0.136297 0.145547 1.276550
-0.375831 0.206705 1.544162
-0.087466 0.006243 1.086961
0.195390 0.427734 1.952170
-0.037425 -0.136241 1.029420
-0.164470 0.114554 1.156235
0.137453 -0.060879 1.177668
-0.385324 0.219313 1.415543
0.215573 0.452564 1.950054
-0.062127 -0.271987 1.451517
-0.209677 0.090493 1.417703
-0.313306 0.148467 1.513797
-0.094798 -0.194147 1.464632
-0.237317 0.107007 1.359072
-0.150719 0.127715 1.370278
0.057286 0.005921 1.132802
0.014939 -0.135198 0.910182
-0.204921 0.123290 1.287443
-0.188546 0.107064 1.078428
0.427573 0.328722 1.509991
0.414415 0.387171 1.446494
-0.005078 0.040182 1.338929
-0.013179 -0.000090 1.018302
-0.036549 0.008602 0.855357
0.213510 0.104250 1.307715
-0.214108 0.093965 1.096465
0.462627 0.342750 1.705391
0.052400 -0.056192 1.144547
0.084875 -0.054838 1.144325
-0.212454 0.106804 1.247985
-0.219150 0.171821 1.061203
-0.160254 0.144012 0.946984
0.266450 0.129545 1.212005
-0.269590 0.232311 1.039007
0.318515 0.125500 1.291381
-0.300873 0.150798 1.301509
0.417156 0.356724 1.182101
0.445906 0.357085 1.471546
0.134867 -0.066735 0.951520
0.386848 0.048116 1.225278
0.156295 -0.125027 0.777307
-0.082445 -0.139130 1.435583
-0.086741 -0.194897 1.590461
0.197845 0.159764 1.064366
0.450703 0.066510 1.028515
0.329205 0.101622 1.236749
0.316719 0.141421 0.991624
-0.154521 0.170896 1.342159
-0.021082 -0.121628 1.065906
-0.150614 0.119360 1.382872
0.334371 0.080979 1.153383
0.116480 -0.072515 1.051357
0.071854 0.352289 1.429126
-0.124167 -0.086284 1.064080
0.379291 0.391909 1.466081
-0.344924 0.162429 1.102777
-0.129742 0.007835 0.821978
-0.330235 0.145704 1.197670
0.084212 -0.083726 1.168544
0.198375 0.086956 1.101222
-0.231946 0.122396 1.200243
0.479753 0.054753 1.510743
-0.272895 0.196084 1.253125
0.388906 0.071249 1.188129
-0.140739 0.000326 1.196279
-0.159543 0.127770 1.257042
0.144116 -0.049152 1.037802
0.413292 0.300450 1.234560
0.053449 -0.057837 0.664185
0.203943 0.404526 2.009847
-0.156286 0.197579 1.048837
-0.222085 0.195967 1.188201
-0.068127 0.013890 1.111651
0.342962 0.149005 1.300538
0.195910 -0.133186 0.847752
-0.138865 0.135871 1.385894
-0.357369 0.019241 2.180352
-0.099475 -0.229199 1.773493
0.143202 -0.120524 1.069501
0.063981 -0.030658 0.983580
-0.283265 0.187606 1.474671
0.216391 0.480424 2.095464
0.372721 0.089412 1.265646
-0.015935 -0.028851 1.195598
-0.214143 0.171815 1.162799
0.190344 0.148089 1.034363
-0.068341 -0.206005 1.740646
-0.351261 0.126252 1.441049
-0.162381 0.205587 0.934464
-0.164748 0.131191 1.350540
0.011566 0.042524 1.037168
0.114797 -0.057102 0.854930
0.204977 0.448699 1.961274
0.179544 0.469859 2.082618
0.431965 0.347654 1.601568
-0.211402 0.126962 1.237791
-0.240020 0.227518 1.183330
-0.057443 -0.184986 1.547772
0.205296 0.104447 1.044258
-0.046317 -0.246261 1.586256
-0.269571 0.457108 1.518894
-0.325701 0.127795 1.252057
0.014912 -0.055303 1.193805
-0.481756 -0.480184 0.784504
-0.308978 0.147430 1.217158
0.425517 0.345136 1.597431
0.340007 0.072144 1.198358
-0.142211 0.160312 1.334158
-0.183750 0.110143 1.235610
0.047513 -0.067362 1.252200
0.000252 0.071324 1.035420
-0.039366 0.190700 0.921839
-0.099848 -0.228803 1.506226
-0.130481 0.118463 1.383844
-0.082666 -0.108843 1.149777
-0.037749 -0.087293 1.113321
-0.048788 -0.017810 1.096205
0.203987 0.127105 0.967037
-0.151823 0.112285 1.142681
0.120604 -0.056672 1.151893
-0.478967 -0.379472 1.237495
0.184406 0.116081 1.056256
0.324500 0.068421 1.019910
-0.151514 0.051318 1.202605
-0.249175 0.200299 1.484501
0.192645 0.436614 1.932712
0.388896 0.075657 1.272838
0.222455 0.068082 1.090968
-0.070864 -0.230244 1.672538
-0.191784 0.109432 1.314281
-0.329222 0.180713 1.186182
0.426504 0.114877 1.437718
-0.162074 0.155625 1.115052
0.002575 -0.091348 1.116039
0.030329 -0.024242 0.733752
-0.222032 0.142215 1.005913
0.350975 0.123735 1.097162
-0.137167 0.092520 1.350797
-0.223279 0.197627 1.355066
0.487874 0.036174 1.585884
-0.249296 0.132838 1.399918
-0.085512 -0.169394 1.737516
-0.015273 -0.198464 1.487412
-0.073490 0.003833 0.969881
-0.366203 0.008263 2.040910
-0.152132 0.122699 1.150123
0.321922 0.099878 1.441013
-0.051371 0.010250 1.077824
-0.437449 -0.380177 1.611388
0.365290 0.108987 1.063091
-0.256760 0.156755 1.120399
0.357037 0.099031 0.907483
-0.031902 0.016620 1.081495
0.430498 0.361042 1.495014
-0.109352 -0.235961 1.599052
-0.025115 -0.076037 1.094855
0.230923 0.135254 1.250452
-0.170472 0.130524 1.234630
0.234569 0.145256 1.156795
-0.199805 0.096610 1.204657
-0.000302 -0.037886 1.059408
-0.153386 0.080673 1.308261
0.189148 0.443673 2.042394
0.204863 0.453901 2.117981
0.312251 0.143047 1.275117
-0.133628 0.142055 1.127164
-0.260504 0.411349 1.381439
0.111688 -0.047805 1.099901
-0.032206 -0.041620 1.060216
0.470657 0.317648 1.763930
-0.495083 0.262551 1.805757
-0.118294 0.133111 1.426937
-0.243627 0.131631 0.955352
-0.243146 0.197911 1.443017
-0.246422 0.153965 1.237406
0.347471 0.057537 1.214972
0.407346 0.388256 1.468559
0.203855 -0.164153 0.720815
-0.110831 -0.063687 1.200388
0.019319 -0.318810 1.161837
0.006976 -0.116872 1.063818
-0.078235 0.253868 1.248362
-0.085922 -0.273873 1.501964
0.075417 -0.047571 0.897921
0.162698 -0.042877 0.896545
0.436977 0.341370 1.289166
0.167942 0.462388 1.896917
0.330878 0.136373 1.185836
-0.082594 -0.024550 1.436264
-0.315859 0.131272 1.211262
0.176965 -0.156828 0.777428
-0.294907 0.215865 1.423839
0.104096 -0.090582 1.226998
0.241385 0.136749 1.131008
0.428084 0.365933 1.424862
-0.029662 -0.157256 1.549934
-0.101921 -0.108303 0.845691
-0.126951 0.121640 1.399635
-0.339488 0.158016 1.154949
0.242120 0.153833 1.308587
-0.169943 0.076004 1.380386
0.108161 -0.034605 0.899570
-0.288064 0.162388 1.327307
-0.286996 0.457659 1.645549
0.182075 0.453689 1.857692
-0.262000 0.472080 1.608831
-0.267783 0.152209 1.227268
-0.188490 0.120159 1.410509
0.039535 -0.035065 1.170630
-0.026404 0.003004 1.041853
0.471870 0.328676 1.433496
-0.094509 -0.147960 1.451705
-0.037197 -0.057437 1.043394
-0.087490 -0.200385 1.515374
-0.141535 0.116766 0.969738
0.013872 0.040680 1.081419
0.167447 -0.119016 0.934662
-0.267746 0.449035 1.457615
-0.074335 0.285254 2.197283
0.188973 0.462641 1.940908
0.387700 0.102045 1.091690
-0.092795 -0.219112 1.531292
-0.178205 0.070911 1.155369
-0.071867 0.004835 1.106731
-0.066902 -0.079033 1.112081
0.036110 0.064025 0.927061
0.450473 0.067807 1.215700
-0.115370 -0.226593 1.497363
0.330598 0.112453 1.363599
0.196683 0.422307 1.911633
0.333948 0.107420 1.163911
-0.239394 0.223378 1.036785
0.419675 0.076692 1.391010
-0.110114 -0.115301 0.848285
0.219879 0.405632 1.898029
-0.175049 0.134408 0.939504
-0.182318 0.177120 1.388868
-0.499894 0.280988 1.366871
-0.057234 -0.082585 1.145661
0.177704 0.445648 1.814961
0.009852 -0.008828 1.104911
-0.152032 0.124267 0.987575
0.265084 0.146336 1.188204
0.199544 -0.103744 0.747214
0.057328 0.374324 1.404919
0.379905 0.113646 1.221975
0.415386 0.350081 1.681333
0.195607 0.394261 1.825407
0.229078 0.102634 0.947214
-0.017585 0.025146 1.423961
0.003122 0.017177 1.140562
-0.240080 0.123170 1.216328
-0.248503 0.193261 1.449868
0.127087 -0.063125 1.028508
-0.081686 -0.034220 1.007716
0.212783 0.077226 1.063912
-0.101701 0.239387 1.020792
-0.000360 0.036067 1.479290
-0.091884 0.063154 1.063564
0.176894 -0.156579 0.875325
-0.343886 0.117240 1.205182
0.345567 0.076923 1.041623
-0.242917 0.194681 1.185244
-0.040134 0.014556 0.948094
-0.086356 -0.213684 1.364505
-0.087379 0.020967 1.071728
0.210000 0.376879 1.957711
-0.287314 0.464058 1.644291
0.439092 0.393685 1.201683
-0.219131 0.125464 1.277028
0.409048 0.319089 1.457711
0.046877 0.054946 1.172208
-0.218676 0.089806 1.283148
-0.261205 0.166822 1.447165
-0.160485 0.104557 1.283869
-0.134498 -0.056736 1.277048
-0.224883 0.131019 1.146907
-0.111424 -0.013454 1.258545
0.346434 0.094172 1.364525
-0.087644 -0.214182 1.363867
-0.346286 0.085710 1.631931
0.159131 -0.135541 0.881316
-0.278893 0.437171 1.470146
-0.036314 0.023301 0.924012
-0.036415 -0.178083 1.591896
-0.293197 0.207544 1.288336
-0.206399 0.147317 0.998384
-0.140450 -0.041323 1.166063
0.414519 0.085591 1.009655
-0.078805 -0.167921 1.387382
-0.083503 0.263199 1.019203
0.381653 0.077768 1.079476
0.201577 0.111793 1.561677
0.043236 -0.061001 0.919109
-0.018108 0.020692 1.111730
-0.006401 0.025716 1.093090
-0.080375 0.035820 1.190892
-0.210418 0.130198 1.145240
0.194347 0.453759 1.850417
0.173906 0.447469 1.896996
0.168420 -0.126322 0.747069
0.350549 0.089492 1.329973
-0.020337 -0.108843 1.035557
0.442127 0.334851 1.493093
-0.216444 0.134037 1.064429
-0.058742 -0.050689 1.084572
-0.209453 0.112806 1.132148
0.460690 0.095736 1.173822
-0.038832 -0.082153 1.038888
-0.307650 0.158664 1.095145
-0.230841 0.122841 1.486223
0.016483 -0.112323 0.963999
-0.258941 0.124866 1.028388
0.327094 0.025528 1.205659
-0.087213 0.275671 1.139632
0.342825 0.122166 1.077338
-0.061959 -0.292829 1.380115
0.235042 0.138800 1.098002
-0.074021 -0.214485 1.684253
0.362235 0.114401 1.173376
-0.144437 0.132817 1.051629
-0.336954 0.008150 2.244958
-0.093073 0.069082 1.209544
-0.085035 -0.048781 1.194739
0.193541 0.454672 1.991092
-0.216171 0.150720 1.125393
-0.005958 0.071048 1.158722
-0.168664 0.106856 1.327663
-0.075459 0.061435 0.941900
-0.022801 -0.066525 1.050767
0.206100 0.451828 1.685534
-0.152922 0.142868 1.148417
-0.307530 0.452155 1.660384
-0.086498 -0.251758 1.513140
-0.334238 0.127337 1.097729
0.214332 0.094006 1.050117
-0.153618 0.144485 1.148205
0.272006 0.145208 1.274167
0.452749 0.375304 1.347596
0.162343 -0.114125 0.812660
0.102977 -0.100252 0.875636
0.418281 0.334984 1.771696
0.117030 -0.049728 1.135462
-0.054978 -0.194417 1.550719
-0.019684 -0.090683 1.213885
0.211478 0.454840 1.734826
-0.021826 0.025124 1.164427
0.199152 0.453051 2.041196
-0.049988 -0.177845 1.623155
-0.072602 -0.082994 0.974299
-0.149063 0.126116 1.297017
0.201300 0.135415 0.945835
-0.292556 0.189826 1.190100
-0.291743 0.460669 1.733264
