-0.117133 -0.434450 1.226081
-0.052917 -0.377361 1.472600
-0.366547 -0.436506 1.110654
-0.487037 -0.462520 1.352239
-0.470560 -0.423946 1.136827
0.492864 0.244772 2.098011
-0.076786 -0.438606 1.372661
-0.086504 -0.292997 1.348464
0.468185 0.194942 1.586419
-0.071734 -0.318697 1.537460
0.437120 -0.354058 1.349770
-0.129658 -0.322539 1.195138
-0.104362 -0.383942 1.328218
0.461681 -0.371932 1.321411
-0.395379 -0.426307 1.298790
-0.493046 0.228103 1.739717
0.026884 -0.467332 1.662617
0.006231 -0.439120 1.142603
-0.430554 -0.261379 1.779949
0.397962 -0.421010 1.315490
-0.496541 0.236988 2.060281
-0.117727 -0.360434 1.160789
-0.340675 -0.417531 1.228671
-0.107214 -0.409705 1.259225
-0.036566 -0.299278 1.602008
-0.303386 -0.391417 1.079650
-0.131778 -0.351002 1.599330
-0.476994 0.163478 1.899478
-0.115817 -0.352518 1.451311
0.486014 0.236377 1.976913
-0.104669 -0.396437 1.287983
0.457489 -0.375301 1.141751
-0.126495 -0.390334 1.620868
-0.093025 -0.426392 1.562587
0.479998 -0.393398 1.241082
-0.066673 -0.432727 1.056623
-0.445953 -0.408088 1.129546
0.431538 -0.355580 1.343814
-0.131632 -0.329439 1.353996
0.017250 -0.429174 1.335979
0.407937 -0.188627 1.094756
-0.340604 -0.479306 1.128887
-0.099040 -0.364701 1.273220
-0.043104 -0.382488 1.423455
0.426076 -0.405669 1.224435
-0.097712 -0.318701 1.432816
-0.048355 -0.332038 1.012698
-0.096401 -0.329998 1.334130
-0.045868 -0.451977 1.083264
-0.419848 -0.166467 1.301549
-0.312795 -0.443631 1.163345
-0.088725 -0.358861 1.301957
0.058468 -0.457172 1.298475
-0.113862 -0.316181 1.329366
0.466101 0.187782 1.565324
-0.334032 0.496601 1.136650
-0.108445 -0.392392 1.392192
-0.137250 -0.362272 1.327644
-0.281474 -0.486556 1.099712
-0.118224 -0.387766 1.254494
-0.005785 -0.363899 1.155614
0.021272 -0.422180 1.176976
-0.271760 -0.438388 1.169701
-0.095161 -0.359533 1.262683
-0.092360 -0.376494 1.539162
-0.386646 -0.289244 1.586718
-0.384242 -0.225701 1.517597
-0.011794 -0.402678 1.431305
-0.011431 -0.432017 1.400735
-0.065080 -0.422084 1.037153
0.481909 -0.437687 1.304285
-0.077265 -0.401029 1.245861
-0.414613 -0.284507 1.668744
0.023811 -0.469864 1.481031
-0.015190 -0.445029 1.145318
-0.075356 -0.381087 1.427522
-0.064250 -0.324927 1.601644
-0.074614 -0.337715 1.637450
-0.493674 -0.390329 1.309146
-0.067989 -0.276908 1.638466
0.497296 -0.385111 1.174763
-0.144730 -0.348045 1.650571
-0.400418 -0.273857 1.484074
-0.427061 -0.279590 1.639273
-0.015328 -0.418049 1.300419
-0.370370 -0.472733 1.146100
0.066780 0.492416 1.183225
-0.340718 -0.450323 1.206183
-0.322623 -0.478301 1.421380
0.435601 -0.362318 1.315729
-0.396245 -0.429705 1.276137
0.494713 -0.410202 1.140054
0.475153 -0.344595 1.377854
-0.080237 -0.297058 1.564671
-0.322454 -0.424310 1.283297
-0.092951 -0.353194 1.311595
-0.476207 -0.435404 1.377958
0.034447 -0.461304 1.437360
0.388566 -0.165386 1.207809
-0.288675 -0.451108 1.093686
-0.321482 -0.218627 1.737809
-0.114323 -0.358548 1.310906
-0.266960 -0.371545 1.152945
-0.104514 -0.389522 1.352149
0.092361 0.486866 1.206044
0.402700 -0.429573 1.461990
-0.131981 -0.357230 1.415641
-0.351400 -0.445516 1.265467
-0.131713 -0.305121 1.373188
-0.370880 -0.452420 1.233305
-0.343390 -0.346836 0.849458
-0.090015 -0.354277 1.178170
-0.003400 -0.394918 1.240952
-0.008228 -0.265053 1.443892
-0.049242 -0.449850 1.270643
-0.421439 -0.200366 1.484966
0.009849 -0.305130 1.160034
-0.112315 -0.290004 1.478570
-0.055216 -0.435154 1.066784
-0.384950 -0.344815 1.420756
0.076105 -0.488375 1.275562
-0.038053 -0.347523 1.397832
-0.339517 -0.382728 0.923726
0.473232 0.215474 2.018364
0.071532 0.496593 1.153043
0.003886 -0.440436 1.218130
-0.107499 -0.319190 1.454381
0.443572 0.210556 1.705479
-0.481770 -0.410026 1.156783
-0.096367 -0.427182 1.332008
-0.122527 -0.315651 1.365895
0.437680 -0.382981 1.445408
-0.309627 -0.477659 1.309033
-0.135400 -0.381572 1.427821
-0.052389 -0.280014 1.387258
-0.123570 -0.325657 1.289209
-0.072537 -0.353509 1.373585
0.012151 -0.438954 1.354512
-0.400686 -0.148278 1.732056
0.389571 0.109849 1.255892
-0.397890 -0.285731 1.578445
-0.061652 -0.370692 1.659181
-0.049277 -0.280135 1.583324
-0.292167 -0.463621 1.004747
0.489501 -0.443158 1.409885
0.429221 0.188963 1.662502
-0.348523 -0.184317 1.818200
-0.138531 -0.383006 1.551382
-0.117746 -0.434416 1.124978
-0.304176 0.182752 1.661886
-0.161610 -0.352277 1.318491
-0.435984 -0.284007 1.555161
-0.477793 -0.434852 1.350394
-0.013688 -0.326176 1.339038
-0.114104 -0.357963 1.216160
-0.066978 -0.456200 1.207534
-0.045942 -0.343388 1.053554
0.410212 -0.385104 1.428402
-0.315690 -0.496594 1.117298
-0.018525 -0.367926 1.241181
-0.296424 -0.452857 1.058751
-0.315187 -0.394437 1.193945
-0.082555 -0.441799 1.221531
0.445578 -0.396976 1.329378
-0.080793 -0.350838 1.331499
-0.079124 -0.406119 1.279472
-0.497489 0.192240 1.691254
0.418660 -0.409808 1.476808
-0.471388 -0.446520 1.247266
-0.003388 -0.443380 1.182287
-0.113611 -0.285984 1.632226
-0.391391 -0.166137 1.625681
0.496328 -0.416891 1.432280
0.444539 -0.449136 1.293892
-0.498360 0.218863 1.905896
-0.125220 -0.352488 1.452393
-0.157568 -0.323785 1.384398
-0.424618 -0.380263 1.345480
-0.031254 -0.338592 1.325973
-0.279164 -0.400269 1.310009
0.016468 -0.453205 1.387383
-0.116078 -0.344012 1.396823
-0.471624 -0.387948 1.355536
-0.085928 -0.371132 1.409118
-0.075428 -0.304868 1.448991
-0.336780 -0.409907 1.266800
-0.084890 -0.373176 1.237466
-0.320022 -0.440986 1.113129
0.494231 0.226341 1.962881
-0.093559 -0.436575 1.195450
-0.310541 -0.418429 1.265113
-0.030941 -0.358543 1.262935
-0.494658 -0.413603 1.032845
-0.037632 -0.438792 1.151305
-0.488385 0.174609 1.901496
-0.474942 -0.398001 1.181888
-0.137229 -0.337117 1.209475
-0.450384 -0.414297 1.476732
-0.013034 -0.426840 1.379508
-0.389013 -0.268116 1.609768
0.452073 0.202638 2.122751
-0.273675 -0.398651 1.126478
0.462366 -0.395332 1.393750
-0.102309 -0.336740 1.222845
0.454873 -0.370305 1.505795
-0.137000 -0.363713 1.372300
-0.096979 -0.444184 1.188796
-0.069270 -0.392376 1.003051
-0.420485 -0.154958 1.503687
-0.143652 0.014880 2.821709
0.472513 -0.360210 1.376300
-0.055483 -0.323439 1.344212
-0.327013 -0.221008 1.680109
0.064963 -0.460766 1.232971
-0.261615 -0.378413 1.107024
-0.356554 -0.308377 1.752416
-0.073113 -0.311131 1.534300
-0.037222 -0.341546 1.328285
-0.166531 -0.340121 1.356179
-0.133706 -0.293848 1.372357
-0.124126 -0.343683 1.039507
-0.471420 -0.457717 1.186632
-0.314231 -0.229374 1.744627
-0.337566 0.389097 1.339466
-0.318836 -0.410244 1.266194
-0.326676 0.479880 1.084372
-0.311255 -0.399676 1.231585
0.444964 -0.340578 1.318139
-0.493159 0.190750 1.771841
0.021394 -0.451153 1.198292
-0.011881 -0.405580 1.271659
-0.462902 -0.285624 1.660380
0.394148 -0.152017 1.400011
-0.421814 -0.398074 1.039901
-0.101043 -0.462403 1.204445
-0.113606 -0.389857 1.386993
0.103856 0.471735 0.958007
-0.060715 -0.306348 1.638091
0.114971 0.493601 1.213575
0.460752 -0.380746 1.341519
-0.296140 -0.250376 1.865655
-0.310743 -0.411009 1.241779
-0.316544 -0.445695 1.276114
-0.019887 -0.357220 1.301762
-0.137301 -0.353975 1.303860
0.490110 -0.378263 1.294024
-0.075445 -0.396609 1.455993
0.043943 -0.429125 1.308817
-0.112800 -0.341163 1.580289
-0.337361 -0.186224 1.377237
-0.434934 -0.155759 1.520732
-0.378442 -0.160321 1.691039
-0.122099 -0.347781 1.425234
-0.089261 -0.365123 1.370270
-0.026937 -0.438593 1.072095
-0.076827 -0.417209 1.231589
-0.293519 -0.276509 1.744528
-0.341929 -0.454500 1.395718
-0.312894 -0.377639 1.104089
-0.324525 -0.470987 1.362463
-0.079988 -0.347901 1.580670
-0.073656 -0.361326 1.215901
0.092122 -0.482528 1.459414
-0.332567 -0.186600 1.488771
-0.466063 -0.242233 1.254130
0.425661 0.210312 1.849145
-0.487504 -0.388005 1.078644
0.464783 0.226026 1.787204
-0.098614 -0.402480 1.264903
-0.060679 -0.441096 1.159838
-0.300792 -0.417174 1.420458
-0.023728 -0.339924 1.322043
-0.363159 -0.435905 1.168895
0.489209 0.227603 1.749415
-0.494743 -0.397163 1.337743
-0.391959 -0.176865 1.416660
0.492340 -0.399044 1.167194
-0.012624 -0.294849 1.615338
-0.447215 -0.409242 1.114668
-0.325486 -0.455445 0.990387
-0.438848 -0.200737 1.505063
-0.054664 -0.358219 1.388745
-0.056828 -0.307385 1.566246
-0.095577 -0.248776 -0.079774
-0.273283 -0.434712 1.297495
-0.457237 0.497541 1.180105
-0.014966 -0.431013 1.275697
-0.094978 -0.342170 1.576616
0.463466 -0.354054 1.025602
0.050565 -0.445923 1.429521
0.370066 -0.142433 1.298943
-0.390716 -0.412361 1.451756
-0.408147 -0.274454 1.450693
0.381731 -0.183319 1.362119
0.472255 -0.435376 1.412103
-0.035699 -0.411856 1.373805
0.002337 -0.416863 1.336159
-0.153097 -0.345650 1.527504
-0.081098 -0.302201 1.555408
0.046808 -0.467016 1.254049
-0.251537 -0.395702 1.127662
0.404497 -0.433071 1.359452
0.434867 -0.351582 1.583645
-0.018989 -0.393906 1.247531
-0.081353 -0.393207 1.470957
0.099025 0.472978 1.338236
-0.094182 -0.407679 1.374902
-0.489746 -0.424857 1.267072
-0.056257 -0.310669 1.540125
-0.043331 -0.426709 1.128232
-0.280114 -0.488666 0.915012
-0.093162 -0.413499 1.227148
0.383086 -0.182006 1.473057
-0.376592 -0.176892 1.718298
-0.304273 -0.228719 1.879936
-0.108734 -0.351780 1.584987
-0.386827 -0.291310 1.553018
0.004960 -0.354537 1.400456
-0.105170 -0.406137 1.129583
-0.112389 -0.323622 1.365617
-0.051087 -0.376577 1.223731
-0.335736 -0.416950 1.038695
-0.109637 -0.363772 1.230929
-0.307454 -0.356818 1.272654
-0.468391 -0.419853 1.348597
0.468721 0.227641 1.860382
-0.289194 -0.361084 1.033813
0.068407 0.495085 1.223419
-0.336691 -0.201190 1.674222
-0.025165 -0.423153 1.306742
-0.296613 -0.431757 1.117850
-0.116857 -0.305665 1.422437
-0.113450 -0.332685 1.332389
-0.326273 -0.404504 1.187395
-0.467956 -0.398963 1.351419
-0.205607 -0.468119 1.444756
0.462145 -0.330771 1.531232
-0.453777 -0.431344 1.363858
0.395932 -0.400127 1.349320
-0.120245 -0.419454 1.318597
-0.028431 -0.413536 1.421384
0.009981 -0.419559 1.109015
-0.052270 -0.418545 1.365754
-0.067712 -0.372504 1.512604
-0.422280 -0.140375 1.549287
-0.162066 0.031907 2.553508
0.100927 -0.489347 1.205656
0.478062 -0.404376 1.436882
-0.283232 -0.432229 1.196589
-0.407634 -0.309307 1.589239
-0.101434 -0.340047 1.178165
-0.297070 -0.383941 1.140218
-0.109937 -0.368860 1.392810
-0.349334 -0.395051 1.443065
-0.325736 -0.381654 1.251341
-0.146555 -0.345305 0.959430
-0.126893 -0.363460 1.045172
-0.312415 -0.396739 0.730924
-0.116264 -0.369410 1.330228
-0.472893 -0.480284 1.244860
0.471624 -0.320490 1.235903
0.485780 -0.385131 1.458410
-0.339982 0.471565 1.298599
0.443050 -0.374484 1.161417
0.466438 0.226017 2.138385
-0.429509 -0.407016 1.382239
-0.007215 -0.353921 1.540724
-0.326717 -0.388035 1.057395
-0.077717 -0.387056 1.291189
-0.286156 -0.399792 1.281815
-0.417193 -0.139404 1.511780
-0.077708 -0.343880 1.534401
-0.060173 -0.339568 1.133596
-0.069706 -0.373506 1.158512
-0.014022 -0.394520 1.383958
-0.277949 -0.395602 1.217386
0.362350 0.176620 2.283146
-0.072539 -0.326566 1.247105
-0.365215 -0.189269 1.593708
0.491796 0.205584 2.123779
-0.169021 -0.354057 1.267329
0.421148 -0.423857 1.029168
-0.073804 -0.333658 1.365866
0.467648 -0.370224 1.312012
-0.336167 -0.250545 1.644445
0.112182 -0.480596 1.311143
0.038243 -0.497109 1.067697
-0.385419 -0.287809 1.268145
-0.001521 -0.421565 1.239314
0.467659 0.240854 1.634793
-0.293509 -0.403682 0.976402
0.326575 0.132414 1.817331
-0.022216 -0.406963 1.450437
0.469126 0.194865 2.124227
-0.329328 -0.424961 1.023101
-0.309348 -0.414192 1.117191
-0.044997 -0.354757 1.481573
0.481867 -0.403463 1.456744
-0.119068 -0.310697 1.321486
-0.349024 -0.179768 1.790440
