-0.496203 -0.414943 7.145406
-0.486789 -0.450948 -4.211394
-0.483867 -0.419756 5.992712
-0.495208 -0.396925 -2.918707
-0.497852 -0.419964 -3.110823
-0.487414 -0.381725 6.707144
-0.493720 -0.398983 6.303539
-0.478762 -0.443298 -3.258893
-0.486841 -0.432307 -3.636004
-0.490161 -0.400531 -4.037411
-0.476058 -0.390998 -2.911084
-0.491612 -0.397358 5.945943
-0.447806 -0.329347 -4.175730
-0.485753 -0.461701 -3.262708
-0.464592 -0.336068 -2.241595
-0.485938 -0.417733 -3.964097
-0.483991 -0.371804 -3.839727
-0.484816 -0.426349 6.386713
-0.491388 -0.425786 -3.932289
-0.476286 -0.365861 5.823427
-0.499752 -0.465883 -2.729948
-0.489765 -0.359278 -3.023636
-0.497922 -0.386257 6.477868
-0.475869 -0.437875 6.499339
-0.497020 -0.388355 -2.960040
-0.487270 -0.416352 6.645349
-0.497111 -0.394561 6.670091
-0.480380 -0.352885 6.322232
-0.471637 -0.393607 -3.816406
-0.484958 -0.475475 6.741730
-0.477378 -0.487043 6.815344
-0.492837 -0.423219 -3.455897
-0.489287 -0.426423 6.717615
-0.489923 -0.352344 6.974883
-0.477605 -0.370629 6.920583
-0.495631 -0.291572 -4.040897
-0.485015 -0.422249 -4.135278
-0.488307 -0.332618 -3.425964
0.458310 -0.234501 -3.956919
-0.499701 -0.366222 5.692368
-0.494261 -0.470094 6.963533
-0.493718 -0.355743 6.873335
-0.487470 -0.464042 -3.813811
-0.484720 -0.405835 -3.915744
-0.486464 -0.374123 6.901715
-0.497181 -0.313479 6.268799
-0.496981 -0.333133 -4.329481
-0.470466 -0.366184 -2.696479
-0.472325 -0.498922 10.608806
-0.488817 -0.339408 -3.050940
-0.498944 -0.482163 6.700150
-0.491549 -0.453756 -3.048546
-0.490068 -0.474056 -2.037600
-0.485610 -0.330409 -3.998310
-0.495082 -0.396094 7.008783
-0.456483 -0.370136 -3.128181
-0.489716 -0.413311 8.185911
-0.473148 -0.385130 -3.270991
-0.499036 -0.269042 -2.778058
-0.492130 -0.448237 -3.760190
-0.474692 -0.298280 6.949744
-0.497032 -0.382935 -2.935627
-0.485069 -0.391998 -3.506395
-0.493600 -0.445828 -3.202569
-0.485141 -0.402794 6.368133
-0.474763 -0.353933 -2.600091
-0.495772 -0.440682 6.851399
-0.477355 -0.337023 6.611169
-0.492686 -0.409768 -3.758094
-0.484056 -0.392804 -3.059417
-0.476011 -0.381391 -2.317024
-0.450773 -0.481760 -2.643588
-0.477869 -0.410792 6.098489
-0.469318 -0.435355 -4.056553
-0.484423 -0.438680 -2.352080
-0.468720 -0.363237 -2.876005
-0.498862 -0.421178 -3.974464
-0.482244 -0.348563 6.487015
-0.486307 -0.411051 7.386718
-0.485134 -0.453875 6.984078
-0.457959 -0.455335 -3.310052
-0.488351 -0.393014 -3.970003
-0.465670 -0.354353 -3.586241
-0.474491 -0.429294 7.127846
-0.498583 -0.316022 7.180325
-0.480488 -0.409067 -3.570300
-0.496213 -0.343937 -3.155419
-0.490702 -0.335775 -2.854260
-0.462697 -0.418399 -3.677043
-0.497106 -0.366385 6.486247
-0.468285 -0.448025 -3.643099
-0.488662 -0.352146 6.291875
-0.486716 -0.378949 -3.692249
-0.498022 -0.365311 -2.853812
-0.476371 -0.312876 6.538829
-0.485097 -0.422325 6.808105
-0.487916 -0.411217 6.005570
-0.486212 -0.305089 6.318134
-0.497106 -0.328841 7.067901
-0.493305 0.454305 -2.969195
-0.486763 -0.430004 5.930431
-0.487310 -0.469558 6.872562
-0.493173 -0.407446 -3.446024
-0.494461 -0.401453 -3.411702
-0.496988 -0.423500 -4.088187
-0.492425 -0.400397 -3.753167
-0.479360 -0.339833 -2.534779
-0.496876 -0.343633 -2.987670
-0.433622 -0.355381 -3.978559
-0.487894 -0.402109 -3.547007
-0.477949 -0.383862 -3.454891
-0.470027 -0.408338 -3.315993
-0.488152 -0.433668 6.297133
-0.485394 -0.385015 -3.398548
-0.482984 -0.423604 -3.031111
-0.477411 -0.294136 7.052706
-0.471384 -0.391998 -3.440644
-0.488169 -0.356390 -2.847702
-0.491837 -0.366660 -3.173097
-0.463166 -0.333195 -3.223736
-0.477604 -0.439653 -3.662069
-0.494405 -0.400426 -3.919618
-0.472116 -0.404513 -2.830138
-0.473117 -0.338962 -3.187625
-0.485399 -0.482969 -3.032197
-0.495167 -0.383884 -3.681600
-0.489101 -0.324638 -3.054626
-0.499373 -0.439789 -3.423023
-0.482596 -0.491506 6.301117
-0.490570 -0.461915 -3.132015
-0.464160 -0.358556 -3.735767
-0.485002 -0.351504 6.567113
-0.484684 -0.371414 6.359109
-0.496611 -0.433071 6.754206
-0.453627 -0.344831 -4.447356
-0.483470 -0.439976 -3.918030
-0.494196 -0.423195 6.376395
-0.449438 -0.331720 -4.322288
-0.465110 -0.348587 -4.465664
-0.492111 -0.371728 -4.143678
-0.472795 -0.412337 -3.725338
-0.488164 -0.367464 6.328232
-0.460339 -0.427451 -3.570629
-0.483297 -0.375127 6.964201
-0.482485 -0.403728 -2.894440
-0.483610 -0.387296 -3.358051
-0.492631 -0.409735 -2.831889
-0.485690 -0.460636 6.700762
-0.468391 -0.407522 -3.476554
-0.463310 -0.444204 -3.170492
-0.490181 -0.471856 -3.535611
-0.468524 -0.300858 -3.163221
-0.484605 -0.440634 -3.961765
-0.484557 -0.412149 -4.121992
-0.496961 -0.438172 -4.348866
-0.447011 -0.282048 -3.574242
-0.497464 -0.409391 -3.235945
-0.483299 -0.268239 6.677837
-0.496993 -0.422606 5.686662
-0.486519 -0.374956 6.518758
-0.473413 -0.462857 -3.616708
-0.455258 -0.423257 -3.397008
-0.473512 -0.445891 -3.987647
-0.494660 -0.410862 -3.628992
-0.484498 -0.316487 -3.794310
-0.496576 -0.365123 6.524080
-0.478171 -0.499073 9.642635
-0.478592 -0.372152 -3.649368
-0.474518 -0.428878 6.052079
-0.497655 -0.410900 -3.477314
-0.466686 -0.399803 -3.241845
-0.476387 -0.387742 -3.224081
-0.477235 -0.455270 -3.755649
-0.488438 -0.373583 -3.288509
-0.466803 -0.430917 -3.402593
-0.477858 -0.401111 6.548113
-0.409979 -0.365967 -2.878616
-0.493628 -0.419392 -2.892690
-0.488303 -0.366613 6.074010
-0.496494 -0.435453 6.867962
-0.497051 -0.449968 -3.758248
-0.480237 -0.348070 -4.280839
-0.468347 -0.376117 -3.586385
-0.468229 -0.388404 -3.726734
-0.491008 -0.456909 -3.836290
-0.482395 -0.391169 -3.216056
-0.498133 -0.401523 6.832962
-0.473499 -0.415687 -1.661740
-0.499536 -0.381349 -3.951776
-0.496126 -0.440481 6.752665
-0.485613 -0.291066 6.735205
-0.494233 -0.484800 6.461337
-0.492797 -0.434045 -3.724742
-0.484878 -0.312067 -3.390881
-0.458647 -0.435950 -3.793833
-0.480719 -0.396326 -2.928236
-0.463424 -0.404719 -3.835523
-0.490788 -0.466164 -3.871277
-0.484860 -0.366743 6.355984
-0.492773 -0.450298 5.675738
-0.489996 -0.316760 6.313775
-0.487954 -0.464256 6.267537
-0.440987 -0.432717 -3.221392
-0.496529 -0.399954 -3.246003
-0.486910 -0.371709 -3.219527
-0.491052 -0.339176 6.474883
-0.485660 -0.361415 6.869530
-0.495928 -0.356018 6.717593
-0.475959 -0.422387 6.585806
-0.498538 -0.455548 -3.463098
-0.490282 -0.404387 6.331690
0.121381 -0.109937 -6.156357
-0.483275 -0.423041 -3.487205
-0.498655 -0.390255 6.205285
-0.497975 -0.297610 6.692388
-0.451230 -0.366182 -4.181468
-0.489958 -0.356496 6.387983
-0.472569 -0.430830 -3.424462
-0.496436 -0.355470 -3.413537
-0.484007 -0.448791 -3.073670
-0.473236 -0.490623 10.085050
-0.475527 -0.415698 -2.989177
-0.487699 -0.437048 6.801499
-0.478884 -0.423647 -3.993937
-0.468501 -0.363884 -3.280649
-0.483757 -0.394585 6.574450
-0.491395 -0.450299 -3.244725
-0.473348 -0.358588 -3.586124
-0.465623 -0.409568 -3.670285
-0.486840 -0.376647 -3.445635
-0.468484 -0.406031 -3.400689
-0.492733 -0.284028 6.192656
-0.478350 -0.385252 -3.042529
-0.495791 -0.358254 -3.172009
-0.489442 -0.422214 -3.314323
-0.482551 -0.422494 6.581546
-0.492726 -0.391623 -3.803983
-0.494201 -0.451990 7.036269
-0.485651 -0.465932 6.075683
-0.491702 -0.413295 5.015197
-0.493280 -0.353243 6.360445
-0.499303 -0.393856 -3.679277
-0.496526 -0.395479 6.657059
-0.498634 -0.382951 -3.216021
-0.499302 -0.411850 5.534331
-0.488700 -0.327373 -3.609007
-0.481328 -0.439471 -3.107883
-0.487305 -0.301543 7.012669
-0.491111 -0.454314 7.342046
-0.491067 -0.336514 6.225885
-0.480175 -0.399630 -3.889014
-0.493958 -0.394517 -3.167349
-0.453316 -0.354267 -3.256731
-0.491253 -0.358002 -3.384501
-0.487527 -0.381312 6.861833
-0.493659 -0.405635 -3.657387
-0.473006 -0.431554 -2.853029
-0.480579 -0.399189 -3.569018
-0.449580 -0.440990 -3.189861
-0.495611 -0.395978 -3.741601
-0.454953 -0.415627 -3.420097
-0.487973 -0.391869 6.490555
-0.497831 -0.428094 -3.233066
-0.499050 -0.475723 -3.669603
-0.494899 -0.386735 -3.532765
-0.467346 -0.335246 -3.050080
-0.454031 -0.361731 -2.951282
-0.498481 -0.438702 6.718154
-0.477232 -0.390276 -3.063307
-0.485562 -0.405230 -3.382440
-0.494109 -0.363599 -3.320501
-0.498669 -0.436439 -2.916794
-0.492488 -0.400683 -3.691014
-0.480902 -0.396054 7.056261
-0.496718 -0.489261 -3.587017
-0.470218 -0.309140 -3.188766
-0.499775 -0.338190 6.051143
-0.469704 -0.314947 -3.087816
-0.490201 -0.435953 -2.823924
-0.485763 -0.440489 -3.279972
-0.486802 -0.338104 6.673205
-0.494904 -0.400472 6.447389
-0.477966 -0.456169 -2.971202
-0.455996 -0.432101 -3.297988
-0.474444 -0.421205 -4.046842
-0.481959 -0.356064 7.560322
-0.450082 -0.269243 -3.993282
-0.479757 -0.422335 -3.345242
-0.491970 -0.332836 5.464145
-0.488700 -0.425286 -3.627357
-0.470062 -0.406800 -3.450922
-0.483341 -0.479687 -2.928476
-0.490393 -0.355211 6.382608
-0.493821 -0.411419 -2.577652
-0.432563 -0.383881 -2.595994
-0.489450 -0.384294 -3.572382
-0.471711 -0.413116 -3.463232
-0.489774 -0.365905 6.739057
-0.480382 -0.412892 6.715458
-0.497715 -0.363475 5.501753
-0.487417 -0.383359 5.850355
-0.481544 -0.367849 -3.689063
-0.499787 -0.358687 6.549755
-0.474826 -0.399282 -3.553663
-0.496180 -0.372813 7.255360
-0.482256 -0.339228 -2.778862
-0.494117 -0.375896 6.446802
-0.483367 -0.338247 5.695127
-0.475995 -0.364499 -3.425033
-0.483143 -0.461536 5.610924
-0.489992 -0.391417 5.700125
-0.484385 -0.455488 6.634044
-0.484186 -0.430541 -3.075575
-0.478503 -0.337891 6.978526
-0.493274 -0.372972 -3.658574
-0.484643 -0.367727 -3.051983
-0.346678 -0.154732 4.908596
-0.469191 -0.375783 -3.701662
-0.486255 -0.401046 7.057883
-0.472944 -0.435209 -3.278860
-0.497308 -0.327521 -3.533471
-0.491783 -0.384866 6.427643
-0.489763 -0.340509 -2.722251
-0.455302 -0.397188 -2.635839
-0.461362 -0.393878 -3.829032
-0.498246 -0.391594 -3.421457
-0.491987 -0.319393 7.200861
-0.496185 -0.364948 6.088568
-0.476389 -0.456408 6.298505
-0.499199 -0.402229 6.848464
-0.482131 -0.341595 6.462079
-0.497173 -0.431479 7.277321
-0.465535 -0.370468 -3.186371
-0.468963 -0.289629 -3.286477
-0.462317 -0.393822 -2.925635
-0.485906 -0.412530 6.334401
-0.447103 -0.363952 -3.966191
-0.474219 -0.363718 6.634316
-0.494627 -0.451855 -4.048831
-0.499747 -0.412742 -3.918331
-0.464592 -0.418540 -3.411959
-0.477858 -0.338915 -3.286898
-0.492968 -0.411055 -3.325761
-0.468545 -0.384079 -4.230690
-0.499728 -0.432651 6.600869
-0.470340 -0.291147 6.564155
-0.488221 -0.296764 6.537580
-0.463911 -0.338363 -3.503714
-0.460500 -0.404432 -3.525025
-0.484646 -0.407214 -3.098076
-0.491899 -0.363840 6.749526
-0.472301 -0.353000 -4.023226
-0.497592 -0.456712 6.676956
-0.497004 -0.369049 -3.522843
-0.465895 -0.386870 -2.875050
-0.479779 -0.367680 6.510148
-0.492260 -0.354196 6.878049
-0.499196 -0.287486 -3.346385
-0.492953 -0.397040 6.969891
-0.474699 -0.274684 -3.295944
-0.493314 -0.350208 6.997556
-0.447997 -0.280716 -3.355472
-0.473039 -0.366861 -3.553474
-0.469941 -0.450152 -3.357672
-0.487029 -0.334956 -4.059267
-0.497927 -0.447786 -3.531140
-0.499059 -0.362798 6.864268
-0.472562 -0.373452 -4.116074
-0.473987 -0.306782 5.642252
-0.479415 -0.378977 -3.687436
-0.488630 -0.474446 7.322529
-0.496547 -0.411052 6.925059
-0.495770 -0.405305 6.175281
-0.484088 -0.434436 -3.382438
-0.482370 -0.341154 6.888234
-0.494807 -0.391068 5.723908
-0.486276 -0.455323 5.414545
-0.493479 -0.339463 6.361390
0.067030 -0.379940 3.522112
-0.458561 -0.365694 -2.913180
-0.492831 -0.340067 -4.168986
-0.499336 -0.420283 6.913235
-0.475996 -0.379684 -3.505902
-0.495984 -0.467782 6.427804
-0.482079 -0.430366 -3.579756
-0.491999 -0.460648 -3.666313
-0.493569 -0.441344 -2.826922
-0.477448 -0.372613 -3.314653
-0.498744 -0.288521 6.721050
-0.472351 -0.429405 -4.707100
-0.482921 -0.375762 -2.770217
-0.485087 -0.408182 -2.874803
-0.469174 -0.451566 -4.056400
-0.487649 -0.482567 6.253929
-0.452145 -0.410883 -4.078186
-0.453966 -0.410719 -4.354050
-0.473146 -0.374938 -3.496362
-0.472996 -0.305660 6.621309
-0.485992 -0.397989 -2.919173
-0.474351 -0.406659 6.134840
