0.310180 -0.006931 1.870475
-0.276714 0.367540 1.916082
-0.329169 0.272818 1.449444
0.351060 0.071827 1.894469
0.220203 -0.068444 1.978857
-0.350855 0.186600 1.711274
0.184463 -0.052451 1.698936
-0.051896 -0.427945 1.916267
0.221444 -0.009326 1.879398
-0.248968 0.323894 1.724013
-0.259084 0.328976 2.050463
0.384076 0.095072 1.928953
0.273905 -0.034018 2.065991
0.168987 -0.095554 1.602145
0.380610 0.055679 1.758432
-0.393281 -0.056286 1.289707
0.066602 0.481188 1.630473
-0.171919 0.390399 1.757635
0.196185 -0.006424 1.973683
-0.187550 -0.468786 1.876975
0.331844 0.033273 1.785740
-0.088366 -0.354311 1.750498
-0.087093 -0.434508 1.810534
-0.410063 0.011739 1.466240
-0.221185 -0.458740 1.692087
-0.173323 0.260789 1.750893
-0.366711 0.273528 1.785882
-0.030360 -0.393422 1.743346
-0.186758 0.320089 1.863152
-0.049770 -0.412275 1.646760
-0.069193 -0.465948 1.668915
0.173860 -0.122194 1.828280
-0.089633 -0.460747 1.599143
-0.390633 0.213634 1.667712
-0.214860 0.400918 1.583700
-0.316336 0.330518 1.935544
0.264413 0.062094 1.904131
-0.289625 -0.490457 1.773537
0.152498 -0.173811 2.012037
-0.264532 0.390143 1.968241
0.408314 -0.042379 1.385017
0.212804 0.047342 1.863585
-0.443052 0.032481 1.247032
-0.135827 -0.429340 1.871749
0.181647 -0.115019 1.707919
0.075718 -0.287499 1.611674
0.344029 0.045907 1.944076
-0.343100 0.205118 2.020182
-0.117129 -0.458459 1.562467
-0.088888 -0.269215 1.833626
0.213584 0.043924 1.963691
0.079227 -0.405866 1.605441
-0.145851 -0.433398 1.692556
0.291122 0.009421 1.789856
-0.027636 -0.416792 1.696278
-0.261053 0.321612 2.021744
-0.105819 -0.459039 1.740176
0.268302 -0.000880 1.706418
0.160969 0.064253 1.773496
-0.014985 -0.421470 1.867749
0.436358 0.021285 1.612164
0.090043 0.080240 1.980164
0.218274 0.006534 1.967689
-0.247006 -0.362899 1.680633
0.335643 0.031231 1.839692
0.209651 -0.002194 1.805253
0.275422 -0.066008 2.008812
0.104773 0.015467 1.816340
0.314679 0.009595 1.908514
-0.086275 -0.479119 1.722866
0.490195 0.063969 1.807268
-0.264186 0.347890 1.747735
0.238507 0.016652 1.820033
-0.174948 0.441622 1.691279
0.226499 -0.063452 1.891861
-0.419344 0.131396 1.549612
-0.151383 0.475416 2.006984
0.030785 0.200393 1.813479
-0.281217 0.297464 1.933672
-0.046491 -0.386027 1.392361
0.239875 -0.049566 1.832211
