-0.377337 0.348127 -5.985003
-0.292570 -0.124947 -0.902536
-0.492614 -0.041145 -2.016085
-0.469179 -0.399944 -2.968589
-0.440594 -0.206783 -4.168057
-0.437200 -0.096814 -0.501080
-0.445838 -0.191790 -6.260185
-0.428642 -0.330967 -3.943988
-0.473465 -0.286422 9.280432
-0.381956 -0.068729 -3.593541
-0.452833 -0.473493 -0.764924
-0.345506 -0.084645 -3.700895
-0.460894 0.378522 -6.202821
-0.347341 -0.438826 -1.730940
-0.449640 0.218421 5.922587
-0.479168 -0.037325 -3.090108
-0.459248 -0.464331 -6.163888
-0.219956 -0.477706 -3.199418
-0.397925 -0.060451 -3.008279
0.329847 -0.038556 -5.466970
-0.456732 -0.365844 -4.269854
-0.499617 0.156081 -1.175744
-0.435975 -0.357895 -1.628624
-0.234889 -0.462597 5.525500
-0.494837 -0.194669 -3.811422
-0.497855 -0.470062 -0.933044
-0.378125 -0.381111 -3.195400
-0.413036 0.408806 1.101041
-0.438426 -0.409142 -2.340288
-0.386115 -0.439418 -1.666434
-0.465518 -0.303305 -4.757011
-0.384235 -0.147668 -3.165050
-0.360561 0.075671 -5.118530
-0.429057 -0.428152 5.669288
-0.285564 -0.075765 -4.733523
-0.483637 -0.472040 -5.997828
-0.312447 -0.046440 -5.062423
-0.488505 -0.220163 5.017271
-0.449230 -0.260107 -5.249349
-0.481557 -0.467976 -2.966680
-0.283127 -0.227753 -5.191971
-0.445940 -0.112699 -0.313872
-0.460402 -0.335274 -5.820756
-0.391972 -0.012559 -1.374505
-0.483190 -0.276034 -3.815377
-0.496447 -0.354774 5.801678
-0.306645 -0.133274 -1.604340
-0.350253 -0.031964 -5.038189
-0.445416 -0.120410 -2.889943
0.084073 0.230437 4.177678
-0.456640 -0.316827 5.633549
-0.446166 -0.117889 -3.511766
-0.425128 -0.229387 -4.693570
-0.421907 -0.362016 -4.636280
-0.457963 -0.231239 -2.915934
-0.493719 0.099201 6.448376
-0.476683 0.186973 3.855436
-0.444546 -0.209614 -5.981585
-0.433377 -0.230726 -6.276701
-0.365927 -0.176798 -5.988621
-0.447627 -0.266381 5.931449
-0.446026 0.195101 3.947732
-0.266600 -0.097586 -4.110550
-0.465932 -0.248445 -5.283918
-0.421661 -0.445440 -3.537090
-0.496129 -0.447769 -4.934992
-0.371222 0.024665 -6.154836
-0.474547 0.271327 2.646369
-0.463247 -0.300459 -4.481091
-0.378443 -0.432302 -2.849018
-0.473223 -0.184327 7.616862
-0.365586 0.003488 -4.554700
-0.429736 0.132363 -4.858385
-0.320823 -0.209813 -3.686614
-0.470171 -0.369089 -1.558554
-0.419919 -0.445101 -4.601796
-0.486693 0.061620 -3.744547
-0.492289 -0.196780 -2.786326
-0.453859 -0.183359 -3.328524
-0.494010 -0.186376 -0.327003
-0.317684 0.118905 -6.278414
-0.375337 -0.033215 -2.590098
-0.250723 0.057784 -6.202380
-0.402635 -0.276130 -2.630200
-0.325331 -0.469819 6.245834
-0.471397 -0.236026 -3.129304
-0.414580 0.097816 2.566425
-0.341091 -0.282609 -2.545211
-0.477040 -0.218212 -6.011122
-0.355628 0.062705 -4.885301
-0.410628 -0.229264 -4.928738
-0.451198 0.053191 -4.543228
-0.435232 -0.417941 -3.557970
-0.380516 -0.478905 -4.579105
-0.483139 0.311717 4.342994
-0.473591 -0.198132 -2.997014
-0.470939 -0.483198 10.465744
-0.472361 -0.417295 -3.775149
-0.474755 0.197015 4.001209
-0.362731 -0.463596 -3.977463
-0.444144 -0.235424 -5.629009
-0.440664 0.453967 4.197254
-0.379727 0.446303 2.694541
-0.469953 0.340097 3.540941
-0.441772 -0.118533 -6.095597
0.046688 0.269167 -4.776460
-0.406463 -0.462067 -5.185175
-0.498332 -0.014723 5.763208
-0.158709 0.006201 -3.750282
-0.359605 -0.492499 -5.823644
-0.327575 0.134342 -5.938622
-0.491226 0.379959 5.651803
-0.429178 -0.466266 -1.152230
-0.365981 0.066370 -6.138405
-0.399589 0.034215 -4.375266
-0.487909 0.490763 -1.317217
-0.389908 -0.127064 -1.140823
-0.495891 -0.096499 3.744438
-0.272050 -0.165034 -3.688695
-0.439841 0.237230 -5.713797
-0.441451 0.334437 3.427696
-0.372874 0.494713 0.394119
-0.468796 0.073697 -6.282102
-0.409970 -0.358841 -6.065030
-0.427386 0.047462 5.608101
-0.445014 -0.403005 -4.094236
-0.250793 0.058571 5.870134
-0.473602 -0.383471 3.251249
-0.397830 0.443382 5.693072
-0.445610 -0.230787 -1.582943
-0.394585 -0.156842 -4.450632
-0.454259 -0.126368 -2.977832
-0.395539 -0.496926 8.552821
-0.424352 -0.075134 -4.646936
-0.498998 -0.445964 5.907149
-0.299784 -0.454121 -1.616982
-0.392222 -0.313074 -3.286999
-0.425495 -0.306259 5.016100
-0.240558 0.251606 3.190021
-0.451511 0.121022 -4.795528
-0.453844 -0.282208 -4.090537
-0.483639 -0.450062 6.859533
-0.451970 -0.312642 -3.994635
-0.348363 -0.459015 -3.662917
-0.002292 0.286214 -0.030696
0.136896 -0.116039 3.478379
-0.337792 -0.268586 -1.732688
-0.344899 -0.260498 -1.156183
-0.398029 -0.411051 -2.417421
-0.451069 -0.005739 -4.717606
-0.441740 0.076662 -1.527577
-0.471336 -0.397670 -3.210741
-0.431368 -0.354488 -5.124657
-0.402169 -0.413903 -2.500413
-0.292610 0.033197 -5.408379
-0.476068 -0.457440 -3.437802
-0.483149 0.242610 -1.508538
-0.354367 0.396533 -5.830246
-0.376977 0.482180 11.562606
-0.368233 0.486884 1.479558
-0.415750 -0.253094 -4.778693
-0.476132 -0.286558 7.024449
-0.463461 -0.495028 -2.208755
-0.423283 -0.250145 -1.815299
-0.463809 -0.207811 -1.525993
-0.381447 -0.298465 -3.636560
-0.316656 0.045236 -2.984612
-0.414129 -0.346309 5.465002
-0.214748 -0.262376 -5.793188
-0.482351 -0.268336 -4.847425
0.235564 0.073396 -3.294963
0.154972 -0.069493 -0.652911
-0.420343 -0.345825 6.060682
-0.434842 -0.116646 -3.545821
-0.462364 -0.298576 -1.955971
-0.364924 -0.163692 -2.379056
-0.449768 -0.149578 -3.057877
-0.395900 -0.460627 -1.216754
-0.426197 -0.110035 -3.913862
-0.495202 -0.148425 -3.407371
-0.486260 -0.120603 -5.450673
-0.453926 -0.114136 -4.315096
-0.395871 -0.133952 -5.827840
-0.485297 -0.210503 -3.924073
-0.365647 0.445483 3.060346
-0.280723 -0.462729 -3.352851
0.320404 -0.330989 -6.193868
-0.452252 0.037710 -5.855166
-0.338030 -0.119661 -4.385363
-0.488819 -0.326262 -3.522054
-0.247360 0.258429 4.512798
-0.446782 -0.364408 -1.118186
-0.374379 -0.306386 -5.340953
-0.318791 -0.407450 -3.997871
-0.291505 -0.248665 -0.587847
0.024334 -0.212067 4.042085
0.116977 -0.013644 -0.374060
-0.466869 -0.167572 -4.451342
-0.457477 0.131710 5.480706
-0.038659 -0.400363 -2.066427
-0.453640 -0.259133 -5.532024
0.317610 -0.452277 -3.148138
-0.426866 -0.342010 6.022081
-0.155473 0.027593 -2.767833
-0.427896 0.027248 5.196179
-0.463073 -0.278221 5.699714
-0.353025 0.158785 4.793480
-0.466976 -0.461899 -5.067545
-0.379253 -0.355973 -4.557432
-0.402836 0.141724 -6.206396
-0.454334 -0.360242 -5.711139
-0.276792 -0.165708 -2.022403
-0.278825 0.418428 1.032295
-0.435975 -0.392343 -2.490485
-0.423144 -0.018343 -0.250375
-0.453654 -0.398552 -5.079074
-0.472536 -0.307056 -2.886315
-0.382099 -0.063810 -4.750996
-0.388278 -0.472609 -2.722598
-0.394673 -0.257136 -1.736242
-0.198701 0.147677 5.890167
-0.443537 -0.435930 -5.904920
-0.452786 -0.451597 -3.446714
-0.494792 -0.450442 5.953967
-0.472822 0.391087 -5.341378
-0.444909 -0.375451 -3.831936
-0.417399 -0.064908 -3.982813
-0.419851 -0.443451 -6.137517
-0.029493 -0.023549 -3.270355
-0.450536 -0.311415 -3.089502
-0.454288 0.144215 -5.659216
-0.389520 -0.031465 -1.964657
-0.474583 0.497000 0.414730
-0.224533 -0.178018 -1.820982
-0.481565 -0.389668 -3.585327
-0.451002 -0.310348 -4.116180
-0.293791 -0.150072 -3.975633
-0.346827 0.461160 4.266645
-0.495203 -0.304217 -3.897752
-0.211708 0.139597 5.893887
-0.459249 0.269567 2.621433
-0.132846 0.489931 -6.122622
-0.480828 -0.451268 -5.278673
-0.481633 0.191698 3.684146
-0.440429 0.421815 4.591449
-0.419983 -0.037689 -4.206908
-0.384313 -0.353880 -1.995349
-0.493530 -0.335485 -3.011683
-0.438929 -0.453550 4.834552
-0.309144 0.341988 3.156446
-0.443024 0.268777 4.662413
-0.421950 -0.420064 5.294039
-0.357812 -0.492654 -3.467387
0.002271 -0.387697 -4.422435
-0.402696 -0.273000 -1.426167
-0.449155 -0.465745 -3.483224
-0.444017 -0.491609 -4.921960
-0.437167 -0.066464 -0.910588
-0.386511 -0.447955 -4.154707
-0.449694 -0.067250 -1.132157
-0.473782 -0.492604 10.252391
-0.347740 -0.153448 -3.823721
-0.453748 -0.028074 -5.380581
-0.457476 -0.380793 -5.551080
0.433498 0.147432 -6.169794
-0.285234 0.323729 4.028602
-0.451769 0.044518 -1.890308
-0.351856 -0.158738 -5.872095
-0.452704 -0.413901 -3.730851
-0.483333 -0.301557 -4.935211
-0.451943 -0.133847 -2.439361
-0.466040 -0.321750 -1.986632
0.048715 -0.157572 -4.151557
-0.380974 -0.378360 -2.165508
-0.153546 0.032232 5.412837
-0.460320 -0.381661 -4.811138
-0.026995 -0.498814 -2.665862
-0.390351 -0.131460 -3.696258
-0.494286 0.268998 2.799676
-0.319613 0.361034 6.232746
-0.446810 0.228397 -3.096866
-0.474233 -0.112996 -4.013102
-0.436463 -0.457831 -4.151529
-0.354210 0.044365 -3.874866
-0.437485 -0.354677 -3.055955
-0.288703 -0.238784 -2.837274
-0.440900 0.141466 6.257554
-0.469579 -0.395627 -0.923890
-0.459464 -0.329540 -3.763109
-0.497474 0.297099 0.695932
-0.488537 -0.327278 8.852641
-0.399785 -0.339345 -4.096070
-0.441574 -0.387511 -2.185669
-0.452021 0.158417 -3.444411
-0.372072 -0.464585 -2.408105
-0.364080 -0.231061 -4.903546
-0.353888 -0.424749 -3.938955
-0.477750 0.030440 -2.913839
-0.375018 0.362306 2.262800
0.089245 -0.434358 -4.146156
-0.408009 0.067085 -1.371366
-0.346200 0.222529 4.026596
-0.397087 0.217306 -5.912681
0.067976 -0.357633 3.593238
-0.490686 -0.476784 7.568522
-0.415530 -0.334593 -5.918098
-0.443522 -0.361000 -2.533254
-0.488830 -0.234486 -3.636410
-0.497485 -0.299246 7.342000
-0.494601 0.014629 6.881905
0.432482 0.130243 -2.410761
-0.472912 -0.288453 -1.998340
-0.460713 0.314071 4.360902
-0.157082 -0.446436 5.534609
-0.326798 -0.048896 -2.896033
-0.461945 -0.132163 -2.298289
-0.424289 -0.021890 -4.688064
-0.415170 -0.360501 -4.532130
-0.444838 -0.044819 -1.442175
-0.392450 -0.126924 -3.566677
-0.483092 -0.413795 -0.599605
-0.117288 -0.135163 -1.982153
-0.442603 0.169084 4.260992
-0.469760 -0.058311 -3.837632
-0.487477 -0.285139 -3.845820
0.145059 0.453503 5.098170
-0.458264 0.230885 3.372173
-0.441567 -0.217874 -3.723646
-0.187860 0.000393 -3.918599
-0.432110 -0.411550 -4.521494
-0.466577 -0.204604 -5.455112
0.378823 -0.495362 2.883692
-0.177252 -0.078525 -3.719991
-0.406932 -0.489888 8.014487
-0.444373 0.293107 2.158994
-0.484667 -0.368490 -4.088765
-0.467484 0.044949 5.990615
0.050749 0.045490 -5.766190
-0.332453 -0.202132 -4.020433
-0.392978 0.025530 -4.371247
-0.499365 -0.417803 5.557602
-0.480204 -0.215249 8.594580
-0.426594 0.137911 4.847238
-0.339615 -0.466980 -4.132822
-0.408601 -0.000981 -5.247699
-0.442034 0.291147 4.817247
-0.370337 0.344528 4.543782
-0.274311 -0.020001 -4.590150
-0.271839 -0.349967 -5.232669
-0.480875 -0.126941 -4.898277
-0.387137 -0.016494 5.071991
-0.018151 -0.382330 -2.256461
-0.487206 0.260691 4.681025
-0.226022 -0.471921 -3.780799
-0.470928 -0.038542 -3.749767
-0.461780 -0.278098 -2.763729
-0.495866 0.275720 -5.934915
-0.495117 -0.337416 -2.581373
-0.358292 -0.251995 -4.983318
-0.370541 -0.220457 -1.558621
-0.399808 0.030121 -3.401806
-0.377259 0.047149 -3.904915
-0.329624 -0.156447 -1.222079
-0.463667 0.352965 5.848977
-0.438383 -0.458104 -5.557962
-0.489808 0.406888 2.837060
-0.415714 -0.281801 -3.904538
-0.371687 -0.022843 -0.413238
-0.358275 0.011884 -4.119456
-0.407199 -0.143283 -1.859150
-0.371879 -0.314469 -3.435287
-0.452169 0.328868 -4.276015
-0.443300 0.102843 -5.146005
-0.308119 0.315415 5.769814
-0.392171 0.030111 -2.937766
-0.343272 0.334162 3.702078
-0.314767 -0.052472 -3.866796
-0.463423 -0.484367 -2.517804
-0.497694 -0.335598 -3.092565
-0.456227 0.130449 -6.250900
-0.361951 -0.413902 6.149557
-0.395166 -0.408980 -1.457794
-0.462625 -0.326092 -5.247279
-0.496887 -0.299486 7.124800
-0.439826 -0.491830 -3.930872
-0.414657 -0.490029 6.167520
-0.268922 -0.191808 -3.899343
-0.494712 0.470522 2.814941
-0.499024 -0.076428 -1.975661
-0.464408 0.180695 2.303597
-0.461389 -0.019365 -3.071987
-0.308936 -0.119036 -1.873211
-0.396420 -0.142815 -1.057711
-0.468035 0.265279 5.291041
-0.197736 -0.459183 6.218624
-0.427106 0.211697 2.464321
-0.369893 -0.369874 -3.193156
-0.480030 -0.426479 -4.342990
-0.411580 0.060641 5.465256
-0.313117 -0.052896 -3.711958
