-0.328164 0.239977 -4.954223
-0.494258 -0.095535 6.285784
-0.476886 -0.100591 6.639631
-0.484870 -0.331143 6.239563
-0.419817 -0.439590 4.134383
-0.468068 0.073318 -2.251220
-0.497436 -0.408361 -5.352450
-0.379300 -0.322023 -1.281550
-0.423228 -0.488475 -2.991316
-0.470139 0.005561 -3.697218
-0.460765 -0.440038 -2.977664
-0.445434 -0.286645 -1.763297
-0.484538 -0.016694 -2.105927
-0.473832 -0.444721 -3.600691
-0.363895 0.234810 -0.630218
-0.492818 -0.049821 -1.833809
-0.483914 -0.320473 -3.545314
-0.467161 -0.335076 -3.839297
-0.414522 -0.024828 -5.076933
0.169800 -0.079830 2.918762
-0.386222 -0.403490 4.816563
-0.463641 -0.163521 -3.515609
-0.399981 -0.184649 -0.802132
-0.251671 0.071465 1.949105
-0.468607 -0.111443 -4.964642
-0.495129 -0.375524 -1.022903
-0.430654 -0.257131 -4.853793
-0.360795 0.437116 -0.550726
-0.478265 -0.221853 -1.945014
-0.493651 -0.254586 -4.240167
-0.387239 -0.387163 -4.091091
-0.435812 -0.196741 5.747749
-0.302501 0.196733 -0.471302
-0.490461 -0.302648 -2.740126
-0.426433 -0.256011 -2.324423
-0.480603 -0.485307 11.444752
-0.462299 -0.142315 -2.631704
-0.436002 -0.364784 -4.007978
-0.372952 -0.390776 -4.563110
-0.392618 -0.411940 3.892981
-0.494296 -0.369598 -3.286803
-0.466366 -0.198744 -4.987646
-0.459438 -0.494512 -5.754570
-0.319538 0.078152 -4.051332
-0.444551 -0.225425 -2.174754
-0.418279 -0.420110 -6.063260
-0.467409 -0.333621 -2.716874
-0.305963 0.246960 -5.480055
-0.472229 -0.185734 -4.418049
0.026825 0.397598 4.213195
-0.233488 -0.353806 -2.980303
-0.392574 -0.186731 -0.002835
-0.490450 -0.407068 -5.180087
-0.456175 -0.340585 -4.997416
-0.453622 -0.345095 -3.469930
-0.480221 0.028556 -4.126940
-0.474951 -0.382059 -4.056273
-0.493334 -0.490003 -2.564269
-0.438424 -0.095263 -3.129374
-0.320743 -0.311969 -4.951044
-0.277701 -0.490518 -4.407318
-0.368994 0.160866 -5.499274
-0.489456 -0.233502 -5.113399
-0.441261 -0.273520 -5.053959
-0.337691 -0.136216 -3.790556
-0.377942 -0.480551 -3.733199
-0.027795 0.093522 -5.648149
-0.387379 0.138390 -0.960723
-0.485071 -0.152598 -1.950198
-0.410914 -0.489277 -6.208906
-0.452062 -0.222719 -4.647602
-0.380703 -0.004100 -3.320507
-0.479123 -0.089436 -2.771017
-0.443263 -0.105800 -3.017293
-0.390392 -0.427599 -5.567561
-0.468685 -0.399312 -3.544289
-0.424441 -0.122165 -2.551957
-0.436282 -0.167785 -3.456124
-0.476272 -0.380874 -5.696635
-0.342714 -0.458391 -5.822165
-0.388227 0.015802 -2.960812
-0.460252 0.074120 -4.290474
-0.478454 -0.276737 -5.180856
-0.483335 0.016168 -2.856826
0.201110 -0.331823 0.661397
-0.490884 -0.340114 -4.639095
-0.448175 -0.071308 -4.653442
-0.486347 -0.338827 4.257711
-0.428622 -0.168701 -5.836251
-0.470748 -0.044340 -3.787286
-0.462187 -0.353194 -2.595955
-0.341779 0.348521 -4.906046
-0.446295 -0.150879 -5.115027
-0.331489 -0.478755 -1.715100
-0.385267 0.468468 -1.822787
-0.245789 -0.327145 5.383328
-0.466281 -0.321291 5.098088
-0.308234 -0.472166 -5.211286
-0.347988 0.383440 -0.463393
-0.062898 -0.292168 -3.467919
-0.479021 -0.317465 -5.222774
-0.342168 0.230066 -6.082002
-0.432690 0.391239 -0.951253
-0.460750 0.432547 -5.313778
-0.385512 -0.033455 -3.234475
-0.204500 0.236518 -3.373130
0.008800 -0.413632 -5.618970
-0.433451 0.014475 6.203081
-0.483061 0.016999 7.470250
-0.447859 -0.299862 -3.309335
-0.388249 0.361557 -5.077558
-0.253901 0.338112 6.188433
-0.476633 -0.325688 9.119107
-0.398198 0.079139 -3.864385
-0.493258 -0.016888 4.477824
-0.459388 0.287220 -5.882173
-0.421158 -0.035634 -2.184838
-0.492168 -0.228257 7.389149
-0.482528 -0.143294 9.387335
-0.493091 0.104183 -1.564183
-0.486129 0.370908 6.259497
-0.442505 0.154171 -1.924841
-0.474149 -0.185597 -1.491631
-0.437225 -0.434919 -4.235136
-0.486333 -0.187823 -1.803303
-0.378099 -0.413124 -5.598484
-0.482157 0.250542 -1.479877
-0.458543 -0.443019 4.656741
-0.439219 -0.000278 -5.557841
-0.477566 -0.068590 -5.175835
-0.490460 -0.389005 5.421540
-0.402258 -0.018570 -3.811967
-0.449981 -0.189927 -3.466307
-0.434339 -0.047498 -4.054683
-0.385639 -0.420826 -4.430319
-0.408922 -0.496629 5.009835
-0.499593 -0.300792 3.773831
-0.413040 -0.249819 -5.149911
-0.226606 0.434051 -2.706067
-0.476883 0.175832 -0.857208
-0.451452 -0.489966 -2.758129
-0.478683 -0.332211 -5.105654
-0.477804 -0.312950 -2.070782
-0.318116 -0.461538 -5.300980
0.153039 0.415988 -2.975839
-0.300353 0.291457 -6.274105
-0.454469 -0.430980 -3.405057
-0.353527 -0.040114 5.712216
-0.489054 -0.133843 -0.362761
-0.410689 0.214265 -3.328887
-0.377040 -0.314201 -2.580692
-0.458282 -0.281212 -2.854344
-0.490397 -0.415558 -0.614776
-0.342912 -0.490404 -2.590257
-0.459397 -0.261109 -3.383475
-0.399701 -0.457175 -3.282411
-0.424721 0.164082 -1.070752
-0.430463 0.459769 -2.382674
-0.234846 0.271262 -3.069870
-0.426649 0.340127 -5.224193
-0.372321 -0.069590 -3.610867
-0.411951 0.135609 -3.844288
-0.384068 -0.400992 -4.776738
-0.380942 -0.168586 -4.166436
-0.457809 -0.332018 -4.492724
-0.443000 -0.114429 -5.144803
-0.404367 -0.109824 -4.597242
-0.474827 -0.381375 -4.081653
-0.410062 -0.454840 -1.548803
-0.492470 -0.461824 -4.055699
0.407753 0.348409 4.700059
0.270009 -0.173686 2.561598
-0.489301 -0.237867 5.562045
-0.488910 -0.449068 6.218647
-0.416920 -0.452271 -6.210158
-0.386761 0.098116 -1.228297
-0.354507 0.122244 -3.385787
-0.345032 -0.440790 -4.156375
-0.287696 -0.297145 -5.041560
-0.446661 0.103903 -2.717175
-0.489639 -0.262343 -4.163344
-0.493161 0.011960 -6.203349
-0.441454 -0.021945 -1.662898
-0.493678 -0.297411 -5.781604
-0.347159 0.347980 -2.434273
-0.437355 -0.491633 -4.311922
0.484017 -0.293832 2.010714
-0.409005 -0.126495 -5.289065
-0.446403 -0.027105 -1.356668
-0.485053 -0.268210 -4.417197
-0.441836 0.050187 -2.552422
-0.446574 -0.281257 6.206584
-0.440448 -0.438229 -5.546440
-0.404018 -0.025524 -3.439664
-0.460437 -0.161640 2.991814
-0.154625 -0.298728 -4.113896
0.051055 -0.269558 -3.637454
-0.384515 0.108089 -1.835561
-0.497395 -0.157889 -0.423110
-0.124193 -0.143879 -4.887204
-0.467246 -0.266389 -0.504542
0.156123 -0.277326 3.158837
-0.454339 -0.095728 -3.832039
-0.405223 -0.049152 -2.838620
-0.489415 -0.168438 -3.861628
-0.347906 -0.112571 -5.592593
-0.428074 -0.293342 -4.087394
-0.490558 -0.473894 -5.897264
-0.485028 -0.475667 8.436857
-0.473986 -0.130016 5.897887
-0.490051 -0.264968 -1.537355
-0.478239 -0.048245 5.373507
-0.429438 0.469757 -0.641882
-0.493629 -0.420780 -2.406830
-0.454471 -0.194385 -3.693751
-0.493646 -0.463052 7.057200
-0.098919 -0.368331 -6.219925
-0.452622 -0.179078 -5.771290
-0.499504 -0.118495 -4.893559
-0.420317 -0.434541 -4.794945
-0.066098 -0.287400 -2.589911
-0.417884 -0.420416 5.452638
-0.435253 -0.337978 -3.952426
-0.384353 -0.241688 -4.596453
-0.437495 0.385290 4.747908
-0.485022 -0.144888 -3.096340
-0.494068 0.017045 -2.806308
-0.387892 -0.473609 -3.344913
0.032339 -0.246119 5.314290
-0.493452 -0.366546 5.571819
-0.487105 -0.260502 -6.282900
-0.397690 0.163045 -5.134567
-0.173625 0.378472 -4.836397
-0.383305 -0.348273 -3.897483
-0.498574 -0.351669 7.944546
-0.433954 -0.241481 -5.454691
-0.394682 -0.025024 -3.599812
-0.426611 0.176196 -3.568066
-0.452074 -0.011732 -4.412663
-0.465163 0.115765 -1.436468
-0.423824 -0.001787 -4.757822
-0.384270 0.189087 -5.811838
-0.410333 -0.309891 -5.117991
-0.490318 -0.027186 7.455627
-0.403500 0.467391 -3.646366
-0.399450 0.142734 -2.112948
-0.411379 -0.300711 -3.089329
-0.450325 -0.446089 -1.244838
-0.153014 -0.200741 -4.588113
-0.482226 0.362021 -3.387572
-0.490175 0.477069 3.409700
-0.422761 -0.191833 -5.313360
-0.110756 -0.415957 -5.399395
0.061146 -0.341875 -1.987484
-0.490626 -0.040329 -0.816963
-0.401416 -0.307183 -2.722138
-0.460111 -0.318002 -1.634733
-0.452973 0.072327 -1.868779
-0.398825 -0.416202 -3.922075
-0.472652 -0.094100 -4.043569
-0.494770 -0.376290 -4.039680
-0.493635 -0.307922 9.127431
-0.477952 -0.104490 -5.749810
-0.248783 -0.489431 -4.171612
0.449939 0.391084 -5.854996
-0.444248 0.185129 -2.739041
-0.425852 -0.015205 6.173485
-0.382595 0.386246 -2.460193
-0.475736 -0.299964 -2.006782
-0.484648 -0.479836 12.527388
-0.455326 -0.281851 -6.062882
-0.481899 -0.492804 5.874059
-0.175800 0.082748 3.878036
-0.451799 -0.354484 -2.524619
-0.159462 -0.221722 -4.048278
-0.474139 -0.406094 -2.479819
-0.473692 -0.043754 -4.446818
-0.489598 -0.076009 -1.870742
-0.352362 0.283475 -1.004538
-0.232352 0.312566 -3.993661
-0.293361 0.413505 -2.594319
-0.411930 -0.006561 -3.193893
-0.386893 -0.414375 6.146111
-0.184498 0.280122 5.862220
-0.389344 -0.466588 -3.550648
-0.479408 -0.347717 -2.196722
-0.423886 -0.108784 -5.553426
-0.435497 -0.486208 11.742167
-0.492890 -0.378324 -3.147417
-0.475971 0.092804 -2.397032
-0.481553 -0.073448 -4.652581
-0.495875 -0.239608 7.803161
-0.414971 -0.451148 -2.225847
-0.428568 0.036572 -5.370017
-0.017671 -0.279180 -2.668112
-0.495807 -0.110729 -3.740996
-0.422995 -0.364643 -4.703762
-0.355060 0.486085 10.393766
-0.418917 0.249357 -1.185914
0.047495 -0.431820 -1.399426
-0.341301 -0.311473 6.087695
-0.289678 0.278391 -2.847563
-0.461160 0.122002 -2.903786
-0.158357 -0.184050 5.496095
-0.454334 -0.262344 -5.822884
-0.465373 0.013367 -6.010935
-0.368714 -0.359853 -6.272849
-0.498667 -0.224820 8.179201
-0.379270 -0.200434 -5.839124
-0.488149 -0.051055 -5.010121
0.346260 0.150717 5.648017
-0.277287 -0.448418 -4.048389
-0.440585 0.289916 -2.290883
0.059487 -0.254228 -2.110384
-0.474594 -0.092352 -3.724366
-0.452510 -0.181467 -3.346500
-0.474906 0.119732 -3.199149
-0.443596 -0.311900 -3.821432
-0.368705 -0.127022 -3.355142
-0.480594 0.022331 -3.020784
-0.468973 -0.095360 -3.596051
-0.060498 -0.401847 -5.867493
-0.436779 -0.124626 -4.906272
-0.445096 -0.336634 -1.204933
-0.477641 -0.471760 6.332551
0.256161 0.433732 2.055536
-0.402818 -0.047231 5.972715
-0.498458 -0.314313 8.072112
-0.360745 0.386837 -1.540858
-0.405228 -0.356463 -5.391672
-0.486402 0.208616 -5.965798
-0.322596 -0.366639 -4.376209
-0.417821 -0.465765 4.899934
-0.493213 -0.491585 6.798694
-0.412796 0.109266 -1.754847
-0.438645 -0.121071 -3.567651
-0.472645 -0.112868 -4.917192
-0.471243 -0.066725 -5.353329
-0.172272 -0.318645 -4.180330
-0.399039 -0.273724 6.195994
-0.265470 -0.338407 -1.810472
-0.487589 -0.170429 9.373939
-0.363017 -0.023417 -4.196638
-0.438026 -0.378387 -3.804031
-0.450143 0.376559 -3.999638
-0.414055 0.423127 -3.746713
-0.448311 0.471749 -2.449678
-0.379251 -0.114538 -4.834404
-0.136234 -0.452127 -5.192095
-0.485313 -0.033141 -1.618842
-0.434699 0.151573 -4.177689
0.047708 -0.343846 -1.614742
-0.392610 0.168949 -3.256271
-0.348024 -0.301054 -2.482300
-0.468217 0.046052 -2.347451
-0.468231 -0.420403 5.748432
-0.446438 0.372229 5.698122
-0.494221 -0.485612 -4.049281
-0.485375 -0.328587 7.223332
-0.416884 -0.473085 -4.670126
-0.494104 -0.164655 -5.323095
-0.456089 -0.168956 -5.178071
-0.477624 -0.189218 -3.718591
-0.413764 0.385645 -6.028977
-0.450312 -0.404265 -4.487648
-0.356479 0.384422 -2.713746
-0.438335 -0.233039 -4.475648
-0.345085 0.214365 -1.499075
-0.399498 -0.000027 -3.088547
-0.382563 -0.252078 -4.770118
-0.490564 -0.423533 5.994389
-0.420936 0.149711 -3.177761
-0.368258 -0.069040 -4.999075
-0.190537 0.461997 -1.546123
-0.484589 -0.151881 -5.158771
-0.487308 0.351649 6.737938
-0.499476 -0.276808 -2.858936
-0.447840 -0.400108 -3.169005
-0.466007 -0.438890 -3.539625
-0.457488 -0.148256 -5.881611
-0.263955 -0.341777 -3.533783
-0.449620 -0.215959 -1.750119
-0.360091 -0.386671 -3.641463
-0.475883 -0.293701 -3.642930
-0.485961 -0.411822 -5.330461
-0.310956 -0.457464 -4.772257
-0.037284 -0.363289 -3.434682
-0.369265 0.297685 -3.017240
-0.472851 -0.208826 -4.920635
-0.486324 0.051387 -4.177805
-0.352453 0.204584 -3.547514
-0.446827 -0.172531 -2.284399
-0.471828 -0.017856 -3.366759
-0.420318 0.083967 -3.923419
-0.286651 -0.388716 -3.046855
-0.132529 -0.128841 -3.651378
-0.413925 -0.464124 5.889167
-0.395417 -0.483160 -1.160201
-0.443236 -0.117543 -0.791292
-0.479447 0.000156 7.252635
