-0.410458 0.036667 1.359517
-0.364974 0.145013 3.912035
-0.264726 -0.031129 -5.792500
-0.481258 -0.065976 3.319794
-0.472573 -0.400696 5.471775
-0.348531 -0.444508 2.767048
-0.459984 0.007751 3.996506
-0.484168 0.008415 -1.111262
-0.499439 -0.343241 -1.655659
-0.283794 0.000332 2.635975
-0.468326 -0.490264 6.108728
-0.452573 -0.379994 5.922267
-0.338403 0.194987 1.130496
-0.461421 -0.389155 2.968681
-0.365825 0.348790 5.437835
-0.492522 -0.471747 5.386161
-0.370990 0.058843 3.185843
-0.460358 -0.382409 3.059728
-0.482954 -0.256250 8.050737
-0.455339 -0.116581 5.919460
-0.391377 0.086957 1.784287
-0.417181 0.060677 3.483462
-0.431617 -0.000883 4.441628
-0.482702 -0.083965 3.900027
-0.327758 0.113757 -3.728873
-0.458705 -0.303058 5.026689
-0.299090 -0.418864 3.071548
-0.462960 0.395299 4.433197
-0.341836 -0.447627 5.402968
-0.444821 -0.050421 2.225408
-0.474624 -0.255427 -4.512789
-0.153711 -0.431506 -3.970769
-0.448969 -0.036086 4.195627
-0.410659 0.127073 -5.985598
-0.489138 -0.482462 3.021183
-0.333348 0.177730 0.058355
-0.384257 0.131001 5.319848
-0.459781 -0.401348 -6.111805
-0.475592 -0.379085 3.455147
-0.480615 -0.419430 -2.322020
-0.451196 -0.074442 2.654980
-0.467760 -0.309505 5.916500
-0.479885 -0.247294 4.157382
-0.281206 -0.140736 2.620376
-0.328348 -0.478983 1.637889
-0.475879 -0.316777 3.691399
-0.453330 -0.461736 -5.972497
-0.236405 0.342416 2.015573
-0.447481 0.094440 2.953775
-0.313494 -0.118011 3.344345
-0.446947 -0.277770 2.291628
-0.437866 0.096481 -5.413900
-0.414391 -0.073800 2.926442
-0.394256 0.019914 2.605441
-0.363444 -0.399380 3.401827
-0.466451 0.070671 1.312556
-0.481246 -0.377085 4.825121
-0.463454 -0.283331 2.057007
-0.476489 -0.462178 -1.936864
-0.373935 -0.050119 1.521808
-0.442485 -0.361233 3.582691
-0.493024 -0.350026 -2.258720
-0.461239 -0.271276 3.771910
-0.397767 -0.479448 3.350515
-0.428220 0.487355 -3.186580
-0.489561 -0.313997 2.115933
0.275181 0.363282 -5.027554
-0.390459 -0.178701 2.673773
-0.305557 -0.301532 2.655668
-0.474508 -0.448364 4.710162
-0.495694 -0.313033 -2.972769
-0.417289 -0.423414 1.685747
-0.441820 -0.193376 4.811274
-0.481173 -0.327893 4.956110
-0.357019 -0.300259 4.546337
-0.469063 -0.043556 3.064626
-0.284459 -0.184088 5.576395
-0.469499 -0.496215 1.591817
-0.464310 -0.300052 3.986757
-0.481294 -0.208379 8.967907
-0.449062 -0.499366 2.617011
-0.479579 -0.418996 -2.836142
-0.431883 -0.480478 5.629706
-0.408835 -0.185000 3.731447
-0.388516 -0.246566 4.170467
-0.353783 -0.246199 4.606638
-0.447992 -0.215741 2.620328
-0.415744 -0.414217 -5.930211
-0.317298 -0.353886 5.188717
-0.425845 -0.473395 3.786445
-0.458906 -0.430418 -4.775942
-0.480042 -0.193288 4.184909
-0.478901 0.037541 -0.397811
-0.402298 -0.418435 1.585199
-0.469818 0.291567 3.867137
-0.497274 0.289801 3.215743
-0.455702 -0.131195 4.107781
-0.401300 -0.442777 -5.965940
-0.446474 -0.254466 5.984520
-0.320199 -0.155598 5.070909
-0.495706 -0.403911 8.627923
-0.411202 0.444816 -6.134502
-0.404257 0.432248 -3.278283
-0.454986 -0.093216 -5.527881
-0.295369 -0.406365 4.317496
-0.482353 -0.085855 -5.688423
-0.155818 -0.286400 1.152101
-0.405318 -0.275249 -6.176682
-0.364336 0.022323 5.417766
-0.497106 -0.304096 -5.391576
-0.496438 0.472950 5.428647
-0.275565 -0.499542 4.321790
-0.495261 -0.104694 5.458033
-0.478267 0.115412 9.176756
-0.397054 -0.328631 4.280078
-0.413201 -0.181175 4.443076
-0.446579 -0.187196 3.760730
-0.457171 -0.054464 6.273244
-0.446925 -0.420610 6.217430
-0.494226 -0.171279 4.403976
-0.458038 0.141469 3.245906
-0.265618 0.223433 5.873918
-0.415571 0.347481 4.046909
-0.442739 -0.492333 5.703951
-0.419245 -0.287394 3.085518
-0.437411 -0.279478 1.671657
-0.094607 -0.385230 -4.939987
-0.487702 -0.356348 3.208782
-0.465084 -0.043408 2.266212
-0.427230 -0.034265 6.250828
-0.485195 -0.494849 5.216612
-0.447910 0.058858 1.888541
-0.455424 -0.396719 -2.450733
-0.379067 0.344228 3.653943
-0.393291 -0.445505 5.024222
-0.429378 -0.491154 10.429918
-0.300293 -0.417054 4.434980
-0.461043 0.052590 4.214379
-0.453094 0.128806 -6.163070
-0.384841 0.442240 -3.353139
-0.432885 -0.333826 3.463958
-0.470816 -0.095900 6.087165
-0.325245 -0.361084 4.116014
-0.371928 -0.061774 5.197308
-0.486950 0.463815 7.888905
-0.370635 0.044773 2.066763
-0.358395 -0.495179 0.821950
-0.471577 -0.456450 -5.809188
-0.040977 0.383695 4.839434
-0.304981 -0.433532 2.291097
-0.457676 -0.440574 6.020487
-0.485170 -0.298130 -5.314996
-0.480691 -0.300815 5.344125
-0.398809 -0.370911 3.780745
-0.421768 -0.051271 -4.578914
-0.436978 -0.380656 4.355452
-0.492916 0.326806 2.210674
-0.328470 0.397913 -3.673580
-0.498214 0.356093 -2.525438
-0.391313 0.421994 -5.332266
-0.473695 -0.301939 3.162897
-0.393449 0.062705 0.881487
-0.493371 -0.396833 -1.444917
-0.449811 -0.452406 3.769542
-0.492456 0.044476 2.957300
-0.392998 0.452618 -4.668213
-0.392582 -0.319955 5.769429
0.340616 -0.448349 2.199521
-0.476034 0.015817 -0.384782
-0.494855 -0.260909 2.495804
-0.320927 0.280823 3.517862
0.258847 0.254488 -2.665421
-0.431273 -0.387191 -6.211851
-0.488383 -0.388078 -4.658426
-0.487412 -0.353991 3.695838
-0.482667 -0.353441 4.198218
-0.478570 -0.226643 5.683310
-0.404797 -0.464278 5.588528
-0.293261 0.224221 2.789088
-0.397043 0.051598 3.362029
-0.405662 0.120096 -5.286753
-0.477916 0.095523 -1.193998
-0.468135 -0.170779 -5.913311
-0.480127 -0.259113 4.574864
-0.458308 0.469475 -4.726538
-0.434311 -0.497461 1.057485
-0.418596 -0.457180 5.896288
-0.389566 -0.127130 5.673232
-0.422370 0.050923 2.862507
-0.497047 -0.299641 0.785259
-0.468567 -0.397602 6.083686
-0.479576 -0.241654 4.269523
-0.472756 -0.282135 -2.533609
-0.420055 -0.476659 2.612308
-0.451511 -0.065431 3.157043
-0.448388 -0.441052 4.960021
0.288721 0.171699 -2.953269
-0.356654 -0.461352 4.955119
-0.316283 0.442813 -1.105858
-0.459302 -0.354648 4.057097
-0.444232 0.129413 2.617357
-0.282658 0.143274 2.037271
-0.413180 0.279429 4.382257
-0.392728 0.225057 3.107981
-0.438507 -0.159059 -5.499469
-0.445907 -0.469433 6.225551
-0.460219 0.092236 4.357367
-0.485130 -0.446172 6.199260
-0.493459 -0.412138 6.246926
-0.415228 -0.277164 2.984269
-0.499544 -0.474222 -2.754954
-0.383096 -0.454464 4.904578
-0.499626 0.348145 5.751974
-0.453468 0.054036 3.735571
-0.349970 -0.443761 4.527733
-0.429047 -0.163065 -3.869715
-0.459362 0.267067 2.337937
-0.456878 -0.232375 5.252154
-0.484352 -0.414516 2.567479
-0.359704 -0.484682 0.945975
0.138994 0.497371 2.124184
-0.445187 -0.383972 3.592027
-0.388393 0.249764 3.080483
-0.437887 0.346531 2.122446
-0.447802 0.208802 2.673092
-0.438611 0.050354 4.137874
-0.390324 0.412340 -4.083355
-0.463618 -0.288939 5.963714
-0.349955 0.141020 2.144064
-0.442602 -0.293193 -5.960791
-0.443380 0.099728 3.819503
-0.448298 -0.093495 2.949432
-0.379969 0.309997 -6.102476
-0.449835 0.265820 2.002755
-0.486996 -0.178224 4.769499
-0.400414 -0.124702 3.347281
-0.482668 0.104610 1.271227
-0.469860 -0.381674 -4.299821
-0.101490 -0.412117 -4.838932
-0.426713 -0.072764 4.594724
-0.475978 -0.262485 4.177853
-0.487296 0.498757 -2.122737
-0.454113 -0.414414 4.009182
-0.389896 -0.133909 4.816156
-0.464364 -0.058121 -6.269008
-0.419801 -0.146041 4.369060
-0.428768 -0.011771 5.184297
-0.441816 -0.362094 3.642494
-0.299343 -0.294730 3.331167
-0.447317 -0.274470 -5.032695
-0.482040 0.253823 -5.192876
-0.449662 0.259232 3.724576
-0.457412 -0.195228 5.371609
-0.483970 -0.382488 3.406094
-0.157319 -0.318613 -5.163089
-0.496806 -0.238094 -2.936024
-0.416310 -0.101311 3.889558
-0.402356 0.189394 2.761716
-0.428717 -0.438995 4.453517
-0.463879 -0.024459 -5.885442
-0.472028 -0.377509 5.485205
-0.397488 -0.397916 5.183421
-0.305789 -0.310671 5.539077
-0.470351 -0.490395 -5.903965
0.471323 0.407809 -4.629906
-0.417840 -0.159407 0.091040
-0.462844 -0.457479 5.798720
-0.499919 0.405544 2.005139
-0.460550 -0.219639 5.178599
-0.480315 -0.261258 6.921448
-0.477626 0.299878 5.050187
-0.344170 -0.370672 4.205944
-0.449508 0.011204 3.602945
-0.474679 -0.489799 11.752759
-0.451991 -0.103481 -4.315394
-0.358181 -0.300119 1.592973
-0.377173 -0.485723 11.646469
-0.434197 -0.371652 1.595764
-0.431581 -0.013527 4.032161
-0.391491 0.094092 5.601759
-0.438664 0.484729 -5.367347
-0.191054 -0.415239 -4.501181
-0.489095 -0.160160 -0.878574
-0.420122 0.456987 -6.018685
-0.410614 -0.438100 3.742816
-0.392020 -0.489339 2.561743
-0.417432 -0.246688 5.699892
-0.388185 -0.322413 5.865093
-0.427234 -0.475621 4.530342
-0.356911 -0.325568 4.275265
-0.480851 -0.337198 -2.628772
-0.492466 -0.269116 -6.107691
0.327944 -0.398179 1.770160
-0.313779 0.206312 4.629883
-0.440744 -0.279023 5.809481
-0.474352 0.254613 5.399873
0.384860 -0.128536 4.089615
-0.418767 0.239549 6.153791
-0.298083 0.184541 5.279005
-0.196301 -0.021089 -1.371703
-0.262533 -0.395858 2.719785
-0.396360 -0.252675 2.438033
-0.264580 -0.441191 4.145515
-0.352607 -0.466961 5.253663
-0.481294 -0.346408 -2.322366
-0.475528 -0.045277 5.320218
-0.389558 -0.377070 5.977073
-0.487878 0.144089 -2.095160
-0.469466 -0.416459 4.268988
-0.388738 -0.485442 3.078958
-0.166244 -0.021978 -1.426365
-0.449919 -0.484074 -6.143829
-0.497231 0.327143 6.282169
-0.464820 0.196034 6.102189
-0.422036 -0.075535 3.619208
-0.339955 -0.384725 4.621074
-0.335808 -0.393971 0.016623
-0.481777 -0.397683 -5.438175
-0.482550 0.005487 3.295153
-0.379430 -0.257582 4.265231
-0.435070 -0.198983 3.556699
0.473977 -0.005209 6.239835
-0.484334 -0.081722 -0.624587
-0.454934 -0.401833 3.926774
-0.319626 -0.463280 3.373417
-0.362669 0.429917 -4.534816
-0.354166 0.304811 3.535903
-0.408752 0.012215 3.416871
-0.108217 0.283695 -5.377929
-0.144106 0.298892 5.602115
-0.481172 0.457023 -6.197141
-0.467378 -0.492711 5.102346
-0.456957 -0.150155 1.092444
-0.484485 -0.166558 -1.049854
-0.456057 0.247853 -3.868426
-0.332978 0.141414 -4.681214
-0.004801 0.481412 4.422205
-0.477596 -0.465816 6.153103
-0.494846 -0.267353 4.727121
-0.464424 -0.198352 3.692983
-0.475227 -0.486460 12.424814
-0.324015 -0.405106 3.454702
-0.483878 -0.181551 5.280982
-0.434116 -0.405788 1.649739
-0.459064 0.176687 5.448166
-0.151092 0.302448 -6.263148
-0.402785 -0.177234 1.833349
-0.414817 -0.292359 2.280077
-0.412937 0.077810 2.916821
-0.345540 -0.419786 -5.524810
-0.476611 -0.351390 -0.998742
-0.083083 -0.347753 -5.730221
-0.452267 0.174391 5.749814
-0.401742 -0.413378 2.256639
-0.373530 -0.115391 2.411336
-0.485702 -0.143698 5.035803
-0.422139 0.263422 5.354843
-0.496464 -0.332700 8.929976
-0.442135 -0.362734 5.004604
-0.376199 0.429230 5.922464
-0.379179 -0.412852 3.377550
-0.399014 -0.304775 2.759137
-0.452972 -0.108378 5.668774
-0.469296 -0.393847 5.403519
-0.366312 0.139997 4.022668
-0.497538 -0.210356 5.435674
-0.478933 -0.469730 -5.881136
-0.485487 0.327678 5.857707
-0.475045 -0.091060 -1.846868
-0.398642 -0.297465 3.693631
-0.429948 -0.421204 4.253881
-0.255296 -0.477874 2.801897
-0.360242 0.301850 1.429448
-0.436556 0.023059 2.075105
-0.468549 0.304754 3.050374
-0.390028 0.095602 5.984337
-0.497617 -0.444678 4.625813
-0.452960 -0.102513 4.028547
-0.454487 -0.253434 5.306199
-0.176785 -0.401241 -0.577290
-0.423671 -0.017078 3.653813
-0.457451 -0.249072 1.621067
-0.487198 -0.219716 2.245214
-0.463938 -0.316662 5.653242
-0.420222 -0.225936 3.983262
-0.496329 -0.307607 0.446149
0.376976 -0.349204 5.098883
-0.429834 0.055041 0.499360
-0.474494 -0.495367 -2.575367
-0.455155 -0.162458 4.246953
-0.319536 0.252910 5.218801
-0.015273 -0.369101 -4.138309
-0.499142 -0.343644 9.073450
-0.368240 0.109964 5.641882
-0.486713 -0.433273 6.271574
-0.460149 0.088020 -5.905396
-0.434658 0.031474 3.915752
-0.461128 -0.206171 4.161318
-0.476015 -0.472766 -2.900401
-0.450812 0.072785 2.363282
