-0.472462 -0.357591 5.344422
-0.297673 -0.397644 3.632317
-0.441324 0.012503 6.076518
-0.481107 -0.274702 3.788302
-0.358060 -0.275318 -1.602109
-0.453296 -0.162779 -5.837921
-0.421371 -0.288104 -3.000045
-0.466967 -0.200873 -1.330820
-0.445693 -0.137767 -4.226453
-0.363646 -0.400397 -3.692593
-0.330352 -0.456738 -5.075475
-0.406861 -0.350726 4.800537
-0.448384 -0.381584 -4.510412
-0.408872 0.027593 -5.775745
-0.424676 0.266781 -2.958791
-0.410079 -0.481285 5.723353
-0.486449 0.182547 -3.151840
-0.492659 -0.314848 8.343522
-0.453449 -0.222580 -1.906817
-0.441838 0.232892 -2.661575
-0.400535 0.393202 -3.960593
-0.431083 -0.471871 -3.987497
-0.413445 -0.105379 -4.745470
-0.323418 -0.091329 -4.541572
-0.444224 0.033810 -4.377162
-0.456934 -0.084530 -3.358354
-0.484895 -0.492481 -5.495926
-0.387709 -0.326275 -2.627493
-0.453404 0.485868 11.418065
-0.470663 -0.106731 7.437018
-0.433246 -0.007005 -0.819439
-0.360769 0.362525 4.725527
-0.436659 0.476005 -2.944268
-0.493223 0.465150 8.627619
-0.397742 -0.037660 -3.960238
-0.459812 -0.112847 -4.522528
-0.444973 -0.323032 -2.180088
-0.488566 -0.283788 7.979171
-0.425134 -0.398232 -5.694086
-0.491343 0.037385 -4.002310
-0.302111 0.395592 -4.141129
-0.393754 -0.459578 -3.001704
-0.484052 -0.254280 4.643554
-0.468434 0.401988 6.055090
0.090227 -0.177097 3.641764
-0.473168 -0.424624 -3.505350
-0.422438 -0.240237 -4.931392
-0.373829 0.454746 -3.051278
-0.448328 -0.263666 -2.770464
-0.338807 -0.479290 10.416277
-0.473232 -0.321055 -2.363497
-0.396560 0.199864 -4.421363
-0.490576 -0.419581 -4.878431
-0.273168 -0.187118 -1.810074
-0.406856 -0.427228 -5.541715
-0.335873 0.425067 -5.573302
-0.409213 -0.119294 5.982556
-0.448495 -0.459586 -3.635213
-0.458751 -0.269902 -5.145700
-0.350907 -0.432891 -5.060722
-0.405847 -0.370923 -3.797791
-0.425344 -0.428538 4.886291
-0.484898 -0.094259 -1.700205
-0.432286 -0.026599 -5.166588
-0.442833 0.167147 -2.680631
-0.430506 0.197414 -3.591229
-0.382045 0.054029 -3.342292
-0.415666 0.445584 -3.995487
-0.439883 0.221476 -2.375409
-0.464378 -0.443802 -5.877341
-0.414581 -0.352460 -2.226853
-0.435156 0.030541 -4.272678
-0.486439 -0.429570 -4.810702
-0.419774 -0.266897 -3.370819
-0.387117 -0.485634 2.943957
-0.326491 -0.451449 -6.174441
-0.453343 -0.079802 -2.107261
-0.462513 0.112359 -1.883652
-0.459200 -0.431838 -5.132385
-0.436133 -0.209862 -4.626950
-0.410583 -0.007898 -3.122400
-0.499147 0.070298 -3.256158
-0.454288 -0.287898 -2.832668
-0.442163 -0.338325 -0.260806
-0.399684 -0.069672 -5.469079
-0.313152 -0.339196 -4.453178
-0.472800 -0.429612 -3.152359
-0.471993 -0.455137 -5.022642
-0.437819 -0.479277 5.973130
-0.051763 -0.095733 -1.274718
-0.408593 -0.437461 4.411600
-0.484352 -0.332115 7.227947
-0.471517 -0.250659 -4.603168
-0.357042 -0.013695 -5.023646
-0.468003 0.415965 -1.308135
-0.341695 0.080944 -3.022183
-0.480380 -0.362868 5.653824
-0.315268 -0.316107 -3.804233
-0.397872 0.015541 -0.158749
-0.343501 -0.337104 -3.466450
-0.493723 0.064270 4.242717
-0.416082 0.046793 -1.104959
-0.468561 -0.069322 -3.560400
-0.481088 0.238225 -3.753205
-0.335067 -0.052781 -4.905352
-0.473014 -0.082378 -2.459356
-0.401967 -0.412628 4.275073
-0.361830 0.240875 -2.065838
-0.438177 -0.395357 -5.140298
-0.497899 -0.272711 7.708361
-0.493702 -0.378396 4.057819
-0.489747 0.394691 5.550086
-0.478267 -0.280265 -5.715855
-0.477472 -0.419471 -2.964024
-0.433917 0.128002 -5.038578
-0.425512 -0.171611 -2.156090
-0.403236 -0.347045 5.704609
-0.491923 -0.031166 8.072404
-0.431545 -0.324503 -4.687041
-0.492653 -0.375465 4.034653
-0.406840 -0.353250 -4.231966
-0.417852 -0.277017 -5.306155
-0.453652 -0.365485 -3.603299
-0.409221 -0.080418 -4.290374
-0.458397 0.249548 -2.479819
-0.386939 -0.349964 -4.901437
-0.474664 -0.377164 -3.375775
-0.499806 -0.365263 -5.337576
0.211097 -0.471909 -0.337818
-0.387506 -0.000147 -2.043108
-0.459950 -0.444013 6.099034
-0.444816 -0.347011 -2.010570
-0.418347 0.112505 -1.228049
-0.474587 0.193174 -1.787416
-0.450673 0.071501 -4.084648
0.074950 -0.435639 1.307443
-0.486590 -0.173626 -2.785285
-0.335870 0.169144 -4.001049
-0.403480 0.057795 -0.855884
-0.437707 -0.052278 -4.317814
-0.385672 -0.231975 -5.311576
-0.381862 -0.287520 -3.812054
-0.351219 -0.258361 -2.851524
-0.479824 -0.179309 4.191990
-0.498202 -0.259096 8.071357
-0.489169 0.191428 5.931476
-0.434177 -0.428270 6.188202
-0.484297 -0.323577 8.996500
-0.051292 -0.149849 -0.908582
-0.417613 0.097726 -1.476341
-0.422248 -0.453202 -4.023544
-0.452941 0.312112 -2.945160
-0.498998 -0.331256 -6.014735
-0.465444 -0.353245 -5.947774
-0.487424 -0.321349 -6.187345
-0.349994 0.079791 5.871668
-0.391691 -0.409424 -3.271937
-0.417251 0.096708 -2.190208
-0.404980 0.051752 -0.739115
-0.318148 -0.472333 4.349881
-0.488253 -0.263447 -2.112448
-0.469651 -0.410910 -5.772679
-0.442228 0.138966 -2.779381
-0.478028 -0.421660 -2.883162
-0.376953 0.166838 -5.455818
-0.395881 0.174070 -4.257158
-0.432558 -0.301888 4.756618
-0.234009 -0.267389 -2.164114
-0.428102 0.488629 -3.493111
-0.448938 -0.174533 -3.287474
-0.332397 0.077856 -3.229939
-0.347327 0.343298 -2.715898
-0.422481 -0.247775 -5.242049
-0.461271 -0.472100 -4.329019
-0.471118 -0.317506 -4.591135
-0.443704 0.148430 -4.079467
-0.451639 -0.394360 -5.449582
-0.486413 -0.348584 8.489335
-0.433632 0.394227 -4.696898
-0.319404 -0.031212 4.507346
-0.476016 -0.418830 -4.666176
-0.397456 0.112152 -2.084835
-0.463847 -0.272117 -3.816864
-0.457695 -0.464174 -5.705946
-0.459615 -0.397100 -4.901540
-0.491091 -0.327503 5.523084
-0.396145 -0.181996 -1.809286
-0.399570 -0.418432 -5.191667
-0.472717 -0.014101 -1.857059
-0.466816 0.014017 -2.579844
-0.415362 -0.451053 -6.261179
-0.415936 0.317405 -4.594645
-0.382884 -0.443075 5.482360
-0.461550 -0.228641 -1.247834
-0.473748 0.138697 9.008190
-0.484712 -0.237870 -2.266346
-0.412771 0.470364 -4.626093
-0.379110 -0.348003 -4.427542
-0.258004 -0.123029 -2.453021
-0.400032 -0.410260 5.931013
-0.414883 0.061595 -3.937277
-0.482153 0.415094 4.550709
-0.485015 0.376230 -3.110030
-0.345120 -0.432618 -5.305489
-0.483897 -0.135660 -4.147066
-0.410010 -0.373168 -4.974270
-0.416216 -0.443544 4.262570
-0.385731 -0.465097 5.586376
-0.417689 -0.143048 -1.562176
-0.498449 0.334563 7.598804
-0.453687 -0.386252 -5.623847
-0.427800 0.034256 -2.461415
-0.188618 -0.029620 -4.386364
-0.456850 0.437062 -5.454220
-0.474377 -0.310558 -5.089595
-0.326234 0.243492 -1.801961
-0.341070 0.332151 -1.696220
-0.490781 -0.055636 5.972692
-0.286909 0.011968 -5.325889
-0.428053 0.038618 5.020328
-0.481783 -0.279766 4.536467
-0.451743 -0.428502 5.579393
-0.442234 -0.416102 -6.078434
-0.440032 0.052731 -0.643735
-0.458019 -0.219689 -1.433714
0.445946 0.022754 2.127394
-0.430735 0.043615 -3.905345
-0.401334 -0.032004 -4.330244
-0.446014 -0.479745 -6.212004
-0.490762 -0.205757 -4.535252
-0.431379 0.098166 -4.714397
-0.463398 -0.231195 -3.321276
-0.491076 0.174353 5.318781
-0.411090 -0.269761 -4.829351
-0.452546 -0.302725 -4.204602
-0.385262 0.137435 -4.794066
-0.452993 0.031066 -2.589520
-0.473466 -0.387767 -3.918029
-0.368674 -0.276085 -0.804887
-0.367252 -0.301068 -4.519973
-0.491473 -0.242183 -2.693283
-0.459806 -0.483166 1.795404
-0.447438 -0.285750 -2.237332
-0.454102 -0.211483 -5.467824
-0.353774 -0.358129 -4.931976
-0.470927 -0.187938 -3.334835
-0.465245 -0.471676 -6.129819
-0.411342 -0.083882 -0.208357
-0.363895 -0.462483 4.803844
-0.482907 -0.384136 -4.576262
-0.408983 -0.122381 -2.825986
-0.431040 -0.311585 -2.316744
-0.418317 -0.485010 5.212483
-0.462230 -0.101033 -3.863425
-0.417079 -0.467313 -6.054138
-0.303809 0.305631 5.019413
-0.397604 -0.386068 3.757745
-0.194690 0.338509 -0.172817
-0.182552 -0.199141 -3.834045
-0.491613 0.282236 -2.836203
-0.429479 -0.088158 -4.705776
-0.475660 -0.096987 -5.539920
-0.450613 0.046394 -3.727514
-0.455821 -0.494578 -4.660968
-0.486430 0.088872 -2.755555
-0.383358 -0.114219 -4.145867
-0.398734 -0.447446 -5.792212
-0.450408 0.275655 -3.438265
-0.414064 -0.255389 -5.784981
-0.491714 -0.354094 7.363411
-0.451858 0.063338 -3.123713
-0.220737 0.085859 -5.454561
-0.387981 -0.403458 4.820231
-0.476191 -0.412054 -3.682951
-0.425371 -0.160195 -1.276488
-0.496327 -0.264672 -1.998678
-0.477756 -0.431531 -2.708502
-0.473134 -0.227890 -2.547151
-0.493637 -0.389327 -0.650432
-0.376170 -0.228740 -2.328616
-0.460229 0.338863 -0.781269
-0.379893 -0.270484 -3.960438
-0.423580 -0.386989 -5.959402
-0.408690 -0.044987 -0.345761
-0.459480 -0.075170 -5.968322
-0.468833 -0.369845 -5.802324
-0.467931 0.161541 -1.500983
-0.390880 0.184624 -4.843883
-0.371316 -0.315520 -6.003387
-0.447901 -0.256259 -5.250303
-0.401981 -0.327422 -2.112200
-0.474186 -0.422772 6.017065
0.245062 0.324397 -5.437212
-0.360473 0.184332 -4.849159
-0.427701 -0.371143 -5.752680
-0.493325 0.152607 5.047002
-0.473613 -0.359102 -2.945647
-0.486227 -0.213871 5.516338
-0.392142 0.091593 -3.839633
-0.408880 0.206705 -0.073426
-0.468666 -0.414379 -4.519155
-0.494229 0.065577 -4.946723
-0.345912 -0.367816 -5.219016
-0.470916 -0.491754 4.056057
-0.424979 -0.262586 -4.904749
-0.259156 0.361333 -4.385460
-0.416732 -0.449733 5.665165
-0.446191 0.399498 -3.325730
-0.405362 -0.316636 -1.766303
-0.355473 -0.462483 4.848763
-0.461344 0.065311 -3.681673
-0.493345 -0.222019 8.336386
-0.406794 -0.071835 -2.574968
-0.450713 0.129335 -3.819198
-0.334774 -0.030940 -3.601635
-0.450308 -0.038387 -5.073711
-0.446828 -0.497948 1.442942
-0.387423 0.125681 5.388912
-0.494287 -0.268466 6.984395
-0.231089 0.449220 -3.522368
-0.408083 -0.441300 -5.370154
-0.450869 -0.473953 6.080875
-0.394057 -0.202020 -4.737903
-0.466611 -0.298116 -3.329999
-0.424372 -0.157991 -5.054801
-0.443530 0.284016 -1.374258
-0.449275 -0.333943 -3.639337
-0.481376 -0.391726 -6.174794
0.152150 -0.031455 -0.066580
-0.393350 -0.078874 -1.648409
-0.077927 -0.325122 -6.109491
-0.492123 0.330098 7.886870
-0.470343 0.344907 -4.501315
-0.425426 -0.130520 -4.681121
-0.420642 0.362423 -3.088823
-0.436958 0.002834 -1.613337
0.206845 -0.450600 -1.904370
-0.376224 -0.063298 -3.785405
-0.450727 0.100516 -6.177177
-0.486983 -0.237179 -3.073165
-0.390911 -0.466095 4.330303
-0.245702 -0.443656 -3.678150
-0.317880 -0.410840 -4.571103
-0.456044 -0.152621 -3.781198
0.005688 0.413953 -5.266452
-0.464644 0.254762 -4.877196
-0.201842 -0.010253 4.608199
-0.426571 -0.266435 -4.860472
-0.401019 0.324440 -2.600849
-0.498035 -0.458340 -3.922971
-0.498080 0.111294 -5.160591
-0.398918 0.109709 -5.186755
-0.453994 -0.281359 -5.654035
-0.415057 -0.436578 5.181380
-0.340668 -0.242464 -2.121511
-0.421649 -0.421976 4.141904
-0.483922 0.172108 -2.837721
-0.483429 -0.082246 -4.446030
-0.372346 -0.438116 6.211068
-0.473303 -0.209162 -5.380971
-0.392544 -0.475713 5.213788
-0.387978 -0.374855 -5.575751
-0.497519 0.058441 -2.250615
0.047319 -0.197928 -5.724688
-0.483462 0.036077 6.832226
-0.471529 0.209498 6.044643
-0.439968 0.122416 -2.793466
-0.454779 0.212977 -5.681397
-0.456233 0.310271 -4.358083
-0.415751 -0.451557 -5.117560
-0.488561 0.344514 -1.955759
-0.435638 0.112987 -4.371121
-0.104152 0.423587 -0.946752
-0.484876 -0.086325 -1.888582
-0.482975 -0.382784 5.045462
-0.331905 -0.327522 -1.583500
-0.447599 -0.407993 -4.349328
-0.457240 -0.022025 -3.965435
-0.459863 -0.416787 -2.863399
-0.360131 -0.201580 -4.548613
-0.482252 -0.015746 -2.121897
-0.443112 -0.191387 -2.529939
-0.445392 -0.386939 -2.368397
-0.414370 -0.304500 -1.737253
-0.498652 0.130866 -4.827098
-0.411488 -0.389254 3.817305
-0.240106 0.410591 -5.624787
-0.414971 -0.371773 -6.174751
-0.486409 -0.377232 -3.856982
-0.431772 -0.294191 -1.071107
-0.459948 -0.417381 4.957274
-0.333242 0.063848 -1.834254
-0.460236 -0.327933 -5.385390
-0.355633 0.014576 -4.561903
-0.451786 -0.143655 -5.934553
-0.389306 0.434395 -5.393045
-0.470754 -0.382150 -4.891904
-0.416840 -0.470241 3.201057
-0.270566 -0.495080 5.253953
-0.498898 -0.327344 -5.270370
