-0.197902 -0.462772 -3.581047
-0.357895 -0.355701 2.899877
-0.469527 -0.198386 4.648541
-0.392832 -0.103802 2.247766
-0.483717 -0.253429 3.180219
-0.480448 -0.109572 5.557784
-0.498599 -0.368655 -0.376460
-0.406838 -0.449347 4.278273
-0.467938 -0.409651 5.914134
-0.487375 -0.306966 5.751672
-0.412637 -0.383708 5.941502
-0.495582 -0.413561 6.252075
-0.411395 -0.464495 4.796937
-0.484528 0.153726 5.140786
-0.421022 0.105270 -5.966996
-0.435932 -0.411406 5.345883
-0.414055 0.157455 3.287916
-0.473006 -0.417142 4.194587
-0.304040 -0.463724 2.949803
-0.446925 0.373991 2.044882
-0.494791 0.465869 9.239552
-0.440678 -0.308075 1.863528
-0.419107 -0.332540 5.623614
-0.494127 -0.217823 5.546408
-0.406537 -0.236004 2.664107
-0.458077 -0.317698 -5.648826
-0.434274 -0.416695 5.542260
-0.470770 -0.391943 5.381225
-0.436414 0.438757 5.508545
-0.475242 -0.084208 1.246441
-0.347555 0.238804 5.212879
-0.455733 0.252650 2.013750
-0.465375 0.488090 5.597474
-0.403376 0.342856 4.687947
-0.404852 0.127416 3.081055
-0.408819 -0.119923 6.266765
-0.469061 -0.154718 4.077760
-0.374517 -0.402026 4.899114
-0.401525 -0.494180 4.676520
-0.373895 0.265576 4.097150
-0.266552 0.415312 2.603713
-0.333483 -0.355730 1.589920
-0.473236 -0.276061 5.040158
-0.275777 0.325749 3.465629
-0.120084 -0.360439 6.107110
-0.498445 -0.422788 -2.247895
-0.469204 -0.154357 5.179493
-0.471891 0.434137 5.388516
-0.490515 -0.333397 5.684539
-0.214285 -0.333236 3.031087
-0.386306 -0.370910 3.538648
-0.383953 0.364410 1.072321
-0.457330 -0.415064 5.511230
-0.435934 -0.041939 5.921722
-0.389932 -0.348732 5.154466
-0.437637 0.314128 3.294388
-0.495426 -0.220982 -0.864312
-0.453979 -0.333241 4.377227
-0.485224 -0.493898 -1.346371
-0.474726 -0.471176 5.708906
-0.483162 -0.191987 6.041427
-0.423784 -0.486622 2.634633
-0.496012 -0.158261 -4.474224
-0.436647 -0.047366 -5.119125
-0.418605 0.239490 1.109398
-0.499638 0.143686 8.465331
-0.339910 0.146631 4.055371
-0.400370 0.046830 2.906846
-0.369669 0.204667 3.768931
-0.429227 -0.448129 2.939635
-0.432294 -0.299046 2.966343
-0.439370 -0.114308 -5.246003
-0.433601 -0.391203 1.976383
-0.435496 -0.379066 3.556882
-0.459643 -0.347663 5.012963
-0.354396 -0.488915 1.194826
-0.495912 -0.219466 4.651158
-0.474783 -0.017828 2.526156
-0.477411 -0.463780 3.486058
-0.458439 -0.373524 2.778990
-0.436069 -0.120316 4.912884
-0.499759 0.174458 -0.936995
-0.420879 -0.445062 -6.153205
-0.393204 -0.175168 3.647143
-0.464853 -0.145311 6.051205
-0.497337 -0.398150 -1.856322
-0.438902 -0.481351 1.990078
-0.375793 -0.248642 4.762362
-0.493702 -0.375946 5.805352
-0.204327 -0.231365 1.978825
-0.480491 -0.457186 4.689889
-0.490916 -0.277464 2.373966
-0.497999 -0.202482 3.523479
-0.479288 -0.161644 5.718628
-0.312624 0.376430 3.424667
-0.498661 0.027696 1.447086
-0.358425 -0.278036 1.678322
-0.477211 -0.218303 4.669412
-0.394442 -0.346134 4.561288
-0.494806 -0.233837 8.333330
-0.478894 0.247025 6.005304
-0.418070 -0.152349 6.057691
-0.430027 -0.141874 5.684191
-0.430517 0.204321 3.969357
-0.269886 -0.044701 5.301750
-0.463305 -0.230820 5.000985
-0.414659 -0.396580 -5.539724
-0.484714 0.308165 6.148602
-0.406669 -0.080612 4.934790
-0.454703 -0.139851 4.149653
-0.385185 -0.358697 6.253806
-0.287638 0.419745 2.700038
-0.499583 0.013682 4.611906
-0.397590 -0.223324 5.465265
-0.392731 0.156753 3.037220
-0.437661 -0.377138 -3.339439
-0.368332 -0.366563 1.818827
-0.291743 -0.124517 2.371619
-0.386710 -0.429023 5.633681
-0.451108 -0.429645 -3.019455
-0.489205 -0.376228 5.619084
-0.417685 -0.150508 4.709042
-0.350010 -0.455205 -4.965002
-0.411754 0.038348 0.251121
-0.478870 0.396298 6.262670
-0.421500 -0.291189 1.003300
-0.471450 -0.277700 -5.839837
-0.402889 -0.261340 4.950245
0.213970 -0.438117 -1.783791
-0.486868 -0.316012 -1.702848
-0.414291 -0.478099 2.856932
-0.494257 -0.454918 -5.641344
-0.478480 0.185930 5.152898
-0.477552 0.100748 5.463039
-0.491365 -0.118660 4.526135
0.018956 -0.099107 1.861543
-0.455463 -0.143454 3.633249
-0.489566 0.027303 5.184691
-0.479825 -0.049271 -5.682142
-0.492154 0.020539 0.975035
-0.431975 -0.179457 3.696276
-0.496925 -0.026797 2.412811
-0.494530 -0.138305 9.393292
-0.434855 -0.376588 4.566971
-0.484483 -0.164924 9.075781
-0.486725 0.434065 7.186249
-0.490680 -0.470128 8.492439
-0.421566 -0.248456 5.164087
-0.052247 -0.329180 3.184943
-0.333306 0.120642 1.816617
-0.429473 -0.366337 5.606229
-0.400032 -0.236918 -6.197979
-0.371728 -0.396083 3.208441
-0.442024 -0.319178 5.452804
-0.386451 -0.466049 3.350945
-0.183568 0.453073 2.108190
-0.416937 -0.214390 4.540424
-0.450001 -0.171547 4.452652
-0.475955 -0.210294 4.206778
-0.453808 -0.420419 5.392022
-0.466578 -0.024315 2.739187
-0.444232 -0.231376 5.082157
-0.488446 -0.046670 4.386258
-0.201957 -0.429789 5.694130
-0.290499 0.311881 4.494242
-0.474423 0.454944 5.303492
-0.390662 -0.404393 2.928022
-0.492734 -0.292984 5.073350
-0.455111 0.215327 3.601278
-0.439557 -0.076595 2.108353
-0.344592 0.272535 4.092794
-0.443515 0.222165 4.038881
-0.447727 -0.111210 3.021138
-0.376930 -0.446263 3.799860
-0.481102 -0.160536 -2.965666
-0.426413 -0.150176 3.211961
-0.399285 -0.491706 5.428346
-0.433856 -0.494251 0.274308
-0.276007 0.344388 5.570124
-0.476533 -0.007603 5.428589
-0.492027 -0.495483 -2.848111
-0.462053 0.343945 1.345211
-0.473567 -0.075929 5.080973
-0.436788 -0.397123 3.997091
-0.425186 -0.423406 -5.021315
-0.437794 -0.134256 5.869470
-0.473776 -0.438927 4.574553
-0.437328 -0.316207 3.660360
-0.496126 -0.329544 -2.545253
-0.443442 -0.033043 4.228000
-0.458974 -0.474570 5.532537
-0.422717 0.239754 0.861459
-0.394116 -0.295995 4.910253
-0.475989 0.010878 -2.661041
-0.454813 0.291383 1.148646
-0.340783 -0.330422 4.103253
-0.484306 0.109893 6.124731
-0.258647 -0.440669 5.011050
-0.497735 -0.037939 6.147304
-0.396717 -0.244656 5.242765
-0.432688 0.027955 5.964655
-0.321897 0.451225 0.892679
-0.359807 0.365079 5.200358
-0.356710 -0.465899 4.715707
-0.478631 0.010583 3.998969
-0.369279 -0.457288 -5.519586
-0.460576 -0.410831 4.848459
-0.354763 -0.412535 4.198124
-0.393143 -0.224877 4.523414
-0.490590 0.131714 -1.268426
-0.354196 -0.492759 3.142938
-0.488912 0.032170 -6.154270
0.013433 0.381108 0.111806
-0.457873 0.287945 4.495558
-0.374435 -0.357044 5.084019
-0.496725 0.008888 1.175324
-0.419604 0.300789 5.829498
-0.454965 -0.149599 5.037407
-0.478460 -0.023919 -6.122979
-0.295468 -0.296787 0.703894
-0.424787 -0.366888 4.533285
-0.228705 -0.233795 3.239174
-0.390441 -0.404285 5.383451
-0.442809 0.077635 2.099731
-0.317425 -0.497776 11.105564
0.472832 0.308203 8.907770
-0.461305 -0.262261 3.264364
-0.370640 -0.020800 2.401182
-0.305166 -0.464657 4.066073
-0.470624 -0.412707 2.288727
-0.499820 -0.185712 -1.868530
-0.412624 -0.315371 4.397732
-0.446418 0.174981 5.368913
-0.448972 -0.225274 6.107328
-0.457364 -0.402719 4.717050
-0.321338 0.197778 1.977205
-0.435971 -0.154998 -6.237311
-0.444703 -0.380492 5.162423
-0.455585 -0.258452 5.461033
-0.377732 -0.238632 4.969157
-0.356288 -0.182125 5.954489
-0.393803 -0.361725 6.273220
-0.359102 -0.399105 -6.001257
-0.470843 -0.174309 -2.810216
-0.337032 -0.406473 6.075597
-0.495867 -0.346861 -2.757505
-0.446059 -0.164316 3.403015
-0.457662 -0.086036 5.216980
-0.391933 -0.480356 -6.171406
-0.488954 -0.298992 0.709364
-0.416782 -0.022742 6.188446
-0.489961 -0.401548 8.004067
-0.484358 -0.321495 -4.289793
-0.455572 -0.403303 -4.866650
-0.494648 -0.476089 5.670961
-0.425405 0.216034 0.623762
-0.455742 -0.153029 -4.479387
-0.173988 0.392392 0.500589
-0.045395 -0.223021 -4.347768
-0.469314 0.477988 4.006113
-0.458375 -0.316495 -3.877186
-0.414184 0.060100 3.380269
-0.449934 0.325168 3.220460
-0.194797 -0.423985 -4.883877
-0.435883 0.260395 4.726812
-0.403748 -0.218992 3.559102
-0.460255 -0.358839 6.220838
-0.333969 0.481827 3.347527
-0.434626 -0.292560 -5.917232
-0.494722 -0.268249 -1.832800
-0.402658 0.160826 -5.122293
-0.474927 0.156514 5.885127
-0.258496 -0.469293 -4.771579
-0.326609 -0.361641 5.928032
-0.490372 -0.301829 5.936101
-0.480741 -0.212731 8.709091
-0.421585 -0.457431 4.345863
-0.461649 -0.326432 2.798942
-0.482447 -0.329539 -4.767306
-0.470724 -0.310741 6.091100
-0.321266 0.487000 4.630700
-0.463575 -0.421327 5.295619
-0.494709 -0.233524 -5.735268
-0.494749 -0.133592 3.596066
-0.395206 -0.094149 2.363581
-0.476493 -0.177134 5.494593
-0.466468 0.064470 2.792637
-0.442173 0.343024 3.342944
-0.498303 -0.275467 4.481799
-0.368900 -0.452414 3.501904
-0.440427 -0.491290 -4.618502
-0.427879 -0.473093 -5.490794
0.364893 0.304598 -3.784646
-0.487448 0.269439 5.649949
-0.460079 -0.325882 4.935738
-0.489131 -0.094780 -1.946520
-0.492316 -0.011422 -0.169156
-0.449916 -0.292003 -6.159378
-0.437186 0.129379 -6.091318
-0.461300 -0.030315 5.564324
-0.445109 -0.172469 3.928023
-0.483197 -0.047864 4.004923
-0.473437 -0.458687 4.912498
-0.460137 -0.256767 1.780325
-0.350709 -0.230416 3.627668
-0.231224 0.332971 5.524805
-0.478729 -0.440318 8.609731
-0.463270 0.415274 -5.570923
-0.440069 -0.303823 3.310598
-0.447552 -0.360078 0.772757
-0.458670 -0.090901 5.988456
-0.491357 -0.372407 2.939229
-0.403891 0.073118 5.927459
-0.458803 0.306423 3.005932
-0.497974 -0.222595 -2.455360
-0.493977 0.066304 2.599069
-0.496798 -0.391044 -1.563995
-0.442890 0.100508 1.777013
-0.460280 -0.396858 5.044910
-0.426641 0.331362 3.256435
-0.485686 -0.291455 3.918358
-0.409659 -0.450102 4.509946
-0.484102 -0.020480 3.202226
-0.346819 -0.428490 3.835350
-0.489040 -0.242989 2.334127
-0.410121 -0.194158 6.073213
-0.412041 -0.296395 4.756175
-0.455138 -0.231016 -6.245176
0.008434 -0.072459 2.671465
-0.447751 -0.419437 5.533334
-0.293516 -0.260843 -6.258733
-0.343498 0.435319 4.580538
-0.480967 0.330970 5.801067
-0.438970 -0.338610 5.143121
-0.390931 0.479208 5.063416
-0.409745 -0.459200 5.957560
0.363284 -0.467375 6.206210
-0.487609 -0.288865 2.808889
-0.485547 0.315765 1.911087
-0.467313 -0.322995 4.536904
-0.183142 -0.452296 -5.806799
-0.477568 -0.290702 -0.377366
-0.140245 -0.455812 5.068128
-0.480727 -0.247752 -5.795399
0.052774 -0.176510 4.010541
-0.495023 0.180044 2.255047
-0.242576 -0.275478 6.016209
-0.474331 -0.136926 3.830557
-0.442712 0.227784 4.079865
-0.489787 -0.346377 -2.037325
-0.394487 0.251584 2.938542
-0.323222 0.470809 5.193281
-0.471571 -0.209671 5.914867
-0.446455 -0.401238 -6.103362
-0.479482 -0.147450 4.275677
-0.481942 -0.412696 -0.580682
-0.438240 0.397913 -5.125791
-0.489842 -0.105883 -1.852285
-0.351932 -0.414385 4.677651
-0.413381 0.016284 5.467806
-0.461131 -0.048434 2.196849
-0.433051 -0.253491 -5.182506
-0.390299 0.056149 3.712789
-0.025616 -0.176817 3.938570
-0.499827 -0.087228 -5.306892
-0.465290 0.073405 -3.732318
-0.443356 -0.002407 3.986709
-0.459219 -0.213296 4.691106
-0.405016 0.382794 1.798539
-0.325136 -0.400312 5.833285
-0.461017 0.256473 4.880884
-0.417889 0.132914 5.802983
-0.001638 0.341531 0.443015
-0.403519 -0.313011 2.197506
-0.362482 -0.486355 3.078283
-0.428665 -0.470689 -5.576121
-0.477492 -0.334747 4.955716
-0.488987 -0.213137 5.915818
-0.466680 -0.481073 4.937585
-0.220432 -0.244664 5.197160
-0.376924 0.089554 1.462295
-0.206085 -0.487342 -6.270468
-0.497465 -0.418692 5.099248
-0.469972 -0.234795 2.960215
-0.477432 0.110100 -5.995060
-0.461376 -0.382738 3.765004
-0.418458 0.278855 0.485183
-0.396020 -0.350018 -6.154487
-0.426151 -0.318288 2.606116
-0.474842 -0.289135 5.542185
-0.084937 -0.318402 4.092128
-0.470210 0.036621 2.804064
-0.498739 -0.141864 -0.889274
-0.460267 0.268522 6.082887
-0.449013 0.145955 -5.922821
-0.388817 0.329137 6.156183
-0.451081 -0.348543 4.525314
-0.490096 -0.465302 4.292979
-0.419286 -0.286990 5.330787
-0.233895 -0.489615 0.144668
