-0.254853 -0.491861 -5.169647
-0.365841 -0.331114 4.981216
-0.437382 -0.150534 4.465876
-0.411747 -0.138372 0.980129
-0.487585 -0.280867 1.183561
-0.483724 -0.168649 1.248869
-0.465232 -0.296869 5.785957
-0.359112 -0.466129 4.867103
-0.434155 -0.351007 3.534117
-0.442334 -0.410594 1.064365
-0.411259 -0.416276 5.577583
-0.439295 -0.456754 3.886752
-0.471924 -0.445709 2.739083
-0.495348 0.123869 -5.013547
-0.492356 0.130809 -2.297894
-0.459060 -0.361426 5.625255
-0.458903 0.139217 -5.361725
-0.442000 -0.414864 4.759526
-0.381084 -0.494104 5.383817
-0.388178 0.304087 1.053043
-0.480815 0.375613 0.918273
-0.454591 -0.311011 4.758613
-0.491637 -0.292451 3.387213
-0.466399 -0.161989 5.018828
-0.392458 -0.185376 4.468388
-0.487304 -0.265631 3.495903
-0.412619 -0.412240 0.204264
-0.410906 -0.406411 -2.969050
-0.441066 0.466691 5.414022
-0.488367 -0.091357 -3.363133
-0.375565 0.185810 4.244538
-0.412913 0.307113 3.701961
-0.491309 0.461514 2.705023
-0.342296 0.378667 3.218389
-0.425439 0.043628 -6.274604
-0.484219 -0.105090 4.828094
-0.437738 -0.082097 3.923474
-0.328822 -0.394337 4.797325
-0.359738 -0.498952 10.877884
-0.465115 0.206091 -5.933201
-0.272231 0.363284 -4.304213
-0.341733 -0.310010 6.088088
-0.426118 -0.279445 2.394758
-0.310258 0.280119 2.615589
-0.106395 -0.331923 4.073261
-0.427711 -0.489350 2.681603
-0.429206 -0.210751 4.668218
-0.451826 0.365181 1.705630
-0.400610 -0.344220 2.932355
-0.249147 -0.341108 -5.649456
-0.351595 -0.355676 2.981840
-0.384163 0.357849 4.616380
-0.460798 -0.438511 2.060440
-0.499565 -0.052843 -6.119191
-0.488052 -0.339037 -1.144679
-0.417580 0.325651 3.451142
-0.423384 -0.275504 2.169321
-0.459061 -0.265434 5.087702
-0.445052 -0.416060 5.059181
-0.462198 -0.497854 3.886060
-0.495350 -0.124067 4.824269
-0.381922 -0.454742 4.612462
-0.497467 -0.116993 2.457957
-0.450120 -0.082501 1.704050
-0.483526 0.211609 5.230327
-0.437847 0.148617 2.709603
-0.444145 0.231502 -5.445926
-0.440753 0.066420 2.974502
-0.400669 0.266588 2.999591
-0.399348 -0.419861 4.606932
-0.482338 -0.255633 3.556272
-0.495457 -0.017288 4.832702
-0.489160 -0.337092 -1.274138
-0.463206 -0.438220 -4.990587
-0.496881 -0.396126 0.768407
-0.393747 -0.473258 4.330327
-0.474494 -0.160827 4.201865
-0.402978 -0.040672 -3.751909
-0.464779 -0.404350 5.170374
-0.455067 -0.307787 -6.061561
-0.432088 -0.171164 -5.501676
-0.442847 0.094888 2.363891
-0.442339 -0.436464 5.003278
-0.418863 -0.193142 3.509735
-0.479470 -0.165887 3.165729
-0.429605 -0.371016 4.067173
-0.423624 -0.454935 4.600316
-0.385674 -0.236072 4.195828
-0.429469 -0.355488 2.887628
-0.100404 -0.240589 2.286235
-0.423130 -0.422015 -5.037136
-0.429662 -0.263176 5.738210
-0.414025 -0.193669 3.094778
-0.480570 -0.253617 2.592367
-0.299144 0.450893 4.405938
-0.474255 0.038785 5.882034
-0.361322 -0.336653 4.659273
-0.482522 -0.297803 2.737338
-0.409364 -0.300249 2.176115
-0.488052 -0.241512 2.535741
-0.380903 0.317331 3.666992
-0.339490 -0.073974 3.517275
-0.475883 -0.130874 -0.051750
-0.477725 0.167593 8.711069
-0.350329 -0.059880 4.979511
-0.474060 -0.122876 2.945544
-0.403430 -0.451736 -4.499230
-0.450899 0.254399 2.322060
-0.399004 -0.084515 2.388237
-0.486407 -0.142752 4.481521
-0.356222 -0.415314 4.490086
-0.246875 0.431047 4.742466
-0.407648 -0.022841 2.662024
-0.387568 -0.235855 0.746369
-0.462897 0.201789 5.877097
-0.432908 -0.316114 4.456267
-0.346687 -0.398899 5.756040
-0.317950 -0.050104 5.366176
-0.458693 -0.456537 -5.206390
-0.428705 -0.441297 3.690909
-0.449012 -0.410164 5.861525
-0.474919 -0.084754 -1.168001
-0.401835 -0.452516 4.444220
-0.439650 0.062806 5.328845
-0.460326 0.397074 1.528556
-0.439158 -0.280117 3.129303
-0.474552 -0.323722 3.391168
-0.441416 -0.235369 0.597925
0.189613 -0.389687 6.087335
-0.451491 -0.305263 -5.211923
-0.456948 -0.497862 5.997289
-0.435744 -0.414197 3.699389
-0.387117 0.181452 2.763728
-0.492220 0.118693 3.923113
-0.473058 -0.039378 2.376618
0.101376 -0.114260 3.476663
-0.334497 -0.184628 2.425276
-0.386061 0.022224 3.982957
-0.494045 0.009234 3.567427
-0.452676 0.012741 3.171995
-0.392739 -0.184956 3.894378
-0.451929 -0.075507 1.592512
-0.426576 -0.127968 2.834356
-0.404892 -0.416302 6.271554
-0.468054 -0.112731 4.129147
-0.414280 0.376219 2.846313
-0.496681 -0.487057 11.862544
-0.440582 -0.229737 1.360002
-0.040487 -0.341283 3.752608
-0.385641 0.064680 2.720278
-0.396633 -0.397770 1.392635
-0.414089 -0.142134 3.842937
-0.344633 -0.447173 1.740948
-0.461869 -0.267892 5.679451
-0.436280 -0.456535 4.645515
-0.235884 0.477335 -5.577361
-0.452960 -0.193244 4.913831
-0.497643 -0.165441 5.743183
-0.476776 -0.235310 2.463696
-0.415001 -0.462731 4.174445
-0.465213 -0.058006 4.645034
-0.442408 -0.219446 2.527761
-0.425865 -0.045017 1.560077
-0.162058 -0.397561 1.605508
-0.250456 0.292373 2.376400
-0.472236 0.366068 1.180082
-0.307386 -0.484923 4.270846
-0.428357 -0.320411 1.444333
-0.495047 0.225607 -2.194415
-0.475812 -0.179816 -5.851552
-0.348339 0.249090 3.954454
-0.470024 0.278081 4.161586
-0.489870 -0.086286 2.082695
-0.372920 -0.405228 5.152822
-0.499782 -0.154701 1.278999
-0.448805 -0.087487 5.873468
-0.395357 -0.403886 5.423717
-0.387186 -0.459633 -5.725125
-0.273475 0.367616 3.826947
-0.459242 0.040905 -5.798106
-0.450264 -0.479468 5.505196
-0.489000 0.279645 -6.091894
-0.455353 0.016796 4.899231
-0.441063 -0.425685 4.455495
-0.380979 -0.402561 6.030001
-0.477310 -0.268018 -0.307444
-0.497880 -0.321228 0.534496
-0.423736 -0.313111 2.810416
-0.450105 -0.238510 4.718316
-0.421509 -0.065771 6.053231
-0.489499 -0.415367 4.314105
-0.437833 0.190347 1.099612
-0.410274 -0.349864 2.405068
-0.485694 -0.070471 8.723344
-0.453173 0.359035 3.011343
-0.383291 -0.371867 0.696748
-0.466977 0.108430 3.799040
-0.276832 -0.483836 2.494160
-0.486716 -0.089498 5.862752
-0.480610 -0.238057 -4.956910
-0.467133 -0.033766 -5.598401
-0.357421 0.496061 2.280340
-0.346376 0.456325 5.372351
-0.316523 -0.461144 3.342214
-0.472068 0.029216 3.546681
-0.288621 -0.464678 3.665012
-0.472451 -0.392930 3.531124
-0.402106 -0.339317 4.480791
-0.386920 -0.223919 3.919396
-0.488399 0.041824 1.073814
-0.371836 -0.415280 4.922244
-0.448742 -0.041017 3.761426
-0.017345 0.281591 -1.861740
-0.498763 0.307986 0.244740
-0.363749 -0.418946 3.192848
-0.454223 0.009832 -5.878703
-0.444593 0.249983 6.201260
-0.382270 -0.215357 4.704394
-0.479822 -0.066429 -0.136993
-0.251173 -0.248442 2.582812
-0.471175 -0.319169 4.590271
-0.368969 -0.239916 0.424997
-0.368157 -0.388972 -5.670564
-0.463485 0.000464 5.210187
-0.418849 -0.455659 -6.219027
0.499070 0.305709 -1.650852
-0.408880 -0.167198 3.754322
-0.365701 -0.072287 4.237763
-0.334098 -0.465740 -5.941016
-0.466859 -0.343663 5.652360
-0.425498 -0.128088 2.462118
-0.437576 -0.279766 5.584527
-0.460833 0.236099 6.131613
-0.486526 -0.161074 5.545642
-0.436295 -0.408957 -5.931997
-0.416277 0.218655 5.734185
-0.482775 -0.111735 4.742866
-0.498010 -0.423182 9.197433
-0.423223 -0.233355 2.947034
-0.402795 -0.200559 -5.850779
-0.368927 -0.175419 2.890772
-0.327904 -0.353197 4.278636
-0.301694 -0.473018 5.095419
-0.475616 -0.168253 9.033727
-0.289837 -0.395484 3.724819
-0.408304 -0.406665 2.173189
-0.400449 -0.285857 1.870521
-0.487541 -0.090297 1.821372
-0.406147 -0.449958 5.293725
-0.409050 -0.276937 3.410530
-0.344931 -0.095157 3.241704
-0.407411 -0.434703 3.840572
-0.450997 -0.369087 -4.996412
-0.478597 -0.405887 3.941877
-0.452436 -0.445852 4.505655
-0.446773 0.270701 4.764120
-0.462676 -0.168308 5.320198
-0.267676 0.411858 0.584303
-0.022034 -0.236083 1.899503
-0.464717 0.401175 3.842951
-0.495716 -0.201685 -0.380807
-0.407647 0.061503 5.832764
-0.466076 0.299479 4.779502
-0.222798 -0.459592 -4.933688
-0.484824 0.272366 8.502912
-0.411091 -0.218807 5.919828
-0.392854 -0.365086 2.989618
-0.331558 0.473850 2.840595
-0.345983 -0.240677 2.714173
-0.465046 -0.207329 2.399384
-0.419966 0.199225 4.284764
-0.434000 0.080751 -4.246148
-0.234947 -0.452997 -3.413601
-0.404344 -0.386541 2.075225
-0.490518 -0.244034 5.839632
-0.465005 -0.193591 4.485579
-0.441071 -0.460560 4.521365
-0.495625 -0.394529 -4.673210
-0.461274 -0.346672 4.408468
-0.459076 -0.359594 4.385647
-0.284745 0.463590 5.686662
-0.460106 -0.376493 -6.040374
-0.442683 -0.178652 5.078063
-0.434406 -0.193840 3.231383
-0.424712 -0.113971 3.341270
-0.485143 -0.198646 2.241370
-0.465003 0.098530 -2.258949
-0.414185 0.372772 3.927381
-0.472160 -0.253825 -4.821304
-0.311651 -0.411560 3.667064
-0.345458 -0.452982 4.070442
-0.354557 -0.411416 4.996268
0.405589 0.299973 5.067830
-0.455658 0.334925 1.368765
-0.477116 -0.396863 -1.811486
-0.486243 -0.126196 1.927720
-0.461177 -0.060025 3.213468
-0.456113 -0.236646 2.792279
-0.486181 0.129337 -2.076562
-0.494595 0.005627 0.469564
-0.461918 -0.126724 -5.174518
-0.454621 -0.081835 -5.424958
-0.482810 -0.436203 4.956290
-0.455580 -0.309288 2.264266
-0.424327 -0.136536 5.300197
-0.188082 0.380321 3.539572
-0.491749 -0.453604 8.511302
-0.436218 0.422623 4.357909
-0.439076 -0.336248 4.664726
-0.382406 -0.418019 4.089192
-0.438871 -0.097785 2.783229
-0.467376 -0.346329 -4.289477
-0.396325 0.059845 1.040247
-0.435483 0.432263 6.105569
-0.465243 -0.136303 2.083542
-0.474297 0.084096 2.822579
-0.383694 -0.405985 2.552447
-0.440394 0.137220 3.814202
-0.449512 -0.344102 5.194631
-0.406556 0.350263 5.625356
-0.474504 -0.280942 5.830136
-0.393747 -0.475120 5.210364
-0.477668 -0.037834 -2.168405
-0.362707 -0.391335 4.824145
-0.457496 -0.229483 4.402237
-0.439480 -0.208114 2.935721
-0.462440 -0.308895 -6.144156
-0.482991 -0.232840 3.010387
0.006651 -0.054453 -3.957289
-0.415420 -0.454313 2.834323
-0.208582 -0.284810 -3.837170
-0.309878 0.451423 4.461104
-0.477832 0.302094 0.787927
-0.419519 -0.308772 2.230166
-0.427078 0.476255 0.637055
-0.394606 -0.400574 5.859056
0.412431 -0.454303 -3.672757
-0.473898 -0.248953 4.480011
-0.454987 0.377358 6.104354
-0.490527 -0.360177 -1.981987
-0.232150 -0.480529 1.669530
-0.434271 -0.304508 3.633617
-0.227644 -0.413362 -6.256107
-0.387684 -0.269032 3.890939
0.087362 -0.192715 3.361016
-0.495646 0.200271 4.754488
-0.124700 -0.268406 4.069754
-0.474000 -0.150812 2.563145
-0.457020 0.261009 3.820205
-0.476277 -0.350413 -2.032173
-0.451338 0.234157 1.364339
-0.361176 0.492399 5.306248
-0.452110 -0.301292 -4.874217
-0.447129 -0.456593 3.542556
-0.426264 -0.148039 5.451174
-0.436236 -0.399785 3.141217
-0.478107 0.410045 2.237691
-0.478536 -0.170628 6.990775
-0.378008 -0.463278 -6.247337
-0.487411 0.003700 -1.289226
-0.488686 -0.083867 -5.218768
-0.478452 -0.136063 3.614988
-0.390719 0.028393 6.181859
-0.005171 -0.126192 5.257024
-0.467812 -0.098853 2.925672
-0.461918 0.024479 2.963840
-0.404800 -0.073241 1.135931
-0.458628 -0.195092 5.017338
-0.390902 0.460719 4.959054
-0.345296 -0.451646 2.592159
-0.487211 0.221944 5.850882
-0.459273 0.191681 5.598575
0.014286 0.345406 -6.176701
-0.337921 -0.256971 2.718920
-0.389833 -0.417506 5.777357
-0.368485 -0.421617 4.464904
-0.479599 -0.314602 6.121324
-0.477347 -0.190228 5.773615
-0.470308 -0.403518 -6.130783
-0.345118 -0.222013 5.889155
-0.395487 0.026350 2.948764
-0.239409 -0.366403 -6.182056
-0.444024 -0.342217 5.393639
-0.419286 -0.236950 3.581471
-0.431086 0.089184 3.383272
-0.476480 -0.391680 -2.567293
-0.446250 0.274052 4.844246
-0.371003 -0.386935 2.532991
-0.451207 -0.320480 4.297304
-0.471808 -0.279319 -2.126632
-0.081987 -0.285146 4.795174
-0.479824 0.036025 0.197591
-0.490152 -0.222598 1.720220
-0.462187 0.335435 2.089752
-0.464215 0.152265 5.326219
-0.424216 0.350075 0.400830
-0.463342 -0.313061 3.899738
-0.494218 -0.413281 3.414776
-0.389985 -0.301949 3.326835
-0.232697 -0.438269 5.724387
