-0.313184 0.198161 4.487662
-0.217059 0.171352 -1.857326
-0.405118 0.053763 4.617133
-0.464787 -0.230598 3.590135
-0.454255 -0.296385 3.579480
-0.484509 -0.405035 4.212064
-0.465693 -0.093168 2.565696
-0.214571 -0.408993 5.776940
-0.473677 -0.088925 2.132711
-0.466416 0.085238 2.851688
-0.447909 -0.437191 2.598726
-0.417510 -0.407077 1.511124
-0.491641 -0.148306 -2.513603
-0.474830 -0.476988 -0.969484
-0.460775 0.449870 -5.029171
-0.457713 -0.476506 4.812890
-0.374088 -0.318765 2.632043
-0.140448 -0.472265 3.258329
-0.327995 0.012065 3.922174
-0.408782 -0.114810 -5.871936
-0.471887 -0.256461 5.807212
-0.494241 -0.296896 -2.676753
-0.479366 -0.390295 6.233819
-0.494032 0.189432 -5.609999
-0.439252 -0.075654 3.120873
-0.465563 -0.271078 -6.252931
-0.469087 -0.458668 5.767428
-0.447051 0.254762 -5.827395
-0.416119 -0.359323 3.672092
-0.460212 -0.326592 5.645913
-0.489556 -0.383343 3.813812
-0.362718 -0.474121 4.001570
-0.490381 0.113704 3.809648
-0.371302 0.172056 1.074921
-0.333662 -0.344546 3.065362
-0.327015 -0.491539 0.658898
-0.316891 0.009143 2.318507
-0.310143 -0.462195 -5.184127
-0.485826 -0.387656 2.907002
-0.381854 -0.343547 4.141977
-0.425350 -0.006315 2.639281
-0.495731 -0.437831 -1.796187
-0.253524 -0.031272 4.373213
-0.498602 -0.016866 2.885774
-0.473922 -0.443068 -3.021450
-0.496013 -0.296836 -0.250958
-0.436954 -0.368472 4.049146
-0.488681 0.060162 1.253364
-0.451645 -0.068421 2.775477
-0.389904 0.176274 0.092331
-0.384503 -0.285425 2.131436
-0.455155 0.030240 4.963822
-0.436639 -0.307486 5.250163
-0.485828 -0.178892 -1.403004
-0.411993 -0.426847 6.240654
-0.450087 -0.018905 2.089885
-0.321914 -0.350148 3.767854
-0.437838 -0.388284 4.566318
-0.436180 -0.242834 0.361575
0.158869 0.002448 -3.931330
-0.471831 -0.461957 -4.531530
-0.466674 -0.156484 4.945954
-0.458974 -0.168329 -5.337779
-0.391496 -0.391908 5.605655
-0.377688 0.421286 2.654895
-0.282461 -0.472726 11.672451
0.174168 0.134930 -4.816776
-0.418195 -0.070263 4.804586
-0.331380 -0.403421 2.791615
-0.445053 -0.218550 4.214589
-0.448096 -0.134736 1.787598
-0.478823 -0.059509 4.234553
-0.404516 -0.171474 5.669963
-0.344032 -0.495090 2.914729
-0.344967 -0.209607 5.104159
-0.379416 0.049528 2.507115
-0.441148 -0.247213 -4.239655
-0.443340 -0.482217 4.443010
-0.468194 -0.487012 6.063437
-0.306997 -0.187629 4.049256
-0.457798 -0.442700 4.694343
-0.440741 -0.393829 6.204947
-0.398876 -0.145741 2.385883
-0.382010 -0.409596 1.362092
-0.355724 -0.424314 2.748569
-0.483157 0.086132 2.749022
-0.431772 -0.390614 5.735126
-0.432241 -0.164167 3.419229
-0.207773 -0.442726 3.672588
-0.335313 -0.473694 4.412466
-0.410559 -0.267874 0.958105
-0.424610 -0.331795 2.782596
-0.361321 -0.040649 2.063555
-0.365334 -0.480418 4.309299
-0.456690 0.207151 5.874769
-0.450293 -0.083349 3.220431
-0.422640 -0.031123 4.808473
-0.313239 -0.295815 1.623694
-0.464870 -0.172043 3.658157
-0.443319 0.158776 3.609827
-0.455628 -0.355244 4.999552
-0.362142 0.197555 1.301338
-0.486880 0.417781 5.286020
-0.476006 0.028474 1.296872
-0.235203 -0.478351 4.528733
-0.364129 -0.059118 5.183857
0.242748 -0.138580 -1.659330
-0.484788 -0.123071 4.652912
-0.436741 0.340633 3.462526
-0.489465 -0.080589 4.015070
-0.448521 0.372176 4.951231
0.112904 -0.030186 4.090055
-0.377850 -0.115994 2.257541
-0.485702 0.240125 5.985909
-0.400296 -0.312664 -6.216342
-0.397991 0.020942 0.628474
-0.470693 -0.297450 5.888122
-0.332436 -0.308761 2.082893
-0.498250 -0.172888 2.362558
-0.286541 -0.437039 5.167750
-0.400521 0.387330 4.334533
-0.469480 0.462194 3.889058
-0.305332 0.351736 2.488525
-0.495688 -0.208473 8.842337
-0.346623 -0.062469 5.526642
-0.484910 -0.164343 -2.010907
-0.469297 -0.289541 5.463395
-0.390789 -0.377610 4.454146
-0.484795 -0.070946 5.198817
-0.487219 -0.203040 1.000902
-0.353512 -0.431655 3.951711
-0.357002 -0.033748 6.108020
-0.486655 -0.459744 3.854927
-0.454925 0.201431 2.645681
-0.491750 -0.347317 -0.730401
-0.457345 -0.421432 3.629668
-0.404897 -0.448940 3.128293
-0.473253 -0.005624 4.516855
-0.334172 0.306925 3.312936
-0.424792 0.325333 1.438944
-0.173200 -0.356809 6.170630
-0.374974 -0.470256 4.473208
-0.484509 -0.149608 3.246758
-0.459508 -0.439189 -3.537132
-0.154807 0.420926 3.358115
-0.323000 0.340962 5.436088
-0.421595 -0.403351 4.709377
-0.331376 -0.376249 5.711520
-0.186438 0.110086 -5.476052
-0.486554 0.053125 9.417117
-0.286900 -0.422477 5.118652
-0.383685 -0.187771 3.088078
-0.486000 -0.317515 3.909734
-0.472226 -0.402881 0.057264
-0.430123 0.073659 2.588542
-0.460042 -0.321469 5.161111
-0.407775 0.383757 1.950163
-0.497172 0.263889 -1.585352
-0.375912 0.112154 2.719751
-0.372863 0.399955 6.109304
-0.267660 -0.149204 4.903522
-0.380605 -0.031969 2.848567
-0.427456 -0.281633 2.741939
-0.472517 -0.312218 5.820823
-0.328640 0.316689 4.132083
-0.464685 0.132729 3.433924
-0.453807 -0.248608 4.631178
-0.272918 -0.371818 2.454694
-0.448044 -0.086773 1.823870
-0.458002 -0.437294 5.233540
0.074203 0.168128 -1.350533
0.431585 -0.197242 -5.424020
-0.405507 -0.221704 1.398592
-0.491187 -0.247149 6.204914
-0.446286 0.044945 4.760730
-0.379696 0.077045 3.350906
-0.353209 -0.397057 4.620846
-0.406407 -0.410601 0.675207
-0.437130 0.084713 1.233571
-0.472767 0.460626 -6.220424
-0.493017 -0.025035 4.522513
-0.492856 0.273225 -1.746314
-0.425707 -0.362456 1.394525
-0.407185 -0.007049 4.488764
-0.213365 0.416122 3.298160
-0.407728 -0.354712 -4.808370
-0.117569 -0.495951 -2.627801
-0.479940 -0.157825 2.250349
-0.491213 0.311353 4.919406
-0.454644 -0.394019 3.705982
-0.478254 -0.350400 4.167186
-0.477643 -0.058622 6.097346
-0.272677 -0.433612 0.566773
-0.369100 -0.455357 5.424580
-0.183667 -0.164121 5.304429
-0.396056 -0.406844 -4.670047
0.089854 -0.057195 5.786568
-0.466232 -0.212708 1.191689
-0.460958 -0.020794 4.778614
-0.256868 -0.203036 6.254432
-0.393218 -0.192162 1.677697
0.186144 -0.205002 -4.493390
-0.492196 0.207047 3.415916
-0.289231 0.341521 1.224221
-0.499738 -0.422859 2.610551
-0.415258 -0.313056 5.917275
-0.479306 -0.147769 -0.313541
-0.461225 -0.499571 -6.173923
-0.487009 -0.437199 -6.084060
-0.457306 -0.326899 0.745135
-0.476290 -0.413302 5.449108
-0.452554 -0.281919 6.137073
-0.433972 0.333625 4.160828
-0.498146 -0.230073 8.626297
-0.398263 -0.240196 5.798588
-0.481009 -0.395551 -4.704782
-0.494146 -0.047976 -5.913522
-0.493926 -0.324729 -6.158327
-0.388316 -0.450784 3.045729
-0.488204 -0.299634 4.658807
-0.005919 0.168043 -4.220563
-0.408097 -0.337387 5.161873
-0.386599 0.110195 2.602744
-0.437917 0.117190 2.015092
-0.458734 -0.093916 2.813712
-0.214271 -0.167360 3.968647
-0.445769 0.383202 3.778905
-0.426499 -0.351544 2.874400
-0.487229 -0.177801 -0.074499
-0.494871 -0.176886 5.791808
-0.304490 0.001254 3.639158
-0.308722 0.071003 4.334632
-0.294424 0.247042 4.502305
-0.357258 -0.317555 3.650308
-0.433772 -0.460479 -5.891127
-0.438972 -0.058741 4.827447
-0.465641 -0.108710 -6.241462
-0.465966 -0.285363 6.098075
-0.012102 -0.491471 11.922660
-0.461766 -0.206955 5.734717
-0.352538 -0.377142 6.169600
-0.352975 0.402105 5.225186
-0.454150 -0.441971 3.006904
-0.464762 -0.194755 3.248359
-0.434546 -0.089373 2.207559
-0.491890 0.220106 4.393906
-0.495277 -0.499382 -2.333193
-0.435302 -0.479878 -5.487798
-0.274523 -0.384316 2.493824
-0.472459 -0.123725 0.943808
-0.345760 0.359163 5.831646
-0.438102 0.080407 1.628450
-0.231432 -0.425141 5.397393
-0.492765 -0.366998 -6.040474
-0.383146 -0.295841 5.129665
-0.492946 -0.407405 -1.038471
-0.482103 -0.121594 0.925869
-0.477984 0.071848 3.319324
-0.491338 -0.202004 4.426842
-0.253806 -0.220883 1.590507
-0.442150 -0.044412 3.420893
-0.443091 -0.004587 4.824004
-0.479579 -0.144799 5.628657
-0.474285 -0.393765 4.237128
0.114595 0.422997 -5.849869
-0.441188 -0.228627 2.546266
-0.484440 -0.324611 0.907508
-0.472088 0.331906 3.816269
-0.353171 -0.477098 4.352880
-0.467253 -0.335336 3.482576
-0.469551 -0.016432 2.569278
-0.395224 -0.361075 5.596823
-0.440462 -0.206977 3.538410
-0.474694 -0.347466 6.278151
-0.406678 -0.014170 3.333037
-0.455661 -0.400386 2.684462
-0.486229 -0.367275 2.913979
-0.476319 -0.202932 0.281351
-0.473138 0.170427 5.582298
-0.499780 0.355414 4.323943
-0.435578 0.179203 -5.553437
-0.423290 -0.245811 5.077397
-0.366577 -0.330839 2.980811
-0.287584 0.456567 3.278754
-0.428739 -0.220635 4.731541
-0.410644 -0.369980 3.241843
-0.394660 -0.377299 1.089941
-0.464727 -0.290767 -5.065862
-0.365505 -0.483094 3.043834
-0.423471 -0.140400 3.548572
-0.344011 -0.467167 2.000261
-0.486495 -0.411435 -1.873489
-0.172320 -0.373164 -3.894592
-0.371844 0.409738 0.096689
-0.447183 -0.341988 -5.920675
-0.479796 0.004540 3.091927
0.101122 -0.455006 -4.082789
-0.452881 0.184178 3.939669
-0.266577 0.425149 4.978727
0.013014 0.162502 5.573557
-0.204858 -0.455347 3.791081
-0.451897 -0.244198 4.399446
-0.437870 -0.277290 5.408211
-0.396403 -0.427933 3.783166
-0.397915 -0.235191 3.995114
-0.470889 -0.133561 5.680561
-0.441874 -0.328142 3.654462
-0.407046 0.015103 2.981047
-0.481374 -0.432310 -4.351717
-0.397345 -0.498096 4.810614
0.128915 -0.099498 -2.556358
-0.375084 -0.259975 3.433568
-0.429447 0.458809 4.285821
-0.488280 0.079938 4.004757
-0.401424 -0.384552 -4.845158
-0.429162 -0.300452 5.348209
-0.483095 0.027202 4.963718
-0.467618 -0.438571 5.902494
-0.363200 -0.310659 2.719119
-0.471290 -0.426472 -6.206435
-0.398140 -0.101162 4.430295
0.185489 -0.107654 -4.754185
-0.333567 -0.464946 5.353635
-0.493021 -0.458583 5.204870
-0.385896 -0.275742 4.742209
-0.268201 0.284073 3.151139
-0.452271 0.395602 2.207442
-0.155392 -0.397985 4.360204
-0.233846 0.469493 4.809653
0.281072 -0.084204 -5.987866
-0.443750 0.432570 4.109540
-0.444330 -0.389201 3.991230
-0.352494 -0.464352 3.663325
-0.443859 -0.179007 6.116093
-0.367241 0.011115 0.840362
-0.313655 0.141066 4.293255
-0.202643 0.249268 -5.258917
-0.441497 -0.341846 2.311447
-0.447062 -0.311704 3.182701
-0.482494 -0.395527 -1.427602
-0.419262 -0.374000 2.601372
-0.417903 -0.386504 5.312793
-0.452439 -0.111542 -5.588365
-0.472541 -0.272291 -4.240308
-0.467174 0.162608 6.246316
-0.156871 0.383828 -4.265459
-0.304145 -0.153544 3.709292
-0.495975 -0.082421 9.377927
0.152660 -0.097350 -5.462910
-0.477780 -0.349582 6.187103
-0.454678 -0.222061 -5.052773
0.082522 -0.355199 -2.214784
-0.474378 -0.440585 5.967292
-0.497956 -0.306872 3.666994
-0.478619 -0.314133 -1.111409
-0.485272 -0.205109 3.755275
-0.471221 0.401821 -5.393523
-0.393275 -0.370530 1.166593
-0.333376 -0.498199 4.636037
-0.400327 0.278038 5.907976
-0.173563 -0.443522 1.373146
-0.463571 0.242208 -4.618171
-0.414070 -0.367280 0.930264
-0.426991 -0.275515 3.363502
-0.108834 0.004997 3.686409
-0.477689 -0.025204 4.581375
-0.465988 -0.355568 -4.990750
-0.402922 0.135119 4.750606
-0.341478 0.208137 3.754582
-0.425835 -0.084185 2.490743
-0.463491 -0.487828 3.225401
-0.486260 -0.174838 4.295936
-0.475874 0.019759 3.855729
-0.415102 0.206668 1.526757
-0.252165 0.307755 2.753451
-0.236836 0.452791 3.167345
-0.403589 -0.166800 3.165509
-0.452089 -0.170916 6.164813
-0.429169 -0.482343 1.957614
-0.434248 -0.450815 5.425389
-0.448586 -0.352358 5.606296
-0.473038 0.098630 -0.993068
-0.421396 -0.230559 5.822998
-0.444012 -0.262428 5.620426
-0.297766 -0.384275 2.270067
-0.412163 -0.152948 6.050369
0.404024 -0.278306 5.508117
-0.454570 0.284973 2.913745
-0.441718 -0.416266 6.274082
-0.454316 -0.184689 4.343662
-0.465180 0.263816 5.609105
-0.344105 -0.481401 4.766795
-0.332381 -0.414472 2.133910
-0.380140 0.294474 3.943990
-0.461795 -0.436008 4.850466
-0.425136 0.119586 2.519066
-0.474020 -0.009711 1.520542
-0.311267 -0.460482 2.078810
-0.494940 -0.332557 -1.346787
-0.365586 -0.085372 1.406241
