-0.275119 0.138429 2.393276
-0.164408 0.122901 2.194927
0.111514 -0.072662 2.356381
0.036735 -0.175100 2.996202
-0.253264 -0.456526 2.768630
0.392584 0.459960 2.325050
-0.206051 0.139140 2.081938
0.100377 0.117865 1.856535
0.465396 0.064367 3.047819
0.183375 0.239673 3.987992
0.026324 -0.130219 2.311316
0.035046 -0.062335 2.342912
-0.150434 0.362984 1.479688
0.470967 0.181831 2.725030
0.060640 -0.025329 2.393743
-0.396599 -0.020355 2.090705
0.069190 -0.063443 1.905913
0.404964 -0.350828 2.139342
-0.256853 0.045981 2.448535
-0.321647 0.109791 2.140648
-0.255580 0.288572 2.846885
0.118412 0.115185 1.746399
-0.335567 -0.127052 3.254033
-0.224644 0.013689 2.755853
-0.190484 0.100393 2.715274
0.033414 -0.119823 3.228983
-0.346385 -0.039171 2.290811
-0.018457 0.132163 1.921864
-0.137811 0.023199 2.323993
-0.243942 0.096415 2.378708
-0.243178 0.242851 2.393929
-0.190395 0.160309 2.953981
0.024014 -0.211204 3.163848
-0.010582 0.042410 2.666337
0.072762 -0.116644 2.536105
-0.394266 -0.058396 2.972771
0.055608 -0.118361 1.780263
-0.179332 0.064187 2.756548
-0.438215 0.100950 2.586290
-0.340329 0.070660 1.604773
-0.429400 0.300166 2.339547
-0.210782 0.018066 2.020731
-0.498562 0.492272 2.467146
0.441185 -0.135612 3.263290
0.183963 0.131481 1.596843
-0.048451 -0.467736 2.521286
0.117803 0.166388 0.761710
-0.326923 -0.091799 2.603496
-0.370384 0.130514 2.843024
-0.353741 -0.050066 2.989339
0.343884 -0.375088 3.356968
-0.303029 0.258901 2.523359
-0.344871 0.117866 2.119003
-0.179626 0.001753 2.568081
-0.224706 -0.469335 2.186179
-0.257873 0.033617 2.297090
-0.161350 -0.051297 2.030562
0.192631 -0.402180 3.024695
-0.370158 0.122068 2.303623
-0.177976 0.078904 1.931690
-0.151958 0.047199 3.596158
-0.337242 0.192687 3.619306
0.210429 -0.397361 2.034271
0.112890 -0.046875 2.438423
-0.187583 -0.160103 3.095403
-0.296241 0.202835 2.385488
0.393624 -0.337044 2.693944
-0.330911 0.121433 1.803635
0.203304 0.113303 2.175423
-0.367913 0.245254 2.384044
-0.202898 0.101020 1.709717
0.121619 0.149185 1.887424
-0.356034 -0.103389 2.060350
-0.341286 -0.172831 2.764790
-0.432151 0.091400 1.332082
-0.152485 0.107472 2.715920
-0.156341 0.082623 2.338792
-0.179156 0.149455 3.252864
-0.183819 0.012712 1.750956
-0.283471 0.125338 2.410031
-0.143152 0.169152 1.740716
-0.397605 0.248552 2.897007
0.463408 -0.176789 4.197076
-0.189670 0.037209 2.461957
-0.363791 0.126180 2.394150
-0.139831 0.142756 2.284280
-0.126617 0.058496 2.620807
-0.159485 0.039634 2.660734
-0.081325 0.120046 1.767670
-0.186424 -0.053391 1.989068
0.070295 -0.080148 2.411506
-0.282249 0.045225 2.065924
0.174091 0.067312 1.315602
0.000497 0.125763 2.199235
-0.207541 -0.343857 2.684655
0.026907 0.141211 2.559955
0.159945 0.119100 2.539004
-0.339920 0.008703 1.947004
-0.147595 0.081421 2.355498
-0.171589 0.140715 1.847885
-0.468317 0.194936 2.444464
0.084529 0.132601 2.087194
-0.054752 -0.485017 3.838409
-0.466143 0.078059 2.103752
-0.100954 -0.248749 2.431339
-0.299048 0.196198 2.371671
-0.234847 -0.422003 2.359531
-0.498090 0.206034 3.289696
0.138498 0.137088 1.977700
-0.460057 0.222093 2.494643
-0.223519 0.153797 2.430910
-0.429185 0.105940 2.187902
-0.387523 0.105499 3.243153
0.493310 -0.319671 2.740880
-0.277816 0.131462 2.122563
-0.203286 0.031873 2.107145
-0.098469 0.159325 1.793831
-0.159740 -0.056867 2.842459
-0.117213 0.196068 2.403745
-0.275562 -0.028008 2.715783
0.238483 -0.484937 3.686499
-0.356027 0.027232 2.453752
0.183929 0.127627 1.489255
0.111356 0.113496 2.451941
-0.319835 0.136120 3.004916
-0.186122 -0.011884 2.079544
-0.379938 -0.140137 2.043510
-0.098342 -0.019631 2.347984
-0.303163 0.431146 3.177654
-0.313475 -0.010928 2.552020
-0.395981 -0.047059 3.066240
-0.351662 -0.082381 2.945045
0.161758 0.117921 1.667992
0.413041 0.477090 2.642633
0.069363 -0.058997 2.881521
-0.322487 0.018847 2.277361
0.009233 -0.205374 2.331169
-0.215934 -0.370500 2.811753
-0.252856 0.183023 2.695026
-0.260903 0.049569 2.657307
-0.349088 0.039153 1.329002
-0.184112 0.323006 2.328092
0.471918 0.049401 2.779834
-0.499243 -0.295770 2.846140
-0.151001 -0.029822 1.876745
-0.357614 0.024623 2.232763
-0.227215 -0.001858 1.983369
-0.333544 -0.113963 2.797908
-0.260459 0.033802 2.303519
-0.177393 0.023423 1.965822
-0.184947 0.034077 2.699904
-0.453129 0.225797 2.143423
-0.354662 -0.158044 2.293074
0.031085 -0.090137 2.841688
-0.376101 0.161065 2.797496
0.188596 0.296893 2.503516
-0.340556 0.063464 2.135022
-0.408216 0.098282 2.110716
-0.436802 0.248929 2.397012
0.463272 0.487796 2.466018
-0.340521 -0.143233 3.722993
-0.199083 0.239050 2.430385
-0.015698 -0.224906 2.039584
-0.448379 0.268631 2.101646
-0.401695 0.036812 1.887370
-0.185612 0.065354 2.516982
-0.411348 0.071449 2.339025
-0.190258 -0.048035 2.415916
0.175855 -0.423449 3.404339
-0.267081 -0.437686 2.309169
-0.170897 -0.219521 2.708409
-0.258101 0.440554 2.854424
0.100375 -0.109468 1.861964
0.038802 -0.169887 2.212192
-0.134484 0.074539 1.601458
-0.237236 0.159266 2.377595
-0.362840 0.119817 2.054666
-0.445681 -0.034990 2.500130
-0.312107 0.146291 2.337185
-0.282143 0.416432 3.340239
-0.220125 0.157977 1.428203
-0.135122 0.171522 1.243201
-0.359980 -0.066630 2.805111
-0.247621 -0.446991 2.550045
-0.233302 0.106538 2.577337
-0.193704 0.066506 2.682370
-0.249996 -0.425175 2.540984
-0.313996 -0.076892 3.039955
0.064790 -0.003957 2.567168
-0.060732 0.141744 1.395240
-0.445123 0.043538 2.300027
-0.164508 0.082497 2.716065
0.129597 -0.028030 1.456266
-0.109637 0.180564 2.250411
0.183148 -0.493069 2.639464
-0.375407 0.022775 2.508912
0.355718 0.420834 3.047875
-0.203101 -0.076349 2.869994
-0.266880 0.295522 2.962036
-0.206781 0.074110 1.970580
-0.208195 0.099339 2.589238
-0.153183 0.066024 2.031761
0.383472 -0.339443 2.243954
0.053203 0.007813 2.687996
-0.235539 0.025137 1.884186
-0.275509 -0.036815 2.660866
0.405744 -0.480534 2.779744
-0.439067 -0.032965 1.491593
0.046203 -0.063744 2.346194
0.371844 -0.428112 3.492740
-0.474668 0.275184 2.234038
-0.291439 0.333952 2.236313
0.042217 -0.029792 2.565021
0.248797 0.273936 3.424903
-0.209370 0.117380 1.952192
-0.359370 0.080601 2.756032
0.055595 -0.216133 2.362069
0.121649 0.143799 1.265319
-0.225978 0.174543 2.493900
0.030224 -0.149813 1.871959
-0.001668 -0.118587 2.427771
-0.454899 0.217501 2.806110
-0.139619 0.055477 2.147562
-0.356138 0.075164 2.548480
-0.030901 -0.137730 1.693065
-0.241073 0.129184 1.743939
-0.167644 0.056112 2.338032
0.150683 0.104191 1.755205
0.048500 -0.086657 2.172962
-0.432744 -0.068321 2.784597
-0.352581 0.052175 2.422568
-0.424956 0.062106 2.226842
0.092748 -0.093322 2.151471
-0.243478 0.101803 2.070999
-0.322627 0.000661 2.484831
-0.165213 -0.059374 2.998067
0.186262 0.234918 2.823988
-0.297734 -0.046048 2.421270
-0.381092 0.111377 3.198411
-0.383862 0.086132 2.984406
-0.295794 0.142663 2.707526
0.374336 0.426914 2.228565
-0.296318 0.112662 2.357558
-0.132531 0.004687 2.262368
-0.144597 0.098081 2.419460
0.031702 -0.116035 1.526449
0.063244 -0.029335 2.340584
0.151622 0.106877 1.122485
0.338399 -0.405839 2.792039
-0.307016 0.336964 3.671250
0.010305 -0.134071 2.989305
-0.310090 0.317848 3.029298
-0.300638 -0.132046 2.508934
0.021433 -0.264629 2.846868
-0.229012 0.397912 2.472946
-0.401222 -0.111271 2.696654
-0.218672 -0.358486 2.346370
-0.026517 -0.108906 2.587010
-0.284712 0.234631 3.180999
-0.420825 0.276173 2.946368
-0.197992 -0.015154 2.153509
-0.241546 0.028778 2.379114
-0.278207 0.153601 2.159029
-0.343444 -0.176603 1.947368
-0.309634 0.368746 2.747804
0.132135 -0.083244 2.801222
-0.135842 -0.164843 3.255032
0.345443 -0.433753 3.198236
-0.117694 -0.082770 2.985174
-0.063782 -0.265249 2.207082
-0.378641 -0.088947 2.707672
0.036822 -0.229765 2.494270
-0.280357 -0.049787 3.379021
-0.393978 -0.383726 3.024909
-0.346175 0.253980 2.639598
-0.386769 -0.011821 2.398684
-0.268567 0.328575 2.440313
-0.139097 0.106889 1.685224
0.023533 -0.111803 2.083055
-0.246043 0.161198 2.373034
-0.197730 0.021343 2.183729
-0.206913 0.037695 2.565209
-0.038771 0.086799 1.521221
-0.330142 0.014373 2.802358
-0.029393 -0.239953 2.313314
0.397193 0.151668 2.886368
0.166332 0.095807 1.406022
-0.369069 0.139655 2.057509
-0.106531 0.018891 2.814910
-0.396894 -0.107883 2.843757
-0.297315 0.139368 2.602900
-0.232646 0.181829 2.760847
-0.236337 0.017719 2.062304
-0.394479 0.036200 2.007056
-0.200456 0.142234 1.869901
-0.103036 0.109639 2.821693
-0.167317 -0.198555 3.283051
-0.410678 -0.066899 2.382400
0.483411 0.060495 2.740289
0.117039 0.173154 2.446013
0.397339 -0.497914 3.417736
-0.235047 0.030570 3.156537
-0.388602 -0.008412 2.293646
-0.036818 0.063063 2.020172
-0.356668 -0.094983 3.211716
-0.335186 0.003406 2.854751
-0.423966 -0.029757 1.484122
0.429080 -0.249019 2.000335
-0.184469 0.104148 2.716776
0.009009 -0.035925 1.267028
-0.064393 0.175161 2.134943
0.130910 -0.488904 3.690413
-0.249687 0.037095 1.659567
-0.154673 0.160564 2.053522
-0.309620 -0.123399 2.207297
-0.224093 0.007197 2.076840
0.007185 0.021982 1.954668
-0.230898 0.427603 2.295380
-0.300322 0.259143 2.856314
0.166980 -0.097571 2.465890
-0.349877 0.020135 3.340518
0.343219 0.442898 3.288409
-0.286800 0.053021 2.009137
-0.272986 0.467539 2.697690
0.180215 0.193054 2.564277
-0.285948 0.147279 2.342105
-0.220574 0.027219 3.057596
0.053363 -0.159499 2.254813
-0.402511 0.168465 2.314360
-0.285888 0.036563 2.055619
-0.336305 -0.138243 2.744040
-0.494051 0.080596 2.043678
-0.435317 0.306437 2.873956
-0.168829 -0.427366 2.887748
0.408481 -0.444052 3.386317
-0.345752 -0.019478 2.585843
-0.325795 0.073777 2.469853
0.053686 -0.099817 1.661825
-0.155574 0.159919 2.554536
-0.323234 0.068834 2.267004
-0.345878 0.085210 1.363345
0.334055 -0.330241 3.026178
0.131439 0.186243 2.293709
0.192623 0.286844 3.945262
0.465078 -0.249049 2.355939
-0.421698 0.134812 2.486503
-0.241655 0.072192 3.199742
-0.332882 0.268825 2.304202
-0.000427 0.124356 2.676434
-0.116230 0.106548 2.331477
-0.016880 -0.081604 2.239755
-0.172517 0.145902 2.089746
-0.255121 0.169660 2.625458
-0.228358 0.260578 2.722966
-0.196651 0.031750 3.187005
0.240976 0.269115 3.683072
-0.071169 -0.282221 1.797323
0.262940 0.422851 2.121335
-0.125341 0.313486 2.293192
-0.322494 0.020934 2.380846
-0.011697 -0.093056 1.215112
-0.196169 0.189521 2.137306
0.199684 -0.382694 2.274106
-0.303867 0.062296 1.776682
-0.160281 0.142606 1.699642
-0.167144 0.174126 2.505995
-0.357513 0.044835 2.234055
-0.301027 0.248517 2.405992
-0.411359 0.170346 3.054191
-0.239519 0.213118 1.454059
0.062787 -0.066434 2.284329
-0.194491 0.133275 2.267487
0.183698 0.175309 2.579980
0.097996 -0.132847 3.165414
-0.409362 -0.046606 2.759293
0.080976 -0.192139 3.281178
0.411039 -0.442803 2.349209
0.056559 0.099090 2.570917
-0.237136 0.127934 1.230329
-0.396857 0.082576 1.991108
-0.389410 -0.057997 2.480687
-0.463098 0.241352 2.196453
0.372112 -0.350412 2.482132
-0.210174 0.094275 2.574932
-0.425605 0.242711 2.630414
-0.057832 0.002795 1.892332
0.443357 -0.295479 1.624579
0.004738 -0.104963 1.652543
-0.143644 -0.259145 3.189775
-0.288688 0.052803 3.061120
-0.282472 0.255004 3.022363
-0.363207 -0.107383 2.801255
-0.134317 -0.039285 2.296957
-0.359629 0.075017 1.925900
-0.444652 0.052125 2.501961
-0.378088 0.012054 2.598956
-0.311920 0.088452 2.114384
0.062726 -0.133286 2.402044
-0.455178 -0.065891 3.082072
-0.340495 -0.208700 2.274947
-0.378516 0.117573 2.765757
0.437562 0.062242 3.319531
-0.347886 0.229293 2.846803
0.458409 -0.213000 3.028395
-0.427572 0.270061 2.373122
0.063826 0.091110 1.598650
0.078871 0.104048 1.577350
0.341926 -0.483334 3.253940
-0.129485 -0.152187 2.748171
-0.371592 0.031248 1.945039
-0.371044 -0.052884 2.556745
-0.386602 -0.078729 2.992729
0.049039 -0.073950 2.085359
-0.024153 0.086904 2.749764
-0.091429 0.143769 2.228595
-0.295603 0.036008 2.274519
-0.092738 0.152711 2.418659
0.361757 0.148115 3.239351
-0.020200 0.064598 1.978270
-0.199812 0.009030 2.232328
-0.131007 -0.032089 1.844167
-0.455891 0.305351 2.816603
-0.378393 -0.078096 2.636686
-0.253008 -0.452371 2.619576
-0.320534 0.009447 2.631161
0.038985 -0.083012 1.435201
0.093994 -0.060630 1.893172
-0.125858 -0.081236 2.326432
0.033455 -0.230498 3.311696
-0.458863 0.082449 2.382880
-0.281599 -0.145399 2.591623
-0.261814 0.152497 1.599834
0.094233 -0.156371 2.126749
-0.386213 0.093062 2.722602
-0.348147 0.204174 2.098472
-0.432606 0.080470 2.724785
-0.195104 0.099749 2.205371
-0.197124 0.024510 2.616674
-0.030238 0.147571 2.326633
0.071290 -0.163787 2.523358
0.124182 -0.022890 2.578514
-0.482235 -0.413319 2.368655
-0.268352 0.073743 2.130651
-0.353457 0.048986 2.608506
-0.315468 -0.052500 2.860923
0.182322 -0.410634 2.727244
0.211248 0.022219 1.313811
-0.225078 0.176814 1.993639
-0.002764 -0.006993 0.627071
-0.356828 0.276988 2.605840
-0.314307 -0.061421 2.962780
-0.176684 0.025105 2.469659
-0.138535 0.087089 2.305201
0.069086 -0.121470 1.639460
-0.251928 0.172679 2.696811
-0.313928 0.089300 2.200023
-0.006002 0.147399 2.112951
0.494080 0.138127 2.684651
-0.306330 0.106087 2.523817
-0.252674 0.107161 2.768524
-0.350472 0.092617 2.609117
-0.367368 0.245059 2.086292
-0.210876 0.030403 2.701198
-0.219095 -0.169662 2.354808
-0.270622 -0.155861 2.003745
-0.206152 -0.226271 3.121858
0.085647 0.123233 1.679706
-0.385786 0.027969 1.686184
-0.122553 0.075482 1.814037
-0.306748 0.154997 2.958946
0.210891 0.047906 1.809662
0.032669 -0.061420 2.082862
0.410207 -0.276016 1.594828
0.358766 -0.426203 3.011013
-0.211592 0.141568 2.952596
-0.316423 0.173750 3.726506
-0.241527 0.215449 2.430388
0.416807 -0.325152 1.793679
-0.350728 -0.137212 3.144893
-0.472470 0.118772 2.909256
-0.141098 -0.057756 1.994158
-0.193476 -0.066454 2.792656
-0.039045 0.194419 2.482228
0.091645 -0.241858 3.013740
-0.405456 0.062003 2.538197
0.030200 -0.046758 2.477001
-0.223256 0.013927 2.356187
-0.356899 0.073985 1.668996
-0.292411 0.432411 3.119735
-0.343538 0.097582 2.595488
0.301569 -0.370088 1.339376
-0.353701 -0.150481 3.104719
0.478261 0.058749 2.895920
-0.179292 0.000782 2.585757
-0.192513 0.135557 2.071144
-0.177682 0.036750 2.903010
0.013654 -0.064374 1.335218
-0.372414 -0.187920 3.835977
-0.429135 -0.393632 3.043954
-0.256963 0.171983 2.547490
0.041346 -0.107831 2.540684
-0.287543 0.188833 3.071199
0.415520 -0.493028 2.841693
-0.200163 0.074608 2.501706
-0.116519 0.190399 2.913824
0.400261 -0.328887 2.251456
-0.303348 0.196716 1.984254
-0.090397 -0.247952 3.397556
-0.447184 0.221808 3.039011
-0.154219 0.170846 2.505141
-0.373811 -0.116748 2.580508
0.028450 -0.165276 2.549180
0.393265 0.450856 2.954275
-0.456663 0.124144 2.465383
-0.389318 0.138761 2.845158
-0.230799 -0.416090 2.655949
-0.165318 -0.023325 2.701673
-0.496665 0.256781 2.977773
-0.240619 0.200656 2.988759
0.456936 -0.480353 2.271715
-0.267115 -0.031133 1.887122
-0.431273 -0.138790 2.203228
0.045397 -0.453380 1.996478
0.161389 0.134258 1.907390
0.472897 0.191592 3.142758
0.495564 0.089001 3.689065
-0.212003 -0.491814 2.423539
-0.042824 0.123222 1.967849
0.027257 -0.249758 2.120313
-0.298602 0.049427 2.847199
-0.307792 -0.060437 2.448753
0.393681 -0.400058 2.351898
-0.405454 0.046028 2.902338
0.113076 -0.067952 2.643457
-0.001456 -0.112984 2.079422
-0.246362 0.216343 3.052639
-0.233164 -0.383616 2.593581
0.104697 -0.045996 2.511355
-0.216797 0.218965 2.970936
-0.402210 -0.100052 2.645344
0.055972 -0.084852 2.025245
-0.409295 0.065385 2.059559
0.065972 -0.134907 1.566661
-0.171451 0.061497 1.823537
-0.266912 0.164659 1.516066
-0.237185 0.122905 2.399611
-0.178360 0.059488 2.414795
-0.034108 0.020947 1.746616
-0.274495 0.304132 2.480496
-0.350642 -0.067194 3.243367
-0.438098 0.099125 2.274622
-0.237346 0.062074 1.770779
-0.368553 0.143246 2.421312
-0.094075 0.143499 1.682488
-0.246298 0.296218 2.950729
-0.233067 0.083876 2.269201
-0.198243 0.199350 3.216068
-0.488473 0.105819 2.092194
-0.351933 -0.105892 2.775012
-0.180700 0.139810 2.208653
-0.322949 0.083899 2.789326
-0.277451 0.197248 2.407152
-0.158180 0.070945 2.707373
0.088882 -0.105518 1.302727
-0.311612 -0.009385 2.505135
-0.429577 0.184929 2.103143
-0.131223 0.308416 2.284419
0.196017 -0.411094 2.609236
-0.264246 0.416812 2.213026
0.380256 -0.306580 1.956388
-0.218019 0.188993 1.926026
-0.177675 0.294767 3.348276
-0.436198 0.123481 2.441051
-0.168337 0.001062 2.726418
0.037663 -0.122760 2.733804
-0.360963 0.122628 2.521403
-0.184475 0.160450 1.586892
0.448218 -0.300835 2.314723
0.396680 -0.179996 4.434794
-0.339714 -0.433152 3.559664
-0.395151 0.084978 2.146613
-0.204786 0.012630 2.757723
0.336998 0.165226 3.315248
-0.263959 -0.145233 2.448515
0.428786 -0.306732 2.506505
-0.335255 -0.080151 3.181315
-0.303724 0.034832 2.154487
-0.133755 -0.061701 1.798557
-0.155194 0.103144 2.621877
-0.350507 0.117961 2.578330
-0.369410 0.088950 1.505264
-0.354105 -0.070831 2.779992
-0.125642 0.056961 2.253917
0.090129 -0.142661 2.826551
0.062720 -0.000652 2.397854
-0.018850 0.129402 2.035602
-0.241969 -0.455613 3.205105
0.456733 0.081169 3.189999
0.162883 0.136573 1.651146
-0.220844 0.090352 1.844874
-0.208605 0.116825 2.234560
-0.327576 0.077683 2.630396
-0.063053 0.019099 3.384865
-0.167836 -0.081367 2.874913
0.100001 -0.085272 2.397709
-0.211301 0.263353 3.587137
-0.126869 -0.066506 1.735405
-0.197478 0.160593 3.306528
-0.371923 -0.111379 2.932033
-0.364021 0.116740 2.528006
0.074736 0.030826 2.512399
0.054812 -0.142864 2.422845
-0.114241 0.189518 1.212003
-0.239763 0.125277 2.891093
-0.209065 0.164069 2.179202
-0.203656 -0.024033 2.242385
-0.272235 0.092851 2.244205
0.049312 -0.121304 3.154418
-0.271403 -0.026203 2.005673
-0.408246 -0.016755 2.257384
-0.124669 0.213791 2.697776
0.231153 0.238823 2.398844
0.145540 0.155709 1.247728
-0.159089 0.128872 2.430202
-0.306835 0.468348 2.229939
-0.256212 -0.015431 2.158775
-0.239322 -0.429108 2.412603
-0.264376 0.163400 1.827834
-0.358365 -0.031252 2.664229
0.455828 0.204283 2.715052
-0.252020 -0.013785 1.711983
0.167111 0.061757 2.291146
0.493147 0.086560 2.571989
-0.238626 0.133895 2.216311
-0.110092 0.205905 2.300614
0.431838 -0.151607 4.036674
0.398662 -0.163065 4.170604
0.483888 0.139475 3.121519
0.162439 0.096896 2.119259
-0.378613 0.067130 2.136775
0.252151 0.193934 1.798476
-0.385366 0.264840 2.830171
0.299124 -0.378337 2.313800
-0.460368 0.098880 2.911707
0.150769 0.113429 1.936064
0.178248 0.185109 2.800850
-0.140816 -0.003739 2.724531
-0.096349 0.120791 1.735308
-0.180991 0.111819 2.871016
0.059561 -0.045428 1.930695
-0.422378 -0.061874 2.077715
-0.144198 0.051656 2.274438
0.362666 0.479775 2.464423
-0.384265 -0.085999 2.054227
-0.368750 0.126334 1.831724
-0.049005 0.145461 2.571217
-0.484436 0.179319 2.089043
0.056989 -0.052038 2.463848
-0.235585 -0.465997 2.304732
-0.338055 0.178415 2.296783
-0.238072 0.252793 3.076008
0.009130 0.087919 2.612024
0.133207 0.142760 1.606235
0.112318 -0.052536 1.563324
-0.168330 -0.023692 2.759407
-0.291507 0.141608 3.027433
-0.268559 -0.065885 3.428689
-0.416465 0.116021 2.735813
-0.327572 -0.008487 2.624253
0.186264 -0.404086 2.780415
-0.342582 0.035316 3.257160
-0.113221 0.188350 2.011775
0.119075 0.144978 1.179035
0.337837 0.431893 2.851867
-0.439584 -0.027072 2.387409
-0.400516 0.153400 1.862742
0.041313 -0.122242 1.665786
-0.200372 0.269661 2.679668
0.071297 -0.080729 1.038428
-0.159526 0.135242 2.011546
-0.290555 0.156626 2.468213
-0.243713 0.278508 2.120141
0.479037 0.259671 2.865058
-0.413286 -0.384917 3.148794
-0.184498 -0.131851 2.382388
-0.139195 0.169569 2.393800
-0.203861 0.152578 2.012051
-0.249308 0.178964 2.692050
-0.175879 0.123690 1.788316
-0.207017 0.190909 2.582597
0.494177 0.224434 2.733891
-0.169225 0.133586 2.566854
-0.114817 0.040057 2.474287
-0.359030 0.080551 2.037771
-0.419426 0.131950 3.241721
0.467646 -0.255261 2.658162
-0.357283 0.137931 2.340200
0.390027 -0.459491 2.612678
0.112275 0.111856 1.818387
-0.209376 0.232037 2.717728
-0.160667 0.172176 2.227190
0.079111 -0.110817 1.715542
-0.497609 0.204110 2.063718
-0.335669 0.054082 1.833197
-0.397662 0.066281 3.068988
-0.416193 0.125182 2.801397
-0.256181 0.060855 2.492535
-0.247573 -0.431434 3.352637
-0.217643 0.439432 2.757386
0.034419 0.206730 2.364453
-0.327529 0.288516 2.644114
-0.267394 0.328810 2.218091
-0.303341 0.044546 2.107446
-0.144709 0.076538 3.716758
-0.155407 0.041272 2.340228
-0.345770 -0.051008 1.844081
-0.180484 0.129988 1.796130
-0.167142 0.067163 2.384445
-0.188687 0.006992 2.379947
-0.237879 -0.089147 3.166484
-0.208102 0.158957 3.142872
-0.334176 0.061784 2.912951
0.045339 -0.116504 1.833717
0.055867 -0.079958 2.396610
0.064688 0.121722 1.797429
-0.373025 0.132391 1.720106
-0.443721 -0.084130 2.354964
-0.235121 0.148281 2.321439
-0.293901 0.007145 3.131306
0.325459 0.437431 2.103091
-0.234048 0.092471 1.945474
-0.396761 0.037776 3.132030
-0.177776 0.163941 2.260590
-0.103211 0.118673 2.368479
-0.168084 0.286657 2.887724
-0.186840 0.126088 2.144159
-0.058639 -0.130709 2.187361
-0.089544 0.193300 2.702658
-0.337886 0.062928 2.207406
-0.173592 0.005916 2.018343
-0.498320 -0.372807 2.493501
0.091154 -0.149225 2.317917
-0.292940 -0.023028 2.386737
0.353010 0.245408 4.743260
-0.194699 -0.171325 3.238218
-0.209463 -0.047899 2.214175
-0.390363 -0.035312 2.174952
0.088270 0.195418 2.011374
0.063066 -0.191361 2.950468
-0.392502 0.217845 2.440709
0.407567 -0.342118 2.527156
-0.349933 0.122573 2.666157
0.209604 0.247283 3.714385
0.040633 -0.149308 1.949511
0.435964 -0.348611 2.824492
-0.196353 0.091180 2.467725
-0.317614 0.291193 1.997399
-0.253514 0.098523 2.569379
0.167976 0.213241 2.281037
0.074787 0.182463 2.300245
0.057278 0.065310 1.203730
-0.142312 0.088155 1.584399
0.419785 -0.150812 3.725535
-0.021449 0.199926 1.888644
-0.207975 0.156323 1.904911
0.016020 -0.235524 2.100523
-0.290664 0.152846 2.229248
0.230492 0.246973 2.487882
-0.336834 0.242891 2.467978
-0.177240 0.384927 3.650940
-0.207273 0.033914 2.684643
0.477863 -0.207028 3.673944
-0.456111 0.279837 2.284807
-0.010507 0.165850 1.997952
-0.038984 0.163460 2.488376
-0.335444 0.068065 2.953141
-0.161981 0.199046 2.933192
-0.360819 -0.079235 3.028981
-0.040322 0.154242 2.800172
-0.244723 0.317543 3.025261
0.035582 -0.254816 2.616750
-0.354443 0.106960 2.746150
0.371833 0.474422 3.445069
-0.420311 0.250293 2.848719
-0.335610 0.066742 2.503243
0.224066 0.259062 3.036892
-0.256497 0.026566 2.784474
-0.296712 0.083086 2.864833
-0.225547 -0.458504 2.867911
-0.251095 -0.390352 2.385844
-0.279207 -0.090036 2.958305
-0.215195 0.103596 1.973723
-0.256780 0.271228 3.455125
-0.175074 -0.209860 2.535451
-0.261086 -0.116616 3.020112
0.170653 0.129532 1.999742
0.071344 -0.055638 2.141447
-0.204339 0.056419 2.457316
-0.221428 0.215871 2.169817
-0.131930 0.085235 2.162059
-0.229770 -0.383584 2.032246
0.016358 0.092871 2.256416
-0.322638 0.073363 2.246439
0.460856 0.080754 2.847405
-0.017323 -0.379260 2.391039
-0.352380 0.047702 2.725715
0.434030 0.185742 2.610210
-0.332537 -0.244336 2.843194
-0.196292 0.438939 3.334874
-0.203024 0.190661 2.521893
-0.156706 -0.076095 3.622981
0.043923 -0.112777 1.879549
-0.181852 0.061771 1.765678
-0.318435 -0.022067 2.187623
-0.204901 0.103030 3.089714
-0.206287 -0.071213 1.941713
0.019157 -0.100389 2.057481
-0.376697 0.063725 2.955366
-0.212234 -0.045522 2.417333
0.419408 -0.173662 3.758829
-0.434446 0.247542 2.551826
-0.145530 -0.225835 2.519626
-0.416008 -0.034748 2.801310
-0.480329 0.080789 2.835226
-0.153665 0.013000 2.775323
-0.262279 0.054878 2.273581
-0.402031 -0.109867 2.641695
-0.251124 0.437048 2.364044
-0.341290 0.091876 2.434232
-0.115175 -0.038519 2.490948
-0.282978 0.019380 2.367050
-0.430297 0.292153 1.649050
-0.213115 0.187854 2.199421
0.058709 0.201288 1.223587
-0.283010 0.074469 1.540237
-0.410715 0.008805 3.364202
-0.210863 -0.323225 2.441880
-0.140406 0.005077 2.248987
0.027549 -0.050493 2.210496
-0.032143 -0.466852 3.101894
-0.362306 0.058791 3.358992
-0.249140 0.481420 2.850766
-0.263837 0.003930 3.026390
-0.023366 -0.165698 1.917033
-0.286713 0.003178 1.932822
-0.358862 0.101665 1.865828
-0.407918 -0.017776 2.050499
0.459430 -0.345438 2.972314
-0.132590 -0.154308 2.265135
-0.171269 0.201615 2.534992
0.419104 0.202810 2.560175
0.112395 0.187079 1.221144
-0.177800 0.180058 2.965340
0.444717 -0.327426 3.288140
-0.366965 -0.005401 2.417270
0.044877 -0.056502 1.977973
-0.228388 -0.392296 2.749144
-0.244769 -0.452084 3.327663
-0.041550 0.145357 2.353964
-0.003735 -0.171581 2.114141
0.474879 0.440368 2.955480
-0.345277 0.083159 2.564082
-0.235194 0.313151 2.420925
-0.393353 -0.149259 2.731650
0.480822 -0.458676 3.171641
-0.351693 -0.087932 3.584429
-0.438302 0.272207 1.554683
-0.279015 -0.150190 1.912877
-0.375394 0.247053 2.411435
-0.186732 0.156944 2.102625
-0.417378 0.196409 2.731256
-0.245573 -0.074193 2.369939
-0.051769 -0.220976 2.497506
-0.236146 0.114323 1.753254
-0.104910 0.187645 3.049882
-0.292477 0.264465 2.467483
0.215239 0.252610 3.179980
-0.328091 0.041480 1.431978
0.023155 -0.043964 2.350392
-0.223462 0.270341 2.063031
0.458651 -0.267782 2.370356
0.337146 0.482660 2.479081
-0.145499 0.006497 2.295589
-0.326978 0.163143 1.972173
0.016313 -0.130152 1.872049
-0.269832 0.184169 2.363271
0.150153 0.123441 2.358894
-0.377534 0.019906 2.497621
-0.213929 -0.025181 2.252152
0.205161 -0.376299 1.327733
-0.267997 0.251746 3.236115
0.239316 -0.377217 2.572738
-0.195230 0.043062 2.618118
-0.207061 0.265894 2.716436
0.168597 0.181941 2.157649
-0.190407 0.011651 2.486693
-0.354244 0.014652 1.987845
-0.217887 -0.077970 2.559804
-0.024503 -0.410539 3.070221
0.479758 0.101610 3.105935
