0.104050 0.264795 3.320019
0.111838 0.216999 2.719907
0.058287 0.475277 3.140851
0.102844 -0.148741 3.313498
-0.021071 -0.388607 3.031435
-0.074062 0.209037 2.646569
0.330196 0.489945 2.076526
0.180705 0.092877 2.970125
0.176427 -0.075865 3.056802
0.095068 0.409622 2.829882
-0.033692 -0.355062 2.576703
-0.050288 -0.420638 2.426705
0.044885 0.482634 3.060086
0.017280 -0.337540 2.959526
-0.000077 -0.385402 2.314688
0.000020 0.157314 2.898920
0.165327 0.131416 2.109430
-0.095442 0.266267 2.964299
0.133793 0.248277 3.270265
0.093905 -0.080634 3.393892
-0.015364 0.403561 2.967157
-0.072855 -0.431921 2.782958
0.079010 0.290763 2.422256
0.007788 0.146728 2.585243
0.151986 -0.174200 2.970413
-0.109364 0.471296 2.545486
0.052060 0.168620 2.344989
0.137607 0.221817 3.405688
0.090549 0.148387 2.876052
-0.047404 0.165128 3.155395
0.161815 -0.177073 2.663524
0.057230 0.312432 3.309387
0.050054 0.490469 3.725608
0.178598 0.125665 2.789371
0.065040 -0.126746 3.006837
0.120735 0.339213 2.925060
0.038111 0.439609 3.464204
0.105190 0.184957 3.398874
0.087685 0.470603 2.571803
0.011733 0.329344 2.806324
0.268030 0.240637 2.620642
0.095019 0.161107 2.992955
0.373439 -0.456516 2.355183
-0.086700 -0.377899 3.176416
0.210689 0.186088 2.549626
0.051190 -0.119010 3.547727
0.170617 0.183927 3.041244
-0.469157 -0.459649 2.228936
-0.023853 0.340599 3.072427
0.122292 0.338228 2.853217
-0.093171 -0.431761 2.210553
-0.072441 0.259129 2.482244
0.002579 0.214588 3.273690
-0.116521 0.105163 3.080609
0.250934 -0.271188 2.925513
0.084669 0.214273 3.223782
0.088675 0.139070 2.376074
0.016886 0.445717 2.818399
0.005504 0.312980 2.376395
0.068237 0.231067 3.166431
0.090017 0.217120 2.664569
-0.037191 0.234623 2.758517
-0.195058 -0.322031 2.978468
-0.024266 -0.431856 3.085882
0.103989 0.144424 2.246889
0.104864 0.352169 2.376219
-0.094846 0.429183 3.960791
0.031257 0.356214 2.743797
0.126553 0.192316 3.292754
-0.191364 0.120591 2.945170
0.145845 -0.054125 2.681028
0.167173 0.254998 3.297178
-0.017215 0.142902 2.495369
0.008546 0.194684 3.002660
0.140248 0.052999 2.223796
0.112680 0.183507 2.772128
0.174887 0.363890 2.429792
0.094812 0.279432 3.122803
0.118889 0.180295 3.544787
0.029064 0.286813 2.642871
0.122138 0.278251 2.808905
-0.043310 0.290365 2.168307
0.148560 0.482746 3.552690
-0.481110 -0.437918 1.993172
-0.009777 0.279358 3.462454
0.062095 0.159851 2.633939
0.117997 0.213597 3.459506
0.165914 0.206265 3.299153
0.184969 0.146611 2.404660
0.089256 0.218550 2.665425
0.000399 -0.465702 2.629331
0.114570 0.208358 2.780695
0.207692 0.352831 1.928805
0.203962 0.184724 2.383557
0.286458 0.203296 2.949572
0.142859 0.133942 3.417493
0.146513 0.105221 2.267863
-0.351275 -0.443442 1.907393
0.108726 0.212803 2.424529
0.110748 0.247600 3.633118
0.176770 -0.206918 2.980210
0.158549 0.152557 2.970587
0.005350 -0.405038 2.505070
-0.011541 0.279885 2.758254
-0.186616 0.084631 2.084165
-0.026336 0.232126 2.910198
-0.389504 -0.479746 2.588378
-0.168344 -0.098459 3.319708
0.089507 0.200777 3.418024
0.073967 0.437256 3.023055
0.118478 0.449569 3.356418
0.026160 0.321456 2.926141
-0.038246 0.404905 3.239590
0.045043 0.222535 3.101689
-0.075090 0.180958 2.654573
0.073688 0.168223 2.845785
-0.099974 0.098044 3.031836
0.057010 0.091856 3.070451
0.085341 0.282067 2.701347
-0.147361 0.093545 3.291427
-0.491052 0.038713 2.226275
0.026256 0.317447 2.522357
-0.119153 -0.135229 3.257237
0.284964 -0.289524 2.886182
0.079396 0.355677 3.030653
0.102834 0.174145 2.779984
0.067775 0.119563 2.979631
0.157635 0.111225 2.140667
-0.154575 -0.488989 3.521882
0.041968 0.223528 2.922105
0.076106 0.351263 2.493744
-0.006947 0.179967 3.069843
-0.089197 -0.365006 2.991769
-0.124558 0.135058 2.694321
-0.077781 0.496055 2.866824
-0.145968 0.117957 3.069128
0.025635 0.491090 2.630933
-0.047470 -0.330300 2.924736
0.073368 0.360954 2.974157
0.049917 0.172889 3.377290
0.076129 0.322309 2.802294
0.132762 -0.143895 3.421169
0.061852 0.459878 2.663535
0.029910 0.261265 3.319352
0.105510 0.144411 3.357068
0.098973 0.300417 3.049623
0.005523 0.213979 2.865052
0.072043 0.244743 2.596790
-0.487972 -0.438257 2.380887
0.080963 0.220155 3.373163
0.115350 0.230228 2.873630
0.073130 0.491098 2.925375
0.122135 0.280880 2.970491
-0.088311 -0.411627 2.957788
0.045970 0.472741 2.937633
-0.202582 -0.331953 3.318614
-0.009594 0.377771 2.538142
0.026586 0.324686 2.417294
0.202963 0.085006 2.936311
0.001620 0.179042 2.405350
0.130881 0.259957 2.902018
-0.071026 -0.489368 2.246401
-0.025425 -0.335446 1.840594
-0.076294 0.477750 2.068927
0.018375 0.358221 2.669126
0.005142 0.125029 2.695115
-0.044893 0.254919 2.257298
0.101716 0.132680 2.912902
0.054367 -0.493993 2.778039
0.146467 0.362564 2.715961
0.274607 -0.001054 2.442984
-0.056224 0.397361 2.649658
0.025128 0.464180 3.420673
0.182546 0.029837 2.680187
0.089689 0.156496 2.597607
0.113536 -0.117791 3.153120
-0.071227 0.241624 2.924189
0.045610 0.366516 2.674745
0.008613 0.257624 2.402342
-0.054345 0.483757 2.698935
0.049910 0.186493 3.199049
0.129362 0.291746 2.849363
0.071121 0.275630 3.058394
0.128418 0.194021 2.636992
0.077378 0.260153 2.627999
0.035541 0.152913 2.613405
0.000984 0.178522 2.457501
-0.492327 -0.419488 2.214855
-0.017135 -0.390873 2.885416
0.142525 0.100721 1.884867
0.031612 0.334245 2.995696
0.101429 0.225857 2.683359
-0.079499 -0.317378 2.725041
0.138905 0.212108 2.796608
-0.497285 -0.005544 2.774219
0.073321 0.347956 2.149632
-0.088880 0.381611 3.095023
0.052380 0.191172 3.445310
-0.047692 0.233132 3.163613
0.104194 0.337759 2.482929
0.035282 0.267280 2.529705
0.101093 0.161854 2.803432
-0.089249 0.373319 3.522409
0.125014 0.100243 3.947538
0.079545 0.264625 3.365147
0.032237 0.133630 2.860601
0.041246 0.419925 2.762919
-0.068434 0.255963 3.655465
-0.032042 -0.386909 3.495858
-0.007000 -0.418049 3.061600
0.197024 -0.021756 2.593442
0.015870 -0.384135 2.547561
0.293259 -0.216529 2.873977
-0.048727 0.411266 3.029600
0.178716 -0.393816 2.006206
-0.016250 0.276775 3.036093
-0.102507 -0.474262 2.919032
0.158176 0.208459 2.931278
0.118467 0.356085 2.132967
0.037512 -0.401076 1.807250
-0.046283 -0.470708 2.486645
-0.002359 -0.487816 2.311380
0.178077 0.184147 2.773914
0.024194 0.293475 2.294848
-0.153406 0.078464 3.353019
0.037872 0.268522 2.557928
0.054086 0.166662 2.272629
-0.477988 -0.492603 1.833257
-0.115692 -0.426809 3.400905
0.019467 0.421296 3.472731
0.161356 -0.058885 2.725276
0.370878 -0.081304 1.914878
-0.033537 0.475807 2.577025
0.164702 -0.077192 3.541485
0.003211 0.246155 3.607256
0.101316 0.226968 3.217688
0.099713 0.393606 2.989954
0.000558 0.213586 3.301488
0.029650 0.255378 2.893372
0.043749 0.311051 2.656705
0.203447 -0.229086 3.344749
0.170871 0.269617 2.727783
0.099857 0.321984 2.619469
0.172674 0.217218 2.815934
0.011410 0.179242 3.253551
-0.070345 -0.365429 3.524088
-0.039174 -0.498209 2.666030
0.226886 0.108505 2.870422
-0.089167 0.452239 2.477150
0.116371 -0.184774 3.923733
-0.089215 0.464369 2.937780
-0.035535 0.311412 3.070506
0.090917 0.226554 2.327964
0.151409 0.039311 1.837544
0.048386 0.419079 2.302181
0.109690 0.264338 2.517171
-0.075310 -0.389891 2.787851
-0.080131 -0.339071 2.740893
0.052132 0.385158 1.760325
-0.078208 -0.451322 2.494415
0.011094 0.200900 2.821016
0.138885 0.294034 3.171708
0.050709 0.287797 2.608640
0.033247 0.247419 3.575917
-0.053963 0.495471 2.563589
0.142688 0.021705 3.261917
0.057739 0.169364 3.547389
-0.100734 0.243693 2.705369
0.136667 0.110662 2.321279
-0.033644 -0.367299 3.243671
0.052082 0.202049 3.062305
-0.023211 -0.481911 2.014315
0.037413 0.221199 3.111963
-0.444072 -0.466300 1.984967
0.132602 -0.062912 2.946366
-0.019101 0.366969 3.554869
0.063335 -0.402773 3.298148
0.101884 0.266333 2.945286
-0.139388 -0.455809 3.998906
0.156393 -0.141560 4.084100
0.418120 -0.437526 3.474213
0.155410 0.234928 2.440832
0.094559 0.173446 2.780921
-0.005064 0.211634 2.455629
-0.021630 -0.488377 1.693321
0.336467 0.141889 3.592054
0.175000 0.123748 2.400314
-0.010321 0.307696 2.847153
0.123363 0.184237 3.055804
0.011358 0.188021 3.039195
0.046839 0.261675 2.696756
0.112982 0.336686 2.386361
-0.498103 -0.462312 2.445065
0.047393 0.211056 2.842406
0.065052 0.312205 3.087694
-0.488935 -0.436501 1.645311
0.141305 0.158258 2.699907
0.089236 0.294732 3.081247
0.024620 0.480958 2.765854
0.008622 0.087831 3.534050
0.130799 0.408594 2.676965
0.028612 0.178301 3.025982
0.037510 0.285626 2.834007
0.155194 0.209192 2.001393
0.437498 -0.394751 2.827202
0.055480 0.258106 3.065784
-0.019246 0.271642 3.341635
-0.004882 0.263098 2.301227
0.084859 0.284042 2.452660
-0.088818 -0.449815 2.767899
0.115526 -0.137666 4.010355
0.074037 -0.448340 4.119271
0.034907 0.193156 2.419727
-0.003865 0.221668 2.984386
-0.456564 -0.425803 3.344899
0.134609 0.197896 2.411980
0.319408 -0.298366 4.165928
-0.051182 -0.490677 2.942021
0.079884 -0.053605 3.602549
0.113332 -0.124780 2.900981
0.183348 0.375373 2.326794
-0.198078 -0.482452 4.412395
0.116823 0.294690 3.468892
-0.080140 0.482431 2.269173
0.126873 0.073954 2.783846
0.128087 -0.140407 3.009469
0.067110 0.192356 3.425102
0.027878 -0.375662 2.046848
-0.024384 -0.386505 2.685814
0.026799 0.294343 2.739502
0.066719 0.130099 2.969750
0.164678 -0.181039 2.885952
0.144457 -0.157933 3.331491
-0.045489 -0.453076 3.071168
0.333852 -0.219940 1.982007
0.050827 0.285638 2.351514
0.047425 0.216435 3.055310
-0.158661 0.079478 3.062420
0.100255 0.352156 2.993255
0.070901 0.231763 2.770789
0.060368 0.399996 2.272281
-0.210455 0.441708 2.261283
-0.108501 0.100690 3.239774
0.095118 0.326017 2.709652
0.003619 0.166178 2.360812
-0.447750 0.288474 1.867762
0.097860 0.407395 2.367300
-0.013054 0.419833 3.388173
0.119782 0.281866 3.588731
0.111078 0.191840 2.117268
0.168044 0.210771 2.372794
0.039797 0.247630 1.999616
0.007071 0.425987 2.304027
0.027393 0.296826 2.347968
0.073240 0.125739 3.177749
-0.206880 -0.316634 3.954316
0.027687 -0.343240 2.294775
0.031546 -0.461478 3.501215
0.063614 0.347954 2.263095
0.007149 0.295663 3.056849
-0.018463 0.138506 1.881941
0.092591 0.296521 2.242649
-0.209436 0.460665 2.503240
0.100239 0.285197 3.113620
0.125375 0.210048 2.594137
0.099020 0.396618 3.469350
0.464547 -0.422580 1.603937
-0.007485 0.424873 2.555823
-0.202896 -0.315713 4.536688
0.097591 0.320082 2.641513
-0.063174 -0.426796 2.851248
0.096723 0.278448 2.815334
0.172922 0.137279 3.029552
0.147922 0.024962 2.836973
0.038110 0.329407 2.652600
0.010848 -0.471718 2.878082
0.040623 0.254683 2.930077
0.158763 0.221562 2.483058
0.008836 0.230358 3.086155
0.047155 0.261789 2.934179
-0.035097 0.171009 2.692592
-0.042345 -0.407919 2.481650
-0.133003 -0.462262 3.263249
0.051098 0.167521 3.296154
0.132838 -0.147037 2.901980
0.105662 0.152677 3.127618
-0.020077 0.178140 2.629193
-0.046641 -0.426208 2.714299
0.238379 0.175629 2.600333
0.057978 0.257931 2.843293
0.061109 -0.474948 3.041715
0.028026 0.252172 2.591791
0.103175 0.187637 3.468474
0.065094 0.454139 2.035833
0.186199 -0.025585 3.347222
0.044492 0.327478 2.454440
0.053641 0.301222 3.516919
0.030110 -0.373425 3.523018
0.018086 0.444052 2.390009
0.148562 0.194268 2.598961
-0.067599 0.394832 2.664356
0.112342 -0.397281 3.464835
-0.036513 0.342635 3.228204
0.006813 0.180105 2.622750
0.222128 0.173451 2.891441
0.194877 0.141945 3.276836
0.320511 -0.302727 2.524081
-0.143271 -0.476315 2.644256
0.231545 0.174312 2.652356
-0.018962 0.255285 1.966231
0.102034 0.248788 3.106439
0.025522 0.321894 2.833210
-0.105632 0.231650 2.953196
0.129745 0.230015 2.552194
0.151903 0.338627 2.531306
0.099811 0.334846 2.689513
0.127178 0.241929 2.696517
0.035291 -0.466695 3.460323
0.047773 0.154098 3.598693
0.099583 0.199600 2.208405
-0.107939 0.099954 2.879774
-0.117504 -0.435289 3.156221
0.052986 0.345258 3.541549
-0.167456 0.490127 2.651732
-0.030409 0.287995 2.503908
-0.102941 -0.446080 3.090541
-0.037664 -0.332328 2.895854
0.177204 0.046874 3.060501
-0.047434 0.408002 2.772223
0.222066 0.009345 3.241985
0.058411 0.145154 2.439165
0.033395 0.462420 2.189742
-0.000180 0.433541 2.920010
-0.029536 0.393521 3.028266
0.001283 0.259345 2.794535
-0.051259 0.254348 2.958759
0.099545 0.350213 2.567595
0.107540 0.204951 2.836305
-0.084170 0.084951 2.455123
0.252601 -0.037891 3.211461
-0.006148 -0.436523 2.732540
0.041295 0.242358 2.607900
0.046138 0.175036 2.753428
-0.007575 0.252606 2.747793
0.097811 0.279858 3.364476
0.009844 0.492484 1.907638
-0.165500 0.015275 2.829080
0.041393 0.274187 2.755072
0.179795 0.018787 2.594131
-0.145138 0.082461 2.737359
-0.078486 0.150595 2.397151
0.090833 0.196755 3.021592
0.098432 0.174674 2.721252
-0.033538 -0.401759 2.482063
0.015001 0.301426 3.160811
0.116768 0.282251 2.429458
0.082916 0.284738 2.828381
0.244741 0.002352 2.720745
0.042907 0.333382 2.170756
0.056954 0.326262 2.891129
0.047520 0.323905 3.294267
0.049264 0.360109 2.636116
0.082650 0.216432 2.334371
0.200179 0.218151 3.391550
0.046414 0.241615 3.623623
0.132769 0.347058 2.206107
0.143016 0.161810 2.319054
0.109976 0.480069 2.066363
-0.015798 0.163073 2.891312
0.145882 0.373689 2.744866
0.197090 0.084701 3.071632
-0.021680 -0.341826 2.415516
-0.138809 -0.444852 3.266477
-0.026121 0.347484 3.139113
0.099495 0.327139 2.908633
0.104345 0.357128 3.224808
0.021693 0.296453 3.073740
-0.012563 0.179757 2.951210
0.040281 0.180520 2.324712
0.019225 0.454158 2.048676
0.120650 0.277709 3.058782
0.126078 0.334622 2.943631
0.110322 0.206967 3.079264
0.004396 0.499541 2.796060
0.046453 0.439305 2.789127
0.023165 -0.499054 2.322526
-0.499132 -0.442162 2.517129
-0.046115 0.174591 2.663308
-0.095878 -0.374082 2.720305
-0.025059 0.276216 2.861187
0.051125 0.442779 3.158310
0.059521 0.226614 2.776890
0.022719 0.475069 2.525288
0.136316 0.191468 2.799122
0.047944 0.390321 2.720458
0.178393 0.254017 2.701695
-0.052605 -0.427627 3.033998
-0.033663 0.087738 2.262476
-0.492168 -0.425315 2.960435
0.051946 0.327411 3.177356
0.098824 -0.104390 3.313467
-0.010408 0.275620 2.225237
0.007591 0.240924 3.196871
0.090347 0.156376 2.856768
0.083166 0.287450 2.583927
0.039081 0.357168 2.829985
0.010589 0.321853 2.444187
-0.028031 -0.464564 2.830638
0.176245 0.057819 3.374028
0.159576 -0.225355 3.152052
0.024688 0.199991 2.543561
-0.073451 -0.447954 2.242681
-0.006987 0.254046 2.068288
0.008258 0.319902 2.903267
-0.045773 0.330142 3.356016
-0.067748 -0.461231 1.962079
0.116122 0.169633 2.739043
0.039347 -0.399506 1.641163
0.078540 0.382455 3.370377
-0.434617 -0.423204 2.325309
0.145916 0.308279 3.081865
0.102213 0.320353 2.882766
0.106793 -0.092030 3.946329
0.193456 0.256627 3.449782
-0.127717 0.448007 3.715098
0.042077 0.443391 2.696411
-0.023196 0.259492 3.230569
0.215390 0.401982 1.568005
0.054546 -0.127588 3.823634
0.060303 0.210563 2.671142
0.097083 0.202474 3.355261
-0.040538 0.233627 3.462039
-0.049006 0.242056 3.343594
0.013572 0.492223 2.607168
0.124653 0.075550 3.814966
0.064922 0.330811 3.063989
-0.107043 0.220660 2.597828
0.039392 -0.435065 3.379174
0.047485 0.350405 2.418958
-0.024752 0.249035 2.131559
-0.044748 0.471345 3.211760
-0.045393 0.242247 3.677691
0.018897 -0.362175 2.792230
0.002135 0.206271 3.088544
-0.018171 0.319123 3.041750
0.042243 0.238028 2.741633
0.044096 0.295263 3.718461
0.195849 0.202726 2.603999
0.029962 0.366415 3.615006
0.051829 0.324576 2.766544
0.015733 0.444486 3.188909
0.056379 0.220578 3.429448
0.112738 0.322549 1.989705
0.143481 0.305710 2.078882
0.037915 0.392320 1.893278
0.074470 0.224992 2.747524
0.026584 0.393549 3.428118
0.048817 0.486278 2.655178
0.068286 0.252188 3.521446
0.088859 0.207067 2.774416
0.055468 0.255578 2.330805
0.056648 0.297976 2.299152
0.083683 0.182304 3.500722
-0.036459 -0.435800 2.503449
0.030486 0.199440 2.179745
0.232435 0.026170 3.071892
0.094915 0.336889 3.377076
-0.146027 -0.155081 3.248841
-0.055488 0.403152 2.220113
-0.022737 0.280433 2.001476
0.072605 0.466403 3.769188
0.068456 0.416442 2.196623
-0.039954 0.448363 3.275260
0.331271 -0.492392 1.847272
0.009144 0.450021 2.689795
0.034202 0.340241 2.978730
0.200616 -0.213837 3.583714
-0.047458 0.422919 3.171657
0.207554 -0.039786 2.967239
0.049194 0.188108 3.366273
0.015812 0.287577 2.957117
-0.136201 0.115184 2.191313
0.142763 0.094941 2.158399
0.119540 0.167509 1.788163
-0.178047 -0.178289 2.582657
-0.482103 -0.197025 5.111595
0.126252 0.286954 2.739626
-0.129657 0.127037 2.448078
0.034908 0.189349 1.890359
-0.023127 0.168999 3.247072
-0.043116 0.276898 2.656439
0.121285 0.297795 2.063328
-0.059001 0.241283 3.100328
0.128149 -0.138422 2.750097
0.223410 0.427847 3.061143
0.206814 -0.123429 3.667068
-0.065085 0.486929 2.903822
0.032663 0.477372 3.300480
0.156406 0.142024 2.102592
0.089457 0.244105 2.373003
0.052214 0.168362 2.509411
0.034907 0.245960 2.933570
0.130302 0.177350 2.454736
0.165029 0.212375 3.075342
-0.039321 -0.393111 1.779861
-0.026256 0.393746 2.876280
0.143223 0.166657 3.072150
0.066914 0.331101 3.490192
0.107969 0.207790 2.835640
0.044800 0.326779 3.328489
0.162768 0.166968 3.191363
0.171838 0.368815 1.892990
0.072252 0.281481 2.461517
0.111498 0.289710 2.910599
0.028704 0.234372 2.826045
-0.443774 -0.431092 2.415673
0.010084 0.280863 2.322884
-0.090574 -0.385937 3.915861
0.095594 0.140771 2.584002
0.089153 0.278214 2.932916
0.144850 0.279389 2.457712
0.194250 0.338302 2.689217
0.118106 0.197555 2.805451
0.022918 0.378063 2.797309
-0.039136 0.135674 2.822105
0.082085 0.130554 2.509127
0.012065 0.205680 3.365258
0.042787 0.295221 2.984176
0.050350 0.302850 2.928176
0.205186 -0.019344 2.376255
0.008016 0.196286 2.928474
-0.017837 -0.354799 2.834753
0.496417 -0.054038 2.709059
0.109714 0.297320 3.588598
0.148163 0.350175 3.606384
0.246002 0.150974 2.608709
0.293273 -0.213342 3.260758
0.038132 -0.339774 1.655964
0.198649 0.204392 3.359763
0.061625 0.270819 2.201775
0.252754 -0.202159 3.240252
0.009446 0.455961 2.531108
-0.140990 -0.423012 3.145856
0.151238 0.068484 3.270615
0.141267 0.188216 2.876679
0.165032 0.234461 3.079847
0.082689 0.210940 2.855259
0.179561 0.279494 2.450532
-0.023321 0.153282 3.000232
-0.031397 -0.409287 3.209744
0.022600 0.250508 2.658822
0.139940 0.194895 2.893424
0.292589 -0.033887 2.676995
0.055634 0.287159 2.978629
0.021862 0.232459 2.695743
0.041347 0.094176 2.318859
0.216089 0.000312 2.416879
0.119244 0.229983 3.055255
0.008263 -0.395948 1.910321
0.093863 -0.499539 3.894080
0.022694 0.398636 3.193491
0.138299 0.107017 3.207435
0.476667 -0.403215 3.291564
0.230801 -0.040653 2.697016
0.171869 0.252147 2.018548
-0.036133 0.306702 3.100139
0.024297 0.147424 3.503877
0.047809 0.447997 2.935670
-0.001526 0.188933 3.391250
0.059853 0.495810 2.118307
-0.002436 0.248509 2.661613
0.051466 0.298381 2.522744
0.151008 0.180682 2.602983
-0.007086 0.237381 3.158795
0.039693 0.341668 1.890564
0.024407 0.498724 2.642282
0.168402 0.013636 3.937743
0.067967 0.372984 2.660630
-0.017862 -0.415123 2.869088
0.140695 0.196742 3.409005
0.026712 0.162948 2.647850
-0.012526 -0.462717 2.377724
0.113865 0.028264 3.625264
0.079793 0.197466 3.118019
0.021573 0.148001 3.266396
0.109415 0.224575 2.231427
-0.016413 0.201026 3.030719
0.139454 -0.124527 2.417933
0.121857 0.237623 2.754668
0.082781 0.360457 3.098902
0.494640 -0.049416 3.173505
0.163989 -0.157017 3.591190
-0.430488 -0.468347 2.036233
0.063754 0.247912 2.198604
-0.094289 0.471036 2.506278
-0.031235 0.146597 2.398886
0.025670 0.239669 2.139599
0.252222 0.010002 3.328298
0.146492 0.226096 2.953861
0.009949 0.381456 2.448325
0.103522 0.268791 3.154269
-0.013264 -0.463124 2.882731
0.087950 -0.123342 3.967187
-0.021824 0.303861 3.070647
-0.009806 0.297729 2.403430
0.044322 0.352963 2.468845
0.072179 0.138335 2.319525
-0.070848 -0.472696 2.973731
-0.007558 0.407088 3.596404
0.155436 0.204230 3.162715
-0.010811 0.359414 3.318085
0.071772 0.317557 2.592575
-0.028230 0.259917 2.331641
0.088409 0.240272 3.191224
0.118704 0.180578 2.979545
0.108984 0.269426 3.384076
0.062739 0.198184 2.299720
0.083604 0.189588 1.951069
0.114624 0.181003 3.447796
0.033543 0.170714 2.962458
0.079294 0.381664 3.271936
0.045886 0.283466 3.582656
0.030403 -0.288947 2.055340
-0.051321 0.490348 2.172885
0.153295 0.191915 3.245835
0.069229 0.357417 3.138486
0.097936 0.489211 3.563892
0.020611 0.223502 2.575696
0.067138 0.211060 2.733384
-0.084549 0.455527 3.154348
0.088073 0.286429 3.262017
-0.074930 0.257654 3.025418
0.083870 0.322877 2.847717
0.153981 0.176474 2.499795
0.020275 0.237062 3.582019
0.066683 0.275787 2.663263
0.009880 -0.363725 2.496431
0.091639 0.335175 2.754690
0.026311 0.330355 3.522767
-0.163268 0.088081 3.061783
0.079890 0.266593 2.520813
0.036685 -0.422390 2.891381
-0.083949 0.135693 2.937516
0.246801 0.006813 2.527820
0.135985 0.175594 3.126458
0.087843 0.174119 2.359129
-0.002957 0.217650 2.090024
0.164229 0.203578 2.149039
0.167880 0.066032 2.890232
0.108248 -0.113403 4.028497
-0.084743 0.255702 2.517786
0.051488 0.298968 2.402008
0.138629 -0.110189 2.521240
0.253573 0.199172 2.789778
-0.040809 0.230282 2.537409
0.118605 0.361686 2.756822
0.012710 0.292491 2.237894
0.036028 0.170807 3.432689
0.172252 0.192872 3.550378
0.090756 0.177847 3.239512
0.130819 0.164286 3.258218
0.129218 0.192518 2.760784
0.413990 -0.486709 3.475981
0.069572 0.275593 2.768419
0.101664 0.337998 3.144409
-0.043471 -0.418781 2.413457
0.122396 0.348056 3.330463
-0.217635 -0.326559 3.678146
0.003642 0.205973 2.543006
0.035126 0.391491 2.996396
0.120408 0.192079 3.110639
0.055135 0.385261 1.789843
0.028250 0.491272 2.675654
-0.097173 0.132709 2.662648
0.110821 0.225600 3.220051
0.012439 0.257679 2.524920
0.047961 0.321562 2.936955
0.031972 0.257766 3.149961
0.147137 0.215018 2.431821
0.014339 0.419232 3.484389
-0.056968 -0.461067 2.078978
0.083285 0.341087 2.878101
-0.004416 0.350859 3.285664
0.053466 0.421345 3.215347
0.094697 0.323576 3.079275
0.313439 -0.210638 3.112384
-0.042561 0.186467 2.938164
0.037483 0.231881 3.150149
-0.082505 -0.454835 2.981353
0.029605 0.214258 3.036434
0.052220 0.221606 3.508893
0.114789 0.213010 2.712000
0.057792 -0.494152 3.685013
-0.137703 -0.113596 3.646966
0.191441 0.393573 3.231239
0.229603 0.161737 2.650012
-0.091403 -0.413171 2.496177
0.491654 -0.420060 2.802378
0.061671 0.333637 3.180313
0.071382 0.217972 1.338006
0.040379 0.226320 2.364968
0.109070 0.117548 3.193823
0.046408 0.227146 2.355312
-0.132591 -0.099141 3.581115
0.135000 -0.149570 3.128519
0.047609 0.196194 2.554326
-0.114157 -0.468545 3.821463
0.097117 0.281552 2.955047
-0.129590 0.484069 3.465117
0.091819 0.402850 2.843218
0.130585 0.235951 2.856489
0.017725 -0.454355 2.837698
0.087873 0.202503 3.203704
0.096901 0.287391 3.052769
0.081170 0.229170 2.849198
-0.183253 -0.162408 3.657296
-0.163586 -0.118363 4.181249
0.021805 0.311204 3.010826
0.075705 0.176716 3.140235
-0.318905 -0.444646 4.078549
0.059645 0.487763 3.389999
-0.048831 -0.359460 2.670855
0.028099 0.313411 2.973968
-0.152827 -0.465851 3.402562
0.122499 0.255211 3.744787
0.093845 0.258647 2.731602
0.056039 0.273794 2.810260
-0.005666 0.240639 3.947058
0.028194 0.285716 3.525226
0.163119 0.141807 2.781841
0.021712 0.242014 2.547841
0.173550 0.253671 2.868931
0.110564 0.329055 3.281626
0.087458 0.133677 3.280929
-0.030148 0.263752 2.445574
-0.037369 0.255796 2.959624
0.021948 0.204922 2.213619
-0.091413 0.135272 2.906787
-0.021153 -0.432046 2.562770
-0.068876 0.470700 2.845001
0.005408 0.292332 2.765578
-0.049567 0.383594 1.821766
0.010437 0.167848 3.252136
0.181268 0.129453 2.341614
0.110189 0.321510 2.800673
0.049194 0.320919 2.715596
0.053605 0.317389 2.466489
-0.019459 0.238035 2.852225
0.173687 0.233834 3.223380
0.028644 0.492935 3.668881
0.271884 -0.052843 3.212042
0.219783 0.095979 2.858371
0.039974 0.287143 3.080233
0.005617 0.327922 3.612748
0.110127 0.325996 2.584168
0.018349 -0.432680 2.547893
-0.081446 -0.466431 3.131040
-0.065256 -0.413130 2.742768
0.088467 0.360477 1.663531
0.006038 -0.379669 2.795768
0.005100 0.123140 2.486527
0.047267 0.259258 2.434022
-0.038547 -0.473810 2.483032
0.011846 0.184728 2.598056
-0.033170 0.234658 2.900036
0.051360 0.216804 2.355038
0.027476 0.497979 2.543824
0.059351 0.130787 2.961509
0.042779 0.492716 2.513924
0.056603 0.317293 2.078448
0.024539 0.453006 3.400376
0.044916 0.195017 2.925327
-0.002274 -0.452957 3.730397
0.111006 0.321132 3.493629
0.096253 0.241675 2.845211
-0.044211 0.453068 3.585561
0.146141 0.241141 2.968555
0.115579 0.287461 2.730150
-0.118547 -0.453974 2.646010
0.046052 0.381397 2.367936
0.002369 0.297206 2.641715
-0.019400 0.409209 3.078520
0.169698 0.394338 2.917815
-0.031115 0.397183 3.364688
-0.022510 -0.436406 2.502430
0.096859 0.429417 3.226623
0.248614 0.121045 2.639941
0.013211 0.233061 2.923970
0.098129 0.254110 3.395394
-0.162105 -0.419933 3.040995
0.003801 -0.428361 3.241437
0.331271 -0.157974 3.422269
0.064592 0.176743 2.453440
0.073038 0.343421 3.003513
0.116623 0.188885 2.926437
0.051578 0.129956 2.622048
0.083968 0.230496 2.598426
0.075715 0.314984 3.170103
-0.022075 0.470594 2.750196
0.118164 0.281118 2.922286
