-0.220338 0.053092 -2.669388
0.286999 -0.436093 -3.915357
-0.472130 0.161879 5.100550
-0.232094 0.107066 0.557620
0.224768 -0.114203 0.493936
0.107066 -0.044038 6.154121
-0.075639 0.141862 4.139920
-0.153370 0.072267 -0.559915
-0.090398 0.002044 2.760303
0.033874 -0.182181 -0.415769
-0.013043 -0.229301 -5.791316
0.156971 -0.083699 -3.132388
0.382997 0.499162 4.207270
0.301808 -0.044660 4.575822
-0.059701 0.492316 -3.853012
-0.071660 -0.178913 -5.526310
0.032727 -0.155781 5.519434
0.390879 -0.325107 -4.800475
-0.224264 -0.478272 -1.968612
0.159664 0.176214 3.225591
0.272521 -0.492465 3.951800
0.300385 0.027006 1.183115
0.433997 0.232574 -0.628968
-0.471581 0.384683 -1.055106
-0.377423 -0.166178 0.340458
0.374492 0.402388 2.435796
0.087656 -0.429560 -4.719260
-0.372362 -0.147372 4.902748
0.339510 0.235287 3.522473
-0.452887 0.496577 -3.526135
-0.324102 0.378925 6.030637
-0.251176 -0.417111 -3.107998
0.008034 0.483765 -4.462402
-0.496937 -0.164880 -0.474825
0.130993 -0.011366 4.708387
-0.247511 0.127267 -2.245234
-0.211222 -0.214679 1.167862
-0.351114 -0.091035 -4.118827
0.490686 0.449617 -1.165448
0.100940 -0.306700 5.047933
0.044478 -0.118056 4.048970
-0.273869 -0.330112 2.493084
0.292000 0.347798 0.843629
-0.054453 0.415623 -3.145354
-0.171535 -0.208952 -5.509415
-0.462842 0.358336 -4.062430
-0.398832 -0.129514 -5.942727
-0.307217 0.237101 -5.737896
-0.235552 -0.172384 2.437402
0.079400 -0.067764 -0.712158
-0.059996 0.453032 0.658022
-0.075948 0.174757 -5.386947
-0.022567 -0.354870 3.858695
-0.338565 -0.188275 4.902748
-0.037559 0.428562 -2.524317
-0.498874 -0.036901 -0.992250
0.242290 -0.316052 5.476449
0.454348 0.254922 5.587317
-0.144451 -0.020743 -1.468268
0.443793 -0.351100 5.902852
-0.145333 -0.051350 -5.390573
0.180658 0.046721 -3.536806
-0.429415 0.195804 0.341264
-0.476810 0.433015 3.408291
0.245451 -0.129565 0.191816
0.116962 -0.122140 0.768085
-0.271368 -0.451782 -1.968612
-0.104842 -0.037191 -0.115396
0.201697 -0.034136 5.600834
0.279623 0.113871 -4.356972
0.239253 0.414449 4.224147
-0.122282 -0.295906 -5.240772
-0.189609 -0.401278 5.323489
0.182687 0.451940 1.519094
-0.284466 -0.355955 2.016003
-0.010102 0.165416 -5.865343
-0.211325 -0.116589 -2.799336
-0.408875 0.262439 -6.162473
0.385951 -0.207820 -1.183496
0.441094 0.457435 -0.026789
-0.198162 0.168106 -0.344950
-0.417521 0.393690 5.777692
-0.042234 0.084936 -3.563675
-0.199220 -0.352004 -3.571400
-0.374059 -0.429409 4.144360
0.315982 -0.468606 -3.951800
-0.075123 -0.465935 -2.822933
0.367207 0.150316 -0.147127
0.127909 -0.181496 1.833155
-0.433534 -0.095149 -0.185648
0.314252 -0.424399 -5.535771
0.441414 0.455389 -3.031260
-0.048334 0.336702 0.271217
-0.455457 0.147469 5.100550
-0.091195 0.496256 0.658022
0.049522 -0.297412 -5.079306
-0.457658 -0.045165 4.133842
-0.373282 -0.492442 4.346698
-0.315746 -0.384099 -4.941443
-0.146765 -0.157684 2.159260
0.493509 0.352771 -1.292874
0.112333 0.090834 2.446733
0.408964 0.430685 2.435796
-0.005407 -0.149959 0.623030
-0.146388 -0.051163 -5.390573
-0.243418 0.124412 -2.647840
-0.431272 0.131907 -1.771136
-0.074792 0.295066 -2.430410
0.363571 -0.187707 -0.126943
-0.103858 0.385395 -1.155794
-0.115934 0.397480 -6.025788
0.213866 -0.356647 -2.534114
-0.077745 0.246010 0.408307
0.461272 0.276413 -4.302590
-0.401123 0.197576 -6.162473
-0.078713 0.395351 -0.363938
0.113851 0.003015 6.154121
-0.412926 0.044280 5.947240
-0.429137 0.041970 1.598102
-0.453585 -0.451482 -3.009454
0.100600 0.218031 0.407884
-0.286508 -0.299370 3.347365
0.399099 -0.309398 5.322471
-0.219222 -0.469777 5.678606
-0.412817 -0.473052 3.744145
-0.073473 -0.497747 0.211891
-0.206919 -0.014591 -5.550503
0.344118 0.334342 -3.286544
0.228476 0.400684 -3.763531
-0.229609 0.315449 -6.228027
-0.177891 0.368562 -5.314589
0.149343 -0.467804 -5.608908
0.251107 0.118319 2.829208
0.264506 0.152983 2.829208
0.067260 0.226996 5.222322
0.487975 0.371472 1.570796
-0.038140 0.312736 0.271217
0.477859 -0.079999 5.255325
-0.073780 -0.092698 -1.851361
0.426213 -0.471542 -4.122049
-0.268839 -0.188555 4.806441
-0.399421 0.195768 5.171509
-0.044430 0.470175 -4.462402
0.193137 -0.128452 -0.067938
-0.153370 -0.420785 3.987042
0.060834 -0.117161 -5.035399
0.424561 -0.469120 -4.122049
-0.374854 -0.492870 4.045421
-0.002209 -0.266149 -5.791316
-0.135186 -0.013408 1.158234
-0.121492 -0.007258 -5.390573
-0.023710 0.444775 -5.737939
-0.499152 -0.166010 -0.474825
-0.165378 -0.186162 3.752059
0.191077 -0.395153 -1.221081
-0.164150 0.487076 5.701993
-0.335926 -0.205575 2.161835
-0.131647 0.020124 -5.590240
0.178104 -0.227465 3.888028
0.234592 0.474070 0.189141
0.139786 -0.372787 1.965290
-0.495478 0.488965 3.408291
0.017243 0.355031 -4.251740
-0.407835 0.159084 -4.763838
-0.379173 0.464523 -1.784465
-0.273451 0.479579 10.476295
-0.243662 -0.338103 2.016003
-0.251777 -0.298251 5.066053
-0.153297 0.288627 -0.173898
-0.065438 -0.104543 -4.056999
0.455092 0.255250 2.410176
-0.379747 0.309749 -5.554502
-0.049261 -0.455229 0.663073
-0.456943 0.025433 -6.224460
-0.034356 0.319439 -4.251740
0.330810 -0.221033 -2.180426
0.025819 0.085897 5.416888
0.093879 -0.322993 -3.804069
0.244767 0.396721 2.895908
-0.237362 0.443277 -5.464123
-0.358882 0.279332 3.280814
-0.306056 -0.258629 3.813630
0.463501 -0.036467 1.838682
-0.499512 -0.047057 3.421200
-0.304029 -0.388035 2.513712
-0.212356 0.333541 -5.411412
-0.496213 -0.328570 -4.862623
0.103121 -0.498812 11.471512
-0.289916 -0.327616 4.179035
-0.477094 0.323260 -5.361135
-0.315817 0.147115 -3.906339
-0.408810 -0.053665 4.813471
0.001642 -0.019996 3.969281
-0.212561 0.196452 4.641533
-0.084712 0.444178 1.769510
0.442376 0.417901 -3.031260
0.069821 0.038742 -0.566896
-0.361190 0.213808 5.171509
-0.420168 0.150050 -5.013850
-0.434115 0.144525 -3.392493
-0.195109 -0.353385 -3.571400
0.441974 0.244236 2.410176
-0.286657 -0.113418 6.011994
-0.274194 -0.185642 5.172170
0.151975 -0.113812 2.235385
0.495716 0.370038 1.570796
0.380785 -0.068262 4.229391
0.381847 0.162246 -4.799153
0.166415 -0.084693 5.600834
-0.242943 -0.180567 6.130587
-0.302325 0.264282 -4.436686
0.006615 -0.195132 0.733381
-0.147948 -0.197945 2.955660
0.348281 0.211507 -0.096260
0.240688 -0.364809 1.432570
-0.095055 0.373662 -0.363938
-0.443176 0.329176 1.470749
0.165660 0.029335 -1.214204
-0.286863 0.136408 -5.813448
0.476486 0.063915 -4.712389
-0.138941 -0.001991 1.158234
-0.433403 0.382212 0.198143
-0.115417 -0.294023 -5.240772
-0.131650 -0.382784 5.906308
0.235856 -0.114464 -2.274459
-0.402882 0.451474 -5.166801
0.343378 -0.299176 -1.959509
0.223768 -0.264309 -5.237305
-0.292546 -0.296066 1.618722
-0.407805 -0.469053 4.045421
-0.168530 0.329649 3.004294
-0.485178 0.414740 -1.532961
0.445817 -0.335639 2.223042
-0.323213 0.238368 -3.994815
-0.275448 -0.395732 -4.941443
-0.271409 -0.348224 2.513712
0.079772 0.370945 6.101470
-0.208914 -0.419731 5.323489
-0.256375 0.098178 0.708234
-0.267516 0.431579 2.224850
-0.041909 -0.105801 0.623030
-0.287764 0.051171 -4.933555
-0.487916 0.358070 -1.293256
-0.264208 -0.180757 5.851439
-0.173862 0.453134 0.534528
-0.463355 -0.391914 -5.663839
0.182767 -0.010578 4.708387
0.265042 0.297686 -3.494689
-0.482075 -0.096904 -1.260365
-0.249654 0.125147 -2.245234
0.192837 -0.246651 3.888028
0.019707 -0.271653 -5.239203
-0.186209 0.021199 -0.559915
0.450261 -0.274945 5.322471
0.114784 0.174426 0.407884
-0.035107 0.004061 0.652179
-0.499500 -0.035917 -0.992250
-0.318625 -0.269236 -2.881731
-0.333105 -0.245735 5.448126
0.005384 0.344697 3.409884
-0.357549 0.289695 2.389304
-0.218371 0.137628 4.504117
-0.227855 0.443841 -6.067001
0.098695 -0.233476 2.095214
0.049173 -0.090944 -0.712158
-0.462875 -0.331604 -4.862623
0.179085 0.068389 -2.716028
0.481174 -0.135601 -2.530164
-0.078695 -0.479812 -2.822933
-0.109594 -0.318764 -1.406566
0.427888 -0.361579 3.658714
-0.199800 0.374517 -5.411412
0.318231 0.126477 -5.705039
-0.488387 0.376328 -1.055106
-0.369407 -0.291789 -3.679715
-0.160822 -0.081270 0.304342
-0.051522 0.160293 5.180145
0.446410 -0.492748 5.244526
-0.193944 -0.301371 -2.926161
-0.441635 -0.125366 -0.185648
-0.049628 0.458205 -2.524317
-0.224741 -0.300078 -2.768969
0.206357 0.095184 -3.536806
-0.136481 0.312060 0.833405
0.084540 -0.155932 4.048970
0.093877 0.333481 0.009037
0.279367 0.350316 -3.494689
0.033642 -0.301067 -5.079306
0.006803 -0.298083 5.397989
0.399028 0.488631 2.090241
0.364450 0.022287 1.220769
0.132821 0.026821 -1.214204
-0.425313 0.136370 -1.771136
0.166318 0.332053 5.710952
-0.408464 -0.449925 -6.141176
0.032829 0.267616 -2.462596
-0.251755 -0.296695 5.066053
-0.231587 0.050602 1.690014
-0.148728 0.296842 -0.173898
-0.340032 0.370377 0.567813
-0.088303 0.191433 4.806599
-0.082416 -0.302622 1.243386
0.096273 0.180948 0.706487
-0.044876 -0.092444 -4.056999
-0.339865 0.226015 -3.994815
-0.159612 0.351754 3.004294
0.309269 0.078751 1.847084
0.190934 0.386254 5.710952
-0.283512 0.482823 -5.714467
-0.363708 0.144186 -2.963782
-0.314865 0.427073 6.030637
0.183652 -0.065886 1.552114
0.025519 0.396039 -5.748048
0.061588 0.301528 -4.229401
-0.265574 0.261606 1.956829
-0.098148 -0.026757 2.760303
-0.274190 -0.355563 4.024877
-0.056374 0.487292 -5.737939
-0.268582 0.433844 4.193109
-0.232563 0.266390 1.956829
-0.053735 -0.155103 -0.303258
-0.121379 0.145630 0.877423
-0.144000 0.400077 0.534528
-0.264959 0.451635 -5.714467
-0.399735 0.031191 2.524526
0.101258 0.276850 4.188614
0.264040 -0.039920 2.432984
-0.423441 0.454658 3.526135
-0.355270 0.003736 -1.997252
0.084243 0.379778 6.101470
-0.299258 0.055300 -4.933555
0.248467 0.254309 -5.284929
0.024727 -0.316087 3.225933
-0.016573 -0.028609 0.652179
-0.241422 0.468422 -6.067001
0.173934 0.102695 -2.716028
0.185459 0.159971 -2.555546
-0.269155 0.362002 1.923317
-0.349043 -0.325387 5.027797
0.399986 0.185797 -0.628968
-0.041597 0.496792 -5.539099
0.170652 0.403998 2.591582
-0.054818 0.160275 -5.386947
-0.446090 0.087880 -3.392493
-0.109910 -0.103294 -0.115396
-0.141507 -0.162039 2.955660
-0.083236 0.266535 0.408307
0.443660 0.488395 4.192945
-0.361424 0.139218 -2.963782
-0.457594 -0.206896 -3.107345
-0.193439 -0.366976 -3.571400
0.168062 0.326434 -6.093173
0.405755 0.007205 1.220769
0.112008 -0.153772 2.235385
-0.244196 -0.345156 5.066053
-0.420742 0.249247 5.454916
-0.150583 0.352985 -5.314589
-0.030030 -0.411285 -1.788395
-0.495213 0.340137 -4.062430
0.287114 -0.012436 2.432984
-0.041704 0.013205 3.969281
0.343241 0.245876 -0.096260
-0.445920 0.000076 -2.106889
-0.029764 -0.151619 0.733381
-0.356637 0.132466 -2.963782
-0.212376 0.334278 -5.411412
-0.383422 -0.278844 5.448126
-0.353031 0.290785 2.389304
0.006205 -0.100070 0.072915
-0.047927 -0.104544 -1.851361
0.181212 0.144743 -6.133216
0.146633 0.227342 3.225591
0.116673 0.330362 -4.229401
0.476832 0.472189 4.307041
0.251176 -0.452717 3.250130
-0.227844 -0.232086 -5.939920
-0.283262 -0.037292 0.548037
-0.032584 -0.312510 3.858695
-0.091395 0.290289 1.664563
0.201043 0.075766 4.900964
0.027220 -0.419746 -4.719260
-0.121603 -0.061825 -2.190557
-0.210122 -0.256390 -4.040330
0.366429 -0.126261 -0.126943
-0.077557 0.290303 -0.016790
-0.366999 0.311846 3.280814
-0.203751 0.253465 3.759175
-0.411160 -0.400414 0.142009
0.057360 -0.474423 -5.188327
0.226931 -0.335896 5.476449
0.090169 0.242993 1.064966
-0.457653 -0.163547 -3.107345
-0.148523 0.451449 -1.881606
0.186187 0.440180 4.224147
-0.043736 -0.189422 5.840301
0.071361 -0.481219 -3.328023
-0.321172 0.452248 -4.763835
0.078657 -0.309894 5.047933
0.079216 -0.234698 3.976833
-0.302909 -0.192833 4.806441
