0.363516 0.118941 -0.944738
0.478856 0.421571 -1.570796
-0.031701 -0.327205 -2.532839
0.235450 0.071759 4.031761
-0.187594 -0.255843 1.706425
0.206490 0.054096 -2.862315
0.336013 -0.469164 -3.462641
0.320284 0.206426 -4.963449
0.433228 -0.179092 -0.139697
0.496050 -0.094829 -0.402652
-0.204731 -0.176780 1.025762
0.349624 0.213382 -3.971211
0.303172 0.142735 -3.640626
0.380297 0.332274 -3.030194
-0.417837 0.464158 -1.209564
0.114942 -0.196556 0.972730
-0.395471 -0.079879 3.000417
0.375591 -0.383538 -5.100758
0.392872 0.468381 5.920574
0.127970 0.453575 -6.108070
0.499464 0.225037 1.570796
-0.184716 -0.469749 -0.410536
0.445536 -0.130410 -1.183883
-0.361895 -0.113705 -0.194221
0.214522 0.144322 5.721408
0.473458 0.000029 -4.712389
-0.179665 0.381428 -5.219415
-0.096613 0.191289 3.859141
-0.281031 -0.446836 -3.703170
-0.355266 0.334851 -1.022589
0.283698 -0.302680 -2.737503
-0.216278 -0.245574 -5.303100
0.016865 0.104352 -4.620312
-0.470304 0.441629 -3.051284
-0.065447 -0.273682 0.074988
0.083957 0.418829 2.731881
-0.240561 0.046923 -5.596118
-0.240359 -0.382572 2.183602
0.148645 -0.237836 5.523054
0.123506 0.339508 -5.758387
0.286872 0.001497 2.246832
0.449086 -0.138331 -3.634637
-0.036115 -0.309036 -2.532839
0.314814 -0.365568 -0.500340
0.316287 -0.407451 1.658822
0.323564 0.049609 -6.211604
0.317466 0.269008 -3.700593
0.229088 -0.257359 1.149553
-0.475547 0.048958 2.188707
0.396837 -0.435693 -5.100758
-0.345364 0.260931 0.885000
0.137456 0.302042 4.432768
0.328950 0.224313 5.006832
0.284669 0.421306 5.073369
0.333348 -0.320367 1.225835
-0.344343 0.305944 1.092212
0.300253 -0.498591 8.635437
0.043421 0.463953 -1.102002
0.022279 -0.364740 3.431023
-0.178042 -0.289491 -5.668701
0.453839 -0.188203 -5.256178
0.244604 -0.449907 -4.223697
0.416873 -0.197368 -0.085900
-0.306209 -0.375717 0.343698
-0.368323 -0.176732 5.890940
-0.167458 0.008211 4.475085
-0.243696 -0.428116 -5.431149
-0.493839 -0.206788 3.936096
-0.360294 0.153310 1.874713
-0.005164 0.141844 1.485105
0.446250 -0.361141 6.164022
0.491722 0.497539 4.328374
-0.408815 -0.075184 -1.320318
0.015736 -0.256207 3.436769
0.486568 0.448635 -1.263897
0.082594 -0.060216 0.813683
0.191172 0.472761 3.208187
0.048715 0.169619 -5.337124
-0.466687 -0.195400 -5.356498
-0.071301 -0.117778 3.614595
-0.269396 -0.413254 -5.431149
0.211089 -0.246321 1.149553
-0.437142 0.317807 2.150185
-0.425171 -0.261466 6.233265
-0.464291 0.142699 -0.944236
0.371115 -0.376735 -1.483155
-0.408667 -0.151642 -6.118379
0.387519 0.344147 5.766685
-0.223316 -0.032181 -5.226677
0.415712 0.471364 1.259668
0.158462 0.264929 4.377227
-0.160235 0.319497 -0.858857
-0.155641 -0.442705 0.236929
-0.122326 0.213341 1.137534
0.209971 -0.131418 -3.143655
0.105869 0.256436 1.914408
-0.483658 0.491611 10.814958
-0.227860 -0.107137 -3.860416
-0.278743 -0.182928 -5.625111
0.085400 0.433604 4.270343
-0.350402 -0.051407 -2.684174
0.215395 -0.133436 -3.143655
0.283839 0.444907 -1.694836
0.163219 0.285400 1.914408
-0.098028 -0.143584 -5.682538
0.156161 0.007894 -3.824926
0.429010 0.170110 -3.192716
-0.392622 -0.235323 5.890940
-0.301052 0.328700 5.502341
-0.275646 -0.450146 4.020491
0.002887 0.286782 3.855212
-0.394384 0.353542 2.150185
0.068225 0.144894 0.644769
-0.038222 0.328809 3.855212
0.040536 0.279795 4.164386
0.095421 0.115144 -5.194559
0.010003 -0.454845 4.726878
0.499325 0.422183 4.712389
-0.110204 -0.260923 1.541806
0.060267 -0.451910 4.726878
0.359073 -0.399411 -5.100758
-0.268230 0.452384 5.457965
-0.381317 -0.249428 -1.900819
-0.060033 -0.233915 0.074988
0.298176 0.214440 5.006832
-0.395061 -0.138561 3.000417
-0.177486 0.201066 1.239387
-0.434848 -0.446225 6.177248
-0.224230 -0.242475 -4.571896
-0.183820 -0.243704 3.216581
0.316182 -0.205844 3.571828
-0.343591 0.305174 1.092212
-0.009808 0.207968 1.051707
-0.499267 0.120908 7.880129
-0.123623 0.281650 -4.542644
0.083911 -0.123267 -2.369174
-0.314519 0.358815 -2.559528
0.289839 -0.402564 -2.857778
0.311178 0.139007 1.492157
-0.046933 -0.452701 2.171390
0.128822 -0.028881 4.210706
-0.426345 0.135352 -2.770475
0.187370 0.427838 -5.133858
0.407236 -0.335207 -3.502191
-0.377424 -0.162169 -0.194221
-0.351162 -0.041602 0.462941
-0.051931 0.032432 -1.727024
0.100369 -0.059492 -5.340033
-0.442922 -0.208001 1.997533
-0.055993 -0.271511 -2.856879
-0.222926 0.042624 5.476398
-0.273974 -0.418264 -0.000419
0.029149 0.343551 2.300229
0.465017 0.318273 -0.770820
-0.012167 0.302993 2.300229
0.182522 -0.044624 -0.987590
0.173608 0.464189 2.201428
-0.342371 -0.401886 -6.132915
0.013725 -0.328895 -5.022721
-0.433299 0.491908 0.560785
-0.279558 0.316164 -2.559528
0.188254 -0.207169 3.213879
0.024609 -0.305822 3.436769
-0.153984 0.446961 -0.721355
0.142445 -0.356705 0.916305
-0.324397 -0.323480 4.223707
-0.208117 0.209499 1.786546
-0.024606 0.391358 5.870823
0.294768 -0.023503 2.246832
-0.401925 0.041263 -2.357399
0.294158 -0.027563 2.246832
-0.487116 0.082399 3.411642
0.016341 -0.178002 3.021792
-0.271206 -0.086975 -0.602829
-0.438414 0.314898 4.376705
-0.301241 -0.226989 -2.678682
0.202720 -0.429699 3.289431
-0.297618 0.285635 -1.488002
0.307115 0.228036 2.951589
0.104601 0.121401 -1.205562
-0.405321 0.071672 4.503903
-0.304268 0.122523 5.451958
-0.476676 0.495092 9.827966
-0.119565 0.003092 4.475085
0.212063 -0.228766 0.262447
-0.252423 -0.270951 5.889094
-0.300706 -0.439934 4.578271
0.347917 0.011690 -2.949048
0.295505 0.302293 6.197477
0.038621 0.461147 -2.012843
0.018891 -0.364535 -2.208798
-0.208399 -0.280794 -1.056772
-0.152932 -0.476968 5.327861
0.431385 0.376485 -6.248652
0.437834 0.237264 4.763271
-0.464739 -0.014294 -5.462793
-0.468881 0.406720 1.727588
0.470609 0.001219 -4.712389
-0.197403 0.406162 -0.721355
0.136945 0.472178 -0.686475
0.155567 0.175335 3.062533
0.443693 -0.317567 -0.543465
0.339395 -0.378940 -1.483155
0.187694 0.101695 -2.862315
-0.084295 -0.023227 -0.850795
-0.107928 0.199367 4.750496
-0.235307 0.199697 1.786546
-0.431164 -0.444716 6.177248
-0.208230 0.228403 3.626903
-0.030521 0.056902 0.954615
0.302226 -0.405342 5.803432
0.309552 -0.204728 3.571828
-0.422615 -0.094650 0.391946
-0.379628 -0.470037 -2.037487
0.360188 -0.395885 1.658822
-0.395277 -0.357804 -2.789110
0.171857 -0.462647 -4.767879
-0.304793 -0.422914 4.020491
-0.158729 0.199188 -4.631227
-0.341971 -0.352168 -6.132915
0.201950 0.096957 5.633456
0.393679 0.269753 -5.551591
-0.207130 -0.345048 5.800864
-0.235676 0.325691 2.946842
0.197268 0.049815 2.758280
0.289102 0.003656 2.901487
0.307951 -0.146583 3.820728
0.137114 0.445168 -6.108070
-0.034797 -0.460787 2.171390
0.337773 -0.189165 3.820728
-0.064704 -0.116703 3.614595
-0.272305 -0.265311 -2.678682
0.222153 0.297461 0.581558
-0.398187 -0.077263 1.946557
-0.202225 -0.486641 0.955324
-0.170923 -0.258650 1.706425
0.134086 0.445360 -5.133858
0.076523 0.132838 0.644769
0.484385 0.483677 5.096403
0.280617 -0.443727 5.803432
-0.436033 -0.227412 -1.900819
-0.034664 0.137004 1.485105
0.051449 -0.017818 -5.340033
-0.052513 -0.459082 2.171390
0.479103 -0.147126 -0.402652
0.129628 0.064301 0.766649
-0.417814 -0.188526 1.997533
0.493580 0.273792 -4.675219
-0.472615 -0.493863 7.853982
0.409492 0.105579 -3.290379
-0.351190 -0.053485 -2.684174
0.351535 0.216856 -3.971211
0.309695 -0.405567 -5.048326
-0.122734 0.423289 -4.533955
0.090028 0.140055 -5.337124
0.145089 0.306459 5.466702
0.418282 0.474490 1.259668
-0.357720 0.021068 -2.121384
0.430610 0.112924 -3.192716
0.275928 -0.431329 2.059488
-0.239363 0.025889 5.476398
-0.051199 -0.253153 -2.019231
-0.203172 0.311169 -4.629358
-0.466076 0.110371 -5.051512
0.497423 0.153339 -3.068346
0.078220 -0.163202 3.188595
0.199280 -0.428011 3.289431
0.152302 0.097572 2.061722
-0.416977 -0.119413 1.946557
0.498246 0.094044 6.209938
-0.013665 -0.460077 4.115897
0.132224 0.487814 -5.574701
0.257330 -0.245477 -2.737503
0.436551 0.326061 -6.248652
-0.251434 -0.400415 2.183602
-0.175300 0.461505 -1.394403
-0.305952 -0.030333 -1.806396
0.273416 -0.406532 -2.622651
0.077774 -0.491363 3.075542
0.042501 0.434229 2.689251
0.288472 0.143622 -6.009475
-0.150358 0.261635 1.999913
-0.017985 0.426600 5.870823
-0.496405 -0.184614 0.926687
0.288781 0.239980 -1.916612
0.160924 0.462789 -5.574701
0.470559 -0.415256 -3.773827
0.362399 -0.050435 -2.949048
-0.486234 0.164826 -3.796499
0.484209 -0.211551 -1.847509
-0.452082 -0.079349 -0.097000
0.099840 0.117312 -5.194559
-0.323935 0.252502 -3.622356
-0.076056 0.009237 4.460092
-0.131426 0.024612 4.460092
-0.396631 -0.077738 1.946557
-0.048145 0.243575 -4.190328
-0.429991 0.259232 0.533686
0.349038 -0.055534 -3.183149
-0.406290 0.174413 0.782953
-0.327631 -0.354302 3.087416
-0.272304 0.310738 -5.644767
0.117496 -0.045378 -3.824926
0.493726 0.236004 4.709384
-0.041529 0.422143 -2.110357
-0.493170 0.108783 -4.738537
0.088989 0.396438 -5.758387
0.298812 0.251941 -4.317250
-0.403254 0.306095 1.663648
0.189444 -0.307277 -2.753878
-0.060349 0.003973 -0.850795
0.080709 0.267734 5.005224
0.436360 -0.458707 -2.913660
-0.191088 0.463146 -1.394403
0.279697 0.242011 5.379147
0.432395 0.432559 5.019288
-0.498589 0.130053 1.231674
0.266071 -0.367875 -5.215216
0.075850 0.020945 2.916070
0.309784 -0.405229 -5.048326
-0.341858 -0.053626 4.674416
-0.320322 0.491019 3.709461
-0.159570 -0.202724 1.025762
0.185690 0.103097 5.721408
0.354396 -0.223592 0.082721
0.276907 -0.368579 -2.857778
0.276428 -0.412025 -2.622651
-0.272631 0.201685 -5.892980
-0.002756 -0.476430 2.794000
-0.038038 0.371632 1.656797
0.487954 0.079849 4.712389
0.143809 -0.003533 -5.051836
0.419645 -0.369344 -0.543465
-0.347481 0.288895 5.502341
-0.010826 0.269192 -4.190328
0.309144 0.082478 -6.009475
-0.191778 0.389582 -5.219415
-0.192338 -0.358122 -5.373358
-0.464362 0.040151 -5.448975
-0.061483 0.436221 4.172829
-0.467182 0.409755 1.727588
-0.096857 -0.064007 3.667673
0.153749 -0.036524 0.340500
0.197151 -0.218475 3.213879
-0.301567 -0.156964 2.573087
0.230034 0.095580 2.758280
0.150476 0.181738 1.998762
0.390595 -0.250769 -4.991763
-0.358737 0.462907 2.573724
0.436731 -0.116305 -3.070671
0.167654 -0.254236 -2.753878
0.073906 -0.126978 3.188595
-0.369422 -0.410108 -2.789110
0.495122 -0.213913 -5.256178
0.159300 -0.146463 5.563508
-0.382984 0.022833 -3.014624
-0.465520 -0.497465 -4.712389
-0.155465 0.231429 1.137534
-0.347651 0.286242 -1.488002
0.425784 -0.051661 1.879662
-0.434473 -0.396828 -4.053784
-0.415746 -0.201891 6.233265
-0.086706 0.176682 3.859141
0.356486 0.311615 -5.551591
-0.475583 0.161072 -4.738537
-0.330871 -0.323378 3.419994
0.440451 -0.069561 -3.070671
0.180170 0.076207 2.758280
0.102983 0.437199 -0.686475
0.462700 -0.428460 0.950249
0.318317 0.286471 2.951589
0.141925 0.493942 3.141593
0.066811 0.366594 2.731881
0.225487 -0.358095 -4.955304
-0.312957 -0.027062 -0.758414
-0.236305 0.325566 2.946842
-0.477823 0.327245 4.376705
-0.200863 0.264141 0.116828
-0.481403 0.169898 -2.880608
-0.478277 0.034549 1.843585
-0.499201 0.130333 1.231674
-0.046473 0.396350 -1.786436
-0.295152 0.356210 -1.960957
-0.248160 -0.217327 3.108297
0.416146 -0.494925 6.971725
-0.185966 -0.284045 3.216581
-0.234973 -0.200666 2.988933
0.271529 0.400447 -1.190701
0.155668 0.125096 3.062533
0.484128 -0.347301 -0.379962
-0.491281 0.120373 7.874900
-0.492513 0.077030 3.411642
-0.111974 -0.227660 -2.019231
0.310210 0.059016 2.901487
0.140604 0.491337 3.141593
-0.428374 0.059643 -2.357399
0.222211 -0.153826 0.308429
0.211445 0.093526 5.281715
-0.422049 0.263768 -0.793425
-0.262784 0.149285 5.451958
