-0.361479 0.099517 -3.173126
-0.433116 -0.385478 0.243876
-0.047665 -0.342657 -4.809884
-0.400323 -0.295084 -4.789806
0.017010 -0.011796 -5.938216
0.023978 -0.279441 3.866494
-0.416536 -0.400676 -2.618998
0.046129 -0.103834 5.773080
0.271844 0.167837 0.337874
-0.083297 0.059804 -2.662236
0.460745 0.378717 -5.747384
0.289054 -0.474932 -1.876238
-0.410510 -0.160152 -3.423775
-0.316790 -0.445183 3.664871
-0.214094 0.084644 4.332127
0.060551 -0.185143 -5.020383
-0.025108 -0.338790 -4.809884
-0.121535 0.321498 -4.531904
-0.236469 -0.254960 2.838431
-0.400050 -0.448124 -0.706071
-0.270837 -0.399147 2.300429
-0.486867 -0.255004 7.052972
-0.175359 -0.278325 -1.027347
-0.459279 0.176881 4.182660
-0.075657 -0.061941 -4.455796
-0.386193 -0.043174 -2.150379
-0.404070 0.141550 -2.512540
-0.473767 0.276189 -4.237957
0.411312 0.274735 1.564704
0.089689 0.327596 2.575167
0.095178 0.343084 -2.809768
-0.153733 -0.292387 0.198593
0.166445 -0.450900 2.232720
0.151728 0.388579 2.103360
-0.454322 -0.453318 -2.519640
0.484529 0.151148 5.496142
0.090135 0.154637 -1.706842
-0.414981 -0.156536 -3.220291
0.435502 -0.428386 -3.940166
-0.396768 0.281867 -3.546224
0.322592 0.156640 6.004260
-0.492100 -0.247367 -5.218168
-0.157907 0.363026 0.799290
-0.304250 0.078520 -2.771305
0.209673 0.413951 3.399199
0.247762 0.215500 0.337874
-0.234753 -0.031647 5.755104
0.178225 0.245142 1.592773
-0.128668 0.040133 4.890169
-0.241234 -0.365389 -3.314538
-0.470555 -0.320307 -5.849680
-0.153917 -0.292245 0.198593
-0.175303 -0.024064 4.281269
0.475266 -0.263607 -1.425964
-0.085832 0.487582 3.141593
-0.245338 0.160585 0.558333
-0.400474 0.088578 5.332405
0.367844 -0.026339 5.235482
-0.264605 -0.010714 4.407698
-0.492501 0.401532 -4.712389
-0.216645 0.157409 -4.160883
0.000473 0.042352 -5.938216
0.354947 0.356397 -5.146845
0.010058 -0.290987 -2.701114
-0.364333 0.016324 -3.367559
0.495325 0.451480 -0.448636
0.398888 -0.158593 -5.622936
-0.007970 -0.195412 0.939859
-0.237070 -0.425175 0.593045
0.318759 0.456392 -2.708549
-0.012815 -0.061332 5.996497
-0.261139 -0.464807 5.318830
-0.449087 -0.468258 3.918975
-0.248312 0.312450 -3.159551
0.265605 0.195390 2.052859
-0.379108 -0.351344 -2.952655
-0.237597 -0.102520 -2.668382
0.050051 0.282002 -1.482780
0.094648 0.160497 -0.829096
-0.265031 0.213546 -4.073612
-0.466825 -0.302341 -2.634029
0.102137 0.038976 3.278725
-0.304294 -0.370030 4.019908
0.443998 -0.191505 5.374518
-0.242177 0.131578 -4.160883
0.427610 -0.449794 -2.565816
0.341121 0.124928 -5.171712
0.001742 0.094316 -5.152986
0.064120 -0.435305 2.253145
-0.184920 0.038974 4.890169
-0.330348 0.171702 1.128066
0.337593 0.257238 1.305559
-0.323393 -0.346156 -4.564741
0.006258 -0.396422 4.174972
-0.485635 -0.254634 7.052972
0.124435 0.025248 1.549626
-0.314618 0.114039 -2.771305
0.295233 -0.176168 0.979854
-0.264216 -0.062079 2.155667
0.054190 0.283308 2.575167
-0.117080 0.027552 0.351614
-0.194071 -0.088960 -1.347487
0.404751 -0.313360 1.642412
-0.278466 0.472428 3.042211
0.426451 0.020209 5.497092
-0.382455 0.125331 0.309759
-0.318623 0.192069 0.075644
0.280182 -0.110089 -3.456456
-0.236725 -0.195321 -3.358863
0.418580 0.312668 2.244044
0.376742 -0.129548 -4.350302
0.087645 0.117330 3.743736
0.473666 0.430937 -4.712389
0.441946 0.488946 5.631294
-0.410293 -0.145167 -3.187498
-0.469876 0.209706 -4.894623
0.419078 -0.079149 0.269262
-0.316741 0.222078 5.246304
-0.403436 0.141463 -2.512540
-0.394021 -0.010074 3.922206
-0.143101 0.127773 4.550701
-0.097600 0.147565 3.307518
-0.269865 -0.173192 1.660511
-0.418221 -0.491634 -2.519640
0.401578 0.034317 3.251264
0.046804 0.397590 -3.028062
-0.417537 0.322993 6.062929
-0.181101 -0.046499 -0.098759
-0.354002 0.108687 4.634079
-0.142285 0.319656 5.127859
-0.285172 0.455418 3.818389
0.344816 0.018938 3.441055
-0.436611 0.191549 -0.675300
-0.357826 -0.403128 4.537249
-0.258712 -0.071961 -5.474763
-0.295674 -0.031277 -5.474763
0.489170 0.427800 2.409327
-0.431212 0.069524 3.990599
-0.062208 -0.161094 -0.820130
-0.394656 -0.078595 -2.915402
0.492544 0.030951 -1.561710
-0.427671 -0.215991 -2.726785
-0.069656 -0.176409 4.222034
0.036164 -0.318594 1.814803
-0.409321 0.110436 -2.808257
0.407219 -0.019117 3.251264
-0.448879 -0.347172 -2.626513
-0.314739 -0.363709 0.624088
0.496195 -0.462493 2.493803
-0.001413 0.306088 4.800405
-0.064608 0.088496 -0.413602
-0.081243 0.412387 -4.007153
0.242582 -0.173915 -5.303332
-0.252354 -0.058862 2.829361
0.083631 0.188796 -5.198354
-0.185850 0.007848 -0.712272
0.114769 -0.198832 -5.020383
0.134658 -0.181194 -1.632853
0.124480 -0.314872 2.923073
0.050865 -0.280115 0.742469
-0.072686 -0.244051 4.363802
-0.351853 -0.006903 -3.996689
0.175593 0.286241 5.638872
-0.444600 -0.279882 -2.106395
0.228351 0.377734 4.581373
-0.241601 0.239819 -2.209153
-0.132030 -0.395372 3.386177
-0.487803 0.426445 -4.390415
-0.049439 -0.098511 1.856988
-0.092796 -0.074118 -2.137632
-0.088426 0.486594 3.141593
-0.411812 -0.028967 -2.915402
-0.014539 0.207439 -5.515256
0.237535 -0.360012 -3.665018
0.374765 0.299967 5.859680
0.475132 0.434462 -4.712389
0.110290 -0.092152 5.773080
-0.312389 0.256596 5.012916
0.438299 -0.033236 6.020313
-0.495495 -0.272462 5.342706
-0.326245 -0.336921 1.230883
0.013945 -0.170772 -1.255166
0.045305 0.396684 -3.028062
0.282597 0.431067 -4.227157
-0.277015 -0.193310 -2.729202
-0.433003 0.301252 -4.237957
-0.411065 -0.022329 -1.078567
-0.380310 0.038697 -3.367559
-0.435329 -0.290166 -2.106395
0.065740 -0.178667 -1.632853
-0.340428 0.088634 -2.143445
-0.345059 -0.028195 1.675359
0.158347 -0.433643 4.342975
-0.429534 -0.378858 0.167368
-0.361144 -0.276732 -1.207225
0.054627 -0.016827 -5.983801
0.336535 -0.011322 -2.141294
0.200931 -0.030603 -5.201090
-0.011578 -0.128534 1.937327
-0.009214 0.447000 6.123770
0.411955 -0.029657 0.269262
-0.249284 0.022041 -1.148632
0.317571 0.155713 6.004260
-0.444438 -0.340056 -2.626513
0.428053 0.270387 1.564704
0.210207 0.453212 2.194536
0.454832 0.236595 5.332926
0.119009 -0.341768 -1.928153
-0.110906 0.185555 3.307518
-0.348696 0.251646 5.012916
-0.145404 -0.077969 -1.347487
0.039046 0.071423 -5.274043
0.483005 -0.016493 5.415819
0.246833 -0.120029 -4.381350
0.064196 -0.340624 -0.646366
-0.454831 0.307306 -6.009485
-0.443325 -0.279828 -5.218168
-0.343659 0.179297 0.601855
-0.434016 0.191689 -0.675300
0.405409 -0.331019 -0.009708
-0.072600 0.017782 -5.039289
-0.194264 0.198141 -2.209153
0.340374 -0.488639 -1.876238
0.264116 0.493939 2.194536
0.093556 0.103422 3.278725
-0.427886 -0.378742 0.129114
-0.250009 0.218764 0.866607
-0.304488 -0.143087 -2.729202
-0.370096 0.365667 0.780820
0.434340 -0.315701 1.642412
0.059239 -0.054039 5.842140
-0.298766 -0.257525 -1.207225
0.280484 0.364316 3.655435
0.406075 -0.375660 -0.009708
-0.142199 0.212242 2.614107
-0.198223 -0.052403 -0.485747
-0.254257 -0.093022 -1.443448
-0.305760 0.085040 1.146865
0.037158 -0.334940 -2.701114
-0.429380 0.032806 5.890325
-0.356477 0.136136 -5.308954
0.207107 0.168957 3.496942
-0.082340 -0.185281 4.214469
-0.075090 0.176573 5.693395
-0.337829 -0.320990 0.624088
-0.366616 0.143215 -5.308954
-0.431761 -0.290216 0.159283
0.125235 -0.038707 -2.508543
0.009445 -0.258147 0.742469
0.211649 -0.217745 -3.139765
-0.036248 -0.496598 8.728609
-0.262862 -0.256224 0.312335
0.396459 -0.398785 -2.565816
0.327380 0.129140 -0.383343
-0.284141 0.236354 5.246304
0.049876 -0.025620 -5.983801
-0.453576 -0.299709 -1.407275
-0.402984 -0.307883 -6.123903
0.130041 -0.418646 4.342975
-0.253331 -0.065219 2.829361
-0.377548 0.039613 -3.367559
0.256072 -0.099163 3.308256
-0.216739 -0.021806 4.407698
-0.087769 0.164060 0.921641
-0.154342 0.352384 5.469664
0.218608 -0.218817 5.061094
-0.273105 0.188787 5.061679
-0.473146 -0.056642 3.173212
0.410906 0.377090 -4.411458
-0.076703 -0.068546 -4.455796
0.147170 -0.444095 -5.944745
-0.465182 -0.444758 -4.959065
-0.476427 -0.429043 3.918975
-0.411637 -0.017571 -1.078567
0.122181 0.387391 2.256807
0.314936 0.346546 -4.471804
-0.236305 -0.281107 2.838431
-0.269241 -0.397275 2.300429
-0.395432 0.140461 4.470530
-0.182450 0.075117 4.332127
-0.133161 0.238465 2.614107
0.498136 0.271240 4.091852
-0.069819 -0.031607 -0.710749
-0.282169 -0.357142 -1.984794
-0.187336 0.334024 0.258328
0.141692 -0.206793 3.198333
-0.339305 -0.139758 -4.697718
-0.435588 0.242633 -0.675300
0.386337 0.340131 4.148827
0.228623 0.072047 -2.107145
0.092592 -0.071368 5.773080
0.072959 -0.018953 5.842140
0.216522 -0.453064 0.772400
0.000878 0.251069 4.098060
0.282988 -0.191324 0.633058
-0.433293 0.201441 -4.894623
0.445161 -0.262845 -1.425964
-0.243906 -0.410984 0.593045
0.026101 -0.470975 -4.030040
-0.006022 -0.101717 -3.642623
-0.251164 -0.246807 -3.358863
0.321464 -0.000104 -2.141294
0.346239 0.276689 2.616299
-0.295104 -0.499249 3.664871
-0.334564 -0.492582 -6.208327
0.343783 0.435559 -0.290344
-0.154175 -0.018325 -0.569479
-0.257041 -0.415962 4.019908
0.047333 0.286852 -1.482780
-0.160333 0.099975 -1.153692
-0.380617 0.105976 3.937225
0.332171 -0.438928 -3.449833
-0.328414 0.163596 0.601855
-0.294553 0.187701 -3.399165
-0.018284 0.198078 -5.515256
0.200905 -0.031150 -5.201090
0.172201 0.457027 3.495283
0.228416 0.240646 -5.704091
-0.444813 0.489979 0.600555
-0.057553 -0.101358 -2.137632
0.218099 -0.454576 0.772400
-0.248901 0.359735 -3.159551
-0.190124 0.093574 -1.153692
-0.058928 0.476471 5.956132
0.136751 0.196916 -0.829096
0.308656 -0.040721 -4.485425
0.270703 0.328443 -4.471804
0.440752 -0.399134 3.030980
-0.349103 -0.095729 4.426043
-0.231512 -0.055739 3.989307
-0.385255 -0.286479 -4.789806
0.440655 -0.426960 3.030980
0.056852 0.242032 -2.771838
0.386349 0.358851 3.613479
-0.329830 0.360929 4.414748
0.145769 0.254117 5.638872
-0.308176 -0.045796 0.050453
-0.046867 -0.053473 -1.320305
0.002792 -0.454082 2.445424
0.283240 0.300926 3.858838
0.281037 0.223568 1.424564
-0.062925 0.016461 -5.039289
-0.412126 -0.147260 -3.187498
-0.317412 -0.040028 -1.347869
-0.344995 0.342846 0.780820
-0.300514 -0.209062 -4.584494
0.319684 0.380065 -5.146845
0.297609 0.024580 -2.413264
0.284061 -0.395797 4.884772
0.460687 0.394304 1.871727
-0.117347 -0.455839 2.407053
-0.220053 0.029095 -1.148632
0.050021 0.411607 -3.028062
-0.429060 0.491435 11.876834
-0.312087 0.006650 -5.076564
-0.387362 -0.037014 1.675359
-0.388799 -0.465308 -3.216217
0.140986 -0.343316 -0.798858
-0.293339 -0.105308 4.426043
-0.418507 -0.015922 6.086801
-0.107707 -0.280747 3.658930
0.478090 0.152835 5.496142
-0.104253 0.109750 -2.662236
0.026295 -0.189803 -0.153140
-0.286842 0.442469 3.042211
-0.064285 0.350595 -5.995532
-0.083591 0.410786 -4.007153
0.480665 0.036722 5.561145
-0.419208 -0.157597 -3.236688
-0.154019 0.157467 6.108016
0.192137 -0.194217 5.477601
0.300840 -0.106778 -4.381350
0.365103 0.300756 2.616299
-0.495090 0.070140 1.978577
-0.423549 0.148872 -2.808257
0.323828 -0.184314 -3.224192
0.257912 0.011358 -5.998280
-0.250289 -0.113891 -4.921584
-0.008867 0.447263 6.123770
0.288343 0.431272 -4.227157
0.172812 0.456746 3.495283
0.298115 -0.078746 5.246325
-0.414456 -0.108093 -5.640839
0.449939 -0.459905 3.506513
-0.248428 0.440809 -2.779793
0.099706 -0.297748 -0.646366
-0.117117 0.373676 3.359508
-0.111683 -0.077815 -3.808938
0.263783 0.382006 3.655435
0.046351 -0.044025 3.289269
-0.462976 0.411580 1.248823
0.061660 -0.142616 1.237819
0.185840 -0.294176 -0.756715
-0.252014 0.186851 5.061679
-0.384100 -0.007886 6.086801
-0.138235 0.048457 -0.664674
0.074379 -0.327162 -1.928153
-0.090949 -0.051222 -3.808938
-0.042014 0.111099 -4.983499
-0.179656 -0.108099 -5.030516
