0.126418 -0.490627 6.252155
0.411285 0.042406 1.397644
0.362982 -0.430038 -1.422461
-0.128477 0.285861 -2.566577
0.148714 0.135832 -6.018387
-0.171199 -0.442420 2.173498
-0.370896 -0.338354 -5.547538
-0.388886 -0.463997 -4.111389
-0.058922 0.123635 4.963543
-0.372245 0.473881 -3.141593
-0.062793 0.306977 0.632741
-0.119785 0.155295 2.983113
-0.426100 0.388867 -4.251940
0.057616 0.425435 1.741681
0.139529 0.135479 2.635725
-0.457766 0.432707 5.519721
-0.202655 0.020319 1.256241
-0.262807 0.323996 -5.026725
-0.493510 0.250465 -4.188840
0.007974 -0.270185 -3.672873
-0.474786 0.387214 2.956526
0.174874 -0.168468 0.780226
-0.440232 0.072171 -6.212748
-0.476231 0.297670 -1.400079
-0.311468 0.011678 -5.086493
-0.357037 0.417936 5.486382
-0.124832 -0.477399 -3.539728
0.057278 0.436855 2.203582
-0.455727 0.376682 0.138861
-0.466562 0.410697 -4.712389
0.400192 0.260024 1.614329
0.375810 -0.085934 4.246540
-0.341245 0.476873 -3.319999
0.352618 -0.483511 -0.028518
0.216392 0.155817 -5.192734
0.304086 -0.069603 -0.907317
-0.426355 -0.193377 4.613025
-0.235069 0.227893 -2.208448
-0.332350 -0.157822 0.697997
-0.003298 0.231991 -1.823564
0.332331 -0.380179 6.037986
-0.083382 -0.085414 -4.635856
-0.376806 -0.197606 1.809528
-0.154049 0.009516 1.256241
-0.389679 -0.489645 3.802413
0.052746 0.000755 5.014434
0.491522 0.497258 4.642364
0.383645 -0.023774 0.100760
-0.357602 0.325753 -2.437978
0.172705 0.182928 -0.289082
0.183373 0.065145 0.565537
-0.293784 0.407109 -0.463373
-0.083201 0.327852 -2.770751
-0.199481 0.124746 0.028453
-0.262153 -0.159537 1.928855
0.343998 0.370600 5.700209
0.478424 -0.321952 5.720588
-0.405706 0.365985 -5.062954
0.007588 -0.452958 -0.086406
-0.106260 -0.492469 5.684201
-0.472085 0.371778 6.422046
0.136725 -0.492879 7.141515
-0.221403 -0.100788 1.231343
0.096006 0.212850 -0.854013
-0.015146 -0.053372 -1.013353
-0.013879 -0.334740 1.011772
0.074032 0.108881 1.857294
-0.464828 -0.472762 5.113404
0.304183 0.031433 -0.375374
-0.412309 -0.301540 -0.650239
-0.245203 0.007536 -2.203202
0.301076 0.129063 1.329739
0.240254 0.141536 1.081337
0.107042 -0.109477 2.196033
-0.492089 -0.050238 -4.354084
0.270433 0.369332 -4.705900
-0.426186 -0.045084 -4.547233
-0.481685 0.328276 5.081273
-0.475911 0.415577 2.754482
0.151080 0.365002 -5.045082
-0.061503 -0.120067 -1.632885
0.162847 0.183893 2.635725
0.232585 0.498824 0.772648
-0.434928 -0.428623 -4.426320
0.271128 0.188067 -4.607725
0.495550 0.132020 -0.585150
-0.246103 0.388968 -5.598818
-0.434878 0.033018 1.072712
0.362980 -0.054529 -0.415416
-0.468657 -0.017977 -5.381291
0.046929 0.125992 0.606574
0.180782 -0.300914 -0.304173
0.014924 0.379419 0.762816
-0.143038 -0.465385 4.639086
-0.439930 0.022591 0.070437
0.490621 -0.229372 -4.492739
-0.415774 -0.266168 2.322122
-0.266265 0.428413 -3.950943
0.250736 -0.399169 3.808611
-0.381631 0.261094 4.284485
-0.034319 -0.372555 -1.604963
-0.125658 -0.154852 0.745094
0.129015 0.088026 -1.480932
0.109088 0.179104 -3.588677
-0.473141 0.371964 6.422046
-0.238980 -0.016746 -2.226445
0.203565 0.445718 -4.104071
0.403961 -0.044452 0.100760
0.019277 -0.399328 2.766244
-0.081088 0.094738 -1.334919
-0.396939 -0.315496 4.979917
0.435467 0.001824 0.100760
-0.453318 -0.073378 0.901894
-0.286190 -0.254453 2.239677
-0.435643 -0.498246 4.111389
-0.177543 -0.028091 5.615538
-0.019795 -0.380230 -1.604963
-0.341164 -0.335790 -1.492035
-0.122012 -0.385301 3.031514
-0.380110 -0.340195 -1.492035
-0.450636 -0.081642 4.598237
0.362094 -0.441425 1.344753
-0.396728 -0.375418 -2.797200
-0.394751 0.267524 -0.371511
0.101679 0.239332 -4.932005
0.237534 0.185477 -2.290324
-0.161903 0.038221 -4.757685
0.271029 0.038321 -2.863106
0.427477 -0.260391 1.050088
-0.420051 -0.477860 0.937566
-0.421519 -0.012571 -3.751098
-0.143678 -0.277559 2.484230
-0.182101 0.445231 -5.728147
-0.044267 -0.043884 5.473250
0.357520 -0.197444 4.339648
-0.200039 -0.455821 -4.109687
-0.152146 0.397163 -5.332719
0.002121 -0.307492 0.805695
0.323127 0.340585 -3.666348
-0.316229 -0.079343 0.935974
-0.431267 -0.355642 0.327510
-0.244111 -0.308473 3.863915
-0.479783 0.398190 2.956526
0.189714 0.225660 -0.289082
-0.468022 0.381213 -5.062954
0.139985 -0.186975 2.640231
-0.135587 0.489794 1.648034
-0.006594 -0.185407 -5.205036
-0.481241 -0.059355 -5.313426
0.037840 0.457300 -3.792112
-0.085547 0.428594 -1.924055
0.368201 -0.288674 2.320091
0.336985 0.150978 -3.223531
0.085823 0.196487 -5.659797
-0.092376 -0.071943 1.841059
0.233973 0.024816 -0.208194
-0.259965 0.261196 -4.245879
-0.256389 0.236984 -2.112811
0.250128 0.143948 1.329739
0.263996 0.401003 -2.662080
0.248989 -0.019093 1.397630
-0.024992 -0.077607 -1.114886
0.145307 -0.482139 4.285943
-0.000043 -0.300113 0.805695
-0.181678 0.034100 -4.841579
0.061072 -0.169159 -2.321752
0.374149 -0.485978 -2.910548
-0.434911 0.303904 5.081273
0.348098 -0.322253 4.710078
-0.433898 -0.325994 4.979917
0.119087 0.381630 -5.432180
0.031538 -0.429511 -6.082276
-0.084618 -0.200041 -5.575587
0.225119 -0.327871 -5.438818
0.280305 0.040517 -2.863106
0.033566 0.390558 -2.357495
0.139992 -0.189469 3.839469
-0.343758 -0.003827 -0.227765
0.120615 0.084899 -2.221016
0.316713 0.343385 -3.666348
0.046424 0.335464 -1.953955
-0.374258 0.494464 10.502530
-0.310037 0.380807 -3.950943
-0.380840 -0.109499 -0.351246
0.428064 0.069054 4.199787
-0.303813 0.258542 4.293437
0.203037 -0.429436 -3.618630
0.114446 -0.421371 -3.618630
0.496732 -0.092454 -5.384729
-0.289178 0.252445 -1.995596
0.175636 0.178050 -5.192734
0.477311 -0.415365 1.460425
-0.429912 -0.448519 5.113404
-0.491116 0.138885 4.712389
0.042170 0.230347 2.146543
-0.476374 0.402690 7.853982
0.123091 0.128347 1.857294
0.473967 -0.316718 5.720588
-0.069750 0.460063 -2.319144
0.410333 -0.362994 -0.620973
-0.375404 0.388309 5.038718
-0.361377 0.033289 -5.086493
-0.417806 -0.092419 -0.303091
-0.197497 -0.149173 1.828731
-0.471962 0.288262 4.541671
0.246575 -0.162071 2.279889
-0.337469 -0.289174 3.502873
0.010254 0.201669 -1.774998
-0.078328 0.192358 4.064514
0.007308 0.071612 5.686685
0.447654 0.060562 1.432184
-0.109320 0.398825 -2.104332
-0.073837 0.382183 4.178853
-0.204014 -0.349006 3.863915
0.074029 0.360219 -2.357495
0.065704 -0.032557 1.757011
0.278603 -0.136381 2.279889
-0.150372 0.092087 -3.594125
-0.410014 -0.371677 -0.780110
0.018968 0.310571 2.521099
0.100466 0.214175 -4.380438
-0.258729 0.346489 5.721698
-0.321880 -0.206685 3.112616
0.350388 -0.498770 -6.254667
-0.162964 0.372323 2.455919
0.418845 0.431507 5.733696
-0.098368 0.066953 0.906908
0.003805 0.028598 -1.884264
0.454136 0.306499 2.393966
-0.139255 0.131175 -3.594125
0.002790 0.002806 5.473250
0.230061 0.243618 1.244454
0.405641 -0.040817 0.100760
0.117004 0.198348 -4.966941
0.074772 -0.253803 -1.651088
0.448568 0.487167 4.782414
-0.233770 -0.360264 1.770131
-0.172595 -0.094689 4.964643
-0.388017 0.254491 -0.397426
0.432416 0.326789 0.851529
-0.185159 0.329901 2.455919
0.424362 -0.217521 6.026372
-0.471283 0.257471 -4.188840
0.056580 0.437519 2.203582
0.476971 0.159233 3.726743
0.153591 0.427745 0.985416
-0.187867 0.092101 -6.027494
0.352946 0.446138 3.041392
-0.486423 -0.056596 -4.354084
-0.199616 0.480025 2.540506
0.338997 -0.182336 -5.053328
0.135011 0.168675 -6.018387
0.032762 0.325130 2.521099
0.196588 -0.400171 4.674630
0.261902 0.309837 5.211586
0.220055 0.250435 1.244454
0.489077 0.392647 1.118610
-0.407728 0.480533 -4.219345
-0.314569 -0.140410 -5.585188
-0.408966 0.290193 0.396776
-0.315594 0.270416 1.304335
-0.173926 -0.367639 1.770131
0.376844 -0.364122 -0.620973
0.197995 -0.007045 1.397630
0.134500 -0.431629 1.305132
0.191306 0.487695 9.357807
0.192146 0.329006 1.802215
0.282765 -0.097017 -3.561726
0.390321 -0.216156 4.339648
0.134410 -0.383433 2.664555
0.498245 -0.136251 8.855875
-0.024549 -0.329177 0.837678
-0.016670 -0.329776 0.837678
0.037088 0.217335 -1.823564
0.349727 0.476842 3.041392
0.159800 -0.334439 -3.166158
-0.359680 -0.060318 -0.227765
-0.081812 -0.466271 5.684201
-0.059906 -0.086100 -4.635856
-0.080264 -0.268680 -3.482784
-0.057496 -0.274021 0.296341
-0.202619 -0.143111 1.828731
-0.435490 0.308656 5.081273
0.492277 -0.464257 0.431094
-0.318357 0.280954 1.304335
0.102985 0.261394 -6.143651
-0.324679 -0.341580 3.502873
0.165858 0.478330 5.376596
0.004941 0.106158 -3.737287
0.245834 0.476778 -4.104071
0.031603 -0.047057 1.946709
0.033771 0.158639 -3.737287
0.389557 -0.001396 -0.415416
0.234306 0.009966 -0.208194
0.448156 0.072693 4.052641
0.219101 -0.306432 0.113092
-0.101017 -0.017964 -0.565459
0.305064 0.280921 -2.991637
0.096347 -0.151459 -0.783137
0.352481 0.257811 1.614329
0.121241 0.191854 -3.588677
0.098590 -0.259676 -3.270377
0.085410 0.112580 4.802253
-0.329245 0.099623 1.708587
0.315549 0.206393 2.702663
-0.359942 0.315929 4.225021
-0.027231 -0.116936 -2.231725
0.159600 0.347909 -5.432180
-0.174691 0.415799 -5.332719
-0.389367 -0.408253 -2.797200
0.115221 -0.261626 -1.651088
-0.026178 -0.315941 -0.860593
0.382150 0.096411 4.199787
-0.495692 -0.478181 2.038642
0.341042 0.081561 -4.485733
-0.228808 -0.288320 -4.547071
-0.078594 0.016097 0.575476
-0.354078 0.096817 1.708587
0.120029 -0.445611 6.252155
-0.408910 0.480096 -2.719903
-0.406353 0.326235 -5.937051
0.370217 -0.282875 1.014259
-0.490289 -0.143957 4.944248
-0.402240 0.370855 -5.777194
-0.095929 -0.072743 1.841059
0.445117 0.053484 5.686202
0.229458 0.243912 1.244454
-0.389450 -0.413504 -4.426320
-0.324449 -0.184809 1.809528
0.069380 -0.025308 1.757011
0.127715 0.222706 1.488004
0.027630 0.100428 5.686685
-0.451860 -0.139952 4.944248
-0.020315 -0.330617 -3.672873
0.333941 -0.443078 4.432061
0.310679 0.200450 2.702663
0.049273 -0.189597 -0.783137
-0.137827 -0.498961 3.539728
0.254552 0.182250 -2.290324
0.063990 -0.089978 1.265126
-0.032939 0.217263 1.420158
0.493902 0.043466 -4.573776
-0.441220 0.471363 -0.440277
-0.496531 0.231484 -2.226696
0.064750 -0.029090 3.144268
0.129216 0.086952 -1.480932
-0.281054 -0.105906 2.858927
0.475915 -0.033815 2.768480
0.186382 -0.301211 -0.304173
-0.405071 -0.246392 1.521062
-0.284136 0.297533 5.721698
-0.387289 -0.146466 -0.351246
-0.047279 -0.095474 1.750026
0.196114 0.464401 -3.074622
0.290025 0.369317 0.881301
0.234189 0.478604 1.180849
-0.305669 -0.249251 2.391006
0.432288 0.424787 1.118610
-0.271376 -0.350736 4.614740
-0.468821 -0.018303 -5.381291
0.413439 0.094935 4.052641
-0.018347 -0.284630 -3.616731
0.054154 0.346672 0.762816
0.411400 -0.355498 -0.620973
0.372279 -0.280137 1.014259
-0.303793 0.259280 4.293437
-0.104159 0.431091 -1.924055
-0.458722 -0.238721 1.521062
0.107874 0.211896 -1.334419
0.048529 0.474484 -3.792112
0.144173 0.309570 1.802215
-0.382671 0.163216 -1.315019
0.135647 0.232778 -4.932005
-0.490175 -0.293105 4.260246
-0.223747 -0.338709 -4.513054
-0.093498 -0.236533 -3.572207
-0.132581 -0.250212 2.484230
0.046774 0.235541 -5.659797
-0.046434 -0.103011 -1.474455
0.320040 0.102466 2.777441
0.328103 0.376131 -4.705900
0.173105 -0.436187 1.305132
0.051911 -0.249435 -1.659900
0.241520 -0.419310 5.498895
-0.006218 -0.133049 -2.231725
-0.480126 -0.433274 -5.124488
-0.301421 -0.313887 0.701150
0.374847 -0.280584 1.014259
-0.164390 0.370391 2.455919
-0.485590 0.311069 7.330433
0.463821 -0.415695 0.431094
-0.264329 0.234353 -2.112811
0.486307 -0.169543 8.855875
-0.206271 0.342989 5.519252
-0.136878 0.270509 -1.721918
0.030223 -0.354300 2.766244
-0.028376 0.160361 4.064514
-0.423798 0.372366 -5.125796
0.063084 -0.001535 5.014434
0.010301 0.084421 1.249344
