-0.392293 0.472400 -2.415254
-0.364421 0.053244 -2.033426
0.005474 0.060821 5.479471
-0.404464 -0.158867 -3.777619
-0.364087 -0.034440 -1.338088
0.414598 0.217855 5.558284
-0.016935 -0.426899 -3.275637
0.038348 0.499808 10.105643
-0.283856 0.351951 -5.534368
-0.424178 0.285945 1.714594
0.394164 0.479101 4.052271
-0.057785 -0.499306 6.161056
-0.499217 -0.415292 0.739933
0.002743 0.123710 4.272272
-0.295729 0.319935 0.329685
0.067040 -0.190185 1.562269
-0.171815 0.065906 4.825696
0.013095 -0.416319 1.751281
0.362716 -0.300019 -2.474128
-0.196480 -0.173280 -2.014532
-0.402908 -0.479869 5.546961
-0.305631 -0.340631 -4.759588
-0.092978 -0.428581 2.196928
-0.148310 0.166442 -4.965400
0.158439 -0.201576 -0.836460
-0.175923 0.306214 -4.277528
0.002967 -0.296865 2.010668
-0.174673 0.099856 2.186213
0.421691 -0.281738 5.825228
0.312206 0.179809 1.782647
0.026804 0.488295 -3.822458
-0.414472 -0.103222 -1.876677
0.372579 0.042508 5.374313
0.018759 0.205018 -4.997151
0.117433 -0.470892 3.145277
0.295619 0.479582 10.272492
0.062757 0.427057 5.333067
0.121885 -0.030715 4.238542
0.184114 -0.218608 3.982832
-0.317981 -0.132616 0.028339
-0.352849 0.329972 2.162467
-0.495324 -0.137566 2.965300
0.219210 0.344829 -2.893990
-0.315889 -0.163295 3.016021
0.411831 0.364939 -5.493728
0.240635 -0.220661 -5.693808
-0.377359 -0.034010 3.721782
0.123956 -0.224220 0.304031
-0.011357 0.269554 -1.364004
0.497577 -0.494453 9.251832
-0.027427 0.139376 4.087065
-0.414656 -0.103080 -1.876677
-0.142791 0.337894 -4.277528
0.153217 -0.398726 5.680938
-0.484225 0.152866 0.580541
-0.496588 -0.162323 2.965300
-0.489616 -0.433348 2.401659
0.201925 0.433882 5.150046
-0.007370 -0.057631 4.752654
-0.283626 0.055767 -3.883384
0.254479 0.041651 -4.010404
-0.380892 -0.454662 4.891803
-0.228620 -0.032078 0.698399
0.132118 -0.218183 -0.388780
-0.275066 -0.310111 1.471877
-0.168468 0.321428 -5.948575
-0.261583 -0.387360 6.195726
-0.174451 -0.231817 -1.511184
-0.411326 -0.010013 5.588658
0.324209 0.498176 3.361976
-0.262984 0.023589 -3.418497
-0.026413 -0.327768 3.103403
-0.251626 -0.293406 3.721628
0.189523 0.491196 5.821303
0.406378 -0.141325 5.074476
0.266558 -0.457364 -3.548642
-0.205273 -0.247916 5.869609
-0.170917 0.361006 -4.907825
0.209103 0.451547 -1.919383
-0.058275 0.216917 6.013817
-0.169274 -0.238688 -1.511184
-0.049429 0.421450 1.132866
-0.466406 -0.313093 5.087102
-0.017100 0.400009 -0.908668
-0.150092 0.124096 -4.589298
0.402655 0.068517 5.374313
0.216402 -0.154240 -1.810191
-0.485830 -0.446438 6.778914
0.244182 -0.488764 0.000000
-0.366641 -0.040065 5.473895
-0.242232 0.432400 2.803531
-0.146593 -0.102138 -6.252502
-0.458563 -0.223198 -6.048569
-0.056968 -0.461719 -5.149350
-0.325673 -0.447265 4.091066
0.100465 0.473609 8.499504
-0.152856 0.466412 1.364571
-0.183623 -0.285585 6.013267
0.120511 -0.292177 2.488981
0.018224 -0.245304 -6.257764
0.264413 0.271162 -2.627068
-0.247429 -0.347344 -4.759588
0.460456 -0.240526 5.147565
-0.389811 0.304582 -5.047539
0.150342 -0.265970 1.393459
-0.217723 0.387235 -1.954453
-0.305146 -0.370265 -4.038992
-0.003015 -0.283348 0.130790
-0.385698 -0.207594 3.618563
0.220994 -0.107361 -3.731073
0.357587 -0.169082 5.074476
-0.349738 0.332203 -5.161710
0.395391 0.340258 -4.689335
-0.154257 0.056036 -5.631294
0.297723 -0.343125 2.898269
-0.157017 0.418224 3.775503
0.302865 0.164811 4.088692
-0.436303 0.486476 8.698439
0.051598 -0.267924 2.218792
-0.294711 0.003341 0.834886
-0.153773 0.410582 3.775503
-0.236539 0.447342 2.803531
-0.357719 -0.380168 3.435564
-0.326408 -0.007144 4.133035
-0.049237 -0.137065 0.795872
0.427525 -0.060488 -5.474462
-0.077254 0.200476 -3.399921
-0.335910 -0.158574 3.033128
-0.254123 -0.225098 1.145007
-0.445000 -0.005851 1.155326
0.134885 0.493059 -2.216319
0.075321 -0.112484 1.866755
-0.253371 0.227951 -4.072509
-0.429596 -0.327805 -0.450537
-0.415376 0.356762 -1.260353
0.134280 -0.452627 3.960230
-0.070953 0.481160 0.617921
-0.140475 0.340911 -4.277528
-0.462415 -0.086346 -0.786827
-0.370282 0.440689 2.010213
0.485729 0.219080 1.561710
-0.196741 0.016259 -3.980451
-0.094573 0.389861 -0.309283
0.176163 -0.323382 2.455738
-0.138257 -0.170711 2.691558
0.336568 0.156867 3.323858
-0.437031 -0.226855 -2.726296
-0.376414 -0.459344 -2.527479
0.496804 -0.193413 -2.769303
0.104889 0.150050 1.898473
-0.343859 -0.063377 2.157389
0.404286 -0.159229 2.248742
0.035311 -0.281341 2.553757
0.174581 -0.331690 0.062234
0.154025 -0.243983 2.488981
0.375547 0.345212 -2.720588
-0.358191 -0.234041 -0.079528
-0.323646 0.157057 6.139418
-0.301018 -0.180415 5.489964
-0.402996 -0.450019 5.667639
0.183492 0.460841 -1.919383
0.108627 -0.474765 3.145277
0.017191 -0.253800 -6.257764
-0.465331 -0.381780 5.857231
0.326332 -0.121306 1.701812
-0.181836 0.016174 -3.980451
0.404351 -0.213758 6.038601
-0.124856 0.202056 -2.907403
0.403771 -0.345352 -2.474128
0.090253 -0.238972 -2.369290
-0.107174 0.459803 5.558806
-0.261351 -0.340475 3.077473
-0.179423 -0.301761 6.013267
-0.024221 -0.315402 6.066671
-0.155056 0.384704 6.084585
0.401988 0.338302 -4.689335
-0.083581 -0.371625 -3.942857
-0.298316 0.021748 -3.654872
0.172511 0.275358 -2.392499
0.074602 -0.252215 2.037166
0.059963 0.048297 3.460476
-0.365044 -0.209097 0.098116
0.429024 -0.061394 -5.474462
0.348557 0.487025 2.091852
-0.113738 -0.050757 -3.728876
-0.300574 0.035982 4.308944
-0.496618 0.414867 7.118832
-0.322666 -0.293108 -0.519598
-0.218426 -0.348251 -3.895330
0.437608 0.100247 -0.019654
-0.002474 -0.220354 -1.364722
-0.229965 0.187713 0.307802
-0.071296 0.272987 -1.230260
0.011325 -0.336743 -2.209596
-0.409771 0.327951 4.309550
0.355374 0.372709 -2.254494
0.389731 -0.321720 -5.777245
-0.081685 -0.422404 4.865450
0.172013 -0.108635 0.939499
-0.404900 0.372366 4.913032
-0.199486 -0.217144 5.869609
-0.045388 0.145200 4.087065
-0.357870 0.329044 2.162467
-0.269468 0.067036 -0.293621
0.214104 -0.410376 -5.765366
0.438400 0.220739 1.561710
0.342736 0.177516 1.782647
-0.361755 -0.200559 -0.079528
0.143119 -0.171462 3.982832
-0.277971 0.240062 -4.303301
0.277261 -0.051999 3.057044
-0.483683 -0.448425 6.778914
0.218402 0.387175 0.829720
0.325386 -0.216611 4.834925
0.050241 0.272377 -1.364004
0.176914 0.104584 -3.415293
0.109760 -0.022214 4.238542
0.233903 0.279972 -2.893990
-0.297101 0.359857 3.808077
0.186291 -0.150989 -1.810191
-0.461911 -0.442400 2.758434
-0.458620 0.010376 -2.635724
-0.290039 -0.345155 6.195726
0.438327 -0.151322 1.893974
0.454992 -0.310772 -3.281957
-0.367360 -0.266366 3.708261
-0.147239 -0.020256 -2.979176
-0.073979 -0.375469 4.118752
-0.449418 -0.047540 -4.437440
0.398396 -0.241686 6.038601
0.037405 0.494081 -3.822458
0.138558 -0.272730 4.922076
0.486621 0.368456 -4.366881
0.089161 0.106740 -0.733664
-0.427687 0.290501 0.469996
-0.180399 0.309526 -1.034164
-0.466062 0.254189 4.712389
0.150949 -0.149816 2.528185
0.216365 -0.149142 -0.126287
-0.188571 0.363348 -5.948575
-0.426436 0.372462 -0.921607
0.089750 0.429896 5.927835
-0.339413 0.348819 -0.805584
-0.080855 0.462568 -1.907407
0.170416 -0.275566 4.922076
-0.168577 0.285693 -4.492569
0.075882 -0.421303 3.216451
0.270094 0.404997 -0.633049
-0.343663 -0.406786 3.435564
0.240954 0.076086 5.510357
-0.040599 -0.428460 1.751281
-0.340220 0.020596 -0.073120
0.140276 -0.367433 5.202018
0.064256 -0.198162 -2.369290
-0.365739 0.425127 2.467420
0.077074 -0.331664 -3.784385
-0.393941 -0.224789 3.708261
0.029157 -0.399383 -1.994174
-0.063132 0.273863 -1.230260
0.454331 -0.310699 -3.708337
-0.369237 -0.246501 5.108137
0.004320 0.025257 6.116522
-0.113431 -0.051438 -3.728876
-0.088835 -0.095748 0.795872
-0.296701 0.104395 -3.945394
0.120088 0.468991 -2.134900
-0.137300 0.388517 -2.642223
0.132194 0.317724 -2.392499
-0.006038 0.089162 -6.120684
-0.241384 -0.431648 4.925943
-0.439715 -0.306893 3.480032
-0.469857 -0.100503 -0.786827
-0.489385 -0.144211 6.772672
-0.295267 0.340972 2.162467
0.467117 0.471221 5.850048
-0.279186 0.474585 1.855981
0.497675 -0.202382 -2.769303
-0.479641 -0.472319 6.778914
0.226202 0.497373 2.712175
-0.478592 0.309375 1.570796
-0.352487 0.308127 4.309550
0.231370 0.178032 -4.963564
-0.343254 0.423017 -2.871213
-0.153905 -0.281663 -1.511184
-0.087550 0.142426 -3.399921
0.109515 -0.164260 6.226445
-0.374588 -0.405765 -4.524282
-0.455262 -0.173614 1.795826
0.493490 0.029965 0.351934
-0.277653 -0.193848 0.923905
0.031198 -0.280883 4.837431
0.132767 -0.252086 0.304031
-0.452660 -0.251460 5.870989
0.102263 0.300449 0.034365
-0.211127 -0.384603 -6.175290
-0.375959 0.023182 4.214988
0.455454 -0.349331 -3.281957
-0.425708 -0.284918 0.563846
0.246062 -0.482459 0.000000
-0.017937 -0.289242 6.066671
-0.314910 -0.214651 3.016021
0.213073 -0.175425 -5.693808
0.302396 0.002882 1.678688
-0.420535 0.035579 4.296941
0.082464 -0.451327 3.216451
-0.098774 0.161037 -4.965400
-0.210096 0.427178 -2.429549
-0.129890 -0.342488 4.118752
-0.173636 0.365856 -4.907825
-0.221499 0.434643 -2.429549
-0.434334 -0.349079 -3.796938
0.218598 -0.058262 5.022480
-0.345362 0.412140 -4.078587
-0.344440 -0.148504 3.033128
0.044086 -0.007421 3.196395
0.029211 -0.467077 3.783939
0.124224 0.283201 0.353690
-0.339477 -0.141073 -2.856555
-0.216294 0.166022 -4.966425
-0.378100 0.020052 -5.591962
-0.451083 -0.252972 5.870989
0.422005 0.414783 3.753124
-0.497560 0.190916 2.561052
-0.383639 0.459475 -1.990475
-0.336558 0.034822 -4.212251
0.477421 -0.228513 -1.797760
0.324077 0.110100 -5.106301
0.078036 -0.213477 3.891268
0.249383 -0.377320 -1.553598
0.264762 0.493412 -3.989307
-0.347692 -0.384418 -4.703901
-0.024167 -0.251655 -1.915384
0.404181 0.340069 -4.689335
0.041860 0.452088 -4.947769
-0.216200 0.397127 6.125515
0.292887 0.445654 -0.633049
-0.322590 0.022564 0.834886
-0.156478 0.027809 -2.979176
0.087786 -0.245926 1.792313
0.397624 0.308475 -4.689335
-0.179716 0.009679 -3.980451
-0.347546 -0.406358 -4.038992
0.217843 -0.046012 3.883562
-0.413398 0.084381 -2.033426
0.051521 0.242760 -3.132437
0.112468 -0.469736 3.145277
0.426802 0.405856 3.753124
0.414592 -0.154678 2.262387
-0.015799 0.102224 -6.120684
0.128131 0.146821 -0.733664
0.498254 -0.142621 5.910895
-0.416024 0.264226 -4.897123
0.432926 0.020182 1.279163
-0.422094 0.135414 -4.783673
0.088024 -0.012453 3.460476
-0.124153 -0.160856 -3.184443
-0.252540 -0.327635 3.077473
0.221056 -0.414594 -5.765366
0.042213 -0.064226 3.196395
-0.184189 -0.063979 4.058623
-0.020066 -0.226545 5.658074
0.277891 0.335017 -3.983601
-0.072145 -0.120182 -1.331524
0.296965 -0.045891 6.088435
-0.435857 0.356869 -0.921607
0.196592 0.144655 2.867892
0.403185 -0.159769 2.303322
0.003082 0.463936 -4.947769
-0.069838 -0.121047 -1.331524
-0.161933 0.443518 -2.642223
-0.327380 0.346709 -0.805584
-0.267717 -0.387713 6.195726
0.164292 -0.104820 1.894388
-0.227303 -0.414573 4.511795
-0.277363 0.288741 6.193739
0.249766 -0.085743 3.883562
-0.401665 -0.153199 1.795826
-0.250339 -0.078734 -2.870822
-0.405247 0.372630 4.913032
0.109809 -0.198526 1.562269
0.123612 0.283482 0.353690
-0.063213 0.422382 1.132866
0.014975 -0.442600 3.783939
-0.069556 -0.103940 5.743028
0.287988 0.060248 -4.010404
-0.128556 -0.115261 -1.331524
0.442000 0.341327 -5.493728
0.045300 -0.284891 4.837431
0.448771 0.385955 -5.473416
0.203916 0.486316 0.461882
-0.101535 -0.018888 -3.628838
-0.077372 -0.049443 5.197672
-0.350281 -0.015660 5.473895
-0.202939 0.090755 -4.062423
-0.446429 -0.470202 -5.546961
0.160345 -0.355965 -3.827447
0.200861 -0.208372 -0.126287
-0.247723 0.073519 -3.418497
-0.480841 -0.451756 6.778914
-0.190246 -0.047365 4.727985
