-0.460796 0.194885 -0.809949
-0.363927 -0.140321 0.257005
0.435233 -0.488082 7.601472
0.058464 -0.015628 -2.895149
-0.488177 0.127864 4.390306
-0.458544 0.140895 -1.248713
0.005233 -0.486956 6.975799
0.347520 -0.051418 -0.618570
-0.315914 -0.340044 4.661519
-0.172556 -0.470461 -3.452375
0.292287 -0.208192 -0.725592
-0.287977 -0.453837 -4.764398
0.451337 0.098851 -2.252231
0.046593 -0.024127 1.586141
0.343306 -0.160827 -1.054242
-0.038986 -0.123346 2.043668
-0.175765 0.046410 4.348336
-0.317156 -0.155082 3.089344
-0.101483 0.205049 -6.103305
-0.450406 0.011963 -0.328068
0.032328 0.204147 -4.694822
-0.146757 -0.443229 2.830810
-0.250886 0.079784 2.561817
-0.396721 -0.288806 3.208000
-0.398814 -0.212867 -5.754044
-0.258620 0.020769 1.534717
-0.096333 0.240887 -5.210713
-0.239081 -0.476851 2.018019
0.387462 0.105091 -1.433913
-0.360810 -0.136837 0.257005
-0.427808 -0.357693 -2.531433
0.323956 0.315257 -0.935278
-0.007172 0.081649 3.095393
-0.438081 0.452585 4.025050
0.031520 0.090110 -3.460760
-0.348100 -0.137239 5.399684
-0.278193 0.348543 -3.906458
0.087485 0.208956 -4.694822
-0.089711 0.303870 4.664055
-0.025019 -0.410116 3.258470
0.487544 -0.360883 -5.078480
0.354389 0.494464 11.325225
0.153479 -0.278165 6.237152
0.014189 0.447072 2.271875
-0.452201 0.155040 -0.313634
-0.465902 0.241080 1.947976
-0.254108 -0.343044 4.661519
-0.092271 0.381140 -2.973924
0.355113 -0.038815 -2.428186
-0.415649 -0.138311 -5.664968
-0.338402 0.045810 -0.887528
-0.378590 0.276532 -3.450433
0.332078 -0.385856 4.985418
-0.407403 -0.391950 -1.414742
0.236826 -0.411041 -4.572200
0.106462 0.284744 -3.658237
-0.332493 0.276872 -1.916747
0.328665 0.199392 -2.221810
-0.019936 0.368283 -2.139823
-0.301017 0.322402 -3.126095
-0.449405 -0.320235 -0.748737
0.126240 -0.088395 3.036635
-0.381122 -0.302119 -4.085437
0.029293 -0.488703 0.767000
0.236059 0.292471 2.867059
-0.257423 -0.115362 -0.201684
-0.244251 -0.170743 -4.488798
0.245540 -0.363450 -5.759791
0.345877 0.294926 3.356525
-0.019750 0.120757 -2.987292
-0.486042 -0.354373 -0.748737
0.293556 -0.220115 -0.725592
0.171779 0.164839 -5.196692
-0.271145 0.363016 -5.863316
0.279432 -0.108685 -0.074607
0.445678 -0.340663 6.268484
-0.155644 -0.322952 5.096514
-0.393522 0.076139 0.526669
-0.343328 -0.308749 -5.218296
-0.096415 -0.022146 3.943555
-0.336292 0.043553 -0.887528
-0.092421 -0.299799 -0.406494
-0.389372 0.214642 5.556462
-0.355174 0.397343 3.214653
0.020723 -0.403222 4.747404
-0.341338 -0.202034 3.089344
-0.366402 -0.288069 -4.829213
-0.154310 -0.074965 0.564112
-0.203716 0.186461 -1.165376
0.040211 0.458738 2.792879
-0.194236 0.265077 -2.702443
0.340769 -0.422347 4.380711
-0.460936 0.364799 0.613543
-0.325666 -0.288736 -4.829213
-0.411724 -0.451576 4.640823
0.057042 -0.054116 5.190723
0.060931 -0.375850 4.931743
0.355793 0.291636 3.174949
-0.191539 0.144748 -2.657765
0.318754 -0.330080 5.393278
0.322429 0.325211 -1.352641
0.134422 -0.149469 2.492619
-0.109440 -0.149460 6.245038
-0.412097 0.098212 4.031391
-0.489767 0.082165 1.077004
-0.455089 -0.304137 1.530372
-0.321683 0.117722 5.551895
0.387312 0.342688 3.117194
-0.348304 0.186552 2.879988
-0.213376 -0.476878 -5.687553
-0.423124 -0.474900 -0.628330
-0.489161 0.044437 3.934029
-0.167646 -0.234264 4.499854
-0.061548 -0.051151 6.133418
0.324373 0.255885 2.993374
-0.459842 0.025994 3.408644
0.042084 0.490013 1.572100
-0.399267 0.415147 3.318439
-0.213130 0.312836 1.286263
-0.499940 -0.354336 -3.208209
-0.067632 0.318309 4.821375
0.351154 0.250673 2.993374
-0.010154 -0.239351 -4.115307
-0.041878 -0.118299 2.043668
-0.245010 0.392886 -1.539365
-0.190312 -0.462833 2.830810
-0.492527 -0.304235 -3.208209
0.352899 0.432129 -2.298978
-0.485626 -0.386506 -1.683518
0.050027 -0.039254 -0.554242
0.427962 0.101480 -1.879465
-0.469198 0.313910 4.401145
0.326885 -0.290949 2.237963
0.447276 -0.183950 2.534498
-0.480749 0.269869 2.129172
0.492346 0.230305 4.615347
-0.434317 0.331037 0.613543
0.282778 0.417122 5.719887
0.052029 0.261043 1.911556
0.062337 0.356203 -5.533631
-0.099311 0.014815 4.394634
0.391353 0.298631 3.117194
-0.009512 0.123651 -3.436947
-0.343052 0.225522 -3.215662
-0.400344 0.017976 0.597676
-0.258974 0.481483 11.805416
-0.373398 -0.339106 5.958862
-0.012855 0.216327 5.702043
-0.235425 0.307153 -5.361343
0.046750 0.109017 0.172395
-0.432298 0.178394 3.752219
-0.361655 -0.127904 0.208963
0.059534 0.038748 3.958602
-0.341438 -0.106181 -2.999363
0.246171 -0.201143 1.853384
-0.146519 0.251005 2.823444
-0.344602 0.269074 2.294319
0.240753 -0.037467 -4.560763
-0.108859 0.254900 -5.210713
-0.214674 0.366795 -1.036275
0.400654 0.427106 -2.369400
0.049873 0.376898 -5.533631
0.439311 -0.289163 -1.973185
0.118922 -0.093062 5.069426
-0.286839 -0.333801 3.522902
0.341430 -0.132497 -1.926798
-0.479398 0.158638 -5.203481
-0.087486 0.321927 -2.973924
-0.065158 0.240700 -2.873021
-0.140493 0.463238 -1.100613
-0.454022 0.313280 4.401145
-0.390641 0.077204 4.031391
-0.285673 -0.335452 1.069250
-0.022782 -0.108178 2.971199
-0.241074 -0.109143 -0.662928
0.057125 -0.169307 -3.980557
0.155127 0.025697 5.397492
-0.251458 -0.335829 3.469944
0.469294 0.221729 -1.473754
0.118788 0.325718 4.197335
0.163353 0.022055 4.821810
0.498921 0.434991 4.712389
0.436518 0.171908 2.454227
-0.447725 -0.244496 -6.204580
-0.206823 0.034930 2.545160
-0.418437 0.300219 1.384945
-0.405448 -0.398219 -1.973088
-0.006387 0.320690 3.155502
-0.376608 -0.423701 3.752595
0.170198 -0.214412 4.247338
-0.467385 -0.365668 5.214354
-0.124369 -0.203292 -1.300450
-0.086456 0.319210 4.821375
0.059305 0.148351 -3.460760
0.343271 -0.157337 -1.054242
-0.487349 0.086618 0.260202
-0.219347 0.159684 -0.054941
0.121815 0.168973 -5.078292
-0.404693 -0.314342 6.268046
-0.323821 -0.126400 1.699168
0.465239 0.419383 -5.813925
-0.348874 0.388559 1.053569
-0.339756 -0.202004 3.089344
-0.263219 -0.350604 4.012134
-0.400354 -0.167368 5.399684
0.496561 -0.084872 4.864273
0.042472 0.081725 0.172395
-0.063424 -0.395410 -3.908303
-0.326439 0.096815 -0.887528
-0.094811 -0.328655 -4.643992
0.451878 0.413331 -5.671067
-0.419644 0.300252 1.384945
0.099574 -0.092359 5.069426
-0.303004 0.393930 -1.539365
-0.056989 -0.024771 6.133418
-0.386240 0.322852 -6.164351
-0.080880 0.411786 -3.249381
0.364478 -0.024942 -0.618570
0.122095 -0.176173 -4.589545
-0.071014 0.361172 -0.537129
0.120876 0.192501 -5.196692
0.073641 0.492500 -6.202003
0.346457 -0.402957 -4.588177
0.086768 0.482289 1.572100
0.454437 0.213620 0.547164
0.111601 0.161508 -5.176430
0.448708 -0.337885 6.268484
0.084242 -0.171735 -4.494959
0.000482 0.116569 -3.984062
0.447919 -0.094103 4.864273
-0.053590 -0.271001 4.642493
-0.471035 0.294644 2.732630
-0.121626 -0.358854 -3.848437
-0.280535 0.397114 -4.870490
0.313855 0.257895 1.127121
0.201144 0.357314 -2.138223
-0.222496 -0.329135 -3.946807
-0.316912 0.450548 6.108457
0.244289 -0.226795 -6.210501
0.422615 0.300538 0.609211
-0.379083 0.254069 -3.450433
-0.084399 -0.385782 -3.944092
0.193552 -0.351910 4.508861
0.347071 0.254599 -1.419724
0.441662 0.458637 -5.505171
0.120953 -0.446014 -3.117949
0.179732 -0.425450 -4.572200
-0.288705 -0.452448 -4.764398
-0.168604 -0.219467 -1.300450
-0.299294 0.445171 5.522230
-0.360259 0.347248 3.214653
-0.433519 -0.419943 -0.737067
0.363260 0.187550 2.254728
0.299121 0.333635 2.951021
-0.321005 0.243239 -1.216933
0.229108 -0.242600 4.247338
-0.341917 -0.497619 -0.435165
-0.165371 0.254884 5.147189
0.092425 0.266024 1.911556
0.491349 0.160209 3.677159
0.275992 -0.287015 -0.114780
0.089418 0.459161 -1.329415
0.309337 -0.255242 5.458042
0.419389 -0.108888 6.163642
-0.369079 -0.289790 5.979495
0.067276 0.077848 -5.136575
-0.029634 -0.352226 -3.908303
-0.468882 -0.230604 -4.530770
0.384572 -0.467214 -4.964899
-0.232781 -0.099808 -0.662928
0.465635 0.406896 -4.099897
0.023797 0.260499 5.990237
0.074153 -0.027757 1.586141
-0.019458 0.322151 -5.153836
-0.360147 -0.264404 -5.754044
0.393577 0.289346 3.360284
-0.474055 0.086077 3.408644
0.494137 0.151910 3.677159
-0.455691 -0.494777 1.723677
-0.038031 -0.474958 -5.322333
-0.327227 -0.461715 2.680015
0.474552 -0.465601 -5.329976
-0.295593 -0.311482 3.522902
-0.473090 0.490254 4.025050
0.334373 0.305205 2.993374
-0.397101 0.252354 -0.041564
-0.176740 0.243436 -2.702443
-0.445233 0.258662 -6.261277
0.352073 0.441617 4.224929
0.489682 0.121341 4.301993
0.321295 -0.397435 -0.599837
0.353659 0.084639 5.889576
0.498805 -0.385733 8.891309
0.465932 0.419812 -5.813925
-0.114920 -0.246876 4.499854
0.010836 0.469014 -0.173783
0.011268 0.203280 -0.292948
-0.288448 0.066728 4.731857
0.194236 -0.146260 -5.094266
0.018437 0.271935 5.702043
-0.182447 -0.438397 6.005420
-0.329916 -0.020409 3.041077
0.025222 0.406018 3.584957
-0.446158 0.120363 -0.477784
0.489612 -0.356080 -5.078480
-0.235061 0.231802 4.796996
-0.360533 -0.470008 -3.029656
0.037556 0.213218 3.235209
-0.330212 0.405223 -4.870490
0.347242 0.282881 3.174949
-0.216331 0.332765 -1.881746
-0.296130 0.310266 4.038203
0.470932 0.085223 -2.065848
0.269588 0.308116 5.434001
0.428145 0.401494 -2.369400
0.137785 -0.315539 3.972321
0.433423 -0.427980 0.953210
-0.409885 0.278009 -2.821427
-0.165219 -0.127425 0.838034
0.237008 -0.209827 1.853384
0.182170 -0.089817 -0.277280
0.376000 -0.092094 2.748935
-0.055439 -0.359851 4.788969
0.136457 0.283750 3.281422
0.314158 0.179216 -2.267665
-0.404904 -0.394168 -1.414742
-0.190522 -0.094008 0.838034
-0.474910 0.290073 2.732630
-0.101164 0.242329 -5.210713
-0.292558 -0.333471 3.033669
0.332051 -0.068729 1.824267
0.482112 0.084941 -2.065848
0.117722 -0.173792 -4.589545
0.298767 -0.399613 -3.576603
-0.181663 -0.150723 0.095407
-0.494678 -0.206248 0.966668
-0.196300 0.149685 -0.450635
-0.389004 -0.348769 -4.142651
-0.025771 -0.082583 5.358562
0.473624 0.067058 5.035212
0.495013 0.436602 4.712389
0.146700 0.222972 3.281422
0.067496 -0.062761 -2.895149
0.114287 0.048759 -5.136575
-0.492716 0.132671 0.260202
0.491629 0.115798 8.900808
-0.026637 0.499000 -3.289878
-0.241412 -0.445244 5.152928
0.203414 0.357921 -2.138223
-0.300437 -0.294870 1.856626
-0.106344 0.480865 5.182572
0.469525 0.331076 -1.574823
-0.496114 -0.343627 -4.792555
0.232345 0.343679 2.831619
0.377090 0.063309 1.649919
-0.295178 0.298856 -1.216933
-0.307514 -0.472485 -5.178110
0.220209 -0.322158 -5.759791
-0.126605 0.301205 -4.818072
-0.256419 0.104455 -1.926945
-0.248217 0.186302 -2.209685
-0.171814 0.253897 5.147189
-0.415074 0.457548 3.318439
0.417528 0.100740 -1.433913
0.361039 -0.373596 0.655512
-0.300348 0.288012 -3.126095
0.391379 -0.081463 -2.428186
-0.066877 0.302480 -4.818072
-0.469009 0.235383 3.150805
0.383926 -0.025716 2.748935
-0.223227 0.256586 -4.505181
0.118921 -0.361689 4.931743
0.405820 -0.489527 -2.005418
-0.481555 -0.067966 3.028219
-0.475017 -0.055512 3.028219
-0.232246 0.328750 -1.881746
0.238251 -0.168690 -6.210501
-0.395208 0.291906 1.384945
-0.176829 0.385494 0.995390
-0.002333 0.289368 3.155502
0.251266 0.099013 0.684552
0.391681 -0.157412 -1.926798
0.007414 -0.071075 5.190723
-0.078124 0.447023 -3.249381
0.481441 -0.036670 -5.566733
0.163484 -0.236924 -3.257719
-0.359798 -0.462485 0.435165
-0.349500 -0.238890 5.979495
0.346187 -0.346226 -0.599837
-0.304870 0.185598 6.083091
-0.449654 -0.278254 -4.530770
-0.281627 0.257018 -1.916747
-0.437697 0.072606 -0.328068
-0.341425 0.270747 -1.216933
-0.250932 0.128432 0.817710
0.083181 0.312718 5.682037
0.366333 0.440111 -0.530590
-0.449130 -0.098363 0.618217
0.364525 -0.252500 -4.045222
0.004787 -0.492131 -2.859575
