-0.049829 -0.153706 -1.685846
-0.249271 -0.276721 -5.703684
-0.034223 -0.151105 4.048401
-0.350835 -0.183100 5.187627
0.192178 -0.467089 -0.647152
-0.385439 -0.214709 5.032706
-0.369238 -0.429736 -0.496826
0.350490 -0.072694 -1.367333
-0.183375 -0.487589 -6.248568
0.128958 0.443932 -1.350785
-0.454340 -0.435533 -5.677825
-0.132052 0.166711 -5.128704
0.471004 -0.419531 -2.667228
-0.337243 0.375005 5.948282
0.244365 -0.363000 -5.198738
-0.446828 0.140658 -0.117740
-0.336318 0.090617 4.940370
0.298165 0.106391 3.872644
0.147506 -0.067143 4.548433
-0.054316 0.108777 2.169772
0.408746 0.414965 0.673150
-0.416718 0.037122 0.055082
-0.499609 0.477121 -1.570796
-0.240182 0.466274 -5.174611
-0.445210 -0.385392 -0.499464
-0.435950 0.430441 -4.128796
-0.300465 -0.149770 2.613031
0.108545 0.089955 -2.847868
-0.331284 -0.117201 4.775483
-0.142521 -0.137107 -3.304954
-0.497797 -0.417929 0.505113
-0.265128 0.449776 -4.346737
0.021060 -0.301640 5.827640
0.058325 0.050741 4.636620
-0.105328 0.215270 -5.331974
-0.393894 -0.240296 -5.384193
-0.410183 0.151802 1.841700
-0.394025 -0.327770 0.785704
0.383036 -0.288689 -6.077418
0.352721 0.046804 -3.336797
-0.459404 -0.246133 5.939558
-0.238755 -0.386160 -0.202556
-0.027025 0.116351 -4.912576
0.104796 0.135572 1.578787
-0.428024 0.211911 1.943569
0.308798 -0.248131 -2.466135
0.469665 0.060052 -4.179200
-0.480089 -0.053169 -5.665910
0.227444 -0.431919 -0.647152
-0.496804 -0.359814 -2.716374
0.129551 -0.313736 -0.546715
-0.322870 -0.386890 -6.251410
-0.368861 0.485341 3.784411
0.004101 0.072809 4.691037
0.158744 0.058676 1.217049
0.006482 -0.107780 4.048401
0.308593 -0.159280 -4.560428
0.010859 -0.102754 4.048401
-0.161358 -0.407054 3.791341
-0.446140 -0.228040 3.310297
-0.166809 -0.040310 0.409249
0.230367 -0.094269 1.205784
-0.045840 -0.235646 2.587550
0.149107 0.176568 5.923368
0.135959 0.442325 -1.350785
-0.267036 0.074910 -3.046507
0.286406 -0.174690 -0.201653
0.079283 0.063522 -1.877480
0.455793 -0.400537 1.570796
0.156859 0.404426 -0.673833
0.313637 -0.318071 -0.102855
-0.250743 -0.419009 -0.202556
0.236245 0.043441 -3.868162
-0.296038 -0.472514 -1.879613
-0.060645 0.270174 -4.032905
0.393526 -0.257098 -4.942674
0.498594 0.427696 -5.972964
0.256149 0.452173 6.279231
0.229290 -0.341257 2.540516
-0.336660 -0.154431 3.222745
-0.446249 0.052778 -3.456733
0.057865 -0.345944 -5.098392
0.180109 -0.490960 10.710394
-0.129787 0.274463 2.825163
-0.439558 -0.360931 2.275412
-0.401974 0.227115 1.943569
-0.116827 -0.293659 1.425126
0.002409 -0.363399 2.349357
-0.291544 0.272280 -5.888065
-0.015339 -0.268407 -1.041646
-0.487630 -0.396347 2.636480
-0.050123 -0.486600 1.789548
-0.344114 0.128831 0.059308
-0.337390 0.117257 -4.218061
-0.185002 0.326103 -0.658327
-0.489920 0.385055 7.853982
-0.366521 -0.324336 4.869209
-0.385836 0.042671 -4.572895
-0.321014 0.421251 -3.418336
0.441346 0.371566 0.673150
-0.011961 0.194305 5.012335
-0.252394 0.143386 -5.272668
0.332503 0.463633 -3.141593
0.174158 -0.343191 4.454612
0.057022 0.343446 -1.219554
-0.140360 -0.131579 -1.340873
-0.180329 0.346084 -0.768861
0.024935 -0.140748 -4.260963
-0.148294 -0.093076 -2.497013
-0.481673 -0.065375 1.548078
-0.046726 0.175549 4.108268
0.042699 0.295183 -0.566337
0.264381 0.433950 6.279231
-0.189118 -0.070776 6.205949
-0.382663 0.051176 2.526871
-0.045885 0.074103 4.691037
-0.098564 0.238325 -4.032905
0.154665 -0.429229 4.782691
0.054659 0.311170 -5.661364
-0.420071 -0.485589 9.482560
0.134963 -0.478848 1.043644
-0.294069 -0.028992 2.481333
0.225984 0.290202 1.017098
-0.091306 -0.301357 1.425126
0.217664 -0.244659 -1.529737
0.350641 -0.444548 -4.461926
0.431981 -0.458380 -3.924086
0.160603 -0.020608 -3.422246
0.223041 0.069248 -4.031503
0.463620 -0.008937 -5.595823
0.108930 0.438747 4.932400
-0.106005 -0.149531 -5.445874
0.150249 0.403983 -6.105142
0.448985 -0.222192 -5.808968
-0.062652 0.271808 3.918076
0.226453 -0.016690 4.293744
-0.165804 -0.385578 4.710824
0.070761 -0.245990 2.173775
0.444079 0.260275 -5.126386
-0.000263 0.324845 -1.219554
-0.130455 0.171354 -5.128704
0.433444 0.472184 11.286611
0.333994 -0.356889 5.946851
-0.484740 0.146057 3.326123
0.301567 0.389053 -3.590273
-0.454159 0.084440 -0.117740
-0.353099 0.408570 -3.418336
-0.249512 -0.250388 -4.126108
-0.385051 -0.219945 5.032706
0.129953 0.444402 -1.350785
0.165341 0.355754 -4.774308
0.251073 -0.318185 5.143790
-0.217808 -0.324237 2.824682
-0.347882 -0.177436 3.076044
-0.044116 0.158109 5.012335
0.337021 0.478070 -3.141593
-0.185510 0.037088 1.982483
-0.397024 0.334852 5.697449
0.359588 -0.477129 5.544945
-0.381770 -0.484077 8.344453
-0.270701 0.129273 -3.046507
0.233621 -0.350480 -5.742328
-0.367973 0.412936 -1.818459
-0.180867 -0.368164 3.791341
-0.452885 0.258898 3.689060
0.315202 -0.345354 -0.102855
0.030146 -0.145441 2.018224
-0.125207 0.109959 0.596995
0.372232 -0.172924 -3.758816
-0.495536 -0.104315 -4.215282
-0.169795 0.313466 4.865978
-0.468164 -0.231541 -3.517245
0.285876 0.274626 -5.862952
-0.352166 0.407333 -3.418336
-0.486424 -0.395348 -2.716374
0.178279 0.288739 5.558968
0.352262 -0.173505 -3.492459
-0.355446 -0.483944 -2.815836
-0.000416 0.055445 -3.695282
-0.201717 0.192352 4.842492
-0.263688 0.124822 4.117864
-0.097007 -0.078714 -1.871932
0.169760 -0.362106 -0.546715
0.457202 0.410579 -1.684607
-0.186688 -0.200285 -2.111910
0.330477 -0.475337 3.802187
-0.001238 -0.368736 2.349357
0.332376 -0.476150 3.802187
0.400801 -0.440760 4.695924
-0.338163 -0.192145 -5.500205
-0.262595 0.016604 2.453375
-0.171063 0.305468 -4.899482
0.263377 0.139486 3.872644
-0.251932 0.419443 3.207051
0.204721 0.046700 0.135982
0.260286 0.312372 -1.820144
-0.465847 0.279664 -4.101244
-0.104170 0.068918 2.169772
0.343007 0.149253 5.989370
0.477146 0.480005 11.286611
-0.405147 -0.225215 -4.634709
0.201129 -0.336874 -5.198738
0.079083 0.279486 -2.202138
0.337081 0.308908 0.029718
-0.493320 0.270832 2.890206
-0.154093 0.321362 4.865978
-0.331472 -0.170903 3.222745
-0.341168 0.493536 0.741617
0.116752 -0.384259 -1.128920
-0.060772 0.263867 2.864558
0.182530 -0.151740 0.284672
0.360571 0.071636 -3.336797
-0.274588 0.008750 5.906463
-0.393565 0.082236 -4.218061
-0.356695 0.445326 -4.341409
-0.050719 -0.430052 3.873748
0.381456 -0.059589 -1.367333
-0.476478 0.301211 4.358523
-0.462025 -0.214530 -3.517245
0.075331 -0.144920 1.805585
-0.435688 0.030835 -4.572895
-0.268379 0.326689 2.895044
-0.457980 -0.431137 -5.677825
-0.077883 0.219575 -5.426305
-0.190936 -0.188714 -1.476102
0.229496 0.412308 -0.607759
0.038902 0.407682 -3.447538
0.479539 -0.224012 -4.579640
-0.494036 0.471816 10.995574
0.054856 0.073684 -1.877480
-0.056866 0.267082 2.864558
-0.488536 0.397498 -4.128796
-0.410476 -0.089824 4.607251
0.047883 -0.146857 2.018224
-0.183005 0.081297 4.791490
-0.081291 -0.418782 3.494022
0.429602 -0.308163 2.080891
0.055092 0.474445 3.141593
-0.352373 -0.196386 5.287213
0.363859 0.275353 1.323607
-0.476907 -0.291548 -3.295032
0.321179 0.018334 1.322292
0.087774 0.196160 4.081921
-0.478329 -0.036765 -4.666953
-0.006466 -0.258717 -1.041646
-0.202349 0.215198 -4.561434
0.239414 -0.259459 3.002627
-0.130920 0.166489 -5.128704
0.155372 -0.076072 4.548433
0.209525 0.443774 0.895058
0.193888 -0.286675 -3.575564
0.282830 0.452079 -2.987470
0.262010 -0.266712 4.927236
0.492389 0.366644 8.793331
0.012916 0.157289 -6.057015
-0.434458 0.330883 -1.411424
0.350662 -0.231674 5.079320
-0.161713 0.231491 -4.153245
-0.104822 0.080224 0.596995
-0.182914 0.213670 -4.153245
-0.316661 -0.323352 5.130877
0.488658 -0.304868 -0.235048
0.428780 0.373835 5.513269
-0.369769 -0.074313 -3.848153
0.289010 -0.141117 -0.201653
-0.061354 0.186298 -5.331974
-0.050986 -0.366762 5.892223
0.111772 -0.344961 -0.837818
-0.157617 -0.176327 -2.907273
0.280463 0.025344 4.046040
0.365067 0.205405 5.989370
0.290853 -0.272621 0.128201
0.489102 0.450966 -4.719265
0.289875 0.442016 0.483469
-0.365743 -0.122670 5.097412
0.414671 -0.427346 1.821259
-0.176418 -0.189503 -5.642861
-0.232194 -0.111461 -4.395848
-0.210903 -0.124692 5.605972
0.263247 -0.172266 -4.560428
0.300267 0.104343 -1.911237
0.207216 -0.330750 5.143790
-0.173167 -0.088235 -0.940988
-0.196907 -0.100973 6.205949
0.147358 0.267617 5.558968
-0.274210 -0.018379 2.481333
-0.396207 -0.325853 0.785704
0.393443 -0.332638 -5.985787
-0.474989 -0.232950 -5.470752
0.028115 0.349243 4.810551
0.321269 -0.018774 4.046040
0.275114 -0.497599 6.162383
0.124195 0.045144 4.636620
-0.404455 -0.224787 -4.634709
-0.260513 0.359973 -2.690989
-0.236770 -0.164210 5.605972
0.495695 -0.405277 -4.712389
-0.211462 0.089119 1.115237
-0.148841 -0.120026 -5.607745
0.067838 -0.108951 -3.350617
0.499707 0.261105 5.694134
-0.494937 -0.246022 1.667062
-0.451051 0.166583 -5.019938
-0.229036 0.270877 -0.035725
-0.000532 0.317504 4.320753
-0.492592 -0.461032 0.144045
0.350954 0.368480 -3.976873
-0.477432 -0.245063 -5.470752
-0.146336 -0.108214 -5.607745
-0.224597 0.464803 -4.346737
0.301754 -0.243236 -5.813412
0.025124 0.101427 -4.912576
-0.463650 -0.089114 -5.665910
0.308940 0.290996 -1.820144
0.090226 0.352531 4.810551
0.210789 -0.421017 4.358142
0.203306 -0.417327 4.358142
0.163395 0.476031 0.895058
0.239349 -0.077915 -2.069116
-0.101627 0.341799 -4.374241
-0.316046 -0.096268 -4.338502
-0.282510 -0.173412 3.701094
0.115151 0.332798 -0.709954
-0.146454 -0.101206 -2.497013
-0.442733 0.483108 0.623797
-0.092317 0.200393 4.108268
-0.009912 -0.166640 -1.685846
-0.212229 -0.141617 2.323681
0.388760 0.243250 1.219781
-0.072029 -0.423809 5.892223
-0.252102 -0.183643 2.323681
-0.421097 -0.402150 4.201084
-0.193197 -0.220538 -1.559095
0.182877 0.031552 -3.422246
-0.120077 -0.393479 4.710824
-0.152697 -0.223298 -5.642861
0.360845 -0.199281 -5.810642
0.072088 0.046083 -3.109443
0.018646 0.365169 -5.661364
0.295453 0.317551 -4.865011
0.285873 -0.288719 0.128201
0.102491 -0.365327 -0.837818
-0.251696 0.244790 -0.035725
-0.372776 -0.102748 4.775483
0.199252 0.237111 5.930486
-0.195029 0.081446 4.791490
0.157835 -0.318708 0.514458
0.109044 -0.421836 -5.878181
-0.241926 0.295773 -0.035725
0.236381 0.317622 0.347264
-0.316260 -0.033318 3.972409
0.427874 0.370367 5.513269
0.189406 -0.497541 -4.427209
-0.198570 0.216597 -4.561434
-0.118077 0.334994 0.809141
-0.249005 0.454317 3.207051
-0.035630 -0.188076 -0.916327
-0.346722 -0.182044 5.187627
-0.364489 -0.436171 -2.815836
-0.160709 0.074042 5.128303
-0.186740 -0.255755 4.789158
0.049788 0.465804 3.141593
-0.276708 0.115638 5.610221
-0.332127 -0.117599 4.775483
0.439121 0.435457 5.213116
0.106099 -0.086731 -5.676672
-0.121775 0.113433 0.059283
0.091574 0.308044 -0.709954
0.174925 0.354040 5.716684
0.289520 -0.423116 -4.092278
0.115375 -0.439444 -5.878181
-0.478158 0.380311 -4.712389
-0.110750 0.335872 2.825163
-0.207237 0.201992 1.193190
-0.460320 -0.252844 5.939558
-0.335997 0.061869 0.059308
-0.489047 -0.060694 1.548078
0.210066 0.374448 -5.929104
-0.425229 0.284403 4.293827
-0.337391 -0.390423 -0.496826
0.265490 0.492665 0.483469
0.355649 -0.443632 4.695924
0.192360 0.439224 -0.673833
0.398537 0.104785 2.449132
-0.099581 -0.133647 -2.274282
-0.184165 -0.450142 0.803577
0.317250 0.221541 -5.862952
-0.430965 -0.107869 -3.775202
-0.443124 -0.111700 -4.714392
-0.259376 0.234911 -3.651175
0.188019 -0.002311 -3.868162
-0.423671 -0.481322 -3.199375
-0.488350 -0.089203 -3.062074
-0.074138 -0.430931 3.494022
-0.127591 0.163677 -3.055463
0.414814 0.456915 -2.653598
-0.394643 0.003908 -4.301314
0.171882 0.356682 -2.112641
-0.331584 -0.325210 5.130877
-0.060851 -0.054952 5.227088
