-0.376487 0.273801 3.550644
-0.444803 0.351805 3.683354
-0.448410 0.397449 3.539704
-0.246666 0.299348 3.451476
-0.406722 0.319578 3.685273
-0.358781 0.324559 3.651418
-0.295808 0.309120 3.362576
-0.348079 0.325906 3.696225
-0.291378 0.473556 3.759106
-0.310153 0.287942 3.452180
-0.291902 0.307589 3.613550
-0.431922 0.152746 3.654091
-0.367950 0.322028 3.357854
-0.349550 0.357376 3.883273
-0.207317 0.300456 3.593681
-0.456099 0.177313 3.689583
-0.407516 0.474732 3.401477
-0.191778 0.331448 3.472441
-0.433734 0.295756 3.760055
-0.322568 0.357049 3.821221
-0.417612 0.394162 3.671487
-0.228073 0.287819 3.578194
-0.351861 0.341743 3.570703
-0.378167 0.442410 3.394614
-0.174361 0.263537 3.275715
-0.202538 0.338024 3.811389
-0.445308 0.311928 3.585689
-0.298294 0.489756 3.798862
-0.304860 0.354707 3.587087
-0.279707 0.318094 3.641110
-0.253825 0.144605 3.553995
-0.301006 0.485162 3.646153
-0.431256 0.365289 3.468377
-0.262978 0.306932 3.658754
-0.268708 0.346629 3.540904
-0.317093 0.345382 3.630108
-0.216725 0.195524 3.785691
-0.347138 0.371245 3.490032
-0.406898 0.383273 3.627198
0.280313 -0.001643 4.657714
-0.262094 0.247495 3.753931
-0.463025 0.373450 3.660039
-0.442463 0.128133 3.409355
-0.203308 0.306787 3.703249
-0.405283 0.349817 3.826736
-0.379380 0.331464 3.549018
-0.262677 0.308210 3.676465
-0.410410 0.364202 3.680819
-0.355969 0.399608 3.584730
-0.087870 0.270715 3.525090
-0.411889 0.344508 3.651396
-0.037008 0.147928 4.005358
-0.247468 0.300660 3.380998
-0.268860 0.295360 3.738660
-0.461298 0.348104 3.490719
-0.317937 0.380500 3.734964
-0.334410 0.337620 3.706979
-0.245512 0.279560 3.582804
-0.324530 0.397815 3.806412
-0.401184 -0.307348 3.710489
-0.327610 0.265479 3.845452
-0.183264 0.265083 3.228009
-0.402673 0.293592 3.491104
-0.310376 0.265250 3.689784
-0.352964 0.281176 3.940815
-0.145466 0.351843 3.396225
-0.454687 0.452215 4.010135
-0.335077 0.302874 3.595670
0.468813 0.293692 3.586794
-0.279299 0.394705 3.721595
-0.286233 0.435372 3.633585
-0.365006 0.396847 3.634592
-0.437997 0.311139 3.637672
-0.338012 -0.399535 3.283142
-0.468647 0.355604 3.556248
-0.434457 -0.325017 4.197890
0.441880 0.294079 3.588837
-0.450536 0.393987 3.450551
-0.419291 0.373689 3.462539
-0.306064 0.164771 3.400690
0.375611 -0.193203 2.077038
