-0.437343 -0.074326 1.411589
-0.400085 -0.045250 1.411781
-0.391223 -0.078717 1.429875
-0.409872 -0.051134 1.411758
-0.407266 -0.079153 1.414275
-0.403636 -0.049632 1.411753
-0.389885 -0.077307 1.429997
-0.436838 -0.074758 1.411589
-0.401808 -0.078215 1.414285
-0.424274 -0.081265 1.411698
-0.392892 -0.052259 1.419584
-0.462995 -0.069737 1.408280
-0.386943 -0.053858 1.419706
-0.432827 -0.046682 1.411640
-0.432702 -0.049725 1.411628
-0.403353 -0.074188 1.414275
-0.429863 -0.042628 1.411640
0.058486 -0.495555 7.552102
-0.436360 -0.102591 1.413567
-0.424394 -0.097582 1.414175
-0.402401 -0.055363 1.411753
-0.426233 -0.074231 1.411698
-0.401786 -0.052615 1.411756
-0.425006 -0.071509 1.411743
-0.404499 -0.079279 1.414275
-0.408217 -0.075887 1.414275
-0.428870 -0.078147 1.411545
-0.440212 -0.073598 1.411604
-0.396818 -0.076139 1.419312
-0.424807 -0.081382 1.411698
-0.444583 -0.071619 1.411604
-0.408138 -0.051700 1.411758
-0.435486 -0.078038 1.411545
-0.394285 -0.059111 1.419469
-0.425812 -0.079858 1.411698
-0.432112 -0.076613 1.411545
-0.179181 -0.306417 -1.779151
-0.407788 -0.077112 1.414275
-0.423485 -0.078500 1.411698
-0.146979 0.132377 3.919726
-0.443184 -0.074177 1.411604
-0.398863 -0.050058 1.411796
-0.392997 -0.056480 1.419525
-0.431125 -0.081212 1.411545
-0.404564 -0.077278 1.414275
-0.431924 -0.081325 1.411545
-0.424017 -0.080503 1.411698
-0.407715 -0.080751 1.414275
-0.409620 -0.048996 1.411758
-0.402044 -0.047429 1.411756
-0.424319 -0.075211 1.411698
-0.386623 -0.081268 1.430058
-0.407363 -0.050596 1.411753
-0.403359 -0.049413 1.411753
-0.410841 -0.078166 1.414275
-0.421538 -0.071335 1.411728
-0.403982 -0.139097 1.410880
-0.298299 -0.016531 5.158323
-0.431030 -0.049537 1.411617
-0.395481 -0.106732 1.419597
-0.403713 -0.077295 1.414275
-0.408503 -0.078246 1.414275
-0.441510 -0.073730 1.411604
-0.399950 -0.079345 1.419285
-0.402740 -0.079125 1.414275
-0.391601 -0.084082 1.429875
-0.424193 -0.079913 1.411698
-0.394798 -0.057783 1.419469
-0.423691 -0.081573 1.411698
-0.439692 -0.074087 1.411604
-0.386460 -0.059400 1.425628
-0.387150 -0.081585 1.430058
-0.423606 -0.081501 1.411698
-0.456913 -0.075773 1.410100
-0.387905 -0.059510 1.425628
-0.407257 -0.083399 1.414275
-0.432006 -0.077431 1.411545
-0.420024 -0.074447 1.411698
-0.385193 -0.061571 1.425628
-0.405006 -0.136239 1.410834
-0.395412 -0.076157 1.419312
-0.440532 -0.075949 1.411589
-0.439648 -0.073858 1.411604
-0.403980 -0.052464 1.411753
-0.406965 -0.078978 1.414275
-0.415825 -0.075838 1.411692
-0.409486 -0.075170 1.414275
-0.404947 -0.083376 1.414275
-0.431324 -0.078731 1.411545
-0.431985 -0.079197 1.411545
-0.409809 -0.077911 1.414275
-0.459737 -0.069559 1.409652
-0.406534 -0.074583 1.414275
-0.459785 -0.070030 1.409652
-0.435149 -0.069538 1.411604
-0.392898 -0.077736 1.425207
-0.407350 -0.079342 1.414275
-0.439890 -0.073526 1.411604
-0.151305 0.107643 3.919726
-0.422028 -0.103068 1.414212
-0.404790 -0.082998 1.414275
-0.444367 -0.070675 1.411604
-0.409974 -0.078482 1.414275
-0.442841 -0.069787 1.411604
-0.406685 -0.053438 1.411753
-0.436922 -0.074405 1.411589
-0.466889 -0.032533 1.406566
-0.395728 -0.049689 1.411805
-0.435927 -0.079203 1.411545
-0.461900 -0.068528 1.409053
-0.433300 -0.046835 1.411640
-0.391363 -0.079390 1.429875
-0.393665 -0.056306 1.419496
-0.442742 -0.074557 1.411604
-0.397986 -0.084309 1.419312
-0.439586 -0.073950 1.411604
-0.398862 -0.078845 1.419312
-0.426800 -0.080224 1.411698
-0.430454 -0.090094 1.414081
-0.404086 -0.057495 1.411753
-0.408180 -0.082261 1.414275
-0.428006 -0.078978 1.411545
-0.424291 -0.079961 1.411698
-0.426336 -0.074989 1.411698
-0.403364 -0.077981 1.414275
-0.404514 -0.078569 1.414275
-0.432290 -0.081467 1.411545
-0.439756 -0.074076 1.411604
-0.407363 -0.056123 1.411753
-0.444062 -0.070512 1.411604
-0.431041 -0.076500 1.411545
-0.426512 -0.076834 1.411698
-0.391173 -0.079561 1.429875
-0.430985 -0.076439 1.411545
-0.427299 -0.081471 1.411698
-0.404423 -0.079310 1.414275
-0.396282 -0.116134 1.414285
-0.444446 -0.071979 1.411604
-0.425469 -0.099108 1.414212
-0.141859 0.111062 3.919726
-0.392898 -0.085811 1.425324
-0.442081 -0.071590 1.411604
-0.390705 -0.056487 1.419583
-0.408413 -0.077048 1.414275
-0.408077 -0.074463 1.414275
-0.408050 -0.080028 1.414275
-0.415700 -0.075297 1.411692
-0.440967 -0.073507 1.411604
-0.424997 -0.079846 1.411698
-0.389272 -0.078726 1.429997
-0.416662 -0.089970 1.414275
-0.407159 -0.078954 1.414275
-0.440274 -0.073779 1.411604
-0.444519 -0.070626 1.411604
-0.406369 -0.081154 1.414275
-0.439548 -0.073913 1.411604
-0.403744 -0.081973 1.414275
-0.436122 -0.074216 1.411589
-0.430690 -0.053229 1.411617
-0.409424 -0.079254 1.414275
-0.440330 -0.074216 1.411604
-0.440698 -0.075443 1.411604
-0.403890 -0.078633 1.414275
-0.408733 -0.078273 1.414275
-0.405886 -0.081964 1.414275
-0.400237 -0.054070 1.411796
-0.388884 -0.078964 1.429997
-0.401814 -0.082511 1.414285
-0.394142 -0.057055 1.419469
-0.441476 -0.073917 1.411604
-0.424606 -0.081483 1.411698
-0.424141 -0.078476 1.411698
-0.439508 -0.074438 1.411604
-0.430790 -0.051773 1.411617
-0.433509 -0.079251 1.411545
-0.405664 -0.082420 1.414275
-0.439545 -0.074965 1.411604
-0.440812 -0.029828 1.411402
-0.431118 -0.081183 1.411545
-0.403204 -0.075326 1.414275
-0.440377 -0.074359 1.411604
-0.433746 -0.051060 1.411617
-0.389162 -0.051763 1.419674
-0.426593 -0.076302 1.411698
-0.427915 -0.080591 1.411545
-0.407703 -0.077262 1.414275
-0.386609 -0.060062 1.425628
-0.408574 -0.074536 1.414275
-0.406743 -0.083079 1.414275
-0.398050 -0.052546 1.411796
-0.402835 -0.079149 1.414275
-0.404871 -0.083708 1.414275
-0.402114 -0.079868 1.414285
-0.408851 -0.078481 1.414275
-0.404558 -0.080276 1.414275
-0.435820 -0.072548 1.411604
-0.435550 -0.076798 1.411560
-0.409418 -0.075835 1.414275
-0.415104 -0.075397 1.411692
-0.391088 -0.066324 1.419525
-0.439684 -0.073865 1.411604
-0.436121 -0.040831 1.411640
-0.423611 -0.080323 1.411698
-0.411187 -0.081402 1.414275
-0.441688 -0.073907 1.411604
-0.404774 -0.081462 1.414275
-0.430965 -0.080213 1.411545
-0.403483 -0.082051 1.414275
-0.423973 -0.079291 1.411698
-0.426753 -0.076138 1.411698
-0.408972 -0.078934 1.414275
-0.415399 -0.079319 1.414227
-0.436942 -0.073934 1.411589
-0.405104 -0.080222 1.414275
-0.438509 -0.076477 1.411574
-0.405455 -0.079937 1.414275
-0.391304 -0.080392 1.429875
-0.441004 -0.073931 1.411604
-0.409708 -0.078653 1.414275
-0.390712 -0.066065 1.425580
-0.404187 -0.079264 1.414275
-0.394148 -0.059173 1.419469
-0.409563 -0.078820 1.414275
-0.410694 -0.080369 1.414275
-0.436703 -0.074483 1.411589
-0.436408 -0.047015 1.411640
-0.427167 -0.077436 1.411545
-0.409577 -0.078997 1.414275
-0.386702 -0.081834 1.430058
-0.436166 -0.075982 1.411574
-0.428707 -0.081784 1.411545
-0.406784 -0.053628 1.411753
-0.441253 -0.069826 1.411604
-0.407564 -0.082773 1.414275
-0.404290 -0.079600 1.414275
-0.403050 -0.074426 1.414275
-0.432691 -0.051833 1.411617
-0.259668 -0.121089 5.038884
-0.437265 -0.035539 1.407991
-0.173505 0.099577 3.919726
-0.431007 -0.077548 1.411545
-0.426655 -0.075773 1.411698
-0.402939 -0.083222 1.414285
-0.426612 -0.077719 1.411698
-0.427401 -0.076185 1.411545
-0.424071 -0.079787 1.411698
-0.426169 -0.078081 1.411698
-0.431921 -0.080877 1.411545
-0.431984 -0.077824 1.411545
-0.435685 -0.077456 1.411560
-0.440385 -0.074018 1.411604
-0.398881 -0.082185 1.419312
-0.411026 -0.080573 1.414275
-0.406012 -0.082507 1.414275
-0.438462 -0.076942 1.411574
-0.423747 -0.080179 1.411698
-0.402994 -0.079467 1.414275
-0.359079 -0.126144 3.540025
-0.161819 0.090880 3.919726
-0.364918 -0.110790 2.768983
-0.409260 -0.077536 1.414275
-0.405540 -0.081081 1.414275
-0.391445 -0.079644 1.429875
-0.438975 -0.076283 1.411574
-0.425684 -0.078014 1.411698
-0.401610 -0.081695 1.414285
-0.423280 -0.079908 1.411698
-0.439511 -0.073658 1.411604
-0.407778 -0.082870 1.414275
-0.441781 -0.073683 1.411604
-0.423395 -0.079595 1.411698
-0.405207 -0.081879 1.414275
-0.398984 -0.137739 1.410896
-0.409052 -0.081512 1.414275
-0.402363 -0.074287 1.414275
-0.439705 -0.075780 1.411589
-0.262778 -0.108075 5.080934
-0.240949 -0.101217 5.154535
-0.461452 -0.046168 1.409426
0.063187 -0.458841 -1.268917
-0.392212 -0.078927 1.425252
-0.426934 -0.076449 1.411698
-0.423873 -0.079818 1.411698
-0.443157 -0.072527 1.411604
-0.431226 -0.078466 1.411545
-0.430883 -0.079115 1.411545
-0.401763 -0.078686 1.414285
-0.365630 -0.485304 -6.113207
-0.424402 -0.078035 1.411698
-0.436592 -0.074599 1.411589
-0.442961 -0.070003 1.411604
-0.423819 -0.080534 1.411698
-0.387632 -0.050964 1.419706
-0.430592 -0.074311 1.411560
-0.436548 -0.074578 1.411589
-0.410349 -0.077960 1.414275
-0.358088 -0.121412 3.824534
-0.268852 -0.119384 5.041031
-0.360225 -0.091855 1.440516
-0.426930 -0.098158 1.414175
-0.269573 -0.147947 5.029532
-0.429138 -0.053382 1.411617
-0.424182 -0.074442 1.411698
-0.424461 -0.080106 1.411698
-0.416859 -0.063233 1.411758
-0.427532 -0.053904 1.411604
-0.430636 -0.108300 1.413374
-0.245675 -0.150144 5.154258
-0.246209 -0.144691 5.154291
-0.444209 -0.070723 1.411604
-0.440406 -0.073999 1.411604
-0.254241 -0.160977 5.064833
-0.389505 -0.055871 1.419612
-0.431120 -0.076358 1.411545
-0.436486 -0.074983 1.411574
-0.438213 -0.047021 1.411640
-0.389370 -0.056498 1.419612
-0.267633 -0.118724 5.041031
-0.253511 -0.053550 5.155641
-0.275578 -0.133503 5.036669
-0.413378 -0.140990 1.410614
-0.266324 -0.141740 5.029532
-0.268222 -0.109336 5.041031
-0.284304 -0.000582 5.159660
-0.392459 -0.044992 1.411853
-0.387553 -0.051423 1.419706
-0.295281 -0.077623 5.103260
-0.254175 -0.127122 5.036669
-0.256339 -0.037843 5.156454
-0.271264 -0.080973 5.154886
-0.428630 -0.081782 1.411545
-0.386671 -0.102701 1.430517
-0.410835 -0.078641 1.414275
-0.401934 -0.047804 1.411756
-0.443097 -0.069947 1.411604
-0.405835 -0.080398 1.414275
-0.254987 -0.128275 5.036669
-0.258962 -0.139320 5.029532
-0.268409 -0.119995 5.038884
-0.236744 -0.141500 5.154291
-0.261705 -0.158441 5.021519
-0.290267 0.033429 5.162766
-0.394747 -0.056454 1.419469
-0.257807 -0.136942 5.029532
-0.402820 -0.047796 1.411756
-0.291194 -0.071999 5.155163
-0.283555 -0.067489 5.155357
-0.244334 -0.125874 5.154310
-0.251131 -0.145030 5.068590
-0.433945 -0.037355 1.411651
-0.384273 -0.052250 1.419706
-0.259323 -0.100572 5.154535
-0.410958 -0.079265 1.414275
-0.426562 -0.078061 1.411698
-0.433502 -0.109027 1.413171
-0.429217 -0.076277 1.411545
-0.256330 -0.145167 5.029532
-0.263809 -0.106942 5.082329
-0.249658 -0.122558 5.154426
-0.428808 -0.049214 1.411617
-0.244608 -0.098722 5.154535
-0.286268 -0.051821 5.156021
-0.398137 -0.051861 1.411796
-0.236266 -0.102348 5.154488
-0.263315 -0.079155 5.154774
-0.252368 -0.136811 5.070357
-0.258048 -0.136294 5.032000
-0.268028 -0.107553 5.041031
-0.263543 -0.118809 5.038884
-0.252059 -0.139623 5.070357
-0.234682 -0.104482 5.154426
-0.476015 -0.035898 1.405048
-0.440333 -0.074006 1.411604
-0.404458 -0.078039 1.414275
-0.404284 -0.082061 1.414275
-0.264836 -0.141007 5.029532
-0.269096 -0.124104 5.036669
-0.352080 -0.402432 -6.113207
-0.390502 -0.075370 1.425252
-0.154487 0.118151 3.919726
-0.257085 -0.123583 5.036669
-0.259257 -0.110423 5.119649
-0.430891 -0.076816 1.411545
-0.245725 -0.123319 5.154388
-0.267576 -0.133200 5.036669
-0.261944 -0.099047 5.154535
-0.301383 -0.026011 5.158080
-0.249468 -0.128860 5.116667
-0.283660 -0.080794 5.154933
-0.322876 -0.056253 5.157352
-0.246091 -0.123249 5.154388
-0.406143 -0.081823 1.414275
-0.427968 -0.078804 1.411545
-0.435902 -0.076778 1.411560
-0.261303 -0.120585 5.038884
-0.262063 -0.156251 5.021519
-0.337763 -0.441932 -6.113207
-0.490079 -0.359817 6.519918
-0.397635 -0.030134 1.411736
-0.470909 -0.064008 1.407053
