-0.474644 -0.389927 2.851701
-0.485884 -0.391228 2.851701
-0.483938 -0.390310 2.851701
-0.490584 -0.407125 2.851701
-0.491548 -0.410624 2.851701
-0.485758 -0.391182 2.851701
-0.489014 -0.403769 2.851701
-0.453842 -0.400070 2.851701
-0.489905 -0.397477 2.851701
-0.483801 -0.391354 2.851701
-0.490821 -0.398669 2.851701
-0.487251 -0.398300 2.851701
-0.474183 -0.418518 2.851701
-0.469141 -0.401202 2.851701
-0.475368 -0.396388 2.851701
-0.486483 -0.396916 2.851701
-0.484130 -0.403231 2.851701
-0.485034 -0.401670 2.851701
-0.484062 -0.396514 2.851701
-0.490705 -0.402359 2.851701
-0.445248 -0.387196 2.851701
-0.485559 -0.400956 2.851701
-0.486684 -0.393425 2.851701
-0.484767 -0.399008 2.851701
-0.468805 -0.413247 2.851701
-0.485780 -0.399744 2.851701
-0.486420 -0.393772 2.851701
-0.491407 -0.410127 2.851701
-0.488363 -0.403442 2.851701
-0.475372 -0.398942 2.851701
-0.007429 0.496690 2.350185
-0.471589 -0.397562 2.851701
-0.492465 -0.408833 2.851701
-0.484345 -0.402892 2.851701
-0.488567 -0.404821 2.851701
-0.491544 -0.387965 2.851701
-0.470528 -0.415234 2.851701
-0.489745 -0.405450 2.851701
-0.494246 -0.408580 2.851701
-0.474059 -0.389251 2.851701
-0.468114 -0.399308 2.851701
-0.491385 -0.410323 2.851701
-0.486889 -0.396666 2.851701
-0.022282 0.475551 3.933001
-0.470165 -0.404312 2.851701
-0.465214 -0.395592 2.851701
-0.486469 -0.402433 2.851701
-0.485831 -0.397551 2.851701
-0.489953 -0.396754 2.851701
-0.490478 -0.407914 2.851701
-0.487703 -0.394141 2.851701
-0.484880 -0.401226 2.851701
-0.485144 -0.398097 2.851701
-0.490351 -0.406207 2.851701
-0.447955 -0.378401 2.851701
-0.471085 -0.412644 2.851701
-0.490165 -0.409739 2.851701
-0.447825 -0.431616 2.851701
-0.486244 -0.391433 2.851701
-0.443871 0.499288 3.462815
-0.485684 -0.396060 2.851701
-0.467129 -0.411728 2.851701
-0.488673 -0.395056 2.851701
-0.495142 -0.413497 2.851701
-0.493111 -0.407511 2.851701
-0.484824 -0.398119 2.851701
-0.466092 -0.394471 2.851701
-0.469466 -0.401942 2.851701
-0.490631 -0.407030 2.851701
-0.490575 -0.400497 2.851701
-0.485354 -0.392217 2.851701
-0.330510 0.449871 -1.708038
-0.471353 -0.416598 2.851701
-0.489315 -0.394224 2.851701
-0.470152 -0.402025 2.851701
-0.490398 -0.404424 2.851701
-0.491079 -0.398970 2.851701
-0.485941 -0.396612 2.851701
-0.470814 -0.401476 2.851701
-0.467072 -0.411544 2.851701
-0.472820 -0.363245 2.852028
-0.469248 -0.401172 2.851701
-0.467140 -0.399222 2.851701
-0.489446 -0.395765 2.851701
-0.484429 -0.390356 2.851701
-0.490439 -0.404530 2.851701
-0.469579 -0.401522 2.851701
-0.485893 -0.393505 2.851701
-0.473036 -0.370510 2.851701
-0.465700 -0.409743 2.851701
-0.470387 -0.415405 2.851701
-0.464208 -0.397698 2.851701
-0.485834 -0.391175 2.851701
-0.466793 -0.385435 2.851701
-0.491520 -0.398933 2.851701
-0.472859 -0.394237 2.851701
-0.475479 -0.390450 2.851701
-0.492074 -0.406348 2.851701
-0.497741 -0.400901 2.851701
-0.462755 -0.393280 2.851701
-0.487596 -0.396858 2.851701
-0.485447 -0.394788 2.851701
-0.490416 -0.404220 2.851701
-0.473773 -0.399708 2.851701
-0.487046 -0.399921 2.851701
-0.469358 -0.401502 2.851701
-0.475502 -0.389496 2.851701
-0.491133 -0.414345 2.851701
-0.489990 -0.405119 2.851701
-0.471974 -0.416389 2.851701
-0.486529 -0.393982 2.851701
-0.489197 -0.405119 2.851701
-0.458938 -0.405453 2.851701
-0.494298 -0.412361 2.851701
-0.468285 -0.413210 2.851701
-0.467133 -0.399221 2.851701
-0.483910 -0.403322 2.851701
-0.491124 -0.388678 2.851701
-0.469615 -0.401752 2.851701
-0.484847 -0.399506 2.851701
-0.490826 -0.403975 2.851701
-0.489774 -0.405293 2.851701
-0.494151 -0.407062 2.851701
-0.486713 -0.397191 2.851701
-0.474310 -0.417159 2.851701
-0.467352 -0.397032 2.851701
-0.370410 0.444864 -3.105224
-0.348531 0.411016 -1.708038
-0.487876 -0.394270 2.851701
-0.485603 -0.396115 2.851701
-0.485688 -0.391730 2.851701
-0.485271 -0.400715 2.851701
-0.489089 -0.396126 2.851701
-0.485654 -0.391700 2.851701
-0.484045 -0.391088 2.851701
-0.486846 -0.397477 2.851701
-0.481486 -0.377765 2.851701
-0.485932 -0.391793 2.851701
-0.484238 -0.395217 2.851701
-0.485818 -0.395986 2.851701
-0.492356 -0.406769 2.851701
-0.484875 -0.392248 2.851701
-0.483531 -0.392774 2.851701
-0.483052 -0.408541 2.851701
-0.468134 -0.399034 2.851701
-0.470452 -0.415586 2.851701
-0.485868 -0.398075 2.851701
-0.485845 -0.396261 2.851701
-0.484415 -0.388608 2.851701
-0.484771 -0.392253 2.851701
-0.023330 0.487015 3.933001
-0.003654 0.462991 3.933001
-0.485384 -0.399740 2.851701
-0.437210 0.471749 4.137906
-0.454267 0.494466 3.462815
-0.491142 -0.394842 2.851701
-0.490960 -0.407164 2.851701
-0.487123 -0.395283 2.851701
-0.487865 -0.401087 2.851701
-0.421501 0.490153 1.495489
-0.483781 -0.409002 2.851701
-0.456051 -0.462549 2.891700
-0.485163 -0.400336 2.851701
-0.467226 -0.404318 2.851701
-0.467236 -0.411812 2.851701
-0.491303 -0.404771 2.851701
-0.484915 -0.400487 2.851701
-0.453345 -0.367530 2.851701
-0.487311 -0.394005 2.851701
-0.489825 -0.399800 2.851701
-0.490651 -0.404684 2.851701
-0.467038 -0.399928 2.851701
-0.487873 -0.395629 2.851701
-0.490786 -0.404590 2.851701
-0.485509 -0.394011 2.851701
-0.483896 -0.393971 2.851701
-0.483929 -0.400928 2.851701
-0.493323 -0.405374 2.851701
-0.486982 -0.395941 2.851701
-0.467051 -0.394088 2.851701
-0.473651 -0.395841 2.851701
-0.015513 0.471634 3.933001
-0.452867 0.491161 2.820370
-0.494127 -0.407445 2.851701
-0.484399 -0.390486 2.851701
-0.485076 -0.393973 2.851701
-0.487542 -0.391093 2.851701
-0.486542 -0.390828 2.851701
-0.485851 -0.393854 2.851701
-0.484503 -0.389091 2.851701
-0.484561 -0.403337 2.851701
-0.492929 -0.407684 2.851701
-0.494448 -0.414329 2.851701
-0.468927 -0.413334 2.851701
-0.491976 -0.406130 2.851701
-0.432325 -0.372080 2.851701
-0.485838 -0.395920 2.851701
-0.490179 -0.398765 2.851701
-0.027412 0.472318 3.933001
-0.444881 0.496365 2.820370
-0.491343 -0.398647 2.851701
-0.499414 -0.431397 0.249236
-0.485067 -0.402434 2.851701
-0.485359 -0.404033 2.851701
-0.269184 -0.050698 5.469947
-0.471974 -0.416454 2.851701
-0.484123 -0.401749 2.851701
-0.488852 -0.395989 2.851701
-0.014753 0.491052 3.933001
-0.491996 -0.408250 2.851701
-0.352783 0.476076 9.388409
-0.485133 -0.392863 2.851701
-0.006739 0.478908 3.933001
-0.489206 -0.399951 2.851701
-0.006071 0.478809 3.933001
-0.475430 -0.390070 2.851701
-0.485879 -0.396269 2.851701
-0.492295 -0.401487 2.851701
-0.486156 -0.396838 2.851701
-0.488439 -0.398860 2.851701
-0.486070 -0.391419 2.851701
-0.486960 -0.396544 2.851701
-0.467762 -0.399562 2.851701
-0.489965 -0.398052 2.851701
-0.485568 -0.399705 2.851701
-0.486646 -0.397371 2.851701
-0.456153 -0.374392 2.851701
-0.487202 -0.400846 2.851701
-0.486333 -0.394040 2.851701
-0.488673 -0.394414 2.851701
-0.493843 -0.405952 2.851701
-0.468331 -0.397469 2.851701
-0.471764 -0.391045 2.851701
-0.485667 -0.404312 2.851701
-0.469691 -0.401790 2.851701
-0.490389 -0.406933 2.851701
-0.472617 -0.394711 2.851701
-0.485975 -0.391406 2.851701
-0.493618 -0.407347 2.851701
-0.488610 -0.395058 2.851701
-0.484820 -0.394263 2.851701
-0.466651 -0.395212 2.851701
-0.486209 -0.397972 2.851701
-0.469423 -0.413715 2.851701
-0.468231 -0.413175 2.851701
-0.481494 -0.401076 2.851701
-0.493825 -0.406621 2.851701
-0.490799 -0.398994 2.851701
-0.486676 -0.392899 2.851701
-0.466185 -0.403560 2.851701
-0.492670 -0.408332 2.851701
-0.484007 -0.395627 2.851701
-0.494491 -0.412275 2.851701
-0.491704 -0.406781 2.851701
-0.488884 -0.398713 2.851701
-0.465937 -0.409942 2.851701
-0.491938 -0.415799 2.851701
-0.489218 -0.404875 2.851701
-0.487343 -0.399354 2.851701
-0.475151 -0.389021 2.851701
-0.471210 -0.396891 2.851701
-0.467346 -0.404590 2.851701
-0.427633 -0.362188 2.851701
-0.468189 -0.404925 2.851701
-0.486513 -0.404964 2.851701
-0.490266 -0.408194 2.851701
-0.471818 -0.398901 2.851701
-0.489951 -0.396096 2.851701
-0.486364 -0.393337 2.851701
-0.486076 -0.401936 2.851701
-0.485319 -0.402236 2.851701
-0.484169 -0.399784 2.851701
-0.493281 -0.410217 2.851701
-0.489704 -0.396522 2.851701
-0.491508 -0.407709 2.851701
-0.489935 -0.398743 2.851701
-0.434491 -0.369590 2.851701
-0.468740 -0.395718 2.851701
-0.006433 0.478602 3.933001
-0.471355 -0.416434 2.851701
-0.491987 -0.406244 2.851701
-0.471719 -0.416643 2.851701
-0.469355 -0.388054 2.851701
-0.492731 -0.413618 2.851701
-0.489924 -0.399652 2.851701
-0.485109 -0.392380 2.851701
-0.484562 -0.391507 2.851701
-0.488079 -0.393996 2.851701
-0.468797 -0.401338 2.851701
-0.472828 -0.394395 2.851701
-0.489196 -0.398069 2.851701
-0.464340 -0.408360 2.851701
-0.484949 -0.401315 2.851701
-0.485635 -0.399662 2.851701
-0.489789 -0.397685 2.851701
-0.483815 -0.403416 2.851701
-0.486176 -0.398291 2.851701
-0.487148 -0.394501 2.851701
-0.490737 -0.406948 2.851701
-0.485598 -0.390040 2.851701
-0.483527 -0.388855 2.851701
-0.467092 -0.399703 2.851701
-0.484572 -0.390328 2.851701
-0.469142 -0.401548 2.851701
-0.490841 -0.398779 2.851701
-0.489452 -0.405038 2.851701
-0.486001 -0.402539 2.851701
-0.483694 -0.409015 2.851701
-0.474236 -0.389103 2.851701
-0.483557 -0.388175 2.851701
-0.483924 -0.395847 2.851701
-0.471450 -0.416324 2.851701
-0.487973 -0.393548 2.851701
-0.493549 -0.409361 2.851701
-0.486580 -0.397523 2.851701
-0.485555 -0.401838 2.851701
-0.485306 -0.396221 2.851701
-0.467679 -0.399011 2.851701
-0.486864 -0.404599 2.851701
-0.489716 -0.405940 2.851701
-0.427904 -0.386985 2.851701
-0.471681 -0.416741 2.851701
-0.486375 -0.395706 2.851701
-0.467499 -0.401478 2.851701
-0.015868 0.488118 3.933001
-0.488849 -0.396094 2.851701
-0.471462 -0.391961 2.851701
-0.493472 -0.405417 2.851701
-0.488962 -0.395140 2.851701
-0.485427 -0.393840 2.851701
-0.470019 -0.401368 2.851701
-0.487945 -0.399638 2.851701
-0.454990 -0.392783 2.851701
-0.347580 0.436940 -1.708038
-0.469040 -0.404822 2.851701
-0.475445 -0.391196 2.851701
-0.462395 -0.394629 2.851701
-0.489393 -0.396583 2.851701
-0.002818 0.483073 3.933001
-0.494062 -0.407202 2.851701
-0.473266 -0.398253 2.851701
-0.465682 -0.409692 2.851701
-0.484593 -0.397723 2.851701
-0.484221 -0.395165 2.851701
-0.472986 -0.389673 2.851701
-0.473903 -0.389314 2.851701
-0.469295 -0.401142 2.851701
-0.484099 -0.400810 2.851701
-0.487547 -0.394461 2.851701
-0.494297 -0.407862 2.851701
-0.489130 -0.396276 2.851701
-0.467135 -0.399783 2.851701
-0.486050 -0.398000 2.851701
-0.469413 -0.413730 2.851701
-0.473621 -0.417649 2.851701
-0.485236 -0.399604 2.851701
-0.486416 -0.395641 2.851701
-0.485867 -0.397866 2.851701
-0.484902 -0.392102 2.851701
-0.486087 -0.403886 2.851701
-0.469109 -0.394964 2.851701
-0.486229 -0.395587 2.851701
-0.486220 -0.393513 2.851701
-0.493539 -0.405356 2.851701
-0.484694 -0.390543 2.851701
-0.471707 -0.400382 2.851701
-0.487196 -0.401416 2.851701
-0.483479 -0.400874 2.851701
-0.347239 0.439953 -1.708038
-0.492771 -0.407424 2.851701
-0.491243 -0.407749 2.851701
-0.492176 -0.409485 2.851701
-0.490025 -0.396538 2.851701
-0.475434 -0.390851 2.851701
-0.490367 -0.403747 2.851701
-0.468388 -0.413360 2.851701
-0.485844 -0.391822 2.851701
-0.467799 -0.401356 2.851701
-0.491198 -0.407739 2.851701
-0.454498 0.494842 3.462815
-0.456938 -0.389146 2.851701
-0.487657 -0.396566 2.851701
-0.486989 -0.398710 2.851701
-0.483797 -0.400970 2.851701
-0.466381 -0.399756 2.851701
-0.485415 -0.400593 2.851701
-0.486092 -0.396090 2.851701
-0.487741 -0.404131 2.851701
-0.484277 -0.400905 2.851701
-0.490869 -0.406341 2.851701
-0.488656 -0.398831 2.851701
-0.002850 0.464242 3.933001
-0.471632 -0.416308 2.851701
-0.493149 -0.403515 2.851701
-0.487465 -0.395939 2.851701
-0.487161 -0.398354 2.851701
-0.488277 -0.395197 2.851701
-0.020830 0.469145 3.933001
-0.490893 -0.399078 2.851701
-0.488100 -0.401808 2.851701
