-0.313330 0.106028 5.053757
-0.225026 -0.392240 4.928993
-0.212358 -0.404385 4.929011
-0.221665 -0.389733 4.929011
-0.224335 -0.402523 4.928991
-0.217301 -0.399612 4.929006
-0.214174 -0.407003 4.929004
-0.250335 -0.388254 4.928991
-0.223039 -0.408111 4.928991
-0.229838 -0.394540 4.928991
-0.209437 -0.397685 4.929033
-0.268709 -0.386577 4.928451
-0.212672 -0.394503 4.929033
-0.243945 -0.410328 4.928991
-0.244476 -0.393051 4.928991
-0.224897 -0.411592 4.928991
-0.253084 -0.386851 4.928636
-0.475139 -0.262010 2.721122
-0.246105 -0.412981 4.928991
-0.237647 -0.418472 4.928991
-0.216951 -0.389833 4.929029
-0.242835 -0.416111 4.928991
-0.216152 -0.388476 4.929033
-0.242435 -0.418283 4.928991
-0.224111 -0.405446 4.928991
-0.227157 -0.408906 4.928991
-0.244608 -0.410599 4.928991
-0.334625 0.138494 5.053969
-0.216972 -0.403254 4.929004
-0.230603 -0.393950 4.928991
-0.254878 -0.442316 4.928800
-0.220780 -0.387961 4.929024
-0.253135 -0.407465 4.928991
-0.205833 -0.387305 4.929051
-0.236644 -0.408399 4.928991
-0.249534 -0.411805 4.928991
-0.171486 0.350448 3.155015
-0.225950 -0.407408 4.928991
-0.232250 -0.410398 4.928991
-0.494128 -0.231920 0.432498
-0.263346 -0.444601 4.928782
-0.214237 -0.396260 4.929011
-0.207380 -0.392160 4.929040
-0.245243 -0.407929 4.928991
-0.224845 -0.408396 4.928991
-0.247308 -0.408318 4.928991
-0.231526 -0.411251 4.928991
-0.225312 -0.402789 4.928991
-0.220569 -0.400176 4.928991
-0.219863 -0.393219 4.929011
-0.236161 -0.414764 4.928991
-0.207826 -0.406278 4.929016
-0.219445 -0.392837 4.929011
-0.217613 -0.396761 4.929006
-0.228713 -0.403585 4.928991
-0.238953 -0.419773 4.928991
-0.219701 -0.391820 4.929011
-0.044720 0.420333 -2.526865
-0.240092 -0.393322 4.928991
-0.214328 -0.406075 4.929004
-0.224542 -0.409328 4.928991
-0.226378 -0.404997 4.928991
-0.264102 -0.444182 4.928782
-0.218728 -0.397476 4.929006
-0.222849 -0.399337 4.928991
-0.208279 -0.399325 4.929033
-0.233163 -0.410157 4.928991
-0.348942 0.140639 5.053969
-0.231528 -0.411171 4.928991
-0.258373 -0.437572 4.928801
-0.200517 -0.398457 4.929043
-0.207678 -0.405389 4.929016
-0.231360 -0.411056 4.928991
-0.375071 0.093772 5.053373
-0.201794 -0.391971 4.929051
-0.224409 -0.391100 4.928993
-0.248045 -0.409848 4.928991
-0.234557 -0.413998 4.928991
-0.195584 -0.386991 4.929054
-0.217610 -0.393439 4.929011
-0.216654 -0.404197 4.929004
-0.273688 -0.430539 4.928391
-0.263732 -0.439747 4.928423
-0.218099 -0.390004 4.929026
-0.223979 -0.403195 4.928991
-0.230936 -0.400700 4.928991
-0.229409 -0.406772 4.928991
-0.223928 -0.388376 4.929011
-0.249367 -0.411648 4.928991
-0.248075 -0.409387 4.928991
-0.228697 -0.404298 4.928991
-0.385488 -0.423256 4.523873
-0.228013 -0.406603 4.928991
-0.336135 -0.431590 4.873890
-0.338569 0.136619 5.053969
-0.213403 -0.403050 4.929006
-0.224418 -0.402334 4.928991
-0.347125 0.141816 5.053969
-0.498564 -0.241437 0.432498
-0.233587 -0.415674 4.928991
-0.224854 -0.391568 4.928993
-0.255796 -0.441209 4.928800
-0.228997 -0.403645 4.928991
-0.251478 -0.440995 4.928989
-0.216878 0.426028 3.166094
-0.313235 0.106013 5.053757
-0.321447 -0.364418 4.909084
-0.215235 -0.394704 4.929011
-0.253860 -0.410004 4.928809
-0.281460 -0.431207 4.928264
-0.244401 -0.410736 4.928991
-0.210950 -0.401347 4.929011
-0.209548 -0.391307 4.929040
-0.264099 -0.444547 4.928782
-0.214672 -0.403224 4.929004
-0.263538 -0.439831 4.928423
-0.218075 -0.399426 4.929004
-0.238956 -0.407482 4.928991
-0.241446 -0.415347 4.928991
-0.218883 -0.396519 4.929006
-0.224418 -0.400490 4.928991
-0.243848 -0.409786 4.928991
-0.233261 -0.410109 4.928991
-0.244417 -0.415894 4.928991
-0.223909 -0.407179 4.928991
-0.224353 -0.405321 4.928991
-0.247671 -0.408175 4.928991
-0.255838 -0.439487 4.928802
-0.222153 -0.390148 4.929011
-0.253773 -0.441558 4.928801
-0.248090 -0.411269 4.928991
-0.240787 -0.411406 4.928991
-0.210498 -0.401764 4.929011
-0.248034 -0.411330 4.928991
-0.236932 -0.394610 4.928991
-0.224199 -0.405425 4.928991
-0.215106 -0.395714 4.929011
-0.255044 -0.442678 4.928799
-0.235205 -0.419590 4.928991
-0.469575 -0.241913 2.709094
-0.209057 -0.399949 4.929026
-0.332009 0.144985 5.053969
-0.206930 -0.393613 4.929040
-0.226338 -0.407311 4.928991
-0.228406 -0.406827 4.928991
-0.225571 -0.402651 4.928991
-0.233393 -0.402650 4.928991
-0.264947 -0.441862 4.928405
-0.233992 -0.409319 4.928991
-0.212844 -0.405066 4.929006
-0.230826 -0.397873 4.928991
-0.224227 -0.402722 4.928991
-0.327322 0.192903 5.054231
-0.251856 -0.441518 4.928989
-0.224403 -0.402045 4.928991
-0.263054 -0.440428 4.928795
-0.223755 -0.393307 4.928993
-0.250789 -0.379229 4.928636
-0.241702 -0.411217 4.928991
-0.227920 -0.404075 4.928991
-0.258057 -0.379241 4.928636
-0.273856 -0.430208 4.928391
-0.223817 -0.405672 4.928991
-0.226525 -0.405263 4.928991
-0.223852 -0.402577 4.928991
-0.211740 -0.385483 4.929045
-0.212800 -0.404874 4.929006
-0.219237 -0.393814 4.929011
-0.206229 -0.388193 4.929048
-0.263705 -0.443319 4.928785
-0.230281 -0.394209 4.928991
-0.233410 -0.411558 4.928991
-0.264850 -0.377755 4.928635
-0.241908 -0.409485 4.928991
-0.250011 -0.410540 4.928991
-0.224556 -0.391882 4.928993
-0.259714 -0.377366 4.928636
-0.248610 -0.412357 4.928991
-0.245236 -0.407957 4.928991
-0.225015 -0.412035 4.928991
-0.260235 -0.384777 4.928636
-0.245200 -0.394196 4.928991
-0.213673 -0.394308 4.929031
-0.241023 -0.411960 4.928991
-0.240686 -0.407602 4.928991
-0.225903 -0.407110 4.928991
-0.197564 -0.389719 4.929054
-0.229055 -0.406548 4.928991
-0.225263 -0.392289 4.928991
-0.211452 -0.395113 4.929033
-0.223093 -0.407109 4.928991
-0.224039 -0.388490 4.929011
-0.222217 -0.396405 4.928991
-0.227299 -0.404978 4.928991
-0.224387 -0.404471 4.928991
-0.274043 -0.437918 4.928323
-0.251005 -0.391428 4.928991
-0.228334 -0.406390 4.928991
-0.230784 -0.400640 4.928991
-0.230752 -0.414194 4.928991
-0.258408 -0.437360 4.928802
-0.301984 0.176135 5.054231
-0.231786 -0.411559 4.928991
-0.227528 -0.402776 4.928991
-0.263121 -0.444029 4.928784
-0.223609 -0.401995 4.928991
-0.245889 -0.409238 4.928991
-0.224155 -0.392063 4.928993
-0.231477 -0.409541 4.928991
-0.241584 -0.413406 4.928991
-0.227441 -0.404571 4.928991
-0.230994 -0.399676 4.928991
-0.274178 -0.437679 4.928326
-0.224997 -0.404539 4.928991
-0.245438 -0.382912 4.928991
-0.224200 -0.402611 4.928991
-0.209760 -0.401808 4.929015
-0.265230 -0.441960 4.928398
-0.228165 -0.404218 4.928991
-0.229191 -0.422222 4.928991
-0.223842 -0.405653 4.928991
-0.205513 -0.387337 4.929051
-0.228081 -0.404071 4.928991
-0.228647 -0.403519 4.928991
-0.248389 -0.381314 4.928991
-0.248043 -0.410402 4.928991
-0.241099 -0.410766 4.928991
-0.228191 -0.403835 4.928991
-0.207341 -0.405442 4.929016
-0.249524 -0.389324 4.928991
-0.238585 -0.393597 4.928991
-0.219035 -0.386073 4.929033
-0.255743 -0.440888 4.928800
-0.225493 -0.392259 4.928991
-0.224119 -0.405147 4.928991
-0.224641 -0.411331 4.928991
-0.245899 -0.409185 4.928991
-0.497057 -0.262996 2.721122
-0.294730 0.178241 5.054231
-0.474172 -0.282671 2.793118
-0.247796 -0.412628 4.928991
-0.241965 -0.414413 4.928991
-0.221356 -0.393128 4.929006
-0.240864 -0.410542 4.928991
-0.242706 -0.414000 4.928991
-0.232868 -0.410627 4.928991
-0.240570 -0.410191 4.928991
-0.247355 -0.408777 4.928991
-0.247907 -0.409436 4.928991
-0.252419 -0.407327 4.928991
-0.256551 -0.390244 4.928636
-0.217401 -0.390855 4.929022
-0.227834 -0.402732 4.928991
-0.224870 -0.391956 4.928993
-0.245673 -0.382494 4.928991
-0.232288 -0.410710 4.928991
-0.223104 -0.398995 4.928991
-0.216456 -0.404768 4.929004
-0.322908 -0.426760 4.907363
-0.207547 -0.389418 4.929045
-0.227708 -0.405193 4.928991
-0.224549 -0.403214 4.928991
-0.211032 -0.401093 4.929011
-0.246946 -0.383495 4.928991
-0.239330 -0.410807 4.928991
-0.219647 -0.394123 4.929006
-0.231553 -0.411929 4.928991
-0.340711 0.096240 5.053441
-0.224864 -0.391792 4.928993
-0.264072 -0.444475 4.928782
-0.231603 -0.412227 4.928991
-0.224005 -0.402473 4.928991
-0.222230 -0.389460 4.929011
-0.225796 -0.401102 4.928991
-0.224528 -0.411652 4.928991
-0.334114 0.139343 5.053969
-0.475981 -0.226099 2.709094
-0.139988 0.422115 2.903528
-0.391294 0.076797 5.051920
-0.493867 -0.317377 -1.805140
-0.212066 -0.403056 4.929011
-0.241942 -0.412523 4.928991
-0.232670 -0.410596 4.928991
-0.255004 -0.441992 4.928800
-0.249270 -0.411913 4.928991
-0.247574 -0.410241 4.928991
-0.222693 -0.401505 4.928991
-0.270014 -0.445934 4.928264
-0.234161 -0.409759 4.928991
-0.250109 -0.388447 4.928991
-0.255827 -0.441257 4.928800
-0.231245 -0.411033 4.928991
-0.222291 -0.390581 4.929011
-0.247365 -0.410900 4.928991
-0.250065 -0.388467 4.928991
-0.228838 -0.403250 4.928991
-0.212508 -0.405049 4.929006
-0.469036 -0.451918 -4.042075
-0.191292 -0.381220 4.929054
-0.236316 -0.420404 4.928991
-0.497062 -0.232522 2.709094
-0.240340 -0.411769 4.928991
-0.236791 -0.416897 4.928991
-0.233679 -0.409591 4.928991
-0.229586 -0.396723 4.928991
-0.236364 -0.411981 4.928991
-0.242209 -0.412291 4.928991
-0.214643 0.385837 3.166094
-0.043329 0.333944 -1.983025
-0.252102 -0.440950 4.928989
-0.327591 0.193305 5.054231
-0.053427 0.465391 -2.093999
-0.206340 -0.395181 4.929040
-0.248739 -0.411915 4.928991
-0.249771 -0.387004 4.928991
-0.249785 -0.409251 4.928991
-0.206127 -0.394834 4.929040
-0.483301 -0.363758 6.133804
-0.236651 0.445790 3.088406
-0.207923 0.435787 3.104518
-0.234618 -0.410262 4.928991
-0.215657 0.387461 3.166094
-0.479785 -0.355095 6.133804
-0.241079 0.421579 3.118662
-0.235959 -0.424744 4.928991
-0.220895 -0.388852 4.929020
-0.032841 0.450282 -2.093999
-0.475696 -0.491587 9.578726
-0.038360 0.470698 -2.093999
-0.043074 0.446854 -2.526865
-0.238508 -0.393599 4.928991
-0.204932 -0.413768 4.929016
-0.228435 -0.405167 4.928991
-0.219308 -0.392818 4.929011
-0.252069 -0.440947 4.928989
-0.223868 -0.402802 4.928991
-0.040022 0.454669 -2.526865
-0.040320 0.467268 -2.093999
-0.495891 -0.372918 -6.234891
-0.036034 0.476970 8.377184
-0.034533 0.482780 -2.093999
-0.043983 0.421907 -2.526865
-0.204952 -0.389111 4.929050
-0.052625 0.452644 -2.526865
-0.219680 -0.394194 4.929006
-0.042108 0.459260 -2.093999
-0.032662 0.444175 -2.093999
-0.494072 -0.355460 -6.234891
-0.228798 0.411547 3.166094
-0.254253 -0.406925 4.928809
-0.222009 -0.391012 4.929009
-0.162163 0.475823 2.559666
-0.229020 -0.403787 4.928991
-0.240814 -0.410200 4.928991
-0.245136 -0.409599 4.928991
-0.246496 -0.412796 4.928991
-0.210644 0.398583 3.142695
-0.197170 0.421934 3.104518
-0.484768 -0.228136 0.422055
-0.238185 -0.394515 4.928991
-0.030878 0.477238 -2.093999
-0.161521 0.488990 4.079279
-0.211689 -0.395946 4.929033
-0.454900 -0.400946 -5.708779
-0.030272 0.444998 -2.093999
-0.096894 0.480622 -4.691137
-0.048309 0.455298 -2.526865
-0.471697 -0.238356 2.709094
-0.484778 -0.258022 0.420470
-0.033081 0.458818 -2.093999
-0.162373 0.393508 3.136205
-0.272031 -0.376886 4.928438
-0.255686 -0.391026 4.928636
-0.224864 -0.407645 4.928991
-0.224254 -0.393983 4.928991
-0.215655 0.387022 3.166094
-0.454822 -0.267508 2.807170
-0.171681 0.350318 3.155015
-0.213499 -0.408968 4.929004
-0.426140 -0.367029 4.347471
-0.491035 -0.269056 2.721122
-0.490272 -0.371019 9.376483
-0.247940 -0.410953 4.928991
-0.477950 -0.198757 2.709094
-0.206890 0.420965 3.104518
-0.049908 0.467998 -2.093999
-0.488388 -0.346356 5.881800
-0.232082 0.395413 3.192611
-0.041822 0.455423 -2.526865
-0.270350 -0.391500 4.928449
-0.487603 -0.349505 6.133804
-0.224125 -0.402268 4.928991
-0.243718 -0.409942 4.928991
-0.253627 -0.392711 4.928991
-0.485812 -0.372221 9.376483
-0.038302 0.495859 8.377184
-0.270305 0.362551 3.241363
-0.487805 -0.344271 5.881800
-0.214415 -0.412449 4.928991
-0.295804 0.137105 5.054050
