0.392700 -0.488897 1.845498
0.394386 -0.490657 4.441586
0.392440 -0.491188 4.440306
0.399531 -0.495463 4.495535
0.399269 -0.498190 4.495535
0.393830 -0.490477 4.439732
0.390397 -0.493158 1.845498
0.455142 -0.490446 1.749604
0.388137 -0.486268 4.440350
0.392862 -0.491845 4.440306
0.390500 -0.490859 1.844926
0.392805 -0.484783 4.440306
-0.457131 0.127956 -2.511343
0.393768 -0.491297 1.843453
0.392940 -0.489761 1.845498
0.391769 -0.486146 4.441001
0.396073 -0.491818 1.841599
0.396009 -0.490749 1.841599
0.391737 -0.489483 4.439052
0.391062 -0.492946 1.845498
0.486064 -0.488034 1.015801
0.396227 -0.490908 1.841599
0.396744 -0.492279 4.458925
0.393015 -0.491591 1.845498
0.392751 -0.492663 4.439732
0.394972 -0.491161 1.843453
0.395402 -0.493073 4.441586
0.399126 -0.497698 4.495535
0.389893 -0.493145 1.844926
0.392500 -0.492583 1.845498
0.384239 -0.493209 1.841268
0.454559 -0.491312 1.753948
0.399671 -0.496743 4.495535
0.396094 -0.491718 1.841599
0.397935 -0.493635 4.458925
0.389139 -0.485145 4.438967
0.396018 -0.491724 1.841599
0.399668 -0.493775 4.495535
0.400087 -0.497115 4.495535
0.393059 -0.489585 1.845498
0.390697 -0.491195 1.845498
0.399103 -0.497895 4.495535
0.393994 -0.487741 4.439732
0.455873 -0.496565 1.716618
0.395883 -0.492536 1.841599
0.371766 -0.494437 4.441917
0.397173 -0.491308 1.823376
0.391925 -0.486039 4.439745
0.388464 -0.488650 4.439169
0.399706 -0.495519 4.495535
0.396899 -0.491468 4.458925
0.395684 -0.491046 1.843453
0.391277 -0.485598 4.440373
0.400067 -0.494219 4.495535
0.476880 -0.493635 4.572193
0.395738 -0.493920 4.441586
0.396764 -0.498227 4.441586
0.478946 -0.488536 4.805149
0.394761 -0.490852 4.441586
0.386926 -0.498793 4.441917
0.392681 -0.489298 4.440306
0.314960 -0.495216 1.701238
0.396657 -0.489431 4.458925
0.396281 -0.490583 4.441586
0.397828 -0.497750 4.458925
0.391122 -0.485468 4.441048
0.388475 -0.492808 4.438967
0.394671 -0.490949 1.843453
0.399590 -0.495371 4.495535
0.391959 -0.490744 1.845498
0.393691 -0.492494 4.439732
0.459434 -0.486549 0.578024
0.391104 -0.499999 1.844706
0.388412 -0.492845 4.438967
0.394949 -0.491372 1.843453
0.399871 -0.493075 4.495535
0.390517 -0.491392 1.844926
0.392823 -0.488552 4.440306
0.395944 -0.490718 1.841599
0.316419 -0.487345 1.705175
0.390273 -0.494520 1.845498
0.393794 -0.491362 1.843453
0.389936 -0.491261 1.844926
0.388074 -0.490543 4.439169
0.392661 -0.490887 4.439732
0.399911 -0.493181 4.495535
0.394325 -0.490946 1.843453
0.395499 -0.493198 4.441586
0.451880 -0.488934 1.755521
0.397933 -0.496534 4.458925
0.395877 -0.491894 1.841599
0.389835 -0.492252 1.844926
0.393906 -0.490470 4.441586
0.389729 -0.491335 1.844926
0.390773 -0.491417 1.845498
0.454380 -0.487947 1.750374
0.391198 -0.488833 1.845498
0.401233 -0.494761 4.513053
0.397291 -0.492954 1.823376
0.452624 -0.488899 1.755254
0.395256 -0.487628 4.441586
0.392599 -0.491194 4.439732
0.399785 -0.493186 4.495535
0.392390 -0.491908 1.845498
0.396167 -0.491575 1.841599
0.394107 -0.490927 1.843453
0.391622 -0.489674 1.845498
0.392556 -0.492141 1.845498
0.399672 -0.493675 4.495535
0.390318 -0.499733 1.845498
0.394999 -0.492736 4.441586
0.398669 -0.493618 4.458925
0.391629 -0.494557 1.845498
0.394952 -0.493075 4.441586
0.392231 -0.492701 4.440306
0.389930 -0.491260 1.844926
0.395853 -0.491909 1.841599
0.389340 -0.488593 4.440044
0.394362 -0.491177 1.843453
0.394122 -0.490831 1.843453
0.400089 -0.492934 4.495535
0.398994 -0.494137 4.477056
0.401245 -0.496449 4.530905
0.392369 -0.485974 4.441001
0.388389 -0.499699 1.844926
0.388556 -0.489433 4.440452
0.399641 -0.495841 1.752280
0.388028 -0.496239 1.841268
0.397072 -0.491339 4.458925
0.392671 -0.489108 4.440306
0.393787 -0.491766 4.439732
0.395596 -0.490991 1.843453
0.396388 -0.488060 4.441586
0.393753 -0.491736 4.439732
0.392580 -0.491418 4.439732
0.392516 -0.485702 4.441001
0.401036 -0.495349 4.513053
0.394364 -0.491933 4.441586
0.391909 -0.490775 4.440306
0.392810 -0.489368 4.439732
0.400998 -0.495541 4.513053
0.393189 -0.492459 4.439732
0.392469 -0.493210 4.440306
0.400147 -0.495803 4.495535
0.391139 -0.484939 4.441461
0.396136 -0.491836 1.841599
0.391615 -0.485481 4.439745
0.392439 -0.489209 4.440306
0.392564 -0.488380 4.440306
0.393085 -0.492463 4.439732
0.476925 -0.494895 1.751851
0.257396 -0.483365 1.793376
0.394575 -0.491158 1.843453
0.388075 -0.489036 1.842500
0.387850 -0.491304 4.441831
0.389014 -0.491155 4.439377
0.399928 -0.495477 4.495535
0.393579 -0.489320 4.439732
0.389233 -0.491402 1.844926
0.386024 -0.485581 1.841268
0.399537 -0.496706 4.495535
0.453779 -0.491237 1.748065
0.394561 -0.491360 1.843453
0.392717 -0.492762 1.845498
0.391017 -0.493851 4.439052
0.400466 -0.493296 4.495535
0.394313 -0.491510 1.843453
0.451962 -0.493072 1.742533
0.396746 -0.491840 4.458925
0.389401 -0.491995 1.844926
0.400019 -0.493517 4.495535
0.390333 -0.491311 1.844926
0.395722 -0.488631 4.441586
0.400258 -0.493241 4.495535
0.393199 -0.492445 4.439732
0.392210 -0.492711 4.440306
0.393885 -0.491517 1.843453
0.402707 -0.493825 4.530905
0.393406 -0.489211 4.439732
0.388602 -0.492655 4.438967
0.453660 -0.490101 1.755249
0.257924 -0.482583 1.793376
0.389746 -0.494344 4.441746
0.399725 -0.496209 4.495535
0.392631 -0.491016 4.439732
0.392717 -0.492255 4.439732
0.396917 -0.489968 4.458925
0.395737 -0.489498 4.441586
0.393841 -0.492556 4.439732
0.392652 -0.488863 4.440306
0.396038 -0.491451 1.841599
0.400093 -0.495789 4.495535
0.394990 -0.492486 1.843453
0.392996 -0.492630 4.439732
0.401797 -0.494302 4.530905
0.488775 -0.490918 1.453465
0.392830 -0.489434 4.439732
0.389690 -0.491055 1.844926
0.390318 -0.499509 1.844926
0.485724 -0.492117 4.665912
0.390597 -0.491132 1.845498
0.390672 -0.497228 1.844926
0.396051 -0.491510 1.841599
0.397027 -0.491906 1.823376
0.396308 -0.495793 4.441586
0.390386 -0.499876 1.845498
0.395408 -0.490991 1.843453
0.396155 -0.488203 4.441586
-0.471278 -0.187273 4.624309
0.399284 -0.496230 4.495535
0.388991 -0.496843 1.841268
0.407671 -0.457548 4.529705
0.393055 -0.493736 4.439732
0.397719 -0.491035 1.823376
0.376117 -0.496393 1.841268
0.390811 -0.489636 1.845498
0.392474 -0.489200 4.440306
0.393379 -0.491814 1.844241
0.392842 -0.487939 4.440306
0.396745 -0.490926 1.823376
0.394502 -0.491559 4.441586
0.394066 -0.487863 4.441586
0.390697 -0.491496 1.845498
0.388197 -0.485694 4.440610
0.394760 -0.491122 1.843453
0.392316 -0.485808 4.441001
0.454645 -0.498408 4.526564
0.397362 -0.490492 1.823376
0.393808 -0.492243 4.439732
0.397078 -0.490874 4.458925
0.402049 -0.495001 4.530905
0.389875 -0.489111 4.439377
0.454677 -0.487450 1.749260
0.396822 -0.492780 1.823376
0.394437 -0.491215 1.843453
0.400348 -0.494712 4.495535
0.454430 -0.488554 1.751511
0.394407 -0.491547 4.441586
0.400953 -0.496508 4.513053
0.396593 -0.489430 4.458925
0.392644 -0.492172 4.440306
0.388482 -0.491926 4.438366
0.391814 -0.485446 4.441001
0.392695 -0.491743 4.439732
0.392177 -0.492735 4.439052
0.389857 -0.484822 4.438967
0.400663 -0.496134 4.513053
0.390373 -0.491220 1.844926
0.399847 -0.497566 4.495535
0.391485 -0.492604 1.845498
0.397533 -0.497646 4.458925
0.391678 -0.490365 4.439052
0.395420 -0.493046 4.441586
0.400700 -0.495215 4.513053
0.397047 -0.490915 1.823376
0.398512 -0.496362 4.477056
0.401047 -0.492724 4.495535
0.398371 -0.493653 4.458925
0.396148 -0.490839 1.841599
0.392031 -0.490091 1.845498
0.392332 -0.488723 4.440306
0.392803 -0.492850 1.845498
0.495089 -0.499340 1.365713
0.401566 -0.492567 4.513053
0.408010 -0.491586 4.529705
0.400213 -0.494846 4.495535
0.454110 -0.492054 1.755595
0.388044 -0.490043 4.439169
0.395748 -0.493115 4.441586
0.396820 -0.491248 1.823376
0.396303 -0.491312 1.841599
0.393446 -0.491477 1.844241
0.401115 -0.497936 4.530905
0.388333 -0.489786 4.439169
0.398935 -0.495566 4.477056
0.389340 -0.491070 1.844926
0.384225 -0.485131 1.841268
0.389995 -0.490583 4.438952
0.452214 -0.492569 4.526986
0.391102 -0.499835 1.844706
0.401146 -0.494657 4.513053
0.390745 -0.499973 4.438480
0.390256 -0.488125 4.439377
0.392559 -0.491319 4.439732
0.389359 -0.491985 1.844926
0.393519 -0.492621 4.439732
0.392537 -0.491397 4.439732
0.397111 -0.491730 4.458925
0.393565 -0.491295 1.844241
0.454411 -0.488104 1.750712
0.395019 -0.485127 4.441586
0.397774 -0.494846 4.458925
0.395752 -0.491135 1.843453
0.394827 -0.491080 1.843453
0.388021 -0.486061 4.440610
0.395758 -0.492002 1.841599
0.391923 -0.485264 4.441001
0.396309 -0.491459 4.441586
0.399696 -0.495289 4.495535
0.393136 -0.489194 4.439732
0.392104 -0.488926 4.440306
0.389817 -0.491707 1.844926
0.392441 -0.490802 4.439732
0.394311 -0.491020 1.843453
0.390520 -0.490969 1.844926
0.398605 -0.493816 4.458925
0.396750 -0.491418 1.823376
0.399450 -0.496718 4.495535
0.392992 -0.489716 1.845498
0.392038 -0.488143 4.439052
0.391595 -0.490145 4.439052
0.391007 -0.499725 1.844706
0.397556 -0.492483 4.458925
0.399516 -0.497768 4.495535
0.392250 -0.485655 4.441001
0.396539 -0.490914 1.841599
0.392374 -0.489001 4.440306
0.390409 -0.484712 4.441461
0.395846 -0.493915 4.441586
0.399638 -0.494264 4.495535
0.491299 -0.489185 0.841723
0.390782 -0.499875 4.438480
0.393098 -0.489300 4.439732
0.392196 -0.491576 1.845498
-0.038875 0.483706 0.000000
0.396153 -0.488097 4.441586
0.455058 -0.486287 4.526564
0.402856 -0.493868 4.530905
0.396945 -0.489347 4.458925
0.393117 -0.492616 4.439732
0.394285 -0.491371 1.843453
0.396760 -0.491121 1.823376
0.470461 -0.489203 4.562139
0.412355 -0.494975 1.753480
0.394571 -0.493566 1.843453
0.392831 -0.488667 1.845498
0.392909 -0.488651 1.845498
0.394740 -0.486619 4.441586
0.412201 -0.496932 4.529705
0.400176 -0.497033 4.513053
0.452986 -0.490942 1.755595
0.397915 -0.496484 4.458925
0.390448 -0.485722 4.441254
0.391892 -0.490827 4.440306
0.452952 -0.490141 1.755595
0.451869 -0.490605 1.756202
0.393841 -0.491331 1.843453
0.394054 -0.491400 1.843453
0.396983 -0.491384 4.458925
0.399896 -0.496625 4.495535
0.396508 -0.487868 4.441586
0.390535 -0.491130 1.844926
0.391797 -0.485555 4.441001
0.392686 -0.491728 4.439732
0.392476 -0.493291 1.844926
0.394428 -0.491021 1.843453
0.393139 -0.489366 4.439732
0.391613 -0.485689 4.439745
0.393216 -0.492312 4.439732
0.397343 -0.492246 1.823376
0.390390 -0.491278 4.439745
0.392951 -0.489419 4.439732
0.395603 -0.492939 4.441586
0.402922 -0.493806 4.530905
0.392770 -0.489792 4.439732
0.452589 -0.491526 1.756623
0.397642 -0.490440 1.823376
0.393437 -0.491465 1.844241
-0.038129 0.457498 0.000000
0.399111 -0.497039 4.495535
0.398617 -0.495534 4.477056
0.399366 -0.497406 4.495535
0.387874 -0.488962 4.439627
0.392842 -0.489012 1.845498
0.399737 -0.492712 4.495535
0.392334 -0.492551 4.440306
0.393943 -0.491858 4.441586
0.392381 -0.491638 1.845498
0.398572 -0.495523 4.477056
0.392692 -0.497531 1.842203
0.454984 -0.489996 1.749604
0.395243 -0.487960 4.441586
0.395623 -0.490937 1.843453
0.393753 -0.491560 1.843453
0.389093 -0.491777 1.844926
0.394863 -0.491539 1.843453
0.392601 -0.488693 4.440306
0.389497 -0.493030 1.844926
0.394232 -0.491494 1.843453
0.400347 -0.494588 4.495535
0.396819 -0.491034 1.823376
0.259980 -0.490438 1.793376
0.390825 -0.499708 1.844706
0.402280 -0.492319 4.530905
0.394984 -0.488006 4.441586
0.392715 -0.484729 4.441001
0.396186 -0.488683 4.441586
0.178961 0.196759 6.107025
0.390572 -0.491268 1.844926
0.389738 -0.491663 1.844926
