-0.344319 0.917560 4.192345
-1.256617 1.168812 1.624345
-0.849634 1.774799 2.008465
1.342787 -6.295612 5.965230
3.083572 -1.286826 8.924055
-5.715036 2.006112 -6.533284
-5.431279 1.610370 -6.186505
-0.619177 0.195617 2.892984
-0.518601 1.121351 3.254451
-2.406126 -2.923596 3.383387
1.073105 6.557861 5.155634
-1.621791 -2.358550 3.049600
-0.866313 0.650137 2.738781
-0.827397 1.112082 2.821539
-0.068045 -0.353018 2.416640
-0.048859 -0.277046 2.308520
-2.014580 2.264220 1.571563
-2.661240 -1.686203 -0.100929
-2.413070 -2.695540 3.254602
1.027018 6.572514 5.212700
-0.044298 4.030945 -5.479606
-0.755410 0.593686 2.556943
-1.554161 6.072915 3.120087
1.006578 -6.120653 5.676197
1.228366 -5.976253 6.716572
-2.327433 1.691106 2.014140
-2.049407 2.402004 0.833969
-1.834162 1.903875 0.972142
-2.383168 -1.778342 0.061955
1.013408 6.616391 6.452808
-1.341583 1.136818 2.628746
-1.824718 1.674324 2.004965
2.158059 -6.857810 -3.412874
1.953391 5.596652 -3.547707
0.733287 4.811970 -3.801536
-0.903904 4.813016 3.587222
-2.880374 1.569009 1.094055
-1.902814 2.045995 2.027967
-1.983382 2.229046 1.625782
-5.089222 5.161079 1.395251
-4.955913 5.216734 1.844735
-1.463298 1.582130 1.520488
1.081834 5.310472 -5.182915
0.504198 4.843092 -4.997452
-1.275115 5.022355 2.794691
6.540690 4.029754 2.344156
5.902771 4.543227 2.068105
-2.474616 1.495137 1.289678
-5.120686 5.473424 1.831611
-5.142836 5.049108 1.512335
-4.118138 -5.879966 5.205523
-1.091590 5.299503 2.662440
0.669830 5.231904 -6.073651
5.179417 -5.953951 -3.473750
1.061510 5.043503 -4.640867
6.652276 4.429108 1.401036
5.882533 4.861989 2.765822
6.161387 4.637343 1.378258
5.293333 4.353007 3.932693
-5.427377 4.494264 -0.551064
-4.289645 -5.191300 9.364421
3.853276 -5.648114 4.970357
-1.489018 -2.349416 3.213526
1.037000 -6.496135 5.822764
0.775573 5.044601 -5.551060
1.249901 6.790783 5.979311
-6.757605 6.286932 -11.303769
6.485595 4.809760 2.197814
-4.730301 -5.146598 9.568589
-4.826930 5.772705 1.306027
-1.401889 5.191937 3.500836
-1.487085 5.144328 3.729129
0.883036 -5.717181 5.546839
2.490080 -6.713999 -3.032773
6.027415 -6.671053 -0.745003
-6.470593 4.887507 9.984129
-5.128323 -5.599098 9.474940
6.143710 4.678938 1.737832
-5.673035 -1.394259 7.619885
-1.467324 5.432382 3.566835
0.988242 6.571597 5.473859
-1.121907 5.531202 3.556141
2.843496 -3.231810 9.649594
-0.386374 -0.374239 2.364014
6.347507 -3.902909 9.212289
3.535181 -5.405029 5.244103
5.614619 -3.057364 2.750183
-0.550074 -5.661461 9.346534
-3.138200 -3.972237 9.181249
0.746224 6.863015 6.077398
-2.202346 -3.086532 3.260573
-1.579330 0.832424 1.536341
2.478255 -1.040528 8.976117
3.113191 -4.677893 2.978637
2.962168 -1.676436 8.691563
-6.451552 2.327957 0.397012
2.727365 -1.241189 8.581163
-3.341702 -4.156977 9.085996
-2.799009 -3.707717 9.572867
0.563655 -6.563960 5.966934
-0.112556 0.736916 1.777541
-0.224928 0.888247 3.526271
-0.063560 0.809187 2.595678
-0.144586 0.360840 3.114302
-0.126658 0.575508 2.709278
-0.380628 0.085193 3.214220
-0.184809 0.846351 3.296126
-0.269698 0.880625 2.525637
-0.539398 0.070974 3.003824
-0.234849 0.167181 3.778177
-0.109236 -0.003272 2.759171
-0.139217 1.109083 2.536389
-0.410707 0.161793 3.030387
-0.291851 0.412777 2.642615
-0.379750 0.538661 2.596970
-0.021929 0.926613 3.006106
-0.213751 0.653957 3.315211
-0.389991 0.234138 3.048319
-0.183896 0.356308 2.458990
-0.320202 0.678162 3.017149
-0.319975 0.550198 2.673733
-0.121756 0.652696 3.085025
-0.319626 0.625956 2.218504
-0.146677 0.995435 3.345437
-0.142820 0.291480 2.346694
-0.221464 0.564793 2.991257
-0.456612 0.247319 2.980945
-0.142769 0.914840 3.324965
-0.250643 0.638252 2.938290
-0.396480 0.518910 3.096388
-0.166906 0.552217 2.614701
-0.145819 0.653058 3.176281
-0.368422 0.492199 2.531520
-0.190904 1.069376 2.659172
-0.167023 0.954256 1.549049
-0.384555 0.560254 3.133127
-0.038030 0.601638 3.101081
-0.300699 0.679438 3.145280
-0.165633 0.699135 2.816137
-0.323253 0.274719 2.999377
-0.248268 0.414090 3.015201
-0.163186 0.687168 3.395787
-0.362892 0.475999 2.931542
-0.127239 0.571696 3.362227
-0.257752 0.537585 2.900622
-0.129260 0.418859 2.892231
-0.305259 0.097113 2.598477
-0.242928 0.705476 2.921750
-0.317678 0.405869 2.066417
-0.243367 0.714420 3.061446
-0.262620 0.963685 2.932327
-0.166075 1.009523 2.894193
-0.199323 0.267927 2.949336
-0.405373 0.540186 2.616063
-0.361120 0.143682 2.913868
-0.330665 0.143244 3.225503
-0.134562 0.485282 3.265726
-0.439699 0.469419 2.330438
-0.270621 0.488856 2.833111
-0.202328 0.277477 2.738062
-0.241328 1.041345 3.175596
-0.219998 1.160360 2.729492
-0.271295 0.562451 3.061040
-0.288231 0.404782 2.770559
-0.204627 0.552864 2.469121
-0.122886 0.776554 2.635101
-0.186604 0.631141 3.128648
-0.269446 0.700744 3.001604
-0.251921 0.165780 3.100416
-0.247411 0.435154 2.767499
-0.325635 0.490785 2.706729
-0.148314 0.708247 2.440172
-0.340392 0.208753 2.576301
-0.274052 -0.000844 3.655237
-0.201668 0.751575 3.028891
-0.356894 0.591131 3.104195
-0.303008 0.713725 2.971654
-0.178440 0.099963 2.809480
-0.177053 0.382695 2.915107
-0.358716 0.440957 3.047050
-0.297781 0.663206 2.897903
-0.308366 0.966721 2.569627
-0.217228 0.359648 3.352340
-0.321583 0.356162 2.996833
-0.406319 0.037551 2.239443
-0.339240 0.527933 3.097705
-0.092484 0.993835 1.890044
-0.271420 1.160048 2.461885
-0.242469 0.360169 2.932621
-0.366441 0.319187 3.300835
-0.252315 0.468901 3.000054
-0.147398 -0.136104 2.193977
-0.259848 -0.029489 3.374803
-0.251070 0.250782 2.924353
-0.121745 0.469000 2.888831
-0.076306 0.420411 3.053440
-0.259991 0.503885 2.386558
-0.100830 1.159742 3.190349
-0.252743 0.808982 2.397374
-0.134410 0.755701 2.182186
-0.341146 0.460132 3.406982
-0.394357 0.832815 2.705232
-0.297484 0.184590 3.039903
-0.285720 0.199391 2.937880
-0.081516 0.929824 2.890072
-0.198091 0.608779 2.808682
-0.466662 0.154274 3.207701
-0.157585 0.464582 3.205725
-0.216775 1.018268 3.543661
-0.114834 0.742499 3.262941
-0.346349 0.432885 2.641287
-0.316825 0.943773 2.399680
-0.309304 0.575555 3.105350
-0.191691 -0.133919 2.718475
-0.183723 0.583651 2.711081
-0.137359 0.391480 2.978500
-0.360269 0.372345 2.609009
-0.195879 1.077253 2.057661
-0.100704 0.170393 3.179465
-0.289021 0.566853 2.219829
-0.208811 0.981336 3.583972
-0.289303 0.670656 2.221253
-0.148168 0.891537 2.161740
-0.413175 0.670485 2.258783
-0.154136 0.405156 3.307875
-0.281630 0.409882 2.414875
-0.155916 0.725465 3.047120
-0.179355 0.616789 2.815040
-0.087133 0.859446 2.866166
-0.263906 0.504906 2.566827
-0.195999 1.118119 2.771259
-0.278503 0.761252 2.964126
-0.410406 0.355641 2.805658
-0.169993 0.637883 2.113666
-0.231990 0.576432 2.148218
-0.230395 0.254054 2.516091
-0.202213 0.370735 2.443363
-0.115687 0.556526 2.940372
-0.114826 1.315603 2.853136
-0.391171 0.490366 2.271806
-0.229044 0.533271 3.333745
-0.226294 0.514782 2.244020
-0.332703 0.494041 3.182778
-0.318920 0.709379 2.726478
-0.193612 0.527409 1.993217
-0.122788 0.306993 3.135054
-0.166510 0.636407 3.008325
-0.102172 0.436708 3.032604
-0.358714 0.194752 3.524990
-0.181788 0.706403 2.277808
-0.291941 0.381502 2.356601
-0.225357 0.338283 3.180332
-0.367269 0.837532 2.806108
-0.222121 0.209373 3.111414
-0.279208 0.754982 3.024132
-0.420394 0.624870 3.155272
-0.319181 0.963347 2.755120
-0.289028 0.820426 2.642066
-0.147828 0.596115 2.864451
-0.134593 0.848255 1.856024
-0.256574 0.930863 3.230985
-0.198150 0.614251 2.944252
-0.383224 0.674211 2.590503
-0.177398 0.622646 3.698082
-0.197272 0.787904 2.409091
-0.326198 0.710423 3.306449
-0.371468 0.634704 1.989299
-0.186187 0.474022 3.848258
-0.154786 0.589186 3.826838
-0.316250 -0.058441 3.088648
-0.148105 0.550823 1.619719
-0.337586 0.412699 3.767462
-0.261102 0.469560 2.991665
-0.243183 0.497385 2.478283
-0.359652 0.800397 2.534794
-0.385718 0.841474 2.943471
-0.219055 0.800524 2.537028
-0.213828 0.248269 2.980595
-0.298970 0.576568 2.912036
-0.223290 0.558798 2.889560
-0.315666 0.673019 3.176413
-0.158943 0.997342 2.862931
-0.196701 1.004623 3.477242
-0.112282 0.718792 2.735645
-0.293158 0.999392 2.650777
-0.432413 0.630271 3.146791
-0.114233 0.790040 2.858693
-0.392280 0.545241 3.194410
-0.066122 0.906123 2.590919
-0.189723 0.295824 3.511498
-0.325327 0.690540 2.759067
-0.124820 0.595316 2.794145
-0.268574 0.630163 4.123833
-0.353340 0.457289 3.087899
-0.155298 0.605159 3.380299
-0.100487 0.052310 3.012964
-0.047786 0.566374 2.874000
-0.347695 0.665823 3.160270
-0.274287 0.721148 2.463143
-0.191151 0.177357 2.260517
-0.097283 0.672554 2.295889
-0.227007 0.720119 3.458281
-0.234121 0.703312 4.016761
-0.241801 0.635547 2.287613
-0.328363 0.541984 2.306099
-0.134357 0.636414 2.804799
-0.459120 0.131799 2.838402
-0.269292 0.942432 2.965878
-0.069354 0.672012 3.256665
-0.212677 0.473233 2.816000
-0.233338 0.794092 3.764263
-0.311680 0.770410 3.046681
-0.331983 0.495983 2.458937
-0.148876 0.496733 2.820819
-0.273787 0.406837 2.699872
-0.319399 0.656010 3.130854
-0.322544 0.875601 3.056502
-0.177116 0.649111 3.622695
-0.369763 0.094137 2.702619
-0.355110 0.602598 2.245033
-0.015621 0.459078 2.606422
-0.196775 0.593231 2.501856
-0.222281 0.745313 2.817452
-0.320716 0.615406 3.045181
-0.137728 1.071720 3.018039
-0.389148 0.669543 2.655489
-0.319299 1.029595 2.147455
-0.291757 0.566066 2.879047
-0.161142 0.409253 3.149469
-0.179172 0.532314 3.641589
-0.253739 0.199471 3.042994
-0.373137 0.796967 2.289085
-0.077413 0.464972 2.617504
-0.126236 0.296301 3.412007
-0.297822 0.644876 2.641655
-0.153169 0.508509 2.276271
-0.143602 0.603667 3.609611
-0.330451 -0.034564 2.991459
-0.388744 0.488685 3.239829
-0.437628 0.070289 2.880870
-0.223382 1.045474 2.983525
-0.272515 0.535822 2.117520
-0.209709 0.565861 2.615263
-0.289455 0.319484 3.596508
-0.116282 0.709830 2.801043
-0.320930 0.608466 3.059555
-0.304288 0.459941 2.447620
-0.203097 0.483703 3.263585
-0.176965 0.995402 3.190751
-0.225614 0.783949 2.592410
-0.321769 0.679651 3.156114
-0.249170 0.320193 2.970613
-0.322775 0.414970 3.321869
-0.185922 0.725921 2.771160
-0.269696 0.236371 2.866576
-0.296876 0.770593 2.328500
-0.333560 0.706643 2.385205
-0.335510 0.373626 2.716625
-0.173356 0.639628 3.862153
-0.395294 0.265419 2.937148
-0.285501 0.355232 2.391776
-0.103828 0.795199 2.802880
-0.299841 0.749156 2.581981
-0.198562 0.612249 2.270730
-0.143994 1.063980 3.016014
-0.244243 0.995938 3.828082
-0.351691 0.840490 3.463989
-0.234009 0.490788 2.794688
-0.253495 0.365678 3.185210
-0.187833 0.420200 3.102035
-0.317292 0.347943 2.864120
-0.256958 0.894188 3.199616
-0.150154 0.363955 3.231019
-0.275682 0.710337 2.857953
-0.335878 0.473663 1.975385
-0.267172 0.428481 2.367035
-0.306586 0.511212 2.675833
-0.189037 0.657006 1.808095
-0.081678 0.611000 2.092770
-0.248450 1.060651 2.351267
-0.312726 0.247424 3.183942
-0.379005 0.783038 3.179649
-0.236095 0.601730 3.018792
-0.152439 0.854702 3.162036
-0.245459 0.540428 2.521249
-0.217118 0.991209 3.323950
-0.198845 0.501498 2.928388
-0.277178 0.523120 2.584561
-0.300475 0.525508 3.176743
-0.190758 0.747681 3.553547
-0.166604 0.483819 2.927529
-0.128007 0.951876 2.442642
-0.260745 0.528313 2.165977
-0.254253 1.011878 2.083950
-0.310836 0.247263 3.029694
-0.194524 0.465184 1.549350
-0.291213 0.394391 3.111304
-0.267635 0.613965 2.616858
-0.117830 0.705838 3.338014
-0.256539 0.226220 2.619862
-0.021557 1.288915 2.975850
-0.368357 0.743569 2.811490
-0.110313 0.666470 3.265679
-0.243078 0.843552 2.663199
-0.323194 0.413290 3.849557
-0.282634 0.515132 2.274064
-0.145889 0.439594 2.886906
-0.165594 0.509588 2.959971
-0.138873 0.720327 3.658162
-0.215098 0.563681 3.402183
-0.099988 0.762471 2.084824
-0.315691 0.321116 2.486923
-0.374911 0.400051 3.654064
-0.301976 0.610189 2.979868
-0.234033 0.408545 2.956062
-0.088082 0.653545 1.931222
-0.212739 0.444784 2.579150
-0.361171 0.686778 2.888008
-0.391098 0.199259 2.329744
-0.211375 0.898455 2.485338
-0.352175 0.357868 3.303737
-0.307488 0.895812 2.556906
-0.293960 0.542884 3.131821
-0.174573 0.979639 3.343363
-0.265899 0.696264 3.010385
-0.171581 0.531352 2.851201
-0.072953 0.964770 2.088282
-0.310445 0.493463 2.532462
-0.062181 0.791699 2.454486
-0.258604 0.908649 2.095558
-0.357801 0.497715 2.609677
-0.314447 0.092475 2.969400
-0.325090 0.559688 2.748030
-0.251691 0.633714 3.161963
-0.070877 0.796573 3.301555
-0.291322 0.500433 2.812165
-0.138436 0.640394 3.187468
-0.109022 0.710991 1.886443
-0.140052 0.350334 2.090128
-0.285308 0.646121 3.050551
-0.232095 0.372412 2.949024
-0.287791 0.722817 2.530091
-0.318221 0.757138 3.039655
-0.313065 0.684106 2.823610
-0.372889 0.898610 3.342604
-0.194180 0.917595 3.107132
-0.304373 0.330213 2.871094
-0.245565 0.642552 3.119138
-0.334948 0.548227 3.352974
-0.445963 0.124141 2.335029
-0.242331 0.696871 3.041012
-0.273427 0.166612 2.572009
-0.161277 0.666201 2.731267
-0.230671 0.625749 3.875492
-0.258388 0.526506 2.671174
-0.107929 0.565635 3.630336
-0.112936 0.751883 2.672085
-0.445192 0.790179 2.468340
-0.254700 0.076386 3.080991
-0.116716 0.936222 2.499171
-0.213626 0.440007 2.048970
-0.353672 0.473713 2.316815
-0.380201 0.321560 3.317301
-0.199416 0.276635 2.395052
-0.122483 0.646566 2.375580
-0.316494 0.605781 3.162405
-0.225307 0.755343 2.497291
-0.194151 0.792606 2.630459
-0.474532 0.206617 2.955551
-0.219001 0.810553 2.851963
-0.131306 0.893495 2.565220
-0.257199 0.303930 3.197407
-0.183379 1.198595 3.536528
-0.416946 0.761018 3.110714
-0.180101 0.627437 3.628414
-0.328755 0.541101 3.154725
-0.099265 0.726600 3.511197
-0.253928 0.415491 2.424905
-0.384596 0.457724 3.831970
-0.196970 1.334709 2.160320
-0.375662 0.677180 2.830966
-0.376505 0.477332 3.030013
-0.303159 0.506574 2.674182
-0.091888 0.488184 3.052312
-0.329196 0.410024 3.076294
-0.263782 0.694219 2.582763
-0.213955 0.874999 2.875640
-0.163212 0.219425 2.935714
-0.257371 0.424667 3.061333
-0.343259 0.582701 2.768879
-0.151934 0.605809 3.266429
-0.263260 0.599516 3.426268
-0.107394 0.750714 2.973529
-0.046703 0.692888 3.452700
0.007353 1.097496 2.767462
-0.171883 0.886240 2.284326
-0.361925 0.273391 3.256249
-0.310833 0.684896 2.513686
-0.377308 0.340518 2.293515
-0.306615 0.643263 2.648216
-0.166947 1.244175 3.275320
-0.153583 1.094261 2.250442
-0.203228 0.274258 3.473086
-0.164675 0.829381 2.588952
-0.439837 0.477257 3.092376
-0.181646 0.845749 2.696109
-0.321424 0.725241 3.513895
-0.157321 0.580220 3.169596
-0.195738 0.253809 2.193849
-0.217606 0.898815 3.618663
-0.294166 0.847723 2.284306
-0.157999 0.578561 2.764480
-0.225297 0.947911 2.978636
-0.156237 0.578649 3.607878
-0.192274 0.684537 2.536249
-0.109944 0.591470 2.805516
-0.223995 0.589552 3.384016
-0.191256 0.696129 2.787762
-0.272720 0.762801 2.636037
-0.248337 0.787455 1.941245
-0.291985 0.820782 2.962182
-0.266006 0.839064 3.068257
-0.234995 0.306210 3.038894
-0.252643 0.479778 3.834698
-0.287624 0.524385 2.727556
-0.299699 0.375848 2.941733
-0.355825 0.425049 2.812801
-0.366388 0.532691 2.458975
-0.263350 0.672718 2.914454
-0.229075 0.632395 2.758592
-0.350197 0.536163 3.024458
-0.161137 0.534052 3.238586
-0.101600 0.882941 2.400185
-0.171218 0.779142 3.295518
-0.421314 0.681425 2.799497
-0.482566 0.616334 2.447736
-0.255695 0.543061 2.359837
-0.202197 0.927428 2.501158
-0.118406 0.584993 2.409904
-0.161025 0.336421 2.537083
-0.403862 0.236534 2.880498
-0.270933 0.782173 3.324841
-0.265077 0.494100 2.662787
-0.148486 0.705551 2.648389
-0.282445 0.592217 3.463306
0.032003 0.812859 2.983695
-0.258077 0.865792 3.251306
-0.189652 0.725916 2.547135
-0.225660 0.686278 2.837286
-0.153328 0.551214 2.441342
-0.323389 0.613661 2.997642
-0.200739 0.475114 2.747759
-0.247003 0.433564 2.468819
-0.298705 0.478453 3.129323
-0.343501 0.655118 3.014836
-0.370507 0.458736 2.941096
-0.326364 0.835028 2.277569
-0.083919 0.842062 3.328626
-0.321764 0.161327 3.623867
-0.239331 0.551124 2.469993
-0.305357 0.660364 4.012319
-0.150894 0.545273 2.947463
-0.220670 0.618453 3.624581
-0.137063 -0.126079 2.615062
-0.276767 0.680066 3.373286
-0.228058 0.684809 2.369413
-0.384333 0.700351 3.711774
-0.166765 0.718288 2.751986
-0.119804 0.711309 2.303703
-0.264289 0.719236 2.774547
-0.113638 0.831266 2.994633
-0.151340 0.888776 3.890611
-0.136921 0.675048 2.716965
-0.339566 0.453764 3.928355
-0.189352 0.860093 2.572290
-0.278681 0.599466 2.823791
-0.089262 0.800988 3.490260
-0.151189 0.499864 2.756682
-0.276661 0.983392 2.184297
-0.237496 0.472791 1.925916
-0.194951 0.689375 3.126921
-0.106542 0.721350 3.059428
-0.353836 0.815191 2.142783
-0.230291 0.774542 2.396707
-0.349898 0.474158 2.408958
-0.150608 0.706872 3.049687
-0.283203 0.820798 3.217263
-0.232294 -0.048907 2.786103
-0.279994 0.415995 3.341119
-0.342719 0.716272 2.897596
-0.381447 0.324070 3.440290
-0.227927 0.825545 2.836795
-0.127989 0.472925 2.980358
-0.161186 0.477548 3.489625
-0.009396 0.228165 2.877025
-0.084856 0.825140 2.917841
-0.156584 0.921421 2.255660
-0.217655 0.471611 1.944182
-0.234466 0.566447 2.459292
-0.162673 0.431263 2.677565
-0.163827 0.694309 3.279718
-0.198108 0.859178 2.024362
-0.222738 0.759432 3.272574
-0.066541 0.340199 2.933488
-0.222631 0.188143 2.949720
-0.349503 0.501928 2.753866
-0.225960 0.601688 1.940576
-0.230651 0.728248 2.975384
-0.175573 0.630919 3.331466
-0.149917 0.495258 3.570263
-0.250959 0.395302 3.138475
-0.365636 0.437889 2.859814
-0.263162 0.581105 2.861324
-0.294806 0.627033 2.244651
-0.514433 0.510118 2.884434
-0.270362 0.670193 3.257999
-0.043136 0.813569 3.166159
-0.336057 0.336912 2.793458
-0.271786 0.444516 2.636909
-0.108069 0.621188 2.858058
-0.171458 0.903028 2.490903
-0.082895 0.386600 1.974187
-0.266030 0.822812 3.146546
-0.389710 0.600546 2.996086
-0.124463 0.584798 3.357522
-0.247431 0.566989 1.933440
-0.144748 0.587932 2.888404
-0.303769 0.500184 3.632207
-0.349320 0.567774 2.354760
-0.419671 0.174264 2.290075
-0.300868 0.414528 3.220518
-0.171904 0.168916 2.931111
-0.080058 1.133746 3.118507
-0.187087 0.624120 2.523830
-0.235886 0.456000 2.261558
-0.187509 0.759338 3.259345
-0.176786 1.080395 2.700135
-0.202882 0.715953 2.563860
-0.232319 0.844449 3.257447
-0.302260 0.474568 2.630140
-0.308914 0.251059 2.955837
-0.156669 0.443809 2.800630
-0.209200 0.181631 3.152530
-0.288736 0.264735 2.749083
-0.246831 0.515013 3.278228
-0.191250 0.733952 2.213367
-0.208959 0.432063 1.709496
-0.228928 0.747848 3.496004
-0.410107 0.404257 2.508918
-0.271671 0.620209 2.820736
-0.376108 0.739490 3.622792
-0.261574 0.154629 3.209675
-0.128999 0.840841 3.551637
-0.235674 0.554338 2.538851
-0.211640 0.886270 2.255990
-0.264159 0.364525 3.210472
-0.210071 0.271120 3.443226
-0.194100 0.934736 2.620563
-0.175947 0.302200 2.229029
-0.207012 1.159885 3.582598
-0.315198 0.840396 2.394481
-0.244206 0.808258 2.250099
-0.196573 0.469806 2.697569
-0.228065 0.305052 2.482035
-0.216629 0.449644 3.302967
-0.134384 0.729261 3.347634
-0.296943 0.282091 2.692592
-0.058682 1.098991 3.944887
-0.230059 0.639981 2.589684
-0.324346 -0.037372 3.289344
-0.179307 0.719199 2.858152
-0.150213 1.341150 2.355512
-0.363355 0.761985 3.174784
-0.119746 0.869444 3.069854
-0.292895 0.562766 3.199526
-0.113357 0.676863 2.889496
-0.223950 0.615183 2.680732
-0.388475 0.213943 2.116430
-0.262439 -0.098419 2.588337
-0.214548 0.782946 3.092324
-0.221230 1.001092 3.408882
-0.342315 0.269680 3.803142
-0.278367 0.492763 3.214427
-0.307566 0.290138 2.481088
-0.313431 0.674490 2.618249
-0.268826 0.590708 2.701948
-0.209491 0.953721 2.387243
-0.230085 0.376749 3.694381
-0.092678 0.517725 3.503991
-0.170341 0.036262 2.805079
-0.209730 0.402283 3.324820
-0.342718 0.653858 2.650177
-0.242205 0.758518 2.963057
-0.345985 0.530404 2.749894
-0.181411 0.782565 3.535555
-0.219623 0.313254 2.630023
-0.064171 0.374378 2.899163
-0.342096 0.801344 2.567749
-0.234924 0.166067 3.107671
-0.363293 0.496502 3.167167
-0.179885 0.704146 3.451222
-0.109278 0.430014 2.901499
-0.207091 0.360870 3.227182
-0.221200 0.440297 2.866752
-0.187880 0.596558 3.161749
-0.142216 0.911360 3.357186
-0.100009 0.510312 3.651079
-0.381712 0.441830 2.753462
-0.255461 0.767012 2.863232
-0.115545 0.433276 2.944200
-0.096613 1.009023 3.110070
-0.184432 0.613033 2.656803
-0.064391 1.347310 2.357930
-0.096539 0.897648 2.796637
-0.235431 0.342563 3.136492
-0.231064 0.930937 3.048606
-0.226866 0.445067 2.667419
-0.095006 0.341412 2.940753
-0.166480 1.039075 2.327478
-0.265239 0.805271 2.872998
-0.060252 0.223252 2.390839
-0.163648 1.125888 2.950229
-0.175309 -0.006092 2.914628
-0.331881 0.855269 2.797439
-0.386111 0.757495 2.391419
-0.193367 0.888552 2.949528
-0.364533 0.469339 2.958355
-0.233675 0.460927 3.142076
-0.205822 0.707320 3.090172
-0.322002 0.607100 2.893205
-0.197119 0.263480 2.515635
-0.124961 0.467736 1.944978
-0.309458 0.228434 2.624711
-0.182064 0.670804 2.602681
-0.266080 0.451097 2.850226
-0.301246 0.631506 2.851712
-0.250343 0.650122 3.677273
-0.156190 0.330408 2.629327
-0.321638 0.516742 3.173811
-0.209717 0.496253 2.830030
-0.154356 0.492610 2.553532
-0.298748 0.519669 3.374426
-0.218942 0.491785 2.556239
-0.220459 0.443794 2.772350
-0.145964 0.542239 2.478056
-0.201416 0.473796 3.301744
-0.273725 0.723141 2.739969
-0.219077 0.346681 2.684079
-0.253418 0.452914 2.722319
-0.241245 1.223876 2.745528
-0.131956 0.018308 2.809521
-0.320713 0.819280 2.933322
-0.303120 0.518813 3.070032
-0.366785 0.727018 2.688239
-0.428575 0.189143 3.038232
-0.207416 0.268192 2.953955
-0.183555 0.184751 2.237130
-0.178742 0.302201 2.874209
-0.250056 0.636671 3.098064
-0.284767 0.828176 3.762027
-0.365568 0.315117 2.913577
-0.328629 0.518534 2.941490
-0.180180 0.759511 2.343409
-0.359050 0.485289 3.500580
-0.040774 0.251060 2.980764
-0.232588 0.949324 3.142176
-0.322471 0.646350 3.019173
-0.229334 0.293684 2.531241
-0.238560 0.383483 3.214937
-0.143841 0.620540 2.177958
-0.353944 0.351779 3.101892
-0.232088 0.564098 3.208101
-0.214931 1.052349 3.394078
-0.413266 0.440333 2.883707
-0.263104 0.269319 3.710696
-0.327783 0.547982 3.379207
-0.137312 -0.144165 2.879263
-0.305206 0.603075 3.010484
-0.286552 0.496234 3.093488
-0.333106 0.727110 1.958165
-0.211546 0.949215 2.430359
-0.297831 0.456758 2.848200
-0.261077 0.786109 2.381555
-0.220202 0.746429 2.839321
-0.215401 0.342765 3.052935
-0.273768 0.775249 2.819447
-0.171521 0.800927 2.322793
-0.257495 0.594696 3.068244
-0.254748 0.892512 3.321816
-0.143120 0.791750 2.054136
-0.337471 0.328610 2.845168
-0.167154 0.601768 2.548377
-0.215141 0.872773 2.618001
-0.199573 0.511834 2.747086
-0.159361 0.640829 3.299024
-0.233050 0.603922 2.951861
-0.150690 0.332654 2.761807
-0.383045 0.743723 3.866041
-0.082383 1.230048 3.210702
-0.079429 0.643585 3.004402
-0.326279 0.316230 3.147539
-0.225895 0.228600 2.355436
-0.352481 0.660187 2.981968
-0.290314 0.831977 2.500503
-0.379425 -0.032431 2.725825
-0.350171 0.014397 2.931330
-0.286046 0.693300 2.483431
-0.284654 0.913791 2.976364
-0.149369 0.331906 2.786789
-0.187047 0.691775 2.813141
-0.223595 0.968818 2.151061
-0.300903 0.318383 2.634390
-0.159403 0.529310 3.119381
-0.404598 0.049402 2.538553
-0.330899 0.199289 3.514801
-0.107500 1.010044 2.650878
-0.345545 1.028231 3.097323
-0.207190 1.004547 3.059092
-0.230584 0.105838 3.387220
-0.153010 0.561481 3.296751
-0.383978 0.927143 2.449314
-0.331671 0.737349 2.984921
-0.268571 0.495098 2.918111
-0.423349 0.424230 2.576022
-0.218006 1.023121 3.382521
-0.138337 1.011794 2.842246
-0.256272 1.008237 3.501485
-0.305984 0.356149 3.346951
-0.398866 0.273045 3.194740
-0.246401 0.719383 2.757811
-0.217917 0.796514 2.745417
-0.340019 0.282663 2.580930
-0.164343 0.567151 2.346146
-0.126069 0.934991 2.532699
-0.152328 1.433382 2.997527
-0.248052 0.656957 2.855591
-0.246572 0.832810 3.233828
-0.196719 0.725364 2.326341
-0.067306 0.824382 3.353658
-0.260530 0.894246 3.396621
-0.264216 0.584483 3.119265
-0.226411 0.707214 2.942693
-0.272310 0.846902 3.882303
-0.151313 0.663881 3.007130
-0.260770 0.998969 3.610599
-0.192503 0.520267 2.361651
-0.334093 0.252333 3.299181
-0.256197 0.641422 2.449625
-0.105117 0.873538 3.058427
-0.150416 0.911289 2.178468
-0.257011 0.565421 1.573044
-0.171340 0.339877 2.570410
-0.146633 0.188296 3.177325
-0.156648 0.159099 3.844005
-0.238375 0.823954 2.889944
-0.252139 0.216303 3.011630
-0.389337 0.723500 2.370939
-0.249264 1.045919 2.232726
-0.225413 0.793036 2.378690
-0.312404 0.649827 2.413992
-0.139614 0.029060 3.451109
-0.297711 0.785959 1.282564
-0.136669 0.593296 3.488079
-0.172647 0.699212 3.642847
-0.156699 0.083336 2.755681
-0.243993 0.633871 3.482152
-0.306329 0.438263 3.099933
-0.218157 0.531922 2.390346
-0.284323 0.289328 2.244864
-0.485826 0.694689 3.275581
-0.326653 0.508305 2.781252
-0.212457 0.740357 2.983751
-0.363910 0.423576 3.268826
-0.060065 0.448813 3.404031
-0.196201 0.228989 3.448639
-0.331862 0.725413 2.719857
-0.196158 0.567393 2.060394
-0.251958 0.864103 2.275537
-0.389629 0.339026 2.588366
-0.175926 0.573338 2.307340
-0.255441 0.764144 2.684747
-0.159890 0.742523 2.473683
-0.394219 0.497452 3.239184
-0.072489 0.334521 3.098603
-0.154259 0.684709 2.606389
-0.147607 0.176751 2.674796
-0.296743 0.680915 2.971225
-0.063996 0.702771 2.573248
-0.123538 0.542898 3.035837
-0.117638 0.970038 2.909590
-0.159695 0.560260 3.041701
-0.294334 0.614017 2.796199
-0.130785 0.866609 3.083750
-0.235661 0.413039 2.534877
-0.159971 0.511890 3.374430
-0.291743 0.440634 2.965208
-0.091399 1.004121 2.538009
-0.291455 0.380173 2.704853
-0.293435 0.654496 3.291951
-0.194324 1.270832 2.421912
-0.493107 0.374338 3.311833
-0.131501 0.887691 2.658394
-0.428939 0.026626 2.672272
-0.338760 0.152848 2.892596
-0.064744 1.099507 3.007153
-0.281123 0.592797 2.895889
-0.275824 0.939469 4.208606
-0.233471 0.918016 3.062922
-0.310250 0.720858 3.834835
-0.212329 0.591754 2.242917
-0.212140 0.628627 2.869774
-0.251612 0.596848 2.775826
-0.038015 0.858029 2.753478
-0.373061 0.606113 1.822583
-0.084602 0.459543 2.974836
-0.310400 0.840732 2.907208
-0.136697 0.609960 2.637572
-0.277501 0.491812 3.022678
-0.206850 1.392425 3.438586
-0.267442 0.122504 3.006096
-0.119556 0.956851 3.244853
-0.279699 0.172992 2.751964
-0.282396 0.587570 3.091601
-0.201459 0.855461 3.398195
-0.061333 0.886132 2.508924
-0.269591 0.277953 3.374766
-0.133090 0.869716 2.811804
-0.248507 0.633735 3.024855
-0.117488 0.236202 2.831290
-0.183176 0.908344 2.589462
-0.213675 0.388084 2.988851
-0.076918 1.408097 2.914668
-0.071860 0.204630 2.715632
-0.049443 0.745898 3.457600
-0.392319 0.497301 2.604672
-0.032886 0.533871 2.888357
-0.188599 1.057078 3.188190
-0.176320 0.482893 2.988823
-0.280567 0.287954 2.710206
-0.354947 0.892770 3.604366
-0.238081 0.563188 2.260835
-0.241711 0.316565 3.081904
-0.265163 0.658178 1.710111
-0.140039 0.887285 3.094700
-0.413662 0.492311 3.250771
-0.308115 0.318564 2.822924
-0.131933 0.560317 2.456993
-0.275746 0.842472 3.378257
-0.233065 0.790902 3.453417
-0.260913 0.769690 3.586269
-0.231823 0.754637 3.558603
-0.362816 0.688242 1.956987
-0.370167 0.499844 3.112182
-0.380989 0.656741 2.878275
-0.042657 -0.081588 3.086865
-0.134782 0.996422 2.465356
-0.290995 0.742500 2.308067
-0.426787 0.581088 2.404694
-0.398305 0.373245 2.035915
-0.212439 0.682142 2.424680
-0.114698 0.482785 2.883488
-0.376616 0.907638 3.058707
-0.379469 0.664337 2.940256
-0.231664 0.207281 2.905948
-0.248028 0.902872 3.771646
-0.200522 0.137100 2.176623
-0.221777 0.241170 3.249751
-0.164799 0.734757 3.017578
-0.194415 0.511463 2.279003
-0.236411 0.461910 2.564809
-0.131231 0.596422 2.791153
-0.353084 0.803728 3.421408
-0.204724 0.408399 2.698031
-0.163835 0.600534 3.430662
-0.337203 0.332299 3.256642
-0.102036 0.352576 2.475365
-0.332660 0.141062 3.921595
-0.282910 0.506671 3.402531
-0.381100 0.480817 2.396916
-0.248314 0.685074 2.510589
-0.390561 0.381121 2.756821
-0.290311 0.479347 2.708609
-0.326793 0.432878 2.472567
-0.088820 0.424967 2.645157
-0.237864 0.102098 3.292039
-0.152191 1.040628 2.434867
-0.248538 0.389140 2.070843
-0.248565 0.368244 3.352278
-0.171363 0.480208 3.082973
-0.250069 0.634201 3.064313
-0.290172 0.803026 3.194145
-0.228254 0.361174 2.697018
-0.288290 0.614020 2.784555
-0.312469 0.790343 2.624674
-0.362335 0.324403 2.987236
-0.103982 0.441135 3.241166
-0.272837 0.639118 2.191318
-0.091247 0.889342 2.180908
-0.171667 0.707088 2.788296
-0.293700 0.627070 3.077991
