-0.481527 -0.058023 0.235957
0.121363 0.437001 0.222226
0.183734 0.460600 1.204172
0.029502 -0.143971 -0.708465
0.472426 -0.209139 1.657169
0.127957 0.303416 -0.757797
0.353084 -0.049180 1.629028
-0.079374 0.158641 0.230513
-0.457940 -0.101881 0.375958
0.473614 -0.499591 1.024648
-0.468744 -0.381908 1.163964
-0.192109 -0.083965 0.039919
0.072545 0.008186 0.235020
0.058575 0.094793 -0.546977
0.453179 -0.496081 0.872707
0.195270 -0.057258 -0.635843
-0.118990 0.301800 0.387726
-0.037952 0.373463 0.151632
-0.427144 -0.385943 0.723038
-0.037303 0.110569 0.500118
-0.013394 0.258295 0.574921
-0.032101 -0.043778 0.301434
-0.259088 -0.348970 0.130706
0.068301 -0.106825 1.104565
-0.229661 -0.151382 1.632928
-0.168618 0.104904 2.580224
0.305763 0.469438 0.608615
-0.468941 -0.039546 0.502561
-0.263136 -0.178030 0.119923
-0.078455 0.080673 0.423184
-0.309904 -0.356702 0.458936
0.189959 -0.192544 0.304136
0.161335 0.226946 1.153201
0.307647 -0.295208 1.192846
-0.388158 -0.382086 -0.086483
-0.362157 -0.445509 -1.434883
-0.422768 -0.459765 0.385468
-0.020529 0.257381 0.347604
-0.075136 -0.414932 1.185079
0.399261 -0.303515 -0.275483
-0.407860 -0.154318 -0.486626
-0.440664 0.378877 -0.243490
-0.024528 0.358282 0.278883
-0.319797 -0.473837 0.019991
0.202149 0.168352 -0.337053
-0.459855 -0.281632 0.635781
0.499305 -0.040654 1.088726
-0.061933 -0.396851 -0.477431
-0.331554 -0.339075 0.923489
0.370294 0.068047 1.127103
-0.200403 0.495342 1.142483
-0.489901 0.407093 0.620871
-0.049549 0.260850 -0.266256
-0.452546 -0.216613 0.371504
0.172987 -0.027096 1.058173
-0.448403 0.236368 0.657361
0.077849 0.125115 0.118538
0.297227 -0.057360 0.766948
0.000395 0.388624 0.319874
-0.099273 -0.423446 1.160537
-0.047003 0.441094 0.543222
-0.364010 0.230645 2.807024
-0.125841 -0.213428 0.655628
0.341839 -0.241289 -0.652030
-0.476064 0.147641 0.771416
0.140948 -0.411308 0.570121
-0.057739 -0.412854 0.316049
-0.007907 -0.087105 0.247253
-0.149296 0.230741 0.830696
0.300203 -0.037176 0.582327
-0.404561 0.305309 0.407049
-0.266212 -0.182373 0.480490
-0.440566 -0.206739 -0.817674
-0.261908 0.222408 0.592100
0.298318 0.079943 0.516522
0.358568 0.272227 -0.628111
-0.376743 -0.336452 0.147189
-0.481548 0.473441 0.402616
0.408805 -0.188287 0.924073
0.474971 0.042930 0.124580
0.164088 0.016315 1.295094
0.228003 0.211174 0.719674
-0.239176 -0.103406 1.168909
-0.185697 -0.392681 -0.219825
-0.311579 0.073545 -0.380982
-0.053901 -0.103703 1.301162
-0.166085 0.042415 -0.761785
-0.050559 -0.220590 1.568683
0.001726 -0.224974 -1.003042
-0.151766 -0.463143 -1.173681
0.176803 -0.003822 1.089319
0.171854 0.456183 0.407020
0.278625 0.198485 0.429033
0.348820 0.437426 0.170458
-0.435252 -0.406549 0.199120
-0.385469 0.065560 0.309771
-0.290337 0.280911 -0.334172
-0.062808 -0.478000 1.208484
0.386076 -0.176654 0.339661
-0.060103 0.328058 -0.056333
-0.473824 0.344229 0.484075
-0.016289 -0.060338 -0.783379
0.423013 -0.227086 -0.259699
-0.033690 0.285058 0.056146
-0.009411 0.199208 0.216138
0.368298 -0.235948 0.618940
0.264373 0.344977 -1.455459
-0.498032 -0.050976 1.353732
0.253615 -0.348029 1.959581
0.021692 0.150608 1.098319
0.019765 0.189369 0.167369
0.298879 0.456540 -0.285055
-0.020023 0.497606 1.250263
0.048239 0.133148 0.025908
-0.432833 0.358002 1.385937
-0.400115 -0.307147 0.278948
0.431735 0.019777 -1.148804
0.412816 -0.434796 0.783703
0.268070 0.034469 1.230848
-0.126317 -0.301586 -0.719945
0.318969 -0.363754 1.165288
-0.087366 -0.055415 0.464752
-0.210559 0.422061 1.002109
-0.469203 0.029125 1.974513
-0.097755 0.468403 -0.523953
-0.039396 0.494496 0.549971
-0.186470 -0.405854 2.473028
-0.237634 0.091778 0.981213
-0.474720 0.377717 -0.787109
0.050488 -0.382974 0.511784
0.131581 0.034484 1.084038
-0.219228 0.142763 -0.256294
0.453505 0.123217 0.220470
-0.476557 0.452928 0.413987
-0.012981 0.102298 -0.027901
-0.018800 0.078816 0.233773
-0.033974 0.446443 0.530453
-0.081136 0.349897 0.325741
0.317848 0.387679 0.434483
-0.160635 -0.398490 0.106327
-0.203348 0.161841 1.859581
-0.163727 -0.349918 0.149205
-0.327493 -0.423646 -0.909859
0.263684 0.163633 0.445399
0.189334 0.417208 0.403869
-0.069873 0.377926 0.248151
0.118417 -0.109492 -0.125714
-0.454821 0.383164 0.709739
-0.168279 -0.013273 1.234359
-0.367848 -0.263987 -0.548092
0.273551 0.491240 -0.219811
0.477280 0.325032 1.220330
-0.492126 -0.113185 0.978652
-0.247679 -0.007373 1.056967
-0.091747 0.276328 0.012404
0.369924 -0.090643 -0.091147
0.169696 -0.263566 0.858392
-0.448816 -0.239736 0.639511
-0.349436 -0.178445 0.565748
0.344528 0.452803 1.246511
-0.008289 0.039417 -1.437118
-0.015412 0.192918 0.464538
-0.325732 0.484208 1.381396
-0.171724 0.457515 1.017234
-0.482654 0.302605 0.550276
0.245720 -0.455672 0.468323
0.363917 0.313157 -0.756864
-0.469091 -0.226271 0.696353
0.298872 0.240828 0.065111
-0.490789 0.417022 0.693875
-0.449526 0.443054 0.362649
-0.315734 0.478844 0.470674
-0.295529 0.473620 0.167341
0.236616 0.366733 0.820159
-0.318928 -0.441749 0.734059
-0.340906 0.370446 0.366775
-0.213424 -0.487351 -0.508978
-0.000276 -0.445842 2.081526
0.261774 0.494984 0.423310
-0.477045 0.138767 0.207298
0.410603 0.457788 -0.129367
0.425634 -0.405125 0.477163
-0.304668 -0.455784 0.140630
0.060382 -0.441866 1.301349
-0.180743 0.222748 1.367211
-0.335014 -0.153415 -0.753395
-0.419249 0.058848 0.186974
-0.039195 0.284486 -0.354684
0.416119 -0.449558 1.140780
-0.254758 -0.036363 0.135185
-0.243015 0.432860 0.943533
0.147683 -0.441115 0.556853
-0.145031 0.274629 0.540988
-0.014930 -0.322003 0.916537
-0.425255 0.169169 -0.138085
0.113778 0.187232 1.860972
-0.258005 -0.238710 0.510956
0.352105 0.140659 1.814525
0.494158 -0.404881 1.232025
-0.415952 -0.061783 0.475878
-0.443288 0.382055 0.144359
0.092086 -0.050647 -0.227516
-0.200364 -0.463538 0.462142
-0.147908 -0.127446 1.166347
-0.397121 -0.344545 0.961531
0.012050 0.498339 1.436441
0.442278 0.460000 1.112243
-0.280731 -0.448638 -1.410284
0.172329 0.316368 2.101543
-0.016880 0.203619 0.067152
0.114355 0.093931 1.195035
0.003729 0.485730 0.945753
-0.073590 0.110057 0.521941
-0.434753 -0.005979 0.992994
0.490226 -0.343933 0.200249
-0.079269 0.265139 -0.167765
-0.439922 -0.434654 -0.069518
0.000957 -0.283193 0.444832
0.478011 -0.029876 -0.744404
0.101453 -0.175297 0.443768
0.178232 -0.205678 1.261811
0.317862 0.133886 -0.328135
-0.201484 -0.449157 -0.790604
-0.055976 -0.480099 0.932351
0.498726 0.192265 -1.171020
0.377690 0.024569 0.482706
-0.455794 0.365281 0.281969
-0.442728 -0.496769 0.841526
-0.083902 0.365161 -0.547741
0.307552 -0.185566 1.198310
0.104371 -0.375052 0.152573
0.063586 0.121974 0.447454
0.386642 -0.127091 1.488376
0.053000 0.111828 0.866444
0.023125 -0.382798 0.076508
-0.197987 -0.035352 0.791471
-0.469458 0.387361 1.818875
0.310347 -0.224322 1.008750
-0.074552 -0.434627 1.334026
-0.468664 -0.391373 0.648575
0.067955 0.330020 0.464528
0.043656 0.060511 -0.017448
0.326289 0.069038 0.079748
0.191761 -0.276381 0.312537
-0.311822 -0.429769 1.057090
-0.498469 -0.467128 0.739006
-0.483129 -0.421072 0.335647
0.331734 0.095671 -0.685692
-0.311065 0.078874 -0.473747
-0.115190 -0.067069 0.691618
-0.137963 0.256242 0.611351
0.040218 0.035236 -0.705553
0.029093 -0.124341 0.971830
-0.242105 -0.485471 1.098393
0.493107 0.066396 0.733001
-0.232390 -0.017553 -0.012040
-0.435076 0.045097 0.002419
-0.244804 0.347624 -0.179118
-0.096877 -0.406733 1.346730
0.105631 0.033432 1.584587
-0.263484 0.118572 0.643418
0.240772 0.159003 -0.085540
-0.017061 -0.092382 1.209250
-0.307967 -0.451404 0.758174
-0.204749 -0.009491 1.655563
-0.304377 -0.269637 0.775489
0.057850 0.385253 0.609824
0.265997 0.467484 0.043091
-0.356596 0.315302 0.827717
0.001598 0.021505 0.207855
0.093787 -0.240541 0.658138
-0.167227 -0.420713 1.464986
0.279218 0.116596 0.818069
-0.377771 -0.376036 0.099359
-0.485243 0.156486 0.275865
-0.005655 0.054908 1.550387
0.296265 -0.352121 1.948412
-0.167273 -0.360587 -0.308737
0.059250 -0.138437 1.048266
-0.452733 -0.266682 0.549961
-0.318219 -0.173395 -0.206519
-0.433363 0.013128 -0.501521
-0.427586 0.062318 -0.048759
-0.000189 0.157072 0.012537
0.248632 -0.212503 -0.384417
-0.032821 0.033059 1.524850
-0.332463 0.290472 0.033108
-0.061119 -0.184973 -0.004002
0.400329 -0.484330 1.382881
-0.469447 -0.441586 -0.115084
-0.250115 -0.197008 0.221589
0.083714 0.184086 0.502130
0.207411 -0.334588 1.166787
-0.472597 -0.421140 1.052976
0.496133 -0.381780 0.409607
0.159792 0.025559 1.055479
0.345429 0.413721 0.430303
0.247147 -0.199027 1.216485
-0.449447 0.157711 -0.070311
-0.436755 -0.434907 0.640105
0.018601 0.185303 0.644198
-0.030553 0.163012 -0.097618
-0.239331 -0.261016 0.781595
0.030905 0.189386 0.911832
0.463294 -0.042206 1.575926
-0.079330 0.285501 0.665641
-0.098582 0.182436 0.730683
-0.131136 0.092441 0.280421
-0.447531 0.381466 0.424470
-0.257139 -0.380043 0.265882
0.270550 0.111979 0.879958
-0.432633 -0.367350 1.046379
0.095051 -0.181130 1.177654
-0.297071 -0.270223 0.949450
0.278826 0.144108 0.737130
-0.239023 0.011053 -0.868750
0.469247 -0.261630 0.552816
-0.110851 -0.108647 0.688592
-0.300760 0.288035 0.909808
0.496852 -0.121041 0.015043
-0.287042 -0.225099 0.225637
-0.074732 0.280789 -0.048671
0.480202 0.218783 1.091995
0.426131 -0.463380 1.061212
-0.000565 0.252939 0.601320
0.256070 0.153358 1.372358
-0.160369 -0.028419 0.948346
-0.021420 0.237840 0.477928
0.098830 0.178484 1.677957
-0.412337 0.434794 0.161572
-0.259191 -0.460449 0.791745
-0.493074 0.090200 1.226613
-0.003751 0.113844 0.870816
0.132381 0.345605 -0.136235
-0.221516 0.241545 1.352821
-0.068015 0.068553 1.758256
0.471684 0.494089 1.004189
0.487038 -0.005226 0.523337
-0.073515 -0.229861 1.494865
-0.318433 0.085551 0.826830
0.027812 0.466025 -0.314452
0.499454 -0.132416 0.279683
0.392072 0.274929 0.203442
0.285005 0.464147 1.261830
-0.393933 -0.269525 0.078879
0.392118 0.133137 1.052943
-0.267050 -0.384630 1.847708
-0.248067 -0.200836 0.758185
-0.196691 0.477205 -0.514123
-0.358569 0.083508 0.674318
0.395878 0.346041 2.303305
0.430396 0.005271 0.057734
-0.143234 0.488404 -1.021354
-0.026342 0.006368 -0.054840
-0.095814 0.417925 0.804018
0.307295 0.349560 2.474635
-0.046137 -0.102967 1.372124
-0.043589 -0.175071 0.487224
0.232036 -0.057230 1.130604
0.328033 0.415389 0.744424
0.131829 0.407344 0.581092
0.376028 -0.162943 -0.212985
0.114490 0.164453 1.171250
-0.276112 0.363101 -0.550514
-0.077510 0.352863 0.315585
-0.002171 -0.419420 0.797052
0.452888 -0.028905 0.821752
0.296842 0.336941 0.180666
0.014505 -0.117372 0.775936
0.237378 0.443745 0.206025
-0.295912 0.427059 0.497604
0.307742 0.076677 0.885786
0.174531 0.036969 1.622323
0.358544 -0.108148 1.159727
0.426337 0.304086 0.981374
-0.102810 0.148367 2.556740
-0.456371 0.444213 0.597673
-0.084987 0.465693 0.249886
-0.360301 0.221480 1.144583
-0.424272 -0.085458 0.190057
0.169191 0.035590 0.998376
-0.029319 0.351985 0.225250
-0.403542 -0.129069 0.394660
-0.172964 -0.014337 0.930202
-0.084499 -0.119074 1.921980
-0.376095 -0.409261 0.821133
-0.414277 0.358707 0.802459
-0.080872 0.410594 0.304723
-0.058129 0.384600 0.422027
-0.120432 -0.103499 1.078388
-0.397398 -0.414317 0.349181
-0.158134 0.194318 1.002109
0.142465 -0.246077 1.621796
0.432402 -0.035929 -0.019012
0.013905 0.040062 -0.067585
-0.153869 0.046514 -0.434143
0.437690 0.462492 1.594475
-0.298895 -0.215134 0.175623
0.108128 -0.358723 -0.145986
-0.481098 0.039490 0.206765
