-0.142309 0.419573 0.077429
-0.056443 -0.319634 -0.406578
0.486240 -0.099452 -0.395808
0.049473 -0.241274 0.261130
0.237214 -0.497370 -0.145482
0.393308 0.321110 1.483152
0.186960 -0.001232 0.224669
-0.355788 0.025343 1.084731
-0.354001 -0.493662 -0.078688
0.395430 0.373082 0.794547
0.124342 0.362162 -0.387170
0.447717 -0.145841 0.793709
-0.344494 0.425066 -0.309474
0.402641 0.487691 0.365673
-0.173122 0.061494 1.021506
0.071660 -0.038642 0.800250
-0.356720 -0.127085 1.682991
-0.247679 0.085692 1.077623
0.226060 -0.215450 2.358983
0.426917 -0.155579 0.319663
0.439114 -0.302584 -0.270624
-0.315705 0.033431 -0.756631
-0.199763 -0.066077 -1.212191
0.150568 -0.150009 0.732404
-0.399948 0.261982 1.280069
-0.133784 -0.288793 0.650865
-0.014144 0.072271 0.677529
0.402356 -0.028836 0.705121
-0.010888 0.268832 0.363402
-0.418350 0.073469 0.191366
-0.036562 0.011796 0.984797
-0.147967 -0.240247 1.493804
-0.084158 -0.196129 0.074790
-0.160485 0.158374 1.373527
0.038121 -0.239305 0.946276
0.181173 -0.461450 -0.234242
-0.071119 0.438870 0.819309
0.023942 0.083033 0.322651
0.246758 0.149210 0.238420
-0.142370 0.185528 -0.061772
0.152043 0.049676 0.566369
-0.377867 0.213649 0.958476
-0.074364 -0.001086 0.698510
-0.118183 -0.341862 1.254174
-0.067085 0.117741 0.370068
-0.215725 -0.205401 -0.991320
0.156107 0.219256 0.464361
-0.306494 -0.090091 0.756435
-0.468484 0.070058 -0.366149
0.163682 -0.039607 0.685408
0.105746 -0.090027 -0.795184
0.180118 -0.096249 0.209218
0.187818 0.446812 0.129450
0.186509 0.160370 -0.442997
-0.146751 0.298243 0.334770
-0.231828 -0.447408 -0.112588
-0.020228 0.137602 -0.493314
0.228758 0.122603 1.555118
0.220322 0.490975 -0.318547
-0.104985 0.205363 -0.303718
0.429417 0.127715 1.083724
-0.129715 -0.139013 -0.661347
0.329448 0.491314 0.718783
-0.052881 -0.265099 1.122767
-0.302305 0.385179 -0.598546
0.004030 -0.297102 0.797946
-0.401484 0.013069 -0.317694
-0.484054 0.454138 0.976875
0.034038 0.422463 -0.320153
0.360022 0.243419 0.314610
-0.367385 -0.143538 0.420706
0.103928 -0.147277 -0.191131
0.149646 -0.135775 0.282042
-0.162837 0.458940 -0.595420
-0.396095 0.281708 -0.191094
-0.305001 0.062461 -0.395686
-0.168265 0.329135 0.311237
-0.078185 -0.204361 0.746121
-0.469479 -0.203726 0.814655
0.149160 0.407042 1.293798
-0.156742 0.335668 0.679551
-0.365402 -0.388719 -0.048427
-0.237828 -0.276111 0.724124
-0.480550 -0.348083 0.894760
-0.433010 0.278593 1.903715
-0.334765 -0.019407 0.403126
-0.247869 0.285211 -0.127301
-0.431389 -0.337886 0.843864
-0.401670 -0.329668 -0.445326
-0.434194 -0.328208 0.640039
0.128843 -0.279659 0.766823
-0.470421 0.454174 1.109584
-0.454319 0.458102 0.130676
-0.341361 0.146960 -0.249688
-0.241291 0.144916 0.780579
-0.125647 0.270648 0.473074
-0.216462 -0.303382 -0.614400
0.391625 -0.093332 0.911143
0.487478 -0.304545 0.711613
0.145085 -0.496454 -0.134779
-0.102578 0.217490 0.014956
0.308994 0.411592 0.290045
-0.452558 -0.290870 0.779987
-0.316835 -0.282564 0.732902
-0.083286 0.236247 -0.535160
0.440919 -0.461897 0.516828
-0.256143 -0.282837 0.989609
0.442739 0.299713 -0.732119
-0.460341 -0.218666 0.570552
0.472073 -0.127403 0.635839
-0.045948 -0.388145 -0.060241
0.335418 0.465132 0.532293
-0.494993 -0.294227 0.467381
-0.085569 -0.495558 -0.511097
0.431236 -0.129277 0.042441
0.288315 0.435286 0.015202
-0.216876 -0.306597 2.054721
-0.267479 0.205881 0.359576
-0.438680 0.429497 -1.699560
-0.040442 0.170591 0.518106
-0.240568 0.188228 1.612097
0.161400 -0.200756 -0.254648
-0.102576 0.196722 -0.983521
-0.364441 0.051489 0.351616
-0.386153 0.375385 -0.160188
-0.379437 -0.429835 0.363125
0.159328 -0.386537 0.873280
-0.374022 0.282865 0.611539
0.488891 0.229164 0.195684
0.159515 0.089883 1.041163
-0.182264 0.387862 -0.485069
-0.143931 -0.167178 0.615936
-0.019824 0.242738 -0.143024
-0.326383 -0.405119 1.017726
0.212339 0.086997 1.465385
-0.289883 0.182981 -0.938311
-0.283172 0.192417 1.256313
-0.313889 0.387574 0.479346
0.335023 0.025151 -0.162888
0.089325 -0.308777 0.049961
-0.123564 0.188697 1.671308
0.070779 0.103037 0.386891
-0.485378 0.360878 0.830042
0.398550 -0.127007 0.659003
-0.315823 0.224568 0.169197
0.286470 0.430521 -0.265927
0.161665 -0.183403 -2.577881
-0.135501 0.308859 0.195538
-0.100655 0.197477 0.099582
0.289526 0.049719 -0.301390
0.122013 0.446730 0.366954
0.138351 -0.202766 -0.076284
-0.267753 -0.295424 0.597488
0.096645 -0.384578 0.891819
0.013583 0.074735 1.471600
0.173548 -0.490554 0.619014
0.179744 -0.288146 -0.297760
-0.303990 0.469017 -1.012806
-0.361858 -0.364266 0.300247
0.085225 -0.427994 -0.344441
0.413136 -0.187381 0.728693
-0.034348 -0.286815 0.273169
0.420311 -0.135815 0.143155
-0.143407 0.187097 0.085825
0.248908 0.296286 0.974785
-0.148656 -0.100865 0.503671
-0.350608 -0.425840 0.547234
0.206343 -0.155383 -0.353954
0.251382 0.468839 0.322209
-0.395266 0.248613 1.194684
0.228172 0.209864 0.797779
0.162639 -0.238955 -0.061356
-0.191402 0.103442 1.238033
-0.475072 0.487314 2.304938
0.419770 -0.153085 0.533526
-0.255548 0.259536 -0.075220
0.410574 -0.113970 0.433379
-0.125549 0.138454 -0.672123
-0.388521 -0.087720 0.812847
0.439736 0.096529 0.640617
-0.188677 0.249517 -0.306174
0.205796 -0.134296 1.778376
0.056656 -0.266477 0.387923
-0.079540 -0.410588 1.138858
0.321131 0.064623 1.328002
-0.198505 -0.372736 1.283587
0.442563 -0.148999 0.104091
-0.031256 0.319972 -0.289512
-0.038360 0.193560 -1.027807
-0.138607 0.285317 0.309726
0.285976 0.116887 -0.686479
-0.019687 0.099423 -1.099093
-0.092177 -0.200992 0.215944
0.156485 0.036059 -0.185940
-0.235772 0.279885 0.876224
-0.462068 -0.229347 0.338976
-0.324173 0.084911 0.055733
-0.491019 0.252712 0.169510
0.150503 -0.031468 -0.366224
0.497620 -0.237493 0.067646
0.278877 0.105125 0.567671
0.351624 -0.024807 1.568512
-0.395930 0.038304 -0.481483
0.150021 -0.404925 1.009328
-0.055625 -0.306485 1.155118
0.176002 0.076696 -0.089457
0.089863 0.404192 -2.798566
0.299415 0.206675 0.334392
-0.181948 -0.226555 -0.155788
-0.071204 -0.258221 -0.012480
-0.283646 0.259204 -0.304833
0.115448 0.487910 -0.711879
-0.114629 0.246159 0.341539
-0.241615 -0.392926 0.221588
-0.331885 0.423143 1.551190
-0.334007 0.168459 0.266616
-0.417315 0.176030 0.094984
0.486430 0.219590 0.089244
0.150291 -0.434390 0.734580
0.423764 -0.083197 0.272398
0.158828 0.482241 0.356328
0.228183 0.397534 0.441137
-0.067324 -0.238091 -0.229109
-0.157881 0.321933 0.552360
-0.225638 -0.316822 0.753762
0.088028 0.081219 2.195633
0.207898 0.253391 1.810224
-0.149802 -0.119497 0.610248
0.259812 0.424816 0.294983
0.324728 -0.283437 -0.651557
0.172271 0.177421 0.179726
0.485883 -0.216460 0.164422
-0.223671 0.453950 0.124014
-0.436256 0.055598 -0.126620
0.181551 -0.322378 -0.771257
0.318637 0.186754 0.833482
-0.370621 -0.425044 0.372121
-0.424846 0.448552 0.896645
-0.486170 -0.292629 0.394202
0.136954 -0.351634 0.235036
0.032579 -0.025084 1.392023
-0.177357 0.365225 0.679252
-0.385458 0.266196 0.935003
-0.027416 -0.001205 0.483380
0.183595 0.077439 0.927686
-0.276157 0.144385 -0.280061
-0.198988 0.080666 0.343287
-0.139624 0.168287 0.922520
0.142926 0.071765 1.337223
0.009542 0.043548 1.322176
-0.265142 0.261385 -0.180535
0.444734 0.341323 0.156287
-0.260317 0.373521 0.952084
-0.482441 -0.345288 -0.035287
0.374132 0.478749 0.440025
0.037424 -0.006104 0.664302
-0.486712 0.250306 0.376556
-0.113175 -0.262339 0.893190
0.361167 0.209072 0.142673
-0.389501 0.499794 -0.315493
0.339179 -0.149700 0.568158
-0.066938 -0.262825 -0.024719
-0.241262 -0.154366 0.794774
0.087887 -0.381247 0.331762
0.295737 0.179834 0.819141
-0.352338 -0.408565 0.495327
-0.335387 0.167791 0.181929
-0.127296 0.147422 0.809120
0.438730 -0.012321 0.891350
0.419733 -0.153409 0.260924
-0.220457 0.085731 0.875282
-0.103820 0.190168 -0.343915
-0.098653 0.207369 -0.609892
-0.445716 0.359644 0.631147
-0.380640 0.277581 0.015125
0.330359 0.467592 0.849335
0.460361 -0.134186 -0.216793
0.262052 0.399614 0.423313
0.044228 -0.460533 0.284593
0.227188 0.489896 0.167028
0.348972 -0.120553 0.937627
-0.062567 -0.197047 0.092174
-0.051552 -0.046062 0.837885
-0.292632 0.137132 1.291782
0.321281 0.041560 0.486275
-0.262127 0.196516 1.278533
0.170501 0.375355 0.870264
-0.327619 -0.427870 0.980229
-0.350526 0.308226 -0.151297
-0.023887 -0.455134 0.959596
-0.346947 -0.399728 -0.070587
0.181531 -0.113895 -0.299800
-0.080585 0.365246 0.449572
-0.234659 0.166670 0.473761
-0.063352 0.080844 0.244951
-0.092758 0.113027 1.145746
-0.292255 -0.369011 0.326197
0.498773 0.317808 0.203925
-0.381200 -0.403600 0.297186
-0.268777 0.196582 -0.819292
-0.269672 0.208454 0.470909
-0.149087 0.040697 1.441108
-0.049277 0.180447 0.751888
0.339841 -0.038677 0.741612
-0.018955 -0.401679 0.859784
0.008172 0.444913 -0.644602
-0.399269 0.219267 0.174859
-0.450700 0.035008 -0.305646
-0.130517 -0.308978 0.463462
-0.097086 0.256428 0.747643
-0.358107 -0.056894 -0.740991
0.149174 0.045312 1.295382
-0.464165 -0.340375 1.148656
-0.405427 -0.170125 1.694228
-0.114554 0.339019 -0.189486
0.498475 -0.110596 0.741856
0.148283 -0.046245 -0.034288
-0.334073 -0.181559 0.481414
0.285708 0.234437 0.841293
-0.467531 -0.375981 0.608059
-0.138591 0.126573 -0.548945
0.049567 0.058633 0.855166
0.306864 -0.074688 0.560197
0.378405 0.431904 0.968924
-0.310979 -0.229994 0.421705
0.018574 0.100306 -0.391348
-0.465936 -0.024871 -0.587880
-0.130329 0.466955 0.779683
-0.264448 -0.330700 0.459373
0.130554 -0.310957 1.519766
0.490323 0.156133 0.284248
-0.108789 0.209286 -0.255204
0.193751 -0.472360 0.518710
-0.446707 -0.260695 -1.440886
-0.107910 0.306090 0.718151
-0.405870 0.024474 -1.883080
-0.150270 -0.389286 -0.480221
-0.277407 0.166510 0.058534
-0.006212 0.113640 0.218961
-0.166995 0.330839 0.185318
0.404302 -0.095080 0.575065
-0.350407 -0.395085 0.357788
-0.109461 -0.389125 1.023799
0.002372 -0.244077 1.388921
-0.364915 0.109966 0.140237
-0.169734 0.100133 -0.469350
0.263262 0.225721 0.258282
-0.354028 0.380515 1.097233
-0.008770 -0.413171 1.012898
0.070377 -0.184426 0.140777
0.142941 -0.080707 -0.533706
-0.284185 -0.452075 1.014972
-0.143007 -0.214929 0.317238
0.275076 -0.369237 0.873367
0.422190 -0.176826 0.802442
-0.359515 0.189571 0.575485
-0.110836 0.407526 0.795090
0.251924 0.020828 1.236160
-0.394102 0.266291 1.176745
0.379488 0.405123 0.645634
-0.225117 0.076908 0.964654
-0.422319 0.388740 -0.044782
0.364794 -0.072952 0.919702
-0.462101 -0.256671 2.303200
-0.312438 -0.159814 1.125326
-0.230078 -0.318532 0.151135
-0.230943 -0.334535 0.550662
0.199693 -0.358393 0.310343
0.046861 -0.275356 0.829338
-0.453080 0.382298 1.769799
-0.105521 0.117458 1.523865
0.022756 0.271860 -0.463483
-0.229760 0.195418 1.381335
-0.352592 -0.051761 0.716702
0.459972 0.131764 -0.501708
0.010487 -0.251927 0.188987
0.270834 0.298145 0.856574
0.137289 -0.491052 0.319604
0.094025 -0.471605 0.037309
-0.419265 -0.372182 0.614982
0.441556 0.439101 0.143430
-0.146295 0.490295 1.853715
-0.377885 0.263628 0.745091
-0.224677 0.379124 0.196837
-0.193208 0.358861 0.663770
0.236140 0.347005 1.032237
0.370217 0.161398 0.837656
0.275744 -0.244872 1.507776
-0.396073 0.309339 0.375906
-0.269999 -0.485969 -0.891863
-0.122509 0.251776 0.175541
-0.368349 0.147145 0.270687
0.169423 -0.391621 0.844933
-0.048548 0.300422 0.261765
0.192044 -0.286562 1.179650
0.184978 -0.202344 -0.651088
-0.276236 0.200394 0.321139
-0.331519 -0.262261 1.929031
0.232285 0.457003 0.672803
-0.161607 -0.071227 -0.318288
