0.321094 -0.127362 0.111579
0.198139 -0.481441 0.231365
-0.327977 0.471204 0.821138
-0.456047 -0.318395 1.145610
0.292292 0.231250 -0.247032
0.078412 0.163006 0.394289
0.130536 -0.415584 0.498000
-0.161799 -0.173714 0.624027
-0.288618 0.192261 0.217401
-0.240729 0.400189 1.035367
-0.249631 -0.087898 -1.398474
-0.109778 0.000822 0.151807
-0.265788 -0.067269 0.186152
0.198564 -0.066603 0.365747
0.036632 -0.349630 0.215567
-0.425736 -0.213939 -1.340536
0.121893 -0.252186 -0.564068
-0.172218 -0.121358 -0.152185
0.089672 -0.441292 0.676387
-0.235259 0.452251 0.496856
0.291134 0.305069 0.497659
0.299892 0.302119 0.182653
0.362555 0.162066 -0.343507
-0.011022 0.096863 -0.730661
0.349164 -0.301246 -0.422609
0.453141 0.112703 -0.753372
-0.461390 -0.303010 -0.603128
0.183578 -0.471729 0.643193
-0.258475 0.280060 -0.021521
-0.337827 -0.397937 -0.145111
0.477909 0.463265 -0.291006
-0.303584 0.347174 -0.475866
0.487100 0.340248 0.872286
0.025171 0.017746 -1.529682
-0.045231 0.161316 -0.356956
0.319959 0.492948 1.626122
-0.115604 0.202840 0.249425
0.313452 0.053596 0.184693
-0.051562 0.313864 0.375145
-0.012469 -0.460321 -0.401952
-0.005951 0.411041 -0.336007
-0.075200 -0.048256 0.126108
0.127460 0.382894 0.339528
-0.271032 0.395482 0.238834
-0.159884 0.326116 0.188027
-0.354901 -0.347487 0.690990
-0.271649 -0.144519 0.876828
-0.178863 -0.351182 0.970274
-0.102461 -0.230485 0.438232
-0.249093 -0.333582 0.331087
-0.289744 -0.351406 1.911375
-0.300565 0.126589 -0.773031
-0.447418 0.346278 0.240460
-0.316513 0.204272 0.753748
-0.146573 -0.015317 -0.084882
-0.246895 -0.270951 -0.922677
-0.313120 -0.182133 0.291987
0.382261 0.233666 1.092629
0.428378 0.314859 1.016012
-0.227978 -0.208094 0.177751
-0.300483 0.251856 0.593056
0.266648 -0.399290 0.338341
0.307528 -0.025862 -1.237861
-0.321796 0.273362 -0.229838
0.074458 0.389014 0.116162
-0.075989 0.126040 0.906485
0.018296 -0.370225 0.500123
-0.178558 0.141155 0.974493
-0.232724 0.068334 0.716436
-0.421773 0.005426 1.971528
0.119457 0.154226 1.003228
0.047543 0.170169 0.371776
0.463000 -0.372227 -0.361577
0.054946 0.006809 0.221029
0.147532 -0.163786 -0.187271
-0.050892 0.194026 -0.228667
0.427940 0.311566 -0.422148
0.330872 0.359522 0.758835
-0.320740 0.199936 0.522518
-0.270701 0.374441 0.075448
-0.446635 -0.270489 -0.214147
-0.177604 -0.086529 0.135688
0.101850 -0.494393 0.818757
-0.186363 0.111798 0.531257
0.454552 -0.328830 -1.389369
-0.285074 -0.450971 1.661857
0.144550 -0.355265 -0.618681
-0.107080 0.305189 0.955592
-0.019661 0.494696 1.428030
-0.277067 -0.130242 0.678625
-0.235080 0.208205 -0.191990
-0.195664 0.228863 -0.480247
-0.283021 0.354151 -0.498225
0.183555 0.317583 -1.119386
-0.019266 -0.013859 -0.910666
-0.487963 -0.257802 1.076449
0.117128 0.199374 1.388772
0.098848 -0.007000 0.168958
-0.113916 0.396084 -0.008364
0.008614 -0.365097 1.564991
0.098212 0.466859 -0.357645
-0.203928 -0.140207 0.134419
0.469633 0.449734 -0.161673
0.326896 0.367782 1.105021
-0.294946 0.344412 1.226241
0.104006 -0.173408 -0.708625
-0.074065 -0.139803 0.269640
0.470441 0.338922 -1.263491
0.300618 0.209107 1.182261
0.073460 -0.391968 1.217302
0.204974 -0.393234 -1.093036
0.287510 0.410204 0.278621
0.254416 0.491203 -1.103128
0.442838 0.426797 0.678363
0.059282 0.170928 0.693155
0.016518 -0.176418 0.356763
-0.457497 0.351423 -0.188870
-0.067769 0.159337 0.249456
-0.202325 0.403433 1.196298
-0.236383 -0.348040 -0.115312
0.391070 0.379827 -0.410879
-0.097678 -0.125393 0.560544
0.487974 -0.491003 0.221024
0.242710 -0.290770 0.833595
-0.423391 -0.013423 -1.637092
0.180576 -0.386494 0.013841
0.021333 0.223205 0.946231
0.264109 0.137289 0.031199
-0.242646 0.014067 -0.132843
-0.318479 0.070388 -0.305646
0.291439 0.264867 0.074187
-0.173907 -0.249782 0.506901
-0.016166 0.403250 -1.169957
-0.165194 0.167224 -1.833523
-0.105195 -0.116013 -0.378717
0.050474 -0.059805 -0.633242
-0.445753 -0.009771 -1.029598
-0.389603 -0.136552 0.251201
-0.076685 -0.101945 1.222493
0.347775 0.178573 0.170678
-0.087212 -0.107908 0.026366
-0.216036 0.235903 0.771641
-0.481343 0.418507 -0.332219
0.143424 -0.432931 -0.554287
-0.066671 -0.078392 0.463288
-0.240758 -0.048091 -0.412630
-0.201092 -0.163158 1.191115
0.466660 -0.430555 -0.157045
0.081429 -0.270929 -0.788183
0.232215 0.162516 0.616161
-0.139708 -0.037177 0.018306
0.332781 -0.431695 0.537032
-0.164464 -0.402402 0.160226
-0.148088 -0.200597 0.934417
-0.255241 -0.335138 -0.112445
-0.080657 -0.499565 -0.172842
-0.189603 0.261300 -0.185619
0.152922 -0.256245 0.221495
-0.329973 -0.440507 1.108306
0.080580 -0.183251 0.991004
0.007697 0.086830 1.047064
-0.045946 -0.405081 0.230219
0.406143 -0.022113 -0.203814
-0.357932 -0.326665 1.099936
0.087254 0.435712 -0.276879
0.179365 -0.458289 -0.774800
-0.264186 0.138770 -0.260425
-0.125802 0.209963 0.621016
-0.460462 0.197354 1.717601
-0.457510 -0.011874 -2.174170
-0.077328 -0.348910 -0.093741
0.061208 -0.187477 0.511265
0.407806 0.145608 -0.145279
-0.171072 -0.132195 -0.389129
-0.278391 0.262778 -0.037774
-0.252869 -0.049811 0.893565
0.298193 -0.377358 0.702459
0.232766 0.469941 0.354591
-0.343837 -0.219607 0.746357
-0.194198 0.014006 -0.703358
-0.281207 0.160418 -0.046988
0.367704 -0.483205 -0.285144
-0.337449 -0.366339 0.487135
-0.254468 -0.330455 0.114194
0.000050 -0.133741 0.447678
-0.226256 0.227275 0.610088
0.021871 -0.141096 1.411583
0.213816 0.330660 -0.948423
-0.277593 0.289636 -0.340169
0.499478 0.102131 -0.436370
-0.418669 -0.329700 1.465237
-0.166756 -0.443801 0.511325
-0.281387 0.204978 0.058283
-0.229961 0.363955 0.495857
-0.291601 0.035749 -0.021653
-0.190808 0.029357 0.783366
-0.023370 -0.443954 1.104642
-0.239038 0.271980 0.402553
0.061173 -0.148900 -0.371492
-0.250064 0.297738 0.517896
-0.456560 0.432164 -0.576381
-0.116455 -0.092848 0.197839
0.189169 -0.061207 0.032173
0.431781 -0.449643 -0.839464
-0.221199 -0.205456 0.034716
-0.384248 -0.024632 -0.945716
0.348058 0.434867 0.669952
-0.296422 0.133367 -0.126986
0.122911 -0.322839 -0.023731
-0.268468 0.270636 0.451345
-0.341542 -0.422291 -0.172428
0.399642 0.381550 0.460147
-0.054414 0.143657 0.660144
-0.174854 0.184783 0.946270
-0.206606 0.361285 0.355865
-0.387347 0.085283 0.891245
-0.386797 0.394804 0.678746
0.444722 0.359667 0.061102
0.322414 -0.234616 -0.291015
0.397867 0.465545 0.178497
-0.395743 0.328813 0.583985
-0.389216 -0.289488 -0.323443
-0.415831 0.359611 0.834224
0.110217 0.237420 0.450421
0.256210 -0.405717 1.487682
0.119264 0.337438 -0.106090
0.130182 -0.367104 0.415714
0.075058 -0.294936 0.399771
0.246504 0.325558 0.661445
0.089174 -0.073888 0.222732
0.034556 -0.072091 -1.158962
0.462996 -0.344669 0.108639
0.169070 0.203139 0.739332
0.246360 0.473832 1.928556
-0.269307 0.273367 0.334633
-0.390717 -0.110154 1.257333
-0.243387 0.231950 0.144638
-0.292396 -0.497393 2.001518
-0.480332 0.181363 1.770310
-0.260852 -0.349216 -0.269106
-0.129539 -0.136922 0.623675
0.008891 -0.232962 0.025267
-0.161719 -0.373457 0.406153
0.085948 0.287914 1.611492
-0.346245 -0.344530 0.958456
-0.188433 0.097406 0.662995
0.125436 -0.058604 0.746060
-0.442208 -0.115845 0.072827
0.372806 0.475772 0.927448
0.290126 0.293585 0.016402
0.499373 0.236239 1.869919
-0.131713 -0.082199 0.443305
-0.250836 0.260282 0.427910
-0.214374 0.402068 0.421608
-0.403209 0.132314 2.340560
-0.035731 -0.041158 0.148381
-0.065346 0.334281 1.623852
-0.464209 0.300740 0.225999
0.457837 0.058330 -0.662889
0.096018 -0.277020 0.031758
0.352129 -0.408208 -0.466448
-0.463256 0.215266 -0.329731
-0.431850 0.437075 -0.228884
0.338706 -0.138640 0.520313
0.149810 0.024730 1.111662
-0.455257 -0.037932 0.967586
-0.087571 -0.372792 0.630222
-0.282054 0.150129 1.226997
0.319976 -0.026501 -0.727018
0.289727 -0.493042 0.918459
-0.084100 -0.171583 0.298346
0.084959 -0.196418 0.562431
0.214812 0.171155 0.775906
-0.314398 0.347154 1.234873
0.144323 0.462992 1.650699
-0.067363 0.187151 0.059381
0.100343 0.290111 0.134169
-0.224179 0.251710 0.632265
0.470788 0.496789 -0.293193
0.004973 0.234803 1.068828
0.042839 -0.277566 0.080546
-0.446885 -0.002161 -0.136370
-0.069389 0.172355 0.520035
0.415073 -0.044290 2.833274
0.036428 0.211386 0.854435
0.237159 -0.435590 1.115365
0.385215 0.111956 -0.276140
-0.221050 0.180794 0.206203
0.304077 0.095658 -0.454322
0.161562 -0.207949 0.026916
0.401354 0.413175 0.271578
0.213854 -0.379939 0.968347
-0.217411 -0.088380 0.793605
-0.458230 0.409995 -0.371252
0.083016 0.041664 0.320880
-0.184895 0.487496 -0.059119
0.379502 -0.409511 0.456434
-0.226298 0.017552 -0.147410
0.339500 0.207174 0.204797
0.022695 0.296806 -0.283318
-0.425775 0.250357 1.448074
0.118208 0.255220 0.222202
-0.236430 -0.280456 0.204709
0.358956 -0.399096 -0.196424
-0.232060 0.066281 0.375043
-0.016341 -0.489506 -0.025924
0.373601 0.443689 2.039521
0.082804 0.239189 0.969762
0.209495 -0.162349 0.571911
-0.058504 -0.109302 1.223947
-0.151797 -0.416638 -0.191205
-0.286902 0.245328 1.933118
-0.264808 0.221724 -0.117968
0.149431 -0.041639 0.161721
0.024527 -0.374883 -0.480922
0.071106 0.393629 0.888059
-0.428296 0.176147 -0.249811
-0.121937 -0.072134 -0.130815
-0.303073 -0.058035 0.321337
-0.179135 0.436857 0.814063
0.343316 -0.012333 0.738036
-0.443403 0.358108 0.000956
-0.277348 0.323344 0.696145
-0.358449 -0.439499 -0.246698
0.167251 -0.271283 1.183562
0.133100 -0.275703 0.553249
0.279015 0.169356 1.815026
0.405419 0.193038 0.609415
-0.157285 -0.452881 1.293029
0.013338 -0.175210 0.460273
0.108578 0.023230 0.327750
-0.304207 -0.088369 1.153569
-0.397104 -0.017864 0.234388
0.494421 0.002514 1.161240
0.238197 0.121921 -0.970505
-0.148469 -0.289433 1.290659
-0.182242 0.058151 1.480172
0.201097 0.408214 -1.921044
0.492533 0.129081 -0.496351
-0.331218 0.153118 -0.421438
-0.237712 -0.325526 0.352951
0.398808 0.161336 1.128527
0.078466 -0.381298 0.241564
-0.082013 0.154781 -0.561371
0.444238 0.393754 0.141141
-0.152403 0.319746 1.334452
0.322657 0.464738 0.698235
-0.146988 0.154652 -0.707136
-0.028516 -0.475656 0.042971
0.223223 0.326884 0.056759
0.314729 -0.420308 0.231062
-0.146515 -0.292697 0.005512
0.383398 -0.161873 -0.203416
-0.083064 0.009784 1.128607
0.435866 -0.305302 -0.846530
-0.279482 -0.012277 0.342101
0.458472 -0.233256 0.118328
-0.284027 -0.437039 0.424001
-0.004749 -0.423337 -0.036297
-0.018504 0.036663 0.311505
-0.019667 -0.110716 0.159410
-0.046341 0.249938 -0.214750
0.398224 -0.316492 0.721260
-0.236265 0.122426 0.739653
-0.039429 -0.111972 1.321651
-0.164390 -0.111552 -0.911651
-0.214801 0.344850 0.938058
0.473442 0.132655 1.875945
0.259323 -0.406335 0.051921
0.318551 -0.159661 1.965093
0.024939 -0.345836 -0.718464
0.202741 -0.147302 -0.189645
-0.295925 -0.122825 -1.222972
0.248158 0.021717 1.262451
0.141634 -0.339573 0.150790
0.004442 -0.188967 0.734328
-0.303136 0.086608 0.328737
0.216929 0.004408 1.734038
0.245118 0.028150 1.021664
-0.386600 -0.350019 1.388373
-0.128943 -0.263866 -1.163098
0.066771 -0.255225 0.614030
-0.051564 0.209850 0.068660
0.481596 -0.145083 0.351635
0.318456 -0.405966 -0.640799
-0.456506 0.140989 0.050597
-0.089822 0.009611 0.534678
0.015911 -0.207065 0.522017
-0.249546 0.270222 -0.342911
0.180010 -0.116150 -0.156088
-0.168404 0.135626 0.192692
0.029133 -0.127029 0.572274
-0.018931 -0.096979 0.447970
0.011401 -0.320948 0.154220
0.484104 0.077125 -0.745921
-0.135144 -0.279453 0.168910
-0.225411 -0.233779 -0.022489
-0.261038 -0.298032 0.499317
-0.049198 0.241146 0.300518
-0.205026 -0.345393 0.981567
