0.482367 -0.232454 0.569745
0.367295 0.331742 -0.747073
-0.075045 0.436734 1.158188
0.271522 -0.207135 -0.375019
0.331220 0.494132 -1.263988
-0.160348 0.207950 -1.073607
-0.071554 0.011803 0.687433
-0.113284 -0.212683 1.166271
0.282807 -0.163379 1.083258
0.411307 0.306809 0.847265
-0.279410 -0.353767 -0.357755
-0.089127 -0.168805 0.925622
0.309156 -0.006871 0.642610
0.260596 -0.239499 -0.692318
-0.223086 -0.306749 1.077816
0.371519 -0.472985 -0.202554
0.040203 0.356323 -0.681605
0.081497 -0.194799 0.663639
0.297437 -0.353964 0.669303
-0.313768 0.103812 0.955401
0.099999 -0.226129 0.185778
0.459688 -0.179334 0.612107
-0.240557 0.106522 0.745731
-0.306372 -0.412059 -0.463059
0.257517 -0.071482 -0.132974
0.367176 -0.042332 0.650911
-0.464907 0.437211 0.258542
-0.418880 -0.401148 0.390493
-0.166706 0.351556 1.623112
-0.258461 0.010392 0.790139
-0.269983 0.370033 0.859195
0.162482 0.440585 1.976693
0.135920 0.014832 0.931967
0.080357 -0.338592 0.882668
-0.148692 -0.307968 0.752299
-0.474892 0.028790 0.887648
-0.172963 -0.276167 0.115998
0.082769 -0.143193 0.762776
-0.343974 -0.386002 1.060794
0.395969 0.316737 1.008303
-0.254235 0.093107 1.016568
0.334659 0.274014 1.098636
-0.196094 0.198051 0.436794
-0.063306 0.328946 0.186218
0.203185 -0.192150 0.678481
-0.279354 0.115912 0.487319
-0.251134 0.187891 1.204184
-0.113129 0.263651 1.054396
0.430600 -0.428868 0.553999
-0.086615 0.065512 1.781445
-0.220022 0.262549 0.745022
0.315334 0.252460 0.802099
0.032663 -0.204183 0.300643
0.161311 -0.185206 0.590349
-0.219519 -0.165557 0.243927
-0.495550 0.054780 0.531798
0.066317 -0.137171 1.158372
-0.196043 -0.093523 0.226430
0.106791 -0.214878 0.688345
-0.380784 0.334019 0.184671
0.072719 -0.137939 1.123588
-0.473175 0.047160 0.370138
-0.483812 -0.155537 0.838757
-0.459712 -0.289208 0.374011
-0.442693 -0.341553 1.173700
0.231228 -0.036533 0.946694
0.088355 -0.000565 0.221848
-0.049650 -0.280783 0.527296
-0.228559 -0.009727 0.518310
0.491130 0.381569 0.316708
-0.254788 -0.195833 1.124425
-0.458871 -0.208243 0.888482
-0.458187 0.382696 0.871215
-0.156765 -0.266094 0.969411
0.426838 -0.308946 -0.586253
0.435289 -0.150399 0.306091
-0.390696 0.417174 1.120516
0.116567 0.422350 0.911047
0.327432 -0.404316 1.549245
-0.092758 0.101721 1.033070
0.061499 -0.306274 -0.143628
0.110454 0.090776 1.004387
-0.231831 -0.341357 0.736496
0.057083 -0.197259 0.201641
-0.080572 -0.300716 2.622622
-0.008839 0.473001 1.375996
-0.116900 0.457073 1.140888
-0.187925 0.471338 0.021566
0.224735 -0.450522 0.148979
-0.192838 0.086142 1.005780
0.379549 0.160981 1.431648
0.257830 -0.297796 -0.458256
-0.395965 0.284367 0.918889
-0.443922 -0.183401 0.658099
-0.471661 0.192705 1.670857
-0.237287 0.436972 1.046625
-0.125539 -0.256365 0.445422
0.113802 -0.400445 0.248458
-0.471072 0.041416 0.670658
-0.007078 -0.017605 0.470424
-0.110281 0.255639 2.441243
0.080379 -0.175519 0.543024
0.460317 0.251885 0.851986
0.011753 -0.424183 0.918961
-0.219047 0.104970 0.956036
0.389351 -0.360346 0.685008
0.044570 -0.221093 0.784678
-0.059069 -0.024959 0.567018
-0.442684 -0.306195 2.733447
-0.159772 -0.036842 0.025064
-0.244202 0.141953 0.703398
0.330322 0.098745 1.214685
-0.253255 0.428016 0.579305
0.396980 0.168303 2.107672
-0.322416 -0.130807 0.709844
-0.327313 0.363172 0.303027
0.457803 0.111685 0.002634
0.466625 0.196778 0.489648
-0.026934 0.004036 1.566787
-0.006303 0.468439 0.008929
0.440678 0.158884 1.165256
-0.488250 0.008697 1.226038
-0.270231 0.262818 0.790950
-0.250940 0.156793 1.233452
-0.177002 0.029700 0.936335
-0.077907 0.072364 0.788630
-0.222779 0.323539 0.332881
-0.466994 0.238425 0.989283
-0.272412 0.234547 0.129641
0.296507 -0.288769 0.148470
-0.340267 0.141144 1.086504
0.004839 -0.065836 0.315632
0.392969 -0.081240 1.065043
-0.302422 -0.244973 -0.410379
0.255937 0.238432 0.198553
0.090051 -0.296579 0.317481
-0.247967 0.395439 0.171722
0.474388 0.174516 1.907665
-0.463849 0.335668 0.264012
0.067980 -0.493154 -0.711342
-0.069187 -0.077486 2.219803
-0.181616 0.404596 1.093063
-0.343036 -0.345044 0.667725
-0.243751 0.310730 1.051313
-0.206396 0.469546 2.004474
0.067377 -0.206252 0.426164
0.318137 0.148143 -0.150693
0.377782 0.288113 0.609285
-0.138019 -0.336683 0.221508
-0.317799 0.156534 0.727094
0.039495 -0.201473 1.059040
0.209701 0.344767 -0.053731
0.497664 -0.327419 0.918803
0.319066 0.132615 0.783778
0.002724 -0.149477 0.528172
0.197658 -0.182986 0.721046
0.033181 -0.366534 0.242816
0.491432 -0.433587 0.515163
-0.244001 0.360465 0.057711
0.308368 0.181904 -0.440092
0.203901 0.173103 -0.180729
0.041985 -0.205025 0.301169
-0.174677 -0.460354 1.635713
-0.160946 0.074111 0.442362
0.055289 0.333172 0.710622
0.346713 0.175823 0.109562
-0.009660 0.223616 -1.320687
0.284637 -0.201291 1.174984
0.019722 0.234890 1.786308
0.173223 0.364219 0.303196
-0.276174 -0.215620 0.690346
-0.141353 -0.489904 0.895247
-0.209000 -0.006091 0.387933
0.239950 -0.429607 1.122958
-0.363755 0.213689 1.046179
0.196654 0.339358 1.602799
0.341545 -0.328423 0.436508
0.225831 -0.300535 1.208862
0.271238 0.216692 0.569017
-0.234052 0.348710 0.232556
0.312601 0.245219 0.065736
0.315655 0.364434 1.711009
-0.056006 0.444418 0.242726
-0.085424 0.499401 0.441301
0.310917 0.301511 0.657487
-0.336505 0.231764 -1.356652
-0.203065 0.401806 0.813968
-0.289723 0.144663 0.634230
0.487665 -0.199222 1.515447
-0.100049 0.334400 0.302790
-0.161669 -0.156270 0.207313
0.397602 -0.456044 0.338762
-0.212034 0.031173 1.162467
0.009116 -0.120722 0.879755
0.463943 0.464504 0.785111
-0.008848 0.016373 0.007191
-0.208584 0.367778 0.711324
-0.173420 0.295866 1.295102
0.390763 0.332857 1.182338
0.418956 -0.229652 2.087389
-0.394044 -0.027910 0.842676
-0.090104 0.238941 -1.375835
-0.183712 0.260651 0.502153
0.014959 -0.173976 0.102154
0.380307 -0.467808 0.217753
-0.123716 0.397927 1.632731
-0.206596 -0.406680 0.510656
-0.491941 -0.053297 0.672808
-0.300094 0.276809 0.558538
0.201093 0.305371 -0.440570
-0.001218 -0.051250 1.155565
0.178349 -0.290847 1.227313
0.121819 0.495311 0.534947
0.393109 -0.111939 0.755909
0.325592 0.439199 0.283202
0.049318 -0.400048 1.910462
0.163414 0.498721 1.133931
0.262521 -0.136997 1.469709
0.349129 0.406497 1.616450
0.192824 0.105212 0.448203
-0.364591 -0.049191 1.281043
0.069421 0.181755 -0.543126
-0.292204 -0.244893 -1.333506
-0.067418 0.021592 0.662443
-0.426911 -0.050712 -0.386287
-0.243447 0.158568 1.005647
-0.198472 0.449310 0.031391
-0.296024 -0.049229 0.352461
-0.295116 -0.464378 0.330023
-0.129483 -0.153220 1.080064
-0.088408 0.234896 0.501602
0.004169 -0.077930 0.840894
-0.169177 -0.098540 -0.812054
0.073624 -0.200895 0.586370
0.275978 -0.303907 -0.798310
-0.060308 0.482031 0.293722
-0.089909 0.470055 -0.172545
-0.410469 -0.122679 0.324705
0.453898 -0.311034 1.838918
-0.282372 -0.281906 -0.275636
0.208248 -0.202154 0.510451
0.247946 0.195365 0.732209
0.304452 -0.180151 0.718813
0.422264 -0.028858 0.540392
0.366480 -0.448933 0.372223
0.290820 0.489070 1.114677
-0.360862 -0.019024 0.059932
0.482474 -0.295819 -0.483056
-0.497950 -0.021159 0.571524
-0.113182 -0.286439 0.748961
-0.222412 -0.130657 -1.880924
0.249330 -0.128773 -0.171795
-0.144023 -0.446213 -0.202058
-0.255955 0.247142 0.981172
0.387223 -0.155762 -0.058215
-0.197476 -0.416468 0.340945
0.367753 -0.079990 0.524689
-0.121266 -0.231129 0.580030
0.440966 -0.319804 0.484746
-0.296257 -0.046132 -0.139305
-0.272081 -0.178434 0.232450
0.460227 -0.089139 -0.363216
-0.418710 -0.079732 1.547390
-0.311508 0.087966 0.430346
0.109699 0.167457 1.120891
-0.143879 -0.184352 0.552593
-0.372993 0.268281 1.529988
0.404639 -0.411063 0.652405
-0.391363 0.083834 -0.065750
0.165058 0.045522 0.360644
0.207631 0.293668 -0.285373
-0.098901 -0.176100 1.858002
-0.401455 0.292364 1.852178
-0.371851 0.141705 1.054695
0.382236 0.011440 0.750555
0.196144 0.247321 0.294386
0.061060 -0.107579 1.851887
-0.211442 0.133339 0.308774
-0.071435 -0.215998 0.000335
-0.242566 -0.216148 -0.398378
0.481979 0.455229 1.335043
-0.269554 0.149759 0.139838
-0.209040 0.344108 0.737250
-0.068759 -0.379578 2.038769
0.070377 0.248787 1.595881
0.003885 0.234496 2.711815
-0.209059 -0.141818 0.412219
0.088917 0.488697 -0.407609
0.288738 0.226439 0.521711
-0.250860 -0.254900 0.223012
-0.109640 0.281456 0.756484
0.243229 -0.372548 0.251002
0.080616 -0.086039 1.801091
-0.006758 -0.416223 2.261531
0.438257 0.445951 0.606051
0.460312 0.255153 1.474891
-0.041699 0.319784 1.432915
0.446787 0.096327 0.280582
-0.288237 -0.350960 0.077761
-0.444807 0.222937 1.110273
0.053019 -0.108831 0.946680
-0.369477 0.021039 0.831114
-0.094739 0.243935 0.251180
0.053411 -0.082241 0.441458
0.123395 -0.188488 0.126411
0.052869 -0.279330 -0.026073
0.184420 0.398886 1.097540
-0.187469 -0.211674 0.268969
-0.410611 0.074466 0.575263
-0.273317 0.290606 1.541645
0.453174 0.341606 1.796485
-0.298562 -0.164398 1.475750
-0.313058 -0.170829 0.441742
-0.001665 -0.118994 2.055612
0.359005 -0.329130 -0.236524
-0.184863 0.347290 0.464942
-0.489357 0.263409 0.069984
0.026794 0.361412 0.452295
0.229237 0.398138 1.024701
0.466428 0.140981 1.835960
-0.181254 0.370628 0.494270
-0.289515 -0.011262 0.373511
-0.446194 -0.394238 0.432192
-0.410403 -0.413507 1.833176
0.009379 -0.019384 0.893736
0.447767 0.286120 1.368676
-0.142738 -0.336210 0.000337
0.066662 -0.180507 0.437655
-0.146502 0.390140 1.721778
-0.335875 -0.017582 1.196459
-0.293681 0.299166 1.026961
0.493271 -0.244853 0.798085
0.183247 0.176660 -0.676832
0.431346 0.480368 1.371496
-0.176785 0.498662 1.215137
0.491068 0.126879 0.498723
0.395022 0.308344 1.632429
0.497925 -0.230141 0.652035
-0.447119 -0.133446 0.893002
-0.253248 -0.309164 -0.231631
0.144097 -0.058556 -0.414699
-0.326452 -0.228480 0.447813
-0.463741 0.130347 0.446288
0.323023 0.033576 0.345952
-0.328033 0.383073 0.554779
-0.434330 0.440292 -0.179908
-0.436058 0.470446 0.935868
-0.066795 0.037714 1.430628
-0.100052 0.280660 0.348249
0.490893 -0.017433 0.186385
0.492508 0.156991 2.302603
-0.360716 0.135605 -0.128103
-0.140135 -0.216091 1.242950
0.145907 -0.133091 0.618267
-0.128317 0.116724 0.996759
-0.470621 0.355889 2.376076
0.074525 -0.149646 0.170341
-0.124646 -0.316199 0.930681
0.491886 0.136400 1.845659
-0.477978 0.481353 -0.240313
0.060630 0.245182 0.317539
0.498993 0.269940 -0.495184
-0.109665 0.113430 0.800338
-0.061471 0.127689 -0.454255
0.060614 -0.179884 -0.199564
0.194980 -0.285996 -0.024765
-0.122401 0.039505 0.989080
0.463265 -0.446997 0.514382
-0.141552 -0.354001 1.215497
0.111416 -0.294377 1.920508
-0.169127 -0.081833 0.273524
-0.490332 0.301007 -0.478923
-0.173247 0.029258 0.656990
0.325110 0.143139 1.814467
-0.270471 0.489195 1.472227
-0.052454 0.061110 -0.103379
-0.300250 -0.245078 -0.328867
-0.349094 0.146050 1.183264
0.183120 0.334751 0.719185
-0.264644 0.431703 -0.058805
-0.000420 -0.047063 0.773572
0.158286 -0.288306 1.248391
0.473178 0.388400 0.228382
-0.264036 -0.248799 0.344115
0.092762 -0.080590 1.130639
-0.196963 -0.090490 0.372620
-0.227378 -0.481764 -0.020224
-0.293408 0.293463 0.827340
0.051477 -0.192434 0.227951
0.126550 -0.150142 0.449082
-0.275781 0.118335 0.576529
-0.299468 0.114367 1.014382
0.109423 -0.072408 1.721577
-0.160116 -0.146596 1.577551
-0.009554 0.076026 0.867200
-0.129026 -0.362280 0.630136
-0.272271 -0.416319 1.321924
-0.455382 -0.409261 1.227453
0.280799 -0.075220 0.592293
-0.373476 0.222876 0.767676
