0.438467 0.452405 0.298615
0.156704 -0.056551 0.581110
-0.456185 -0.430883 -0.643047
-0.147186 -0.154529 0.495108
-0.357845 0.362041 0.780169
-0.048744 0.199674 1.132264
-0.017892 0.203886 -0.104236
-0.321072 -0.116818 0.378414
-0.385075 0.346810 -1.150061
-0.310755 -0.045007 0.537421
-0.149924 -0.356987 -0.462430
-0.272110 -0.141563 -0.217389
-0.458812 -0.145151 0.431920
0.433447 0.311895 1.336651
-0.081821 0.281551 0.445253
-0.168894 -0.358061 -0.181593
-0.016324 -0.490478 0.081921
-0.095058 -0.459202 -0.315849
0.010188 0.027227 0.516132
-0.367174 0.062109 0.245351
0.146458 -0.049007 0.353390
0.462431 0.465851 0.728171
-0.399644 0.074043 -1.291657
0.040000 0.166912 1.562494
0.496011 -0.052530 1.546425
0.494911 -0.280972 -1.638468
0.354435 -0.151754 -0.200651
0.339703 -0.261923 0.868120
-0.066390 0.028457 -0.478849
-0.453058 -0.139611 -0.791311
0.353495 -0.271757 0.825413
-0.448145 0.360100 0.699780
-0.456061 -0.236384 -0.785792
0.037899 0.246538 -0.404655
-0.154372 -0.461963 -0.116969
-0.084563 -0.213718 -0.721898
-0.044060 -0.454823 0.695896
0.479912 0.287825 1.269174
0.111681 -0.403727 1.108493
-0.178554 -0.499481 -0.051742
-0.107800 0.413376 0.095557
-0.177460 0.078466 -0.276905
-0.004710 0.067465 0.804616
-0.164760 -0.195515 0.337120
-0.301609 0.052273 0.476422
-0.171404 -0.201078 0.382784
-0.413800 -0.201336 0.156306
-0.069010 -0.108796 -0.122014
-0.159064 0.246549 0.707579
-0.301776 0.031603 -0.434415
0.367016 -0.348125 -0.046277
-0.299313 -0.199614 0.025424
0.484137 -0.108830 -0.137007
-0.152468 0.399444 0.591041
-0.291939 -0.246491 0.661301
-0.226979 0.345026 -0.119618
-0.266818 0.087738 0.946105
0.235241 -0.074854 0.128327
-0.495148 -0.447620 0.028055
-0.199536 0.404483 -1.675021
-0.397740 0.239408 1.956743
0.474410 0.298921 -1.171186
0.402653 -0.118186 0.850050
-0.447226 -0.081909 -0.202016
0.120511 0.027266 0.985838
-0.067680 0.445905 0.548130
-0.105722 0.295077 0.550159
-0.185227 0.491911 0.162768
0.419971 -0.006948 1.132830
0.306559 0.081432 -0.582747
-0.481144 0.120301 1.293954
0.434503 0.349092 0.611718
0.359933 0.004529 0.241626
0.037823 0.405918 0.817872
0.015984 0.433251 0.240245
0.159010 -0.323779 1.355223
0.251682 0.113850 0.463775
0.232065 0.169001 -0.295926
-0.448291 0.043011 0.145512
-0.400442 0.131163 -0.126647
-0.459341 -0.254075 0.401134
-0.240016 0.342503 0.437991
0.252187 -0.355923 0.616940
-0.271698 -0.325394 0.007883
0.332667 -0.092890 0.443501
-0.378003 -0.438560 0.784522
0.008095 0.405717 0.408447
-0.198752 0.183486 0.752151
0.037293 -0.145406 0.245084
0.065664 0.010628 0.147802
-0.369845 -0.456084 -0.283478
-0.341158 0.359926 0.279586
-0.139506 -0.245848 1.050643
0.458077 -0.069735 1.118774
-0.085046 -0.473341 0.678798
-0.407573 0.167247 -0.253360
0.276335 0.364058 0.965612
0.135843 -0.312527 -0.672843
0.172999 -0.279494 1.824346
0.306320 -0.238294 0.444254
-0.273988 0.369474 0.929531
-0.497160 -0.100178 1.141361
0.283526 0.434680 0.853167
-0.066280 0.464773 0.918100
0.173817 0.435078 1.805873
0.434866 -0.298930 -0.403192
-0.216421 0.017706 -0.462779
-0.444536 -0.040959 0.181639
0.210235 -0.137807 -0.038923
-0.052798 0.227062 0.469211
-0.391379 -0.342237 -1.563855
0.165969 -0.064105 0.728009
0.233991 -0.088097 0.476615
0.497331 -0.228259 0.244281
-0.105040 0.279301 0.052798
0.261292 0.046498 1.216227
0.333183 0.275048 -0.316144
-0.123011 0.395219 0.294031
-0.057207 -0.441363 0.623111
-0.408205 -0.344854 0.762557
0.436559 -0.103442 0.176812
-0.271105 -0.247293 -0.183571
-0.438286 -0.100164 0.814733
0.100864 0.400786 -0.131163
-0.326443 -0.268184 -0.445979
0.267557 -0.160911 0.504402
0.288506 0.437892 0.813049
0.342235 -0.376576 1.636744
-0.427251 0.118576 -0.048073
0.290440 -0.417947 0.256778
0.135621 -0.062222 0.329660
-0.286826 0.326717 0.325970
-0.158872 -0.332541 -0.235106
-0.467198 -0.468733 2.119167
-0.302188 -0.260874 0.242274
0.033567 0.133847 0.248749
-0.357213 -0.376527 -0.418404
0.400715 -0.166624 0.198656
-0.013204 0.237011 0.479309
0.445133 -0.448476 0.738634
-0.030435 0.204188 0.911293
-0.396320 0.187590 1.495571
-0.249485 -0.465527 0.834146
0.037455 -0.075394 0.081205
-0.014261 0.182792 0.843529
-0.347566 -0.064785 1.038892
-0.152893 0.032138 -0.893721
-0.399155 -0.441671 1.790043
0.048650 -0.055341 0.346445
0.339014 0.353598 0.769334
0.013523 0.154113 0.293844
0.146742 0.345236 0.049101
-0.345960 0.460962 0.233628
-0.054604 0.085484 1.252759
-0.365228 -0.007065 -0.351354
-0.252977 -0.213916 -0.157678
-0.343054 0.232419 -0.437217
0.496469 -0.061570 1.585790
-0.265461 0.217748 -0.088886
0.380278 -0.122962 0.703708
-0.030782 0.153755 -0.303094
-0.198252 0.344419 0.617760
0.375765 -0.109226 -0.933917
-0.214882 -0.122925 0.690589
-0.028845 -0.312419 -0.197484
-0.244690 0.476165 -1.387784
0.237054 -0.496001 0.810198
0.091776 0.423283 0.614507
-0.271534 0.447758 0.894809
0.322982 -0.417998 1.594857
-0.212443 0.389575 1.169158
-0.028848 -0.333444 0.078321
0.244437 0.167456 0.461526
-0.296480 -0.279110 -0.731308
-0.428896 0.151693 0.406229
-0.071838 0.254452 0.956082
0.181347 0.168883 0.217367
0.070969 0.330431 -0.476380
0.136038 -0.263723 1.153950
-0.085567 0.233662 0.295565
-0.435998 0.167748 0.458907
0.337422 -0.222384 0.644751
-0.136002 -0.208099 -0.160046
-0.421904 -0.079766 -0.482259
-0.024274 0.323459 0.465148
-0.242012 -0.261629 1.120837
0.022211 -0.146385 0.942668
0.420811 0.174471 -0.131058
-0.398132 -0.053839 1.003677
-0.225483 -0.338097 0.702815
-0.128910 -0.190600 0.084812
0.284769 -0.268286 1.635285
-0.380239 0.032839 0.447313
-0.280030 -0.189402 -0.121617
-0.445335 -0.227435 0.594707
-0.229257 -0.453108 -0.321350
-0.105358 -0.484874 -0.412992
-0.410280 0.139655 -0.072163
-0.075926 0.062774 0.243734
-0.298243 -0.223898 0.822600
-0.415792 0.076611 1.078601
-0.204014 -0.407481 -0.647173
0.072296 -0.423122 0.225159
0.464091 0.143716 0.705399
-0.295953 0.368463 0.260217
-0.397044 -0.432841 0.028472
0.156655 0.210108 0.093410
-0.298693 -0.461233 0.317962
0.010343 0.423488 1.326568
-0.182500 -0.489790 0.225224
0.461623 -0.402299 0.561201
0.187889 0.392146 0.109180
-0.190344 0.231239 -0.410187
-0.264637 0.063926 0.813674
-0.120783 -0.016523 -0.785958
-0.431385 0.483659 0.149396
0.267643 0.396411 0.820072
0.276427 0.109738 -0.140432
0.263038 0.014004 0.594616
0.404819 -0.095761 0.839683
0.471013 -0.111325 -0.069108
0.451018 -0.073599 -0.088699
-0.049059 0.440296 0.740129
0.068349 -0.486004 -0.923297
0.194623 0.080721 0.289299
-0.031594 -0.313355 -0.042176
0.012093 0.258176 0.364125
-0.422453 -0.325302 0.586329
0.136433 -0.125574 0.311315
0.000595 0.465046 0.663328
0.100471 -0.391858 -0.730976
0.289106 -0.485855 0.319325
0.286716 0.434260 -0.252251
-0.162742 0.382840 0.652193
-0.161830 -0.445600 0.408374
0.195264 -0.128757 1.011431
-0.175975 -0.431457 0.632690
-0.466353 0.376081 1.323886
-0.381319 0.041572 0.517108
-0.410776 -0.196231 -0.126089
-0.294332 -0.374670 0.582133
-0.051322 0.382347 -0.097315
-0.348140 -0.394499 0.052643
0.210061 -0.498644 0.619362
-0.328328 -0.016923 0.668389
0.377533 0.042139 0.991230
0.085135 0.335619 0.648021
-0.389387 0.474007 0.207576
0.458919 -0.203249 0.783990
0.166098 -0.129201 0.190819
0.103860 0.168018 1.363175
0.309076 -0.400334 -1.261335
0.123529 -0.456072 1.779641
-0.041687 -0.484206 0.649785
-0.035172 0.479699 0.739775
-0.008123 0.457323 0.612992
0.078419 0.132893 1.357630
-0.293474 0.020138 0.105440
-0.470926 -0.173837 -0.700812
-0.043551 0.353826 -0.201092
0.198636 -0.010733 -0.305408
-0.385409 -0.050149 -0.387903
-0.494127 -0.033545 -0.642157
0.287139 -0.108676 -0.566709
0.128892 -0.462340 1.955104
-0.259878 0.259925 0.065669
-0.236456 0.402772 0.102303
-0.012876 -0.347007 0.154737
0.359290 -0.068011 0.635032
-0.225904 -0.479183 1.099413
-0.243881 -0.334050 -0.888131
0.087558 -0.043523 -0.404265
0.370883 0.357535 1.297392
-0.060595 0.480314 0.733583
-0.077964 0.475012 0.846929
-0.074313 -0.275160 0.105529
-0.101320 0.128383 0.071556
-0.329286 -0.062292 0.991410
0.404607 -0.089102 -0.771318
0.027748 0.137043 1.998149
0.048869 0.120887 1.238429
-0.446338 0.419052 0.463598
-0.191155 0.130598 0.854036
0.131787 0.116107 1.208733
0.025667 -0.420268 0.860970
0.285169 0.344558 0.061421
0.230046 -0.008767 0.596191
-0.324215 -0.228885 0.334919
0.208283 0.064935 1.412009
0.145605 0.192873 0.055291
0.464007 -0.136241 0.688815
-0.138702 0.498045 1.132324
-0.405537 -0.225766 -0.170158
0.360889 0.233442 0.482559
0.141947 0.466740 1.525475
-0.379537 0.467793 0.357175
0.413400 0.353986 1.624889
-0.436572 0.117639 -0.034828
0.297204 -0.284192 0.113085
-0.139053 -0.460285 -0.343889
-0.293250 0.482943 0.594511
-0.031677 0.093971 0.882934
-0.209213 0.140222 1.028566
0.254412 0.252604 0.571683
-0.304876 -0.118295 0.632529
-0.166583 0.489163 0.243860
-0.323155 -0.250955 0.699796
0.240095 0.488941 -0.979722
0.271059 0.239981 1.682847
-0.043733 0.372404 0.141215
-0.191018 0.077824 0.361551
-0.004158 0.398914 0.773354
-0.309345 -0.310024 -0.110015
0.315025 0.218453 0.927888
0.008084 0.170756 0.949833
0.130882 -0.288390 1.092285
-0.474600 -0.471234 -0.775880
-0.234749 -0.380493 0.782224
-0.013868 0.046371 1.331456
-0.206894 0.127305 0.517928
0.431209 0.293922 1.388372
0.494866 -0.187206 0.638888
0.012893 0.434643 1.301613
-0.325910 0.019229 0.812211
0.158935 0.197849 0.251809
0.091014 0.124580 -0.098138
0.357763 0.030426 0.743131
0.035487 0.128136 1.928208
-0.246193 0.363810 0.066879
-0.003052 0.207523 -0.007992
0.027562 0.026696 1.021080
-0.199025 0.406982 -0.066582
0.419448 -0.232106 0.697976
-0.478327 0.453450 0.786874
0.476584 -0.094562 -0.528723
0.271577 -0.346159 0.578764
0.118635 0.314493 0.488014
-0.225107 0.389753 -1.990532
0.327237 0.307472 0.267631
-0.192693 -0.479831 0.321366
-0.422958 -0.379494 0.239965
-0.297917 0.367146 1.539180
0.045065 0.057432 0.519360
-0.149674 -0.265098 0.488381
0.457608 -0.181474 0.782438
-0.013159 -0.470116 0.786662
0.277894 0.420898 -0.919255
-0.108430 0.302968 0.546471
-0.209043 0.349629 0.119467
0.105043 -0.069977 0.963334
0.388243 -0.236126 0.262459
-0.212624 0.492996 -0.718531
0.300359 0.417475 0.290160
-0.113235 0.468836 0.505062
-0.257313 -0.319716 -0.558858
-0.266670 0.458947 1.400234
-0.487145 0.025107 1.036427
-0.342438 -0.439600 -0.190801
-0.100022 0.271455 0.223475
0.029806 0.384234 1.101821
-0.031217 0.247172 0.116334
-0.111812 -0.022270 -0.460325
0.460214 -0.034256 0.724558
-0.117759 0.390194 0.894755
-0.127828 -0.415605 -0.087571
-0.196566 -0.056988 0.363439
-0.196610 -0.289148 0.551950
-0.462343 -0.040019 0.932983
0.484305 0.254391 -1.399735
-0.105664 0.094505 0.061033
-0.052672 -0.039800 0.487404
0.139038 0.288088 0.476943
-0.387373 0.082400 -0.117153
0.253296 0.412776 0.143279
0.134079 0.143085 0.561191
-0.009895 0.428947 1.343848
-0.454843 -0.235417 -0.149070
0.216263 0.326132 0.183625
-0.484370 0.123790 0.791770
-0.395264 0.185892 -0.054055
-0.086990 0.255946 0.115437
0.140930 0.261244 -0.880176
0.212404 0.275400 0.588224
0.451581 0.228497 0.489281
0.198876 0.457836 0.619509
0.490867 -0.352039 -0.837503
-0.010656 0.433993 0.162294
-0.017772 0.235833 0.916391
-0.302138 -0.141730 0.260777
0.051075 -0.222028 0.903840
-0.277652 0.049475 -0.217549
0.206963 0.049167 0.596298
0.032346 0.205540 0.871570
-0.005293 0.132114 1.661024
-0.325602 -0.100174 -0.863794
-0.138146 0.053573 0.283443
0.350382 -0.143446 -1.047951
0.187251 -0.326079 1.261461
-0.203927 0.166328 -0.207746
-0.066085 -0.140754 1.307476
