-0.436815 -0.309873 2.011577
-0.407460 -0.346676 1.959715
-0.402164 -0.295107 1.815379
-0.478934 -0.460916 7.370203
-0.408976 -0.299894 2.167362
-0.387972 -0.336655 1.940781
-0.487549 -0.487021 -0.260718
-0.488450 -0.343261 4.844503
-0.415679 -0.302502 2.057050
-0.474850 -0.343148 4.366684
-0.447558 -0.328076 2.056555
-0.497030 -0.341056 4.631971
-0.407045 -0.335614 1.688715
-0.421191 -0.294640 2.031063
-0.485414 -0.373806 -2.599632
-0.056200 -0.269473 -5.069716
-0.426044 0.469985 -4.395925
-0.493203 -0.486435 -0.683175
-0.473505 -0.427878 -5.205308
-0.480001 -0.479643 9.839689
-0.477230 -0.369579 -2.849297
-0.450015 -0.299987 2.083414
-0.461645 -0.330142 2.604212
-0.474926 -0.377145 5.900788
-0.466981 -0.363059 3.680235
-0.438966 -0.262332 2.240905
-0.476687 -0.488380 10.448138
-0.488203 -0.432589 -4.803699
-0.495056 -0.343180 4.723324
-0.441496 -0.483120 10.245574
-0.481229 -0.454276 -4.124318
-0.480503 -0.394658 9.391121
-0.475965 -0.387123 4.221673
-0.433209 -0.298266 2.022902
-0.465606 -0.471955 -4.033360
-0.397138 -0.330386 1.722581
-0.477051 -0.495309 10.668843
-0.403208 -0.306480 1.580302
-0.478083 -0.460015 -3.940907
-0.426069 -0.297453 2.276650
-0.489253 -0.347791 4.910649
-0.484050 -0.327701 4.439984
-0.447892 -0.319698 2.307496
-0.427309 -0.317200 2.384565
-0.481718 -0.418872 9.342967
-0.482459 -0.210775 7.755591
-0.465362 -0.423978 -5.511956
-0.457956 -0.361980 2.920863
-0.398603 -0.349826 1.868446
-0.393342 -0.306597 2.027194
-0.490597 -0.384599 -2.596146
-0.481430 -0.425104 8.973100
-0.484117 -0.395572 -2.487858
-0.421334 -0.307021 1.961257
-0.472439 -0.425393 8.452539
-0.496634 -0.313870 5.518779
-0.463890 -0.426483 -5.580971
-0.479753 -0.394832 8.942287
-0.499807 -0.458572 6.920397
-0.232692 -0.025252 4.774632
-0.407192 -0.172207 -1.470914
-0.486368 -0.377696 4.648053
-0.469911 -0.460989 -3.591618
-0.494072 -0.431990 8.260553
-0.448027 -0.328936 2.006567
-0.483353 -0.408645 -3.125165
-0.382649 -0.308444 1.644136
-0.493808 -0.390821 -2.515838
-0.409223 -0.304508 1.905958
-0.479420 -0.422011 8.442529
-0.493924 -0.489419 -0.803701
-0.484334 -0.442525 -4.289509
-0.452446 -0.324150 2.399176
-0.484935 -0.379398 4.581455
-0.458882 -0.350497 5.814180
-0.444776 -0.296195 5.679096
-0.412165 -0.339388 1.887491
-0.383409 -0.301715 1.896943
-0.415176 -0.131951 -1.491106
-0.436494 -0.344801 2.087915
-0.441794 -0.309164 2.102060
-0.392608 -0.157549 -1.586326
-0.487895 -0.469527 -3.584750
-0.483489 -0.433355 8.472297
-0.466353 -0.327168 2.744176
-0.495916 -0.363163 5.715721
-0.486267 -0.443963 -4.365596
-0.477428 -0.431079 -4.836028
-0.485590 -0.351653 4.681579
-0.415817 -0.346820 2.256973
-0.442445 -0.303164 2.119313
-0.453055 -0.390240 5.499078
-0.491883 -0.398633 9.411903
-0.441805 -0.341062 2.227493
-0.470969 -0.377342 5.862136
-0.438351 -0.363532 2.120438
-0.425398 -0.314743 1.956370
-0.426159 -0.167519 -1.653453
-0.416113 -0.320576 2.190860
-0.495205 -0.378625 -2.389996
-0.476657 -0.331430 4.721190
-0.417234 -0.297505 1.994366
-0.393937 -0.170829 -4.067988
-0.451169 -0.347618 2.238128
-0.477923 -0.342130 4.909548
-0.455212 -0.341262 2.442105
-0.481735 -0.439631 -4.258613
-0.397962 -0.311708 1.986240
-0.377918 -0.288077 1.916124
-0.488253 -0.463231 -3.998928
-0.485587 -0.436372 -4.523638
-0.450307 -0.467119 -3.832968
-0.450559 -0.325633 2.425463
-0.416022 -0.306932 1.968926
-0.427116 -0.309400 1.797589
-0.482650 -0.385779 -2.955684
-0.465514 -0.404042 6.066032
-0.477229 -0.423792 -4.944784
-0.462641 -0.324107 2.630212
-0.462059 -0.434752 -5.232345
-0.499320 -0.408042 5.595369
-0.480148 -0.395605 -2.998853
-0.438741 -0.314930 2.139299
-0.473689 -0.338088 4.727672
-0.440924 -0.300543 1.971371
-0.469483 -0.431296 -4.686151
-0.459156 -0.354460 3.185544
-0.479893 -0.418588 8.844889
-0.405469 -0.333768 2.132205
-0.499016 -0.331861 -2.851601
-0.094297 -0.264066 -5.228898
-0.460213 -0.430703 -5.764599
-0.404406 -0.328047 2.065380
-0.475027 -0.342651 5.832061
-0.469004 -0.480732 10.011807
-0.470638 -0.319872 6.068779
-0.422858 -0.308027 1.927196
-0.423464 -0.304567 2.050457
-0.463911 -0.328864 6.218953
-0.451135 -0.370644 2.214813
-0.482462 -0.435284 -4.588130
-0.469961 -0.331678 3.748002
-0.489690 -0.360835 4.964049
-0.470020 -0.495947 10.258738
-0.497499 -0.381691 -2.323300
-0.380000 -0.352297 1.782537
-0.492409 -0.444275 7.152285
-0.437109 0.473185 -5.296435
-0.415331 -0.318109 2.204381
0.137387 -0.133272 -5.515126
-0.412449 -0.313200 1.933998
-0.422659 -0.308356 2.068922
-0.485609 -0.390468 -2.727874
-0.451859 -0.309240 2.756302
-0.453935 -0.304059 2.566368
-0.491351 -0.381228 -2.911473
-0.494104 -0.452828 -4.038157
-0.485714 -0.427823 8.486773
-0.412674 -0.301063 1.923842
-0.453118 -0.414933 -6.205313
-0.351525 -0.336983 1.640232
-0.482152 -0.349790 4.760452
-0.478878 -0.426147 -5.277630
-0.476163 -0.488963 9.884987
-0.481448 -0.390305 -2.905454
-0.444341 -0.291415 2.114128
-0.436643 -0.306572 1.724785
-0.422903 -0.301729 2.114743
-0.476493 -0.424078 -5.111572
-0.495675 -0.365481 5.127575
-0.487335 -0.410829 -2.873161
-0.475323 -0.459187 -3.939886
-0.489236 -0.446124 -4.289384
-0.434831 -0.320272 2.010730
-0.478584 -0.314787 -5.151421
-0.463865 -0.345815 5.711086
-0.431041 -0.308498 2.212781
-0.468721 -0.346386 -6.166102
-0.369056 -0.337828 1.686464
-0.406354 -0.298668 2.068433
-0.377983 -0.326365 1.854368
-0.494190 -0.444532 -3.975493
-0.411577 -0.292321 1.708440
-0.430389 -0.296533 2.350482
-0.485102 -0.439154 -4.465316
-0.447424 -0.476887 10.630902
-0.472246 -0.319597 -6.147743
-0.352577 -0.321240 1.563253
-0.425529 -0.305193 2.095696
-0.461081 -0.441634 -5.195914
-0.481489 -0.380940 4.562385
-0.472241 -0.356178 3.582501
-0.473260 -0.337085 -5.642656
-0.445202 -0.298960 2.260429
-0.460170 -0.354142 5.829229
-0.460716 -0.333193 4.094562
-0.492795 -0.448764 7.141217
-0.452128 -0.356786 2.204375
-0.390912 -0.335601 2.085160
-0.437339 -0.310917 2.010861
-0.456742 -0.493963 10.240331
-0.358332 -0.342251 1.607496
-0.466808 -0.413121 -6.184744
-0.451694 -0.470179 -3.965097
-0.486308 -0.404278 -3.067484
-0.429912 -0.306379 1.954112
-0.430647 -0.339770 1.944549
-0.483050 -0.377140 -2.763874
-0.472610 -0.435091 -4.504119
-0.472067 -0.482962 10.138361
-0.440906 0.469951 -5.128334
-0.472738 -0.400501 -5.912141
-0.475238 -0.442760 -4.403909
-0.446292 0.490134 -5.609885
-0.468461 -0.394815 2.901573
-0.459661 -0.326540 2.603685
-0.468549 -0.343841 3.224258
-0.373177 -0.312564 1.992295
-0.485687 -0.439963 -4.523865
-0.419227 -0.308537 1.939442
-0.412114 -0.300200 1.902026
-0.412197 -0.335676 2.329801
-0.460320 -0.349947 4.563304
-0.486751 -0.341520 4.433691
-0.404889 0.497345 10.613802
-0.377495 -0.012971 -0.065301
-0.434937 -0.338813 2.110674
-0.374402 -0.314719 1.802616
-0.473476 -0.452412 -4.074571
-0.471161 -0.373249 5.485638
-0.476038 -0.479360 9.990564
-0.499217 -0.213592 7.909036
-0.480113 -0.498687 10.531442
-0.488941 -0.498012 7.210509
-0.444083 -0.339845 1.934873
-0.483115 -0.362280 4.854475
-0.425620 -0.302008 1.767384
-0.482812 -0.307221 5.402622
-0.447183 -0.324621 2.018013
-0.494431 -0.336413 4.792950
-0.440738 -0.301256 2.148352
-0.439060 -0.305119 2.384827
-0.472032 -0.463363 -3.616436
-0.483252 -0.401824 9.396021
-0.419469 -0.301959 1.818438
-0.457569 -0.487633 10.422987
-0.366563 -0.310097 1.971137
-0.466369 -0.352887 5.859039
-0.473505 -0.370340 6.164050
-0.395560 -0.298632 1.739849
-0.460088 -0.189488 -3.942098
-0.497923 -0.411165 -2.629294
-0.426226 -0.307811 2.154793
-0.422279 -0.299435 1.999478
-0.477767 -0.401647 8.998159
-0.492703 -0.419696 -2.910284
-0.471573 -0.411030 -5.566880
-0.470541 -0.339571 4.432312
-0.398415 -0.300701 1.918700
-0.498507 -0.432988 8.502962
-0.382327 -0.341830 2.091892
-0.429852 -0.304731 2.182430
-0.404296 -0.299734 1.625604
-0.390537 0.481591 -3.564474
-0.492709 -0.389877 -2.515098
-0.379083 -0.312768 2.105955
-0.416790 -0.306404 1.785018
-0.379677 -0.309776 1.961641
-0.480203 -0.421950 -3.058315
-0.469582 -0.426799 -4.874227
-0.482545 -0.383180 -2.986933
-0.421256 -0.310852 1.759529
-0.480350 -0.428306 8.774568
-0.461209 -0.431794 -5.055858
-0.487111 -0.345296 4.578022
-0.392753 -0.302372 1.740956
-0.497984 -0.371830 -2.724325
-0.443700 -0.324265 2.180606
-0.467150 -0.348661 5.512367
-0.419431 -0.297983 1.808035
-0.358440 -0.307993 1.684912
-0.480538 -0.422868 -5.215588
0.237519 -0.210118 5.149119
-0.428615 -0.312790 1.784255
-0.461288 -0.469998 -3.755657
-0.487232 -0.378773 -2.996570
-0.472039 -0.333524 3.682147
-0.470464 -0.329389 3.611552
-0.472645 -0.391324 -6.137552
-0.458278 -0.434414 -5.321510
-0.438761 -0.335935 2.041256
-0.224005 -0.036218 4.667108
-0.465499 -0.471799 -3.926994
-0.494815 -0.451636 -4.354248
-0.478399 -0.364629 4.652752
-0.475926 -0.407897 8.921103
-0.443183 -0.344242 2.130799
-0.464008 -0.370109 2.824638
-0.431700 -0.297176 2.128068
-0.489880 -0.354840 5.006161
-0.424826 -0.311177 1.936684
-0.471652 -0.359899 6.231294
-0.445959 -0.307421 2.155961
-0.423200 -0.356904 2.028866
-0.405912 -0.301469 1.944601
-0.420363 -0.302409 2.014876
-0.466320 -0.371083 5.845660
-0.485577 -0.178101 7.159994
-0.446059 -0.318630 2.198309
-0.472083 0.482385 9.764906
-0.469476 -0.364287 -6.037428
-0.486016 -0.472509 9.761673
-0.450072 0.466610 -4.133317
-0.479467 -0.389370 -2.889947
-0.447779 -0.329284 1.966174
-0.490553 -0.437364 8.261842
-0.499965 -0.250209 8.403854
-0.470300 -0.402260 -5.971943
-0.472421 -0.334820 4.738176
-0.372533 -0.316836 1.694046
-0.493070 -0.359132 5.955804
-0.344905 -0.338340 1.821092
0.132584 -0.138443 -5.693494
-0.381879 -0.293835 2.011333
-0.489464 -0.490939 -0.859622
-0.446424 -0.308484 1.919833
-0.452718 -0.193167 -4.230500
-0.496739 -0.360360 -2.599197
-0.389348 -0.142316 -1.709034
-0.483536 -0.400000 9.145013
-0.477206 -0.482600 10.029384
-0.478805 -0.440768 -4.428998
-0.481998 -0.469760 -3.376108
-0.410020 -0.304071 1.885371
-0.493098 -0.398681 5.387366
-0.477764 -0.359924 4.803646
-0.477919 -0.465684 -3.721881
-0.415758 -0.351972 1.985519
-0.477842 -0.433626 -4.648666
-0.439820 -0.354919 2.043099
-0.476357 -0.390181 6.207692
-0.437538 -0.345564 2.054884
-0.429391 -0.288733 2.185709
-0.437207 -0.356560 2.106350
-0.494330 -0.377602 4.785803
-0.468118 -0.337059 -5.983095
-0.419555 -0.350100 2.210934
-0.477810 -0.373934 4.362116
-0.459545 -0.369387 2.449640
-0.439067 -0.344253 2.142637
-0.470321 -0.334678 -5.753098
-0.388803 -0.298175 1.801854
-0.465849 -0.333036 3.735682
-0.496375 -0.397776 5.582955
-0.499235 -0.260228 -2.993617
-0.497511 -0.401446 -2.633792
-0.499515 -0.428066 8.868481
-0.480754 -0.440651 8.072317
-0.467001 -0.485965 10.266384
-0.456525 0.483797 -4.130479
-0.388207 -0.344707 1.787932
-0.427408 -0.291090 2.006806
-0.472513 -0.380367 6.077802
-0.475476 -0.324943 -5.637113
-0.465531 -0.449346 -3.807821
-0.487813 -0.350054 4.909345
-0.286017 -0.020792 5.252527
-0.471179 -0.379222 6.107295
-0.474597 -0.397152 -5.946839
-0.498665 -0.398135 -2.796582
-0.445659 -0.304912 2.156876
-0.449859 -0.356097 2.361756
-0.484019 -0.424085 8.965556
0.137324 -0.190771 -5.647108
-0.497489 -0.364876 5.542499
-0.493363 -0.284414 -5.106037
-0.491594 -0.437641 8.509789
-0.465687 -0.352291 5.970812
-0.470168 -0.405184 3.696817
-0.435520 0.467740 -5.123121
-0.386472 -0.298164 1.986520
-0.439509 -0.335153 2.239659
-0.457349 -0.326835 4.246310
-0.434461 -0.263454 2.144352
-0.472225 -0.420790 -4.790568
-0.488262 -0.199235 -3.744503
-0.454185 -0.325904 2.492196
-0.496288 -0.461437 -3.879293
-0.419837 -0.312404 1.889395
-0.467628 -0.327074 4.230102
-0.465776 -0.325509 2.946628
-0.413591 -0.322554 2.014072
-0.455086 -0.330837 2.576993
-0.460335 -0.361784 3.144068
-0.406665 -0.309461 2.041407
-0.454471 -0.351436 5.361482
-0.417424 -0.159385 -1.770900
-0.492805 -0.430408 -5.258999
-0.445024 0.476550 10.582091
-0.475856 -0.322595 -5.630938
