-0.442579 -0.435788 -3.674081
-0.483844 -0.449759 -3.686105
-0.488044 -0.470377 6.779154
-0.470405 -0.449433 -3.432036
-0.433718 -0.076972 -6.120568
-0.478494 0.014806 -1.529997
-0.481831 -0.004425 -1.788223
-0.434787 -0.244103 -1.655062
-0.456165 -0.271747 -1.820087
-0.482927 -0.489973 9.738717
-0.469389 -0.453097 -3.509786
-0.487922 -0.495842 -3.606358
-0.494494 0.024995 -1.636950
-0.065461 -0.126337 3.360183
-0.420855 -0.486847 -3.018266
-0.475301 -0.493370 -3.623038
-0.487631 -0.493180 6.529457
-0.488910 -0.495881 -3.631507
-0.484648 -0.457096 6.974904
-0.464110 -0.003179 4.933191
-0.486934 -0.453601 6.946709
-0.288971 0.276156 1.344096
-0.491448 -0.454768 -3.400006
-0.496730 0.023512 -1.236483
-0.480084 -0.485437 -3.633704
-0.481036 -0.484600 6.630102
-0.360887 0.379406 1.454880
-0.435127 -0.102987 5.905605
-0.437690 -0.455443 -4.000287
-0.499759 -0.445996 6.448287
-0.489649 -0.476095 -3.648588
-0.467354 -0.439719 -3.847203
-0.449955 -0.461947 -3.534776
-0.477952 -0.009334 -2.170204
-0.390646 -0.493793 -3.499560
-0.488286 -0.479422 6.748612
-0.498070 0.010326 -1.350345
-0.132718 -0.152403 3.127822
-0.398598 -0.133376 -2.244324
-0.444331 0.078151 3.174545
-0.485487 -0.461499 -3.399227
-0.256349 0.225823 1.727920
-0.484919 -0.440073 -3.903356
-0.466853 -0.498892 -3.089314
-0.478561 0.009917 -1.691552
-0.490058 0.030785 -1.200657
-0.497788 -0.470213 6.596608
-0.482994 -0.498469 6.224333
-0.489463 -0.495604 9.720252
-0.480529 -0.484564 -3.364270
-0.484729 -0.446797 -3.475180
-0.466124 -0.496229 -3.193590
-0.364157 -0.467526 -3.803512
-0.471887 -0.287229 -1.698588
-0.490712 -0.457837 6.839541
-0.486233 -0.454740 7.027513
-0.463389 -0.071952 5.538299
-0.148851 -0.129728 3.134261
-0.479836 0.004562 -1.589220
-0.184710 -0.214522 3.239550
-0.497364 -0.472358 6.704488
-0.493551 -0.497805 6.693913
-0.487450 -0.272509 5.258990
-0.482968 -0.452940 -3.660229
-0.488719 -0.439490 -3.584269
-0.497890 -0.469644 6.593425
-0.485494 -0.496104 9.770781
-0.496551 0.011242 -1.535479
-0.446284 -0.495835 10.023569
-0.450029 0.425529 -6.183226
-0.466643 -0.470770 -3.042993
-0.485195 -0.454550 -3.714744
-0.483188 -0.026226 5.221307
-0.489945 -0.448331 -3.331588
-0.466085 -0.446612 -3.737958
-0.495613 0.022858 4.655626
-0.497385 0.007756 -1.310835
-0.492802 0.000549 5.059020
-0.339464 -0.413388 -2.005251
-0.113784 -0.093659 3.390735
-0.452041 -0.260474 -1.789140
-0.460902 -0.494271 9.507233
-0.380900 -0.472745 -3.033420
-0.383267 -0.460133 -4.520762
-0.486218 -0.447492 6.915190
-0.452700 -0.495933 9.973197
-0.497005 -0.493752 -3.581885
-0.465018 -0.015790 4.891156
-0.499626 0.014084 -1.496543
-0.489141 -0.482620 -3.282674
-0.456355 -0.273358 -2.049048
-0.450352 -0.442543 -3.825763
-0.475335 -0.464159 -3.537517
-0.480661 0.061944 3.413080
-0.123817 -0.118055 3.326846
-0.487247 -0.456201 -3.503099
-0.425554 -0.454366 -3.809655
-0.375674 -0.173922 -2.450870
-0.471757 0.030965 -1.311439
-0.473278 -0.448198 7.157047
-0.287404 -0.137442 5.031808
-0.478492 -0.282281 -2.369594
-0.490734 -0.444331 7.131061
-0.488957 -0.471511 -3.492029
-0.479192 -0.486183 -3.420970
-0.472849 -0.437487 -3.826935
-0.393787 -0.444789 -3.164697
-0.472314 -0.268928 -2.046544
-0.482410 -0.484707 6.634999
-0.488021 -0.496643 -3.626726
-0.409616 -0.462958 -3.325888
-0.482812 -0.447164 -3.777937
-0.477593 -0.495578 -3.577082
-0.475188 -0.287410 -2.286070
-0.485129 0.035010 3.965747
-0.493666 0.016192 4.541205
-0.494610 -0.458177 -3.369167
-0.495053 -0.460712 -3.592055
-0.476493 -0.443737 -3.385756
-0.433040 0.089730 2.952019
-0.447759 0.077459 3.117636
-0.473809 -0.449953 -3.661955
-0.469551 0.047079 3.452619
-0.456821 -0.446144 -3.652296
-0.491730 -0.457396 -3.509332
-0.484247 -0.445230 -3.470480
-0.465300 -0.496726 -3.413180
-0.463176 -0.295349 -1.879829
-0.142244 -0.087327 3.322348
-0.487078 0.005126 4.574420
-0.421273 -0.088086 -3.200331
-0.489433 -0.485651 -3.628299
-0.441422 -0.105119 -4.353632
-0.443050 -0.288538 -1.854245
-0.474433 0.015917 -1.600622
-0.267650 0.186289 1.549862
-0.482315 -0.453250 7.326339
-0.470263 0.013111 4.761015
-0.387259 -0.467890 -2.921726
-0.495149 0.004844 4.887699
-0.478336 -0.468384 -3.835417
-0.472120 0.026587 -1.247320
-0.453774 -0.449395 -3.902875
-0.489127 0.014477 -1.828547
-0.430947 0.076380 2.782239
-0.447285 -0.497387 9.828310
-0.489621 -0.483691 6.500886
-0.492712 0.040254 -0.953710
-0.472709 -0.494204 9.473787
-0.439261 -0.447267 2.779402
-0.476516 -0.452666 6.863702
-0.491160 0.008423 4.494865
-0.482427 0.015184 -1.813087
-0.468609 -0.040440 -5.412255
-0.498472 0.014887 4.592984
-0.491301 0.053701 4.299371
-0.482016 -0.447208 -3.495212
-0.424217 -0.108804 -5.262757
-0.471953 -0.273491 5.133181
-0.483901 -0.457071 -3.767875
-0.494639 -0.455763 6.912768
-0.489815 -0.055952 5.577833
-0.493919 0.029578 4.135596
-0.495146 -0.447814 -3.805871
-0.461251 -0.450656 -3.473385
-0.481790 -0.004417 -1.685986
-0.480460 -0.001395 -1.739960
-0.498310 -0.467002 -3.392839
-0.481709 -0.498869 10.059346
-0.472744 -0.479984 -3.188237
-0.457352 -0.431829 -3.679315
-0.484674 0.018501 -1.709204
-0.486949 0.012872 -1.413480
-0.454652 -0.455836 -3.658976
-0.492285 0.002918 4.801363
-0.488161 0.000078 -1.726803
-0.475492 -0.452345 -3.458705
-0.395102 -0.482037 10.040320
-0.450513 -0.259623 -1.598409
-0.452972 -0.486752 -3.935064
-0.394497 -0.401120 -2.020536
-0.479430 0.019548 4.699749
-0.436510 -0.236435 -1.769743
-0.463502 -0.046680 -5.425341
-0.468606 -0.026656 5.228105
-0.490923 -0.492192 -3.380579
-0.477328 -0.441832 -3.723077
-0.493578 -0.496668 9.856557
-0.498601 -0.480685 6.395099
-0.441898 -0.490796 10.014166
-0.469075 -0.491359 9.953046
-0.467678 -0.491676 -2.839736
-0.259211 0.215349 1.691138
-0.498928 0.012625 -1.692107
-0.476800 -0.454399 -3.525126
-0.253128 0.232153 1.411532
-0.473451 -0.462418 -3.693264
-0.491466 -0.494652 -0.369502
-0.445163 -0.462140 -3.701888
-0.312242 -0.103517 5.006190
-0.024778 -0.353510 3.779325
-0.490365 -0.496356 9.979622
-0.389259 -0.441820 -3.289286
-0.497532 0.021288 -1.583130
-0.438370 0.092310 2.882736
-0.445279 -0.242449 -1.950889
-0.484686 -0.483211 6.531976
-0.489917 -0.461222 -3.611335
-0.479269 0.022010 -1.582018
-0.452070 -0.259331 -1.740128
-0.488043 -0.479242 6.667659
-0.497298 -0.494384 6.505985
-0.459175 -0.017232 5.150048
-0.438556 -0.465955 -3.736603
-0.489285 -0.474457 6.663072
-0.455397 -0.022179 5.647097
-0.436171 -0.085433 -4.439459
-0.435409 -0.497892 10.340852
-0.492829 0.018591 4.589168
-0.355782 -0.141136 -2.640911
-0.476918 -0.270118 -2.330679
-0.492592 -0.460958 6.622248
-0.439985 -0.490250 -3.830897
-0.488165 -0.496441 6.380240
-0.406868 -0.439277 -2.954972
-0.474017 -0.272817 -2.102034
-0.482635 -0.469439 6.719112
-0.468846 -0.276040 -2.050105
-0.438472 0.328978 0.990542
-0.488385 -0.472540 6.868091
-0.457820 -0.449705 -3.651110
-0.441321 -0.455869 -3.641300
-0.472528 -0.446106 -3.597686
-0.465971 -0.274052 -2.204697
-0.498845 0.019676 -1.536601
-0.471293 -0.468370 -3.542876
-0.487786 -0.483915 6.537409
-0.436238 -0.148578 -1.963664
-0.487619 -0.459032 -3.542676
-0.453247 -0.252803 -1.827265
-0.488312 0.017091 -1.572039
-0.142305 -0.106851 3.361856
-0.495628 -0.059472 -2.342291
-0.481296 -0.481564 6.561781
-0.493094 0.031476 -1.310515
-0.471134 -0.443257 -3.419700
-0.469928 0.051178 3.463281
-0.461208 -0.449506 -3.663389
-0.129340 -0.085822 3.171930
-0.468142 -0.288054 -1.824971
-0.499746 -0.490022 9.647363
-0.352279 -0.429290 -2.033829
-0.471297 -0.069832 -3.024992
-0.486867 0.010538 -1.794130
-0.496298 -0.057233 8.919149
-0.480855 -0.486429 -3.445362
-0.488146 0.009955 -1.705259
-0.478002 0.019095 -1.395299
-0.474922 -0.454390 -3.375811
-0.401563 -0.254585 -4.114525
-0.459902 -0.486008 9.359844
-0.394675 -0.483761 9.418301
-0.448261 -0.493826 10.065260
-0.476026 0.453948 6.923522
-0.475920 -0.285124 -2.207615
-0.436742 0.065301 2.755932
-0.492597 0.027219 -1.263737
-0.489454 -0.018032 4.552763
-0.482822 0.019837 -1.436693
-0.262653 0.244375 1.333144
-0.341988 -0.499627 -4.393796
-0.362682 -0.491586 9.981054
-0.488203 -0.155535 -2.459104
-0.457127 -0.449442 -3.793087
-0.454892 -0.243694 -1.853205
-0.482683 -0.484261 6.729864
-0.479329 -0.495033 -3.671668
-0.441918 -0.489095 10.172495
-0.482363 0.002977 -1.643075
-0.482491 -0.454379 -3.371173
-0.253279 0.256451 1.675210
-0.489879 -0.044557 8.255268
-0.370322 -0.410044 -2.011463
-0.479742 -0.028615 -2.121946
-0.497287 0.030537 -1.235383
-0.455167 -0.490272 -3.576320
-0.478061 -0.087238 4.253088
-0.484848 -0.458793 6.505804
-0.495760 -0.458545 6.984828
-0.459247 -0.494940 -3.383115
-0.145983 -0.167025 3.300196
-0.484270 0.000554 -1.781566
-0.490337 0.004156 4.746982
-0.482808 0.031792 -0.993019
0.144280 0.223857 -0.551057
-0.116494 -0.147795 3.074085
-0.486479 -0.450369 -3.495924
-0.485403 -0.485098 6.779859
-0.494259 0.000427 -1.502200
-0.170265 -0.096147 3.214099
-0.318114 -0.440661 -2.141252
-0.469704 -0.497611 9.411897
-0.485304 -0.448080 7.137256
-0.483092 0.029841 4.269941
-0.497181 -0.485981 -3.724051
-0.475593 0.012276 -1.543042
-0.441351 -0.281767 -1.397840
-0.479082 -0.497675 -3.430250
-0.491131 0.005372 -1.874548
0.162193 0.410178 -1.488310
-0.130178 -0.090374 3.158369
-0.487251 -0.496972 6.624546
-0.466513 0.297445 1.132036
-0.490166 -0.480309 6.692183
-0.495408 -0.001588 -1.668420
-0.482078 0.040183 -1.189765
-0.473867 -0.258050 -1.664923
-0.478518 0.006416 -1.672765
-0.451810 -0.490856 -3.678457
-0.482951 -0.454677 7.284516
-0.496538 0.000794 4.712621
-0.495667 0.020344 4.627406
-0.465798 -0.280748 -2.291143
-0.464073 0.002156 5.080821
-0.470351 -0.199555 -1.702464
-0.449082 -0.485415 9.671907
-0.494998 -0.446462 -3.542988
-0.493822 -0.459493 6.659988
-0.490180 0.451198 5.483418
-0.454173 -0.493698 9.778873
-0.489887 0.027508 -1.273723
-0.478159 0.009890 -1.569128
-0.482035 -0.318947 -2.615554
-0.487355 -0.491920 9.957514
-0.491171 0.037173 -1.255682
-0.463569 -0.279292 -1.926960
-0.379920 -0.452060 -3.472718
-0.491985 -0.478955 6.624056
-0.436405 -0.460336 -3.696729
-0.498803 0.032525 4.178688
-0.452867 -0.465436 -3.700487
-0.493793 -0.491049 6.604773
-0.474077 0.003835 4.715572
-0.492006 0.013978 -1.815849
-0.391321 -0.458179 -3.452212
-0.499032 -0.478741 6.786334
-0.449350 -0.058370 5.634103
-0.451714 -0.080644 -4.298486
-0.466479 -0.238358 -2.017302
0.283641 -0.387519 -0.481799
-0.482341 -0.010937 -1.982832
-0.369389 -0.418103 -1.927796
-0.427760 0.077207 2.606605
-0.493033 -0.004397 -1.623590
-0.473013 -0.487931 9.445109
-0.463698 -0.438016 -3.661778
-0.492438 -0.477697 6.637574
-0.484335 -0.496662 9.743083
-0.460079 -0.025368 5.791671
-0.393564 0.324676 0.774016
-0.464606 0.081668 2.778402
-0.407111 -0.140603 -2.640324
-0.477646 -0.486918 -3.825567
-0.377510 -0.472791 10.199082
-0.443137 -0.485010 9.691143
-0.146575 -0.107685 3.303541
-0.498999 -0.495178 9.501607
-0.423179 -0.448467 -3.825173
-0.484661 -0.473659 6.583190
-0.455991 -0.247514 -1.908679
-0.488456 -0.007555 -1.796643
-0.488492 0.000336 -1.314798
-0.470543 0.015675 4.737022
-0.474104 -0.449090 -3.688455
-0.480490 0.017945 -1.657412
-0.451588 -0.493987 -3.604572
-0.455301 -0.263426 -1.222517
-0.478900 0.025779 -1.518267
-0.454169 -0.443416 -3.389183
-0.281212 0.267914 1.368882
-0.498312 -0.040192 8.246805
-0.435898 -0.215292 -1.785730
-0.488829 0.001232 -1.606930
-0.460914 -0.492272 -3.493458
-0.495746 -0.497293 -3.709057
-0.423734 -0.394016 -1.886136
-0.482870 0.011549 -1.359480
-0.499919 -0.004318 -1.654517
-0.068269 -0.214405 3.366234
-0.373245 -0.436637 -3.978169
-0.468063 -0.265809 -2.237009
-0.434764 -0.091547 5.024487
0.351942 0.191110 -5.104412
-0.471411 -0.493866 -3.555759
-0.447227 -0.230662 -1.947468
-0.483464 -0.474514 -3.445545
-0.499617 0.006755 -1.716593
-0.468284 -0.490742 -3.228688
0.471824 -0.052738 -2.739050
-0.175318 0.228288 -0.276728
