-0.485819 -0.295527 6.216162
-0.484398 -0.063023 -3.355796
-0.146368 -0.152276 1.925148
-0.433521 -0.321943 -2.840237
-0.419842 -0.132557 -6.171312
-0.459910 -0.181910 2.869211
-0.460469 -0.169805 2.841298
-0.480044 0.397058 5.214360
-0.458455 -0.142903 3.735741
-0.484011 -0.366904 -3.318024
-0.495179 -0.401438 -4.642557
-0.462711 0.074458 5.309309
-0.482953 -0.075735 -3.638499
-0.496518 -0.125434 -2.888416
-0.491357 -0.319133 -3.122335
-0.381541 0.133893 3.333954
-0.427551 -0.436931 6.003569
-0.494703 0.087662 5.139545
-0.468965 -0.336077 -3.174595
-0.496802 -0.357061 6.668585
-0.465651 -0.138643 3.646286
-0.136764 -0.156870 2.021230
-0.440901 -0.139749 4.549074
-0.475909 -0.478850 8.697180
-0.482413 -0.017730 -5.182402
-0.167814 -0.117475 1.990864
-0.444054 -0.471102 -3.842038
-0.444274 -0.441764 -5.249018
-0.485197 0.075905 4.531292
-0.485650 0.360605 3.162693
-0.457806 -0.265198 -5.169799
-0.485669 0.077358 -2.301637
-0.488444 -0.029513 7.023200
-0.181371 -0.155160 1.870832
-0.497070 -0.458467 -3.811320
-0.438251 -0.137372 4.912896
-0.460889 -0.360250 -3.102087
-0.434004 -0.132435 -4.077150
-0.488501 -0.409584 -2.554720
-0.464443 -0.101171 -3.132527
-0.173160 -0.143694 1.898007
-0.326841 -0.345523 -1.930847
-0.343872 -0.300074 -1.778852
-0.494065 -0.185880 2.367240
-0.283560 -0.339218 -1.933719
-0.488060 -0.039657 -3.756120
-0.477398 0.347855 3.265871
-0.486193 -0.361489 -3.085493
-0.434088 -0.224669 5.052461
-0.416971 -0.040111 4.586748
-0.480861 -0.445874 -3.108168
-0.441375 -0.441988 -5.274790
-0.493374 -0.446493 -2.978368
-0.448485 0.057023 3.689238
-0.431841 -0.107366 -5.395303
-0.470810 -0.331608 -3.015004
-0.489625 -0.370871 -3.551956
-0.474739 0.164853 -6.127574
-0.250748 -0.487472 2.005565
-0.497178 -0.342934 -2.916250
-0.356075 0.073796 3.371079
-0.499639 -0.439347 8.474606
-0.497075 -0.347279 -3.147202
-0.187349 -0.141102 1.927679
-0.498711 0.436185 -5.954047
-0.452146 -0.424062 -5.941594
-0.485739 -0.036056 7.001480
-0.437278 -0.450103 -5.827654
-0.438388 -0.224283 3.913622
-0.487915 -0.354979 -3.066980
-0.481627 -0.427136 -2.506586
-0.475504 -0.321013 -2.871147
-0.485952 -0.045381 -3.627823
-0.464991 0.052939 3.874307
-0.491720 -0.473128 -3.565877
-0.468671 -0.066813 -2.322042
-0.471004 0.357258 3.217246
-0.171961 -0.152700 2.289582
-0.431312 -0.433301 5.815175
-0.478736 -0.026109 -4.871121
-0.483827 -0.049468 -3.529832
-0.481457 0.144013 -2.831472
-0.482208 -0.307956 5.910056
-0.197355 0.466370 2.178925
-0.493432 -0.431403 -5.521928
-0.414569 -0.442006 -5.942233
-0.492767 -0.417546 -3.106160
-0.483645 -0.395578 8.768650
-0.433994 -0.313308 -3.436355
-0.476710 -0.405827 -5.245273
-0.480172 0.141455 -3.107462
-0.496898 -0.409816 -6.134685
-0.338659 -0.299176 4.815229
-0.486401 -0.172163 2.511763
-0.482326 -0.404961 9.254700
-0.454432 0.433694 6.035189
-0.475512 -0.089970 -2.584825
0.347206 0.311726 -4.832452
-0.443727 -0.117504 -3.449980
-0.484977 0.407346 5.370600
-0.435103 -0.123740 -2.911297
-0.493008 -0.041436 -4.033681
-0.489055 -0.027697 6.818833
-0.475381 -0.396223 -5.322190
-0.462264 -0.193384 3.301525
-0.173669 -0.126772 2.148693
-0.486169 -0.239564 -3.063306
-0.493156 -0.058175 -3.495912
-0.462926 -0.106045 -2.450569
-0.476878 -0.335978 -2.941912
-0.482939 -0.340060 -3.085947
-0.180948 -0.150438 2.238148
-0.481545 -0.434527 -2.635126
-0.431681 -0.437934 -5.535812
-0.467726 -0.116615 -2.276478
-0.482293 -0.408203 9.381389
-0.427396 -0.442987 -6.280862
-0.157921 -0.153636 1.893531
-0.490751 -0.326087 6.269128
-0.493373 0.282009 3.055538
-0.195158 -0.161679 2.185871
-0.437408 -0.131869 -3.791756
-0.472151 0.312963 0.291677
-0.452231 -0.245782 4.398163
-0.250631 0.398853 1.569346
-0.441205 -0.012202 -5.540439
-0.480788 -0.439589 -5.228979
-0.448932 0.079968 4.930863
-0.459696 0.003479 4.943451
-0.491047 -0.357509 -3.340543
-0.484215 0.423326 -2.672702
-0.497406 -0.343243 6.328555
-0.487264 0.365970 0.148503
-0.458735 0.066954 4.049602
-0.479410 -0.343500 -2.861479
-0.494951 -0.368364 7.119185
-0.462573 -0.088385 -2.733346
-0.484605 -0.075708 -3.142309
-0.499317 0.330534 -0.034928
-0.493278 -0.421919 9.018240
-0.485069 -0.438940 8.791823
-0.486085 -0.327747 -3.090615
-0.487675 0.125869 -2.950052
-0.484848 -0.377420 7.722750
-0.484223 -0.424588 9.394003
-0.476097 0.073247 -3.014585
-0.450343 -0.356945 -3.163861
-0.428901 -0.429629 5.593208
-0.488222 0.255969 2.049666
-0.474042 0.020052 5.016144
-0.179352 -0.155514 1.958164
-0.484238 -0.067294 6.060867
-0.464771 -0.038166 -5.086986
-0.498081 0.073444 4.881137
-0.488185 0.119594 -2.776992
-0.456804 0.430727 5.592131
-0.473103 -0.330098 -3.111110
-0.486789 -0.335794 -3.327020
-0.425460 -0.040229 6.117613
-0.497987 -0.441700 8.284340
-0.497714 0.057701 -1.965908
-0.473749 -0.409532 -5.966738
-0.485406 -0.467048 6.178143
-0.461885 -0.198635 3.474887
-0.423567 -0.128039 -6.008943
-0.438921 -0.222543 4.050572
-0.496414 -0.189917 -0.916152
-0.345242 0.492969 0.163875
-0.167784 -0.151916 2.258998
-0.466840 -0.435691 -4.876014
-0.475566 -0.345573 -3.399197
-0.497756 0.287342 0.286490
-0.488636 -0.375344 7.222321
-0.425798 -0.446227 6.082286
-0.452193 -0.144644 3.467297
-0.483969 -0.401258 -3.039147
-0.494481 -0.136505 3.763350
0.435660 0.353340 -0.672469
-0.478258 0.338432 0.046208
-0.481513 0.088150 -2.921462
-0.495161 -0.060282 -3.398577
-0.463139 0.045811 3.404821
-0.462707 -0.027814 -3.478573
-0.496800 0.295102 2.763468
-0.441951 -0.334189 -3.505847
-0.455791 -0.221457 4.347630
-0.477489 -0.355836 -3.053279
-0.438225 -0.123221 5.400071
-0.498609 0.078668 -1.720092
-0.429239 -0.134101 6.197392
-0.446686 -0.143790 3.842221
-0.443651 0.246173 2.106606
-0.326908 -0.346042 -1.931686
-0.158955 -0.169030 2.187279
-0.334751 -0.360003 -1.958674
-0.450837 -0.239612 3.869847
-0.429384 -0.204741 3.079176
-0.339662 -0.301880 -1.978600
-0.471854 0.063614 4.475052
-0.484785 -0.134260 3.652526
-0.479306 -0.432358 -3.125750
-0.462810 -0.094064 -2.886147
-0.450606 -0.273158 -3.687259
-0.478573 -0.322131 6.223741
-0.473952 -0.167527 2.247136
-0.490615 -0.196709 2.679669
-0.448215 -0.339177 -3.541918
-0.494422 -0.367912 -3.386268
-0.497804 -0.431074 -5.705865
-0.434361 -0.313558 -3.196397
-0.487930 0.481546 7.413584
-0.443165 -0.419124 5.708678
-0.451633 -0.098737 -2.254134
-0.496430 -0.428002 -2.720336
-0.497371 -0.021075 7.624512
-0.432663 0.256202 1.994904
-0.476509 0.095953 4.537174
-0.438633 -0.092505 -4.210844
-0.482942 -0.331689 -3.006503
-0.481099 0.297621 2.413697
-0.437526 -0.144169 4.642951
-0.465276 -0.474072 8.196643
-0.482523 0.267005 1.737624
-0.420409 -0.428296 5.732883
-0.438749 -0.448339 -5.107360
-0.410219 -0.009694 4.079199
-0.492914 -0.386167 7.591560
-0.498278 0.064658 -1.891511
-0.479565 -0.445840 8.841405
-0.443281 -0.389677 -4.553752
-0.445981 -0.337660 -3.320524
-0.422773 -0.135804 -5.385756
-0.499985 -0.410690 -2.797755
-0.490216 -0.366163 -3.387379
-0.468068 0.103109 5.924541
-0.455913 0.076225 4.489450
-0.488198 -0.404095 8.980640
-0.477287 0.181584 -6.123558
-0.457357 -0.210161 4.273260
-0.494734 -0.086792 -2.954555
-0.466425 0.093230 5.694443
-0.476752 -0.149638 3.346380
-0.485981 -0.433092 9.201893
-0.174856 -0.192073 2.161985
-0.446285 -0.104667 -2.591661
-0.493355 -0.367065 -3.180102
-0.463078 0.007560 -4.809666
-0.193802 -0.155940 2.193655
-0.446783 0.090980 5.383546
-0.490725 0.080217 4.759238
-0.491499 -0.053454 -3.760879
-0.486005 -0.338014 6.388156
-0.473598 0.128868 5.061171
-0.490033 -0.357126 -2.813573
-0.482911 -0.425211 9.318900
-0.277305 -0.336263 -2.377633
-0.467340 -0.445334 -4.952369
-0.488080 -0.436074 9.091373
-0.499744 0.383333 4.787174
-0.449648 -0.318403 -3.160230
-0.429318 -0.445681 5.913981
-0.434609 -0.427090 5.700396
-0.431605 -0.123736 -2.969168
-0.455541 -0.114874 -2.538621
-0.498563 -0.354895 6.424778
-0.469169 0.028863 3.736336
-0.491375 -0.038829 6.860569
-0.462709 0.166933 1.875533
-0.444113 -0.355253 -3.277153
-0.479852 -0.351843 -2.927739
-0.206222 -0.155467 2.185807
-0.323564 -0.488807 1.722955
-0.479114 -0.440395 -3.021301
0.474888 0.314785 2.959687
-0.494024 -0.347724 -3.028618
-0.498098 -0.352905 6.248934
-0.495087 -0.443524 -2.769333
-0.449598 -0.131000 -3.432731
-0.451925 -0.275944 -1.978120
-0.444386 0.009841 4.869022
-0.440396 -0.435974 5.616536
-0.475529 -0.432963 -2.598561
-0.498813 -0.344574 -3.147711
-0.494341 0.414655 -2.564920
-0.499102 -0.342572 -2.960874
-0.300224 -0.490676 1.748910
-0.436089 -0.191055 2.757521
-0.417828 0.473723 3.675058
-0.494200 -0.465170 6.358875
-0.495726 -0.356878 -3.174328
-0.465168 -0.447750 -5.795082
0.009967 0.191714 -0.862589
-0.474739 0.320325 0.074177
-0.489948 -0.354610 -3.218248
-0.489093 -0.431145 -2.918794
-0.464383 -0.092655 -2.395270
-0.463654 0.077128 4.304134
-0.214467 -0.149216 2.033552
-0.234718 0.422782 1.141697
-0.463896 -0.434388 6.141577
-0.456097 0.088170 4.394102
-0.459113 -0.434134 -5.696059
-0.497908 -0.380750 7.479642
-0.280150 0.456481 5.340429
-0.487951 0.096604 -2.513247
-0.487864 0.054001 -1.320089
-0.496423 -0.248975 7.608775
-0.454217 -0.193860 2.605434
-0.495383 -0.415119 8.829615
-0.484987 -0.450941 8.741635
-0.486965 -0.354104 -3.003263
-0.464124 -0.225116 4.349765
0.447941 0.373736 -0.512052
-0.182828 -0.154663 2.423727
-0.334568 -0.426790 -1.308960
-0.491490 -0.454362 -4.653073
-0.465236 0.117838 4.249779
-0.488662 -0.362656 -3.182214
-0.496248 0.262962 2.507206
-0.459530 0.019216 -5.117700
-0.486837 -0.174612 2.166531
-0.497575 -0.032874 6.937529
-0.490028 0.029127 3.892622
-0.498368 0.316162 0.433882
-0.481536 -0.350137 -2.815069
-0.488214 -0.316773 6.202090
-0.499207 -0.033421 7.121580
-0.493362 -0.463690 -3.828126
-0.328440 -0.492870 4.113843
-0.488700 -0.362211 -3.093941
-0.447428 -0.447312 -5.099248
-0.448547 -0.452857 -4.556477
-0.484146 -0.418276 9.179116
-0.423782 -0.058246 -4.194261
-0.486615 -0.188796 -0.709061
-0.220268 -0.162087 1.917982
-0.374944 -0.398974 -0.868944
-0.415999 -0.216897 2.051486
-0.468845 -0.169112 2.673692
-0.495098 -0.170175 0.295104
-0.492576 -0.433953 -2.662420
-0.469242 0.068088 4.456692
-0.166185 -0.125779 2.299887
-0.485684 -0.440180 -2.733189
-0.481482 0.108729 5.723475
-0.499218 0.131369 9.364357
-0.493529 0.083873 -2.541398
-0.491096 -0.045968 -3.641236
-0.490237 -0.039777 6.949539
-0.418624 -0.433800 6.213225
-0.441562 -0.119658 -2.871768
-0.483443 -0.421369 9.114451
-0.488357 -0.351903 -2.837928
-0.434783 -0.313909 -2.903574
-0.396162 0.015602 4.722939
-0.204218 -0.161336 2.104356
-0.437961 -0.335648 -3.448943
-0.440362 -0.440418 5.901054
-0.473685 -0.437854 -2.807051
-0.432074 0.492885 9.846289
-0.479934 0.088816 4.549910
-0.491272 -0.128241 -2.526189
-0.492981 -0.361857 -2.847020
-0.494161 -0.469511 -3.158580
-0.486268 -0.065448 -3.397212
-0.428346 -0.244246 -4.661790
-0.480641 -0.437551 -2.801478
-0.484557 -0.353854 -3.140570
-0.345822 -0.333292 -0.769471
-0.159197 -0.154116 2.138630
-0.478123 0.283430 3.117866
-0.402401 -0.012415 3.812890
-0.484452 -0.353340 -2.994658
-0.475172 -0.159718 2.465849
-0.499124 -0.476744 6.471566
-0.433007 -0.440134 -5.681651
-0.477379 -0.412656 9.319430
-0.484821 -0.433072 -5.336847
-0.480762 -0.060454 6.068604
-0.481270 -0.346873 -3.148074
-0.469979 -0.139109 3.397076
-0.498247 -0.366900 -4.190891
-0.436440 0.005300 3.956858
-0.471555 -0.138566 4.119445
-0.490030 -0.359654 -2.973474
-0.441027 -0.126065 -2.466766
-0.485135 -0.054210 -3.479327
-0.435387 -0.182349 3.040165
-0.427897 -0.441896 6.063957
-0.498384 -0.359927 -3.514963
-0.436658 -0.426557 5.774138
-0.468493 0.109755 -5.728305
-0.484012 -0.439512 -2.987756
-0.424658 -0.308285 -3.247042
-0.324808 -0.433615 4.360109
-0.429772 -0.429586 5.455422
-0.496731 -0.180949 2.620101
-0.488294 -0.069609 -3.552163
-0.471339 -0.149070 3.418075
-0.466010 -0.422438 -5.591023
