-0.401772 -0.408792 2.408826
-0.498641 -0.473952 -3.466070
-0.485740 -0.472434 -4.267323
-0.458605 -0.478727 -5.477417
-0.455596 -0.332559 -3.680879
-0.068476 -0.465900 -5.360902
-0.462520 -0.391592 3.205216
-0.463043 -0.388275 3.245059
-0.459111 -0.488102 -4.989820
-0.460587 -0.304224 -2.238647
-0.464605 -0.315555 -2.543238
-0.478307 -0.480293 9.835360
-0.260204 -0.458864 -3.896071
-0.061246 -0.080256 -1.183903
-0.359880 -0.412922 2.292512
-0.410516 -0.362866 4.084291
-0.458807 -0.398188 3.164256
-0.245222 -0.487388 -3.054283
-0.497486 -0.404015 -3.057215
-0.196324 -0.459601 -2.468366
-0.496356 -0.453059 -4.063567
-0.278564 -0.451795 -3.268482
-0.433847 -0.435493 3.524294
-0.442009 -0.341319 -4.022803
-0.454761 -0.431854 5.840405
-0.480826 -0.474861 -4.079817
-0.447010 -0.322484 -2.853340
-0.430489 -0.348755 -4.979281
-0.325824 -0.453606 2.558975
-0.422325 -0.382670 2.804570
-0.455236 -0.395512 -4.547401
-0.492599 -0.465490 -4.007253
-0.489908 -0.435636 7.197444
-0.198903 -0.465500 -2.115954
-0.481330 -0.463617 6.441344
-0.493399 -0.471385 6.839626
-0.297743 -0.496817 0.039497
-0.359683 0.469412 -5.639880
-0.437752 -0.311902 -3.015746
-0.208871 -0.467641 -3.083489
-0.374668 -0.430724 2.635330
-0.422590 -0.388705 3.885074
-0.491246 -0.469716 6.679342
-0.312467 -0.482190 0.482078
-0.196816 -0.485663 -2.530116
-0.481967 -0.348246 7.102868
-0.395251 -0.424457 3.286864
-0.466479 -0.437353 -5.773796
-0.443765 -0.403274 3.874061
-0.447866 -0.372456 3.195681
-0.480732 -0.459775 6.456986
-0.327784 -0.437805 4.873705
-0.411054 -0.373874 2.394265
-0.435430 -0.380876 2.680046
-0.359334 -0.416107 1.631037
-0.413228 -0.351190 4.042224
-0.449323 -0.310845 -2.757258
0.197429 -0.338873 1.938125
0.185831 -0.493882 -3.350375
0.476329 -0.414441 -1.209782
-0.484969 -0.466870 6.841541
-0.463861 -0.440112 -5.382284
-0.341100 -0.472115 -6.036709
-0.429677 -0.413238 3.485868
-0.406501 -0.423960 4.121789
-0.487250 -0.437667 7.007136
-0.081165 -0.492059 -5.151935
-0.461379 -0.347476 -4.628216
-0.422770 -0.494329 5.516077
-0.029799 -0.451917 -5.575519
-0.497754 -0.462437 -4.082666
-0.430698 -0.482258 5.973067
-0.490188 -0.328980 6.404719
-0.263174 -0.489024 -3.133594
-0.497216 -0.447612 -3.918925
-0.287355 -0.471058 5.975107
-0.458181 -0.324213 -3.406788
-0.205863 -0.464695 -2.267647
-0.190284 -0.475354 -2.345391
0.417509 -0.457730 2.018290
-0.245140 -0.466257 -3.562702
-0.350112 -0.397944 2.808301
-0.475424 -0.472837 -4.521218
-0.397830 -0.422448 3.529793
-0.496130 -0.467406 6.801510
-0.444333 -0.486280 11.064719
-0.406597 -0.410033 3.702580
-0.460657 -0.352808 -4.118279
-0.362020 -0.360498 -5.738087
-0.383998 -0.422806 3.279979
-0.394374 -0.432348 5.157751
-0.473393 -0.433140 -5.772836
-0.465463 -0.441787 -5.774094
-0.483239 -0.320451 6.643229
-0.226262 0.460201 -3.895778
-0.474503 -0.415707 6.128896
-0.497036 -0.469054 -3.538932
-0.480346 -0.384217 -4.957412
-0.052252 -0.485891 -6.031525
-0.499631 -0.476627 -3.914352
-0.177159 -0.149949 -1.348054
-0.456292 -0.380996 3.538468
-0.388748 -0.433081 4.908914
-0.411492 -0.440734 5.334587
-0.232497 -0.455290 -3.235898
-0.479377 -0.406782 5.701897
-0.436220 -0.361139 5.980765
-0.282746 -0.491663 -5.985163
-0.439416 -0.407831 3.809618
-0.388235 -0.449964 4.696211
-0.408416 -0.418544 3.588979
-0.323996 -0.447812 5.243374
-0.424052 -0.292372 -1.640877
-0.296520 -0.367300 -1.593281
-0.408629 -0.394246 2.403291
-0.050501 -0.453506 -5.411318
-0.415462 -0.408828 3.745120
-0.420420 -0.343763 5.218742
-0.289234 -0.370470 -1.500754
-0.116990 -0.472512 -4.243463
-0.460553 -0.322539 -3.226152
-0.499619 -0.448676 -3.902813
-0.078515 -0.467373 -4.789466
-0.490740 -0.474423 -4.021281
-0.417649 -0.380372 2.405878
-0.496485 -0.444838 7.227603
-0.484188 -0.461245 -4.462785
-0.461641 -0.349972 -3.778094
0.393479 -0.483165 -2.120302
-0.084118 -0.489498 -5.367874
-0.269759 -0.462924 -3.279983
-0.233492 -0.483297 -2.809898
-0.480817 -0.324724 6.419435
-0.394257 -0.486119 5.723507
-0.205876 -0.483835 -2.614415
0.185305 -0.373346 1.953143
-0.230426 -0.464099 -2.500401
-0.056675 -0.479145 -5.281182
-0.488649 -0.478192 6.266393
-0.440478 -0.408397 2.611133
-0.448592 -0.341828 6.242075
-0.081954 -0.441126 -5.673424
-0.437614 -0.414070 4.197106
-0.277040 -0.482359 6.270509
-0.312378 -0.421324 3.894767
-0.277826 -0.486531 10.301089
-0.491620 -0.473963 6.891872
-0.414500 -0.324305 2.539687
-0.488453 -0.482405 -4.005067
-0.482549 -0.473453 -3.917509
-0.447752 -0.488442 -5.548329
-0.055533 -0.444839 -4.794093
-0.092109 -0.458605 -4.805949
-0.276264 -0.491479 -6.180024
-0.105677 -0.486012 -5.180596
-0.455445 -0.318940 -3.405824
-0.461035 -0.479348 -5.151390
-0.293324 -0.490049 -6.176116
0.330024 -0.449613 -2.441530
-0.404978 -0.423519 3.953380
-0.271493 -0.403448 -2.422989
-0.161624 -0.443338 -1.499743
-0.240462 -0.464005 -2.491362
-0.389750 -0.377159 2.481879
-0.494661 -0.452477 6.875533
-0.437271 -0.489381 -6.165505
-0.052258 -0.428019 5.723319
-0.247462 -0.433628 -2.272275
-0.467956 -0.437850 -5.073947
-0.419452 -0.407128 4.215567
-0.485276 -0.487820 6.135348
-0.248468 -0.458892 -4.152385
-0.292496 -0.455181 5.610185
-0.386320 -0.418221 3.106628
-0.348629 -0.384155 2.061644
-0.414604 -0.353264 1.963390
-0.486167 -0.467209 -4.338297
-0.464379 -0.444498 5.834030
-0.442142 -0.398181 3.189517
-0.466459 -0.482183 -4.453060
-0.488873 -0.472629 -4.150842
-0.274848 -0.476243 -3.592498
-0.265362 -0.466835 -4.202197
-0.239331 -0.461077 -2.340281
-0.234334 -0.458199 -3.405942
-0.462589 -0.435918 -5.981172
-0.344173 -0.398571 2.944506
-0.495643 -0.449826 6.857890
-0.217082 -0.445794 -2.545024
-0.453233 -0.386286 3.356112
-0.490599 -0.468162 -4.126568
-0.421387 -0.412110 4.305436
-0.175163 -0.476518 -2.145510
-0.065458 -0.426754 -4.791497
-0.434050 -0.411109 4.435142
-0.267404 -0.469308 -3.168322
-0.449768 -0.424211 -5.702445
-0.248743 -0.466932 -2.662915
-0.498263 -0.469202 -4.147347
0.406189 -0.483032 -4.051506
0.154946 -0.156934 -4.921445
-0.363093 -0.441092 4.102724
-0.455289 -0.367839 4.480227
-0.198831 -0.461594 -2.255350
-0.498542 -0.099748 7.259719
-0.085014 -0.492913 -5.033767
-0.393065 -0.411726 2.056316
-0.476085 -0.477409 -4.240378
-0.077919 -0.443784 -4.702999
-0.263126 -0.460191 -5.680144
-0.467085 -0.494047 -4.543094
-0.409442 -0.394946 3.376369
-0.312026 -0.485892 0.446749
-0.408849 -0.377350 2.606931
-0.470219 -0.484272 -4.203762
0.004607 -0.410123 -2.624215
-0.190330 -0.470549 -2.626583
-0.467442 -0.393061 3.696912
-0.195411 -0.450891 -1.749513
-0.498833 -0.478279 6.652849
-0.285983 -0.493951 -6.009846
-0.395147 -0.413986 2.058162
-0.342904 -0.411650 2.367916
-0.091427 -0.486088 -4.324661
0.356313 -0.481405 10.484259
0.450849 -0.461887 2.381607
-0.165868 -0.457340 -1.878653
-0.212085 -0.476924 -2.473034
-0.049457 -0.491377 -5.997337
-0.494843 -0.476524 -3.834832
-0.491409 -0.474247 -3.525602
-0.371457 -0.364269 2.362625
-0.494795 -0.455440 6.961064
-0.366898 -0.386757 2.093586
-0.078968 -0.462442 -4.822756
-0.415715 -0.411368 2.924070
-0.475025 -0.470356 5.887452
-0.229699 -0.460072 -2.322705
-0.427818 -0.349067 -4.772070
-0.278322 -0.477651 6.255142
-0.055099 -0.468533 -4.791498
0.211151 -0.328464 2.299481
-0.490802 -0.343783 6.779613
-0.362240 -0.432358 2.632276
-0.206362 0.416418 -0.359092
-0.319926 -0.489545 5.260847
-0.460843 -0.344020 -3.873826
-0.464374 -0.432232 6.140760
0.398940 -0.444431 -4.956422
-0.073669 -0.459586 -4.984294
-0.452739 -0.451909 -4.064215
-0.103846 -0.454493 -5.200526
-0.281111 -0.491392 12.074516
-0.111195 -0.480331 -4.346473
-0.255561 -0.462881 -3.492562
-0.238339 -0.446054 -3.888996
-0.130815 -0.459934 -3.534751
-0.271583 -0.497031 10.536063
-0.438229 -0.379049 2.869093
-0.403127 -0.493676 1.254433
-0.386618 -0.424778 2.655998
-0.418538 -0.372277 2.574541
-0.486887 -0.483640 6.442909
0.414797 0.241934 0.700434
-0.252957 -0.461497 -2.630526
-0.059724 -0.450501 -6.016700
-0.051236 -0.457030 -5.122432
-0.058713 -0.485116 -5.409889
-0.208400 -0.457757 -2.156969
-0.490793 -0.450678 6.920733
-0.413225 -0.404250 3.884488
-0.367985 -0.365911 2.355554
-0.142339 -0.490207 10.300165
-0.461832 -0.495192 -4.414255
-0.374104 -0.407468 2.471756
-0.289840 -0.399074 4.618800
-0.478895 -0.475450 -4.459536
-0.498862 -0.456142 6.877514
-0.246802 -0.464602 -4.100189
-0.496931 -0.463562 -3.878925
0.099198 -0.286047 5.255973
-0.413081 -0.390566 2.983217
-0.250931 -0.466294 -4.736251
0.053502 -0.288231 5.198465
-0.097126 -0.494290 10.615325
-0.490472 -0.463609 -3.919064
-0.086147 -0.487117 -4.536575
-0.222299 -0.381570 -2.437457
-0.241108 -0.466025 -3.395182
-0.459700 -0.322601 -3.091455
0.195282 -0.338342 2.208639
-0.208511 -0.463300 -2.402978
-0.215777 -0.435004 -2.295897
-0.117387 -0.494573 -4.644171
-0.390521 0.461974 -3.816843
0.371634 -0.486415 10.661029
-0.425872 -0.402662 3.486301
-0.469382 -0.434176 -6.019036
-0.447251 -0.342707 -4.109400
0.077742 0.376745 -0.772689
-0.473387 -0.316355 -3.349998
-0.497898 -0.360906 7.575635
-0.438043 -0.468602 -4.000128
-0.166146 -0.479018 -2.091283
-0.459672 -0.385065 3.745352
-0.058164 -0.439614 -4.967263
-0.421312 -0.385979 2.590995
-0.104016 -0.465390 -5.044104
-0.289074 -0.486309 -5.947574
-0.373995 0.473390 -3.987120
0.191884 -0.156274 -5.163454
-0.470413 -0.437960 5.828080
-0.082303 -0.480752 11.481937
-0.235323 -0.473135 -2.656472
-0.428162 -0.337172 -4.584428
-0.106794 -0.495817 -4.862966
-0.427438 -0.398527 2.491452
-0.308011 -0.471605 6.000924
-0.481035 -0.490195 -4.015110
-0.476774 -0.337673 -3.670953
-0.055544 -0.477949 -4.816697
-0.210454 -0.485128 -2.801658
-0.225353 -0.418282 -2.381098
-0.079875 -0.436098 -4.853477
-0.484134 -0.334000 6.669957
-0.485261 -0.476490 6.238645
-0.400117 -0.404626 4.208787
-0.478768 -0.471157 -4.000420
-0.352387 -0.362511 2.506649
-0.235289 -0.461521 -2.483719
-0.050142 -0.453458 -6.058152
-0.116053 -0.460834 -4.640452
-0.124358 -0.471152 -4.419165
-0.459069 -0.409313 4.519958
-0.454797 -0.320674 -5.190706
-0.061386 -0.437848 -5.127529
-0.495284 -0.465206 -4.090337
-0.408163 -0.453193 -6.143782
-0.482613 -0.454135 6.681554
-0.312212 -0.424828 5.370157
-0.370786 -0.389001 2.084164
-0.498534 -0.454046 -4.114064
-0.047524 -0.461638 -6.054869
-0.267761 -0.481277 -5.017689
-0.333061 -0.386944 4.901976
-0.468127 -0.359681 4.645459
-0.315390 -0.481814 5.888084
-0.284197 -0.488986 10.773380
-0.264736 -0.470121 -6.117555
-0.484187 -0.433920 -4.923205
-0.226480 -0.465706 -2.901846
-0.443130 -0.488232 -5.701477
-0.070714 -0.486760 -5.425728
-0.212658 -0.497616 -2.688379
-0.492683 -0.463917 7.012944
-0.492849 -0.441267 7.144064
-0.439082 -0.493952 -5.716871
-0.295274 -0.442506 5.662663
-0.263982 -0.472714 -4.830749
0.122131 0.160927 -4.976134
-0.305682 -0.417751 4.857848
-0.120418 -0.482691 -5.037655
-0.441635 -0.490868 -6.132897
-0.219643 -0.487783 -2.893412
-0.292584 -0.437807 5.995629
0.154999 -0.189470 -4.959316
-0.300939 -0.443664 5.445811
-0.322148 -0.408907 2.548457
-0.464605 -0.389276 3.583872
-0.447065 -0.457201 5.740686
-0.201952 -0.478942 -2.416012
-0.049650 -0.453185 -5.937533
0.368128 0.335622 3.598182
-0.499551 -0.479220 -3.905257
-0.350866 -0.377024 2.153398
-0.408432 -0.428816 5.093735
-0.287190 -0.445641 5.264942
-0.447556 -0.345424 -4.854326
-0.464181 -0.321397 -2.706994
-0.396583 -0.332950 2.680132
-0.457469 -0.392318 3.214837
-0.462697 -0.326819 -3.475607
-0.239676 -0.462076 -3.975170
-0.447821 -0.451758 -4.454680
-0.428914 -0.370609 2.837659
-0.252254 -0.474221 -4.893814
-0.224919 -0.488764 -2.531876
-0.164524 -0.424212 -1.344868
0.193867 -0.334756 1.891280
-0.427898 -0.420462 3.287343
-0.360656 -0.372520 2.492684
-0.435613 -0.452966 5.392664
0.347423 -0.463588 -2.403712
-0.414721 -0.413115 3.904890
-0.370499 -0.358470 3.065408
-0.491941 -0.309382 -3.007198
-0.218656 -0.444877 -3.163285
-0.312045 -0.464162 4.074646
0.277675 0.393663 1.912527
0.176853 -0.350938 2.129315
