-0.479027 -0.491926 10.413686
-0.482519 -0.434160 -4.363883
-0.482638 -0.443964 -4.348603
-0.488900 -0.479535 10.070832
-0.472490 -0.439798 -4.496897
-0.488745 -0.489815 10.267601
-0.499988 -0.444449 7.227236
-0.484867 -0.416608 -2.585252
-0.476079 -0.468225 -3.857595
-0.489638 -0.442883 -4.021637
-0.478419 -0.456883 -4.324220
-0.476679 -0.490307 10.372924
-0.481041 -0.450893 -4.563614
-0.483908 -0.411822 -1.082013
-0.477794 -0.492347 10.637126
-0.494623 -0.495611 -1.053982
-0.496031 -0.464419 -3.773549
-0.483734 -0.481481 10.282211
-0.488507 -0.437116 -4.354895
-0.486956 -0.425492 -5.006781
-0.491729 -0.491378 10.405255
-0.355532 -0.046416 -2.054376
-0.493845 -0.480452 9.977658
-0.497184 -0.427853 4.136123
-0.481709 -0.448788 -4.026580
-0.473554 -0.442283 -4.566638
-0.344162 -0.233701 4.235399
-0.488883 -0.487495 10.627017
-0.458819 -0.492609 10.415960
-0.477832 -0.475117 10.474326
-0.477269 -0.493182 10.371326
-0.492447 -0.448890 -4.169162
-0.481237 -0.449693 -4.534470
-0.489493 -0.487712 10.744526
-0.466807 -0.496029 10.348132
-0.478750 -0.439466 -4.579195
-0.488188 -0.451825 7.506793
-0.494840 -0.496909 -1.152470
-0.480485 -0.429760 3.932704
-0.493406 -0.467456 -3.632996
-0.499662 -0.468536 6.654613
-0.374429 -0.060180 -2.026885
-0.487448 -0.395524 -1.296590
-0.498134 -0.489705 -1.008501
-0.490373 -0.431792 3.852259
-0.489196 -0.449673 7.457219
-0.493217 -0.439556 -4.691274
-0.459770 -0.480630 10.114049
-0.484454 -0.476503 10.073372
-0.485581 -0.472805 10.249764
-0.485149 -0.476946 10.215766
-0.492029 -0.443847 -4.175340
-0.479354 -0.493534 10.587342
-0.488478 -0.484049 -1.020420
-0.442874 -0.460225 -3.940236
-0.490925 -0.435237 -4.639699
-0.487566 -0.408664 -0.984009
-0.490896 -0.401728 -0.859221
-0.497823 -0.441355 7.534656
-0.455093 -0.471078 9.826164
-0.491039 -0.493851 11.016367
-0.481161 -0.439889 -4.187130
-0.478450 -0.471526 10.203285
-0.482916 -0.432036 -4.344510
-0.449903 -0.445325 -4.233606
-0.459968 -0.484203 10.371143
-0.466507 -0.432935 -4.333381
-0.493535 -0.471445 -3.860226
-0.484327 -0.467561 -3.805529
-0.495643 0.421989 0.464704
-0.496309 -0.459008 7.181832
-0.498219 -0.472151 -0.451997
-0.489680 -0.433564 -4.338863
-0.485904 -0.495659 -1.212047
-0.498253 -0.432036 7.680262
-0.491425 -0.474700 9.859371
-0.471722 -0.434397 -4.327472
-0.472884 -0.447891 -4.236106
-0.443818 -0.473276 9.610899
-0.493349 -0.440660 -3.992651
-0.495895 -0.414136 5.667735
-0.477863 -0.441429 -4.493149
-0.490371 -0.433067 -4.501150
-0.453808 -0.483993 10.321322
-0.488926 -0.462793 -3.896085
-0.492748 -0.458753 -4.007501
-0.479876 -0.440371 -4.362698
-0.498159 -0.428322 -4.655605
-0.491172 -0.449065 -4.297682
-0.494716 -0.434471 -4.305198
-0.493358 -0.479798 -0.368202
-0.494725 -0.488838 10.495889
-0.486600 -0.444605 -4.093733
-0.480923 -0.475678 10.012017
-0.474455 -0.442050 -4.269568
-0.487776 -0.479737 10.361188
-0.498841 -0.487076 10.334113
-0.488247 -0.435235 4.318140
-0.488353 -0.433503 9.333290
-0.472813 -0.434346 -4.254243
-0.465555 -0.482091 10.440739
-0.484326 -0.467575 -3.751043
-0.479921 -0.496338 10.448136
-0.446750 -0.463424 -3.772155
-0.485350 -0.479359 10.408647
-0.484665 -0.444317 -4.595170
-0.492336 -0.470095 9.852349
-0.491434 -0.479249 9.777683
-0.498973 -0.441017 -4.427315
-0.485265 -0.463714 -3.768841
-0.486506 -0.476426 10.366953
-0.486121 -0.438551 -4.384016
-0.482983 -0.487371 10.284313
-0.464436 -0.479990 10.108868
-0.490423 -0.417773 3.934196
-0.495271 -0.444207 -4.310644
-0.467331 -0.447107 -3.921739
-0.464413 -0.492693 10.247623
-0.491490 -0.478347 10.387467
-0.490513 -0.418369 4.178281
-0.480209 -0.405178 4.098667
-0.498029 -0.444776 -4.114604
-0.480373 -0.476690 10.381148
-0.486694 -0.493147 10.392705
-0.465328 -0.489692 10.213035
-0.495408 -0.481670 -0.771034
-0.490989 -0.477212 10.331481
-0.490136 -0.490802 10.497094
-0.494032 -0.395497 -0.957125
-0.493854 -0.426854 3.929356
-0.490466 -0.368117 4.471691
-0.491769 -0.460962 -4.006181
-0.487012 -0.429882 -3.095701
-0.460135 -0.425456 -5.120118
-0.497578 -0.429673 5.783272
-0.302544 -0.062177 -1.910728
-0.492237 -0.490276 10.297630
-0.488402 -0.476296 -0.682328
-0.481036 -0.469046 -3.586318
-0.483340 -0.489409 10.387326
-0.475751 -0.440883 -4.356827
-0.490962 -0.459214 -3.895574
-0.492196 -0.499027 10.527157
-0.487993 -0.455520 -5.272976
-0.469192 -0.445525 -4.082451
-0.481666 -0.427499 -4.457245
-0.490079 -0.438769 -4.391184
-0.496697 -0.419862 8.880633
-0.489081 -0.472632 10.004227
-0.469968 -0.475681 10.578180
-0.488418 -0.449623 7.277744
-0.480521 -0.406405 -0.843986
-0.481482 -0.417347 -2.392306
-0.480088 -0.465430 -4.066721
-0.491176 -0.468272 -4.462556
-0.493371 -0.459751 7.150531
-0.473818 -0.438655 -4.571990
-0.474540 -0.410536 -1.206030
-0.492772 -0.491375 -0.978677
-0.478614 -0.442280 -4.201226
-0.485156 -0.475362 9.916251
-0.469766 -0.414146 4.756867
-0.484617 -0.397030 -1.137296
-0.492596 -0.499550 10.620834
-0.499909 -0.473321 -0.645595
-0.497849 -0.443442 -4.269571
-0.485364 -0.495241 -1.315301
-0.496714 -0.425582 -4.930213
-0.486041 -0.447157 -4.290013
-0.496869 -0.482990 -0.816331
-0.480232 -0.465473 -4.139427
-0.474783 -0.441310 -4.500683
-0.499745 -0.454969 7.613570
-0.495087 -0.482573 10.460063
-0.469208 -0.433546 -4.881974
-0.460882 -0.431328 -4.559143
-0.490870 -0.469143 -3.743848
-0.498049 -0.494102 -1.168180
-0.499743 -0.435519 7.319153
-0.478622 -0.493081 10.279282
-0.491854 -0.441379 -4.611668
-0.482470 -0.436615 -4.354840
-0.499738 -0.467051 6.806825
-0.483262 -0.457803 -4.062775
-0.491525 -0.431442 -4.359901
-0.492086 -0.483941 10.291785
-0.490013 -0.459776 -4.085292
-0.477327 -0.428041 -4.775331
-0.480824 -0.430354 -4.343936
-0.483105 -0.480213 10.111392
-0.471846 -0.439143 -4.386490
-0.495334 -0.464721 7.116359
-0.425819 0.303784 -0.662616
-0.487307 -0.477619 10.328231
-0.478058 -0.442541 -4.199266
-0.327586 -0.078639 -1.815192
-0.472728 -0.446459 -5.335396
-0.484348 -0.489975 -1.026692
-0.449177 -0.455377 -3.981148
-0.486666 -0.419183 -5.586204
-0.498429 -0.441224 -4.282673
-0.456798 -0.471778 9.979837
-0.484586 -0.482580 10.274018
-0.479305 -0.491349 10.402798
-0.475035 -0.445436 -4.231774
-0.487045 -0.479236 10.440775
-0.460390 -0.485907 10.408328
-0.479439 -0.469406 -3.800618
-0.493053 -0.361955 3.815064
-0.472049 -0.484138 10.671107
-0.499503 -0.440464 -4.452673
-0.496716 -0.455360 7.348057
-0.480730 -0.400332 4.297913
-0.489759 -0.475313 10.289671
-0.489241 -0.476932 -0.445155
-0.462808 -0.429179 3.353183
-0.471743 -0.493025 10.533478
-0.479781 -0.457892 -4.276866
-0.482947 -0.423258 -4.930652
-0.481487 -0.411972 -0.755843
-0.478149 -0.463919 -3.890853
-0.464531 -0.483606 10.485377
-0.458858 -0.495887 10.423541
-0.464205 -0.460610 -3.990839
-0.493525 -0.445669 -4.179022
-0.463461 -0.465434 -4.099760
-0.483018 -0.474968 10.041322
-0.475622 -0.492380 10.789746
-0.490740 0.456578 2.490398
-0.484412 -0.467024 -3.961339
-0.478447 -0.438602 -4.215578
-0.457468 -0.461837 -4.028894
-0.499210 -0.474055 -0.689567
-0.499914 -0.482668 10.387089
-0.479352 -0.457177 -3.944939
-0.472117 -0.431758 -4.219530
-0.494963 -0.489117 -1.019550
-0.485919 -0.420181 -2.275578
-0.486814 -0.499801 -4.485494
-0.492185 -0.487387 -0.662952
-0.495713 -0.429730 5.661786
-0.488769 -0.416780 -1.315783
-0.491528 -0.431450 -4.418031
-0.473711 -0.448195 -4.056061
-0.485180 -0.465077 -3.981257
-0.480988 -0.482457 10.450492
-0.462222 -0.487284 10.415911
-0.486010 -0.477345 10.427758
-0.480348 -0.442230 -4.247841
-0.492014 -0.488990 10.455359
-0.481176 -0.494003 10.217949
-0.487598 -0.420265 -4.845241
-0.488037 -0.445628 4.545721
-0.487733 -0.474147 10.246905
-0.492115 -0.442176 -4.260770
-0.487531 -0.440536 -4.269213
-0.495460 -0.479722 10.408510
-0.484469 -0.452054 -4.292596
-0.494099 -0.472627 10.027591
-0.499450 -0.441448 -4.333185
-0.482551 -0.474096 10.367201
-0.489411 -0.476290 10.118506
-0.496519 -0.495287 10.255572
-0.399696 0.469910 1.697339
-0.494094 -0.438886 7.594687
-0.455222 -0.482594 10.415987
-0.458281 -0.449706 -4.107750
-0.443645 -0.497078 11.114534
-0.496442 -0.453766 -4.071924
-0.345633 -0.056543 -1.892892
-0.498542 -0.489856 -0.826811
-0.495550 -0.448426 -4.063407
-0.465207 -0.486959 10.447667
-0.498049 -0.466249 7.025576
-0.490331 -0.454956 -4.338450
-0.478480 -0.495083 10.405032
-0.492528 -0.434457 -4.323382
-0.472749 -0.427861 -4.692371
-0.485516 -0.469762 -3.804540
-0.462618 -0.440337 -4.710088
-0.441486 0.267964 -0.186409
-0.494805 -0.402407 4.144583
-0.486374 -0.484380 10.455456
-0.486232 -0.423588 8.803081
-0.470473 -0.408422 4.375301
-0.482968 -0.477252 10.101425
-0.497891 -0.451109 -4.321444
-0.459159 -0.482065 10.192376
-0.470669 -0.469434 -4.022689
-0.474821 -0.429026 -4.945436
-0.492131 -0.425157 3.999323
-0.498651 -0.436265 7.574589
-0.485110 -0.426313 -1.131450
-0.490461 -0.416247 -2.783038
-0.168501 -0.359638 -4.485738
-0.487127 -0.365791 3.801477
-0.498561 -0.443540 -4.349318
-0.474628 -0.432470 -4.346473
-0.462713 -0.449767 -4.478996
-0.488827 -0.486257 10.225862
-0.498353 -0.428610 7.907563
-0.493087 -0.441570 7.643943
-0.496304 -0.480572 -0.566066
-0.470024 -0.440941 -5.227811
-0.465321 -0.447634 -4.116513
-0.496490 -0.440864 7.707956
-0.496586 -0.480366 10.185680
-0.490495 -0.429861 -4.404219
-0.497092 -0.434073 8.030795
0.142730 -0.293236 -4.989337
-0.472604 -0.414952 5.881660
-0.493529 -0.457546 -4.053205
-0.465323 0.476045 -3.349303
-0.469920 -0.483408 10.089816
-0.484510 -0.379660 -1.220623
-0.489667 -0.470931 -4.466249
-0.475879 -0.494374 10.393645
-0.478976 -0.386374 -1.307553
-0.470902 -0.499753 10.522908
-0.489832 -0.490986 10.502553
-0.489825 -0.430195 -4.273560
-0.481360 -0.424247 -4.636392
-0.491441 -0.490250 10.576045
-0.471261 -0.436230 -4.278055
-0.494958 -0.454574 7.301555
-0.482313 -0.448093 -4.155571
-0.488957 -0.487739 10.303841
-0.493706 -0.483719 10.122562
-0.475687 0.448656 2.431941
-0.481075 -0.476949 10.219320
-0.485681 -0.473180 10.033712
-0.489523 -0.444239 -4.267741
-0.496512 -0.460071 7.174002
-0.478520 -0.494908 10.532525
-0.488882 -0.480648 10.249478
-0.482093 -0.464600 -3.756945
-0.467763 -0.428461 -4.671561
-0.481591 -0.484699 10.527913
-0.481346 -0.475285 10.150786
-0.486827 -0.420420 3.926055
-0.483137 -0.460806 -4.138976
-0.474122 -0.495437 10.655449
-0.486469 -0.467586 -3.724481
-0.498082 -0.448058 7.345147
-0.497604 -0.487556 10.322297
-0.498407 -0.469940 6.662362
-0.485681 -0.445598 -4.307867
-0.486458 -0.427131 8.586915
-0.479208 -0.488801 10.493281
0.406098 -0.300983 0.381127
-0.492975 -0.425453 8.650371
-0.495824 -0.462958 7.067769
-0.490338 -0.418930 -0.629779
-0.463800 -0.454625 -3.966945
-0.491303 -0.489368 -1.095384
-0.479625 -0.432158 -4.531218
-0.491349 -0.490071 10.510631
-0.473110 -0.422442 -4.873642
-0.493440 -0.454017 -4.268024
-0.294938 -0.213802 4.288218
-0.482747 -0.356477 3.917045
-0.490209 -0.460652 -3.883754
-0.478738 -0.469493 -3.890360
-0.458765 -0.446807 -4.521831
-0.459530 -0.466753 -4.044919
-0.474867 -0.464241 -3.800113
-0.470972 -0.445407 -4.266618
-0.467031 -0.490508 10.563535
-0.490164 -0.476648 10.055234
-0.478521 -0.408517 -0.816071
-0.497737 -0.433061 -4.382241
-0.497145 -0.451510 -4.197603
-0.494432 -0.482731 -0.893636
-0.486435 -0.405166 -1.193464
-0.478685 -0.427118 -1.613277
-0.485315 -0.486713 10.460809
-0.486542 -0.434685 -4.356419
-0.479181 -0.399722 -0.961593
-0.491998 -0.472715 -0.639658
-0.366444 -0.088244 -2.292080
-0.485802 -0.424591 -4.738347
-0.463508 -0.436463 -4.165079
-0.480984 -0.451834 -4.553858
-0.494447 -0.485035 10.162492
-0.456595 -0.485503 10.358349
-0.469186 -0.492052 10.333739
-0.495198 -0.438484 8.000024
-0.480734 -0.489911 10.736463
-0.479448 -0.460363 -4.231137
-0.488455 -0.471815 10.032006
-0.485049 -0.409820 -0.796950
-0.492282 -0.481583 -0.939267
0.375473 0.293221 -0.599156
-0.485542 -0.478561 10.216069
-0.470004 -0.493829 10.564497
-0.490081 -0.479863 10.113496
-0.478809 -0.474993 10.190084
-0.479432 -0.488977 10.381491
0.388227 -0.270601 0.355854
0.172707 0.262115 -2.307261
