-0.449957 -0.211041 2.218048
-0.449985 -0.243241 2.245061
-0.487393 -0.234521 -6.276729
-0.409325 -0.469611 3.866889
-0.496090 -0.239041 9.329999
-0.472992 -0.269713 -5.999250
-0.431942 -0.244025 2.113493
-0.470706 -0.282783 -5.476320
-0.417875 -0.241415 2.367693
-0.460694 -0.252845 5.422378
-0.459835 -0.324063 6.026000
-0.486205 -0.311520 -4.839378
-0.490621 -0.273326 -5.497783
0.221234 0.011603 0.045490
-0.178060 -0.464956 -3.517363
-0.194933 -0.427723 -4.558207
-0.448978 -0.220044 -5.320289
-0.477511 0.000782 -3.644823
-0.486646 0.030791 -3.633103
-0.479178 0.009274 -4.133708
-0.467734 -0.227071 2.595247
-0.458927 -0.233951 2.256308
-0.472495 -0.253600 3.599575
-0.495862 -0.269756 8.950078
-0.415794 -0.460255 2.916103
-0.485779 -0.321502 -5.602805
-0.491374 -0.272040 -5.663459
-0.468646 -0.284510 -5.718965
-0.470792 -0.269960 6.093154
-0.499471 -0.279245 -5.207342
-0.469663 -0.233019 5.088881
-0.239711 -0.286011 -2.246838
-0.474564 -0.229304 3.736272
-0.177327 -0.425716 -3.542786
-0.466155 -0.280913 -6.044667
-0.217107 -0.432859 5.785931
-0.473560 0.044580 -4.011869
-0.475337 -0.157291 -3.425014
-0.318369 -0.423784 4.114901
0.289539 -0.464295 4.796439
-0.445993 -0.327037 5.715591
-0.475612 -0.287943 -5.669695
-0.456504 -0.222120 2.468760
-0.468953 -0.418082 -5.605955
-0.468899 -0.296081 -5.415359
-0.471668 -0.486057 0.132498
-0.471386 -0.315969 -5.091150
-0.488626 -0.273882 -5.503829
-0.462159 -0.269459 6.139677
-0.471938 -0.365863 4.524054
-0.497825 -0.270502 8.660347
-0.472617 -0.290246 -5.521253
-0.484554 -0.277609 -5.548764
-0.487088 -0.263145 6.129358
-0.467583 -0.262792 5.719831
-0.488886 0.059552 -3.895184
-0.463428 -0.277854 -5.984378
-0.457143 -0.298611 -6.238285
-0.467110 -0.230408 -4.588727
-0.451716 0.078266 -3.990667
-0.417386 -0.479306 4.161243
-0.411891 -0.477601 2.734075
-0.462323 -0.315539 -5.623632
-0.498318 -0.293181 -4.910526
-0.431491 -0.219996 2.111076
-0.474365 -0.239382 4.209729
-0.495478 -0.324214 8.229403
-0.409502 -0.485122 2.770795
-0.477406 -0.285186 -5.674773
-0.455942 -0.244196 2.125563
-0.475982 -0.272456 -5.925846
-0.458121 -0.243880 5.589498
-0.498287 -0.298582 -4.563274
-0.466786 0.074718 -4.098312
-0.455736 -0.224235 4.184860
-0.472561 0.014863 -3.784105
-0.483024 -0.252306 6.267656
-0.494828 -0.111487 -3.131448
-0.286998 -0.495443 1.389379
-0.469713 -0.033643 -3.648364
-0.478418 -0.334182 -5.355760
-0.478568 -0.222701 5.278772
-0.437661 -0.480651 4.646739
-0.428898 -0.498051 3.543550
-0.387623 -0.243801 2.124390
-0.477130 -0.277526 -5.911042
-0.470546 -0.275589 -6.245101
-0.449059 -0.271405 5.897840
-0.478274 -0.290121 -5.807531
-0.470537 -0.238449 5.807012
-0.474037 -0.289568 -5.706707
-0.474593 -0.236815 5.590809
-0.407982 -0.243824 2.300539
-0.491088 -0.035025 -3.579731
-0.481330 -0.216187 -2.399359
-0.455180 -0.279893 -6.062160
-0.464247 -0.256593 5.625110
-0.436613 -0.205842 -3.191464
-0.492383 0.074720 -3.923624
-0.116960 -0.346729 -1.680461
-0.491034 -0.234622 -5.984171
-0.396596 -0.252928 2.178229
-0.484585 -0.265672 5.716928
-0.463210 -0.247777 2.666230
-0.462806 -0.358313 5.208532
-0.475292 -0.256854 5.931655
-0.423126 -0.249994 2.311715
-0.475826 -0.263545 5.769789
-0.469533 -0.293330 -5.466465
-0.463901 -0.287467 -5.654853
-0.492639 -0.261666 -6.225224
-0.485513 0.011786 -3.804197
-0.482880 -0.290780 -5.343087
-0.477008 -0.302847 -5.747328
-0.492931 0.275024 4.566978
-0.485877 0.060141 -4.146154
-0.465346 -0.260323 5.562768
-0.474390 -0.226818 5.218388
-0.029070 -0.346141 -1.394921
-0.458826 0.032760 -3.954296
-0.419964 -0.246332 2.229290
-0.489696 -0.002486 -4.015811
-0.478109 -0.270724 -6.102666
-0.477395 -0.235033 4.508321
-0.435272 -0.469742 4.483435
-0.479993 -0.243608 -6.091363
-0.496093 -0.239037 8.719479
-0.410267 -0.248623 2.483290
-0.484127 -0.266290 6.254604
-0.457052 -0.285395 -5.611627
-0.438170 -0.153603 -5.282068
-0.454821 0.072707 -3.960887
-0.489289 -0.072901 6.444204
-0.496729 0.081667 -3.769214
-0.489616 0.044020 -3.809773
-0.426962 0.103982 -4.266662
-0.455581 -0.094022 -3.197058
-0.471164 0.052688 -3.736089
0.161117 0.001844 1.421157
-0.190549 -0.468557 -4.518580
-0.477658 -0.263043 6.018013
-0.473652 -0.120458 -2.914325
-0.489690 0.029904 -3.838105
-0.463192 -0.317819 6.079734
-0.423122 0.058708 -4.118184
-0.476681 -0.069600 -3.222606
-0.486986 0.026022 -3.628186
-0.472060 -0.284156 -5.697933
-0.464966 -0.252978 5.811820
-0.473276 -0.228317 5.344949
-0.465019 -0.246847 6.011662
-0.492605 -0.221632 5.516169
-0.496560 -0.046814 6.542180
-0.488421 0.050635 6.994835
-0.478472 0.040741 6.678595
-0.472044 0.069290 -3.984039
-0.283572 -0.429087 3.138419
-0.497497 0.319238 4.909519
-0.467328 0.061143 -3.789485
-0.177764 -0.371058 -3.967759
-0.443012 -0.143731 -2.809309
-0.444018 -0.239021 2.272464
-0.473835 0.051946 -3.698235
-0.475335 -0.318279 -5.239350
-0.479085 -0.046587 -3.855599
-0.492975 0.039873 7.096544
-0.471450 0.070322 -3.873942
-0.481225 0.050914 -3.564064
-0.488315 -0.262828 -6.069547
-0.495498 -0.254290 9.084274
-0.471873 -0.299338 -5.423515
-0.497005 0.008383 6.938435
-0.486457 -0.075895 6.419699
-0.480366 0.177566 9.216223
-0.481612 -0.009520 -3.796786
-0.469407 0.300494 5.180123
-0.478648 -0.064984 -3.634229
-0.225802 -0.458885 -5.049689
-0.240519 -0.439661 6.035817
-0.162107 -0.450478 -3.252032
-0.455736 -0.262013 5.837098
-0.474241 -0.001401 -3.700851
-0.489385 0.063091 7.015378
-0.471533 0.309276 -2.093961
-0.492370 0.386383 -1.728078
-0.473070 0.075577 -3.930702
-0.480718 -0.048560 -3.524533
-0.376682 -0.247594 1.931042
-0.482995 0.034676 6.931920
-0.474335 -0.276254 -5.977659
-0.464364 -0.281125 6.268715
-0.484126 -0.036385 -3.400747
-0.492945 0.365997 3.778538
-0.446374 0.437005 4.971607
-0.497480 0.240334 4.605038
-0.475092 0.347365 3.919735
-0.493499 -0.004007 6.932704
-0.349380 -0.481951 3.238066
-0.486444 -0.027842 -3.538015
-0.404024 -0.114108 -2.934882
-0.491191 -0.004705 -3.702894
-0.489390 -0.026648 -3.650883
-0.481890 0.346410 4.157711
-0.482790 0.039651 -3.896558
-0.489371 -0.015374 6.833133
-0.462878 0.042819 -3.758372
-0.499797 0.023938 -3.652306
-0.472814 0.042578 -3.899869
-0.467275 -0.065765 -3.629615
-0.473474 -0.042155 -3.781186
-0.457764 -0.345214 -6.171562
-0.460179 0.250947 3.754237
-0.476146 0.084890 -3.772379
-0.480913 0.001583 -3.788286
-0.480516 0.368688 4.424494
-0.498949 0.063843 7.214774
-0.484074 0.259970 -1.989571
-0.481624 -0.136297 -2.645401
-0.479624 0.045442 7.102159
0.390667 -0.034582 1.088624
-0.494032 0.034661 -3.823653
-0.499013 0.044095 -3.888613
-0.483054 -0.132404 -2.798946
-0.472683 0.044348 7.167688
-0.472733 0.056529 6.992059
-0.482459 0.026983 -4.067116
-0.464256 0.045833 -3.526122
-0.474422 -0.080536 -3.262380
-0.481446 -0.150829 -2.639983
-0.477695 -0.247103 5.027253
-0.456551 -0.176455 -4.292155
-0.479354 0.006805 -3.521788
-0.449709 0.269440 4.881924
-0.467951 0.109434 -3.890596
-0.392265 0.363939 -4.442456
-0.458465 0.275887 5.096755
0.204822 -0.497387 8.619406
-0.471312 0.035802 7.093172
-0.236851 -0.437646 4.975285
0.112326 0.226276 2.284221
-0.478615 0.023132 -3.794721
-0.471733 0.092959 -3.639736
-0.490379 0.029659 -3.772967
-0.477937 0.435543 4.868089
-0.497251 0.302910 -1.669856
-0.482620 0.070995 -3.727088
-0.467902 -0.128751 -2.953636
-0.476579 0.055997 -4.015727
-0.471827 0.419806 5.411553
-0.490962 0.317899 -1.416410
-0.483166 -0.018196 6.955049
-0.460057 -0.129847 -2.817040
-0.481775 0.335408 4.494168
-0.470883 -0.036289 -3.688214
-0.496118 0.274884 -1.673124
-0.493894 -0.054234 -3.290047
-0.493791 0.408837 5.511115
-0.475002 0.263011 -1.982784
-0.459603 -0.006139 -3.771788
-0.157615 -0.420693 -4.016362
-0.488983 0.058892 -4.075171
-0.497468 0.062413 -3.884696
-0.491884 -0.014907 -3.801809
-0.497418 0.062876 -3.920023
-0.494869 0.322514 -1.838176
-0.466494 -0.008716 -3.759194
-0.475460 -0.044552 -3.717845
-0.403365 0.425836 5.299888
-0.488046 0.286872 4.874281
-0.484912 0.060584 -3.871243
-0.438067 0.459883 5.519013
-0.404428 0.435585 5.479477
-0.479103 0.338900 -1.842965
-0.499323 0.057127 7.395503
-0.471868 0.267606 4.617418
-0.446396 0.069772 -3.908994
-0.090316 -0.479538 -2.350204
-0.056307 -0.474857 -1.575223
-0.484572 -0.055998 -3.652046
-0.349458 -0.243745 2.126976
-0.495501 0.291921 4.850395
-0.485498 0.026975 -3.969490
-0.495455 0.303666 -1.705684
-0.481601 -0.041380 -3.264396
-0.476917 0.087138 -4.069588
-0.481692 -0.046563 -3.680642
-0.477666 0.004465 -3.824117
-0.453343 0.065855 -3.697205
-0.481196 0.055086 7.092416
-0.498520 0.231529 -1.592044
-0.474505 -0.028554 -3.560863
-0.484098 -0.029910 -3.712101
-0.452228 0.222959 3.694055
-0.454738 0.129389 -4.897781
-0.484595 -0.053653 6.427885
-0.484566 -0.128950 -2.549148
-0.291578 -0.495467 1.473377
-0.480076 -0.174068 -1.558646
0.316809 -0.082701 1.897526
-0.243525 -0.468996 5.801831
-0.476400 0.228311 4.499984
-0.498772 0.256563 5.215286
-0.465062 0.280335 5.031990
-0.472798 0.265859 -2.114879
-0.479588 0.033735 6.916861
-0.489205 0.267766 4.690605
-0.484269 0.233684 4.303769
-0.482311 0.054763 7.026217
-0.475258 0.379674 5.724216
-0.495239 -0.034596 -3.696383
-0.443756 0.425353 5.913251
-0.493359 0.281186 -1.684059
-0.498644 0.316302 -1.579617
-0.491274 0.024667 6.876377
-0.497061 0.282087 -1.502093
-0.461704 0.041158 -3.715934
-0.497368 0.274563 -1.723921
-0.455927 0.305620 4.887515
-0.318651 -0.461294 3.355914
0.003631 -0.345463 -1.181681
-0.490482 0.395291 4.573731
-0.413512 0.454128 5.554898
-0.397429 0.464756 5.549052
-0.427025 0.489427 3.818846
-0.478644 0.051031 6.856913
-0.495868 0.331920 -1.757270
-0.459319 0.281069 5.031509
-0.482178 0.234941 -1.789933
-0.481336 0.255559 -2.373018
-0.400781 0.386653 -5.425274
-0.469850 -0.054825 -3.538602
-0.499991 -0.037508 6.603239
-0.494293 0.062769 7.184916
-0.485308 0.036599 -3.618866
-0.237608 -0.480418 0.823971
-0.492223 0.455871 -1.076187
0.207430 -0.442564 -2.409601
-0.377433 0.329250 -1.006347
0.230181 -0.490107 -5.394695
-0.197885 -0.494246 -3.463172
-0.457760 0.484276 5.456359
-0.136492 0.174982 -1.192744
-0.479285 0.340612 4.084137
-0.478535 0.321749 4.377070
-0.484451 0.412288 -1.981178
-0.462372 0.041494 -3.395869
-0.363840 0.361838 -1.104450
-0.453027 0.246018 3.129406
-0.487148 0.335184 4.414364
-0.323217 -0.491482 3.369398
-0.488717 0.179538 -2.652959
-0.481904 0.342304 4.112599
-0.461837 0.268791 3.890871
-0.477734 0.050099 -3.719139
0.061685 -0.220477 -2.858596
-0.206259 -0.448389 -4.866315
0.303421 -0.356547 3.710898
0.041690 -0.123397 -5.497554
-0.493076 0.066830 7.041160
0.253988 -0.473593 4.957889
-0.482216 0.211359 3.817124
-0.403452 0.481316 5.320052
-0.496111 0.365214 4.253623
-0.469173 0.407225 5.464270
-0.449544 0.393296 3.430216
-0.497003 0.285311 4.699555
-0.478304 0.308657 4.509566
-0.451936 0.472032 4.748406
-0.175481 -0.445809 -5.128022
-0.480607 0.237729 -1.935036
-0.479774 0.176531 -2.852012
-0.498055 0.234719 -1.709127
0.296929 -0.106543 3.175436
-0.423441 0.111925 -4.546709
-0.463385 0.165630 5.580181
0.388540 -0.054014 0.932867
-0.188205 -0.476738 -3.350341
0.328506 0.140864 -1.915681
-0.020713 -0.491751 7.491709
-0.499979 0.065640 -3.953275
-0.411864 0.458045 5.705282
-0.473664 0.280670 -2.039990
-0.464285 0.285173 4.581038
-0.448767 0.491201 5.282004
-0.491948 0.209866 4.859820
-0.495759 0.340141 4.835910
-0.475951 0.478660 3.670148
-0.464960 0.284698 4.799305
-0.488855 0.278581 -1.773272
-0.451062 0.394454 5.049261
-0.485479 0.074772 -3.879420
-0.481457 0.334868 3.993649
-0.488571 0.306038 4.585802
-0.478758 -0.253267 5.944938
-0.161751 0.228795 -1.138517
-0.104875 0.226825 -1.662731
0.135991 0.362626 2.985609
-0.453764 0.069702 -3.869999
-0.340144 -0.195977 -2.013729
0.033751 -0.171216 -5.764312
