-0.405768 0.092523 -3.306964
-0.419890 -0.480992 5.236406
-0.454397 0.103301 -2.084998
-0.380592 -0.424194 5.100233
-0.469737 -0.143267 -5.314684
-0.432854 -0.467258 5.841175
-0.422004 -0.462642 5.037832
-0.412790 -0.461642 4.991154
-0.428657 -0.440770 5.305891
-0.362309 -0.213889 -1.560242
-0.420655 -0.468507 5.125655
-0.442400 -0.469950 5.383331
-0.416006 -0.449949 5.138259
-0.473716 0.045182 -3.029145
-0.472475 0.031667 -3.496190
-0.459930 0.239355 -4.017267
-0.405255 -0.446801 5.124849
-0.470412 -0.079748 -5.123773
-0.418721 -0.103606 5.775659
-0.400052 -0.478610 5.145675
-0.396692 -0.432719 5.440731
-0.481552 0.021404 6.994033
-0.474890 0.072713 -2.394265
-0.420625 -0.420630 5.296638
-0.423452 -0.200945 -2.800014
-0.410699 -0.441069 5.564230
-0.415783 -0.124405 -5.501426
-0.399438 -0.460264 5.047229
-0.470514 -0.475766 -4.861999
-0.430272 -0.467136 5.319830
-0.422574 -0.447417 5.350713
-0.469395 0.057801 -2.441277
-0.414145 -0.461604 5.253633
-0.432950 -0.488267 5.224828
-0.389285 -0.442016 5.122450
-0.401860 -0.424264 5.247891
-0.428296 -0.435080 4.956457
-0.471739 -0.070064 -6.049121
-0.393628 -0.480780 5.301061
-0.420640 -0.193430 -1.734066
-0.435994 -0.105066 5.764971
-0.461644 -0.482389 -5.281910
-0.396493 -0.417258 5.016767
-0.417989 -0.440549 4.932154
-0.414975 -0.445288 5.274193
-0.472343 -0.477470 -5.120011
-0.416559 -0.455790 5.151803
-0.428096 0.062819 -2.224566
-0.428790 -0.484567 5.521912
-0.471446 0.056732 -2.612133
-0.410045 -0.445776 5.350188
-0.395463 -0.462275 5.127452
-0.411602 -0.427782 5.212105
-0.422319 -0.494270 5.422903
-0.465566 0.092869 -2.588820
-0.466984 0.106305 -2.443396
-0.499206 -0.006395 7.144901
-0.491196 0.035848 -3.781124
-0.401368 -0.467766 5.198508
-0.440266 0.237410 -3.703009
-0.432928 -0.472587 -6.203564
-0.420063 -0.461560 5.269114
-0.408719 -0.488342 5.277366
-0.417285 -0.475737 5.417731
-0.430870 -0.431092 5.159445
-0.386169 -0.444921 5.098835
-0.390818 -0.454340 5.135811
-0.382694 -0.471213 5.229258
-0.431209 -0.476180 5.290643
-0.470008 0.019721 -3.624572
-0.474004 -0.483860 8.177016
-0.406827 -0.446817 5.280811
-0.417238 -0.471677 5.128746
-0.459380 0.097808 -2.434516
-0.430521 -0.487302 5.346785
-0.422978 -0.438776 5.282236
-0.430857 -0.451985 5.274343
-0.390769 -0.450943 4.977289
-0.406990 -0.445561 5.060420
-0.446349 -0.467752 5.361445
-0.441072 0.046037 -3.503694
-0.415653 -0.462989 5.182638
-0.419414 -0.472103 5.385718
-0.432959 -0.473763 5.250794
-0.408773 -0.181138 -5.534611
-0.498439 0.026110 -3.776295
-0.473808 -0.083926 -4.797736
-0.483381 0.038633 6.670952
-0.443870 0.058691 -2.277866
-0.403809 -0.456671 5.031168
-0.496388 -0.048226 -5.825158
-0.458050 -0.486134 -5.135187
-0.426132 -0.454786 5.246106
-0.431283 -0.461773 5.145718
-0.430821 -0.463083 5.357163
-0.475744 -0.216606 -4.312626
-0.445039 -0.481406 6.062081
-0.440056 0.234094 -3.898629
-0.416798 -0.435786 5.400821
-0.494976 0.039434 6.687360
-0.483562 0.035350 -3.175715
-0.398767 -0.438772 5.095882
-0.417399 -0.449707 5.280699
-0.409001 0.115913 -1.508882
-0.393611 -0.464491 5.102614
-0.400341 -0.467450 5.245324
-0.430351 -0.142012 -5.834065
-0.498495 0.008740 -4.210405
-0.484026 0.347099 6.731104
-0.412091 -0.440496 5.452364
-0.405777 -0.456466 5.264801
-0.409260 -0.449772 5.210144
-0.419634 -0.451772 4.983408
-0.496356 0.041928 -3.758769
-0.431228 -0.203422 -3.663935
-0.431477 -0.472954 5.484171
-0.455423 0.242244 -3.592910
-0.384848 -0.443746 5.219349
-0.407961 -0.475664 5.250323
-0.460157 -0.158383 -5.859957
-0.409040 -0.469362 5.091787
-0.476375 -0.045781 -4.254899
-0.413401 -0.482061 5.132036
-0.414707 -0.477512 5.120377
-0.390104 -0.464659 5.149417
-0.437382 -0.460532 5.517735
-0.420715 -0.430888 5.036149
-0.406406 -0.455059 5.368103
-0.400242 -0.442917 5.541073
-0.405893 -0.439120 5.072322
-0.434795 -0.447399 5.170194
-0.406070 -0.434861 5.078607
-0.395245 -0.455650 5.216229
-0.418084 -0.472178 5.191232
-0.487980 0.022891 6.806470
-0.438946 0.205421 -3.625871
-0.487140 0.010146 -4.070278
-0.407460 -0.448058 5.104782
-0.477770 -0.058621 -6.045009
-0.443745 -0.490756 5.506341
-0.405378 -0.464161 5.235368
-0.414120 -0.462102 5.216110
-0.472679 0.068015 -2.832903
-0.414540 -0.471660 4.917392
-0.428612 0.100577 -2.555626
-0.425617 -0.464139 5.589248
-0.408330 -0.446207 5.131076
-0.446293 0.119281 -2.270089
-0.423771 -0.458265 5.220565
-0.403579 -0.452522 5.322192
-0.399681 -0.444351 5.299194
-0.418014 -0.444498 5.099717
-0.463622 0.087746 -2.242710
-0.478144 0.054367 -3.148562
-0.431395 -0.479156 5.206956
-0.481765 -0.458615 9.025737
-0.484150 0.044489 -3.045559
-0.417616 -0.493772 5.325811
-0.412216 -0.463823 5.069904
-0.422729 -0.454466 5.118146
-0.429741 -0.440933 5.236435
-0.413949 -0.462087 5.129047
-0.477211 -0.477346 8.289177
-0.437545 0.121931 -2.040888
-0.468633 -0.481654 -5.225707
-0.423296 -0.468915 5.126983
-0.412202 -0.450400 5.266267
-0.226344 -0.400760 2.069355
-0.437843 -0.215705 -3.147918
-0.430799 -0.462843 5.412049
-0.439425 -0.227987 -4.289027
-0.413290 -0.460390 5.052812
-0.398161 -0.465037 5.251477
-0.497705 -0.070130 -5.257844
-0.422021 -0.467190 5.100109
-0.407718 -0.452290 5.092381
-0.412068 -0.458602 5.031936
-0.407051 -0.462112 5.120158
-0.398225 -0.434584 5.297507
-0.399939 -0.428392 5.340839
-0.437026 -0.456791 5.252094
-0.452842 -0.486629 -5.525814
-0.427370 -0.470534 5.528943
-0.466181 -0.483368 -5.404552
-0.446613 -0.199916 -4.565307
-0.426688 0.070771 -2.434038
-0.475130 -0.473376 8.402113
-0.484557 -0.073992 8.200245
-0.415419 -0.476807 5.291802
-0.399017 -0.463978 5.243703
-0.463646 -0.162189 -6.206310
-0.489301 0.033060 -3.620423
0.243722 -0.072459 -1.945511
-0.439791 0.063419 -2.109676
-0.421588 -0.442201 5.012713
-0.480968 0.048810 -2.445956
-0.499628 0.048905 -3.062958
-0.472169 0.045356 -3.304852
-0.410966 -0.454927 5.218863
-0.401613 -0.457761 5.062737
-0.478429 0.037319 -3.727241
-0.404592 -0.443475 5.067792
-0.486792 -0.077528 8.108902
-0.468461 -0.476896 -5.213276
-0.487825 0.014988 6.911241
-0.477814 -0.174304 7.893723
-0.410028 -0.421050 5.339068
-0.499022 0.020553 6.867055
-0.455857 0.183640 -3.827191
-0.452932 -0.483209 -5.560975
0.014535 0.267065 -2.203491
-0.422916 -0.459724 5.158375
-0.409194 -0.445910 5.035225
-0.400741 -0.453932 5.034832
-0.469526 -0.483138 -4.854748
-0.396071 -0.439996 5.096219
-0.400924 -0.427584 5.034324
-0.481980 -0.010286 7.337349
-0.417016 -0.435731 5.218053
-0.487545 0.047101 -3.458879
-0.449756 0.083893 -1.987807
-0.470469 -0.039834 -4.211966
-0.416725 -0.486405 5.249524
-0.468265 -0.061890 -4.570024
-0.437004 -0.050371 5.989041
-0.435294 -0.439637 5.242025
-0.443152 0.062238 -2.399319
-0.405501 -0.467277 5.177870
-0.199910 -0.390646 2.142553
-0.422917 -0.156725 -5.286335
-0.433729 -0.469483 5.547956
-0.425981 -0.465003 5.189391
-0.419578 -0.438922 5.337062
-0.426180 -0.475042 5.054249
-0.375869 -0.452983 5.437542
-0.474491 -0.476154 8.291278
-0.494107 0.051310 -3.005244
-0.407946 -0.443298 5.419951
-0.494385 0.051850 -3.288026
-0.400083 -0.457097 5.378973
-0.401459 -0.459219 5.146017
-0.404738 -0.459295 4.893242
-0.452606 0.233985 -3.694780
-0.488604 0.033205 -3.484303
-0.401278 -0.453862 4.936860
-0.485909 0.046601 -3.640383
-0.481548 -0.198930 -4.343844
-0.471119 -0.487854 11.030279
-0.477119 -0.483500 8.259428
-0.400797 -0.178936 -5.123913
-0.470820 -0.489903 -5.058004
-0.395362 -0.436926 4.918666
-0.480123 0.026923 6.865427
-0.409412 -0.454292 5.076798
-0.426254 -0.430596 5.341249
-0.396987 -0.493281 5.169058
-0.411032 -0.482521 4.969863
-0.486552 0.025920 -3.358640
-0.399200 -0.461358 5.005172
-0.441755 0.127030 -2.549874
-0.402023 -0.449263 5.225036
-0.393628 -0.463818 4.857903
-0.433996 -0.486045 5.372779
-0.488573 0.335495 -3.528500
-0.499723 0.057075 -2.796057
-0.397905 -0.442443 5.178800
-0.483054 0.095788 5.547994
-0.463901 -0.475472 -4.991231
-0.471702 -0.478998 -5.242244
-0.451573 -0.176578 -6.000644
-0.432873 -0.465905 5.077860
-0.403336 -0.427868 5.111568
-0.396218 -0.435803 5.251052
-0.411632 -0.453397 5.030948
-0.462962 -0.162107 -5.999543
-0.478252 -0.469745 8.273395
-0.484400 -0.070813 -5.457762
-0.385198 -0.471272 5.176880
-0.428881 -0.490729 5.300783
-0.385778 -0.460546 5.193456
0.289734 -0.071357 -2.012292
-0.412688 -0.421744 5.181843
-0.441125 0.234963 -3.741775
-0.428017 -0.072729 -6.055340
-0.400774 -0.441507 5.084096
-0.410009 -0.466215 5.228260
-0.419908 -0.460569 4.922349
-0.479597 -0.489440 11.516713
-0.411960 -0.447270 5.133971
-0.468933 0.032822 -3.810359
-0.414666 -0.453044 5.342166
-0.464972 0.244503 -3.844425
-0.400860 -0.434894 5.038353
-0.401784 -0.474782 5.283686
-0.469526 -0.025359 -4.285136
-0.424720 -0.464283 5.508351
-0.409014 -0.486165 5.048034
-0.408115 -0.453483 5.179184
-0.431810 -0.440997 5.215942
-0.427888 -0.183313 -4.861676
-0.487805 -0.057509 -4.334375
-0.443591 -0.483109 -6.045146
-0.424585 -0.456074 5.127063
-0.413756 -0.454392 4.953522
-0.397618 -0.495444 5.380288
-0.448888 -0.055286 6.256848
-0.496078 0.024898 -3.770699
-0.412908 -0.465208 4.870251
-0.455546 0.249675 -4.049135
-0.464848 0.341643 -3.516142
-0.430238 -0.443486 4.986779
-0.465892 -0.471714 -5.084014
-0.411010 0.189983 -3.908991
-0.465200 -0.491326 11.057861
-0.470057 -0.494537 11.178801
-0.413573 -0.455406 5.037653
-0.470027 0.072749 -2.320622
-0.403281 -0.467173 5.357732
0.149629 0.379196 -3.871084
-0.399736 -0.472829 5.230955
-0.412134 -0.460079 5.105669
-0.391610 -0.454961 5.483007
-0.285561 0.452674 -4.470418
-0.425778 -0.441079 5.030121
-0.403866 -0.443914 5.299283
-0.474264 -0.481295 7.919655
-0.469770 -0.482325 -4.990875
-0.404483 -0.441229 5.029314
0.124514 0.369576 -3.793505
-0.422806 -0.447445 5.102204
-0.482835 0.031510 -3.298951
-0.463243 -0.474629 -5.817536
-0.472931 -0.163763 -6.275348
-0.483931 -0.463155 8.887668
-0.425678 -0.437086 5.191766
-0.476243 -0.083528 -4.939996
-0.425512 -0.473853 5.267413
-0.478229 -0.477672 8.245574
-0.411916 -0.468900 5.116424
-0.423319 -0.444631 5.322578
-0.407983 -0.472984 5.413456
-0.465351 -0.467652 -5.725375
-0.499784 0.012145 -4.350722
-0.472241 -0.073277 -6.258055
-0.423617 0.195196 -3.834141
-0.435682 -0.460209 5.292172
-0.426343 -0.479479 5.269678
-0.423320 -0.470228 5.178579
-0.406649 -0.414148 4.941653
-0.423723 0.469787 6.199853
-0.419907 -0.475338 5.119176
-0.499016 0.036366 6.389735
-0.491178 0.072561 5.759521
-0.433447 0.089240 -2.889931
-0.482635 0.031633 -3.663276
-0.468090 -0.489694 -4.852535
-0.464492 -0.475892 -5.091036
-0.485648 0.083376 5.775398
-0.420556 -0.460559 5.248172
-0.044621 0.303227 -2.247112
-0.422574 -0.465372 5.430498
-0.423570 -0.455912 5.219272
-0.420450 -0.448162 5.204323
-0.473794 0.237039 -3.632289
-0.351493 -0.203512 -1.502732
-0.417845 -0.458841 5.199833
-0.477200 -0.066649 -4.567718
-0.319448 -0.237650 -1.565117
-0.469586 -0.481872 -5.148528
-0.440892 0.078015 -2.360323
-0.408102 -0.456902 4.960952
-0.476863 -0.103967 8.321625
-0.433247 -0.472292 5.368832
-0.436363 0.239891 -3.524474
-0.442913 0.235415 -3.651730
-0.396107 -0.481890 5.222133
-0.394444 -0.412533 5.381111
-0.498411 0.034396 6.061134
-0.426474 -0.448567 5.099028
-0.485315 0.330571 -3.156984
-0.425972 -0.467793 5.365271
-0.417852 -0.433829 5.247908
-0.418520 -0.456237 5.273575
-0.490750 -0.014732 7.239867
-0.391417 -0.440684 5.270083
-0.421515 -0.448093 5.370168
-0.470739 -0.481888 8.064299
-0.405854 -0.464836 5.183125
-0.397537 -0.452284 5.145024
-0.433668 -0.464890 5.492778
-0.430950 -0.447602 5.249766
-0.399168 -0.267317 -5.587930
-0.408559 -0.465152 4.965177
-0.391649 -0.478392 5.314997
-0.405769 -0.496366 5.239521
-0.408284 -0.468182 5.148161
-0.414339 0.088548 -3.215231
-0.485027 -0.485653 8.332148
-0.434897 0.203156 -3.907379
-0.472112 -0.481554 -4.805809
