-0.417897 -0.182287 3.272459
-0.416860 -0.075955 0.892696
-0.492156 0.086281 6.150664
-0.442687 -0.125393 1.013641
-0.461575 -0.449114 3.749466
-0.466056 -0.142750 0.883554
-0.471251 -0.153218 1.079521
-0.470303 0.006168 -4.044831
-0.416065 -0.093963 0.906889
-0.441336 -0.135169 1.186014
-0.459601 -0.139703 1.089448
-0.418022 -0.206912 3.940789
-0.452524 -0.110041 1.011321
-0.456734 -0.150486 0.692091
-0.410814 -0.096265 0.824220
-0.459294 -0.001939 -4.609693
-0.462528 -0.055919 -5.322931
-0.405913 -0.098418 0.833920
-0.459818 -0.133012 1.117843
-0.415827 -0.115955 1.093740
-0.467774 -0.407794 5.993292
-0.418154 0.450796 -4.336943
-0.460602 -0.125180 0.745208
-0.419780 -0.110158 1.065578
-0.471614 -0.098466 0.994633
-0.457342 0.002167 -4.888506
-0.457320 -0.436829 3.676681
-0.438599 -0.422887 3.353217
-0.456699 -0.123126 0.963124
-0.456401 -0.005515 -4.501668
-0.458739 -0.139962 1.001153
-0.486080 0.005505 -4.336884
-0.466178 -0.140495 1.254598
-0.414309 0.378757 -4.977444
-0.413465 -0.409387 3.463235
-0.442816 -0.130857 0.942666
-0.459396 -0.121166 1.254795
-0.409487 -0.098965 1.103152
-0.454553 -0.439032 3.601807
-0.473177 -0.138192 1.017351
-0.425387 0.408750 -4.790871
-0.423287 -0.187474 3.575297
-0.420763 -0.076912 0.863564
-0.410773 -0.219933 4.087824
-0.483965 -0.442931 -2.153278
-0.411460 -0.090479 0.991939
-0.472969 0.020744 -3.497267
-0.414691 -0.096000 1.155250
-0.450974 -0.138226 0.671810
-0.414298 -0.102999 0.992577
-0.477875 -0.092845 1.492221
-0.455071 -0.439030 3.529738
-0.426394 -0.391144 2.869855
-0.449659 -0.121292 1.011942
-0.459214 -0.134759 0.983593
-0.466525 -0.106329 1.173624
-0.416581 -0.095562 1.178417
-0.408554 -0.082445 0.960185
-0.423303 -0.402106 3.350689
-0.419663 -0.093165 0.873453
-0.410904 -0.083576 1.161699
-0.422654 -0.118482 0.970118
-0.412014 -0.102353 1.086516
-0.475618 -0.000415 7.744814
-0.425884 0.380777 -3.370934
-0.433897 -0.423365 3.450599
-0.458539 -0.117717 0.588484
-0.166126 -0.285268 -0.040474
-0.463669 -0.127835 1.206634
-0.463431 -0.099453 0.965290
-0.492125 -0.425148 -1.258795
-0.486068 -0.108403 3.851936
-0.421543 -0.072178 1.012346
-0.451599 -0.151144 0.850445
-0.491396 -0.431674 -2.432060
-0.432391 -0.198108 3.774277
-0.431937 -0.007695 -4.731753
-0.466637 0.228486 -5.720235
-0.415814 -0.418006 3.389973
-0.455700 -0.129421 0.942668
-0.452640 -0.128212 0.880598
-0.460686 -0.007200 -4.785654
-0.454393 -0.149203 0.621386
0.497772 -0.368177 7.930275
-0.389129 -0.472191 4.795029
-0.480781 -0.450087 4.244175
-0.454574 -0.150522 0.941465
-0.451401 -0.423768 3.274232
-0.434611 -0.408783 3.232945
-0.409509 -0.172354 4.002800
-0.462637 -0.013680 -4.507685
-0.414649 -0.083470 0.911585
-0.325127 -0.477527 3.558084
-0.423590 -0.078371 0.877596
-0.419543 -0.096189 1.066642
-0.458096 -0.006933 -4.812185
-0.419903 -0.119396 0.795189
0.123331 -0.310213 -2.083999
-0.425477 -0.194565 3.829926
-0.460598 0.082986 5.867696
-0.416250 -0.090898 0.987148
-0.413765 -0.078351 1.114138
-0.416162 -0.115351 0.738338
-0.456586 -0.123858 0.990802
-0.462072 -0.151280 0.971081
-0.316350 0.444420 3.214207
-0.410697 -0.077101 1.051250
-0.452838 -0.132512 0.956691
-0.412867 -0.100358 1.279732
-0.410829 -0.203354 3.997886
-0.468528 -0.136377 0.631499
-0.476382 0.202757 -5.735018
-0.460651 -0.139202 0.857286
-0.415733 -0.084135 0.762915
-0.418751 -0.202184 4.124498
-0.464071 -0.131461 1.097351
-0.432206 -0.402209 2.830651
-0.445940 0.433662 -4.589006
-0.416833 -0.087757 0.901505
-0.495852 0.116939 5.744743
-0.440544 0.210353 -5.536236
-0.406727 -0.222984 4.176350
-0.474942 -0.018711 7.856270
-0.459459 -0.430185 3.451849
0.491663 -0.432901 -2.032444
-0.417961 -0.090109 1.138566
-0.447038 -0.487051 4.097443
-0.475845 -0.012896 7.633206
-0.481338 0.039911 -2.886134
-0.396210 -0.183911 3.954223
-0.425409 0.377976 -3.424090
-0.410287 -0.088900 0.983221
-0.432892 0.004518 -4.523382
-0.411991 -0.077808 1.191530
-0.438675 -0.407542 3.429778
-0.420893 -0.499374 3.801010
-0.410716 -0.209088 4.005379
-0.459053 -0.111064 0.994355
-0.472532 0.008061 -4.062303
-0.417497 -0.088104 0.870319
-0.443413 -0.428031 3.117446
-0.461780 -0.144732 0.919953
-0.473971 -0.006585 7.713489
-0.449427 -0.119330 1.015924
-0.414733 -0.426590 3.325192
-0.464862 0.016291 -3.718153
-0.418588 -0.061159 1.170579
-0.460783 -0.125225 1.251583
-0.457115 -0.019877 -4.501370
-0.404889 -0.190556 4.232669
-0.485180 0.227757 -4.501868
-0.458419 -0.117842 1.061209
-0.464126 -0.122792 0.956811
-0.461697 -0.136605 1.021352
-0.472307 -0.014174 7.492094
-0.455880 0.366139 -3.876732
-0.411655 -0.225463 3.967020
-0.412704 -0.098960 0.820609
-0.405339 -0.202886 3.918624
-0.477855 -0.441548 4.842928
-0.460447 -0.112914 0.905073
-0.465684 -0.092848 1.235700
-0.435875 -0.402495 3.558981
-0.419030 -0.080602 1.114854
-0.441535 -0.414363 3.390117
-0.442278 -0.125789 0.931420
-0.468472 -0.108442 1.310349
-0.412346 0.495580 6.265173
-0.455703 0.101282 5.722665
-0.447911 -0.421768 3.499550
-0.415915 -0.085468 1.121825
-0.435041 0.459324 -5.678371
-0.430092 -0.191287 3.603158
-0.412345 -0.078809 1.014988
-0.492632 -0.203296 1.172890
-0.419001 -0.222177 3.979489
-0.408382 -0.124932 1.170980
0.139252 -0.325815 -2.193705
-0.436543 0.020225 -4.544372
-0.423268 -0.002784 -4.969024
-0.416765 -0.222062 4.100966
-0.433273 -0.087893 1.492779
-0.408655 -0.091269 1.007467
-0.472479 -0.008939 7.474814
-0.456623 -0.120948 0.835246
-0.421727 -0.073728 0.970944
-0.424732 -0.443162 3.589743
-0.464825 -0.105489 1.216835
-0.416714 -0.000795 -4.535930
-0.404825 -0.076008 0.810134
-0.463510 -0.115182 1.209353
-0.479963 0.025294 -3.968919
-0.446785 -0.418216 3.399705
-0.459286 0.379951 -3.813056
-0.461986 -0.427512 3.631096
-0.474071 -0.444421 3.609357
-0.420980 -0.203760 4.136292
-0.429349 -0.410822 3.413738
-0.423431 -0.199717 3.749769
-0.421492 -0.112950 0.740168
-0.418992 -0.083909 1.090550
-0.457695 -0.101191 2.183716
-0.452251 -0.139696 0.936190
-0.455938 -0.133624 0.835298
-0.402929 -0.190998 4.175136
-0.411132 -0.079735 1.031080
-0.456625 -0.129694 0.928296
-0.469748 -0.090492 1.772442
-0.456116 -0.152416 0.853821
-0.422597 -0.191406 3.907461
-0.431696 0.409918 -4.290196
-0.465852 -0.125056 1.189560
-0.452959 -0.141900 0.781873
-0.465077 -0.115018 0.956495
-0.409188 -0.219972 4.132466
-0.443289 0.212738 -5.544214
-0.444833 0.030050 -4.906905
-0.415133 -0.079468 0.840236
-0.461962 -0.132319 1.176894
-0.421070 0.082622 4.520997
-0.419276 -0.222677 3.988337
-0.468061 -0.131572 0.845024
-0.465561 -0.043224 -4.907839
-0.409391 -0.496442 0.930086
-0.446484 -0.432198 3.536501
-0.420575 -0.095744 1.157806
-0.460735 -0.094748 1.012173
-0.468426 -0.088045 1.853322
-0.400161 -0.206811 3.875152
-0.407541 -0.099710 1.232359
-0.415013 -0.105622 1.035179
-0.414397 -0.090610 1.136947
-0.426268 -0.216157 4.146416
-0.414250 -0.088275 0.828784
-0.471511 -0.008418 -4.555524
-0.411668 -0.090539 1.099402
-0.441556 -0.204792 3.551879
-0.490708 0.462632 8.627730
-0.423162 -0.094841 0.748642
-0.446884 -0.131331 1.036838
-0.467025 -0.037944 -4.823348
-0.416724 -0.084254 1.003142
-0.459554 -0.172654 1.492230
-0.490971 0.219011 8.884534
-0.456767 -0.141825 0.949981
-0.455610 -0.140750 0.767234
-0.415252 -0.086442 1.196916
-0.459660 0.386239 -4.771951
-0.417065 -0.006968 -4.402206
-0.413675 -0.081106 0.902737
-0.452400 -0.125643 1.016495
-0.428697 -0.195948 3.598878
-0.492494 0.224283 -5.279782
-0.449844 -0.209810 3.865283
-0.382431 -0.431877 3.586326
-0.465300 -0.424460 2.889775
-0.421460 -0.204540 3.931700
-0.445784 -0.401915 2.956104
-0.419712 0.019293 -4.252813
-0.416118 -0.199050 3.772692
-0.481856 -0.452124 4.145225
-0.444494 -0.418729 3.328782
-0.412030 -0.218035 3.833921
-0.433328 -0.111914 1.046810
-0.428358 -0.194575 3.521177
-0.421823 -0.086982 1.068913
-0.415829 -0.084560 0.972483
-0.411982 -0.116452 1.247093
-0.421790 -0.079094 1.474320
-0.458045 -0.127620 1.047969
-0.424192 0.027280 -4.265723
-0.474297 -0.436157 3.896849
-0.412260 -0.191371 4.244661
0.118722 -0.344414 -2.204776
-0.461315 -0.471895 3.454433
-0.457903 -0.139375 0.832291
-0.433175 -0.413959 3.411052
-0.411775 -0.083321 1.230785
-0.424238 -0.117955 0.797445
-0.437890 -0.153149 0.998496
-0.405798 -0.495771 0.757915
-0.458541 -0.135558 0.892107
-0.449975 -0.121825 0.789585
-0.366668 0.390793 -0.537664
-0.412569 -0.095939 0.892220
-0.447363 -0.436307 3.082091
-0.419225 -0.086489 1.308845
-0.485906 0.498300 -6.048302
-0.422996 -0.120580 0.948570
-0.463748 -0.106594 1.025925
-0.460429 -0.134142 1.076633
0.284488 0.249295 1.825386
-0.469126 -0.010671 -4.641883
-0.450881 -0.120662 0.897603
-0.415309 -0.118079 1.025551
-0.465590 -0.439319 3.038994
-0.460364 -0.108322 1.287241
-0.471318 -0.017307 -4.820189
0.470467 -0.397856 -4.047149
-0.422687 -0.491587 3.600055
-0.414836 -0.082019 1.278573
-0.467847 -0.429066 6.015438
-0.424667 -0.223578 4.138684
-0.476301 0.408247 -4.914571
-0.415881 -0.014075 -4.400512
-0.451219 -0.131902 0.968697
-0.422821 -0.182823 3.159420
-0.469592 -0.097234 1.477532
-0.450224 -0.127451 0.688949
-0.450445 -0.136028 1.170570
-0.454869 -0.144482 0.579428
-0.436708 -0.201855 3.508014
0.158068 -0.332685 -2.233139
-0.393386 0.225359 5.445692
-0.435683 -0.418297 3.736759
-0.425754 -0.204847 3.960663
-0.477446 -0.028827 -4.604395
-0.419125 -0.231079 3.944717
-0.415252 0.044083 -4.298293
-0.447377 -0.123861 1.042794
-0.468730 -0.488355 11.642824
-0.461133 -0.093359 1.235539
-0.435900 -0.188019 2.398514
-0.474812 -0.010416 7.722241
-0.429297 -0.483081 3.637208
-0.469366 -0.108731 1.056097
-0.456447 -0.114844 0.827742
-0.462332 -0.435092 3.598907
-0.462255 -0.132793 0.922903
-0.415375 -0.074127 1.082036
-0.464538 -0.123981 0.896567
-0.464085 -0.427408 3.510437
-0.412760 -0.184313 3.995245
-0.431947 -0.188707 3.527485
-0.447789 -0.132091 0.938790
-0.467081 -0.017258 -4.585595
-0.390506 -0.457661 4.974263
-0.414328 -0.094040 0.813424
-0.427235 -0.192496 3.898989
-0.412627 -0.092331 0.914311
-0.407629 -0.215373 4.038787
-0.409316 -0.090973 0.966404
-0.340180 0.483227 1.463372
-0.410879 -0.070877 0.924075
-0.428100 -0.113716 0.705773
-0.480409 0.008643 7.703524
-0.455529 -0.105501 0.723047
-0.465212 -0.097516 1.364091
-0.455032 -0.138713 0.967393
-0.451703 -0.435963 3.536991
-0.413680 -0.082416 1.083588
-0.402634 -0.203801 3.970895
-0.459565 -0.136484 1.129037
-0.455477 -0.124041 1.168981
-0.415626 -0.180663 3.481297
-0.469105 0.003426 -4.399971
-0.411681 -0.081934 1.047279
-0.418102 -0.411615 3.203653
-0.433137 -0.192114 4.010271
-0.466159 -0.005403 -4.347850
-0.420082 -0.098691 1.025882
-0.437257 -0.142193 1.453564
-0.461462 -0.141588 0.826513
-0.463125 -0.429261 3.168661
-0.448718 -0.117461 0.933538
-0.420235 -0.221313 4.147776
-0.412859 -0.433225 3.574054
-0.417286 -0.231948 4.170285
-0.390446 -0.450019 4.582596
-0.476817 0.219879 -5.595271
-0.479373 -0.018592 7.694262
-0.455932 -0.136572 0.898946
-0.451368 -0.215691 3.320593
-0.452284 -0.128488 0.890267
-0.408778 -0.096964 1.149591
-0.469809 -0.434293 3.697877
-0.418338 -0.193474 3.623347
-0.480307 -0.099242 1.699418
-0.464562 -0.095718 1.860372
-0.461121 -0.123099 1.169467
-0.464813 -0.102805 1.498514
-0.454099 -0.425229 3.349516
-0.478582 -0.084666 1.473960
-0.456447 -0.136782 0.942761
-0.405379 -0.085202 1.173085
-0.411977 -0.227251 4.079886
-0.452317 -0.123898 1.019660
-0.464185 -0.114141 0.884454
-0.485623 -0.443658 4.188630
-0.454777 -0.145432 0.984587
-0.416466 -0.202721 4.119786
-0.473194 0.393504 8.423039
-0.424180 -0.411855 3.130045
-0.470583 -0.092435 3.287311
-0.455507 -0.127857 0.891624
-0.415184 -0.419732 3.680064
-0.461482 -0.119417 0.872874
-0.453434 -0.119393 1.037886
-0.456951 -0.146438 0.948140
-0.419988 -0.210520 3.990525
