-0.473392 -0.390276 -3.479808
-0.461894 -0.425410 -4.075320
-0.487199 -0.462689 -4.204833
-0.459479 -0.386595 -3.354652
-0.470077 -0.049641 3.889026
-0.446074 -0.056197 3.685055
-0.495753 -0.219623 -2.890303
-0.461327 -0.206767 -3.809158
-0.492867 -0.364807 -3.872790
-0.455348 -0.460031 -2.831565
-0.474405 -0.393213 -3.638809
-0.469214 -0.396343 -3.135477
-0.194682 -0.472932 -4.366825
0.214607 -0.063315 0.945433
-0.460813 -0.368636 -3.405550
-0.473603 -0.453693 -4.156756
-0.459952 -0.373125 -3.320941
-0.454186 -0.470287 -2.799453
-0.469613 -0.352669 -3.537330
-0.211391 -0.455453 -1.639581
-0.460846 -0.423136 -2.974514
-0.204335 -0.455592 -1.735773
-0.468809 -0.395880 -4.867204
-0.436821 -0.010434 4.534765
-0.463004 -0.458218 -3.374292
-0.462647 -0.439860 -3.996637
-0.492579 -0.222090 -2.951185
-0.469906 -0.205197 -3.225690
-0.469177 -0.451611 -3.329235
-0.456841 -0.404225 -3.197617
-0.432284 -0.328932 -3.673682
-0.497995 -0.394689 -3.899179
-0.469041 -0.367595 -3.667431
-0.186160 -0.474557 7.667518
-0.463369 -0.376100 -4.405323
-0.498419 -0.386634 7.125037
-0.210373 -0.470920 7.429638
-0.392995 0.312685 -3.924715
-0.471666 -0.263682 -3.372883
-0.182524 -0.470030 -5.370031
-0.479463 -0.429668 -3.657751
-0.469817 -0.338784 -3.659518
-0.485678 -0.486211 -3.559566
-0.465417 -0.447421 -2.801925
-0.184740 -0.467420 -5.663973
-0.466685 -0.029213 4.147523
-0.470528 -0.470778 -4.311346
-0.473048 -0.380466 -3.832453
-0.443528 -0.397227 -3.275375
-0.467581 -0.371413 -3.377195
-0.454929 -0.426182 -3.045655
-0.359962 -0.443768 -6.231189
-0.450404 -0.365790 -3.236770
-0.474964 -0.358098 -3.494734
-0.473651 -0.422858 7.756845
-0.463582 -0.355089 -3.473586
-0.401594 -0.292030 -4.919879
-0.422269 0.336466 -3.705056
-0.176895 -0.453699 -2.911101
0.480518 -0.344702 -1.771121
-0.478050 -0.469771 -3.854585
-0.444889 -0.365510 -3.536171
-0.201039 -0.460541 -1.699501
-0.451588 -0.484062 -3.317091
-0.464450 -0.462938 -3.142250
-0.462102 -0.367930 -3.692430
-0.495719 -0.428976 -3.722763
-0.460423 -0.026129 4.224161
-0.458978 -0.394809 -3.139081
-0.441960 -0.024234 4.078814
-0.462103 -0.481421 -3.250074
-0.455670 -0.461948 -2.590319
-0.483263 -0.229509 -2.929466
-0.304093 -0.499999 10.307417
-0.466859 -0.385203 -3.637100
-0.227335 -0.484270 6.715110
-0.443833 -0.029873 3.622405
-0.208811 -0.470088 -5.403797
-0.177376 -0.448962 -2.249472
0.391155 -0.487120 0.766123
-0.207292 -0.465188 -1.222171
-0.468280 -0.390348 -3.308554
-0.461815 -0.388492 -3.326896
-0.464593 -0.387401 -4.714652
-0.467538 -0.382965 -3.224009
-0.462659 -0.412343 -3.220490
-0.429984 -0.485710 -2.926097
-0.476494 -0.032815 4.036487
-0.485212 -0.117719 -4.463568
-0.478626 -0.425362 -3.374630
-0.463887 -0.465323 -3.109148
-0.482501 -0.386220 -3.803855
-0.459814 -0.289067 -2.710872
-0.464143 -0.040411 3.684497
-0.406805 0.463522 -3.116107
-0.420908 -0.485749 8.947288
-0.437660 -0.484564 -2.729238
-0.460722 -0.250195 -3.718453
-0.427594 -0.027644 4.154318
-0.466967 -0.436588 -2.810151
-0.437723 -0.056083 4.003798
-0.473616 -0.253042 -3.961817
-0.470330 -0.361384 -3.496965
-0.464680 -0.367976 -3.413455
-0.496428 -0.410174 -3.750359
-0.439905 -0.470495 -3.144910
-0.456042 -0.217992 -3.246922
-0.212715 -0.466672 -1.463740
-0.462840 -0.402429 -3.175540
-0.466958 -0.406090 -3.222463
-0.460683 -0.444696 -3.143172
-0.299328 -0.478203 0.422962
-0.462260 -0.461601 -3.206001
-0.440911 -0.432107 -3.087202
-0.464314 -0.214480 -3.484419
-0.444389 -0.032563 4.213462
-0.470289 -0.368466 -3.346606
-0.484431 -0.385897 -3.848432
-0.467008 -0.361476 -4.291646
-0.200962 -0.470300 7.527285
-0.431651 -0.033968 3.824399
-0.470166 -0.395990 -3.408845
-0.441557 -0.033689 4.437154
-0.441229 -0.477290 -3.157071
-0.478834 -0.379391 -3.938601
-0.424671 -0.484425 -2.937760
-0.468239 -0.362433 -3.680677
-0.482048 -0.215251 -3.285935
0.353947 -0.495623 1.299126
-0.450164 -0.048255 3.725887
-0.195629 -0.461639 -1.395690
-0.452992 -0.494986 -2.777959
-0.481564 -0.215434 6.735573
-0.195092 -0.467896 -1.235985
-0.189183 -0.460989 6.085376
-0.382599 0.057451 -2.176404
-0.420076 -0.494345 -2.529205
-0.487139 -0.023583 4.037356
-0.476609 -0.395257 -3.476737
-0.430730 -0.027966 3.899485
-0.463477 -0.397484 -4.540871
-0.418560 -0.055310 3.668543
-0.467193 -0.385444 -3.469752
-0.200006 -0.459490 -1.331050
-0.187296 -0.458843 5.598855
-0.210650 -0.493694 -0.683401
-0.467680 -0.457343 -3.483064
-0.437922 -0.060974 3.707537
-0.456950 -0.444150 -3.899558
-0.441100 -0.474501 -3.245268
-0.453773 -0.399155 -3.716260
-0.447779 -0.032668 3.853658
-0.426654 -0.018302 4.301043
-0.188850 -0.457049 -1.799118
-0.162212 -0.445045 -2.987028
-0.410549 -0.099372 3.487230
-0.459760 -0.394885 -3.123817
-0.197307 -0.469982 -1.364467
0.264834 -0.162869 -3.210155
-0.457429 -0.381902 -3.174615
-0.398274 -0.461319 -2.497284
-0.203324 -0.462165 -1.346088
-0.195598 -0.457466 -5.825899
-0.473436 -0.364898 -3.975235
-0.462917 -0.470526 -3.170251
-0.199165 -0.471906 7.862441
-0.455189 -0.046687 4.197131
-0.297990 -0.498949 -4.382184
-0.451154 -0.374378 -3.347813
-0.426464 -0.469057 -2.680297
-0.466039 -0.394730 -3.382871
-0.179683 -0.470372 7.676980
-0.187953 -0.490919 -1.715735
-0.482064 -0.418311 -3.438772
-0.473832 -0.221437 6.204111
-0.468694 -0.004022 3.361431
-0.457870 -0.376306 -3.560261
-0.463955 -0.442235 -3.779784
-0.427389 -0.229308 5.724811
-0.443560 -0.479477 -3.017678
-0.467246 -0.379953 -3.612163
-0.183238 -0.456938 -6.162644
-0.182537 -0.461596 5.760797
-0.171112 -0.495137 9.145961
-0.200926 -0.465559 -1.329510
-0.485068 -0.420568 -3.465642
-0.477518 -0.426860 -3.483018
-0.472363 -0.440573 -3.274494
-0.460034 -0.382244 -3.353847
-0.454826 -0.375883 -3.345627
-0.462591 -0.388022 -4.284892
-0.457242 -0.457974 -2.882605
-0.193255 -0.459376 -1.432712
-0.484298 0.066235 -1.324695
-0.487651 -0.297566 -2.817477
-0.179877 -0.490631 9.053569
-0.477365 -0.366806 -3.607717
-0.450708 -0.413396 -3.276937
-0.452095 -0.414177 -3.781113
0.487994 -0.327381 5.149416
-0.054424 0.492795 2.978455
-0.467963 -0.396485 -3.260676
-0.484617 -0.221507 6.679755
-0.204193 -0.471593 7.749677
-0.415544 0.117051 -2.468620
-0.478929 -0.211260 6.604598
-0.440119 -0.452181 -2.749251
-0.465178 -0.382924 -3.460232
-0.478448 -0.041868 4.346663
-0.184583 -0.451839 -2.935352
-0.449658 -0.406809 -3.085184
-0.455420 -0.394896 -3.239671
-0.176395 -0.495400 7.548328
-0.450314 -0.471596 -3.294164
-0.456787 -0.417612 -3.016490
-0.468495 -0.015978 4.338334
-0.203517 -0.461248 -1.482973
-0.475690 -0.392768 -3.482918
-0.216335 -0.484128 6.819530
-0.465654 -0.411087 -3.040472
-0.200520 -0.455381 -2.002386
-0.475233 -0.419973 -3.388248
-0.461198 -0.401815 -4.436558
-0.468461 -0.412925 -3.269116
0.184409 -0.352534 3.124922
0.169946 -0.389303 3.119454
-0.171520 -0.488605 -2.264923
-0.169636 -0.454095 -1.863784
0.027521 0.281008 1.652598
-0.450736 -0.393604 -4.005472
-0.490791 -0.399642 7.149474
-0.458222 -0.331731 -3.553111
-0.472363 -0.362321 -3.582234
-0.407783 -0.237988 5.091386
-0.428314 -0.048367 4.124759
-0.474599 -0.405315 8.020144
-0.475273 -0.380468 -3.766724
-0.179122 -0.461467 -0.998789
-0.454554 -0.313825 -1.978155
-0.223422 -0.471954 -1.238618
-0.415865 -0.027018 4.405853
-0.416576 0.343170 -3.864584
-0.456153 -0.201158 -3.886036
-0.436208 -0.468722 -2.867050
-0.478635 0.005771 4.579347
-0.457618 -0.462159 -2.656798
-0.456987 -0.049042 3.640421
-0.462569 -0.421103 -2.837009
0.481445 -0.219584 -3.653274
-0.466668 -0.042370 4.191363
-0.473325 -0.391231 -3.525108
-0.477516 -0.212416 6.537062
-0.192255 -0.452626 -2.243905
-0.193081 -0.446233 -2.798672
-0.198857 -0.460880 -1.197614
-0.419181 -0.499414 -2.739792
-0.189355 -0.464412 -6.120630
-0.210057 -0.470688 -5.070502
-0.448880 -0.376908 -3.251454
-0.455312 -0.391652 -4.116268
-0.493248 -0.390604 -3.815524
-0.485462 -0.353311 -3.638209
-0.451002 -0.389713 -3.975113
-0.228078 0.169821 3.370486
-0.181760 -0.498065 -3.114502
-0.451508 -0.011778 4.416275
-0.409770 -0.027262 4.407884
-0.460672 -0.028900 4.527774
-0.189522 -0.457586 5.766713
-0.462666 -0.486371 -3.522042
-0.463051 -0.408432 -3.250090
-0.488376 -0.355791 -3.440261
-0.204036 -0.467248 -1.328465
-0.473944 -0.435483 -3.408787
-0.466062 -0.365284 -3.718571
-0.421220 -0.473282 -2.873167
-0.461502 -0.396148 -3.224178
-0.467600 -0.421840 -4.768817
-0.201570 -0.440299 4.597372
-0.439768 -0.480070 -2.858615
-0.194802 -0.458577 -1.593900
-0.468068 -0.217187 -3.283821
-0.188006 -0.499634 -1.190534
-0.184778 -0.489147 -3.320490
-0.156453 -0.448787 -2.929392
-0.467991 -0.460516 -3.318135
-0.402408 -0.279606 -5.327070
-0.404655 -0.466966 -2.791749
-0.361094 -0.444548 2.240943
-0.489019 -0.281295 -3.078130
-0.424848 0.337378 -3.926086
-0.254064 -0.485739 7.711138
-0.182967 -0.462984 -0.874968
-0.193538 -0.462784 6.278116
-0.477199 0.494682 -0.306059
0.483992 -0.299921 4.763675
-0.457765 -0.373589 -3.398757
-0.478888 -0.353998 -3.492130
-0.497204 -0.010872 4.712485
-0.158399 0.224843 3.048154
-0.479564 -0.211038 6.461722
-0.451579 -0.381008 -3.100213
-0.463387 -0.410120 -3.370803
-0.192160 -0.450349 4.738338
-0.471504 -0.409665 -3.443146
-0.430252 -0.109401 3.911773
-0.486995 -0.220382 6.980997
-0.467428 -0.394271 -3.450137
-0.216322 -0.476770 7.409636
-0.037109 0.440203 3.036755
0.462094 0.428557 4.915021
-0.461752 -0.474149 -3.416693
0.013621 0.264342 1.590410
-0.402164 -0.496605 -2.525800
-0.442996 -0.030938 4.553173
-0.169397 -0.489690 -3.725287
-0.474791 -0.354644 -3.674341
-0.218609 -0.467678 -5.580657
-0.486113 -0.369000 -3.536632
-0.460716 -0.380163 -3.484488
-0.458901 -0.050147 4.053600
-0.204335 -0.472003 -4.236664
-0.199237 -0.451092 4.377940
-0.434706 -0.045268 4.011421
-0.475465 -0.223560 6.738979
-0.458330 -0.401335 -4.009706
-0.469149 -0.400454 -3.283308
-0.483798 -0.464892 -3.364670
-0.440747 0.001826 3.834147
-0.406553 -0.494161 -2.756752
-0.406642 -0.060965 3.481653
-0.204917 -0.463545 -6.270867
-0.202585 -0.459884 5.315368
-0.464661 -0.428009 -3.307556
-0.480881 -0.028107 4.483236
-0.468852 -0.037459 3.955617
-0.479971 -0.451879 -3.697555
-0.479524 -0.295981 4.943460
-0.461814 -0.381526 -3.351962
-0.191679 -0.460392 5.836904
-0.437562 -0.476025 -3.116214
-0.468897 -0.379992 -3.601144
-0.471575 -0.005518 3.684252
-0.191824 -0.488020 7.992181
-0.466381 -0.387800 -3.564687
-0.445970 -0.362620 -3.453341
-0.199094 -0.466279 -1.236877
-0.179492 -0.463923 -1.183876
-0.178079 -0.493441 9.022733
-0.394814 -0.233918 -5.415573
-0.212914 -0.467343 -0.991742
-0.438035 -0.447512 -2.982144
-0.431751 -0.009310 4.375030
-0.202333 -0.458931 -1.750761
-0.452305 -0.412453 -2.994986
-0.473001 -0.424531 -3.243754
-0.480103 -0.369173 -3.487696
-0.461310 -0.411673 -3.400047
-0.191920 -0.490453 9.092095
-0.240229 0.180981 3.575217
-0.190325 -0.422646 4.548675
-0.200944 -0.464071 -1.480369
-0.477621 -0.446215 -3.659939
-0.172058 -0.498492 -3.015328
-0.375726 -0.484469 -3.306837
-0.148484 0.264175 3.177973
-0.475387 -0.446516 -3.300887
-0.455721 -0.385175 -3.330410
-0.459409 -0.381626 -3.335432
-0.474748 -0.458497 -4.169573
-0.182074 -0.444280 -3.107318
-0.478551 -0.036733 4.277276
0.047982 0.033501 4.026632
-0.490422 -0.352846 -3.629842
-0.454865 -0.051632 3.844723
-0.461607 -0.446918 -2.890507
-0.198860 -0.457823 5.340831
-0.341668 0.062692 -1.961591
-0.497887 -0.412297 -3.629285
-0.472702 -0.223782 -3.172602
-0.462372 -0.212355 -3.242771
-0.467141 -0.058157 4.009401
-0.194930 -0.460469 6.140623
-0.441963 -0.484912 -2.889008
-0.445143 -0.338531 -3.609280
-0.199832 -0.452971 4.911313
-0.191460 -0.470316 -5.289820
-0.169227 -0.454396 -1.685632
-0.423306 0.347311 -3.624910
-0.446897 -0.368801 -3.209350
-0.412832 -0.319777 -3.671885
-0.406159 -0.277490 -5.206145
0.463439 -0.094284 -0.054793
-0.445310 -0.309175 -2.799415
-0.467819 -0.193542 -3.874167
-0.463434 -0.376549 -3.460428
-0.187446 -0.462742 6.259596
-0.323087 -0.443002 -5.457420
0.466502 -0.029483 4.524700
-0.391583 0.078065 -1.917752
