-0.475814 -0.486076 6.362000
-0.482076 -0.393205 5.939516
-0.492131 -0.490604 6.551647
-0.490844 -0.457150 6.696439
-0.494905 -0.087571 7.845286
-0.477602 -0.086885 -4.997082
-0.488934 -0.201838 -2.285370
-0.448146 -0.318333 -5.114076
-0.492930 -0.434509 7.835748
-0.462662 -0.446302 -3.343310
-0.471311 -0.486667 6.399247
-0.484393 -0.440404 6.765200
-0.344220 -0.114143 1.813291
0.285272 0.325060 1.914734
-0.489318 -0.499063 6.848894
-0.477333 -0.406928 6.041945
-0.485513 -0.499788 6.637496
-0.459373 -0.429301 -3.693187
-0.492681 -0.429227 7.523322
-0.412996 -0.249557 6.281774
-0.484413 -0.433280 7.419032
-0.416194 -0.197327 3.140020
-0.492746 -0.489753 -3.499046
-0.481988 -0.023999 -5.399281
-0.485666 -0.420170 -3.564140
-0.498841 -0.483563 9.228631
-0.473035 -0.165921 -6.127955
-0.452798 -0.172536 4.514322
-0.491947 -0.488286 0.165821
-0.495986 -0.489605 6.812901
-0.434867 -0.392102 -3.634597
-0.491157 -0.455899 6.534639
-0.493977 -0.489223 -0.101392
-0.335937 -0.128684 2.236054
-0.498443 -0.419618 -4.605646
-0.471399 -0.484139 6.744880
-0.337831 -0.111026 2.143698
-0.266725 0.290268 5.752994
-0.432987 -0.324765 5.430959
-0.294924 -0.114020 2.216489
-0.485997 -0.436723 6.942806
-0.368716 -0.373418 -4.960158
-0.468701 -0.421432 -5.114042
-0.472911 -0.452309 6.779216
-0.317459 -0.130545 1.985733
-0.493092 -0.037416 8.287944
-0.481688 -0.439674 6.527074
-0.482617 -0.495905 6.333406
-0.485784 -0.411709 -2.520854
-0.491980 -0.464122 6.421744
-0.485290 -0.499569 -0.137768
-0.491941 -0.479716 6.766881
-0.492463 -0.486205 6.979027
-0.497044 -0.413768 9.293380
-0.481732 -0.490894 6.743024
-0.491386 -0.428008 -4.330345
-0.445097 -0.299551 -4.791319
-0.231204 0.299841 5.810373
-0.388595 -0.150043 2.368357
0.485095 -0.476507 -4.641404
-0.489407 -0.468442 6.818307
-0.496309 -0.446971 6.598320
-0.416470 -0.205843 2.763368
-0.482742 -0.463068 6.779263
-0.484845 -0.486313 6.635272
-0.499236 -0.495674 -3.479124
-0.465111 -0.451356 -3.423247
-0.475104 -0.046354 -5.312106
-0.492949 -0.488830 6.827026
-0.445187 0.079381 -5.310445
-0.475250 -0.485711 6.730555
-0.457907 -0.433104 -3.204603
-0.453148 -0.163693 5.864567
-0.481580 -0.414492 -2.872377
-0.481435 -0.472140 6.710745
-0.363195 -0.141634 2.312612
-0.493976 -0.021322 -5.151140
-0.338739 -0.117202 2.131147
-0.404413 -0.196257 2.054498
0.284114 -0.177266 2.263011
-0.401772 -0.222578 2.485428
-0.498503 -0.447310 -3.464947
-0.493653 -0.499914 6.394567
-0.490140 -0.425616 6.865924
-0.497722 -0.496887 -3.562811
-0.487814 -0.490400 0.103946
-0.476688 -0.456407 6.730091
-0.479325 -0.055160 -4.835170
-0.469471 0.064735 -5.135924
-0.484817 -0.479425 6.675465
-0.473961 -0.427977 8.413531
-0.490338 -0.464322 6.852618
-0.411772 -0.405389 -1.077164
-0.499200 -0.072572 -4.619500
-0.230911 0.312254 6.108899
-0.475981 -0.420641 9.315641
-0.483390 -0.487300 6.488389
-0.450548 -0.304680 -4.872244
-0.459378 -0.035802 -4.609934
-0.470064 -0.431803 -4.992279
-0.475746 -0.092894 -4.770490
-0.447026 -0.263650 5.725338
-0.497090 -0.433966 6.659586
-0.485159 -0.472635 -3.635515
-0.489452 -0.391156 5.228996
-0.477490 -0.497515 -0.011087
-0.498753 -0.300204 5.872385
-0.403882 -0.181621 2.776422
-0.490599 -0.476915 6.348766
-0.468323 -0.452017 -3.667531
-0.497088 -0.498624 -0.596796
-0.483606 -0.446723 6.552721
-0.476347 -0.457386 6.617537
-0.499578 -0.415877 -3.944176
-0.442373 -0.254819 5.018033
-0.449270 0.022169 -5.203139
-0.473877 -0.497510 -0.040118
-0.499491 -0.477763 -3.669264
-0.396356 -0.428122 -3.758551
-0.345433 -0.121539 2.113770
-0.463509 -0.008007 -5.107921
-0.490267 -0.456259 6.671293
-0.489579 -0.075688 8.212543
-0.486246 -0.493804 6.580613
-0.498579 -0.482156 -3.347179
-0.487250 -0.398977 -2.529444
-0.491869 -0.445047 6.536287
-0.374850 -0.205697 2.595383
0.293151 -0.137080 1.600900
-0.483233 -0.048391 7.726059
-0.402503 -0.219282 3.128336
-0.476464 -0.447488 6.690425
-0.450440 -0.252558 -1.381191
-0.409216 -0.234301 2.883229
-0.287019 -0.128231 2.213412
-0.433093 0.117790 -4.215179
-0.465127 -0.406837 5.618274
-0.460203 -0.024866 -5.168804
-0.491673 -0.482574 -3.473672
-0.456659 0.028917 -3.575058
-0.466345 -0.486956 -3.364711
-0.499505 -0.052054 8.191974
-0.484272 -0.489282 6.769467
-0.397247 -0.189958 2.383999
-0.307221 -0.139414 2.171539
-0.444974 -0.440602 -5.269902
-0.478986 -0.437395 -3.377797
-0.489202 -0.102539 7.908067
-0.482848 -0.459079 6.560518
-0.475078 -0.468632 6.662489
-0.495467 -0.467352 6.657341
-0.481834 -0.065033 -4.419240
-0.443919 0.010919 -4.433818
-0.396245 -0.188089 2.379291
-0.344469 -0.135407 2.128225
-0.443530 -0.107010 -4.811660
-0.472819 -0.409100 5.982711
-0.396893 -0.207809 2.434073
-0.150212 -0.139649 -2.879050
-0.487766 -0.492879 -0.347177
-0.477095 -0.445664 6.463462
-0.415213 -0.211020 2.841602
-0.296618 -0.102814 2.395302
-0.494906 -0.440712 6.687982
-0.491755 -0.464276 6.834992
-0.320893 -0.117219 2.117244
-0.481125 -0.056913 -4.658839
-0.495260 -0.498101 -2.988835
-0.493923 -0.493461 -3.788708
-0.486037 -0.395445 -2.910510
-0.492254 -0.482084 6.793068
-0.302246 -0.110968 2.052355
-0.410666 -0.272455 1.302326
-0.487480 -0.389017 5.879507
-0.496848 -0.141419 5.554221
-0.452629 0.033868 -4.498131
-0.496325 -0.497850 6.658934
-0.473673 -0.432798 6.845389
-0.482257 -0.372738 -2.846799
-0.471481 -0.453613 -3.272658
-0.499725 -0.423008 -4.136006
-0.302197 -0.131977 1.978662
-0.365654 -0.190429 2.369143
-0.393551 -0.196045 2.112378
-0.390457 -0.190285 2.436757
-0.489353 -0.466709 6.671391
-0.496292 -0.479283 0.406563
-0.482057 -0.496558 6.693660
-0.493276 -0.473262 -3.604245
-0.496219 -0.484088 6.669418
-0.491795 -0.479466 6.605703
-0.484828 -0.465261 6.347232
-0.395175 -0.215284 2.145809
-0.459713 0.026100 -4.202058
-0.494297 -0.446483 6.590587
-0.410271 -0.204307 2.791537
-0.498140 -0.436727 -3.226211
-0.484053 -0.439723 6.696550
-0.494478 -0.467956 6.566660
0.332448 -0.496594 -2.761367
-0.202808 0.265988 4.312365
-0.482441 -0.482227 6.481767
-0.450397 -0.380194 -4.998651
-0.359410 -0.118625 2.203155
-0.481090 -0.018361 -5.099665
-0.457749 -0.389328 -5.884805
-0.478635 -0.424958 -3.390453
-0.491545 -0.447012 -3.277450
-0.489652 -0.092085 -5.077213
-0.405187 -0.169113 2.437671
-0.472841 -0.487107 6.503106
-0.492420 -0.466122 -3.553766
-0.318282 -0.133754 2.343855
-0.490444 -0.422803 6.757299
-0.485954 -0.396734 5.720286
-0.477724 -0.060436 -4.290725
-0.404871 -0.200508 2.309273
-0.479116 -0.499447 5.984672
-0.348331 -0.135180 2.256878
-0.494440 -0.417071 -5.116400
-0.429515 -0.204737 3.481127
-0.485572 -0.494783 -0.367758
-0.479655 -0.487765 0.251986
-0.486889 -0.497031 6.730961
-0.231566 -0.391359 3.270503
-0.246208 -0.419551 3.135916
-0.412368 -0.421137 -3.971738
-0.363416 -0.184087 2.450783
-0.193347 0.465971 -3.113598
-0.487225 -0.481193 6.659562
-0.493318 -0.450940 6.748647
-0.419057 -0.419719 -3.319885
-0.480949 -0.479011 6.524995
-0.463241 -0.317362 5.983147
-0.462947 -0.063653 -4.899850
-0.468272 -0.408707 5.711214
-0.477157 -0.460446 -3.975027
-0.365021 -0.203073 2.433443
-0.478985 -0.438979 6.780297
-0.368377 -0.407637 -3.981075
-0.494211 -0.072850 8.095857
-0.236713 0.316792 5.801335
-0.490710 -0.143809 5.600241
-0.475757 -0.474332 6.785128
-0.408979 0.024555 -3.702314
-0.468732 -0.483291 -3.182971
-0.462254 -0.072404 -4.481654
-0.469556 -0.416333 -5.881597
0.397829 0.010181 -5.347727
-0.487169 -0.102416 8.173634
-0.485601 -0.486040 6.614149
-0.404315 -0.284689 5.814026
-0.405118 -0.190409 2.820071
-0.398904 -0.151753 2.566459
-0.382749 -0.189244 2.182807
-0.489193 -0.384508 6.191375
-0.311485 -0.136207 2.266886
-0.338916 -0.116060 2.138010
-0.480801 -0.456914 6.612954
-0.497183 -0.475866 -3.670385
-0.477892 -0.464305 6.508611
-0.425713 -0.456524 -5.809569
-0.497334 -0.469875 6.612243
-0.422111 0.120335 -4.068453
-0.367701 -0.284055 5.195886
-0.472288 0.043362 -5.067566
-0.485129 -0.108607 -4.902129
-0.476778 -0.026583 -5.305495
-0.305729 -0.149802 2.251463
-0.467189 -0.422430 -4.351987
-0.479361 -0.492883 -0.099611
-0.494874 -0.448435 -3.545763
-0.411913 -0.232379 3.152138
-0.498898 -0.496796 0.008246
-0.490079 -0.426074 -4.468564
-0.465894 -0.440366 -3.718223
-0.489522 -0.448402 6.695096
-0.489826 -0.495354 0.065373
-0.382282 -0.168875 2.489617
-0.476585 -0.484884 6.311571
-0.401181 -0.208590 2.405657
-0.443780 -0.270464 -3.500339
-0.385011 -0.227115 2.280155
-0.424594 -0.214143 3.599162
-0.347114 -0.142471 2.040645
-0.476954 -0.494089 6.455270
-0.467677 -0.311216 5.946094
-0.478758 -0.452910 6.592560
-0.491528 -0.492102 0.228984
-0.417501 -0.409261 -3.257527
-0.241756 0.289384 5.993884
-0.381191 -0.155999 2.337947
-0.327391 -0.164765 2.276992
-0.308189 -0.142258 2.376872
-0.486734 0.470785 -3.889421
0.274566 -0.139219 2.008354
-0.496228 -0.445513 -3.366809
-0.490547 -0.449044 6.472507
-0.469238 -0.036922 -4.845263
-0.446671 0.257840 -0.406197
-0.449697 -0.315935 -5.590634
-0.486719 -0.457569 6.444354
-0.484447 -0.490002 6.675812
-0.350747 -0.155478 2.468311
-0.490373 -0.499261 6.574137
-0.483865 -0.113882 -6.117374
-0.404047 -0.299176 5.655878
-0.466544 -0.435023 -3.539963
-0.362770 -0.128956 2.230514
-0.283162 0.220771 3.852800
0.419999 0.030133 -2.176851
-0.490048 -0.437083 -2.497904
-0.208008 0.469081 -2.936891
-0.499082 -0.486096 9.246507
-0.485463 -0.055900 7.914590
-0.375168 -0.166939 2.623660
-0.490799 -0.336621 -5.703692
-0.357610 -0.123655 2.470807
-0.497014 -0.432071 6.832020
-0.461742 -0.467862 -3.543180
-0.494007 -0.060943 7.924505
-0.341101 -0.113499 2.261439
-0.405264 -0.183216 2.799315
-0.480171 -0.063066 -4.572537
-0.431143 -0.265997 -4.038570
-0.480368 -0.401146 -2.527016
-0.495124 -0.446086 -3.574595
-0.492291 -0.427650 7.491346
-0.430529 0.117043 -4.386732
-0.476760 -0.462167 6.584308
-0.482065 -0.063306 -4.702810
-0.317653 -0.134205 2.142045
-0.377797 -0.193806 2.332537
-0.498115 -0.418111 8.839821
-0.475003 -0.076442 -4.893125
-0.473974 -0.071022 -4.554052
-0.498036 -0.427264 6.691494
-0.497612 -0.439733 -3.261025
-0.490074 -0.495993 -0.063654
-0.332157 -0.160051 2.235442
-0.478415 -0.434328 6.710118
-0.473502 -0.461259 6.516256
-0.465557 0.042329 -4.073814
-0.394338 -0.153290 2.025043
-0.494208 -0.446028 -3.710722
-0.495687 -0.467856 6.502942
-0.408849 -0.227815 3.123345
-0.374312 -0.209095 2.343425
-0.385152 -0.176407 2.360987
-0.337779 -0.010749 -4.506551
-0.410086 -0.202036 2.806646
-0.480471 -0.468130 6.678280
-0.475762 -0.049757 -4.982849
-0.402593 -0.182551 2.312077
-0.491458 -0.488790 -0.103229
-0.495122 -0.499917 -0.435672
-0.495036 -0.432262 6.554204
-0.487890 -0.466019 6.665080
-0.426948 -0.189196 2.951040
-0.415220 0.131091 -4.421932
-0.326122 -0.133454 2.099226
-0.408743 -0.210570 2.709423
-0.490772 -0.498602 -0.125651
-0.410449 -0.400351 5.660939
-0.473764 -0.465434 6.707209
-0.452819 0.269380 -0.253641
-0.479100 -0.439659 6.535669
-0.492689 -0.466592 6.742688
-0.461732 -0.462000 -3.713586
-0.474815 -0.426115 8.387760
-0.360684 -0.139146 2.244038
-0.482852 -0.043420 -4.754770
-0.267248 -0.155721 2.052962
-0.461998 -0.463736 -4.293627
-0.474693 -0.092159 -4.737720
-0.477680 -0.491708 6.573133
-0.370253 -0.180741 2.558881
-0.447680 -0.108568 -4.859621
-0.491015 -0.493413 9.455845
-0.495582 -0.219376 6.248711
-0.436333 -0.263413 4.260406
-0.485914 -0.091451 -4.824167
-0.318417 -0.135413 2.381222
-0.467499 -0.463636 -3.699875
-0.425397 -0.404407 -4.017792
-0.377373 -0.176755 2.408156
-0.312015 -0.116747 2.261725
-0.353118 -0.177367 2.265241
-0.236786 0.305795 5.937159
-0.479322 -0.498511 -0.029684
-0.483455 -0.149790 5.265635
-0.433525 -0.263024 -5.564752
0.489893 -0.023673 -5.079411
-0.498182 -0.425675 7.215292
-0.363760 -0.245059 2.952811
-0.486379 -0.462158 6.723564
-0.313149 -0.137649 1.880862
-0.474309 -0.498214 -3.223033
0.493354 -0.039179 -5.497260
-0.447038 0.120956 -4.330073
