-0.494916 -0.427498 -3.094420
-0.456453 0.099425 -2.309861
-0.488564 -0.483412 9.530986
-0.484612 0.116442 5.689922
-0.487724 -0.465712 -2.763366
-0.467587 0.102021 -2.496142
-0.483514 -0.488644 10.327726
-0.489493 -0.416826 -2.773390
-0.463603 -0.215856 1.731320
0.201141 0.034867 -0.168510
-0.481428 0.117302 5.566285
-0.472406 -0.485380 10.089118
-0.493152 -0.326843 5.345493
-0.471702 -0.421088 -6.144264
-0.485866 -0.480482 0.353098
-0.475024 -0.414652 5.542567
-0.476185 -0.418819 -6.208207
-0.487375 -0.482287 9.051124
-0.446894 0.109950 -2.530345
-0.452914 0.121448 -2.663202
-0.470399 -0.410086 5.943064
-0.469452 0.492389 -2.088259
-0.466078 -0.408643 5.785691
-0.471100 0.302609 -3.296017
-0.425624 -0.232985 1.705038
-0.462298 -0.427243 -6.027151
-0.445878 0.104070 -2.832657
-0.450118 -0.470543 -3.048413
-0.448048 -0.274612 1.816088
-0.471467 -0.229327 2.002251
-0.473322 -0.426008 5.102382
-0.475715 -0.234371 1.904764
-0.393185 -0.499164 -4.986244
-0.391999 -0.494651 9.598903
-0.469525 -0.415167 5.739982
-0.444460 -0.420852 6.163498
-0.470137 0.392713 -2.719264
-0.458445 -0.408768 5.831420
-0.467519 -0.402124 5.603889
-0.463913 -0.270625 2.316207
-0.469719 0.405581 -4.739384
-0.488376 -0.422698 9.321498
-0.445618 -0.438510 5.154223
-0.485765 -0.416308 -2.683404
-0.475389 -0.498404 11.299162
-0.455870 -0.432958 6.229351
-0.490937 -0.484286 10.090602
-0.456973 -0.409540 5.664758
-0.466340 -0.351755 -3.638385
-0.458781 -0.225253 1.736202
-0.446112 0.114892 -2.537006
-0.470574 -0.416734 5.913945
-0.469836 -0.481129 9.564118
-0.447904 -0.234254 1.452848
-0.485115 -0.416966 5.200060
-0.454183 -0.423969 5.360466
-0.492781 -0.497048 11.590660
-0.393720 0.470848 -4.034654
-0.489595 -0.481352 9.232436
-0.466819 -0.435174 5.247215
-0.464085 0.119627 -2.335877
-0.472828 0.096411 5.607279
-0.444049 -0.439059 -4.560868
-0.483728 -0.435455 8.867742
-0.472442 0.398866 7.186690
-0.490886 -0.454073 -4.864095
-0.453001 -0.431042 5.682191
-0.452773 -0.271134 1.901984
-0.444161 0.077843 -2.715205
-0.468438 -0.489250 10.240500
-0.480368 -0.398911 5.642762
-0.494142 -0.488205 10.414978
-0.460311 0.093840 -2.574170
-0.437864 -0.370904 -2.875248
-0.493347 -0.481411 10.273406
-0.474432 -0.415744 5.960541
-0.488408 -0.490329 10.208604
-0.454256 -0.414355 5.689141
-0.489123 -0.476786 0.486974
-0.449834 -0.420595 -6.246658
-0.488579 0.432365 -3.195811
-0.491106 -0.479920 9.496210
-0.466785 0.113221 -2.643558
-0.480522 -0.199056 2.207467
-0.484572 -0.426028 -6.119074
-0.452325 -0.404909 5.802009
-0.482083 -0.427087 -3.069379
-0.486635 -0.425442 9.250172
-0.475018 -0.411268 5.583815
-0.447747 -0.424296 -5.988116
-0.490151 -0.426280 9.085726
-0.476546 0.115706 5.319168
-0.470282 -0.492903 10.398821
-0.462491 -0.327077 -6.076416
-0.495154 0.317826 6.542112
-0.499446 -0.484939 -0.414837
-0.461031 0.115143 -2.363414
-0.494535 -0.489053 -1.020217
-0.491634 -0.427645 -5.726500
-0.432893 -0.213960 1.988474
-0.471917 -0.412955 5.726607
-0.433092 -0.252861 1.885705
-0.463924 -0.410321 5.983010
-0.452072 -0.424740 5.234468
-0.466650 -0.425734 5.903036
-0.482548 0.274975 -3.165681
-0.480589 -0.424494 -6.008577
-0.484373 -0.483865 10.077913
-0.469911 -0.255386 2.125333
-0.367919 -0.432195 -4.791462
-0.490297 -0.429349 9.235439
-0.473489 -0.431392 5.241364
-0.459236 0.077968 -2.415309
-0.454855 -0.470937 -2.867787
-0.438752 -0.225209 1.870042
-0.466709 -0.411852 5.569693
-0.490716 -0.292243 0.388266
-0.448103 0.124715 -2.387930
-0.456006 -0.350023 -3.927098
-0.476402 -0.493131 11.222407
-0.483927 0.110876 5.582191
-0.476027 -0.477820 9.527928
-0.475702 -0.429130 -5.819874
-0.465575 -0.397546 5.708382
-0.447454 0.094231 -2.580342
-0.398119 -0.454045 -5.233132
-0.472918 -0.422759 5.044005
-0.478602 -0.490487 10.673685
-0.468259 -0.410571 5.461590
-0.465172 -0.406518 5.551501
-0.453899 0.094809 -2.640939
-0.444976 0.107010 -2.404639
-0.477280 -0.460245 6.036359
-0.491661 -0.434829 -5.935024
-0.479110 -0.463741 -6.183903
-0.455240 -0.418096 5.249648
-0.484776 -0.429373 5.470453
-0.473962 -0.402385 5.531095
-0.483419 -0.481342 0.571736
-0.496023 0.094515 -2.548503
-0.472018 -0.476479 9.843934
-0.458951 -0.438504 5.005879
-0.465561 -0.426013 -6.054368
-0.494663 -0.482482 9.534616
-0.460690 -0.382268 5.218216
-0.471049 -0.222533 2.046152
-0.474210 -0.487853 10.134461
-0.476818 -0.469868 -3.165029
-0.439571 -0.421540 5.808785
-0.488752 -0.285125 2.598259
-0.432128 -0.218682 1.607743
-0.494270 -0.432652 5.535671
-0.465589 -0.438294 5.477771
-0.465755 0.111802 -2.442445
-0.438219 -0.442711 -4.677149
-0.470898 -0.436996 5.302874
-0.499564 -0.416460 5.192418
0.035032 -0.283381 -4.431271
-0.458631 -0.406433 5.536476
-0.467313 -0.410440 5.397567
-0.490315 0.429665 -3.934795
0.240738 0.051595 -6.276989
-0.470378 -0.406374 5.749068
-0.490530 -0.424023 -5.972442
-0.440255 -0.427366 -6.042463
-0.448797 0.131021 -2.371296
-0.483394 -0.468535 -2.646509
-0.463195 0.124995 -2.150225
-0.483512 -0.474605 8.673674
-0.494926 -0.477232 9.893007
-0.477177 -0.478907 8.618325
-0.458495 -0.482612 9.774015
-0.465779 -0.430651 -5.650734
-0.483946 0.283765 6.546892
-0.486218 -0.427763 5.593756
-0.488329 -0.471376 8.652532
-0.460043 0.085514 -2.390632
-0.462379 -0.419259 6.197811
-0.482334 -0.419238 9.213827
-0.472642 -0.481833 9.429210
-0.444085 -0.420401 5.604913
-0.484796 -0.418998 -3.120958
-0.481851 -0.441666 5.404913
-0.487767 -0.423225 9.036974
-0.464466 0.123846 -2.609080
-0.487397 -0.487619 10.296326
-0.443991 -0.407924 5.470339
-0.398253 0.428738 -1.462847
-0.446672 -0.425818 5.458661
-0.281291 -0.398180 2.889718
-0.472409 -0.402422 5.494616
-0.497115 -0.408341 -2.281193
-0.458967 -0.478493 9.453666
-0.467878 0.112866 -2.335576
-0.494079 -0.489324 10.738577
-0.466015 -0.398337 5.703824
-0.469033 -0.398629 5.666740
-0.458475 -0.418389 5.645403
-0.450869 -0.440298 5.770576
-0.459780 -0.410978 5.517702
-0.479366 -0.397047 5.578939
-0.460475 -0.412645 5.541322
-0.486477 -0.482379 10.036763
-0.457130 -0.425878 -5.930345
-0.474437 -0.483113 10.165035
-0.454811 -0.416603 6.253236
-0.457970 -0.446084 5.586738
-0.474968 0.121159 5.680302
-0.467581 0.101861 -2.416573
0.279185 0.170774 -5.602458
-0.493593 -0.270063 2.608590
-0.489403 -0.289737 2.561743
-0.451739 0.101027 -2.648165
-0.495739 0.119972 -2.475990
-0.474448 -0.222890 1.832938
-0.446049 0.101979 -2.300877
-0.430018 -0.301692 2.101967
-0.472356 -0.489422 10.379123
-0.492712 -0.415472 9.272420
-0.436281 -0.439061 5.406745
-0.478992 -0.421253 -2.278651
-0.451389 -0.465390 -3.587761
-0.468286 -0.412043 5.674006
-0.453929 -0.475135 9.376765
-0.479597 -0.411329 5.494306
-0.497429 -0.205588 2.244972
-0.464655 -0.425199 -6.080109
-0.497235 -0.498268 11.612465
-0.470048 -0.498449 11.227256
-0.437112 -0.437008 -6.186378
-0.488175 -0.438803 -5.791895
-0.461854 0.088119 -2.309971
-0.437401 -0.415277 5.584206
-0.479550 -0.295213 4.418380
-0.489905 -0.300949 -0.640240
-0.453202 0.101291 -2.492235
-0.476913 -0.406606 5.616477
-0.252130 -0.283638 2.814580
-0.452953 0.105449 -2.601240
-0.460193 0.132770 -2.822226
-0.469047 -0.272565 2.649825
-0.259834 0.358253 3.010147
-0.486443 -0.478474 0.258246
-0.487235 -0.419197 5.226451
-0.461271 0.126852 -2.515951
-0.480696 -0.472654 -2.838817
-0.459062 -0.473658 9.610704
-0.469537 0.116894 -2.655625
-0.465295 -0.447252 5.859878
-0.446020 -0.213383 2.014014
-0.456497 -0.441589 5.320201
-0.477399 -0.406573 5.416972
-0.492198 -0.419734 9.197779
-0.492051 -0.242081 2.531269
-0.452238 -0.482733 9.773220
-0.437964 -0.429201 -5.920519
-0.498915 -0.485617 10.018413
-0.470622 -0.403087 5.604488
-0.443899 -0.247455 1.557730
-0.442904 -0.432982 5.642209
-0.497509 -0.477264 -0.023822
-0.447647 -0.429962 -6.012150
-0.492814 -0.481799 9.623432
-0.453693 0.116686 -2.868492
-0.462097 -0.264529 2.152517
-0.490384 -0.311215 -1.360684
-0.442524 0.105947 -2.580355
-0.462297 -0.470547 -3.007185
-0.480602 -0.412936 -2.375551
-0.494862 0.102841 -2.442058
-0.493097 -0.213875 2.128374
-0.482971 -0.430406 -5.731661
-0.467229 -0.245833 2.114991
-0.383724 -0.463915 -4.445821
-0.470706 -0.409141 5.451986
-0.473223 -0.474282 9.425076
-0.486483 -0.486054 9.991515
-0.457409 -0.405286 5.710161
-0.185824 0.081780 -1.101314
-0.466660 -0.425729 -6.005601
-0.467021 -0.419556 5.974832
-0.435300 0.488836 8.877961
-0.451522 -0.484936 9.638421
-0.491047 -0.486755 10.381592
-0.462236 -0.495357 -4.843787
-0.469717 -0.468306 5.736867
-0.482909 -0.409468 -2.079478
-0.494265 0.286199 6.330424
-0.481508 0.116752 5.716383
-0.457245 -0.449968 5.424535
-0.488401 -0.485495 10.754178
-0.223953 -0.337155 3.066073
-0.444910 -0.422736 5.501119
-0.478629 -0.242004 2.075049
-0.474978 -0.414204 5.551515
-0.470296 -0.425676 -6.144889
-0.487208 -0.412422 -2.567609
-0.471675 -0.400753 5.535390
-0.275721 -0.257878 2.737655
-0.483253 -0.420611 9.230105
-0.469765 -0.403135 5.836767
-0.499345 -0.473414 9.148629
-0.496417 -0.435049 -2.548738
-0.448558 0.449925 -0.943430
-0.471090 -0.425345 -6.199099
-0.444729 0.095873 -2.446161
-0.493769 -0.479940 9.755313
-0.469219 -0.436862 5.722511
-0.470676 -0.408834 5.583165
-0.457755 -0.435770 5.449182
-0.451041 0.108829 -2.500756
-0.489083 -0.414954 -2.504551
-0.476746 0.118971 5.810057
-0.310827 -0.366132 2.860796
-0.475291 -0.216593 1.903782
-0.425096 -0.443568 -3.836889
-0.450713 -0.422292 5.378246
-0.446691 -0.435595 -5.732473
-0.456436 -0.397874 5.712901
-0.486342 0.119104 5.703099
-0.493664 -0.419584 5.069211
-0.468221 0.104094 -2.425040
-0.466455 -0.417480 -6.224238
-0.465258 -0.461420 -5.988468
-0.481034 -0.414299 6.101167
-0.492725 -0.483212 -0.037386
-0.473390 0.400629 -4.255202
-0.495319 -0.376683 5.455648
-0.444150 -0.413302 5.695136
-0.494194 -0.432777 5.270742
-0.470286 -0.402526 5.361161
-0.473074 -0.415989 5.742263
-0.453458 -0.272848 1.670190
-0.444097 -0.448879 5.445690
-0.488052 0.271947 6.356113
-0.474350 -0.405889 5.371246
-0.441623 -0.483948 -6.032280
-0.453139 0.089714 -2.649351
-0.484809 -0.434561 9.227663
-0.497880 -0.494110 11.115797
-0.294582 -0.284023 2.272669
-0.420981 -0.473518 -3.917732
-0.472225 0.098251 5.798436
-0.495506 -0.426085 9.126974
-0.475282 -0.382491 5.683647
-0.465916 -0.484823 10.247191
-0.486611 0.474187 0.591972
-0.438696 0.488583 -2.398449
-0.491628 -0.226460 1.872159
-0.482189 -0.412474 4.758407
-0.489035 -0.486449 -0.603879
-0.447218 -0.411044 5.557114
-0.482191 -0.242365 2.503495
-0.476518 -0.476593 -2.511462
-0.490106 -0.477062 0.590119
-0.464979 -0.419491 -5.949301
-0.479709 -0.484049 9.874495
-0.463414 -0.379141 5.391989
-0.456333 -0.411855 5.266267
-0.489250 -0.481117 9.769168
-0.455763 -0.416991 5.636040
-0.477067 -0.236503 2.032302
-0.494030 -0.427032 8.881131
-0.497796 -0.458166 -5.081883
-0.482025 -0.211739 1.851553
-0.471364 -0.401716 5.682141
-0.497213 -0.243242 2.307056
-0.490625 -0.411798 -2.389052
-0.441214 -0.437167 -3.662758
-0.492979 -0.478789 0.464478
-0.439040 -0.427591 -6.132811
-0.451038 0.456598 -1.169046
-0.451391 -0.389305 5.497617
-0.451248 -0.384101 5.177599
-0.368776 -0.461029 -4.257957
-0.445865 -0.428317 -6.076845
-0.497880 -0.473124 0.431475
-0.472263 -0.394899 5.551738
-0.445700 0.105643 -2.513815
-0.484102 -0.428337 9.313260
-0.451891 -0.404540 5.651536
-0.498883 -0.421092 -2.547902
-0.486823 -0.218521 1.932554
-0.466223 -0.435335 -6.067934
-0.490177 0.108893 -2.583274
-0.438818 -0.434311 -6.129090
0.190058 0.011921 -0.286539
-0.467983 -0.403871 5.404242
-0.478495 -0.427187 -5.748103
-0.456426 -0.249073 1.668177
-0.451071 -0.414973 5.650330
-0.450192 0.100740 -2.337319
-0.456250 -0.271074 1.885371
-0.464938 -0.412261 -5.434223
-0.498046 0.414247 -4.233903
-0.168934 -0.079269 0.288357
-0.493293 0.418225 -4.785055
-0.488935 0.418179 -3.756998
-0.444088 -0.420445 5.766691
-0.371053 -0.423964 -4.117224
