-0.495359 -0.496754 -2.206479
-0.476229 -0.488547 1.264468
-0.498389 -0.497618 8.516234
-0.485060 -0.486921 -2.315189
-0.466679 -0.498949 1.531500
-0.495901 -0.490939 4.989236
-0.472513 -0.451213 -2.303535
-0.499724 -0.406741 4.972064
-0.498451 -0.472875 -2.197567
-0.499975 -0.499623 8.313854
-0.477445 -0.456637 4.943307
-0.478501 -0.490926 5.072217
-0.451979 -0.456976 3.988378
-0.462318 -0.385919 3.692639
-0.499911 -0.496056 -2.121883
-0.476129 -0.498766 -2.190701
-0.494905 -0.464610 -1.743633
-0.491450 -0.487407 -2.244429
-0.487312 -0.490633 1.124495
-0.488439 -0.430388 -2.198582
-0.490938 -0.491058 5.081827
-0.335682 0.008612 -2.141170
-0.498143 -0.480902 -1.761024
-0.475019 -0.385605 4.880748
-0.453322 -0.453283 4.055846
-0.470782 -0.441150 5.050631
-0.324955 -0.176896 4.352178
-0.492452 -0.488021 4.918696
-0.458517 -0.492462 5.159091
-0.494258 -0.481715 -2.301283
-0.490252 -0.497982 5.299329
-0.482838 -0.448402 4.602083
-0.456883 -0.450859 4.246032
-0.487807 -0.486913 5.123736
-0.468814 -0.496776 5.104385
-0.480342 -0.493718 1.101053
-0.473270 -0.496353 8.759928
-0.482025 -0.498319 -2.028298
-0.448083 -0.380334 3.958708
-0.481657 -0.475767 -2.346015
-0.498689 -0.468013 4.990493
-0.363247 -0.001543 -1.658270
-0.466999 -0.356758 3.768117
-0.471932 -0.490729 -2.127678
-0.440770 -0.403648 3.973561
-0.489822 -0.444756 -1.707976
-0.462713 -0.441820 4.103349
-0.462701 -0.481913 5.178373
-0.498860 -0.477259 -1.898138
-0.471165 -0.472386 4.498708
-0.467847 -0.475007 4.529605
-0.489774 -0.499545 8.386557
-0.485421 -0.495716 5.165280
-0.479468 -0.489009 -2.295476
-0.452149 -0.462825 5.146917
-0.485773 -0.441977 -2.268550
-0.469077 -0.398165 4.111690
-0.462932 -0.364222 3.692745
-0.485181 -0.443749 -2.000860
-0.459848 -0.472784 5.141124
-0.495507 -0.495235 5.090920
-0.480955 -0.498503 1.358982
-0.483180 -0.472528 5.001751
-0.481595 -0.491295 1.437346
-0.467869 -0.496243 0.780356
-0.468247 -0.489083 5.405804
-0.475939 -0.488924 1.074726
-0.468567 -0.471200 4.292981
-0.491265 -0.468693 -2.036578
-0.488411 0.452551 5.190219
-0.473818 -0.459383 -2.104569
-0.480698 -0.472029 -1.924074
-0.470577 -0.433768 4.377632
-0.478091 -0.494102 -2.171916
-0.490339 -0.433489 -1.890312
-0.499186 -0.475776 -1.843147
-0.474147 -0.435096 5.035210
-0.487741 -0.499252 0.818231
-0.452100 -0.477177 5.305658
-0.499059 -0.440848 4.840651
-0.481001 -0.404717 4.978220
-0.481527 -0.496771 1.113294
-0.477754 -0.433174 4.492090
-0.460610 -0.485917 5.106163
-0.487811 -0.464254 -2.032506
-0.473673 -0.455107 4.571651
-0.472685 -0.492267 1.199400
-0.486614 -0.428722 4.484008
-0.452957 -0.452507 3.928726
-0.468210 -0.488117 1.955879
-0.484381 -0.476802 -1.820721
-0.499247 -0.490685 5.181635
-0.480252 -0.443602 4.761779
-0.496009 -0.477169 -2.030822
-0.493813 -0.491271 8.645924
-0.494626 -0.481711 5.112138
-0.498129 -0.486823 5.042312
-0.456142 -0.384565 4.170095
-0.462665 -0.416237 4.004943
-0.497269 -0.484890 8.594188
-0.470205 -0.485536 5.446598
-0.496734 -0.467286 -1.876737
-0.478626 -0.495867 5.037789
-0.451525 -0.465875 5.276114
-0.484462 -0.479014 5.066903
-0.482951 -0.496331 1.082827
-0.477818 -0.473271 -2.036439
-0.498096 -0.479777 -1.796794
-0.480491 -0.495971 8.438691
-0.498007 -0.464576 -1.905170
-0.499156 -0.479516 5.170716
-0.480018 -0.493672 1.289500
-0.496369 -0.487909 -1.948265
-0.465568 -0.480513 5.166465
-0.449422 -0.373980 3.942449
-0.472090 -0.440716 4.460443
-0.482765 -0.493478 0.630622
-0.462061 -0.491189 5.234617
-0.489895 -0.479265 -1.935933
-0.455288 -0.370088 3.993519
-0.435118 -0.365596 3.864821
-0.498808 -0.499168 1.120888
-0.456123 -0.477147 4.277432
-0.491196 -0.497032 -2.128205
-0.467178 -0.490923 5.336703
-0.498419 -0.478977 5.011243
-0.496838 -0.478827 5.083117
-0.495469 -0.493094 5.215219
-0.456250 -0.364981 3.456064
-0.462491 -0.379134 3.818978
-0.443980 -0.332036 3.605113
-0.475741 -0.460305 4.482759
-0.486827 -0.409269 4.791243
-0.465974 -0.481782 1.130644
-0.449532 -0.413744 4.028541
-0.277881 -0.007491 -1.976179
-0.495000 -0.492555 -1.965272
-0.485496 -0.476929 -2.045272
-0.492116 -0.475308 -2.277358
-0.456142 -0.485639 4.374806
-0.480507 -0.499148 1.262235
-0.465953 -0.461745 4.179244
-0.488143 -0.498113 4.864878
-0.442911 -0.424575 4.167425
-0.472736 -0.497181 0.972560
-0.466995 -0.485472 1.737159
-0.471383 -0.494125 1.667110
-0.493697 -0.416907 4.842432
-0.482678 -0.479178 -2.302852
-0.478569 -0.478982 5.233018
-0.476197 -0.496493 8.706981
-0.480361 -0.364209 4.252243
-0.488307 -0.403383 4.557326
-0.496548 -0.466871 -2.033193
-0.440069 -0.451974 3.914768
-0.474823 -0.457182 4.232238
-0.469705 -0.493467 1.233138
-0.497737 -0.388701 -1.532445
-0.480667 -0.495630 -2.194543
-0.495342 -0.442849 5.029115
-0.489578 -0.477397 5.224821
-0.495981 -0.383080 4.569097
-0.465344 -0.364127 3.661916
-0.487527 -0.496837 5.107812
-0.473091 -0.481397 -2.350409
-0.478389 -0.499267 8.360835
-0.483538 -0.496270 -2.149067
-0.499077 -0.484760 1.369931
-0.482711 -0.496570 8.644598
-0.476506 -0.484253 -2.078523
-0.496949 -0.468234 -2.084348
-0.488483 -0.499722 1.331087
-0.474894 -0.450456 4.444719
-0.496851 -0.483166 5.067879
-0.470638 -0.434514 5.336584
-0.473523 -0.437142 5.377501
-0.492897 -0.472488 -2.053866
-0.476495 -0.499312 -2.220572
-0.473942 -0.437158 -2.087996
-0.492623 -0.495188 -2.145184
-0.490107 -0.442665 -1.948091
-0.490614 -0.437219 4.922864
-0.479967 -0.472632 -2.197627
-0.445444 -0.466277 3.789706
-0.490412 -0.431108 4.983771
-0.487707 -0.487206 -2.079159
-0.495612 -0.459938 -1.824034
-0.476152 -0.484285 1.236516
-0.475509 -0.488550 1.433196
-0.482586 -0.480038 5.027748
-0.477160 -0.495254 1.126396
-0.475325 -0.466580 -2.146165
-0.484801 0.314495 -0.137581
-0.452115 -0.479468 4.032144
-0.486892 -0.496794 0.996914
-0.311132 -0.021258 -1.748855
-0.449796 -0.426219 4.900596
-0.478150 -0.494099 -2.360321
-0.465145 -0.460578 5.310956
-0.487458 -0.419737 5.339458
-0.482053 -0.443325 -1.977154
-0.462684 -0.474564 5.263157
-0.486771 -0.484042 5.346001
-0.488108 -0.496262 -2.301893
-0.469615 -0.444924 4.715747
-0.493726 -0.480328 4.987407
-0.465296 -0.488536 5.297090
-0.495634 -0.475676 -2.259917
-0.451797 -0.321280 4.182969
-0.473409 -0.484756 5.163857
-0.485434 -0.442608 -1.961516
-0.498512 -0.454890 4.730421
-0.441916 -0.356925 3.739235
-0.483371 -0.479412 -2.192353
-0.482747 -0.478196 -2.102177
-0.420766 -0.386562 3.866649
-0.483565 -0.499675 5.452840
-0.476355 -0.457137 4.870933
-0.489051 -0.426354 -2.169680
-0.479108 -0.393060 4.343759
-0.499182 -0.468989 -2.188346
-0.472922 -0.487187 5.268420
-0.462940 -0.498439 5.351450
-0.469358 -0.463534 5.327414
-0.499518 -0.445960 4.861180
-0.471706 -0.470356 5.411339
-0.494445 -0.480755 -2.220396
-0.475797 -0.492413 4.902003
-0.459545 0.465594 4.421875
-0.493936 -0.467942 -1.982717
-0.481128 -0.496482 1.261804
-0.471916 -0.466049 5.249592
-0.481876 -0.476057 -1.998845
-0.493704 -0.479771 5.034400
-0.447177 -0.463397 3.943643
-0.470802 -0.490666 1.403333
-0.495973 -0.488253 -1.628153
-0.482881 -0.403153 4.577914
-0.489214 -0.499307 -1.944884
-0.476986 -0.489959 -2.195744
-0.448302 -0.412016 4.066108
-0.460525 -0.390107 3.927377
-0.481094 -0.431623 -1.762216
-0.498796 -0.499089 8.618089
-0.494956 -0.469290 -2.125027
-0.493050 -0.489641 -2.306325
-0.466893 -0.490068 5.340673
-0.496801 -0.480791 5.211415
-0.456590 -0.444515 4.207425
-0.486660 -0.492496 -2.102229
-0.496688 -0.497309 -2.101304
-0.483787 -0.427695 -2.340076
-0.441088 -0.408643 3.896854
-0.494392 -0.476063 5.108344
-0.450027 -0.455170 3.588546
-0.498340 -0.495961 1.033443
-0.494119 -0.479265 5.017882
-0.445862 -0.440705 4.263182
-0.491963 -0.472089 4.922517
-0.499164 -0.441638 -1.730344
-0.499180 -0.479768 -2.196336
-0.489045 -0.480374 -2.132241
-0.478417 -0.498907 -2.080941
-0.436581 0.423815 0.716455
-0.482428 -0.441483 -2.085590
-0.465430 -0.484507 5.071584
-0.464681 -0.498267 0.824030
-0.410757 -0.487239 2.668389
-0.490997 -0.453022 4.756410
-0.321526 -0.001834 -1.901129
-0.472330 -0.493753 -2.215609
-0.485139 -0.449356 -1.835046
-0.464972 -0.486781 5.357736
-0.476548 -0.475385 -2.382714
-0.477856 -0.452157 4.718413
-0.483964 -0.496714 5.096983
-0.483351 -0.434020 4.606146
-0.470754 -0.482500 1.182837
-0.437703 -0.464491 3.892032
-0.465544 -0.491656 0.971886
-0.499255 0.284017 -0.233557
-0.457958 -0.355292 3.969585
-0.493004 -0.488736 -2.137903
-0.490048 -0.413623 4.666934
-0.498037 -0.360759 4.439301
-0.498658 -0.482733 5.329119
-0.490415 -0.449290 4.822499
-0.465090 -0.484322 5.182095
-0.464763 -0.471026 4.346865
-0.471988 -0.482236 1.146338
-0.453064 -0.381064 4.178224
-0.494549 -0.435874 -1.627104
-0.486344 -0.374504 4.377074
-0.497450 -0.406824 5.116135
-0.143312 -0.413915 -4.204089
-0.437911 -0.332181 3.624803
-0.481798 -0.447671 -2.104321
-0.483867 -0.490699 1.226812
-0.467976 -0.493741 0.711161
-0.489008 -0.489837 -2.114460
-0.482191 -0.433102 -2.136956
-0.489471 -0.442336 -1.909946
-0.485779 -0.478875 -1.780999
-0.458405 -0.429824 5.204396
-0.470721 -0.497361 0.877546
-0.475090 -0.493617 8.297178
-0.472258 -0.487134 -2.276501
-0.494122 -0.482683 1.012451
-0.483874 -0.435158 -1.951098
0.130407 -0.351955 -4.912010
-0.490210 -0.410297 -2.120874
-0.485405 -0.461571 -2.125093
-0.467922 0.456400 -6.078100
-0.465982 -0.481321 5.125251
-0.473279 -0.340211 3.619998
-0.445436 -0.477404 3.726496
-0.483279 -0.498426 5.354422
-0.472468 -0.351769 3.649080
-0.463319 -0.498497 4.748013
-0.484016 -0.498030 -2.302237
-0.495205 -0.433755 -2.063614
-0.493860 -0.427395 -2.126543
-0.484576 -0.495219 -2.195563
-0.492625 -0.436177 5.073992
-0.484465 -0.453586 -1.873324
-0.485162 -0.495895 8.721994
-0.487595 -0.489363 -2.042460
-0.497966 -0.483653 -1.702163
-0.480224 0.445804 5.362943
-0.492349 -0.478769 -2.099191
-0.485697 -0.473184 4.989697
-0.451985 -0.453086 3.782822
-0.491496 -0.458160 -1.616573
-0.482308 -0.496350 5.143892
-0.492713 -0.481856 5.084793
-0.488348 -0.463247 -2.040777
-0.469691 -0.484424 1.168930
-0.487232 -0.487194 5.231758
-0.497706 -0.474959 -1.911946
-0.471988 -0.370137 4.933282
-0.445608 -0.464864 3.924233
-0.481202 -0.498709 5.275676
-0.497114 -0.469440 -1.962203
-0.494835 -0.447380 4.688930
-0.476965 -0.488968 -1.991100
-0.473303 -0.478487 -2.379218
-0.451757 -0.449225 4.001044
-0.474706 -0.417533 4.224860
-0.482042 -0.489777 5.094058
0.353117 -0.327023 0.636463
-0.483295 -0.414304 4.699351
-0.477064 -0.461090 4.311139
-0.454405 -0.403555 3.710904
-0.458307 -0.453457 4.828112
-0.495321 -0.488298 -1.716468
-0.472958 -0.490570 1.483360
-0.486083 -0.494798 -2.171730
-0.474794 -0.480454 1.285201
-0.441733 -0.443005 3.844008
-0.271323 -0.158802 4.237598
-0.430034 -0.328659 3.511885
-0.499791 -0.459344 -1.609647
-0.492726 -0.475498 -2.285706
-0.468502 -0.490373 0.619165
-0.464166 -0.467847 5.023633
-0.451958 -0.471982 3.971717
-0.482462 -0.499783 0.976173
-0.472292 -0.492680 5.199002
-0.485051 -0.482288 -2.232023
-0.470330 -0.399460 3.841007
-0.475902 -0.435415 -2.052925
-0.488961 -0.449078 4.858411
-0.481216 -0.484786 -2.074503
-0.464957 -0.370010 3.787009
-0.493429 -0.377777 4.532415
-0.491614 -0.488922 5.161261
-0.483331 -0.492309 1.349469
-0.482335 -0.354018 4.104096
-0.485506 -0.473116 -1.973012
-0.343374 -0.033239 -2.076496
-0.491210 -0.428348 -2.131473
-0.471832 -0.492141 1.069202
-0.484836 -0.499441 8.692629
-0.490347 -0.488410 -2.051815
-0.463403 -0.488868 5.298421
-0.467537 -0.491149 5.181886
-0.461142 -0.419943 4.202252
-0.452249 -0.485104 4.377265
-0.487917 -0.463258 5.191462
-0.487455 -0.475247 -2.129908
-0.491719 -0.395075 4.801469
-0.477676 -0.487875 -2.314280
0.327828 0.329583 -0.698299
-0.494014 -0.484831 -2.232823
-0.475975 -0.496757 5.279274
-0.492970 -0.483900 -2.099253
-0.492961 -0.483481 -2.376469
-0.479077 -0.488867 5.007699
0.337180 -0.301347 0.425263
0.228428 0.284273 -2.797153
