-0.428151 -0.421904 2.426759
-0.406772 -0.447174 2.893254
-0.441035 -0.155577 -2.729215
-0.427908 -0.153074 -3.214877
-0.496752 -0.383009 4.060339
-0.379653 -0.459177 -6.049695
-0.490514 -0.396894 -1.148870
-0.498182 -0.391574 -1.648740
-0.450844 -0.424758 3.323339
-0.387484 -0.224996 -3.736726
-0.458204 -0.113358 -2.948804
-0.486451 -0.408493 4.048538
-0.490626 -0.401776 -0.262362
-0.456696 -0.393528 3.484031
-0.483660 -0.374263 4.198175
-0.463814 -0.135638 -3.490987
-0.453288 -0.429398 2.807862
-0.420430 -0.052865 -3.289679
-0.412351 -0.181574 -3.623191
-0.486004 -0.414412 3.268191
-0.409479 -0.186189 -2.376001
-0.486838 -0.424560 3.218695
-0.456478 -0.454062 2.764590
-0.462438 -0.206379 -3.829793
-0.486477 -0.412438 3.897569
-0.419044 -0.062343 -2.700574
-0.467866 -0.396287 2.990676
-0.349985 0.063379 -3.747199
-0.458872 -0.408285 2.538575
-0.478200 -0.371792 4.631226
-0.392802 -0.166245 -3.752145
-0.447356 -0.166448 -4.170464
-0.456518 -0.414469 2.637790
-0.452611 -0.418125 3.866121
-0.489714 -0.428949 2.678374
-0.477569 0.370191 -3.446807
-0.425786 -0.058702 -2.382790
-0.432949 -0.019208 -4.223391
-0.481862 -0.383237 3.879802
-0.467778 -0.398632 4.609186
-0.463456 -0.460562 2.161867
-0.494546 -0.425361 3.191253
-0.443769 -0.130510 -2.887405
-0.421326 -0.433700 2.574380
-0.486934 -0.429556 4.091302
-0.407093 -0.415343 2.782648
-0.364900 -0.419847 3.558101
-0.495688 -0.379894 4.430383
-0.419996 -0.432679 1.946929
-0.443944 -0.194525 -2.815091
-0.445120 -0.407968 3.777597
-0.409848 -0.222869 -4.716571
-0.468114 -0.407919 2.689847
-0.451783 0.068998 -5.231481
-0.393679 -0.146871 -2.896800
-0.484294 -0.464694 3.542888
-0.483909 -0.447310 3.326427
-0.457267 -0.137666 -3.198673
-0.429705 -0.186903 -3.552895
-0.459352 -0.466028 2.523452
-0.389638 -0.435089 4.818691
-0.451614 -0.160580 -4.163382
-0.432976 -0.386513 1.165845
-0.439490 -0.051558 -2.218532
-0.298405 -0.409850 2.995451
-0.462422 -0.316371 5.310417
-0.445330 -0.162596 -3.476724
-0.409948 0.082833 -5.475498
-0.428027 -0.145900 -1.963104
-0.419135 -0.180749 -3.214619
0.187871 0.260992 3.857794
-0.448628 -0.423050 3.593719
-0.437115 -0.237201 6.015213
-0.471452 -0.104511 7.039672
-0.413915 -0.118434 -3.056361
-0.448234 -0.122953 -3.413170
-0.456311 -0.402622 2.822895
-0.417884 -0.146269 -2.553795
-0.459735 -0.397684 2.636275
-0.408168 -0.130723 -2.500815
-0.488169 -0.411169 3.442196
-0.477506 -0.388370 3.053542
-0.409706 -0.174897 -1.913325
-0.469715 -0.428233 1.746075
-0.462353 -0.393861 3.380643
-0.408412 -0.123338 -1.794124
-0.467203 -0.414605 2.990130
-0.457289 -0.426710 2.228552
-0.450331 -0.433604 2.158652
-0.377481 0.330823 -3.141730
-0.420010 -0.214453 -3.623239
-0.446752 -0.110238 -3.417917
-0.485286 -0.392038 4.063055
-0.453301 0.478880 1.174440
-0.478427 -0.414617 -0.487238
-0.035081 0.027341 -1.663939
-0.426597 -0.391324 1.968119
-0.428092 -0.446903 2.564522
-0.497210 -0.127676 -4.215610
-0.362715 -0.479392 -0.018749
-0.403804 -0.425177 3.341817
-0.443599 -0.089745 -1.567129
-0.449241 -0.404459 3.580915
-0.461709 -0.275011 -4.635885
-0.465064 -0.438885 2.949532
-0.432515 -0.151678 -2.469220
-0.452652 -0.046596 -3.163477
-0.488102 -0.413260 3.576949
-0.397871 -0.187116 -2.909067
0.484119 0.051396 -5.312956
-0.443990 -0.426080 1.893570
-0.469380 -0.407442 3.610477
-0.416869 -0.175020 -3.268061
-0.458764 -0.409304 3.774881
-0.444730 -0.413076 2.943248
-0.465612 -0.422224 3.461142
0.463655 -0.076025 -2.902186
-0.402499 -0.146317 -2.255511
-0.437291 -0.393750 3.145178
-0.383333 -0.383829 2.107311
-0.489020 -0.417921 3.276705
-0.468899 -0.426595 2.518450
-0.380759 -0.447142 2.854487
-0.440101 -0.432491 2.428164
-0.466415 -0.418205 3.627355
-0.475687 -0.149390 -4.696048
0.498232 0.056013 7.995758
-0.448543 -0.411053 3.181037
-0.429677 -0.073971 -3.008772
-0.492732 -0.410670 -0.656191
-0.487389 -0.086437 -3.608151
-0.426951 -0.113980 -3.647995
-0.488294 -0.385486 2.970181
-0.471824 -0.360549 4.674001
-0.478865 -0.379035 4.422468
-0.413048 -0.479202 0.991255
-0.481823 -0.100227 6.438273
-0.465405 -0.382988 3.703421
-0.497224 0.033981 8.367975
-0.498219 -0.107743 -3.897945
-0.464245 -0.393311 3.052836
-0.470718 -0.090779 7.419344
-0.437676 -0.437516 2.432479
-0.445375 -0.417429 2.427348
-0.436994 -0.185223 -3.142579
-0.443080 -0.100013 -2.814618
-0.396736 -0.033765 -2.549725
-0.426422 -0.140415 -3.019463
-0.454100 -0.136219 -2.317960
-0.409180 -0.423125 2.574753
-0.450268 -0.410643 2.982201
-0.461640 -0.117384 -3.598542
-0.485183 -0.372527 -1.218709
-0.451454 -0.402501 2.815312
-0.478841 -0.377087 5.118971
-0.476434 -0.436050 3.144262
-0.499316 -0.088763 6.436932
0.006598 -0.006563 -1.797111
-0.403788 -0.143861 -2.796870
-0.438547 -0.071695 -2.302161
-0.382442 0.019261 -3.571092
-0.464239 -0.419303 2.245053
-0.469981 -0.139364 -4.249836
-0.470556 -0.475095 3.818286
-0.422503 -0.148820 -2.259851
-0.492124 -0.418623 3.001048
-0.431485 -0.146514 -2.902226
-0.498795 -0.409754 0.729851
-0.485652 -0.400021 -1.336696
-0.451328 -0.152436 -3.876411
-0.493299 -0.141218 -3.958217
-0.439582 -0.169603 -2.833584
-0.427279 -0.172519 -3.163356
-0.433914 -0.388000 1.841420
-0.469750 0.499664 1.030292
-0.499720 -0.095652 5.414859
-0.344320 -0.470128 2.552207
-0.380559 -0.484412 0.738731
-0.427024 -0.398661 2.096717
-0.481033 -0.075825 -3.899631
-0.452997 -0.148257 -2.013988
-0.406536 -0.436655 2.800413
-0.456332 -0.159309 -3.527481
-0.453607 -0.407559 2.613969
-0.455385 -0.177198 -3.965897
-0.483886 -0.129452 6.040856
-0.447057 -0.414946 3.108260
-0.439255 -0.445234 2.217672
-0.427820 -0.162487 -3.082342
-0.498343 -0.126442 -3.473443
-0.488101 -0.107106 5.678694
-0.479937 -0.384286 3.535709
-0.469118 -0.414365 3.026847
-0.399723 -0.154823 -3.162028
-0.409536 -0.110789 -3.182974
-0.450315 -0.167992 -4.020338
0.000262 0.271574 0.449956
-0.486202 -0.072953 -3.310881
-0.492618 -0.416476 -1.169291
-0.444705 -0.369769 3.626485
-0.433375 -0.419243 2.995521
-0.438507 -0.321247 4.439426
-0.480311 -0.455614 2.624498
-0.304975 -0.189469 -2.689961
-0.463862 -0.063301 -2.856630
-0.497786 -0.407933 4.376052
-0.483145 0.455348 -2.375247
-0.457247 -0.426862 3.487104
-0.419962 -0.138623 -2.024024
-0.447110 -0.386040 3.132951
0.461567 -0.049772 -5.592310
-0.413697 -0.435683 2.741169
0.133000 -0.168496 -0.768065
-0.420061 -0.108881 -3.148203
-0.389994 0.318784 5.146744
-0.411352 -0.113907 -2.213666
-0.483635 -0.067410 -2.884093
-0.399056 -0.405320 1.951060
-0.448387 -0.411886 2.342132
-0.471778 -0.428666 2.775724
-0.435938 -0.014677 -4.725953
-0.419365 -0.160683 -3.578748
-0.407626 -0.175644 -2.926366
-0.400363 -0.060738 -3.535735
-0.487583 -0.410353 2.779010
-0.413527 -0.137571 -3.228972
-0.428387 -0.403477 3.356598
-0.442325 -0.337765 3.712836
-0.414277 -0.147817 -2.812309
-0.454354 -0.420855 2.169177
-0.458217 -0.321133 4.642334
-0.440211 -0.411979 2.334853
-0.492692 -0.385674 -0.491494
-0.408583 -0.168574 -3.952311
-0.439979 -0.088268 -2.618662
-0.477145 -0.126666 6.403570
-0.467426 -0.128135 -4.033506
-0.465051 -0.137782 -3.569461
-0.422018 -0.124801 -2.530273
-0.380391 0.050323 -2.733840
-0.409431 -0.243582 -5.387166
-0.415705 -0.149956 -2.549688
-0.451997 -0.415786 1.560700
-0.478963 -0.137769 6.414129
-0.400070 -0.455527 4.256818
0.161893 -0.183229 -6.225643
-0.469209 -0.392255 1.815080
-0.452133 -0.414458 3.030157
-0.440087 -0.133848 -2.731179
-0.449480 -0.417569 2.158924
-0.475416 -0.446407 3.175319
-0.429691 -0.417993 2.160379
-0.471139 -0.418472 2.493608
-0.449815 -0.130154 -2.909343
-0.415767 -0.124178 -2.804737
-0.449729 -0.413194 2.669323
-0.443880 -0.431855 2.477440
-0.404661 -0.162371 -2.980399
-0.486083 -0.422418 2.645411
-0.440808 -0.415390 2.980558
-0.428406 -0.171971 -3.008398
-0.377017 -0.397982 1.523115
-0.481102 -0.077480 -4.253502
-0.419450 -0.408783 2.496000
-0.484377 0.304743 4.736123
-0.373667 0.172163 1.157155
-0.420198 -0.424815 1.646473
-0.451683 -0.113221 -2.859223
0.007625 0.034029 -1.438095
-0.483634 -0.367403 3.471559
-0.380902 -0.151549 -3.389603
-0.422275 -0.242725 -5.329219
-0.459594 -0.412657 3.556314
-0.398054 -0.461788 4.604203
-0.407003 -0.186650 -2.717771
-0.466114 -0.404712 4.206359
-0.392921 -0.489073 11.791271
-0.473429 0.491281 1.648240
-0.414029 -0.135504 -2.014295
-0.496422 -0.371184 -1.356472
-0.417547 -0.431098 3.223093
-0.489651 -0.423913 3.031911
-0.437456 -0.124747 -3.254717
-0.399164 0.075037 -5.558586
-0.424330 0.161583 -3.939014
-0.396260 -0.136474 -3.930245
-0.432231 -0.180069 -2.556567
-0.415588 0.142320 5.378668
-0.431963 -0.206197 -2.930952
-0.018166 -0.007177 -1.964540
-0.418851 -0.199319 -3.277684
-0.499760 0.068270 8.616159
-0.437934 -0.416429 2.281478
-0.441144 -0.424011 2.544317
-0.466687 0.482806 2.287609
-0.494909 -0.137834 -4.006846
-0.385137 -0.477736 10.849272
-0.447489 -0.381031 3.590982
-0.453973 -0.351115 3.904182
-0.474264 -0.131680 -3.689438
-0.412132 -0.165437 -2.789158
-0.363794 -0.387120 4.116344
-0.401773 -0.415137 1.899319
-0.444930 -0.122196 -2.412679
-0.490248 0.140109 8.071671
-0.426963 -0.147229 -2.596802
-0.455852 -0.418170 2.671220
-0.407583 -0.491859 2.441114
-0.429551 0.024603 -3.678426
-0.425202 -0.080986 -2.986582
-0.420455 -0.417708 2.219598
-0.484169 -0.417367 4.161871
-0.494011 -0.143608 6.574086
-0.430103 -0.145268 -3.222991
-0.479869 0.029252 -4.179900
-0.426619 -0.209788 -3.321998
-0.191406 -0.474543 -6.026436
-0.411516 -0.150393 -3.284927
-0.391610 0.257324 6.276514
-0.497384 -0.429153 2.681384
-0.497152 -0.383309 -1.175562
-0.487604 -0.143400 6.209440
-0.403861 -0.100392 -2.711779
-0.428235 0.333953 -5.290454
-0.429836 -0.416949 2.574468
-0.424636 -0.455725 2.143104
-0.396319 -0.162372 -2.107893
-0.444880 0.454939 5.164355
-0.479014 -0.394944 3.579000
-0.431168 -0.195243 -2.737618
-0.399554 -0.095520 -1.987658
-0.459901 -0.097138 -3.085997
-0.301745 -0.419999 3.356853
-0.468470 -0.146545 -3.304282
-0.476416 -0.337126 3.893156
-0.432424 -0.396432 1.262441
-0.381535 -0.060647 -3.903387
-0.446374 -0.175412 -3.140526
-0.458034 0.488729 5.852745
-0.451554 0.453234 0.943221
-0.438123 -0.141691 -2.225967
-0.483871 0.106163 5.892613
-0.473161 -0.134575 5.956768
-0.438472 -0.075974 -2.807063
-0.441986 -0.163528 -2.606902
-0.389347 -0.471334 0.196099
-0.160233 -0.401888 5.075164
-0.424933 -0.005343 -2.875679
-0.470790 -0.414612 3.525588
-0.465701 -0.094692 -2.977556
-0.387142 -0.213313 -3.713332
-0.398841 0.250741 0.262232
-0.457701 -0.131406 -3.566791
-0.458200 -0.174983 -3.609897
-0.489097 -0.404419 2.896727
-0.411062 -0.277572 5.964569
-0.495897 -0.332549 4.054357
-0.477970 0.463327 4.043504
-0.498780 -0.320235 -0.634763
-0.445138 0.102164 -5.882559
-0.408688 -0.407403 1.865989
-0.348711 0.473607 9.431976
-0.486457 -0.130464 -3.528517
-0.354072 -0.396417 2.665665
-0.460491 -0.414798 3.028797
-0.483305 -0.131595 -4.183939
-0.457549 -0.118195 -3.278497
-0.420398 -0.182539 -2.742444
-0.429971 -0.463626 2.968722
-0.389998 -0.147202 -2.138666
-0.482041 -0.349091 3.564451
-0.424474 -0.050426 -2.293230
-0.472793 -0.416479 2.552623
-0.495323 -0.376860 3.924073
-0.470655 -0.131779 7.592482
-0.394253 -0.436918 3.656807
-0.026208 0.039173 -2.739320
-0.496551 -0.404728 -1.080904
-0.470241 -0.364502 3.851658
-0.408857 -0.406174 1.799603
-0.341046 -0.471991 6.477454
-0.438811 -0.114077 -2.578285
-0.444550 -0.441687 2.172815
-0.457056 -0.122379 -3.717181
-0.470795 -0.435719 2.829882
-0.376259 -0.465122 5.150109
-0.450123 -0.031492 -2.274617
-0.483205 -0.133411 -3.861776
-0.409927 -0.203393 -4.700416
-0.442551 -0.164430 -2.746199
-0.416557 -0.146224 -2.146720
0.369675 -0.108895 4.232410
-0.408366 -0.162910 -2.628826
-0.447055 -0.424777 1.158542
-0.118648 -0.386555 5.233056
-0.423546 -0.416394 2.191490
-0.423726 -0.424782 1.995592
-0.455057 -0.145021 -3.813536
-0.460761 -0.124193 -3.493173
-0.423135 -0.091027 -2.224785
