-0.076091 0.438195 -2.310469
0.251713 -0.482067 -2.078348
0.171053 -0.255797 -2.702511
0.058427 -0.420830 -2.322989
0.034922 -0.144971 -3.228628
-0.058484 0.451981 -2.199439
-0.111336 -0.397057 -2.511645
0.220305 0.174794 -2.518284
0.274819 -0.419433 -2.003076
-0.125285 -0.441996 -2.547521
0.365940 -0.442218 -1.790527
-0.050105 -0.491636 -2.346667
-0.046354 0.448656 -2.481080
-0.147189 0.468222 -2.581720
-0.190846 0.461502 -2.569474
-0.163206 0.459684 -2.310523
-0.241664 0.438682 -2.455786
0.131180 0.410521 -2.357679
0.041140 -0.446695 -2.161188
-0.049086 0.484957 -2.317877
-0.029480 -0.478762 -2.441064
0.271887 0.135812 -2.480598
-0.249505 0.483578 -2.460746
-0.196268 0.370927 -2.483763
0.141061 0.493680 -2.184702
-0.040617 -0.491322 -2.644482
-0.274671 0.418966 -2.052065
-0.261905 0.462450 -2.424371
-0.058673 0.465150 -2.543653
-0.018603 0.465526 -2.362506
0.139304 0.407771 -2.135021
-0.166723 0.498744 -2.363418
-0.077496 0.408836 -2.122873
-0.026064 -0.413563 -2.166587
-0.273165 -0.112341 -2.893995
-0.044509 -0.480522 -2.219870
-0.120525 -0.402267 -2.549687
-0.033220 0.496943 -2.523277
-0.167167 -0.457752 -2.250132
0.303172 0.186684 -2.185599
-0.070910 0.499279 -2.294600
-0.009285 -0.397955 -2.507022
0.011164 0.488044 -2.453110
-0.045160 -0.494499 -2.392884
-0.201098 0.426480 -2.325983
0.356124 0.186933 -2.652733
-0.346203 0.161347 -2.262959
0.066799 -0.409766 -2.499164
-0.020129 0.491766 -2.125553
-0.014658 -0.280664 -2.799053
-0.052340 0.457569 -2.365315
-0.231168 -0.499161 -2.303122
-0.173429 0.467925 -2.302541
-0.101162 0.417342 -2.247724
-0.069305 0.470879 -2.498642
0.237598 0.300146 -2.680682
-0.194892 0.460079 -2.289566
-0.229103 -0.431752 -2.239494
-0.248226 -0.441908 -2.404207
-0.273507 0.496420 -2.301722
-0.166358 -0.323505 -2.385448
-0.135362 0.428929 -2.695979
-0.029550 0.440887 -2.571408
-0.382967 0.000479 -2.566357
-0.064728 -0.451919 -2.449508
0.116975 0.259600 -2.271118
0.437393 0.109356 -1.877734
-0.055825 0.487169 -2.388441
-0.028546 -0.460801 -2.416904
-0.084251 -0.433508 -2.309619
-0.027529 -0.426572 -2.379740
-0.211575 -0.311623 -1.785012
0.067972 0.396465 -2.377733
-0.144965 0.455368 -2.362419
-0.239717 0.467310 -2.377962
-0.090194 -0.465434 -2.466745
0.087177 0.491059 -2.184523
-0.051950 0.427557 -2.336935
-0.039418 0.441416 -2.374645
-0.168361 0.449854 -2.306496
-0.064848 -0.444881 -2.253948
