-0.058998 -0.416556 2.836839
-0.030788 -0.425055 3.056103
-0.065399 -0.396040 2.748735
-0.028084 -0.432541 2.822619
-0.060559 -0.452433 2.623991
-0.064654 -0.386795 2.646193
-0.049217 -0.438972 2.843043
-0.048174 -0.423205 2.946699
-0.072064 -0.222581 2.827840
-0.070923 -0.185626 2.779633
-0.041382 -0.405364 2.991220
-0.023544 -0.418344 2.792974
-0.044775 -0.413841 2.884928
-0.034874 -0.386643 2.585348
-0.069268 -0.184381 2.683748
-0.032027 -0.428051 2.886883
-0.053522 -0.431940 2.915328
-0.054349 -0.395576 3.097550
-0.064103 -0.421675 2.995381
-0.083691 -0.420700 2.735556
-0.038047 -0.383014 2.978613
-0.049980 -0.449798 2.559903
-0.041408 -0.418283 2.871761
-0.056333 -0.398032 2.963631
-0.010972 -0.424451 2.757778
-0.040383 -0.411504 2.699420
-0.055583 -0.377330 2.710634
-0.052910 -0.425596 3.104174
-0.065166 -0.379453 3.087582
-0.026993 -0.430013 2.638140
-0.045058 -0.422535 2.960657
-0.040339 -0.471693 2.799009
-0.052491 -0.388161 2.898365
-0.062610 -0.439240 2.850357
-0.041570 -0.262829 2.639002
-0.040900 -0.375295 2.814814
-0.030027 -0.434282 3.067329
-0.064110 -0.429892 2.611350
-0.020437 -0.433519 2.953178
-0.063498 -0.423220 2.979507
-0.063066 -0.402961 3.099946
-0.038203 -0.408687 2.760626
-0.056471 -0.409906 2.822048
-0.072868 -0.436343 2.633732
-0.024534 -0.378893 2.777584
-0.075503 -0.391206 2.837270
-0.071700 -0.411027 2.783960
-0.045042 -0.425823 2.659603
-0.056864 -0.375892 3.009678
-0.059539 -0.427204 2.746243
-0.059261 -0.404718 2.641244
-0.066437 -0.396159 2.629923
-0.045373 -0.391781 2.701064
-0.045814 -0.406758 3.147490
-0.045842 -0.431567 2.690556
-0.052754 -0.423774 2.618375
-0.071185 -0.414123 2.961494
-0.064084 -0.427289 2.917327
-0.033711 -0.427878 2.910291
-0.039838 -0.424867 2.720923
-0.042441 -0.391968 2.753112
0.015248 -0.206796 2.869613
-0.043071 -0.382546 2.944879
-0.049945 -0.407625 2.855894
-0.050243 -0.424672 2.809446
-0.022617 -0.397945 2.658752
-0.028272 -0.383499 2.766744
-0.042905 -0.391251 2.863861
-0.066199 -0.385582 2.906763
-0.035648 -0.458427 2.860233
-0.060929 -0.409075 2.734063
-0.044861 -0.403888 2.844932
-0.032960 -0.395950 2.810248
-0.073605 -0.416489 3.075552
-0.037692 -0.406566 2.895452
-0.020801 -0.473807 2.749850
-0.057027 -0.421235 2.671734
-0.066063 -0.412481 2.783895
-0.048189 -0.424957 2.732759
-0.083487 -0.418050 2.915344
-0.043316 -0.440104 2.771440
-0.053348 -0.399332 2.624468
-0.071400 -0.402898 2.899403
-0.088890 -0.406999 2.957398
-0.037986 -0.437438 3.061698
-0.051796 -0.401161 3.028105
-0.075381 -0.402928 2.968374
-0.041248 -0.407451 3.102315
-0.063553 -0.415089 2.771465
-0.043287 -0.405672 2.785031
-0.012002 -0.438460 2.663988
-0.002582 -0.419258 2.751996
-0.065237 -0.439740 3.009261
-0.066861 -0.408253 2.708769
-0.065919 -0.392056 2.732072
-0.070469 -0.434657 2.719163
-0.023701 -0.404479 2.704985
-0.072433 -0.404755 2.875782
-0.040903 -0.425086 2.831813
-0.050622 -0.415489 2.989557
-0.082419 -0.415181 2.782282
-0.020992 -0.387625 2.583291
-0.049973 -0.218141 2.885302
-0.024780 -0.430034 2.690035
-0.041894 -0.411762 2.753191
-0.061871 -0.396788 3.102936
-0.080635 -0.443203 2.619251
-0.017901 -0.387743 2.939528
-0.074706 -0.398950 2.927065
-0.029320 -0.396409 2.774300
-0.052954 -0.429319 2.890256
-0.068047 -0.406203 2.780880
-0.038137 -0.417217 2.861674
-0.027378 -0.459274 2.894470
-0.055761 -0.435150 3.033523
-0.068077 -0.432935 2.881577
-0.074996 -0.404778 3.016600
-0.058655 -0.395284 2.846995
-0.070568 -0.385839 3.101287
-0.032140 -0.434068 2.939696
-0.034414 -0.385504 2.998013
-0.069855 -0.433896 2.867128
-0.065911 -0.383782 2.730190
-0.048914 -0.408409 2.814925
-0.064671 -0.434140 2.808578
-0.053000 -0.394282 2.874426
-0.055919 -0.388421 2.830696
-0.025072 -0.400913 2.976258
-0.038229 -0.497417 3.294468
-0.046389 -0.408163 2.922835
-0.049617 -0.437779 2.774608
-0.050150 -0.387406 2.591436
-0.014838 -0.421552 2.729729
-0.071860 -0.199163 2.868503
-0.048111 -0.425692 2.748071
-0.057592 -0.413674 2.856654
-0.056129 -0.426285 2.690456
-0.075350 -0.384147 3.242890
-0.061055 -0.400685 3.130315
-0.067056 -0.417647 2.683052
-0.126108 -0.211914 2.853452
-0.069590 -0.401048 2.660273
-0.060503 -0.448953 2.800778
-0.033034 -0.424986 2.793047
-0.068318 -0.427185 3.059461
-0.045375 -0.403025 2.984535
-0.054098 -0.200580 2.961822
-0.081629 -0.446477 2.982384
-0.092206 -0.228013 2.929522
-0.099617 -0.420221 2.815756
-0.049373 -0.422740 2.712008
-0.055342 -0.434864 3.001825
-0.009366 -0.430033 2.648621
-0.029202 -0.389435 2.992405
-0.086713 -0.381580 2.711050
-0.063413 -0.429179 2.901977
-0.053731 -0.424709 2.970433
-0.067768 -0.410163 2.801713
-0.074687 -0.414486 2.957542
-0.052965 -0.420337 2.895684
-0.081487 -0.415554 3.093124
-0.048403 -0.388034 2.798934
-0.049402 -0.402813 2.683076
-0.083385 -0.442820 2.943611
-0.064131 -0.390063 2.831622
-0.015698 -0.408694 2.759225
-0.057081 -0.404263 3.074310
-0.047723 -0.423632 2.785389
-0.068835 -0.412535 2.755474
-0.041880 -0.411179 2.988519
-0.050629 -0.420398 2.878883
-0.086351 -0.416499 2.684402
-0.052764 -0.422227 3.083454
-0.035503 -0.427430 2.883513
-0.055353 -0.390915 2.922502
-0.081279 -0.401644 2.778333
-0.052504 -0.392702 2.875804
-0.084964 -0.415146 2.551463
-0.037545 -0.420366 3.031419
-0.031717 -0.412310 2.966102
-0.062223 -0.407151 2.888542
-0.052932 -0.409468 2.959329
-0.059191 -0.420053 2.900026
-0.040123 -0.381287 2.859908
-0.073807 -0.404626 2.710326
-0.066001 -0.409861 3.060095
-0.039373 -0.402297 2.826672
-0.038500 -0.411993 2.971574
-0.062871 -0.391139 2.940499
-0.067228 -0.396480 2.933735
-0.059940 -0.436644 2.558827
-0.059108 -0.431550 2.698539
-0.035947 -0.398722 2.685997
-0.041968 -0.402120 2.836224
-0.066666 -0.400181 2.696006
-0.050874 -0.438696 2.941156
-0.025567 -0.394068 2.778425
-0.046058 -0.405565 2.931295
-0.056129 -0.400322 3.134357
-0.043982 -0.387970 2.816438
-0.078143 -0.437491 2.715499
-0.029462 -0.442038 2.653859
-0.062457 -0.439254 3.106378
-0.079037 -0.419115 2.982839
-0.072375 -0.416483 2.779694
-0.061574 -0.416447 2.925558
-0.041534 -0.412902 2.884088
-0.054367 -0.388201 2.847096
-0.039613 -0.386054 2.917322
-0.062181 -0.424592 2.896088
-0.046233 -0.396696 2.875710
-0.061861 -0.422473 2.863163
-0.060607 -0.422044 2.565227
-0.053587 -0.419812 2.930174
-0.009712 -0.397959 2.854549
-0.081939 -0.437935 3.019000
-0.080577 -0.381856 2.855264
-0.064380 -0.408920 2.742722
-0.055387 -0.415512 2.969855
-0.045343 -0.424450 2.638887
-0.044704 -0.411287 2.980844
-0.043469 -0.400484 2.665205
-0.064167 -0.447844 2.719514
-0.056352 -0.392361 2.919473
-0.057480 -0.420376 2.819958
-0.041109 -0.416580 2.760455
-0.041535 -0.433933 2.679085
-0.047176 -0.432401 2.593993
-0.050084 -0.399471 2.937180
-0.058214 -0.417366 2.748115
-0.060195 -0.426402 2.985415
-0.062949 -0.432686 2.868990
-0.059585 -0.381554 2.891764
-0.046955 -0.403008 2.587914
-0.062750 -0.443028 2.660961
-0.035338 -0.389873 2.960914
-0.051373 -0.423937 2.757025
-0.041761 -0.388135 2.968260
-0.032754 -0.392590 3.292468
-0.063512 -0.407129 2.932401
-0.031462 -0.414165 2.776145
-0.045382 -0.414284 3.066083
-0.072680 -0.405850 2.794924
-0.058219 -0.416324 2.998630
-0.051609 -0.394403 2.869113
-0.051139 -0.412363 2.850389
-0.062076 -0.416961 2.963297
-0.071136 -0.400946 2.904214
-0.075085 -0.428170 2.733609
-0.043573 -0.409022 2.787448
-0.029944 -0.435497 2.842225
-0.031036 -0.430517 2.717158
-0.039552 -0.399117 2.712495
-0.064391 -0.439894 2.997373
-0.070565 -0.396881 2.971949
-0.034238 -0.407543 2.850726
-0.047378 -0.413277 2.901047
-0.050622 -0.393055 2.776390
-0.021081 -0.422517 2.991424
-0.052975 -0.457095 2.992379
-0.020770 -0.403471 2.893889
-0.045175 -0.422217 2.724195
-0.061938 -0.387337 2.906726
-0.070799 -0.383090 2.834223
-0.039733 -0.382900 2.747808
-0.067051 -0.391624 2.874448
-0.050999 -0.443306 2.734420
-0.065138 -0.419202 2.747661
-0.053325 -0.378336 3.075497
-0.066758 -0.402260 2.762614
-0.045494 -0.435660 2.811124
-0.041406 -0.404410 2.828597
-0.052294 -0.454770 2.802297
-0.075366 -0.434802 2.840965
-0.007277 -0.397367 3.080708
-0.025794 -0.394924 2.574777
-0.001898 -0.421335 2.831655
-0.039778 -0.436411 2.680687
-0.025490 -0.412944 2.893403
-0.077489 -0.438658 2.822004
-0.050722 -0.408859 3.026478
-0.073828 -0.391917 2.650156
-0.056921 -0.405126 2.769421
-0.091186 -0.399532 2.869358
-0.056152 -0.379818 2.753346
-0.082882 -0.417343 2.797422
-0.074596 -0.429783 2.910352
-0.050510 -0.434375 2.779710
-0.021829 -0.250903 2.592584
-0.059092 -0.438630 2.755101
-0.081338 -0.455449 2.952366
-0.037730 -0.468165 2.876911
-0.025788 -0.415395 3.011803
-0.045259 -0.427009 2.826764
-0.039910 -0.414264 2.916900
-0.056998 -0.429413 2.940088
-0.080265 -0.419378 2.939372
-0.033020 -0.406129 2.995968
-0.059271 -0.389959 2.772967
-0.079708 -0.195570 2.727097
-0.031374 -0.432745 2.929701
-0.033316 -0.410708 2.811800
-0.062653 -0.417905 2.808405
-0.063059 -0.436259 3.143409
-0.071842 -0.413075 2.985337
-0.056796 -0.424393 2.723026
-0.047153 -0.402095 2.750887
-0.066261 -0.188776 2.890296
-0.090353 -0.445643 2.776591
-0.034919 -0.398814 2.974300
-0.054722 -0.429688 2.750260
-0.065609 -0.442662 2.880582
-0.038358 -0.409613 2.906555
-0.043478 -0.411810 2.749152
-0.063655 -0.410379 2.713893
-0.058296 -0.404562 2.923631
-0.031806 -0.427295 2.694981
-0.017618 -0.431546 2.819630
-0.044584 -0.424779 3.214089
-0.095048 -0.435316 2.982582
-0.092051 -0.421326 2.942157
-0.073249 -0.396378 2.766317
-0.054254 -0.388287 2.650454
-0.057308 -0.422594 2.796440
-0.074040 -0.398723 3.005952
-0.072199 -0.417887 2.853851
-0.069124 -0.422424 3.022531
-0.069403 -0.425241 2.893710
-0.081891 -0.404845 2.915185
-0.060904 -0.439249 3.046290
-0.044780 -0.403898 3.021533
-0.061117 -0.446149 3.093107
-0.045339 -0.391067 3.019616
-0.018362 -0.439980 2.647050
-0.044047 -0.441774 2.721993
-0.039571 -0.444623 2.892750
-0.048718 -0.434678 2.778069
-0.054441 -0.460168 3.048301
-0.079647 -0.456671 2.891840
-0.055876 -0.418136 2.982846
-0.016007 -0.403465 2.842055
-0.036877 -0.438150 2.779482
-0.046619 -0.429007 2.948576
-0.047115 -0.423530 2.989086
-0.091456 -0.407195 2.880803
-0.076124 -0.389070 2.601343
-0.069817 -0.405716 2.794035
-0.073333 -0.414034 2.805167
-0.062878 -0.444870 2.883675
-0.066130 -0.454078 2.762245
-0.063468 -0.395831 2.734830
-0.051371 -0.420960 3.068737
-0.056522 -0.415832 2.749808
-0.080712 -0.410877 2.818708
-0.046470 -0.418674 2.657504
0.007225 -0.188338 2.817561
-0.013127 -0.388350 2.780788
-0.070556 -0.413595 2.913350
-0.057314 -0.417340 2.775824
-0.052716 -0.406022 2.717568
-0.040283 -0.378152 2.616667
-0.027568 -0.409795 2.934086
-0.059960 -0.411307 2.822795
-0.041123 -0.429553 2.710462
-0.038733 -0.428679 3.075031
-0.044606 -0.413631 2.809658
-0.078858 -0.453701 2.874509
-0.095760 -0.419244 2.882617
-0.043295 -0.403185 2.759902
-0.024753 -0.412180 2.929401
-0.020877 -0.364483 2.462354
-0.052789 -0.404360 2.958241
-0.011361 -0.406326 2.914585
-0.045763 -0.397576 2.845112
-0.048958 -0.229435 2.854966
-0.028571 -0.441639 2.850906
-0.078978 -0.409826 2.840391
-0.059801 -0.400808 2.773116
-0.075702 -0.409884 3.091265
-0.047218 -0.433889 2.881404
-0.068293 -0.404727 3.031322
-0.041168 -0.429486 2.865125
-0.042373 -0.397279 2.680800
-0.049947 -0.398564 2.881891
-0.009749 -0.197871 2.890769
-0.082609 -0.395326 2.886199
-0.071166 -0.415406 2.706618
-0.051560 -0.416861 2.751886
-0.052905 -0.443887 2.844975
-0.043829 -0.425272 2.873289
-0.050998 -0.417064 2.874464
-0.070755 -0.442363 2.837003
-0.069292 -0.422293 2.783705
-0.011226 -0.239573 2.699067
-0.037057 -0.409777 2.875574
-0.063874 -0.391263 2.953838
-0.041429 -0.434357 2.571160
-0.035962 -0.383798 2.878436
-0.045007 -0.376054 2.875358
-0.061500 -0.442880 2.929957
