-0.490325 -0.344633 7.057098
-0.498819 -0.228553 7.134683
-0.469882 -0.261652 -3.789434
-0.468961 -0.255104 -4.083381
-0.489919 -0.260119 6.953266
-0.484275 -0.262730 7.280394
-0.484358 -0.262120 7.246303
-0.436663 -0.280711 -3.953351
-0.486223 -0.284728 7.109896
-0.466744 -0.288243 -3.851819
-0.481595 -0.287173 7.371958
-0.478399 -0.300517 7.010135
-0.462011 -0.288379 -3.682820
-0.457021 -0.227693 -3.865711
-0.484976 -0.274107 7.223336
-0.449629 -0.240574 -3.732980
-0.484873 -0.282762 7.021179
-0.455435 -0.328904 -3.750393
-0.479038 -0.292773 6.853053
-0.482876 -0.259935 7.085864
-0.493519 -0.280514 7.094846
-0.468266 -0.288843 -3.997388
-0.468475 -0.240808 -4.171391
-0.444361 -0.246423 -4.165998
-0.475658 -0.257746 -4.097742
-0.492374 -0.280540 7.151623
-0.478756 -0.306406 7.221932
-0.497727 -0.275450 7.137916
-0.460625 -0.278197 -3.771469
-0.483756 -0.256784 7.304482
-0.448362 -0.228149 -4.042101
-0.441169 -0.249149 -3.918904
-0.474444 -0.286298 -3.908471
-0.499962 -0.333875 6.832714
-0.455195 -0.279178 -4.003638
-0.431163 -0.257509 -4.190490
-0.474395 -0.287067 -3.781863
-0.482171 -0.219300 7.133289
-0.463051 -0.271370 -3.787727
-0.442708 -0.282922 -4.073333
-0.463706 -0.285193 -3.919422
-0.446752 -0.294955 -3.935600
-0.443832 -0.240821 -3.974502
-0.482452 -0.268976 7.300842
-0.469417 -0.246065 -4.134867
-0.465021 -0.318105 -3.913396
-0.470504 -0.246825 -4.294989
-0.459236 -0.232472 -3.898798
-0.447671 -0.333622 -4.191833
-0.498982 -0.262203 6.994500
-0.444174 -0.245816 -3.695684
-0.496468 -0.292740 7.215104
-0.446412 -0.287804 -4.299582
-0.448742 -0.263910 -4.180638
-0.463569 -0.319752 -4.125944
-0.489409 -0.272003 6.868983
-0.452735 -0.295717 -3.842768
-0.477060 -0.437980 7.156706
-0.464715 -0.254890 -3.770313
-0.449264 -0.240007 -3.934439
-0.470607 -0.277435 -3.950537
-0.486066 -0.263230 7.153004
-0.452095 -0.247596 -3.983641
-0.473227 -0.286813 -4.150617
-0.467238 -0.289038 -3.858020
-0.481964 -0.274084 6.918265
-0.466235 -0.327260 -3.553546
-0.484505 -0.280642 6.956620
-0.477310 -0.233649 -3.869698
-0.490843 -0.244396 6.974836
-0.467345 -0.284863 -3.908064
-0.453597 -0.241405 -3.957585
-0.463452 -0.305198 -3.917776
-0.496063 -0.283587 7.265610
-0.466749 -0.274216 -3.898512
-0.437717 -0.248966 -4.143157
-0.449202 -0.246682 -3.870172
-0.488470 -0.300738 7.016049
-0.457057 -0.254695 -3.798388
-0.488958 -0.277698 6.958093
-0.460712 -0.216220 -3.843758
-0.498737 -0.306223 6.941925
-0.490451 -0.294409 7.143585
-0.449019 -0.243587 -4.022179
-0.480860 -0.271654 7.023051
-0.472001 -0.250919 -3.775456
-0.464086 -0.273916 -3.902215
-0.468932 -0.296389 -4.087172
-0.477990 -0.286507 6.984655
-0.451553 -0.271069 -3.898168
-0.450685 -0.276087 -3.884032
-0.486209 -0.231661 7.214927
-0.481416 -0.279031 7.044816
-0.449418 -0.293288 -4.093994
-0.493041 -0.275398 6.886697
-0.475736 -0.222258 -4.090889
-0.454847 -0.338620 -3.973818
-0.486149 -0.242662 7.182312
-0.482090 -0.247699 6.954804
-0.485825 -0.277920 7.060502
-0.494855 -0.274633 7.016959
-0.489756 -0.287414 7.135156
-0.450570 -0.251706 -4.078491
-0.465972 -0.275242 -4.018619
-0.492252 -0.287376 7.031911
-0.451946 -0.264474 -3.766328
-0.456824 -0.267641 -3.938059
-0.480182 -0.271421 6.967630
-0.452112 -0.344313 -4.015733
-0.458290 -0.288900 -4.039729
-0.484671 -0.250373 6.957962
-0.492378 -0.250095 7.018161
-0.492700 -0.275832 7.171544
-0.477891 -0.290541 7.088581
-0.482066 -0.284780 7.220856
-0.458514 -0.322876 -3.667255
-0.497031 -0.271352 7.038623
-0.450928 -0.219560 -3.793907
-0.463292 -0.276942 -3.904111
-0.485629 -0.277446 7.195860
-0.445392 -0.242022 -3.552850
-0.491403 -0.420668 6.955372
-0.480071 -0.210803 6.980008
-0.467808 -0.275090 -3.969029
-0.462354 -0.285691 -4.148279
-0.466333 -0.280421 -4.275476
-0.464021 -0.331582 -3.848001
-0.473447 -0.252364 -4.075969
-0.450690 -0.228716 -4.076677
-0.450853 -0.223620 -3.999651
-0.451315 -0.288087 -3.953075
-0.473461 -0.247734 -3.935003
-0.443197 -0.276055 -3.839041
-0.450686 -0.231777 -3.924740
-0.494601 -0.311653 -4.128162
-0.498703 -0.256743 -4.060734
-0.496812 -0.296183 7.303277
-0.491335 -0.261175 6.843615
-0.494588 -0.266944 6.963970
-0.460152 -0.351742 -3.894747
-0.446445 -0.255393 -3.901437
-0.482254 -0.331444 6.921668
-0.449033 -0.287694 -3.832789
-0.456438 -0.272569 -3.788665
-0.472843 -0.366220 -3.853712
-0.453773 -0.264780 -4.040973
-0.490399 -0.260095 7.144857
-0.454521 -0.289324 -4.205668
-0.468765 -0.279022 -3.804999
-0.452036 -0.239427 -3.835976
-0.493102 -0.239716 7.266054
-0.467367 -0.267341 -3.926696
-0.454077 -0.259091 -4.148529
-0.466931 -0.285742 -4.012154
-0.454343 -0.283170 -4.127137
-0.452230 -0.275916 -3.795803
-0.477641 -0.274431 -3.796639
-0.455970 -0.270296 -3.539592
-0.478083 -0.261013 -4.010161
-0.455714 -0.229322 -4.087007
-0.476456 -0.253440 7.086258
-0.474127 -0.296958 -4.048368
-0.452059 -0.322377 -3.799454
-0.488626 -0.288031 7.082446
-0.486224 -0.257399 7.157055
-0.443964 -0.276185 -4.035433
-0.441053 -0.251284 -3.897911
-0.468332 -0.261488 -3.852426
-0.490540 -0.444488 6.854803
-0.440850 -0.229034 -4.027889
-0.451587 -0.298110 -4.038839
-0.487736 -0.223609 7.035358
-0.499098 -0.284898 7.335892
-0.486222 -0.247297 7.044982
-0.469940 -0.268499 -3.687162
-0.485255 -0.238833 7.134482
-0.439404 -0.332982 -3.879486
-0.454691 -0.269098 -3.814910
-0.494879 -0.382962 7.522015
-0.486050 -0.252026 6.978053
-0.451825 -0.291929 -3.918145
-0.486440 -0.287471 6.950744
-0.490518 -0.260548 7.390987
-0.438486 -0.283036 -3.833652
-0.499406 -0.251472 6.995235
-0.492761 -0.260614 7.094664
-0.454157 -0.290572 -3.961993
-0.441622 -0.356382 -3.979203
-0.446328 -0.352722 -4.033341
-0.455674 -0.256944 -3.915214
-0.463295 -0.254296 -4.058140
-0.479368 -0.260426 6.953602
-0.454356 -0.285655 -3.831737
-0.498907 -0.244195 7.189662
-0.471389 -0.223267 -4.133158
-0.492500 -0.295189 7.255808
-0.496815 -0.254057 7.160658
-0.494529 -0.233129 7.167606
-0.449132 -0.237171 -3.687706
-0.447540 -0.288595 -3.998478
-0.488340 -0.275671 7.409613
-0.456593 -0.258163 -4.242422
-0.481504 -0.272444 7.149602
-0.462356 -0.246158 -4.127719
-0.445159 -0.273828 -3.768135
-0.458965 -0.233196 -4.052939
-0.454112 -0.272483 -3.784663
-0.446053 -0.279349 -3.734741
-0.485460 -0.253064 7.034127
-0.452899 -0.289229 -3.951244
-0.461871 -0.269401 -3.849444
-0.484922 -0.264322 7.034010
-0.448441 -0.264187 -3.910602
-0.491993 -0.293254 7.170568
-0.488820 -0.275789 7.246088
-0.495763 -0.317628 7.059506
-0.475173 -0.278114 6.853224
-0.496056 -0.304493 6.984739
-0.477253 -0.237401 6.962641
-0.479545 -0.244553 7.142971
-0.440579 -0.243732 -3.734102
-0.489395 -0.285515 7.312278
-0.466418 -0.308105 -4.077114
-0.466272 -0.294683 -3.816973
-0.464053 -0.273266 -3.782303
-0.488635 -0.270651 6.888129
-0.480688 -0.252843 7.058212
-0.463925 -0.307145 -4.261186
-0.473208 -0.238401 -3.672770
-0.456732 -0.281269 -3.784067
-0.486120 -0.307642 6.964146
-0.478287 -0.367069 7.003017
-0.488711 -0.221386 7.042327
-0.491314 -0.261817 7.166575
-0.455269 -0.267253 -4.300953
-0.449961 -0.275443 -3.901186
-0.493434 -0.272596 7.131787
-0.469985 -0.276514 -3.974648
-0.440068 -0.239739 -4.094835
-0.495066 -0.286727 6.973004
-0.465787 -0.291924 -3.826307
-0.447686 -0.280568 -4.012725
-0.447717 -0.325659 -3.855878
-0.442185 -0.260093 -3.922046
-0.456974 -0.260036 -3.900036
-0.466553 -0.285282 -4.308657
-0.469008 -0.252213 -3.996374
-0.492703 -0.243312 6.993524
-0.469525 -0.283198 -3.905786
-0.487539 -0.352184 7.282090
-0.457847 -0.234793 -4.019683
-0.485086 -0.278587 7.158997
-0.476540 -0.262524 7.143019
-0.479776 -0.425341 7.435830
-0.442360 -0.230215 -4.020841
-0.450040 -0.239083 -4.095495
-0.485288 -0.232661 7.230567
-0.497150 -0.250431 7.397089
-0.441731 -0.213210 -3.782778
-0.451587 -0.278522 -4.138667
-0.455875 -0.192039 -3.971924
-0.476026 -0.274387 7.057776
-0.474432 -0.246576 -3.968363
-0.469117 -0.274605 -3.858066
-0.494116 -0.227667 6.956622
-0.474428 -0.303821 7.047616
-0.466174 -0.275810 -3.941315
-0.467331 -0.278832 -4.006401
-0.452730 -0.293596 -4.047642
-0.487594 -0.281540 7.053596
-0.452191 -0.269075 -3.879498
-0.459280 -0.325961 -3.769020
-0.493007 -0.232087 7.268405
-0.481063 -0.291600 7.087232
-0.474695 -0.265167 -4.097620
-0.450849 -0.288758 -4.097167
-0.474679 -0.263297 7.054130
-0.493514 -0.282455 7.265914
-0.465502 -0.279077 -3.781705
-0.432511 -0.250585 -3.902876
-0.458891 -0.292874 -4.058265
-0.473506 -0.248860 -3.924113
-0.455873 -0.282495 -4.106717
-0.481481 -0.307389 7.133429
-0.448887 -0.297972 -4.029711
-0.476527 -0.279114 7.393091
-0.442548 -0.279921 -4.089917
-0.452596 -0.252200 -3.898511
-0.484417 -0.287404 7.129859
-0.474016 -0.291287 -3.880536
-0.464914 -0.272141 -4.008058
-0.442297 -0.294382 -3.962338
-0.456364 -0.259652 -3.975204
-0.473628 -0.285895 -3.911912
-0.487782 -0.295172 7.196126
-0.456029 -0.213728 -3.977948
-0.438517 -0.284789 -3.892763
-0.488407 -0.266911 7.268426
-0.469143 -0.258391 -3.857608
-0.482037 -0.285392 7.146654
-0.441224 -0.314355 -3.932317
-0.451073 -0.341167 -3.690374
-0.448915 -0.241354 -4.207381
-0.484553 -0.268802 7.023783
-0.465936 -0.304968 -4.199929
-0.460358 -0.248484 -4.226729
-0.489445 -0.258512 7.261115
-0.456691 -0.242922 -3.852195
-0.448821 -0.355686 -4.108184
-0.473082 -0.271235 -3.628921
-0.486877 -0.287168 6.861487
-0.491030 -0.239891 7.008954
-0.459801 -0.289655 -3.591327
-0.483136 -0.261048 7.226478
-0.467728 -0.264333 -3.966699
-0.478426 -0.273920 7.316254
-0.493701 -0.224999 7.328240
-0.499238 -0.286749 7.076309
-0.490292 -0.308001 7.168386
-0.487833 -0.273246 6.846920
-0.450808 -0.336963 -4.003743
-0.447588 -0.292218 -3.778079
-0.488824 -0.258624 7.089923
-0.480743 -0.258249 7.140969
-0.453283 -0.310093 -3.855954
-0.474706 -0.298910 -3.751505
-0.471030 -0.283613 -3.948931
-0.472795 -0.269453 -3.680864
-0.466516 -0.287201 -4.065598
-0.475276 -0.288210 6.986129
-0.453901 -0.308029 -3.936998
-0.443084 -0.287414 -3.754027
-0.490491 -0.286030 6.928564
-0.487400 -0.298344 6.889083
-0.476056 -0.272529 -4.176560
-0.468416 -0.236163 -3.678423
-0.441083 -0.244564 -4.044784
-0.439763 -0.239588 -3.832177
-0.474192 -0.279098 -3.826515
-0.478822 -0.304295 -4.182277
-0.466712 -0.277496 -4.012028
-0.451778 -0.249224 -3.792344
-0.474928 -0.285756 7.248190
-0.472068 -0.306985 -3.999309
-0.484619 -0.309889 7.306198
-0.492317 -0.261231 7.098555
-0.445219 -0.252548 -3.934590
-0.475524 -0.288484 -4.031251
-0.480272 -0.259232 7.221221
-0.488881 -0.255213 7.005122
-0.463192 -0.275664 -3.810142
-0.468033 -0.271033 -3.754629
-0.442252 -0.272289 -3.773205
-0.466035 -0.290528 -3.832900
-0.478795 -0.272174 6.943073
-0.448018 -0.250451 -3.753773
-0.465911 -0.228848 -3.927526
-0.447410 -0.352310 -3.907953
-0.466794 -0.313573 -3.841154
-0.473767 -0.271034 -4.112737
-0.464795 -0.240097 -3.875620
-0.496120 -0.268185 7.046816
-0.471733 -0.268454 -3.859361
-0.486617 -0.283047 7.076550
-0.458145 -0.295051 -4.002346
-0.496993 -0.267809 -4.012666
-0.489284 -0.261900 6.972925
-0.441537 -0.226822 -4.089309
-0.475312 -0.260434 7.032503
-0.444565 -0.247717 -4.053641
-0.463204 -0.235649 -4.040716
-0.489102 -0.318182 7.258851
-0.449443 -0.284121 -3.897031
-0.451118 -0.280643 -3.862388
-0.490873 -0.292602 7.309390
-0.489535 -0.273428 7.272954
-0.474379 -0.294247 -3.964943
-0.491894 -0.284804 6.889387
-0.455825 -0.262469 -3.845412
-0.449756 -0.262890 -3.764288
-0.454061 -0.267431 -4.204279
-0.480320 -0.275129 7.117029
-0.487632 -0.251988 7.184453
-0.447699 -0.292011 -3.862417
-0.454917 -0.282686 -3.815836
-0.492000 -0.285993 7.300371
-0.442439 -0.303262 -4.053124
-0.493626 -0.326966 7.098786
-0.470521 -0.252897 -3.941103
-0.443095 -0.297357 -3.935945
-0.486052 -0.275883 7.167014
-0.467617 -0.233231 -4.104686
-0.480940 -0.257262 7.204037
-0.492126 -0.237814 6.979354
-0.497891 -0.297056 7.169511
-0.489836 -0.256450 7.337600
-0.485385 -0.283633 6.817797
-0.466641 -0.258143 -3.957327
-0.475401 -0.249983 -4.147067
-0.484791 -0.251275 6.966445
