-0.395736 -0.242104 -5.088442
-0.404487 -0.191262 -5.259648
-0.407485 -0.203941 -4.878184
-0.436931 -0.182288 -4.945542
-0.372777 -0.207167 -4.896925
-0.442054 -0.208705 -4.925585
-0.397776 -0.165012 -4.836300
-0.415680 -0.214773 -4.975816
-0.405414 -0.028094 -4.939383
-0.409896 -0.003314 -5.272885
-0.444741 -0.227073 -4.885542
-0.371852 -0.219850 -4.821237
-0.440428 -0.202295 -4.896905
-0.439565 -0.169534 -4.872040
-0.411946 0.018869 -4.917765
-0.392442 -0.237867 -5.048790
-0.439526 -0.193585 -5.213748
-0.449894 -0.203151 -4.959574
-0.397625 -0.225381 -4.865131
-0.445467 -0.219365 -5.092335
-0.433320 -0.233981 -4.991935
-0.381298 -0.235041 -4.957918
-0.400930 -0.184711 -4.867033
-0.423372 -0.207273 -5.022993
-0.399293 -0.205531 -4.798137
-0.361068 -0.239615 -4.863549
-0.391203 -0.188670 -5.054479
-0.441333 -0.242799 -4.616815
-0.374176 -0.207748 -5.151876
-0.394122 -0.241233 -5.043639
-0.447522 -0.187140 -5.038457
-0.373744 -0.196189 -4.996214
-0.397769 -0.232687 -5.176420
-0.382227 -0.199290 -4.619830
-0.455044 -0.056027 -5.016218
-0.461799 -0.176547 -4.792594
-0.390752 -0.223993 -4.948201
-0.373607 -0.192836 -5.123413
-0.470457 -0.204094 -4.805385
-0.438156 -0.221741 -4.943832
-0.397335 -0.209876 -4.917727
-0.355873 -0.225524 -5.045732
-0.446195 -0.273347 -5.048528
-0.461680 -0.216877 -5.033794
-0.370124 -0.192083 -4.845944
-0.392846 -0.183371 -4.871994
-0.372896 -0.198957 -5.043144
-0.432376 -0.254818 -4.864963
-0.406057 -0.216399 -5.120726
-0.401902 -0.200155 -5.044742
-0.432463 -0.183651 -4.924016
-0.395457 -0.224180 -4.988995
-0.389768 -0.217591 -4.797377
-0.381157 -0.204778 -4.783643
-0.423697 -0.276837 -4.797418
-0.429477 -0.206246 -4.784328
-0.386667 -0.171240 -5.300509
-0.452134 -0.197108 -4.977153
-0.410831 -0.210990 -5.035770
-0.366890 -0.219817 -4.983750
-0.399990 -0.174245 -4.833028
-0.440558 -0.076152 -4.784717
-0.434198 -0.189979 -4.794307
-0.418709 -0.227433 -4.996538
-0.379902 -0.242552 -5.145825
-0.394607 -0.237703 -4.663025
-0.451181 -0.223140 -4.925471
-0.480385 -0.212007 -5.057149
-0.431743 -0.206714 -4.876446
-0.450048 -0.199029 -4.721739
-0.477506 -0.209152 -5.352794
-0.390596 -0.235868 -4.633593
-0.388196 -0.219161 -4.858310
-0.382434 -0.189301 -5.088343
-0.387307 -0.202467 -4.965252
-0.390337 -0.195314 -4.708699
-0.440779 -0.227541 -5.001401
-0.426726 -0.214740 -4.970071
-0.425945 -0.182056 -4.880594
-0.424327 -0.221890 -4.762542
-0.452932 -0.270930 -5.002545
-0.365072 -0.228469 -4.889516
-0.491477 -0.230202 -5.239386
-0.397216 -0.222745 -4.857618
-0.436577 -0.205245 -4.746549
-0.448827 -0.228004 -4.956386
-0.419266 -0.227702 -4.771141
-0.379801 -0.213793 -4.859020
-0.454008 -0.283435 -4.978339
-0.384973 -0.223481 -4.950567
-0.438409 -0.226568 -4.882893
-0.401267 -0.282372 -4.692618
-0.445935 -0.177888 -4.853513
-0.395656 -0.214384 -4.955484
-0.411615 -0.230367 -4.916379
-0.463194 -0.238424 -5.053313
-0.429588 -0.290849 -4.650647
-0.383241 -0.204383 -4.860648
-0.435831 -0.198142 -4.782340
-0.457244 -0.229392 -5.104271
-0.436594 -0.232315 -4.794291
-0.454058 -0.226960 -4.953586
-0.450488 -0.014047 -4.951075
-0.365473 -0.230988 -5.084020
-0.390942 -0.243670 -4.964415
-0.451660 -0.196083 -4.865229
-0.404351 -0.164350 -4.720343
-0.377488 -0.284280 -4.881001
-0.446154 -0.247018 -5.185868
-0.375365 -0.228630 -4.737319
-0.468638 -0.199023 -5.105518
-0.408614 -0.229158 -5.121257
-0.453588 -0.236618 -4.770097
-0.415763 -0.213780 -4.920248
-0.429341 -0.187005 -5.090797
-0.393645 -0.213176 -4.752939
-0.436718 -0.241807 -5.074325
-0.418485 -0.203713 -4.857505
-0.409730 -0.213114 -4.819097
-0.406103 -0.226088 -5.015910
-0.397696 -0.217407 -5.151926
-0.438203 -0.234515 -5.052438
-0.427077 -0.171166 -5.083781
-0.440664 -0.184488 -5.020377
-0.455348 -0.222158 -4.564534
-0.414285 -0.222122 -5.018008
-0.413660 -0.233073 -4.783758
-0.445421 -0.176622 -4.952568
-0.401340 -0.220029 -5.297319
-0.453477 -0.207989 -4.761434
-0.422837 -0.203630 -4.728720
-0.443841 -0.199057 -4.974550
-0.414850 -0.282426 -5.130014
-0.421368 -0.042566 -4.873590
-0.374157 -0.214295 -5.069275
-0.473659 -0.224228 -4.996775
-0.396892 -0.226520 -4.736735
-0.450694 -0.288012 -5.068095
-0.384359 -0.206345 -4.799645
-0.440969 -0.242307 -5.133458
-0.377745 -0.012568 -4.845703
-0.429965 -0.198619 -4.909870
-0.486780 -0.186643 -4.784790
-0.403482 -0.219204 -4.888301
-0.438580 -0.236640 -5.027648
-0.380998 -0.230083 -5.121356
-0.414113 -0.027937 -4.932323
-0.455079 -0.180747 -5.121238
-0.432223 -0.047894 -4.943395
-0.399396 -0.206558 -4.795032
-0.459254 -0.224776 -4.911363
-0.403585 -0.199345 -4.823543
-0.397500 -0.215927 -4.724201
-0.458978 -0.236102 -4.833844
-0.392614 -0.193048 -4.886329
-0.445188 -0.247715 -4.903244
-0.441342 -0.212669 -4.966491
-0.386215 -0.235630 -4.888470
-0.415006 -0.222219 -4.858083
-0.432952 -0.210794 -5.079548
-0.401471 -0.193895 -5.192463
-0.457497 -0.238552 -5.094543
-0.407401 -0.196892 -5.026950
-0.415944 -0.162945 -4.967985
-0.462974 -0.197900 -5.004749
-0.448610 -0.345772 -4.913977
-0.367510 -0.243822 -4.882903
-0.442297 -0.244137 -4.839988
-0.426379 -0.224129 -5.178653
-0.442844 -0.242634 -4.902564
-0.465152 -0.225158 -5.077413
-0.403519 -0.188013 -4.973801
-0.439267 -0.187381 -4.870840
-0.458838 -0.229022 -4.785692
-0.383878 -0.213201 -4.943055
-0.445798 -0.229699 -4.893364
-0.451121 -0.204368 -4.666313
-0.450855 -0.223588 -4.769230
-0.462360 -0.228974 -4.824089
-0.382188 -0.240317 -5.168582
-0.387910 -0.224894 -4.991953
-0.487912 -0.216931 -5.052525
-0.368938 -0.204805 -4.855746
-0.420813 -0.173512 -4.751999
-0.434340 -0.235642 -4.987637
-0.372368 -0.247113 -4.698629
-0.452558 -0.185074 -4.869229
-0.373328 -0.236673 -5.132317
-0.455299 -0.240959 -4.725788
-0.431281 -0.198592 -4.970916
-0.429068 -0.218254 -5.009786
-0.436986 -0.222089 -4.931697
-0.460620 -0.187950 -5.011525
-0.447061 -0.221060 -4.806334
-0.458295 -0.227960 -4.881962
-0.454001 -0.192772 -5.105572
-0.394430 -0.214384 -5.042972
-0.455335 -0.309265 -5.005835
-0.398088 -0.233922 -4.848003
-0.428865 -0.206025 -4.858108
-0.394866 -0.236911 -5.014545
-0.382530 -0.204694 -4.760785
-0.391870 -0.230689 -5.015990
-0.396478 -0.165440 -4.846440
-0.400109 -0.308697 -4.979674
-0.431890 -0.243531 -4.803988
-0.441748 -0.190589 -4.812408
-0.430210 -0.193029 -4.808998
-0.442888 -0.222312 -4.943396
-0.459079 -0.199665 -4.996774
-0.442707 -0.195350 -4.963494
-0.477992 -0.220061 -5.273560
-0.378791 -0.218826 -4.925004
-0.394539 -0.176537 -4.935379
-0.416232 -0.224376 -4.992047
-0.443980 -0.208258 -4.991522
-0.443247 -0.175135 -4.714115
-0.374247 -0.237156 -4.769318
-0.385781 -0.282514 -4.830337
-0.396260 -0.222905 -4.954606
-0.447739 -0.220264 -5.073532
-0.395464 -0.205844 -4.809198
-0.436930 -0.228007 -4.967254
-0.402302 -0.226715 -4.930811
-0.429034 -0.243479 -4.804834
-0.408732 -0.230605 -4.978702
-0.387982 -0.190605 -4.806827
-0.386557 -0.214422 -4.726759
-0.373870 -0.209946 -4.961326
-0.455272 -0.202349 -5.066992
-0.410800 -0.224854 -5.012918
-0.447808 -0.185758 -4.883121
-0.395875 -0.225510 -5.042007
-0.445245 -0.177590 -4.992763
-0.454108 -0.204871 -5.048953
-0.382730 -0.211341 -4.736742
-0.459659 -0.230895 -4.553151
-0.379012 -0.197724 -5.320132
-0.400890 -0.215212 -4.707816
-0.459182 -0.230451 -4.898230
-0.394129 -0.226565 -4.969393
-0.387275 -0.279113 -4.807472
-0.457976 -0.187705 -4.939086
-0.379326 -0.239231 -4.675042
-0.453117 -0.285879 -4.759235
-0.445575 -0.229122 -4.925931
-0.400529 -0.207800 -5.054778
-0.409782 -0.212354 -5.070473
-0.411815 -0.239491 -5.038455
-0.430072 -0.219107 -4.761614
-0.468224 -0.230535 -5.280860
-0.444412 -0.205891 -4.647039
-0.387580 -0.224139 -4.797089
-0.417329 -0.182866 -5.013367
-0.390862 -0.233626 -5.029415
-0.395114 -0.250719 -4.811457
-0.366537 -0.227616 -4.870757
-0.369337 -0.213399 -4.991508
-0.410093 -0.279948 -5.053110
-0.455770 -0.225690 -5.012582
-0.386762 -0.216591 -4.886974
-0.432888 -0.217339 -5.109443
-0.453783 -0.225278 -4.649786
-0.431948 -0.243225 -4.924499
-0.457519 -0.195888 -4.761450
-0.397017 -0.220910 -4.985971
-0.405655 -0.166520 -4.766010
-0.474116 -0.230181 -4.802582
-0.452342 -0.211852 -4.711673
-0.445092 -0.218089 -5.002573
-0.363155 -0.287029 -4.745400
-0.442974 -0.286054 -4.985649
-0.390758 -0.167293 -4.941800
-0.445870 -0.181117 -5.043760
-0.470805 -0.240186 -4.735557
-0.371522 -0.202515 -5.135146
-0.435548 -0.213245 -4.934970
-0.482548 -0.223349 -4.922604
-0.384345 -0.246615 -4.870040
-0.410205 -0.232287 -4.931157
-0.400367 -0.224293 -4.993211
-0.410030 -0.235879 -5.020754
-0.396145 -0.220268 -4.963564
-0.398997 -0.221544 -5.052490
-0.401277 -0.214690 -4.798324
-0.391976 -0.196919 -4.924329
-0.410436 -0.200884 -4.994260
-0.380438 -0.213062 -4.769363
-0.396012 -0.068870 -5.036633
-0.387142 -0.230246 -5.010674
-0.416802 -0.225072 -4.933903
-0.438370 -0.242838 -4.917306
-0.386909 -0.205565 -5.004169
-0.384894 -0.188783 -5.047059
-0.384830 -0.231620 -5.081032
-0.450414 -0.184744 -5.080239
-0.454106 -0.228791 -4.991181
-0.388972 -0.222332 -5.011816
-0.416515 -0.237032 -4.842093
-0.445338 -0.022830 -4.691065
-0.391893 -0.204881 -4.739190
-0.372516 -0.231098 -4.836425
-0.378344 -0.231365 -4.863784
-0.375903 -0.173001 -4.917948
-0.412419 -0.194380 -4.881179
-0.386090 -0.187724 -4.665049
-0.400994 -0.198822 -4.902954
-0.431629 -0.050960 -5.132325
-0.411265 -0.209300 -4.993951
-0.398249 -0.187830 -4.830584
-0.394679 -0.231396 -4.938951
-0.437657 -0.179481 -4.807641
-0.432929 -0.235487 -5.036154
-0.413327 -0.231270 -4.777683
-0.373794 -0.225550 -5.061382
-0.456545 -0.217460 -5.287438
-0.434723 -0.226646 -4.918734
-0.393864 -0.181427 -5.064627
-0.478979 -0.164382 -4.889639
-0.390091 -0.227986 -4.728821
-0.397473 -0.217485 -4.928089
-0.419536 -0.188723 -5.080322
-0.390462 -0.239100 -5.232488
-0.403366 -0.192220 -4.995137
-0.435804 -0.232702 -5.017849
-0.400420 -0.202982 -4.973414
-0.437780 -0.274672 -4.918653
-0.420636 -0.184338 -4.998077
-0.403953 -0.220350 -4.787491
-0.379711 -0.231590 -4.790125
-0.427527 -0.224214 -5.068930
-0.390838 -0.199036 -5.022596
-0.369589 -0.221119 -4.734361
-0.453240 -0.203161 -4.882718
-0.409684 -0.201646 -4.746855
-0.374345 -0.209244 -4.944766
-0.442004 -0.230967 -4.763991
-0.473666 -0.195724 -4.951698
-0.430547 -0.212573 -4.858060
-0.379680 -0.276275 -4.997624
-0.372148 -0.282801 -5.090120
-0.398700 -0.192835 -4.775011
-0.425002 -0.220785 -4.927436
-0.401222 -0.276413 -5.087863
-0.422802 -0.221558 -4.848154
-0.403966 -0.224179 -5.027909
-0.437785 -0.167286 -4.858585
-0.407396 -0.222400 -5.031545
-0.402726 -0.231164 -5.152105
-0.380908 -0.210822 -5.089092
-0.451346 -0.187899 -5.040778
-0.445763 -0.223944 -5.139434
-0.417926 -0.222109 -5.036156
-0.447545 -0.247844 -4.876603
-0.376046 -0.226655 -5.000267
-0.423494 0.000515 -5.055883
-0.412160 -0.195748 -4.851627
-0.405967 -0.211386 -4.860698
-0.470652 -0.216156 -4.874993
-0.442757 -0.224822 -4.997491
-0.382578 -0.231632 -4.697849
-0.456528 -0.194656 -5.045054
-0.392392 -0.227045 -5.111882
-0.454133 -0.239560 -5.279127
-0.399916 -0.229500 -4.989339
-0.436800 -0.288243 -4.985777
-0.403736 -0.173891 -5.036908
-0.445261 -0.179363 -4.930156
-0.472632 -0.176640 -4.979676
-0.398978 -0.223063 -4.750958
-0.367433 -0.168431 -4.730428
-0.379193 -0.216693 -5.002731
-0.413438 -0.217857 -4.976046
-0.432103 -0.232889 -5.008230
-0.398355 -0.038603 -5.050870
-0.376834 -0.214050 -5.017609
-0.465749 -0.225948 -5.071102
-0.393335 -0.248639 -4.800491
-0.421220 -0.222117 -4.846037
-0.442809 -0.191060 -4.983173
-0.414208 -0.232679 -5.066872
-0.411083 -0.172955 -4.927925
-0.381334 -0.244386 -4.795138
-0.408696 -0.225600 -4.762479
-0.400722 -0.004755 -4.818027
-0.442977 -0.275290 -4.753391
-0.388244 -0.213723 -4.973548
-0.439124 -0.191713 -4.950640
-0.443781 -0.189995 -4.939143
-0.447355 -0.220690 -5.212165
-0.449637 -0.215375 -4.847273
-0.407811 -0.173748 -4.807016
-0.389829 -0.211228 -4.814966
-0.403041 -0.064483 -4.914720
-0.447901 -0.224326 -5.133510
-0.441257 -0.240846 -4.971174
-0.448870 -0.219496 -4.831999
-0.416223 -0.222073 -4.884659
-0.457997 -0.190094 -5.028726
-0.487172 -0.244431 -4.658177
