0.048960 -0.468719 -6.254844
0.069876 -0.495043 0.024752
0.039910 -0.451724 6.206507
0.084094 -0.475693 6.229545
0.051950 -0.493062 0.161035
0.042615 -0.444576 -6.272992
0.056943 -0.498145 0.049425
0.059643 -0.474823 6.202265
0.037954 -0.264397 5.996688
0.032628 -0.246404 6.016853
0.063538 -0.465862 6.196373
0.080837 -0.475513 6.175290
0.060486 -0.470772 6.125393
0.066648 -0.455029 -6.164491
0.040055 -0.247811 -6.047499
0.067966 -0.495532 12.526971
0.050446 -0.491370 0.186800
0.044171 -0.474347 -6.136482
0.039476 -0.496089 0.193254
0.023248 -0.469956 5.992602
0.067656 -0.442138 6.262847
0.059584 -0.495829 12.565208
0.064428 -0.468453 6.031521
0.048088 -0.450502 5.997721
0.096996 -0.473912 5.952781
0.063185 -0.472714 6.238969
0.043626 -0.450949 6.245105
0.053076 -0.490116 0.127836
0.040737 -0.443592 -6.122284
0.079998 -0.488597 0.084151
0.059731 -0.483275 6.247094
0.068730 -0.499885 12.456954
0.039773 -0.461758 6.068630
0.043684 -0.494922 0.010445
0.068714 -0.317984 -6.124778
0.053221 -0.453807 -6.260876
0.078524 -0.492248 0.091183
0.044327 -0.487558 0.052930
0.085421 -0.494658 0.055338
0.044547 -0.470832 -6.258895
0.042158 -0.463368 6.180697
0.066694 -0.460650 6.002352
0.054827 -0.461221 -6.151504
0.038868 -0.474862 6.036270
0.082466 -0.445829 -6.076984
0.028948 -0.450563 -6.224214
0.042550 -0.452640 -6.073314
0.061685 -0.488695 0.094342
0.043046 -0.444525 -6.260464
0.045857 -0.487633 12.541593
0.049249 -0.451882 6.224903
0.041859 -0.447424 6.219822
0.058783 -0.451507 -6.196670
0.058713 -0.464018 6.148195
0.060666 -0.477429 6.080209
0.059394 -0.464227 6.205950
0.031002 -0.480544 -6.217565
0.042021 -0.476127 6.167098
0.072661 -0.496168 0.374594
0.063998 -0.486105 6.247774
0.062937 -0.448412 6.168679
0.126593 -0.250819 5.986185
0.057545 -0.450160 6.215958
0.057368 -0.458994 5.970255
0.052129 -0.480943 6.119953
0.086171 -0.455027 -6.145347
0.068614 -0.449356 6.199651
0.064091 -0.444307 6.171004
0.032754 -0.454085 -6.194976
0.069308 -0.498318 6.169590
0.043634 -0.456916 5.955613
0.059900 -0.462091 6.281723
0.072316 -0.451650 6.093025
0.037623 -0.459310 6.091768
0.072624 -0.449267 6.142346
0.090784 -0.499568 6.180201
0.048428 -0.471056 -6.186433
0.042056 -0.461456 6.275265
0.051937 -0.493013 -6.151405
0.023343 -0.463070 6.039678
0.062463 -0.493806 6.204299
0.057118 -0.446940 6.067108
0.037447 -0.445396 5.800141
0.021829 -0.450792 6.205348
0.069695 -0.489909 12.492568
0.053201 -0.456152 6.065412
0.028673 -0.464404 6.135131
0.066574 -0.466007 -6.162454
0.047743 -0.459388 -6.201473
0.061642 -0.468227 -6.228440
0.097084 -0.494824 0.237739
0.099372 -0.488181 0.086511
0.044504 -0.491772 12.504235
0.040643 -0.460307 6.262047
0.039428 -0.445286 6.129066
0.034463 -0.492305 0.050063
0.083098 -0.462618 -6.193493
0.031387 -0.470418 -6.166861
0.063380 -0.494880 0.204443
0.056168 -0.470950 6.058681
0.024129 -0.478858 -6.157442
0.077321 -0.450960 6.036869
0.056217 -0.271029 6.063473
0.079583 -0.489923 0.159343
0.061501 -0.476868 -6.224376
0.044934 -0.454863 6.191802
0.030145 -0.484252 6.248201
0.089676 -0.447914 -6.210183
0.030287 -0.456688 6.187462
0.074031 -0.460241 6.255662
0.054935 -0.481038 6.206506
0.034561 -0.469696 6.122849
0.069297 -0.480605 -6.082569
0.080368 -0.496655 6.120824
0.049022 -0.497999 -6.179054
0.041752 -0.487411 0.081333
0.027951 -0.465951 6.245333
0.042277 -0.450984 5.989924
0.035142 -0.438784 -6.261836
0.074246 -0.485827 12.376505
0.064193 -0.455346 6.094428
0.034912 -0.498319 0.184492
0.035429 -0.451678 -6.265580
0.060752 -0.452199 6.114565
0.044870 -0.489337 0.219874
0.047665 -0.469089 -6.154213
0.049352 -0.450253 6.280184
0.086231 -0.446447 -6.240963
0.066600 -0.496472 6.099425
0.053911 -0.471147 6.011818
0.057162 -0.495072 0.137655
0.053940 -0.447037 -6.242255
0.090568 -0.479197 6.033051
0.037960 -0.240166 -6.246695
0.056715 -0.484153 0.049296
0.046137 -0.494437 0.426165
0.047332 -0.491594 0.124067
0.033377 -0.447448 -5.980846
0.041749 -0.455908 6.178479
0.041636 -0.465074 6.134627
-0.023447 -0.263173 6.122525
0.040163 -0.449816 -6.234599
0.047658 -0.497891 12.536589
0.067078 -0.487785 12.387752
0.036893 -0.481679 6.053483
0.058192 -0.456243 6.056477
0.051669 -0.258938 6.175681
0.030997 -0.481006 12.564017
0.012170 -0.282417 6.020736
0.009389 -0.466457 6.079619
0.058984 -0.475134 6.232439
0.050343 -0.498117 0.260878
0.091718 -0.499828 0.043088
0.069370 -0.461911 6.249387
0.013161 -0.454270 -6.272962
0.038580 -0.492393 12.422072
0.057992 -0.457113 6.085722
0.042714 -0.454784 6.011319
0.036517 -0.455670 6.106426
0.050621 -0.485906 0.117606
0.027358 -0.468962 6.229376
0.051045 -0.454809 6.048850
0.055935 -0.464766 -6.201195
0.026160 -0.482241 6.197561
0.038709 -0.455106 6.151627
0.081410 -0.488168 0.218627
0.052810 -0.446401 6.154765
0.057845 -0.481324 12.478786
0.036965 -0.467311 -6.263723
0.064264 -0.462592 6.083658
0.062444 -0.457719 6.222855
0.023105 -0.457687 6.060490
0.046659 -0.491081 12.499491
0.068619 -0.478737 6.173526
0.048849 -0.454823 6.238359
0.027438 -0.452108 -6.196282
0.050133 -0.453413 6.011990
0.024798 -0.460491 5.981358
0.065761 -0.487605 0.057612
0.070581 -0.481716 -6.252437
0.044622 -0.453969 6.108841
0.056744 -0.451426 6.123567
0.048128 -0.479036 -6.106004
0.061709 -0.449692 -6.274014
0.031957 -0.462734 6.258923
0.031766 -0.483789 0.031924
0.069694 -0.456085 6.278533
0.069352 -0.469195 -6.142094
0.038349 -0.454924 6.229631
0.038794 -0.454995 -6.245095
0.045858 -0.497431 -6.180826
0.050250 -0.479594 6.117842
0.065850 -0.465126 -6.254137
0.061854 -0.463955 6.176170
0.039607 -0.448183 6.224597
0.063190 -0.479626 0.163143
0.073426 -0.463737 6.157301
0.057498 -0.468471 -6.257546
0.046354 -0.470121 -6.180316
0.062013 -0.446068 6.161833
0.030093 -0.487082 12.349097
0.079408 -0.499755 0.060754
0.050095 -0.486237 0.091792
0.034151 -0.457168 6.177982
0.034027 -0.470242 6.123552
0.043217 -0.480704 -6.239691
0.060779 -0.472995 6.022218
0.051715 -0.450374 -6.204931
0.062771 -0.446865 6.045082
0.040393 -0.494643 0.221979
0.059349 -0.452957 -6.245405
0.038921 -0.498029 0.172093
0.048279 -0.484681 0.282305
0.054708 -0.471660 6.214724
0.096332 -0.452319 6.055931
0.032556 -0.493268 0.357925
0.017842 -0.444654 6.229727
0.040698 -0.480586 0.263911
0.053076 -0.468825 -6.233679
0.053937 -0.485900 6.167357
0.065232 -0.463476 -6.202317
0.061321 -0.451064 6.215371
0.041402 -0.495594 12.469980
0.047575 -0.456322 6.268072
0.051912 -0.474072 6.273381
0.068485 -0.469964 -6.199281
0.064876 -0.489647 12.381835
0.063186 -0.483491 0.191133
0.055525 -0.454662 6.124056
0.051388 -0.462602 -6.140957
0.050521 -0.471722 6.133054
0.046080 -0.478038 6.101603
0.042726 -0.450678 -6.240223
0.063487 -0.450833 6.205417
0.043450 -0.481215 6.206730
0.065650 -0.451682 6.097430
0.051192 -0.496069 -6.145661
0.063855 -0.441954 5.919985
0.071555 -0.455155 -6.281886
0.042468 -0.466497 6.256234
0.074680 -0.486937 0.335398
0.053993 -0.487056 0.108576
0.033831 -0.464075 -6.220652
0.047679 -0.471936 -6.272266
0.051602 -0.460408 -6.193620
0.054462 -0.468012 -6.226809
0.049204 -0.460221 6.138473
0.033225 -0.467186 -6.228775
0.036691 -0.467079 6.063973
0.060767 -0.458036 6.014212
0.079782 -0.486248 6.277623
0.073393 -0.493555 0.030358
0.065752 -0.462415 -6.263632
0.045891 -0.497177 0.251065
0.035427 -0.453985 6.207214
0.071623 -0.466931 -6.265878
0.055203 -0.478613 -6.206535
0.057721 -0.452797 -6.177620
0.087590 -0.479642 -6.185382
0.051536 -0.497628 6.178578
0.076932 -0.479834 -6.138047
0.058761 -0.476236 6.170113
0.038816 -0.453666 6.174521
0.028398 -0.452280 6.145959
0.066041 -0.444180 6.271653
0.040591 -0.441151 6.155073
0.056745 -0.497119 6.216622
0.039043 -0.479745 6.213719
0.051121 -0.438794 6.259085
0.038397 -0.462262 -6.211186
0.061196 -0.491332 12.537524
0.068673 -0.452654 6.259192
0.058527 -0.492351 6.180314
0.032567 -0.481665 6.165127
0.096839 -0.455400 -6.201859
0.080509 -0.446187 6.173246
0.103157 -0.485960 0.088885
0.062598 -0.498062 0.102229
0.083841 -0.461854 6.225222
0.030067 -0.495762 -6.258434
0.058938 -0.462440 -6.115168
0.031669 -0.449490 6.248054
0.046877 -0.468270 6.267592
0.012458 -0.458551 6.208458
0.046652 -0.441360 6.181171
0.025412 -0.467887 6.074084
0.032246 -0.491864 0.255403
0.059776 -0.476273 6.066424
0.082840 -0.309157 6.135942
0.049410 -0.495895 0.074266
0.027608 -0.499752 -6.162670
0.068760 -0.497584 6.189881
0.078633 -0.474108 6.266576
0.067277 -0.460834 5.883150
0.064330 -0.477654 -6.177616
0.045237 -0.482588 6.017132
0.030595 -0.466295 -6.279545
0.064721 -0.478458 -6.250381
0.042253 -0.454784 6.162814
0.028707 -0.240565 6.090799
0.079040 -0.473349 6.192981
0.073121 -0.457947 6.173796
0.045870 -0.464357 6.152139
0.047124 -0.484775 6.204768
0.039533 -0.460910 -6.275696
0.043124 -0.489395 0.056127
0.057360 -0.453076 6.240814
0.041160 -0.236625 6.020067
0.023403 -0.476506 5.822950
0.071803 -0.448293 6.127853
0.055684 -0.474524 6.049480
0.041130 -0.493684 6.143543
0.062330 -0.462034 5.992876
0.066071 -0.464877 -6.214257
0.044028 -0.463809 6.128438
0.036739 -0.479901 6.263643
0.070437 -0.489649 0.194483
0.092385 -0.475891 6.065588
0.061259 -0.489477 0.155240
0.014607 -0.496013 0.177971
0.016686 -0.466999 6.181092
0.033842 -0.452491 6.135595
0.051476 -0.446661 6.248542
0.046468 -0.487911 6.254006
0.032154 -0.455096 -6.231698
0.036299 -0.463747 6.270753
0.036743 -0.479397 6.245133
0.029432 -0.499161 0.025361
0.022955 -0.460741 6.108436
0.045480 -0.495041 6.281574
0.057481 -0.462045 6.154188
0.049197 -0.498904 0.262800
0.055958 -0.449717 6.175429
0.089525 -0.493549 0.124120
0.062536 -0.484033 6.253240
0.072084 -0.489014 0.082743
0.060546 -0.483675 -6.212418
0.052535 -0.498020 5.978334
0.020893 -0.498025 12.430761
0.041329 -0.490397 12.531083
0.085801 -0.476071 -6.127699
0.071789 -0.483493 5.972268
0.055071 -0.495677 -6.153928
0.058580 -0.484058 -6.196063
0.018333 -0.451877 6.169071
0.027023 -0.463024 -6.064279
0.034715 -0.467736 -6.273004
0.033780 -0.460083 6.102196
0.044829 -0.495150 6.137371
0.046017 -0.489712 6.242764
0.038443 -0.453806 6.228235
0.052862 -0.479992 6.266381
0.053530 -0.461200 -6.144459
0.025835 -0.463909 6.119353
0.065320 -0.457779 5.797313
0.104629 -0.266758 -6.221164
0.088959 -0.448397 6.199127
0.039660 -0.464365 -6.240869
0.051574 -0.472662 -6.260030
0.057563 -0.453640 6.213201
0.066802 -0.439729 -6.156309
0.075592 -0.473385 -6.138868
0.050711 -0.455953 6.230101
0.060832 -0.495634 12.428600
0.067528 -0.488465 0.109195
0.059613 -0.475604 -6.254952
0.034109 -0.488592 12.489486
0.012781 -0.464504 6.222647
0.058218 -0.461337 6.170519
0.073328 -0.477433 -6.195729
0.078642 -0.444302 -6.054481
0.054323 -0.456640 6.191407
0.083063 -0.490472 0.162456
0.056723 -0.459773 6.066540
0.054795 -0.282342 6.104729
0.079021 -0.499460 -6.223084
0.027495 -0.462014 -6.255247
0.042467 -0.458552 6.206794
0.023583 -0.474121 6.155037
0.057826 -0.490881 0.031095
0.035982 -0.460240 -6.273394
0.062649 -0.492023 12.522106
0.057860 -0.459808 6.113549
0.052920 -0.454139 6.180812
0.097049 -0.251846 6.152261
0.021733 -0.447917 6.161240
0.038618 -0.458015 6.009634
0.059992 -0.460020 6.236869
0.058135 -0.484969 5.979359
0.060980 -0.480549 -6.234674
0.044408 -0.491312 12.411035
0.040881 -0.484964 6.215969
0.034149 -0.483217 6.239762
0.089544 -0.301850 6.082663
0.065177 -0.479147 0.134204
0.035406 -0.463270 6.272821
0.061149 -0.486613 12.378871
0.064677 -0.449984 6.267910
0.060875 -0.435479 6.215938
0.048433 -0.496964 0.020110
