-0.384626 0.426675 -5.115914
-0.400898 0.423443 -5.182340
-0.393116 0.499525 -5.314263
-0.398113 0.458679 -5.383494
-0.378810 0.403913 -5.511103
-0.362534 0.497447 11.248563
-0.353798 0.399275 -5.384158
-0.403876 0.453197 -5.468154
-0.367243 0.402943 -5.387843
-0.422650 0.485900 11.685763
-0.372326 0.438638 -5.421929
-0.414898 0.492603 11.551232
-0.345476 0.498154 11.695730
-0.389230 0.432282 -5.426484
-0.393265 0.499472 11.679073
-0.362684 0.437672 -5.180092
-0.379440 0.405757 -5.141489
-0.360032 0.433270 -5.518736
-0.394521 0.441865 -5.501070
-0.385273 0.455179 -5.251793
-0.345799 0.423281 -5.588695
-0.354019 0.425265 -5.375829
-0.382975 0.447326 -5.146077
-0.387838 0.354095 -5.242499
-0.367903 0.495749 11.611136
-0.370391 0.402310 -5.390818
-0.365263 0.433650 -5.598777
-0.375890 0.483414 11.776982
-0.374483 0.390799 -5.420868
-0.387037 0.437273 -5.431946
-0.383355 0.448341 -5.365549
-0.379950 0.410510 -5.257848
-0.379798 0.444103 -5.452623
-0.339928 0.410951 -5.436177
-0.411050 0.402307 -5.364789
-0.367416 0.499629 -5.398194
-0.402836 0.439222 -5.285808
-0.369577 0.415838 -5.668164
-0.358914 0.478752 11.810864
-0.383879 0.449972 -5.294118
-0.398055 0.416519 -5.560907
-0.394036 0.492446 11.666925
-0.354752 0.399960 -5.720832
-0.365977 0.499860 11.464168
-0.400486 0.443427 -5.184074
-0.370781 0.407601 -5.325436
-0.371459 0.423861 -5.183767
-0.381042 0.483124 11.450099
-0.396011 0.430359 -5.380477
-0.378262 0.431752 -5.555480
-0.396009 0.484339 11.796988
-0.400357 0.486742 11.596179
-0.346702 0.434931 -5.396283
-0.459798 0.497116 -5.376531
-0.335472 0.443237 -5.646949
-0.391609 0.480551 11.799175
-0.359705 0.422978 -5.425993
-0.357948 0.422643 -5.198975
-0.395993 0.489734 11.729420
-0.336240 0.415100 -5.395017
-0.369515 0.403081 -5.545410
-0.401839 0.414005 -5.617940
-0.339480 0.431371 -5.516930
-0.407623 0.496104 11.615268
-0.370836 0.442858 -5.201427
-0.398632 0.482225 11.535526
-0.360575 0.446831 -5.309656
-0.325295 0.432761 -5.201178
-0.390227 0.496570 11.658725
-0.410242 0.495889 11.627088
-0.389933 0.422278 -5.557763
-0.351161 0.442277 -5.378676
-0.393618 0.401974 -5.427361
-0.328299 0.499418 -5.214918
-0.399369 0.448212 -5.461348
-0.377693 0.436498 -5.496847
-0.364240 0.424811 -5.478093
-0.387473 0.498823 -5.591358
-0.402040 0.489196 11.540648
-0.376181 0.396609 -5.454360
-0.371593 0.379077 -5.449303
-0.371578 0.494956 -5.348351
-0.352064 0.491922 11.863608
-0.342930 0.441016 -5.575958
-0.414458 0.433409 -5.369000
-0.372355 0.499944 11.854161
-0.406575 0.423130 -5.352444
-0.371138 0.476357 -5.316271
-0.355908 0.399827 -5.298427
-0.385923 0.441962 -5.323344
-0.393898 0.410058 -5.476150
-0.376332 0.449415 -5.419954
-0.349242 0.420687 -5.428179
-0.357306 0.482902 11.630008
-0.375167 0.448211 -5.500041
-0.368348 0.431708 -5.456449
-0.377026 0.418229 -5.439434
-0.387835 0.450831 -5.564574
-0.378242 0.494532 -5.310705
-0.359154 0.486516 11.773391
-0.367939 0.450682 -5.356059
-0.370037 0.438007 -5.142731
-0.382084 0.430531 -5.225503
-0.338017 0.387993 -5.420101
-0.350480 0.434677 -5.370177
-0.386975 0.430336 -5.503139
-0.374824 0.407424 -5.171489
-0.381359 0.407455 -5.295839
-0.347092 0.408913 -5.525881
-0.344559 0.436593 -5.360067
-0.378639 0.495357 -5.395587
-0.379603 0.404273 -5.277974
-0.370567 0.498319 11.604605
-0.372200 0.493323 11.549014
-0.381043 0.496523 -5.472776
-0.460033 0.432086 -5.320767
-0.356262 0.412767 -5.535877
-0.405902 0.495938 -5.438449
-0.497425 0.496620 -2.463703
-0.383603 0.447675 -5.399076
-0.379255 0.480566 11.538505
-0.339929 0.453540 -5.391554
-0.372066 0.435418 -5.393214
-0.402836 0.489626 11.737121
-0.394072 0.429953 -5.318265
-0.397258 0.414994 -5.373058
-0.365150 0.499249 11.913221
-0.389282 0.488346 11.639737
-0.355143 0.410320 -5.598744
-0.394532 0.496931 -5.382767
-0.379652 0.479242 11.700853
-0.369359 0.483430 12.075671
-0.407611 0.493055 11.710931
-0.372916 0.435915 -5.136262
-0.368321 0.417803 -5.595999
-0.372141 0.499921 -5.300625
-0.397272 0.395033 -5.344303
-0.381184 0.447440 -5.550295
-0.356104 0.495472 12.078003
-0.388749 0.421974 -5.483542
-0.354925 0.454545 -5.200885
-0.377808 0.422870 -5.561614
-0.341064 0.422183 -5.601238
-0.407406 0.396554 -5.387005
-0.380244 0.397334 -5.424199
-0.351711 0.498197 -5.398198
-0.348992 0.422237 -5.260491
-0.370440 0.401877 -5.441924
-0.384596 0.444514 -5.498774
-0.373157 0.450468 -5.172971
-0.358326 0.442235 -5.440430
-0.338621 0.488737 11.779057
-0.388107 0.398414 -5.597000
-0.393864 0.420661 -5.419698
-0.413632 0.405768 -5.343824
-0.401045 0.486902 11.600814
-0.364927 0.422179 -5.713801
-0.361773 0.496849 11.808560
-0.368225 0.419301 -5.093767
-0.386853 0.428164 -5.166053
-0.345788 0.417386 -5.322626
-0.364675 0.428009 -5.301554
-0.341031 0.405402 -5.134114
-0.392866 0.498226 -5.268999
-0.378717 0.492091 -5.605869
-0.353984 0.442930 -5.453091
-0.388614 0.426534 -5.420101
-0.374016 0.390520 -5.418460
-0.371628 0.493094 11.556573
-0.370971 0.421130 -5.264778
-0.342674 0.403494 -5.459331
-0.374589 0.436709 -5.145793
-0.345050 0.442768 -5.241593
-0.352989 0.425193 -5.323137
-0.364149 0.424593 -5.435113
-0.366707 0.490019 11.868673
-0.350301 0.443321 -5.337784
-0.364708 0.429691 -5.203673
-0.387061 0.473619 -5.467863
-0.364465 0.441111 -5.407897
-0.332022 0.420693 -5.551503
-0.381735 0.457332 -5.281957
-0.361452 0.417620 -5.601632
-0.368758 0.455050 -5.593660
-0.380499 0.440652 -5.197802
-0.376999 0.407221 -5.314930
-0.345178 0.488740 11.836973
-0.332981 0.411394 -5.523015
-0.366325 0.479376 11.858907
-0.362402 0.498574 11.745364
-0.366392 0.415611 -5.158729
-0.365050 0.437647 -5.297586
-0.369087 0.457315 -5.345131
-0.329458 0.420875 -5.406946
-0.368814 0.394873 -5.354015
-0.368219 0.418949 -5.371866
-0.356685 0.487682 11.819668
-0.357482 0.437190 -5.365262
-0.394789 0.421791 -5.296669
-0.366758 0.496739 11.792404
-0.351138 0.497510 -5.560852
-0.363614 0.394314 -5.498267
-0.380943 0.426205 -5.562667
-0.381326 0.447874 -5.536426
-0.352041 0.414872 -5.326117
-0.364459 0.488784 12.054532
-0.389768 0.426634 -5.413208
-0.399730 0.494574 -5.251757
-0.382856 0.436688 -5.493422
-0.348743 0.428202 -5.489355
-0.379483 0.403909 -5.263143
-0.370445 0.421904 -5.389646
-0.361128 0.497776 -5.261277
-0.380494 0.416669 -5.548749
-0.357124 0.418139 -5.258402
-0.379106 0.482584 11.760314
-0.342317 0.420099 -5.497346
-0.374569 0.433499 -5.404733
-0.329415 0.430365 -5.428712
-0.313671 0.440849 -5.344699
-0.367385 0.445676 -5.525534
-0.355038 0.406260 -5.359690
-0.351103 0.473839 -5.165528
-0.350094 0.445064 -5.338955
-0.389501 0.490941 11.710391
-0.383187 0.438862 -5.351909
-0.382681 0.479241 11.733842
-0.344852 0.422287 -5.266600
-0.364011 0.445006 -5.356338
-0.363520 0.421991 -5.279834
-0.379795 0.413269 -5.759517
-0.399259 0.404196 -5.565427
-0.389389 0.440641 -5.496181
-0.380085 0.489728 11.665016
-0.344013 0.493756 11.697144
-0.393957 0.443320 -5.437211
-0.395406 0.404167 -5.660881
-0.360296 0.450050 -5.426809
-0.351136 0.421534 -5.443842
-0.395349 0.404117 -5.323115
-0.422167 0.421963 -5.533460
-0.380254 0.489828 11.702982
-0.381564 0.497585 -5.587520
-0.325443 0.436964 -5.362346
-0.335387 0.422101 -5.417301
-0.356664 0.406367 -5.415641
-0.355485 0.413714 -5.394113
-0.352903 0.432174 -5.626762
-0.320719 0.410323 -5.573101
-0.321588 0.415011 -5.520249
-0.399049 0.470798 -5.367768
-0.384522 0.494038 -5.452409
-0.437881 0.498963 11.741412
-0.327850 0.410003 -5.530111
-0.390405 0.398005 -5.290465
-0.404518 0.455023 -5.473022
-0.386404 0.456583 -5.483769
-0.366953 0.372804 -5.182753
-0.398467 0.409704 -5.168916
-0.389942 0.441444 -5.179198
-0.399590 0.450275 -5.651467
-0.394476 0.497691 11.580463
-0.357325 0.406393 -5.173601
-0.362971 0.421201 -5.570351
-0.353284 0.497509 11.768489
-0.355190 0.427333 -5.364442
-0.395432 0.495276 11.649740
-0.342274 0.389486 -5.487115
-0.459666 0.497419 11.437922
-0.361726 0.413036 -5.278341
-0.340087 0.389551 -5.375293
-0.347115 0.431919 -5.575364
-0.371655 0.489855 11.665215
-0.369076 0.478280 11.740689
-0.379438 0.448718 -5.424905
-0.353853 0.407859 -5.278985
-0.378309 0.497534 -5.495554
-0.362676 0.419384 -5.478237
-0.363353 0.482077 11.728556
-0.359877 0.445846 -5.178007
-0.358191 0.411449 -5.360025
-0.360506 0.398592 -5.358996
-0.404088 0.488699 11.596846
-0.380969 0.410945 -5.244784
-0.377774 0.489673 11.694596
-0.382692 0.419591 -5.339256
-0.383575 0.486050 11.753543
-0.334491 0.405719 -5.214583
-0.418176 0.421281 -5.140011
-0.400575 0.480099 11.642199
-0.365806 0.446897 -5.466779
-0.352075 0.444622 -5.351652
-0.376817 0.489012 11.781934
-0.375580 0.430394 -5.219400
-0.407203 0.446374 -5.433717
-0.344172 0.499762 11.630573
-0.467151 0.431475 -5.636970
-0.413738 0.406018 -5.291651
-0.342303 0.385172 -5.344130
-0.367006 0.410607 -5.744988
-0.327734 0.436588 -5.354429
-0.373234 0.400495 -5.534327
-0.350313 0.441003 -5.314339
-0.351847 0.431140 -5.432210
-0.412005 0.491448 11.582343
-0.366911 0.416494 -5.606967
-0.375501 0.497864 11.575698
-0.364720 0.391901 -5.153859
-0.363907 0.496023 11.861139
-0.381381 0.442278 -5.454295
-0.365979 0.432903 -5.447294
-0.363489 0.431611 -5.195210
-0.372263 0.415166 -5.185349
-0.343136 0.416838 -5.477066
-0.406650 0.439855 -5.302117
-0.354736 0.412138 -5.175575
-0.358051 0.435347 -5.597905
-0.359821 0.497871 11.688900
-0.393413 0.427172 -5.475450
-0.384812 0.499788 11.623273
-0.379531 0.444227 -5.495375
-0.377171 0.422515 -5.288729
-0.379564 0.489936 11.700646
-0.313057 0.401413 -5.140021
-0.370132 0.495045 11.452131
-0.372458 0.491401 11.483983
-0.367850 0.448599 -5.515000
-0.354777 0.408376 -5.178634
-0.350953 0.488412 11.693092
-0.400124 0.438501 -5.535452
-0.345017 0.406600 -5.313255
-0.372481 0.483766 11.849127
-0.383170 0.491250 -5.300330
-0.382707 0.397615 -5.307759
-0.326560 0.419039 -5.434881
-0.389659 0.445871 -5.469672
-0.397959 0.446374 -5.440365
-0.354858 0.457740 -5.502810
-0.369775 0.441062 -5.594308
-0.331010 0.436194 -5.550519
-0.342675 0.477738 11.821955
-0.408685 0.434599 -5.411443
-0.358726 0.414447 -5.338372
-0.355811 0.434691 -5.594543
-0.330093 0.486934 11.699179
-0.368141 0.415453 -5.658461
-0.409229 0.499769 11.701755
-0.392360 0.408952 -4.919720
-0.368446 0.442743 -5.397973
-0.363392 0.479719 11.453408
-0.364404 0.430101 -5.209624
-0.319235 0.495791 11.529566
-0.401339 0.422316 -5.367481
-0.371156 0.497575 11.684885
-0.380557 0.489802 -5.613280
-0.470962 0.417541 -5.355457
-0.376619 0.393037 -5.678092
-0.338735 0.478803 11.716104
-0.386788 0.481845 11.738702
-0.362983 0.485431 11.744699
-0.347030 0.452789 -5.113945
-0.361573 0.423786 -5.457373
-0.364396 0.411937 -5.342601
-0.383954 0.446454 -5.519655
-0.377239 0.451648 -5.433745
-0.370879 0.499071 -5.460361
-0.365957 0.406733 -5.334752
-0.335017 0.437103 -5.445329
-0.364738 0.415069 -5.352378
-0.361954 0.422679 -5.388877
-0.342117 0.479151 -5.300377
-0.391218 0.407649 -5.735019
-0.377777 0.483703 11.644352
-0.340139 0.486372 11.677362
-0.356001 0.476494 -5.503426
-0.344657 0.431498 -5.666982
-0.362280 0.418989 -5.310063
-0.326025 0.387798 -5.634127
-0.327294 0.450436 -5.384000
-0.401247 0.473793 -5.692283
-0.348257 0.490656 11.804060
-0.397800 0.441587 -5.609995
-0.370778 0.486012 11.574332
-0.340073 0.447787 -5.679339
-0.346397 0.428354 -5.324847
-0.369695 0.497270 -5.335632
-0.406221 0.449291 -5.418999
-0.383147 0.446615 -5.484243
-0.395324 0.416314 -5.454155
-0.387947 0.447929 -5.665229
-0.347866 0.404326 -5.495615
-0.378611 0.477977 11.674221
-0.407749 0.437548 -5.248383
-0.384870 0.497480 11.763277
-0.354474 0.439485 -5.449543
-0.343724 0.492755 11.747583
-0.370139 0.452347 -5.349935
-0.368339 0.406790 -5.425349
-0.365281 0.442119 -5.172591
-0.385155 0.488012 11.457423
