-0.208010 0.156190 2.469702
-0.203692 0.156477 2.242925
-0.221955 0.147336 2.270080
-0.271819 0.101601 2.153377
-0.207950 0.121663 2.403462
-0.210996 0.140370 2.505629
-0.237905 0.101544 2.153548
-0.213477 0.082227 2.357898
-0.221133 0.114354 2.096873
-0.149854 0.169235 2.380932
-0.186167 0.106505 2.244257
-0.221744 0.109176 2.077338
-0.175028 0.151598 2.388407
-0.193920 0.199171 2.393948
-0.195396 0.149041 2.308360
-0.210039 0.126318 2.674017
-0.059722 0.172771 2.267480
-0.225544 0.118534 2.103201
-0.187522 0.171874 2.294634
-0.174475 0.131765 2.256898
-0.197131 0.184436 2.290880
-0.131328 0.132308 2.337990
-0.199765 0.155572 2.222008
-0.211319 0.129779 2.400547
-0.170555 0.134910 2.614904
-0.221479 0.150640 2.573371
-0.166073 0.176128 2.183539
-0.249472 0.102186 2.314884
-0.178812 0.138052 2.327494
-0.193071 0.102103 2.573431
-0.210314 0.135651 2.406366
-0.174449 0.189553 2.182852
-0.208177 0.164530 2.221118
-0.221992 0.115983 2.466593
-0.217524 0.114317 2.126769
-0.222962 0.127617 2.431844
-0.234967 0.169983 2.334792
-0.200059 0.113361 2.057176
-0.228387 0.126764 2.214992
-0.221518 0.187611 2.265807
-0.212792 0.175420 2.400470
-0.202322 0.161308 2.299686
-0.209635 0.123157 2.342374
-0.225075 0.169085 2.278035
-0.222589 0.113272 2.431838
-0.024825 0.138025 2.395804
-0.199580 0.141769 2.322725
-0.030859 0.133661 2.396054
-0.174102 0.146504 2.375287
-0.225815 0.113342 1.767179
-0.172330 0.136833 2.085349
-0.211175 0.137671 2.354298
-0.155288 0.203338 2.318980
-0.199143 0.138513 2.082152
-0.237250 0.114299 2.568113
-0.197592 0.156061 2.060255
-0.214998 0.137883 2.351480
-0.184747 0.115562 2.547771
-0.206877 0.111402 2.435593
-0.209788 0.108285 2.168149
-0.266855 0.112311 2.190406
-0.171605 0.166799 2.116715
-0.178374 0.139206 2.599010
-0.205355 0.127626 2.216960
-0.194856 0.116658 2.251970
-0.163106 0.165654 2.372393
-0.099159 0.140340 2.104205
-0.125189 0.128402 2.374350
-0.223235 0.132780 2.463631
-0.205535 0.187555 2.203706
-0.210907 0.132205 2.290457
-0.025340 0.121711 2.393167
-0.195659 0.114884 2.431078
-0.172791 0.175775 2.194436
-0.156168 0.153109 2.178263
-0.214134 0.155712 2.075915
-0.229561 0.134645 2.082563
-0.191038 0.106729 2.319102
-0.196872 0.115440 2.219402
-0.197101 0.163543 2.118272
-0.183118 0.122713 2.204642
-0.184685 0.170173 2.155013
-0.228312 0.093999 2.242867
-0.193765 0.149238 2.408329
-0.169327 0.157136 2.325550
-0.176713 0.160954 2.117456
-0.204158 0.145353 2.327263
-0.214706 0.112055 2.172214
-0.198254 0.133823 2.021446
-0.225516 0.035905 2.390371
-0.264492 0.161631 2.081100
-0.202624 0.171798 2.244556
-0.211526 0.130635 2.081726
-0.177488 0.126671 2.440862
-0.233745 0.148597 2.461908
-0.154883 0.155458 2.112092
-0.175142 0.138073 2.509322
-0.254440 0.147262 2.538016
-0.214097 0.128964 2.375580
-0.026045 0.130436 2.264962
-0.184779 0.181397 2.575047
-0.188522 0.179674 2.514033
-0.210187 0.131170 2.504126
-0.206542 0.119493 2.331400
-0.211326 0.125316 2.413277
-0.199097 0.152221 2.372352
-0.221845 0.125964 2.481332
-0.219314 0.112533 2.090110
-0.218376 0.112439 2.152912
-0.192161 0.112201 2.367436
-0.182311 0.176309 2.457309
-0.205202 0.123678 2.133936
-0.210357 0.153122 2.206320
-0.164559 0.176257 2.447508
-0.242087 0.121444 2.159288
-0.165968 0.173868 2.234079
-0.249466 0.089303 2.459291
-0.176738 0.158043 2.178069
-0.177732 0.133877 2.337405
-0.216563 0.105798 2.220805
-0.221920 0.123960 2.292865
-0.206100 0.157641 2.334582
-0.241095 0.136771 2.106677
-0.227922 0.111699 2.339540
-0.224621 0.128854 2.260328
-0.190285 0.187099 2.224303
-0.190598 0.124463 2.512789
-0.191095 0.115486 2.333630
-0.203549 0.121175 2.146110
-0.197849 0.158253 2.485561
-0.052177 0.140202 2.367791
-0.220280 0.111548 2.224940
-0.189087 0.116063 2.251643
-0.193075 0.144190 2.329489
-0.185779 0.130260 2.362910
-0.198218 0.136243 2.248686
-0.196416 0.120339 2.063378
-0.198749 0.154598 2.222654
-0.168951 0.146976 2.057688
-0.196364 0.172662 2.553563
-0.243406 0.166296 2.351327
-0.216685 0.103722 2.513677
-0.232071 0.129262 2.297488
-0.182614 0.167447 2.019219
-0.223440 0.116621 2.291628
-0.164586 0.197604 2.077862
-0.233564 0.132975 2.024389
-0.205277 0.058898 2.365648
-0.238017 0.188381 2.328916
-0.218989 0.157305 2.284302
-0.202881 0.135386 2.209702
-0.192197 0.126568 2.247070
-0.180522 0.158319 2.274358
-0.200600 0.131132 2.327585
-0.223736 0.111389 2.370331
-0.177806 0.163535 2.255665
-0.181481 0.152532 2.293364
-0.182743 0.182845 2.397825
-0.215904 0.105407 2.129456
-0.198598 0.148633 2.362671
-0.179835 0.148165 2.205523
-0.166775 0.148148 2.398651
-0.198352 0.060052 1.998672
-0.264657 0.126603 2.454690
-0.237597 0.148919 2.506681
-0.192242 0.141417 2.379072
-0.172942 0.180089 2.125891
-0.183558 0.144064 2.197134
-0.167621 0.137724 2.244802
-0.209327 0.118511 2.173623
-0.211870 0.144297 2.248143
-0.228405 0.130346 2.063124
-0.194499 0.119936 2.142875
-0.227640 0.095492 2.456406
-0.257308 0.136486 2.269564
-0.224434 0.201826 2.369031
-0.236499 0.094413 2.508174
-0.166923 0.190517 2.199412
-0.155884 0.142329 2.318659
-0.198720 0.126417 2.365347
-0.179232 0.150284 2.250729
-0.212049 0.018231 2.334867
-0.211424 0.102033 2.290493
-0.194155 0.142300 2.388332
-0.236168 0.096328 2.377295
-0.186770 0.159151 2.146632
-0.232061 0.125290 2.075256
-0.180580 0.173410 2.344367
-0.209196 0.173043 1.978885
-0.211788 0.149177 2.361179
-0.235629 0.135309 2.486651
-0.158062 0.198456 2.238401
-0.177534 0.102765 2.100689
-0.119646 0.188823 2.274004
-0.204872 0.127678 2.127619
-0.194788 0.159061 2.319336
-0.191052 0.109230 2.328921
-0.206554 0.161443 2.370206
-0.184928 0.144205 2.477437
-0.230743 0.091568 2.338017
-0.231398 0.129898 2.328864
-0.192978 0.132421 2.414818
-0.180316 0.126345 2.240806
-0.217320 0.176703 2.334454
-0.196981 0.143322 2.196912
-0.174710 0.168941 2.249786
-0.209023 0.144715 2.352118
-0.206566 0.111483 2.297753
-0.186159 0.120214 2.461224
-0.164913 0.122092 2.441613
-0.192299 0.073511 2.427369
-0.014584 0.136218 2.024191
-0.188254 0.154467 1.998333
-0.193804 0.191057 2.067483
-0.235143 0.048728 2.444170
-0.205452 0.186135 2.193952
-0.169763 0.135767 2.186707
-0.183615 0.145013 2.411767
-0.208960 0.201088 2.277477
-0.193812 0.151289 2.361003
-0.234830 0.111965 2.070202
-0.217156 0.130208 2.355578
-0.167943 0.137460 2.150527
-0.245704 0.130209 2.416543
-0.227185 0.178590 2.370134
-0.207168 0.152944 2.339597
-0.226077 0.135608 2.596218
-0.212283 0.110690 2.373378
-0.226860 0.111781 2.382690
-0.205842 0.145433 2.375984
-0.222148 0.161268 2.240652
-0.183220 0.117615 2.431841
-0.219980 0.106927 2.420966
-0.206360 0.123195 2.230568
-0.223732 0.163051 2.096827
-0.185766 0.123699 2.212833
-0.202305 0.137941 2.099303
-0.219539 0.137332 2.143421
-0.165058 0.142913 2.329588
-0.195827 0.148254 2.161653
-0.245086 0.133495 1.987958
-0.215168 0.144804 2.361488
-0.195498 0.160283 2.310846
-0.049367 0.047507 2.364277
-0.193007 0.162306 2.602821
-0.217503 0.152963 2.457780
-0.185796 0.136415 2.452939
-0.237192 0.131185 2.384374
-0.178417 0.130497 2.249852
-0.202351 0.174907 2.255245
-0.219913 0.123827 2.043685
-0.193178 0.191308 2.289628
-0.185996 0.154515 2.383959
-0.226358 0.106151 2.291913
-0.206289 0.074029 2.214765
-0.206495 0.147678 2.500030
-0.168669 0.199721 2.576233
-0.195309 0.092525 2.134112
-0.185382 0.141857 2.056516
-0.192478 0.144997 2.298300
-0.208864 0.099780 2.355830
-0.216898 0.110594 2.254972
-0.250254 0.138059 2.595275
-0.185494 0.180281 2.410408
-0.180255 0.142800 2.216636
-0.198929 0.147845 2.190789
-0.217328 0.122605 2.402850
-0.204020 0.115309 2.240923
-0.013825 0.126192 2.319232
-0.169675 0.135673 2.337359
-0.209526 0.166477 2.100929
-0.206463 0.161583 2.185325
-0.206432 0.152990 2.348863
-0.258621 0.097565 2.069709
-0.173347 0.172429 2.534650
-0.195606 0.122506 2.236192
-0.229847 0.144323 2.564898
-0.204388 0.133594 2.302417
-0.194996 0.141904 2.338488
-0.239072 0.112070 2.058234
-0.191460 0.173484 2.109343
-0.186757 0.152380 2.462206
-0.171212 0.137938 2.415082
-0.221635 0.108307 2.168528
-0.236617 0.117812 2.342458
-0.168234 0.143105 2.222732
-0.169626 0.124420 2.461340
-0.193254 0.157303 2.399070
-0.200302 0.124568 2.350365
-0.176043 0.180507 2.444756
-0.229580 0.174324 2.211246
-0.206462 0.120757 2.433058
-0.179129 0.140336 2.470802
-0.229399 0.142929 2.128087
-0.232828 0.150574 1.857098
-0.188859 0.190268 2.235164
-0.223157 0.121718 2.786159
-0.208320 0.120141 2.144898
-0.191554 0.142135 2.364478
-0.182442 0.113922 2.596901
-0.205833 0.097183 2.217499
-0.146812 0.162748 2.170064
-0.216899 0.154137 2.443631
-0.223354 0.126759 2.436372
-0.237258 0.115856 2.310434
-0.237622 0.167272 2.377114
-0.223876 0.103770 2.192462
-0.009027 0.134900 2.401990
-0.177810 0.131068 2.437880
-0.219256 0.033928 2.119687
-0.194513 0.132734 2.306789
-0.199908 0.187487 2.270713
-0.210861 0.130768 2.074638
-0.184336 0.136449 2.257852
-0.271136 0.142476 2.407099
-0.199854 0.112693 2.406410
-0.174481 0.206010 2.505833
-0.205770 0.175719 2.142558
-0.240597 0.058184 2.540158
-0.213666 0.187128 2.425721
-0.174650 0.147228 2.123834
-0.205923 0.204599 2.337748
-0.190518 0.137748 2.104831
-0.203332 0.139314 2.331124
-0.188317 0.100508 2.334847
-0.143403 0.161760 2.482131
-0.184629 0.192449 2.159790
-0.186835 0.103415 2.282144
-0.189101 0.070219 2.256905
-0.212779 0.135846 2.123201
-0.192409 0.121985 2.290178
-0.222321 0.122555 2.190166
-0.176450 0.152809 2.412520
-0.210702 0.165558 2.350966
-0.202862 0.137004 2.366973
-0.172277 0.159081 2.231479
-0.201224 0.124117 2.243889
-0.205660 0.171148 2.161363
-0.184628 0.186404 2.485558
-0.162886 0.166631 2.410785
-0.176797 0.141245 2.460681
-0.209110 0.118707 2.285449
-0.160222 0.153072 2.325028
-0.181550 0.132317 2.374738
-0.154410 0.145458 2.220850
-0.235343 0.118227 2.377955
-0.185099 0.173103 2.215164
-0.202574 0.161440 2.409984
-0.190750 0.141925 2.314358
-0.171954 0.162916 2.228617
-0.229780 0.103587 2.294716
-0.224407 0.173893 2.364361
-0.230219 0.108429 2.425684
-0.250626 0.135318 2.308201
-0.212607 0.158205 2.499596
-0.178681 0.186253 2.160524
-0.194845 0.153130 2.270082
-0.163725 0.180315 2.289648
-0.167727 0.158288 2.248390
-0.279231 0.170355 2.254417
-0.173573 0.175348 2.316147
-0.006124 0.150870 2.320397
-0.214654 0.130172 2.324542
-0.200621 0.123523 2.353478
-0.192034 0.146902 2.317344
-0.229500 0.124927 2.449946
-0.185142 0.162949 2.278235
-0.189178 0.120813 2.618612
-0.169214 0.129597 2.225026
-0.193481 0.135363 2.199338
-0.211965 0.151385 2.224062
-0.228595 0.143368 2.355052
-0.224251 0.147899 2.282883
-0.196713 0.140051 1.950738
-0.184125 0.235763 2.255418
-0.209617 0.141725 2.262979
-0.194790 0.143394 2.407611
-0.215173 0.113424 2.306618
-0.215424 0.106848 2.374794
-0.050383 0.154810 2.083598
-0.184861 0.111108 2.184582
-0.196398 0.139560 2.290181
-0.231091 0.128633 2.206124
-0.217806 0.120614 2.395837
-0.197195 0.148273 2.527543
-0.193121 0.163177 2.394941
-0.141763 0.134751 2.379559
-0.270249 0.068979 2.311273
-0.229183 0.142531 2.487042
-0.210575 0.141455 2.388545
-0.227812 0.130910 2.144667
-0.201301 0.134441 2.494823
-0.209237 0.198466 2.178941
-0.210276 0.124055 2.062838
-0.045759 0.126242 2.142453
-0.141547 0.197723 2.334669
-0.205198 0.138992 2.249360
-0.207758 0.178956 2.265075
-0.188146 0.139272 2.267370
-0.170795 0.174565 2.307087
