-0.493477 -0.093883 -4.803930
-0.460011 -0.113132 -4.663183
-0.474160 -0.070327 -4.673998
-0.465474 -0.256001 -4.909744
-0.471992 -0.114803 -4.612067
-0.475938 -0.095517 -4.568317
-0.447483 -0.085328 -4.615753
-0.474469 -0.109156 -4.538806
-0.495299 -0.084723 -4.706204
-0.480641 -0.082838 -4.627164
-0.484152 -0.103115 -4.721563
-0.476620 -0.109562 -4.787405
-0.466412 -0.105806 -4.673048
-0.471662 -0.226162 -4.446295
-0.494502 -0.240341 -4.843573
-0.472475 -0.089154 -4.955978
-0.480727 -0.070870 -4.641053
-0.485948 -0.091909 -4.687807
-0.455296 -0.139804 -4.520257
-0.474726 -0.302921 -4.443257
-0.453901 -0.068151 -4.800060
-0.446995 -0.153529 -4.718930
-0.463372 -0.099602 -4.794863
-0.466028 -0.105186 -4.806951
-0.485574 -0.220135 -4.307785
-0.460593 -0.091084 -4.566153
-0.467566 -0.087264 -4.649847
-0.477159 -0.115185 -4.541606
-0.476159 -0.086706 -4.691690
-0.486041 -0.104556 -4.706867
-0.465137 -0.085310 -4.429925
-0.491903 -0.227582 -4.609827
-0.470782 -0.109159 -4.707106
-0.485756 -0.067611 -4.772479
-0.472892 -0.261161 -4.545457
-0.469362 -0.088109 -4.657506
-0.489608 -0.229909 -4.808472
-0.455965 -0.072413 -4.433575
-0.460662 -0.093908 -4.752575
-0.494835 -0.088890 -4.547514
-0.492982 -0.105115 -4.524014
-0.470731 -0.127451 -4.557829
-0.477159 -0.336949 -4.515269
-0.481607 -0.212259 -4.636913
-0.480997 -0.056091 -4.633596
-0.448094 -0.219674 -4.553594
-0.491122 -0.119760 -4.738624
-0.499185 -0.092392 7.800517
-0.474561 -0.093983 -4.822264
-0.478103 -0.086324 -4.617933
-0.473291 -0.105757 -4.674332
-0.485594 -0.114359 -4.593943
-0.472669 -0.228449 -4.663609
-0.452078 -0.114654 -4.431160
-0.488108 -0.121851 -4.809500
-0.484823 -0.210413 -4.625758
-0.475652 -0.124878 -4.765955
-0.466127 -0.074848 -4.636456
-0.468996 -0.238142 -4.702297
-0.470178 -0.096252 -5.242948
-0.481195 -0.144040 -4.803467
-0.472059 -0.097981 -4.809639
-0.462875 -0.133979 -4.824376
-0.458163 -0.214880 -4.729852
-0.483285 -0.228373 -4.683536
-0.474670 -0.068090 -4.967793
-0.455072 -0.093959 -4.884091
-0.478112 -0.084109 -4.723573
-0.460139 -0.086001 -4.475529
-0.463752 -0.107720 -4.780915
-0.475026 -0.088571 -4.684405
-0.468033 -0.097855 -4.633701
-0.485840 -0.217470 -4.714434
-0.487468 -0.059396 -4.849118
-0.480401 -0.082432 -4.345879
-0.483211 -0.084583 -4.903119
-0.485879 -0.235432 -4.769788
-0.458094 -0.224552 -4.670112
-0.469708 -0.065516 -4.637952
-0.470881 -0.136333 -4.320664
-0.478044 -0.230893 -4.536914
-0.469046 -0.097749 -4.779309
-0.451949 -0.091707 -4.668548
-0.487118 -0.062710 -4.636428
-0.459714 -0.222379 -4.792169
-0.476957 -0.116066 -4.627758
-0.470866 -0.113697 -4.681689
-0.467102 -0.219585 -5.049942
-0.469237 -0.077213 -4.542650
-0.490215 -0.073902 -4.753744
-0.471537 -0.068216 -4.865058
-0.489249 -0.103015 -4.713360
-0.446807 -0.109600 -4.663372
-0.453004 -0.103314 -4.510798
-0.458297 -0.216089 -4.877428
-0.465569 -0.085540 -4.629925
-0.473288 -0.085488 -4.779344
-0.472317 -0.085018 -4.742687
-0.458573 -0.065357 -4.792994
-0.488706 -0.118798 -4.558543
-0.464215 -0.115326 -4.607877
-0.458800 -0.089291 -4.756491
-0.470807 -0.103731 -4.741227
-0.477554 -0.243594 -4.595460
-0.472949 -0.081296 -4.562353
-0.499086 -0.104992 7.756720
-0.476833 -0.086079 -4.474389
-0.468837 -0.216404 -4.768103
-0.474829 -0.094930 -4.428352
-0.470509 -0.332336 -4.871173
-0.471486 -0.138399 -4.590430
-0.466228 -0.103162 -4.531668
-0.459567 -0.062947 -4.555650
-0.476326 -0.111675 -4.612566
-0.456967 -0.227184 -4.548838
-0.472140 -0.077303 -4.377637
-0.463718 -0.125188 -4.673432
-0.458719 -0.211980 -4.814694
-0.497170 -0.218640 -4.754804
-0.456814 -0.111455 -4.556927
-0.471110 -0.067358 -4.596505
-0.478103 -0.079304 -4.671991
-0.499001 -0.326290 -4.918702
-0.489960 -0.097674 -4.946738
-0.494130 -0.132767 -4.788587
-0.486298 -0.241895 -4.666399
-0.489562 -0.210244 -4.798070
-0.477875 -0.099651 -4.477074
-0.462911 -0.115649 -4.827563
-0.492668 -0.227116 -4.829388
-0.469463 -0.248545 -4.784936
-0.460373 -0.328570 -4.783603
-0.475038 -0.090563 -4.510689
-0.489318 -0.233109 -4.743782
-0.453886 -0.348624 -4.736736
-0.478357 -0.061279 -4.592795
-0.471834 -0.054567 -4.808776
-0.449508 -0.083994 -4.706604
-0.495187 -0.083621 -4.800822
-0.464428 -0.238729 -4.817024
-0.476715 -0.088485 -4.459490
-0.479593 -0.105041 -4.750490
-0.458817 -0.114209 -4.539787
-0.483928 -0.097528 -4.608314
-0.469149 -0.233156 -4.520770
-0.471350 -0.093252 -4.492965
-0.479512 -0.211585 -4.577252
-0.457982 -0.113963 -4.844930
-0.459840 -0.200643 -4.769002
-0.464866 -0.107611 -4.653521
-0.479458 -0.110479 -4.783019
-0.477834 -0.078770 -4.596229
-0.486062 -0.220864 -4.665398
-0.466589 -0.226351 -4.688989
-0.496816 -0.095438 -4.612939
-0.498598 -0.206258 -4.625340
-0.481848 -0.095774 -4.792094
-0.482325 -0.219118 -4.717999
-0.482532 -0.099323 -4.757269
-0.462305 -0.214018 -4.552255
-0.477448 -0.243606 -4.480703
-0.452105 -0.086094 -4.520373
-0.490535 -0.071032 -4.905216
-0.456155 -0.088501 -4.878730
-0.448837 -0.219084 -4.690411
-0.467226 -0.237619 -4.869224
-0.468473 -0.090214 -4.601429
-0.479445 -0.118785 -4.561210
-0.456419 -0.103397 -4.886318
-0.491891 -0.081481 -4.567672
-0.480377 -0.228866 -4.724394
-0.473657 -0.221192 -4.732169
-0.463353 -0.213638 -4.666895
-0.465118 -0.102017 -4.839540
-0.470500 -0.076606 -4.395603
-0.461150 -0.085908 -4.788998
-0.476031 -0.095936 -4.652155
-0.476792 -0.206736 -4.511251
-0.455843 -0.086063 -4.730439
-0.486236 -0.218386 -4.708422
-0.461722 -0.096517 -4.247935
-0.450266 -0.093734 -4.604790
-0.471009 -0.117709 -4.721329
-0.471853 -0.105446 -4.650261
-0.473561 -0.245780 -4.791895
-0.480172 -0.219264 -4.745848
-0.486003 -0.213857 -4.805239
-0.484550 -0.090327 -4.811145
-0.466063 -0.220849 -4.583909
-0.475642 -0.081473 -4.854893
-0.476122 -0.097287 -4.592373
-0.465647 -0.094261 -4.690280
-0.459133 -0.092196 -4.687345
-0.480415 -0.228087 -4.584314
-0.449402 -0.094254 -4.696929
-0.474003 -0.086400 -4.470743
-0.462432 -0.105446 -4.622013
-0.474080 -0.123755 -4.676139
-0.473240 -0.097461 -4.616691
-0.455892 -0.224798 -4.530627
-0.490297 -0.222245 -4.633545
-0.467142 -0.106900 -4.638249
-0.474899 -0.090314 -4.439602
-0.451996 -0.111375 -4.859146
-0.460111 -0.109256 -4.751434
-0.458878 -0.057875 -4.732259
-0.471895 -0.073827 -4.608744
-0.469972 -0.098421 -4.532548
-0.478296 -0.118561 -4.361473
-0.467795 -0.216781 -4.438050
-0.484579 -0.214042 -4.820790
-0.447490 -0.080191 -4.589002
-0.455897 -0.117904 -4.592543
-0.456199 -0.065896 -4.982745
-0.480581 -0.111999 -4.778822
-0.465115 -0.354422 -4.530567
-0.481769 -0.129177 -4.441139
-0.480263 -0.217155 -4.793585
-0.470102 -0.223682 -4.309069
-0.480969 -0.125346 -4.542960
-0.469333 -0.227175 -4.551937
-0.483266 -0.224910 -4.532520
-0.469330 -0.119215 -4.761298
-0.475739 -0.111685 -4.571355
-0.470839 -0.223326 -4.804734
-0.463680 -0.072489 -4.604572
-0.486374 -0.057666 -4.419109
-0.463142 -0.086526 -4.605423
-0.472327 -0.250757 -4.591096
-0.472635 -0.232738 -4.834328
-0.466275 -0.099586 -4.493017
-0.452324 -0.107809 -4.776471
-0.480491 -0.095553 -4.642794
-0.455357 -0.336719 -4.402585
-0.482691 -0.105761 -4.595865
-0.473428 -0.108283 -4.608388
-0.472386 -0.237244 -4.494122
-0.460802 -0.093580 -4.656047
-0.479911 -0.228032 -4.689187
-0.488001 -0.106161 -4.747041
-0.481232 -0.328393 -4.754809
-0.479541 -0.074979 -4.529259
-0.472215 -0.197886 -4.724692
-0.488104 -0.214651 -4.694102
-0.472971 -0.114806 -4.702778
-0.475904 -0.119964 -4.734585
-0.470514 -0.224055 -4.713602
-0.473894 -0.099098 -4.562086
-0.482132 -0.086909 -4.840475
-0.466393 -0.248552 -4.900821
-0.459948 -0.075255 -4.539294
-0.469258 -0.094056 -4.649906
-0.444108 -0.094694 -4.953951
-0.463162 -0.110548 -4.608469
-0.473973 -0.077310 -4.738981
-0.460020 -0.097419 -4.926661
-0.458024 -0.034751 -4.705577
-0.460288 -0.090652 -4.835155
-0.473990 -0.157601 -4.650866
-0.496679 -0.244982 -4.598788
-0.446406 -0.078491 -4.837298
-0.460772 -0.197648 -4.720780
-0.463225 -0.113421 -4.581601
-0.466605 -0.089364 -4.652997
-0.490548 -0.095281 -4.487353
-0.478869 -0.072969 -4.583879
-0.453696 -0.059098 -4.669646
-0.487764 -0.123949 -4.587003
-0.470724 -0.243911 -4.790485
-0.479089 -0.076196 -4.730461
-0.489935 -0.088224 -4.590610
-0.474769 -0.059743 -4.663213
-0.463807 -0.096098 -4.712109
-0.461902 -0.116501 -4.849774
-0.497426 -0.083160 -4.541855
-0.475219 -0.088316 -4.571191
-0.459210 -0.103967 -4.848098
-0.458347 -0.088623 -4.676619
-0.472994 -0.228866 -4.823231
-0.448244 -0.098109 -4.498233
-0.471169 -0.230558 -4.704345
-0.477488 -0.094027 -4.985961
-0.473844 -0.089138 -4.554268
-0.459712 -0.233398 -4.640197
-0.465732 -0.094048 -4.786999
-0.477228 -0.117338 -4.622445
-0.464369 -0.251158 -4.852002
-0.456883 -0.207696 -4.637550
-0.471392 -0.128271 -4.617879
-0.454201 -0.215597 -4.732892
-0.478507 -0.221592 -5.042493
-0.452046 -0.096354 -4.880057
-0.490728 -0.200305 -4.336275
-0.473455 -0.230898 -4.765660
-0.466635 -0.223873 -4.612436
-0.488342 -0.088765 -4.548617
-0.482808 -0.083423 -4.794008
-0.475590 -0.059997 -4.460033
-0.466456 -0.093671 -4.610864
-0.462756 -0.061664 -4.518189
-0.476805 -0.077081 -4.484579
-0.469522 -0.048704 -4.982211
-0.455920 -0.223480 -4.480477
-0.471212 -0.106356 -4.672816
-0.461813 -0.234265 -4.898647
-0.479438 -0.072047 -4.612603
-0.483599 -0.092995 -4.619881
-0.474330 -0.088526 -4.541437
-0.474732 -0.111707 -4.724063
-0.478676 -0.202568 -4.697177
-0.459799 -0.240752 -4.563544
-0.475192 -0.097475 -4.423450
-0.480877 -0.232183 -4.777890
-0.477680 -0.229670 -4.654544
-0.458860 -0.124197 -4.754187
-0.471533 -0.217310 -4.966852
-0.461413 -0.104424 -4.522768
-0.475184 -0.085556 -4.972093
-0.489696 -0.248877 -4.730576
-0.477587 -0.344158 -4.705562
-0.487841 -0.221137 -4.943474
-0.468290 -0.098388 -4.510225
-0.468300 -0.228190 -4.558431
-0.478208 -0.241418 -4.575720
-0.476403 -0.088977 -4.818226
-0.462818 -0.211338 -4.536876
-0.476455 -0.098912 -4.725459
-0.479026 -0.225380 -4.910327
-0.477106 -0.086376 -4.646764
-0.475888 -0.213068 -4.796217
-0.483744 -0.085908 -4.649755
-0.469157 -0.102084 -4.672697
-0.458401 -0.096307 -4.613618
-0.486783 -0.231169 -4.492668
-0.459691 -0.078549 -4.614547
-0.464915 -0.075146 -4.563602
-0.460099 -0.071745 -4.545740
-0.474284 -0.218005 -4.600753
-0.473057 -0.131580 -4.423306
-0.441702 -0.237762 -4.863663
-0.477074 -0.108727 -4.734348
-0.477435 -0.211669 -4.590830
-0.465269 -0.101724 -4.523666
-0.468715 -0.129092 -4.814999
-0.458145 -0.122537 -4.623268
-0.474107 -0.220002 -4.843228
-0.453241 -0.220830 -4.655455
-0.472368 -0.089730 -4.501462
-0.450285 -0.088859 -4.726794
-0.474378 -0.248159 -4.656593
-0.496796 -0.113447 -4.729431
-0.476822 -0.158994 -4.811722
-0.468899 -0.082178 -4.872383
-0.477193 -0.195633 -4.824992
-0.454522 -0.094162 -4.749528
-0.456293 -0.096998 -4.505600
-0.487073 -0.132199 -4.648899
-0.450124 -0.098027 -4.671905
-0.484823 -0.232789 -4.800938
-0.469608 -0.234084 -4.653574
-0.466121 -0.085579 -4.727280
-0.465244 -0.343423 -4.686005
-0.470237 -0.071331 -4.573829
-0.445937 -0.211276 -4.769555
-0.484616 -0.072736 -4.743810
-0.482285 -0.343217 -4.932900
-0.481583 -0.099029 -4.677758
-0.496563 -0.086679 -4.707385
-0.470507 -0.111264 -4.899008
-0.482694 -0.098590 -4.721421
-0.477351 -0.225750 -4.406249
-0.463146 -0.104763 -4.850315
-0.466998 -0.071734 -4.764416
-0.464588 -0.106070 -4.809172
-0.448710 -0.124321 -4.727587
-0.457032 -0.101298 -4.836203
-0.472727 -0.058537 -4.739984
-0.468428 -0.079244 -4.650566
-0.477431 -0.104142 -4.477565
-0.475455 -0.068680 -4.548560
-0.466302 -0.118232 -4.654636
-0.475765 -0.204182 -4.590148
-0.436544 -0.109447 -4.749037
-0.473862 -0.126703 -4.671293
-0.447442 -0.086801 -4.615309
-0.481298 -0.080167 -4.495290
-0.465647 -0.218941 -4.574140
-0.479769 -0.343758 -4.609442
-0.478249 -0.110879 -4.791872
-0.484230 -0.086786 -4.462013
-0.488185 -0.236397 -4.692942
-0.459068 -0.109709 -4.579873
-0.483848 -0.087540 -4.618465
-0.486776 -0.115829 -4.568984
-0.472059 -0.111172 -4.434018
-0.459588 -0.118811 -4.400023
-0.479516 -0.131904 -4.782972
-0.475285 -0.091425 -4.653638
-0.457643 -0.113123 -4.573702
-0.474233 -0.093995 -4.696772
