0.045734 -0.064922 5.531460
0.028517 -0.075014 5.365504
0.021282 -0.075749 5.496905
0.014055 -0.105303 5.568629
0.025486 -0.081591 5.391867
0.052116 -0.019040 5.367329
0.023569 -0.022984 5.745508
0.034802 -0.028637 5.363616
-0.023140 -0.073687 5.483283
0.053805 -0.086019 5.342395
0.020344 -0.056242 5.574425
-0.021406 -0.046142 5.646069
0.056542 -0.025481 5.431596
0.044840 -0.068228 5.459910
0.048947 -0.075556 5.520482
0.023942 -0.066034 5.342170
0.048767 -0.066285 5.219311
-0.041344 -0.081428 5.460919
0.064453 -0.045954 5.332502
0.046673 -0.041500 5.333221
0.030284 -0.088781 5.592744
0.015935 -0.060184 5.735795
0.043449 -0.080368 5.443541
0.026376 -0.034907 5.532862
0.038169 -0.060864 5.466699
-0.029852 -0.085826 5.716448
0.001030 -0.086400 5.287843
0.035034 -0.044471 5.789641
0.006599 -0.043298 5.823419
0.047762 -0.063108 5.512891
0.023799 -0.057141 5.558991
-0.039249 -0.086325 5.454434
0.050604 -0.055076 5.500528
0.012065 -0.079098 5.580392
0.049262 -0.067229 5.568553
0.062509 -0.081493 5.524185
0.007391 -0.074861 5.425044
0.049775 -0.079299 5.497273
-0.005679 -0.058798 5.455760
0.022099 -0.056824 5.345818
0.021828 -0.053639 5.516612
0.015246 -0.077949 5.632462
0.026834 -0.081595 5.363374
0.052064 -0.033614 5.124108
0.022486 -0.064847 5.386521
0.036508 -0.114938 5.682556
0.031323 -0.022803 5.396601
0.000151 -0.094498 5.343026
0.009985 -0.056346 5.522233
0.017960 -0.039047 5.315956
-0.018502 -0.124445 5.536107
-0.041655 -0.048259 5.550809
0.004822 -0.064446 5.470152
-0.043249 -0.046311 5.346400
0.018282 -0.109105 5.478985
0.063486 -0.040266 5.670677
0.006907 -0.066601 5.273362
0.013665 -0.061844 5.435010
0.044504 -0.029008 5.685043
0.054050 -0.031078 5.725516
0.039737 -0.069066 5.319672
0.028709 -0.086752 5.447204
0.022579 -0.082551 5.665233
0.027690 -0.062494 5.582317
0.002650 -0.068900 5.497380
0.007849 -0.056667 5.613349
0.019944 -0.045481 5.613124
0.023180 -0.054156 5.479160
0.030898 -0.050907 5.364882
0.010516 -0.077112 5.692481
0.025801 -0.050535 5.353874
0.000109 -0.068830 5.446040
0.015587 -0.023134 5.497429
-0.013995 -0.093889 5.445427
0.064728 -0.023648 5.353670
0.007250 -0.107260 5.535963
-0.014892 -0.071592 5.714408
0.069510 -0.020597 5.586112
0.023787 -0.074213 5.510447
0.076322 -0.004913 5.451492
-0.006838 -0.123121 5.278819
0.051562 -0.049166 5.205506
0.009741 -0.060852 5.606477
-0.004849 -0.076502 5.271327
0.063815 -0.048105 5.241663
0.040730 -0.078443 5.444549
0.044136 -0.040103 5.465985
0.040728 -0.046243 5.669019
0.031208 -0.104128 5.426621
0.043080 -0.056614 5.481397
-0.009657 -0.076271 5.237377
-0.005492 -0.131195 5.474492
0.040148 -0.073076 5.346044
0.017101 -0.060618 5.655090
-0.002040 -0.066322 5.379052
0.025920 -0.059011 5.675373
0.026738 -0.116289 5.447034
0.006823 -0.059172 5.458959
0.023479 -0.086139 5.672702
0.014839 -0.039136 5.395359
0.019326 -0.069006 5.586459
0.026059 -0.056024 5.184329
0.051686 -0.070247 5.301019
0.014331 -0.056387 5.302586
0.067817 -0.029789 5.444666
0.018242 -0.110936 5.263004
0.058315 -0.034196 5.482047
0.031889 -0.118482 5.561967
-0.004382 -0.112596 5.560370
0.027361 -0.029806 5.386871
0.003984 -0.058911 5.636260
0.048090 -0.074927 5.339355
0.001841 -0.060735 5.502783
0.072133 -0.017358 5.376151
0.029467 -0.089701 5.209737
0.032684 -0.022182 5.434054
0.055878 -0.049821 5.623485
0.002413 -0.057386 5.826834
0.040386 -0.053986 5.315647
0.013123 -0.073230 5.462806
0.005046 -0.042947 5.622280
0.038180 -0.068806 5.229600
0.047620 -0.105721 5.727184
0.042969 -0.061345 5.606957
0.028808 -0.021337 5.742721
0.043001 -0.051620 5.279996
-0.006258 -0.026725 5.741241
0.036988 -0.106517 5.030327
0.053916 -0.035039 5.468390
-0.021395 -0.086525 5.359919
0.031333 -0.065329 5.738291
0.054187 -0.062460 5.481988
0.046952 -0.109741 5.815175
0.037754 -0.042188 5.388310
0.017507 -0.039324 5.357363
-0.026334 -0.030411 5.351196
0.027399 -0.032614 5.232125
0.052900 -0.100810 5.365132
0.018354 -0.032282 5.294377
-0.002950 -0.073312 5.274853
0.007734 -0.063608 5.332823
0.047263 -0.039278 5.475123
-0.042751 -0.082014 5.634943
0.042139 -0.059061 5.360784
0.031564 -0.096890 5.415039
0.023870 -0.057763 5.497264
0.045339 -0.071780 5.626192
-0.006384 -0.091758 5.374468
0.044514 -0.063172 5.400303
0.006652 -0.050549 5.476683
0.014676 -0.056067 5.489994
-0.021459 -0.040677 5.540167
0.010281 -0.014008 5.595020
-0.035353 -0.057840 5.664118
0.005772 -0.096068 5.302303
0.028338 -0.087615 5.644997
0.062515 -0.024567 5.465231
-0.032745 -0.063788 5.380522
0.062021 -0.035595 5.680467
0.030560 -0.054704 5.758065
0.043802 -0.048231 5.626480
-0.042521 -0.073287 5.463793
0.003534 -0.106041 5.461059
0.010323 -0.023175 5.593548
0.018576 -0.076095 5.537041
-0.020823 -0.144049 5.357961
0.048657 -0.075629 5.701889
0.053329 -0.071323 5.599446
0.054848 -0.032194 5.500414
0.041051 -0.076870 5.170981
-0.018479 -0.077338 5.309033
0.012494 -0.057375 5.311657
0.016865 -0.084621 5.472508
0.024032 -0.034904 5.469817
0.085764 -0.017487 5.672453
0.058777 -0.052140 5.383457
0.040759 -0.015547 5.618521
-0.012631 -0.095480 5.557632
0.032534 -0.032299 5.346512
0.008220 -0.074963 5.463601
0.047302 -0.022189 5.621522
0.009405 -0.040268 5.582528
0.011430 -0.031337 5.817567
0.040500 -0.090783 5.570108
0.052647 -0.077107 5.514745
0.031521 -0.061401 5.335687
-0.005373 -0.115761 5.654916
0.016592 -0.040633 5.431756
0.014903 -0.042038 5.550824
0.046638 -0.041099 5.341750
0.002629 -0.048832 5.541189
0.059847 -0.070473 5.714535
0.007827 -0.084207 5.214301
0.069012 -0.037581 5.434495
0.038750 -0.033889 5.506674
-0.026576 -0.065295 5.349424
0.008530 -0.048377 5.260776
0.029024 -0.125244 5.396096
0.057234 -0.051558 5.442911
0.033383 -0.036067 5.312951
-0.041764 -0.060740 5.580915
0.000621 -0.046493 5.390711
0.048352 -0.035449 5.421541
-0.010727 -0.062052 5.535184
-0.002629 -0.145854 5.307620
0.000492 -0.075509 5.396936
0.014139 -0.074994 5.407876
0.001697 -0.078861 5.285901
0.031486 -0.043869 5.322522
0.020545 -0.056337 5.295764
0.046505 -0.043020 5.402107
0.004058 -0.077743 5.671218
0.006845 -0.061688 5.144283
0.001074 -0.079505 5.310285
0.035234 -0.046351 5.525857
0.024304 -0.056935 5.531493
0.039580 -0.048581 5.455600
0.015130 -0.059909 5.344979
0.004455 -0.114597 5.295804
-0.007018 -0.094836 5.586601
0.001224 -0.044762 5.493889
0.007578 -0.089939 5.230656
0.081628 -0.011570 5.332232
0.026464 -0.061850 5.495155
0.030097 -0.076247 5.533325
0.061858 -0.044265 5.711973
0.000099 -0.078788 5.468704
0.017017 -0.020912 5.560160
-0.034299 -0.064361 5.443914
0.019908 -0.068787 5.297764
0.073762 -0.010716 5.472825
-0.034386 -0.111967 5.546142
0.028063 -0.038062 5.504939
0.020318 -0.101048 5.382374
0.005559 -0.053121 5.635841
0.074144 -0.010514 5.226191
0.027813 -0.076343 5.413018
0.030775 -0.031738 5.444240
0.046511 -0.053250 5.519207
0.048570 -0.054503 5.665098
0.031371 -0.048365 5.233098
0.003200 -0.114971 5.642498
0.001253 -0.110074 5.385446
0.015452 -0.093070 5.354497
0.023822 -0.116597 5.799939
0.022887 -0.083554 5.192092
0.073134 -0.032261 5.271964
0.046779 -0.052133 5.494608
0.015269 -0.085589 5.391652
0.004068 -0.059731 5.559845
0.019241 -0.041469 5.529890
0.004527 -0.054265 5.568601
0.039714 -0.035298 5.237981
0.030297 -0.103492 5.615742
0.006035 -0.046003 5.395552
0.019902 -0.085316 5.265073
-0.041848 -0.056655 5.227789
0.048096 -0.026551 5.471661
0.047398 -0.106303 5.560003
0.009623 -0.046765 5.621510
0.010607 -0.032235 5.504348
0.025031 -0.037550 5.386981
0.033687 -0.066948 5.488170
0.010464 -0.089230 5.327767
0.042446 -0.022287 5.568017
0.044476 -0.055112 5.594703
0.040314 -0.043849 5.471445
0.062793 -0.046570 5.771148
0.011945 -0.061506 5.396347
0.042850 -0.044143 5.376777
0.012402 -0.120725 5.258403
0.007524 -0.104891 5.467178
-0.031845 -0.077281 5.428911
0.032170 -0.082355 5.131374
0.023641 -0.061200 5.514653
0.025510 -0.032011 5.295705
0.027005 -0.061210 5.603007
0.011370 -0.033464 5.466636
-0.001199 -0.093163 5.214269
0.055261 -0.053205 5.444284
0.027177 -0.043137 5.377199
0.048984 -0.040855 5.337813
0.045534 -0.057874 5.401512
0.066034 -0.036444 5.333996
0.066964 -0.009959 5.535440
-0.027509 -0.031023 5.406677
0.012086 -0.094969 5.384653
0.073667 -0.014051 5.607085
0.053256 -0.047217 5.311709
0.013019 -0.054967 5.335182
0.007419 -0.056285 5.544124
-0.036947 -0.054062 5.470551
0.005095 -0.079193 5.521432
0.027222 -0.043017 5.615528
0.054021 -0.047417 5.330613
0.046372 -0.076003 5.544575
0.043779 -0.061707 5.437913
-0.006711 -0.073805 5.342425
0.045375 -0.040050 5.513106
0.008763 -0.060041 5.529216
0.004729 -0.049932 5.399030
-0.007149 -0.079095 5.615782
0.026257 -0.041466 5.565031
-0.008880 -0.134337 5.444613
0.019789 -0.053780 5.400339
0.016065 -0.065378 5.480485
-0.046318 -0.072865 5.540371
0.019591 -0.062042 5.217967
0.005296 -0.076544 5.457967
0.047384 -0.055435 5.658858
0.027464 -0.053246 5.724962
0.050500 -0.069517 5.516248
0.034006 -0.040319 5.601883
0.046428 -0.040192 5.293599
-0.081145 -0.056374 5.807245
0.060179 -0.039028 5.505662
0.043266 -0.051900 5.603989
0.042284 -0.095958 5.596994
0.023828 -0.020370 5.296931
-0.003171 -0.071928 5.659724
0.016079 -0.043173 5.659664
-0.011528 -0.078633 5.432008
0.050292 -0.043481 5.518499
0.061288 -0.055166 5.252725
0.005778 -0.077071 5.351911
0.005386 -0.052896 5.485087
0.061123 -0.101932 5.371550
0.055189 -0.085615 5.626597
0.005352 -0.055382 5.481087
0.052881 -0.048743 5.302607
0.061386 -0.027903 5.556132
0.000275 -0.087971 5.298361
0.043496 -0.031909 5.527560
0.025497 -0.090373 5.580730
-0.030519 -0.030818 5.450775
-0.000661 -0.052866 5.545274
0.061801 -0.041316 5.544561
-0.021672 -0.069194 5.543450
0.042103 -0.063408 5.114598
0.054908 -0.046105 5.425718
0.012915 -0.103643 5.911576
0.018282 -0.069980 5.332238
0.033565 -0.051567 5.664364
0.032187 -0.112656 5.601744
0.061120 -0.043425 5.572584
0.057549 -0.049814 5.321870
0.030193 -0.089360 5.523820
0.019109 -0.025611 5.483945
0.020347 -0.074396 5.430575
0.003816 -0.043661 5.435777
0.030774 -0.050314 5.579093
0.028884 -0.064994 5.669889
0.065352 -0.026664 5.564671
0.065424 -0.062015 5.433609
0.005854 -0.046705 5.544184
0.010733 -0.060114 5.253319
0.072300 -0.025461 5.231997
-0.017131 -0.071829 5.441797
0.021918 -0.052980 5.320334
-0.074602 -0.063778 5.418572
0.051809 -0.073367 5.641961
0.023074 -0.044078 5.431840
0.013581 -0.063077 5.523032
0.025789 -0.086924 5.515235
0.045524 -0.040670 5.677289
0.077208 -0.078765 5.380494
0.025705 -0.027642 5.403242
-0.003451 -0.097523 5.276947
0.010212 -0.075565 5.637607
0.038021 -0.061896 5.516200
0.005469 -0.099878 5.687774
0.042249 0.010076 5.233562
0.012812 -0.045659 5.599519
0.061246 -0.053286 5.767635
0.036697 -0.087147 5.377405
0.006228 -0.057061 5.584525
0.049120 -0.032944 5.584329
0.040416 -0.060545 5.319079
0.028095 -0.051958 5.460941
0.055846 -0.061238 5.552781
0.020852 -0.051866 5.398558
-0.004497 -0.099464 5.625281
0.019204 -0.054108 5.545880
0.031400 -0.026860 5.528269
0.069038 -0.055246 5.395855
0.021856 -0.116876 5.593251
0.012501 -0.050171 5.588213
0.007586 -0.062546 5.580379
0.018417 -0.095273 5.468491
0.035886 -0.043719 5.431672
-0.003068 -0.052159 5.729687
0.072720 -0.000563 5.514640
0.033472 -0.067763 5.266017
0.003819 -0.114127 5.655146
-0.010083 -0.042516 5.204187
0.004955 -0.085514 5.590679
0.010440 -0.039016 5.573593
0.014966 -0.080958 5.412751
0.018480 -0.040719 5.342474
0.034230 -0.068942 5.274558
