0.167888 -0.345101 -0.770337
0.163499 -0.349325 -0.456046
0.180655 -0.162604 -0.760029
0.207348 -0.277551 -0.934339
0.199589 -0.363700 -0.672561
0.201805 -0.311998 -0.864253
0.212191 -0.360686 -0.776259
0.208832 -0.285763 -0.919244
0.188875 -0.371545 -1.159693
0.180774 -0.313848 -0.956603
0.168278 -0.351770 -0.934700
0.146667 -0.329499 -0.980458
0.247889 -0.301382 -0.759591
0.183697 -0.338558 -1.091685
0.168859 -0.322893 -1.037512
0.186685 -0.339881 -0.882344
0.163019 -0.374791 -1.023754
0.232836 -0.335500 -0.731725
0.173099 -0.338358 -0.919090
0.165404 -0.322185 -0.953047
0.191134 -0.374108 -1.048862
0.243045 -0.324316 -0.753142
0.156491 -0.345227 -1.027157
0.174712 -0.410063 -1.001405
0.197695 -0.311543 -0.919408
0.185528 -0.378187 -1.084955
0.195059 -0.335652 -0.734850
0.190035 -0.338520 -0.955954
0.159688 -0.408882 -0.896171
0.164539 -0.345715 -1.063340
0.151533 -0.352831 -0.963945
0.195926 -0.353952 -0.895051
0.214096 -0.311653 -0.862878
0.258637 -0.343669 -0.714074
0.129321 -0.385937 -0.744615
0.230291 -0.143528 -0.773314
0.168399 -0.316344 -0.742301
0.193504 -0.371809 -0.816832
0.234568 -0.316695 -0.735181
0.199664 -0.308399 -0.952825
0.186533 -0.356087 -0.800046
0.153057 -0.320678 -0.868835
0.199990 -0.388748 -0.868277
0.200725 -0.326285 -0.833851
0.177568 -0.317939 -0.707837
0.174226 -0.372684 -0.787858
0.166878 -0.355418 -1.016885
0.166748 -0.342805 -0.751943
0.179089 -0.334215 -0.958521
0.189784 -0.340079 -0.941097
0.163146 -0.333298 -0.996516
0.176035 -0.320843 -0.765488
0.204782 -0.346774 -0.749765
0.108864 -0.160773 -0.638098
0.249903 -0.325687 -0.822745
0.177985 -0.333568 -0.711104
0.234400 -0.328657 -0.841428
0.216946 -0.342557 -0.806902
0.148333 -0.342828 -0.659191
0.175772 -0.389363 -0.981613
0.202527 -0.368529 -0.960415
0.172151 -0.357051 -1.037414
0.228713 -0.344454 -0.645459
0.188671 -0.304486 -0.716947
0.184600 -0.338781 -0.828525
0.192407 -0.313812 -0.898177
0.200851 -0.317765 -1.050359
0.208443 -0.345715 -0.715357
0.165624 -0.322299 -1.042557
0.196098 -0.284409 -0.905330
0.188856 -0.337491 -0.875066
0.203271 -0.327583 -0.829329
0.172744 -0.371196 -0.959112
0.246758 -0.204907 -0.935360
0.171601 -0.328784 -0.875085
0.169834 -0.349630 -1.135257
0.176404 -0.368627 -0.869324
0.185079 -0.167811 -1.164942
0.160569 -0.334167 -1.020758
0.221473 -0.348168 -0.893070
0.207880 -0.387917 -0.997599
0.207758 -0.111487 -0.868459
0.230172 -0.308696 -0.671691
0.217155 -0.331579 -0.955920
0.151919 -0.337341 -0.883462
0.169605 -0.336657 -0.891169
0.139407 -0.360559 -0.737775
0.228069 -0.086074 -0.873683
0.179912 -0.374335 -0.823413
0.173751 -0.327014 -1.075762
0.165674 -0.378715 -1.020316
0.200355 -0.320951 -0.527756
0.219896 -0.355623 -0.751334
0.188482 -0.338114 -0.705827
0.171869 -0.328158 -0.908944
0.215903 -0.335980 -0.902682
0.191538 -0.353280 -0.892259
0.190419 -0.306396 -1.072744
0.207970 -0.091361 -0.917481
0.205631 -0.314088 -0.675808
0.200825 -0.322604 -0.926739
0.170481 -0.331560 -0.976433
0.171151 -0.352565 -0.892557
0.218370 -0.390506 -1.122847
0.213278 -0.336245 -0.969379
0.194023 -0.337278 -0.924594
0.205249 -0.350652 -0.688424
0.192863 -0.353699 -1.118135
0.208155 -0.376127 -1.101257
0.235915 -0.328939 -0.994862
0.183661 -0.126980 -0.807063
0.188682 -0.369369 -0.898837
0.182826 -0.328504 -0.996313
0.218457 -0.301787 -0.882799
0.177684 -0.168123 -1.176575
0.121186 -0.330144 -0.700500
0.229625 -0.345920 -0.713420
0.152203 -0.169257 -0.908629
0.070550 -0.312769 -0.902465
0.189539 -0.320107 -1.138672
0.184184 -0.342005 -0.735207
0.218424 -0.322779 -0.953071
0.207524 -0.322012 -0.892725
0.127680 -0.348369 -0.643003
0.134724 -0.368185 -0.905318
0.147291 -0.364025 -0.855643
0.231668 -0.298198 -1.034664
0.184389 -0.326133 -0.874825
0.220143 -0.364409 -0.878374
0.202437 -0.142953 -0.711968
0.178407 -0.348175 -0.929478
0.220436 -0.309189 -1.065978
0.143327 -0.332240 -0.965424
0.170578 -0.339574 -0.850220
0.210919 -0.358789 -1.075805
0.170935 -0.165243 -0.929394
0.161179 -0.376228 -0.877344
0.196984 -0.322741 -0.993492
0.215004 -0.305401 -1.099028
0.177820 -0.356417 -0.835582
0.201351 -0.307562 -1.075913
0.216131 -0.341349 -0.787027
0.258953 -0.322496 -0.911010
0.200284 -0.341208 -0.510286
0.216669 -0.350647 -1.040827
0.220633 -0.162394 -0.852276
0.288605 -0.282241 -0.609005
0.223052 -0.347458 -0.790757
0.206619 -0.304971 -0.810328
0.172801 -0.317534 -0.817099
0.199981 -0.336340 -0.829043
0.211389 -0.343783 -1.017104
0.156387 -0.395630 -0.697793
0.143521 -0.376097 -0.960850
0.157325 -0.361964 -0.847188
0.125564 -0.360656 -0.881655
0.193827 -0.363300 -0.857192
0.212778 -0.311169 -0.823809
0.210343 -0.329098 -1.006491
0.202310 -0.322966 -0.556875
0.218988 -0.353430 -0.541130
0.217610 -0.329750 -0.716338
0.211591 -0.380185 -0.894508
0.162186 -0.169072 -1.140064
0.232879 0.078990 -0.861634
0.217748 -0.323869 -0.960474
0.175133 -0.346765 -0.679390
0.175833 -0.390089 -1.167351
0.191613 -0.333745 -0.815126
0.180922 -0.352527 -1.071171
0.223392 -0.371977 -0.450058
0.215100 -0.310090 -0.842289
0.258318 -0.295189 -0.685375
0.225291 -0.337732 -0.886970
0.187498 -0.361305 -0.997434
0.207213 -0.314355 -0.904306
0.224791 -0.329606 -0.819585
0.201657 -0.341642 -0.946778
0.222425 -0.267659 -0.769507
0.204309 -0.317033 -0.936179
0.234821 -0.359498 -0.928393
0.168280 -0.316316 -0.681741
0.242506 -0.336229 -1.006465
0.197386 -0.322891 -0.944163
0.181929 -0.331343 -1.006681
0.175870 -0.378076 -1.074623
0.237976 -0.316062 -0.867920
0.203382 -0.390833 -0.826130
0.193653 -0.334506 -0.849931
0.217135 -0.320336 -1.021187
0.201677 -0.337618 -1.025061
0.197951 -0.321147 -0.707510
0.181814 -0.316514 -0.837413
0.247212 -0.345761 -0.782816
0.198297 -0.365551 -0.916357
0.208281 -0.340003 -0.882461
0.229976 -0.317747 -0.945165
0.192956 -0.348317 -0.969764
0.148068 -0.354911 -0.882277
0.208283 -0.310136 -1.160965
0.227348 -0.102965 -1.028253
0.196804 -0.386723 -0.662044
0.192442 -0.349233 -0.627997
0.232509 -0.308278 -0.839006
0.230457 -0.339970 -1.154715
0.233466 -0.281403 -0.945963
0.187334 -0.335027 -0.867419
0.174576 -0.160146 -0.833151
0.159607 -0.348033 -0.626234
0.219944 -0.346570 -1.161773
0.198519 -0.354755 -1.131590
0.211718 -0.336429 -0.781150
0.210757 -0.195767 -0.699042
0.178958 -0.367969 -0.790611
0.225720 -0.328544 -0.867233
0.168959 -0.328771 -0.813035
0.255644 -0.326375 -0.761915
0.200369 -0.332128 -0.957423
0.269769 -0.313497 -0.604388
0.234105 -0.340161 -0.892677
0.196476 -0.326264 -0.964821
0.208094 -0.367779 -0.948187
0.228475 0.072006 -1.136353
0.212405 -0.325149 -0.939314
0.157818 -0.334340 -1.017152
0.189870 -0.322425 -0.957938
0.224817 -0.305672 -0.865144
0.236388 -0.340133 -0.826643
0.230687 -0.300307 -0.840416
0.180768 -0.348270 -0.924616
0.158517 -0.398141 -0.892312
0.181033 -0.361953 -1.000738
0.189037 -0.336945 -0.867994
0.189537 -0.328623 -0.985436
0.230863 -0.323008 -0.785804
0.143848 -0.341192 -0.862975
0.184496 -0.364092 -1.107347
0.211153 -0.324884 -1.024306
0.233940 -0.338134 -0.970878
0.179490 -0.361058 -0.981339
0.168320 -0.332698 -0.960913
0.197885 -0.310090 -0.661473
0.213490 0.015817 -0.862430
0.248521 -0.319988 -0.778822
0.209809 -0.368621 -1.045139
0.178088 -0.391292 -1.036340
0.211745 -0.354740 -0.934113
0.220287 -0.349332 -0.696665
0.249659 -0.370350 -1.207564
0.219015 -0.373196 -0.859630
0.161000 -0.309128 -0.905683
0.185257 -0.130097 -0.892465
0.158746 -0.278499 -1.042199
0.273809 -0.338724 -0.952904
0.176262 -0.364515 -0.879238
0.168220 -0.311657 -0.853290
0.174402 -0.316249 -0.782691
0.181558 -0.397865 -0.969637
0.180923 -0.344303 -0.829306
0.161649 -0.325897 -1.140349
0.175497 -0.328238 -0.891943
0.179651 -0.319571 -0.561524
0.180305 -0.379171 -0.743842
0.222307 -0.324995 -0.865771
0.235661 -0.310608 -0.813802
0.222840 -0.339605 -0.839201
0.182132 -0.311436 -0.852453
0.217532 -0.385388 -0.850937
0.126356 -0.302969 -0.883192
0.193881 -0.350846 -1.080318
0.231255 -0.373083 -0.904246
0.188768 -0.350118 -0.711800
0.151444 -0.361352 -0.734287
0.204330 -0.328799 -0.826767
0.187317 -0.321906 -1.053295
0.208263 -0.355932 -1.033772
0.214838 -0.140206 -0.996200
0.215345 -0.345152 -1.056088
0.206685 -0.332407 -0.984281
0.192835 -0.321941 -1.038009
0.227166 -0.347406 -1.033996
0.201307 -0.382343 -1.058009
0.162608 -0.332892 -1.075558
0.187024 -0.355008 -0.806945
0.197150 -0.316507 -0.779494
0.181403 -0.348454 -0.707332
0.188872 -0.318056 -1.045922
0.218345 -0.359222 -1.084297
0.163370 -0.338233 -0.979603
0.170256 -0.326099 -0.876513
0.183061 -0.343527 -1.107728
0.215799 -0.317702 -0.926401
0.195562 -0.316733 -0.798142
0.167095 -0.347306 -0.666149
0.161535 -0.330416 -0.821879
0.269918 -0.274412 -0.725149
0.107694 -0.341506 -0.700577
0.180268 -0.345549 -1.011916
0.246790 -0.363519 -0.737690
0.196234 -0.375918 -0.738418
0.232246 -0.340586 -0.746445
0.180816 -0.377029 -1.242338
0.237574 -0.318330 -0.851140
0.193901 -0.358958 -0.845763
0.150554 -0.331639 -0.819199
0.217177 -0.352432 -0.599778
0.194029 -0.316515 -0.932658
0.217924 -0.366288 -0.979351
0.187371 -0.329789 -0.613903
0.212983 -0.306280 -1.032199
0.227878 -0.326169 -0.863260
0.180276 -0.353864 -0.791399
0.188348 -0.354234 -0.887867
0.268538 -0.331215 -0.826662
0.133894 -0.347784 -0.933242
0.200172 -0.357708 -0.605075
0.187135 -0.353657 -0.737983
0.222698 -0.316842 -0.990956
0.163147 -0.353249 -1.007053
0.215422 -0.298018 -0.866264
0.203522 -0.313862 -0.793898
0.151276 -0.375106 -0.680957
0.212408 -0.314696 -0.744509
0.234619 -0.365765 -0.892304
0.166389 -0.336431 -0.688474
0.176715 -0.337063 -0.788595
0.235178 -0.287620 -0.802602
0.168884 -0.380132 -1.129841
0.200253 -0.342103 -0.793744
0.159552 -0.343167 -1.022609
0.246441 -0.348132 -0.949045
0.242205 -0.293401 -1.024113
0.194442 -0.154855 -0.860237
0.181837 -0.380519 -0.828845
0.225133 -0.361824 -0.828334
0.203508 -0.311194 -1.078802
0.168374 -0.312842 -0.913954
0.230165 -0.304521 -0.779808
0.198762 -0.340777 -0.832328
0.245242 -0.324450 -0.712872
0.237014 -0.326278 -0.807968
0.194684 -0.320198 -1.158022
0.222666 -0.342836 -0.943825
0.215642 -0.341219 -1.106042
0.247820 -0.337822 -0.962014
0.174113 -0.379591 -0.718230
0.174445 -0.305137 -0.792507
0.167150 -0.355387 -0.905332
0.210222 -0.318436 -1.095250
0.229540 -0.322781 -0.807102
0.198405 -0.326320 -0.848737
0.245311 -0.324768 -0.903765
0.195628 -0.326326 -0.968399
0.200291 -0.309028 -0.935216
0.201728 -0.098721 -0.917606
0.086182 -0.356735 -1.044987
0.225058 -0.372474 -1.124899
0.190955 -0.357962 -0.887748
0.204340 -0.319374 -0.851640
0.224039 -0.318232 -0.972970
0.237134 -0.300183 -0.792834
0.242719 -0.333763 -0.729962
0.204584 -0.346434 -0.895886
0.178472 -0.332702 -0.721256
0.161032 -0.340249 -0.825244
0.184961 -0.182305 -0.871939
0.195664 -0.360688 -0.771728
0.243158 -0.316228 -0.876802
0.206414 -0.343152 -0.837904
0.192700 -0.352356 -0.937813
0.235548 0.068073 -0.692166
0.208400 -0.353951 -0.992824
0.170690 -0.350792 -1.047929
0.248506 -0.308364 -0.982987
0.231814 -0.277995 -1.027501
0.246870 -0.337743 -0.948817
0.195015 -0.350634 -0.756867
0.206627 -0.414191 -1.059139
0.261775 -0.311036 -0.877178
0.185065 -0.293756 -0.940482
0.274852 -0.280986 -0.788961
0.172416 -0.334947 -0.916201
0.187962 -0.334992 -1.164549
0.224870 -0.327841 -0.796791
0.198848 -0.354355 -0.704260
0.188613 -0.226098 -1.118161
0.168061 -0.322686 -0.871822
0.179474 -0.329293 -0.866509
0.183065 -0.344301 -1.017518
0.211104 -0.314366 -0.746797
0.228257 -0.368896 -0.939031
0.219016 -0.316865 -0.960871
0.177723 -0.303220 -0.847248
0.198778 -0.309355 -0.895228
0.217845 -0.330564 -0.764692
0.227386 -0.312399 -0.853848
0.207049 -0.297571 -0.630893
0.195819 -0.359310 -0.948227
0.176295 -0.338334 -0.760979
0.208562 -0.317172 -0.934829
