-1.642517 2.371841 3.518444
-1.109664 2.724903 3.839567
-0.253787 3.070490 4.515806
-0.534202 5.720372 2.407119
-0.425484 -5.707624 2.464138
0.272245 -5.800833 3.396917
0.531007 -5.952276 1.377150
0.685127 -6.252726 2.710439
0.982982 6.630355 1.253241
1.744622 6.177618 1.577907
3.134226 -2.943138 4.635635
5.215520 -3.382067 2.680200
4.112981 2.398197 4.047733
5.762565 -3.764370 4.147623
6.035653 -2.786550 1.096941
5.726923 -2.143250 0.716377
6.539799 -6.346143 2.504076
6.192811 -2.010236 1.112347
6.167093 -4.221547 3.634221
6.360377 -4.248522 3.056628
-6.367556 -3.826320 3.742532
-3.855594 -2.708709 0.060940
-3.517317 -3.170537 0.153689
-2.901010 4.763385 4.306526
-2.553669 -5.914338 1.965541
-2.489820 -5.776446 2.441090
-2.152387 -5.784278 2.948084
-2.760565 3.891382 2.657341
-2.755108 3.201742 2.166606
-2.020370 2.527013 3.493202
-1.274790 2.882781 3.195228
-0.648951 2.980764 3.238608
-0.358686 4.213985 3.302200
-0.184859 4.268095 2.526910
-0.632555 -5.617325 2.703000
-0.207003 -5.652393 2.197169
0.280973 -5.884106 2.687114
0.761059 -6.175496 2.637316
1.212527 6.427548 2.473043
1.386186 -6.515538 1.569032
3.228568 -3.040822 4.028076
4.674849 -3.378085 3.506727
4.872015 -3.268323 3.313229
5.202572 -3.728065 2.434615
5.832172 -2.743055 1.916588
5.884933 -1.929892 0.739606
6.308080 -0.666846 2.681417
-5.316104 -2.186709 2.406543
-6.182702 -0.377722 1.084282
6.553989 -3.895622 3.587173
-5.255453 -2.485179 2.307334
-3.776286 -2.768981 0.548307
-2.987438 -2.953112 0.925093
-2.816175 -5.731952 2.239971
-2.733063 -5.908754 1.642792
-2.216015 -5.750280 2.114541
-2.582014 4.316202 2.973786
-2.159034 2.859631 4.565886
-2.131266 2.638649 4.345552
-1.067948 2.777522 3.151490
-1.052278 3.103070 3.466965
-0.560460 3.510528 3.118886
-0.380743 3.934358 3.352580
-0.381207 -6.267799 2.484682
-0.390587 -5.823815 2.843854
-0.375552 -5.375178 2.646581
-0.097866 -5.689721 2.643108
0.845993 -4.882866 3.047677
1.190965 6.370372 1.616746
2.609883 -3.642636 1.108118
2.739085 -2.861779 3.855547
3.565798 -2.336051 4.277181
3.693239 -2.459589 4.340166
4.012382 -2.715949 3.735523
4.084656 -2.850893 3.439040
4.233475 -3.241646 3.999880
6.235280 -0.319012 2.085006
6.216800 -0.301210 1.919381
-6.602924 -0.210163 1.711370
-6.290142 -0.445066 1.324292
-2.643217 -2.670012 0.904810
-3.602048 -2.926551 0.373172
-3.290795 -2.779063 0.863830
-2.358268 -5.371004 1.581451
-2.335297 -5.483453 2.581766
-2.293091 -5.375118 1.640532
-1.802098 2.989688 4.553147
-1.873004 2.687894 3.359614
-1.424194 2.810778 3.651674
-1.149329 3.151025 3.566059
-0.775221 3.383588 2.784433
-0.605161 4.131047 3.209573
-0.619050 6.171077 2.569692
-0.665541 -5.703007 2.649120
-0.424344 -5.308405 2.635127
0.283924 -4.680259 3.079989
0.490769 -5.745106 3.547235
0.591752 -4.839859 3.982704
1.108121 -6.495463 1.693775
2.353220 -2.964503 3.057465
2.898419 -2.689242 4.096308
3.411359 -2.075005 5.054186
3.516708 -2.139726 3.562877
3.731398 -2.091435 3.254571
4.074444 -2.686710 3.031020
4.216309 -3.272778 4.213632
4.352217 -3.350715 3.937593
5.924198 -0.006107 2.129612
6.458834 -0.175139 1.898296
-6.237140 -0.379918 2.378856
-5.849248 -0.534817 2.929674
-5.111789 -0.856613 2.693375
-3.439559 -2.435148 1.226456
-3.177498 -2.840803 0.872134
-1.470496 3.169907 3.223724
-3.828419 6.187804 3.879460
-3.876504 -6.062606 3.805820
-1.262254 -5.497702 2.294548
-1.054523 -5.764422 2.644968
-0.848519 -5.304438 1.688345
-1.350559 4.644072 3.738755
-1.127193 4.352330 3.199523
-0.519035 -5.275510 1.206322
1.119776 -2.276358 2.428007
-0.480791 -5.150805 2.766242
0.282970 -4.646848 3.601585
0.507796 -5.094048 4.303062
0.836991 -4.454883 4.221270
1.948066 -4.463046 2.305657
2.088107 -4.312742 1.704407
2.930246 -2.688166 4.445381
3.045897 -2.054287 4.785271
3.354629 -2.117282 3.758194
3.794929 -1.892200 3.858395
4.016273 -2.201098 3.884445
4.703736 -1.657146 4.707064
5.436269 -0.230971 0.732844
5.870139 -0.198354 2.536246
6.413933 0.103792 1.912423
-6.363940 0.053829 1.300576
-6.050542 -0.120607 2.245257
-4.981097 -0.418739 2.311100
-5.026589 -0.495820 2.446557
-4.347551 -4.301936 2.848159
-3.696547 5.600877 4.267312
-3.840843 5.990265 3.776601
-3.917759 -6.305594 3.379740
-3.602857 -5.299491 3.360107
-2.361137 -4.863352 2.619819
-1.049764 -5.362496 2.440915
-1.173540 4.639719 3.593982
-0.941374 4.808650 3.505106
-0.468329 -4.931394 1.867533
0.621320 -2.074252 4.105635
0.988704 -0.893263 3.543966
0.320105 -4.733645 3.825398
0.649070 -4.464142 3.858979
0.561520 -3.289229 1.619942
0.894155 -3.545537 2.454002
1.882863 -4.112497 2.542925
3.152544 -2.537938 4.378137
2.946932 -1.769760 2.675469
3.146577 -1.124555 2.767325
3.492120 -1.566239 3.660793
3.891378 -1.118028 3.500393
4.287189 -1.830350 4.439594
5.368445 -0.029830 1.051646
5.935021 0.049198 1.687366
6.139592 0.148778 1.798965
-6.542265 -0.008127 2.232382
-5.777220 -0.269418 2.599287
-5.222655 0.082901 2.324151
-4.718558 -0.284904 2.154058
-4.552488 -0.632936 2.469874
-4.049187 5.611614 4.663179
-4.263227 -5.017621 2.277429
-3.983676 -5.002910 2.644131
-3.780534 -4.945249 2.077085
-2.369392 -4.686867 1.564351
-2.286954 -4.497293 2.809634
-2.480012 -3.853015 3.415285
-0.818589 -4.934342 2.545417
-0.114809 -5.003842 2.347629
0.139509 -1.865421 3.310796
0.192821 -2.184885 4.652772
0.610541 -2.680155 2.066006
0.482788 -2.645987 2.303284
0.872989 -3.322313 2.594106
0.785142 -3.228808 2.391875
1.259537 -3.244883 2.598212
2.920158 -2.504751 5.202697
2.797412 -1.403323 3.386794
3.029859 -1.137240 3.195771
3.416299 -1.492299 3.412523
3.943846 -1.281403 3.362465
4.190550 -1.071067 3.170046
5.329410 0.007130 1.356803
5.960953 0.064488 2.018273
6.143639 0.239846 1.987945
6.647127 0.124073 2.443419
-6.364335 -0.339379 1.637208
-5.518520 -0.154253 2.450472
-4.842000 -0.185622 2.799307
-4.597539 -0.670545 3.052106
-4.090119 5.762478 3.614462
-3.917218 5.890958 3.500149
-3.894710 -4.897541 2.825363
-3.561728 -4.329463 2.086510
-3.038218 -4.166744 2.505873
-2.703231 -4.296561 2.383761
-2.377508 -3.883191 3.166584
-0.875190 -4.995102 2.060986
-0.500345 -4.894373 1.952944
-0.220185 -1.881485 4.597298
0.460338 -1.872218 3.297129
0.468839 -1.430840 3.842458
0.760814 -2.547216 2.025342
0.870018 -2.811065 2.383136
0.845393 -3.282108 2.304686
1.432205 -3.311004 3.525383
3.266326 -2.246017 3.752779
2.712708 -1.101812 2.487770
3.068325 -1.183847 3.159564
3.176878 -1.032782 3.122553
3.926750 -0.646159 3.877712
3.917588 -1.242583 2.903864
5.408549 0.015584 2.622228
5.472836 -0.041955 1.772154
6.188916 0.158052 2.545896
6.576970 0.297158 1.738525
-6.541381 -0.217905 2.138984
-5.706134 0.125061 1.680137
-4.922683 0.013570 2.091131
-4.168861 -1.021489 3.229667
-4.265495 5.898229 4.313508
-4.163562 -4.570911 2.453679
-3.879329 -4.584192 2.040715
-3.611568 -4.485753 2.413224
-3.299100 -4.300396 1.778121
-2.733193 -4.170863 1.794458
-2.295449 -3.889008 2.924337
-0.594532 -4.781775 3.468476
-0.239751 -4.822156 2.992799
-0.469148 -1.617005 2.806431
-0.018776 -1.400783 3.390960
0.327050 -1.692820 3.293311
0.910701 -1.002295 4.013839
0.939640 -2.842195 3.232525
1.081972 -2.997865 2.885847
1.739540 -3.269490 3.626794
3.054018 -2.106134 5.080288
2.630520 -1.486521 2.493378
2.906490 -1.406690 3.397987
3.258077 -1.486233 2.918506
3.274439 -1.256341 3.424606
4.111226 -0.708913 3.150228
4.176909 -1.050308 3.858292
5.466431 0.350359 2.389296
5.586340 0.142070 1.241744
6.325095 0.263445 1.968552
-6.144776 0.287276 2.593772
-5.883061 -0.059691 1.780777
-4.861399 0.017760 3.087524
-4.533902 -0.575515 2.480026
-4.363831 -4.752324 2.431258
-4.112368 -4.392134 2.964814
-3.915649 -4.627951 2.733533
-3.534925 -4.840649 3.109521
-3.211015 -4.335706 1.088119
-2.689650 -3.994801 2.699619
-0.335976 -4.593213 3.563940
-0.043879 -4.548779 2.586751
-0.041112 -2.405195 3.095925
-0.575008 -2.060349 2.871434
-0.097550 -0.863959 3.563385
-0.020902 -0.995764 3.356257
0.340611 -0.966923 3.280495
1.649653 -1.811514 3.304980
1.029499 -2.841395 2.070912
1.416041 -3.243370 2.221614
1.930633 -2.840157 2.822762
2.457165 -1.549110 2.285679
2.790624 -0.801518 3.186364
3.237905 -0.937063 3.756734
3.436066 -0.697732 3.591089
3.920411 -0.830182 3.900340
4.261031 -0.691586 4.494167
5.647409 0.397586 1.068758
5.874599 0.291202 1.492404
6.227627 0.376074 1.428065
-6.472431 0.148615 1.867905
-5.845328 -0.009338 1.977461
-5.176049 0.011368 1.888365
-4.031669 -0.719031 2.836097
-3.945751 -1.042944 3.477263
-4.161018 -4.576080 2.670599
-3.784947 -4.543010 2.402905
-3.249679 -4.098512 2.672671
-2.965138 -3.922634 3.445319
-2.667346 -3.979693 2.012604
-0.824127 -2.509824 3.366091
-0.587471 -2.521652 2.499744
-0.472360 -2.371921 3.044130
-0.933232 -1.534311 3.512883
-0.215810 -1.782439 4.439906
-0.311264 -1.235347 2.871253
0.074872 -0.770849 3.398702
1.544327 -1.347970 3.108867
1.237235 -3.026557 1.812312
1.606239 -2.557873 2.205991
2.276707 -1.750327 3.080965
2.492932 -1.084873 3.650478
3.099385 -0.624437 4.706853
3.274131 -0.828616 3.791834
3.560060 -0.693306 2.778219
4.103496 -0.444863 3.579934
4.288343 -0.457164 4.581682
5.280114 0.551947 2.863342
5.658844 0.328562 2.058794
6.377995 0.195260 1.568356
-6.253812 0.177741 2.234699
-5.894651 0.354425 2.193794
-4.778134 0.115770 2.579776
-4.124905 -0.755669 2.582458
-3.981156 -0.886190 3.216729
-3.523056 -1.136580 3.282083
-3.162569 -1.243728 3.299192
-2.228428 -3.631783 3.344808
-1.792952 -3.343160 1.367436
-0.939581 -3.948220 4.807157
-2.806106 -0.621833 3.045719
-2.409928 -0.850008 3.095823
-2.250671 -0.560340 2.924585
-1.034443 -1.759574 2.533142
-0.784962 -1.484117 3.189055
-0.453286 -0.780308 2.902099
-0.004198 -0.391929 3.092723
0.716229 -0.623574 2.994077
1.224398 -2.793717 2.889741
1.624364 -2.827450 2.657652
2.219951 -1.365708 2.925274
2.491621 -0.857613 3.238939
3.288419 -0.703701 2.477177
3.254691 -0.683226 3.675110
3.410470 -0.695635 2.904905
3.649113 -0.665438 4.303527
4.241502 -0.532173 4.237732
5.517781 0.562000 1.996767
5.765520 0.396290 1.925528
6.422635 0.504312 2.161415
-6.528399 0.383694 2.131960
-5.688633 0.322973 1.801933
-4.901803 0.368874 2.196173
-4.439823 -0.609948 3.174256
-3.938953 -0.773714 3.107100
-3.737367 -0.652367 3.299973
-3.400860 -0.810693 3.034261
-2.228698 -3.451469 1.104899
-3.189804 -0.805301 3.318222
-0.062159 -4.740964 3.430091
-2.754114 -0.439507 2.882383
-2.509326 -0.409146 2.949055
-2.250141 -0.705240 3.406754
-0.448755 -2.377806 2.737827
-0.469536 -1.795102 4.072616
-0.462524 -0.895611 3.546098
0.034809 -0.525056 2.968778
0.566744 -0.601412 4.369319
1.098683 -0.740229 4.182661
1.435389 -0.998195 3.373250
2.134328 -0.798589 3.012201
2.197658 -0.970601 2.970396
2.516622 -0.781749 3.115404
3.281513 -0.456770 4.139940
3.346591 -0.448422 3.648791
3.870792 -0.485559 3.686738
4.769709 1.159727 2.719778
5.235747 0.935774 2.591078
5.821046 0.561423 1.503809
6.346087 0.499794 1.784876
-6.401383 0.332309 1.054151
-5.885568 0.224418 2.588520
-4.837863 0.002929 2.566245
-4.086518 -0.586924 3.027759
-3.701236 -0.738145 3.454039
-3.523525 -0.754511 2.526660
-3.447157 -0.658682 3.535025
-3.405009 -0.519620 3.214467
-3.336462 -0.542333 2.977729
-0.255903 -4.316163 3.470207
-2.858055 -0.639506 2.637274
-2.536292 -0.459511 2.873190
-2.335509 -0.296875 2.387575
-1.424279 -1.404513 3.886660
-0.764098 -1.123127 2.067611
-0.585896 -0.868263 3.130369
-0.028216 -0.544467 3.628879
0.380489 -0.877995 3.598492
0.794394 -0.747608 3.590733
1.482344 -0.977925 2.964157
1.726771 -1.137221 2.999709
1.933024 -1.087505 2.572870
2.482647 -0.505307 2.969938
3.099703 -0.594582 3.471057
3.363799 -0.447467 3.864854
3.652879 -0.623949 3.773361
4.155994 -0.325724 3.992307
5.301053 0.676319 1.934737
5.610389 0.750126 2.193149
-3.022310 -0.877810 1.861797
-6.113005 0.289918 1.704609
-5.087666 0.701838 2.102309
-4.142549 -0.417171 3.424878
-4.001904 -0.566818 3.157343
-3.728021 -0.604614 1.707271
-3.714305 -0.360841 3.679689
-3.612134 -0.131802 2.562054
-3.525705 -0.341659 3.258578
-3.132253 -0.874305 3.521052
-3.252978 -0.507388 2.792657
-2.982691 -0.533637 2.638829
-2.647094 -0.133571 2.746966
-2.163190 -0.183633 3.220257
-0.875836 -2.119032 2.760306
-0.968874 -1.670487 2.735952
-0.634069 -0.874766 3.995207
-0.249360 -0.728907 3.822785
0.128731 -0.565442 3.507355
0.829874 -0.529386 3.536085
1.219794 -0.024103 3.325228
1.475201 -0.769618 3.881824
1.752963 -0.555613 2.700219
2.189137 -0.634551 2.502371
2.820306 -0.359695 3.613549
3.323557 -0.277933 3.584459
3.887115 -0.264472 4.434988
4.671826 1.235756 3.132606
5.504086 0.719957 2.102824
6.381194 0.405884 1.781056
-2.808415 -0.973220 3.035384
-5.431433 0.521430 3.041156
-4.266260 -0.411990 3.618203
-4.082231 -0.549319 3.382763
-3.941709 -0.195564 2.965707
-3.863867 -0.431631 2.893489
-3.758476 -0.447001 3.614628
-3.662243 -0.257042 3.522736
-3.390866 -0.389147 3.105571
-3.543303 -0.128436 2.569601
-3.368718 -0.427317 3.734493
-3.061575 -0.230690 3.297277
-2.676528 -0.467788 2.622365
-2.277426 -0.507643 3.091934
-1.669783 -0.923606 2.716652
-0.909929 -1.465625 3.098195
-0.593322 -1.122274 3.514446
-0.447453 -0.355329 3.822905
0.369519 0.633288 3.466979
0.989567 -0.682994 4.464845
1.207354 -0.387302 3.933761
1.589706 0.111718 3.740135
1.922095 -0.734905 3.368781
2.479551 -0.671630 3.125044
2.947616 -0.309120 3.943532
3.583817 -0.430662 3.830279
4.123505 0.944653 3.719860
4.405419 0.572619 4.121141
5.202374 0.983160 2.382670
6.425565 0.329167 1.382451
-5.777360 0.664491 2.383638
-4.487801 -0.217319 1.586581
-4.060455 -0.177800 3.153652
-3.873651 0.006824 3.684249
-5.022383 1.032194 1.624755
-4.681814 1.151806 3.243213
-4.545777 1.028730 2.075713
-4.239112 1.138835 2.445735
-3.816685 0.246641 3.059185
-3.489319 -0.048562 3.019521
-3.408326 -0.103736 3.004035
-2.985160 -0.505190 3.834099
-2.573390 -0.076805 2.409783
-2.145601 -0.262091 2.157861
-1.321343 -1.124454 2.940484
-0.812872 -1.429602 2.531063
-0.629188 -0.619067 3.238802
-0.222735 0.540241 2.522697
0.220443 -0.602155 3.139922
0.879341 0.348269 3.749357
1.403093 0.019679 3.269924
1.736994 -0.706193 3.019150
2.015395 -0.432157 3.075469
2.450647 -0.601582 3.268845
3.286334 -0.366474 5.045876
3.535938 -0.191867 4.584010
4.378091 1.196269 3.378784
5.160093 2.094926 2.806491
5.704573 0.723530 1.741710
-6.549645 0.517649 1.777276
-6.366440 0.520305 2.041073
-2.874397 -0.741986 2.223644
-5.831912 1.893337 4.045663
-5.677507 1.974450 3.503747
-5.367826 2.700422 1.538175
-4.945567 2.579195 2.294433
-4.605498 1.324491 3.141598
-4.376882 1.007766 2.348759
-3.447306 0.035084 3.291391
-3.309223 -0.190502 2.565137
-3.113693 -0.229735 2.409943
-2.901311 -0.304739 3.399800
-2.620381 -0.456391 2.603808
-2.126940 -0.362992 3.518824
-1.412041 -1.257963 3.389072
-0.943021 -1.305491 3.507967
-0.480288 -0.664106 3.289496
-0.262316 0.118193 2.854802
0.578793 0.359806 3.205296
0.797432 0.006386 3.401769
1.269562 -0.143565 3.814927
2.167300 1.049889 3.721959
2.148325 -0.170367 3.339109
2.300676 -0.392418 2.702940
3.250608 -0.122869 3.488618
3.715351 -0.210888 3.835838
4.382463 1.141842 3.310329
4.958070 1.420808 3.612219
5.768574 0.933548 1.656793
-6.550588 0.481613 1.857927
-6.247140 0.760790 1.318952
-5.991065 0.672405 1.555847
-5.944420 2.119837 3.641239
-5.681922 2.164078 3.758261
-5.139462 2.294010 2.462058
-5.077305 2.646645 1.524231
-4.717354 2.467372 2.323752
-4.361756 1.087506 2.859553
-3.485605 0.147595 3.034099
-3.054361 0.002769 2.898167
-3.351495 -0.129886 2.641569
-2.692725 0.035765 1.662873
-2.500467 -0.203905 2.815546
-1.984452 -0.218483 2.908568
-1.642586 -0.891476 3.191275
-0.702826 -0.766996 3.641551
-0.241733 -0.306374 3.614579
-0.219282 0.090908 3.362521
0.374394 0.894201 2.811578
0.602599 0.390163 3.135403
1.216839 0.120902 4.498033
2.650104 1.196058 4.389625
5.547833 2.273347 2.217021
6.036978 1.530817 1.451612
3.275859 -0.278167 4.022473
3.750004 -0.009887 4.092331
5.159639 0.953513 1.952536
5.465985 0.967367 1.694306
5.871211 1.301955 2.311065
6.333913 0.633811 2.488767
-6.304579 0.783747 1.453387
-5.983695 0.841764 2.472246
-6.122777 2.161917 3.100840
-5.783756 2.292016 3.231970
-5.271919 2.956718 2.434602
-4.995467 2.715206 2.422977
-4.611396 2.786546 2.419897
-4.361630 1.589338 2.240895
-3.236141 0.147868 3.463266
-3.164201 -0.018095 3.786688
-2.886730 -0.180739 2.609355
-2.622852 0.034886 2.723267
-2.182841 -0.194339 3.136778
-1.829575 -0.112991 3.517697
-1.367167 -0.921797 3.296432
-0.704202 -0.781048 3.421338
-0.247292 0.580123 2.266682
0.150922 0.809073 2.805209
0.497491 0.755282 2.765062
0.973793 0.244566 3.433840
1.248155 0.220585 3.743264
2.687107 0.868273 3.319756
3.486598 0.974202 4.255281
5.564238 2.387974 2.977619
5.548231 2.208349 2.230568
5.723394 2.122280 3.347558
5.443120 1.011666 1.560148
5.445970 1.054543 2.013298
5.873442 1.095386 2.245583
6.546955 0.601320 2.474309
-6.572941 0.626352 1.473865
-6.110891 2.103749 3.586192
-6.103136 2.168138 3.469904
-5.431934 3.170187 3.190198
-5.073463 3.112472 2.724397
-4.704658 3.070071 2.113819
-4.494569 2.636369 2.528310
-4.344781 1.368316 2.570399
-3.248288 0.302188 3.312963
-3.026126 0.067157 3.047683
-2.615328 0.362414 2.808458
-1.620331 0.277244 3.545319
-2.139074 -0.115602 3.121521
-1.741480 -0.116457 2.442991
-0.790569 -0.490141 3.035866
-0.702627 -0.754749 2.788815
-0.201600 0.836019 1.952399
0.286090 1.086727 3.054518
0.698183 1.117140 3.572506
1.058040 0.359992 3.404986
1.634292 2.383219 2.631104
3.154017 0.952558 4.609544
5.880159 2.365178 2.401566
5.413539 2.399657 2.362857
5.674273 1.571348 2.363290
5.684338 1.670461 3.195723
5.396297 1.301650 3.268346
5.621462 1.155842 2.818640
6.035231 1.124310 1.554784
-6.430478 0.617080 2.465463
-6.537934 0.672628 2.018931
-6.225664 2.381886 3.728206
-6.001810 2.821166 2.751998
-5.699025 3.246824 2.203613
-5.018751 3.297505 2.872339
-4.957936 3.268576 2.719519
-3.441953 0.475400 3.241702
-3.492001 0.260549 2.991438
-3.057706 0.253019 2.932191
-2.884023 0.218242 3.628016
-1.827870 0.140905 2.695574
-0.860862 -0.654272 2.882093
-1.732199 -0.007616 3.646414
-1.169128 -0.513473 2.537557
-0.239828 0.876118 3.257016
-0.011475 0.929823 2.895738
-0.092036 0.568847 2.909152
0.345636 1.371549 2.778156
0.720373 0.855841 2.308903
1.136734 1.007202 3.006155
2.553443 1.381038 3.666942
3.042999 1.029120 3.894131
2.953288 1.461776 3.947832
3.473842 1.288125 4.204581
3.933677 1.306873 3.737827
4.021826 1.202538 4.618771
6.261890 1.481293 2.344328
6.393229 1.792318 2.129609
6.566298 1.368953 3.199488
6.497804 0.859492 1.746975
-6.199285 0.982788 1.752074
-6.340118 4.043944 2.972007
-5.824237 3.717283 2.964859
-5.812064 3.262547 3.230151
-5.406748 3.241111 3.197838
-5.199853 3.133113 2.582464
-4.582870 3.134397 2.341173
-3.588489 0.670839 2.501449
-1.555151 0.552677 2.642291
-2.776873 0.334282 2.689346
-1.127570 -0.297024 3.332025
-0.986133 -0.246132 2.695685
0.154768 4.502823 3.650007
-0.757416 -0.627538 3.015292
-0.325927 0.844234 3.103847
0.033638 0.870195 2.875073
0.150979 1.385501 2.983870
0.592492 1.496472 2.847856
0.818082 1.225594 4.007399
1.566061 2.249787 2.602292
2.754474 1.461176 4.782257
3.427284 1.124560 4.937390
3.130766 1.550976 3.709688
3.398944 1.348058 4.040850
3.701379 1.564166 4.226782
4.149904 1.529687 3.734094
6.208334 2.119824 1.803100
6.053227 1.946999 1.973596
6.506816 1.827671 2.763438
-6.494873 0.758778 2.946409
-6.265080 0.873434 1.770071
-6.140193 4.327304 3.859313
-5.802169 3.893674 2.926309
-5.711388 3.401158 2.997690
-5.390318 3.534227 2.891157
-5.201365 3.639738 2.782074
-4.671322 3.178268 1.620500
-3.465042 0.673733 2.107080
-2.007597 0.451044 2.972990
-1.882320 0.341278 2.991374
-0.783855 -0.558759 2.982616
-0.669259 -0.190933 3.235432
0.307664 4.350124 4.452825
-0.440417 -0.253931 3.222707
-0.347359 0.951676 4.066459
0.834829 2.696457 2.963798
1.167432 2.351307 3.105108
1.647651 2.651834 2.633803
1.733601 2.791298 2.612560
2.429796 1.387455 4.178953
2.824168 1.154487 4.087951
5.984413 2.360860 3.292789
2.907704 1.591619 3.702657
3.551801 1.627878 4.462681
3.742598 1.394001 4.209569
4.124071 1.266070 3.534132
4.631577 1.596978 3.384719
4.796808 2.313499 3.270933
5.173669 2.519689 2.648511
-6.311578 0.887438 1.672175
-6.375353 2.308405 3.043850
-6.127400 4.094310 2.727487
-5.831175 4.469979 2.670682
-5.979372 4.249153 2.926973
-5.296837 3.541114 2.502503
-5.093586 3.572649 2.554051
-4.539516 2.767060 2.177022
-3.398068 0.712375 3.489237
-1.847936 0.311436 3.284422
-1.592285 0.494741 3.211318
-1.582384 0.189226 3.604540
-0.541100 0.936360 2.172442
0.646131 4.303995 4.020259
-0.473516 1.023812 3.204948
-0.132111 0.978029 2.629399
2.642961 2.308546 3.810908
1.419643 2.695108 2.820176
1.639087 3.065554 2.523773
2.468898 1.327744 3.645234
2.627201 1.509021 3.458534
2.697672 1.464000 4.290743
3.217522 1.834025 4.206810
3.411858 1.576640 4.453025
3.488681 1.560796 4.289917
3.675499 1.491987 4.872279
4.249376 1.696429 4.133550
4.379860 1.545643 3.825609
5.099537 2.555375 2.900664
4.970563 2.468789 2.841599
-6.592554 1.046005 2.249170
-6.251118 2.661869 3.426301
-6.441724 4.212513 3.415067
-6.013607 4.373034 3.438553
-5.926384 4.323043 3.488346
-5.239672 4.103892 3.196248
-4.960057 3.441580 2.975588
-3.760335 1.172435 2.609148
-3.246310 0.813305 3.386004
-3.060191 0.734153 2.930798
-1.064529 0.094298 3.365902
-0.823572 -0.255939 3.622059
-0.501049 1.204916 2.891251
1.915379 5.250975 3.536059
0.382272 3.922281 3.993297
2.688392 1.935706 3.881653
0.175766 4.431167 3.604472
0.209402 4.762717 3.509086
0.556601 6.563044 2.198797
1.331049 4.536099 3.961111
2.935929 2.134018 4.261973
3.150499 2.001894 3.964898
3.020543 1.662238 4.909632
3.201261 1.832930 5.097272
3.629676 1.883104 4.387437
3.778653 1.541762 3.804780
4.422551 1.772573 5.159989
4.666853 2.316081 3.714905
4.931827 2.844362 2.034167
5.578278 2.693844 2.279197
-6.564032 4.034407 3.077993
-6.508833 4.381712 3.232954
-6.250792 4.710019 2.695101
-5.978852 4.915989 2.598949
-5.749837 4.602277 3.353067
-5.519043 4.238268 2.739036
-4.925130 3.360612 2.737726
-3.661199 0.951048 2.939294
-3.149137 0.772134 3.579214
-3.055461 0.580827 3.663911
-1.005582 0.341360 3.284750
-0.757956 1.055833 2.767605
-0.313738 1.401731 3.028874
-0.072322 1.289030 3.114727
-0.981760 2.405785 3.610561
-0.115126 4.208881 3.334273
0.111363 -6.212907 2.384759
0.388637 6.438299 1.422461
0.648662 6.433943 1.841971
0.667511 -6.597299 2.285542
2.216342 4.914199 3.847673
3.086269 2.319476 4.158983
3.270406 1.932576 4.601450
3.476590 2.026982 3.376087
3.511016 1.844734 4.095123
3.970496 1.601459 4.004226
4.383212 2.004305 4.358770
4.710363 2.649428 3.196311
5.018662 2.578971 3.228547
5.431012 2.922766 3.292917
-6.019795 -6.023887 4.019925
-6.036340 -5.786192 3.473513
-5.936269 -5.539096 3.570646
-4.097798 5.336968 4.308666
-5.712625 4.841516 3.265624
-5.313381 4.225962 3.098714
-4.516447 3.031728 1.970293
-4.224973 2.827042 2.407002
-3.287455 0.980476 3.515572
-2.936907 1.037182 2.895132
-2.215447 1.098269 3.400763
-0.604156 1.111863 2.758465
-0.042446 1.785794 3.052915
0.035022 1.597675 2.985345
-1.012657 2.584307 3.492771
-0.098814 3.853273 3.987185
0.001769 -6.154255 2.089905
0.213170 -6.194079 2.840715
0.511491 -6.125243 1.359420
0.647151 -6.573334 1.980072
1.239651 5.984649 2.723060
2.564079 4.917120 2.712926
3.187958 2.393528 4.357661
3.751213 1.967768 3.996776
3.725748 1.825367 3.618867
4.005079 1.959122 4.037958
4.467696 3.258321 2.124548
6.175380 -5.315236 6.402050
4.715454 2.967387 2.314983
5.256413 2.986568 2.823232
-6.018186 -6.316087 3.016962
-6.071749 -5.588769 4.946311
-5.871486 -3.639837 2.949628
-5.504462 -3.471057 2.767883
-2.419161 -5.116929 2.039704
-5.297312 4.622668 3.127873
-4.609242 3.286770 2.592716
-3.990856 3.144475 0.784374
-2.879215 1.017999 2.491082
-2.598420 0.647923 3.123904
-2.038269 1.245960 3.876601
-0.735405 1.507379 2.030239
0.139875 1.982893 2.063971
-1.531043 2.598763 3.038677
-0.909930 2.465295 3.461532
-0.154202 3.700571 2.611647
-0.130314 -6.629382 2.699524
0.199955 -5.897287 2.100189
0.287840 -6.599927 2.337821
0.646725 -6.470067 2.176068
1.141518 6.601169 1.924099
2.818996 4.805965 3.463868
3.395765 2.226698 4.346637
3.579251 2.292473 4.841251
3.770668 1.811561 4.587391
4.279334 1.917196 3.702911
4.467860 2.479584 3.291437
6.513884 -5.669040 5.413676
4.953049 3.282153 2.436299
-6.311563 5.061397 2.322227
-6.302622 -6.183920 4.279332
-6.430330 -5.757313 3.899755
-5.635465 -3.022313 2.395721
-5.310018 -3.355499 2.389110
-3.349243 -3.714459 2.251079
-4.670235 3.643355 1.729228
-4.543203 3.089565 1.610055
-2.225259 -6.204864 3.212251
-1.160228 6.263978 0.584961
-2.537066 0.966279 3.532501
-2.058007 1.451312 3.509750
-0.363000 1.612197 3.028645
-1.708159 2.278812 3.954053
-1.396060 2.461971 3.022055
-0.800722 2.659783 3.910350
-0.206385 3.900240 3.023531
0.024795 -6.231977 2.581998
-0.048526 -5.968276 3.043576
0.291316 -6.217946 3.044828
0.646102 -6.366057 2.412491
1.215732 6.424936 1.647651
1.888876 5.950582 1.851169
3.213485 3.071073 1.335314
4.146609 2.304486 3.635449
3.920040 2.105551 4.060355
4.107811 2.088294 3.868777
5.932422 -3.845282 3.489106
6.016988 -2.326600 1.985968
-6.491994 -6.279570 2.897570
-6.340432 -6.407247 3.828481
-6.304285 -6.057076 2.987185
-6.277956 -5.344355 4.101936
-5.494152 -2.866866 2.744210
-5.531041 -3.070807 3.254917
-3.387187 -3.840707 1.681230
-4.709649 3.727237 1.999085
-4.173422 3.270715 3.538178
-2.387678 -6.091663 3.011549
-2.082277 -6.224163 2.968109
-2.444872 1.054530 3.128237
-2.792033 3.285821 1.781320
-2.432111 2.559958 4.747467
