-0.232153 -0.346438 4.352738
0.228554 0.168047 -0.727303
0.193920 -0.030183 -0.948900
-0.433302 0.271178 -2.351673
-0.432272 -0.334230 4.983332
-0.321985 -0.287493 -3.968664
-0.472582 -0.079181 -3.217643
-0.137296 -0.313785 5.420141
-0.444662 -0.308050 -5.551721
-0.470239 0.395496 -3.089746
-0.471608 0.140956 6.073716
-0.379683 -0.154409 -5.817859
-0.499244 0.287643 -5.769244
-0.456557 -0.211747 -2.603249
0.027100 -0.153143 -5.691407
-0.244940 -0.025225 4.221244
-0.046097 -0.026536 4.466447
-0.489429 0.096733 9.262943
-0.375861 0.434491 -6.257311
-0.461417 0.300036 -2.480094
-0.442489 -0.159083 -4.547227
-0.445461 -0.030353 -4.274723
-0.403949 -0.307985 -4.704699
-0.435161 -0.142652 -5.212475
-0.498019 0.309011 -2.458769
-0.356460 -0.391295 4.641429
0.409292 -0.047229 4.137412
-0.423823 0.036919 -1.916672
-0.338866 -0.367432 3.691289
-0.443726 0.176568 -3.004124
-0.472611 -0.338449 -4.315931
-0.477261 -0.193202 -5.544083
-0.443770 -0.162147 -3.381166
0.100994 -0.027235 -6.208397
-0.440763 -0.038424 -3.358066
-0.458859 -0.084290 -1.404653
-0.354681 -0.415113 -6.190668
-0.362018 -0.096857 -4.231508
-0.475894 -0.010781 -2.524765
-0.453734 -0.084620 -3.871957
-0.462443 -0.099066 -4.331462
-0.429437 0.039817 -4.402188
-0.460652 0.165249 5.785171
-0.426693 -0.054592 -4.297123
-0.455074 -0.144876 -3.865587
-0.425628 -0.371351 2.057571
-0.423764 0.205952 -2.632868
-0.437162 0.057105 -4.486022
-0.480040 0.129364 -2.902511
-0.361862 -0.367009 -6.072225
0.207549 0.165284 -4.804345
-0.361486 -0.305844 -3.203726
-0.194685 -0.419463 4.934044
-0.438269 0.155922 -3.915329
-0.437484 0.218440 -4.618541
-0.386731 0.112795 -1.680944
-0.478898 0.103947 -5.853736
-0.450669 0.287329 -3.036916
-0.398976 -0.285770 -4.054837
-0.316614 0.444905 4.813337
-0.315298 -0.342045 -6.027863
-0.413250 0.237579 -5.163527
-0.497777 0.332246 6.022957
-0.447009 0.243814 -3.821843
-0.394246 -0.407474 2.827030
-0.402426 -0.341657 5.953097
-0.282410 -0.167104 6.069719
-0.417333 -0.256672 -2.066137
-0.446770 -0.128777 -1.637689
-0.435342 -0.015021 -3.227791
-0.359196 0.187254 -3.529302
-0.251272 -0.315978 4.271895
-0.469603 -0.312014 3.577866
-0.464057 -0.026463 -4.232602
-0.488034 0.346210 -3.046847
-0.443180 0.221968 -1.950027
-0.305342 -0.137741 -5.987274
-0.437920 0.209205 -4.594924
-0.430913 0.189648 6.008606
-0.404795 0.229297 -0.056974
-0.355987 -0.365508 5.322907
-0.263280 -0.445566 5.133213
-0.440860 -0.383719 -5.635968
-0.263811 -0.312780 0.509094
-0.323804 0.334987 3.693405
-0.449406 0.271437 -2.713026
-0.385311 -0.358804 -4.979469
-0.450851 0.132099 -1.757308
-0.273095 -0.346775 4.219409
-0.173829 0.193709 -6.182475
-0.467658 -0.214094 -3.058969
-0.412408 -0.362015 5.329303
-0.282908 -0.458780 2.629206
-0.287286 -0.353629 4.632501
-0.492067 -0.223746 6.279857
-0.307057 0.403068 5.554505
-0.198646 -0.309205 5.671631
-0.205684 -0.395209 1.958559
-0.464029 -0.422336 5.155018
-0.485599 0.475398 9.940244
0.132854 -0.363904 -4.588289
-0.113404 0.100377 -2.166348
-0.384775 -0.167402 -1.935946
-0.494382 0.018456 4.740803
-0.135645 -0.096140 -4.174061
-0.163546 -0.207351 4.566497
-0.345527 -0.376409 4.420992
-0.419120 -0.162066 -4.626148
-0.427146 0.373589 -4.188435
-0.471097 -0.135235 -2.130455
-0.322837 -0.290291 -4.762757
-0.494964 -0.217666 -1.669094
-0.164985 0.270531 5.165568
-0.461846 0.030159 5.621287
-0.349081 0.320593 -1.889744
-0.463097 0.204160 -4.031783
-0.449145 -0.142310 -3.209614
-0.121652 -0.140074 -4.814637
-0.354492 -0.436709 6.043729
-0.469583 0.255030 -1.688569
-0.479596 0.431932 -5.392587
-0.490731 0.203945 -2.200012
-0.497102 0.336758 7.351742
-0.401067 0.152207 -4.096170
-0.417810 -0.100743 -3.801538
-0.146646 0.276201 4.983999
-0.460747 0.119781 -2.103502
-0.301126 0.096521 -2.959961
-0.402935 -0.404032 -5.549760
0.001634 -0.014961 -6.216730
-0.442396 0.268993 -3.446735
-0.408717 -0.022744 -6.030366
-0.433789 -0.201574 -2.594718
-0.430704 -0.266739 -1.128106
-0.132202 -0.451860 5.367293
-0.450758 0.175082 -2.373497
-0.158304 -0.481679 4.014958
0.135954 -0.070269 0.571960
-0.473779 -0.486442 5.773989
-0.435797 -0.107202 -3.298965
-0.167942 -0.405253 -4.930656
-0.079692 -0.053030 -3.332350
-0.346831 -0.313137 -5.724191
-0.469938 0.318577 -3.164698
-0.464827 0.205279 -4.241453
-0.453235 -0.339647 3.587214
-0.399066 -0.271066 -4.378878
-0.430449 -0.228468 -1.016196
-0.444475 -0.086073 -3.905944
-0.079587 0.156834 -3.147642
-0.456848 -0.276173 -2.867716
-0.469649 0.285707 -1.816710
-0.439140 0.298154 -3.561168
-0.343919 0.048681 -1.989416
-0.437903 0.361325 -4.116362
-0.434793 0.459607 5.852785
-0.116812 -0.169629 -5.967429
-0.450516 -0.322793 -5.679955
-0.464270 0.326954 -3.477860
-0.264995 0.084132 -2.882923
-0.490047 0.339812 6.132901
-0.441363 -0.212682 -5.243725
-0.219606 -0.261559 6.097313
-0.407400 -0.368094 6.066415
-0.490455 0.082676 -6.246661
-0.302712 0.132796 -1.080786
-0.478980 -0.075358 4.700946
-0.219748 -0.192350 6.024373
-0.498560 0.327278 -3.847453
-0.441367 0.245253 -4.433294
0.346316 0.406816 -1.553600
-0.465506 0.073195 -4.201225
-0.371458 -0.164350 -2.649070
-0.389093 -0.484900 9.305164
-0.473707 -0.180933 -3.944209
-0.490342 0.112823 4.735032
-0.395205 -0.416986 2.648969
-0.480996 -0.154480 -2.250129
-0.034904 0.495895 5.495890
-0.442649 -0.144261 -2.652040
-0.458216 -0.197469 -3.617711
-0.422382 0.080360 -5.867832
-0.493416 -0.237240 7.728430
-0.466959 0.337825 -4.412414
-0.468652 0.218230 -4.313378
-0.484403 0.031002 -3.498411
-0.466051 0.452337 -4.180565
-0.419432 0.144457 -5.885013
-0.353262 -0.039543 -2.894951
-0.489385 -0.120839 9.371749
-0.449359 0.209950 -4.980258
0.494321 -0.067605 1.526199
-0.460322 0.002211 -2.671472
-0.277423 0.086185 -4.694627
-0.396973 -0.049965 -2.643759
-0.440504 0.331062 -2.827611
-0.456633 0.379325 -3.349689
-0.414257 -0.223115 -3.644309
-0.432377 -0.424019 3.822912
-0.476519 -0.161583 -3.763310
-0.393791 -0.317855 4.721148
-0.490650 -0.160576 -2.027890
0.381044 0.007771 5.123048
-0.471727 -0.413357 1.997804
-0.298190 0.344008 4.907241
-0.414577 0.224680 -4.462329
-0.146590 0.176970 4.294079
-0.169411 0.111339 -5.507608
-0.116247 0.264793 3.694561
-0.339002 0.114813 -3.546309
-0.265706 -0.033921 3.295890
-0.254638 -0.118165 1.911718
-0.260087 -0.493453 4.024632
-0.345956 -0.271527 5.015231
-0.482868 0.312858 -3.063602
-0.032259 0.296023 2.451190
-0.463417 -0.380324 3.669449
-0.381179 -0.335979 -5.325288
-0.393052 0.231456 -5.076004
-0.492277 -0.222995 9.400633
-0.399648 0.256860 -3.557221
-0.392436 -0.295555 -5.461953
-0.481262 0.249443 -2.439837
-0.479654 -0.286437 6.266823
-0.425069 -0.277508 2.545750
-0.400068 -0.236902 -2.562581
-0.220666 -0.222834 -4.090258
-0.494854 0.306488 -3.226255
-0.227035 0.375467 2.151836
-0.418322 0.244803 -5.973370
-0.411260 0.366450 -3.753126
-0.378141 -0.001315 -4.616586
-0.267461 -0.227627 5.705502
-0.396041 0.046774 -1.326296
-0.464373 0.376873 -2.007660
0.470021 0.258271 -4.650175
-0.444826 0.185757 -4.350517
-0.195934 0.130155 -3.261244
-0.465906 0.164619 -2.655042
-0.443931 0.375200 -6.169375
-0.038922 -0.425852 -5.076825
-0.425843 -0.103960 -5.510730
-0.434857 -0.193143 -3.752649
-0.422382 -0.148137 -1.381365
-0.246138 -0.308122 5.095966
-0.389778 -0.232345 -2.978989
-0.453286 -0.341294 -4.063071
-0.447872 0.304237 -3.766175
0.112162 0.099630 -1.652721
-0.468507 0.469842 -1.804788
-0.271248 -0.431041 4.947666
-0.403845 -0.024937 -1.238324
-0.235992 -0.061056 4.346021
-0.396575 -0.016220 -3.490745
-0.402645 0.085869 5.378822
-0.409072 0.003206 -6.103596
-0.415708 0.485227 12.362837
-0.357468 -0.162638 -6.020281
-0.406403 -0.071940 -4.260286
-0.462386 -0.096155 -5.558307
-0.490282 -0.136430 -3.896122
-0.397786 -0.362431 3.530866
-0.386540 -0.146216 -4.767056
0.107930 -0.262350 2.179568
-0.353476 0.224322 -2.204377
-0.491403 0.090466 7.771826
-0.462938 -0.289678 -4.870085
-0.486297 -0.128471 -1.291684
-0.416155 -0.377303 3.585517
-0.221894 -0.422755 5.001222
-0.430455 -0.293464 -4.687430
-0.187238 -0.398991 3.018916
-0.232423 -0.466634 3.899860
-0.403019 -0.454599 4.258186
-0.436238 -0.196982 -2.649939
-0.253971 0.025860 -4.411518
-0.432197 0.118103 -3.549044
-0.491017 -0.064157 -4.244059
-0.112721 0.010996 4.180715
-0.432587 -0.078776 -0.905942
0.465316 0.244256 -4.262696
-0.451813 -0.008418 -3.244260
-0.473550 -0.470169 2.147669
-0.055267 0.127836 -3.760364
-0.017577 -0.183832 -4.552479
-0.473833 -0.019967 -0.459995
-0.463742 -0.417117 3.759694
-0.493714 0.335646 -1.815212
-0.387375 -0.184330 -2.097535
-0.439703 -0.010060 -2.649968
-0.449087 -0.064474 -3.450994
-0.082896 -0.092207 -3.485516
-0.382143 0.228070 -1.243101
-0.258815 -0.299447 6.203049
-0.456002 -0.030715 -2.017748
-0.297762 -0.391331 4.095901
-0.346232 -0.497057 1.239964
-0.355236 -0.304551 3.447297
-0.418823 0.128725 -5.188475
-0.290481 -0.314143 -5.952379
-0.379352 -0.012700 -3.447027
-0.448011 0.421175 -3.554429
-0.333107 -0.091992 0.723059
0.449949 0.319224 -5.364354
-0.496813 0.163773 7.013558
0.432466 -0.010411 3.663077
-0.360666 -0.486736 -5.629499
-0.377404 -0.411078 -5.487309
-0.401646 -0.324146 -1.365234
-0.492074 -0.252724 -3.997005
-0.045185 -0.227401 -0.304681
-0.492829 -0.311104 3.214886
-0.480012 -0.157516 5.798982
-0.355181 -0.406073 4.819312
-0.405664 -0.137032 -3.939668
-0.391701 0.264840 -5.842058
-0.493267 -0.209215 -2.971448
-0.463568 -0.232169 -1.979719
-0.423198 -0.068699 -3.115302
-0.224281 0.325638 3.956999
-0.151845 0.261209 -6.155839
-0.382866 0.091440 -1.601782
-0.497962 0.357238 6.414865
-0.285018 0.368673 6.026370
-0.498949 0.484144 6.342548
-0.457609 -0.071815 -2.696068
-0.405990 -0.072286 -0.211735
-0.426211 0.434246 -3.694363
-0.331364 0.312300 3.064513
-0.395754 -0.488601 1.566749
-0.480867 -0.060791 3.835154
-0.454957 0.291470 -3.044710
-0.472088 -0.465448 3.357946
-0.240979 0.003223 5.205974
-0.395611 -0.463377 3.447735
-0.378345 0.448671 4.220143
-0.431041 -0.213199 -3.980204
-0.480312 0.396591 8.435676
-0.270674 0.368265 5.784166
-0.371993 -0.462021 -5.162115
-0.437179 0.286099 -0.985871
-0.413819 0.391621 6.110666
-0.415550 -0.038254 -4.078583
-0.470610 -0.033783 -2.134668
-0.443652 -0.104198 -2.429048
-0.251991 -0.474601 4.771880
-0.407233 0.480302 -5.942636
-0.393040 -0.368893 -6.218560
-0.366992 -0.026904 -3.504078
-0.185608 -0.354920 5.485929
-0.428887 -0.428834 1.475581
-0.453036 -0.481813 3.778503
-0.483053 0.433880 -3.192794
-0.355411 -0.418680 -4.260360
-0.452129 0.174172 5.330983
-0.431896 -0.227969 -4.306510
-0.399062 -0.261136 -2.560060
-0.443282 0.359039 -2.734272
-0.419639 0.143104 -3.347121
-0.454957 0.324365 -5.230363
-0.374000 0.031587 -3.001690
-0.396002 0.084522 -5.602104
0.335562 0.475384 11.750152
-0.297580 -0.170999 5.064449
-0.436891 -0.135642 -5.930384
-0.260247 0.398851 3.656053
-0.280044 -0.416608 0.723397
-0.285190 -0.266901 -3.776925
-0.461157 -0.185022 -3.302732
-0.222219 -0.448455 5.176652
-0.487496 -0.010342 6.134839
-0.480164 -0.178469 -1.341207
-0.399883 -0.122693 -2.104509
-0.230329 -0.208929 3.289298
-0.474162 -0.193586 -5.975098
-0.488283 -0.246320 -2.283261
0.374161 -0.284209 -5.798027
-0.278357 0.479775 4.489750
-0.494119 -0.027185 7.752566
-0.496725 0.248511 -3.234416
-0.032139 0.329799 -5.889251
-0.498355 -0.058594 6.558108
-0.482824 -0.182840 -2.982249
-0.386741 -0.382503 2.366347
-0.466043 -0.097022 -5.146834
0.132034 0.204316 -0.903158
-0.345565 0.091529 -2.475068
-0.166033 0.119036 4.402953
-0.487880 -0.222162 -5.046131
-0.451317 0.268799 -6.041444
-0.486779 0.271970 -4.019731
-0.486124 0.241248 7.506333
-0.362672 0.402353 3.628152
-0.329768 -0.305436 -3.095255
-0.176019 -0.429102 2.913322
-0.390484 0.460720 -5.151907
-0.273767 0.496859 10.562793
-0.375372 -0.391419 3.955515
-0.322928 -0.232831 -5.044005
-0.357503 -0.441476 4.049329
