-0.438885 -0.189731 -2.270219
-0.353149 0.083657 3.056741
-0.105561 -0.280837 6.006324
-0.306652 0.364953 -4.632501
-0.432541 -0.421226 -5.197029
-0.492717 -0.121314 -2.713035
-0.226666 -0.188025 3.332137
-0.443778 -0.305576 5.218799
-0.459724 -0.473973 -1.697078
-0.467275 0.312400 3.386202
-0.478136 -0.220669 -1.375781
-0.496735 -0.196971 -4.025063
-0.365220 0.254039 5.757936
-0.438428 -0.387158 -3.845576
0.144392 0.111532 4.169569
-0.339060 -0.072558 3.725424
-0.363978 0.452610 4.982115
-0.407327 0.433408 6.019576
-0.476172 0.393902 6.174806
-0.339930 -0.047374 4.566380
-0.444645 -0.173358 -5.771738
-0.362159 0.098351 4.911662
-0.318048 -0.242793 1.785689
-0.244671 -0.135664 3.405309
0.153049 0.050629 3.937897
-0.447920 0.051464 5.436401
0.342891 -0.216031 -5.999650
-0.496724 0.103666 5.310434
-0.340575 -0.095519 5.625657
-0.257086 0.406946 -4.110853
-0.440757 -0.244268 -4.303540
-0.466149 -0.224495 -2.938931
-0.435237 -0.343119 -6.212022
-0.231046 0.202528 6.015713
-0.491897 -0.023390 5.528726
-0.369753 -0.381731 -6.212776
-0.483619 -0.071278 -5.536810
-0.327237 0.081389 4.007147
-0.428500 -0.017160 -4.768508
-0.442720 -0.279036 -2.948237
-0.223791 0.301631 5.897624
-0.379224 0.001248 5.015152
-0.493373 -0.437428 8.081056
-0.100601 0.016093 -2.337377
-0.409418 -0.185269 -1.886464
-0.377454 -0.451031 -2.440191
-0.493247 -0.461838 -1.820277
-0.389434 -0.407432 -4.692287
-0.308601 -0.051642 5.662426
-0.489301 -0.468407 -2.183991
-0.325738 0.389311 -4.546656
-0.420660 -0.149581 -1.233522
-0.466768 -0.412615 -5.317149
-0.495543 0.047454 9.039479
-0.251104 0.317411 5.550298
-0.492291 0.181167 0.299170
-0.469649 0.111180 0.439320
-0.486644 -0.171758 -3.167773
-0.471377 0.038674 -6.169862
-0.458435 -0.241472 -2.847789
-0.425035 -0.326008 -2.450940
-0.493913 0.291203 -2.678256
-0.482843 0.236284 0.553388
-0.385616 0.141223 2.427676
-0.330386 0.186439 5.230649
-0.248216 -0.414334 0.860796
-0.308511 0.266522 0.460455
-0.447688 -0.286758 -4.675966
-0.447844 -0.063565 -4.928851
-0.391024 0.242981 4.582680
-0.370249 0.266944 2.294098
-0.432204 -0.493683 -2.328453
-0.338211 -0.321415 -4.341557
-0.364131 -0.341064 -4.497314
-0.337829 0.134950 4.570682
-0.434199 0.244713 5.158967
-0.412982 0.456382 1.940564
-0.401811 0.043709 3.034131
-0.428701 -0.229485 -1.630945
-0.489200 0.373097 -1.037501
-0.403354 -0.349528 -4.895375
-0.486344 -0.274223 8.961898
-0.453661 -0.453686 -1.042844
-0.465795 -0.351297 -6.198644
-0.487673 -0.359158 2.517405
-0.384774 0.049059 1.417731
-0.429847 -0.484157 -4.179432
-0.435369 -0.184907 -2.023654
-0.424641 -0.305021 -4.508867
-0.478389 0.350212 3.060490
-0.487886 -0.286754 -2.880048
-0.461352 -0.235573 -1.002700
-0.446845 -0.433806 -5.906900
-0.401374 -0.341658 4.262346
-0.386191 -0.179905 -6.239263
-0.342803 0.450552 -5.307623
-0.383881 -0.430980 -2.900840
-0.470026 -0.150854 -0.380760
-0.493487 -0.486795 12.209292
-0.353997 0.179695 5.513063
-0.475244 -0.262308 -2.905539
-0.491707 0.275594 4.087590
-0.493080 0.246075 9.195420
-0.245589 -0.050882 -6.013139
-0.109815 -0.166509 3.743955
0.134926 -0.199507 4.298441
-0.444448 -0.091781 5.746560
-0.322422 0.499383 12.110888
-0.440534 0.184873 2.841183
-0.430253 0.046566 5.341442
-0.496653 -0.135192 -1.554830
-0.429930 -0.492725 -3.973955
-0.414776 0.248110 4.995294
-0.473617 0.228259 5.306680
-0.375186 -0.012835 -4.738359
-0.450347 -0.128307 -3.443390
-0.401728 -0.188441 -4.804160
-0.416994 0.092237 3.327166
-0.405283 -0.368773 -3.736183
-0.464186 0.204903 1.499553
-0.390651 0.173688 5.887000
-0.455858 0.094038 1.149779
-0.159797 0.313038 -2.751187
-0.377391 -0.385580 5.011731
-0.454475 -0.272745 -2.102176
-0.253281 0.298040 -4.238018
-0.437359 0.031532 2.614612
-0.477499 0.150737 3.144358
-0.480679 -0.268101 -3.035938
-0.481506 -0.355622 9.215532
-0.495116 -0.020201 5.715736
-0.493725 -0.232413 8.123067
-0.430334 0.059178 5.295444
-0.493034 -0.486524 -2.185259
-0.470506 -0.459871 -3.029754
-0.466587 0.229726 4.944355
-0.475808 -0.355302 -3.532692
0.444258 -0.134739 -0.198679
-0.411656 -0.455673 -5.123241
-0.370492 -0.152776 -3.189384
-0.407756 -0.314582 -6.103374
-0.332019 -0.013837 1.049435
-0.392098 -0.394036 -5.181725
-0.407148 0.305082 5.146014
-0.431615 -0.455223 -3.857432
-0.468306 -0.438169 -4.043025
-0.490841 -0.231578 5.183657
-0.400463 0.011920 5.889987
-0.449671 -0.406135 -3.141399
-0.497490 0.092882 9.345498
-0.470067 -0.393801 -4.119964
-0.465009 0.458284 2.499483
-0.444274 0.157344 4.001895
-0.226070 0.002244 3.917472
-0.314106 -0.003352 1.596319
-0.487214 0.339634 7.508995
-0.463856 0.131187 2.479745
-0.451261 -0.431179 -4.613474
-0.145773 0.434364 3.106471
-0.390220 0.060711 5.453032
-0.353057 0.378849 -3.235704
-0.400339 -0.497515 -1.217394
-0.374687 0.140361 3.538425
-0.361978 0.009732 2.561366
-0.475094 -0.215467 -3.164818
-0.478367 -0.474364 6.515078
-0.431481 -0.304873 -5.487523
0.096980 -0.138742 4.533617
-0.429690 -0.195447 -3.016763
-0.238729 0.425884 -0.441993
-0.398457 0.097863 2.901700
-0.421632 -0.300772 -1.854012
-0.451184 0.082802 3.948123
-0.385097 -0.328091 4.363648
-0.476216 -0.458577 -4.293284
0.107837 0.125699 0.887181
-0.436932 -0.354121 4.589264
-0.294999 -0.453499 4.519407
-0.479480 0.079551 4.823104
-0.337049 0.218902 3.857537
-0.394491 -0.433132 -1.973106
-0.415481 0.216995 2.616631
-0.010825 -0.485727 2.598683
-0.478231 0.140322 3.813863
-0.484585 0.245994 5.339708
-0.266167 0.228996 4.089184
-0.430394 0.252098 -6.216460
-0.435285 0.216226 1.694791
-0.325036 0.356629 4.542376
-0.458943 -0.022585 -3.799964
-0.366197 0.318785 2.632313
-0.076880 -0.414364 -5.639903
-0.447685 -0.247671 -3.334622
-0.079465 0.117109 -1.029630
-0.243541 -0.048123 2.009996
-0.365980 0.367426 3.769466
-0.445003 0.119324 1.339898
-0.489365 -0.351368 5.400481
-0.422443 -0.386853 -0.111760
-0.480823 -0.320402 -2.847122
-0.449715 -0.446748 -2.723054
-0.450286 -0.370224 -2.209868
0.494242 0.201769 -3.675725
-0.315471 -0.077292 -6.141211
-0.341473 0.357413 -6.162687
-0.450949 0.353198 -5.189459
-0.395919 -0.301102 -3.191495
-0.313721 -0.011730 5.498320
-0.397190 0.483926 -4.754581
-0.462930 0.367616 5.584616
-0.446449 -0.292551 5.582180
-0.318167 0.260030 3.133983
-0.329624 -0.463009 -3.798706
-0.390965 -0.494087 10.673768
-0.475256 0.483104 3.157514
-0.432625 0.258100 4.298225
-0.498370 -0.395257 -3.849370
-0.485687 -0.137609 -0.530666
-0.461945 0.408062 5.011059
-0.438586 -0.489688 -3.323669
-0.185926 0.483100 11.098158
-0.429033 -0.322691 -4.194424
-0.373021 0.428700 -5.457273
-0.444963 -0.209257 -0.768088
-0.476418 -0.389054 6.143175
-0.415204 -0.264953 -2.885964
-0.434190 -0.030623 5.763348
-0.194418 0.015515 -4.505279
-0.390713 0.480113 4.629447
-0.330218 -0.272102 -3.908913
-0.430924 0.459288 3.698615
-0.373111 -0.112371 6.125392
-0.147262 -0.308195 3.728796
-0.304320 0.364394 -3.876369
-0.483940 0.174571 4.771268
0.188293 0.169621 -0.554815
0.067017 -0.162954 3.124200
-0.412810 -0.224210 -6.221486
-0.457785 -0.089435 -4.523566
-0.358363 0.385438 3.582365
-0.436468 -0.450199 -1.013179
-0.406471 0.188629 2.963257
-0.405655 -0.378438 -4.491043
-0.417810 -0.372479 -4.209680
-0.387493 -0.464001 -3.352000
-0.337620 -0.134150 2.386400
-0.464482 0.018203 3.960123
-0.473090 0.129789 5.698168
0.158970 -0.004070 2.044272
-0.475899 0.315099 -5.436159
-0.477489 -0.126643 5.782738
-0.476346 -0.097017 4.533146
-0.171379 -0.158168 6.109391
-0.491094 0.491108 5.572461
-0.303463 -0.159939 2.660544
-0.471527 -0.280696 -3.213483
-0.462886 0.360642 5.772985
-0.075311 -0.203526 0.495841
-0.390686 -0.314399 5.793062
-0.226163 -0.219812 4.192436
-0.034448 0.319368 -0.069593
-0.273076 -0.062150 5.908585
-0.375975 -0.473351 3.788888
0.316074 0.328028 2.760767
-0.169355 0.274160 -3.242000
-0.429296 0.480782 3.499078
-0.473723 -0.456349 -0.274662
-0.158794 -0.213528 3.422099
-0.340689 -0.372749 -5.149511
-0.441448 -0.226010 -2.638630
-0.490183 -0.325587 6.156170
-0.387287 -0.489692 -5.205755
-0.240322 -0.163427 5.537442
-0.374138 -0.330201 6.170733
-0.411151 -0.024230 -6.070867
-0.274200 0.082141 1.373448
-0.467348 -0.121125 -3.943950
-0.450385 -0.282539 -3.635751
-0.486381 0.287326 -2.670844
-0.458995 0.479316 4.067658
-0.497659 0.420869 -1.140510
-0.401602 0.130964 2.519730
-0.441496 -0.451734 -2.934265
-0.478458 0.103864 0.981764
0.115098 -0.208790 -5.855452
-0.188142 -0.277698 2.625013
-0.440594 -0.131448 -4.244399
-0.036096 -0.073865 4.161717
-0.493981 -0.391765 5.785690
-0.430219 -0.441911 -5.227105
-0.438604 -0.467141 -0.882015
-0.432972 0.182267 2.343926
-0.160026 -0.215301 3.707931
-0.002358 -0.115956 4.775163
-0.034198 0.271242 -4.905766
-0.429541 -0.295109 -5.429940
-0.409914 0.031302 2.326770
-0.467923 0.142460 5.466654
-0.292980 0.034714 3.662213
-0.328926 -0.292898 -4.509858
-0.436167 0.252311 4.287160
-0.420363 0.039181 2.524762
-0.499564 0.192996 0.313884
-0.038561 0.432623 -5.923368
-0.486407 0.030234 -0.237859
0.131079 -0.490415 7.712679
-0.451492 -0.125744 -2.859809
-0.474664 -0.489041 6.457221
-0.428880 -0.192053 -3.811052
-0.442072 -0.154348 -0.623632
-0.450010 -0.292769 -3.533820
-0.392519 -0.494998 0.181703
-0.344772 -0.051461 5.719805
-0.439558 -0.160974 -3.456690
-0.025558 -0.187127 3.056713
-0.434268 0.357489 1.981312
-0.239879 -0.254322 0.217544
-0.352794 0.120813 4.105077
-0.497399 0.258774 -2.786937
-0.381794 0.376663 3.520178
-0.456793 -0.003694 2.844289
-0.113848 0.317206 -0.871094
-0.458265 0.074531 6.142304
-0.458413 0.335302 5.731448
-0.065502 0.335280 -3.511973
-0.449163 0.256420 -5.783129
-0.487578 -0.223641 9.331287
-0.457444 0.267637 5.620710
-0.445636 -0.002842 5.230061
-0.156821 0.198709 1.438755
-0.419537 0.141292 4.877871
-0.496068 0.149345 1.095942
-0.370048 -0.206341 -5.427816
-0.471908 0.375899 5.296060
-0.478598 -0.384227 -3.536290
-0.426713 0.281727 4.776243
-0.343537 0.026082 2.560502
-0.466831 0.490796 2.967781
-0.472673 0.433820 4.514881
-0.455023 -0.257566 -3.085365
-0.358363 0.123210 4.446886
-0.072574 -0.010291 4.709057
-0.478534 -0.307660 -4.340229
-0.343109 0.099326 -5.696103
-0.397913 -0.223523 -3.636863
-0.466782 -0.462435 -3.155264
-0.389628 0.156556 5.116918
-0.472874 -0.315546 5.515290
-0.405535 0.231141 1.527108
-0.310260 -0.175363 5.590884
-0.449787 -0.460794 -4.847482
-0.484446 -0.498575 8.497343
-0.420473 0.480438 2.702169
-0.493577 -0.179685 -3.227274
-0.051709 -0.167212 4.515794
-0.387278 0.488313 3.045379
-0.464799 -0.019827 4.862353
-0.322827 0.433428 -1.961666
-0.429629 -0.044465 5.827323
-0.429064 0.185323 2.162766
-0.352931 0.001821 5.204619
-0.412984 -0.483879 10.080524
0.152159 0.384302 -6.177295
-0.461252 -0.287441 -4.688749
-0.344321 -0.015116 0.821073
-0.219556 0.379861 -1.767061
-0.411042 -0.373547 -5.147336
-0.476800 -0.190094 -0.682660
-0.379836 -0.483193 -1.633807
-0.456060 -0.256494 -0.809369
-0.423722 0.330322 3.976184
-0.484253 -0.055731 -4.936692
-0.448267 -0.439925 6.221586
-0.186206 -0.486042 7.995263
-0.389929 0.430639 4.627462
-0.494259 -0.087607 -3.951440
-0.077320 -0.230255 4.756000
-0.444447 0.092038 6.248069
-0.412697 0.047065 3.802162
-0.387765 0.057319 5.224886
-0.425122 0.285769 5.338591
-0.445505 -0.099049 -5.465218
-0.497252 -0.129407 -4.054344
-0.431689 -0.212995 -5.987689
-0.386552 0.437586 5.918130
0.079471 0.228111 -5.039380
-0.179389 0.088320 2.946608
-0.369062 0.468180 -5.135356
-0.428625 0.273126 1.800036
-0.311888 0.033566 3.505235
-0.288289 0.437624 -6.245176
-0.448819 0.184831 0.854123
-0.491607 0.335181 -0.531237
-0.445537 -0.286784 -5.559939
-0.486423 -0.314798 5.036294
-0.446179 0.134098 3.092693
-0.486555 0.123124 2.589139
-0.034360 -0.272855 0.052992
-0.451940 0.265926 4.848235
-0.454814 0.095730 2.975558
