-0.457684 -0.361623 5.695878
-0.329782 0.273761 -3.285881
-0.201581 -0.334543 -6.066597
-0.490029 0.350137 -5.104882
-0.438358 -0.162056 4.264129
-0.450971 -0.218515 4.641735
-0.249426 -0.228690 0.152877
-0.487819 -0.353441 -5.061168
-0.438114 -0.483142 -6.101794
-0.471503 0.249393 -4.109903
-0.422752 -0.239069 3.330123
-0.456608 -0.211369 3.843567
-0.461945 0.155416 -5.058169
-0.460338 -0.192429 4.513836
0.013058 -0.046030 -0.032919
-0.307311 -0.148530 3.601047
-0.455079 0.199493 -5.530882
-0.399895 0.482901 -5.022335
-0.495234 0.384461 8.040635
-0.195598 -0.281377 -2.951351
-0.465267 -0.347753 -4.434342
-0.435286 0.060668 4.744315
-0.267627 -0.162162 1.501909
-0.308885 -0.066401 4.861399
0.214319 0.072845 -4.975176
-0.426751 -0.005356 -6.182965
0.468906 -0.100283 6.129516
-0.381186 0.054218 -1.802766
-0.423485 -0.091982 5.515038
-0.300907 0.435117 -2.063430
-0.408025 -0.133647 5.697721
-0.472890 -0.422018 -5.985207
-0.430334 -0.292648 3.365866
-0.234184 0.258178 1.894859
-0.468335 -0.129854 -5.485784
-0.432549 -0.437379 3.957611
-0.496143 -0.292774 -5.794528
-0.465815 -0.001487 -3.598923
-0.427683 -0.009950 -5.067454
-0.461766 -0.188615 -5.046223
-0.313469 0.301267 -3.233007
-0.447767 -0.098220 3.920946
-0.492667 -0.305839 -2.812447
-0.374160 0.077449 -1.173893
-0.478053 -0.368747 2.157007
-0.337477 -0.420565 5.008328
-0.363568 -0.244683 2.682199
-0.471847 -0.346651 -6.088851
-0.482102 -0.118092 -2.896287
-0.334925 -0.421688 3.386331
-0.175465 0.367636 -6.015027
-0.447263 -0.329410 -2.576641
-0.488968 -0.206624 9.320368
-0.389718 0.047051 5.577195
-0.209658 0.464620 6.017996
-0.449355 0.175357 -5.091033
-0.377408 0.102255 -4.170065
-0.357499 -0.062694 -5.809043
-0.466884 0.114807 -3.565910
-0.486606 -0.334015 -6.131272
-0.495604 -0.438372 3.928506
-0.428970 0.018877 -3.350701
-0.497204 0.379677 -2.548812
-0.380515 0.365133 -1.424113
-0.388596 0.065596 -3.645913
-0.227261 -0.439540 -5.669974
-0.268369 0.354548 3.481147
-0.444489 -0.358424 -6.172500
-0.494365 0.175345 7.457587
-0.497083 0.121900 5.869158
-0.356951 0.493138 -4.773803
-0.498982 -0.445274 5.415324
-0.481865 -0.389091 2.482720
-0.478140 -0.266205 3.483654
-0.498652 0.237118 9.083572
-0.476900 0.005937 -4.786089
-0.496185 0.455906 5.558153
-0.316513 -0.119629 4.913307
-0.418380 -0.346895 5.508519
-0.455815 0.334168 -1.359908
-0.329960 -0.389638 4.005960
-0.407988 -0.211121 5.360452
-0.400277 -0.399889 5.141780
-0.397811 -0.489892 12.551957
-0.495852 -0.370418 2.791591
-0.478846 0.060972 -2.027866
-0.469663 -0.370872 2.607987
-0.480075 -0.077953 2.360268
-0.355726 -0.352327 2.564836
-0.458520 0.489426 -1.927955
-0.459464 -0.439277 3.255299
-0.428715 -0.190060 5.130467
-0.214384 -0.387127 -3.406160
-0.374959 -0.399911 -4.094025
-0.440601 -0.307450 5.824665
-0.202447 0.326385 5.853560
-0.451368 -0.453767 4.489348
-0.454136 -0.173500 5.620223
-0.438310 -0.308423 4.176485
-0.103725 0.176844 -5.442738
-0.472962 -0.357122 0.614265
-0.482852 0.357395 8.317436
-0.461195 0.204837 -3.621848
-0.219508 -0.005129 -3.279290
-0.059438 -0.192096 -4.058862
0.088612 -0.062678 4.860764
-0.462990 -0.160791 -3.052596
-0.309140 0.453796 5.296890
-0.471082 0.083383 -1.709645
-0.382377 -0.021949 4.556870
-0.408737 -0.328802 5.403847
-0.324200 -0.404813 3.981341
-0.465124 0.181874 -5.790552
-0.487816 0.145711 7.369654
-0.156550 0.035533 -5.245470
-0.441138 -0.063129 -5.323485
-0.411671 -0.165485 5.869059
-0.468339 0.205127 -3.548483
-0.465347 -0.240662 4.596409
-0.488475 0.235517 7.174837
-0.384154 0.292138 -6.089041
-0.473721 0.134977 -1.635613
-0.161007 0.405702 -4.349229
-0.301530 -0.329021 4.767053
-0.487756 -0.243109 5.577789
-0.259323 0.497385 2.678120
-0.473802 0.156905 -2.963042
-0.353970 0.168314 -2.114022
-0.462079 -0.460940 5.468881
-0.435317 -0.197363 4.049299
-0.492890 -0.007449 -4.234437
-0.460233 -0.159205 -4.980498
-0.454067 0.042831 -4.027945
-0.417384 -0.416269 1.901602
-0.452776 -0.486143 5.223484
-0.423426 0.258294 -4.891928
-0.483379 -0.402384 -0.997430
0.477615 -0.210583 -5.851566
-0.351345 -0.433232 1.990664
-0.408010 -0.062456 5.165096
-0.485777 -0.297614 -2.462633
-0.288582 0.008429 -5.655712
-0.370110 -0.475698 5.267326
-0.468994 0.220117 -3.734352
-0.396803 -0.429301 -4.425525
-0.309362 -0.492123 2.194072
-0.461863 -0.323924 -5.379070
-0.415509 -0.049910 5.500827
-0.457412 -0.418438 -5.264041
-0.403535 -0.042735 -5.576631
-0.386094 -0.455514 5.833606
-0.465587 0.430066 -2.921713
-0.469158 0.051316 -4.364049
-0.343556 -0.108707 5.143825
-0.335478 0.012391 5.966854
-0.390035 0.376855 -4.689994
-0.444467 0.037282 -3.956476
-0.496688 -0.455565 0.075419
-0.110961 0.263122 -3.307224
-0.353820 -0.102554 1.718847
-0.474880 0.235504 5.586959
-0.396948 -0.445674 5.968111
-0.456319 0.100376 -2.064609
-0.413864 0.016011 -1.169637
-0.402197 -0.041633 -3.644575
-0.478634 -0.385612 6.055737
-0.458161 -0.173585 -3.566537
-0.099696 -0.126089 -1.134429
-0.423290 -0.188297 3.169426
-0.194485 0.363365 -1.088872
-0.371167 -0.009644 -5.926635
-0.432208 -0.245116 3.674331
-0.468013 0.015351 -4.722642
-0.435361 -0.466982 3.126359
-0.367991 -0.338446 -5.978586
-0.087096 0.082807 -4.479682
-0.403997 -0.415114 5.074209
-0.370685 -0.484162 3.902699
-0.477029 0.183033 -3.790152
-0.321870 0.082764 5.752225
-0.264107 -0.401498 -5.226705
-0.439026 0.028690 -4.993396
-0.123794 -0.427321 -2.214460
-0.471235 0.203426 -1.990423
-0.415847 0.222162 -5.350540
-0.441600 0.205050 -3.290502
-0.365355 0.359389 -5.654955
-0.417414 0.175739 -2.777356
-0.185261 0.299395 4.007040
-0.350529 -0.182790 -5.663446
-0.368578 0.118995 -0.499929
0.109407 -0.273063 -5.912419
-0.437499 -0.241399 2.489828
-0.101322 -0.145990 -4.032137
-0.425050 0.006082 -1.848569
-0.454090 0.407965 -3.324164
-0.471866 0.139998 5.248321
-0.491227 -0.259953 -0.538579
-0.402874 -0.333016 2.736323
-0.498613 -0.314294 -1.001600
-0.345470 -0.467039 3.075695
-0.454269 -0.353156 -6.194545
0.123058 0.196233 -5.971907
-0.340996 -0.077387 4.565358
-0.220916 0.494159 4.450684
-0.475017 0.205929 -6.165789
-0.397342 -0.090304 -0.597617
-0.172268 0.125813 -3.814253
-0.496101 0.457938 -1.577118
-0.446736 0.255689 -3.201269
-0.450682 -0.307823 -6.011433
-0.477614 0.239968 4.125548
-0.450897 -0.323445 3.079447
-0.389714 -0.370614 4.005934
-0.424110 0.468485 4.114282
-0.385428 0.372784 -5.566722
-0.465760 -0.307812 6.136396
-0.410981 -0.178509 4.918536
-0.365044 0.483222 5.370919
-0.464293 -0.328224 -6.144190
-0.182297 0.454173 5.845216
-0.409853 -0.221154 5.277632
-0.468424 0.346274 5.068540
-0.437053 -0.257494 3.720149
-0.455499 -0.261835 3.425681
-0.421131 -0.187719 -5.557409
-0.417824 -0.157326 -5.540951
-0.175895 0.038554 -5.149469
-0.375040 0.398458 -4.527976
-0.377879 -0.079329 -5.655403
-0.359615 0.420534 -3.759019
-0.432878 -0.041386 5.477494
-0.259869 -0.336141 -1.316186
-0.408301 0.225039 -5.551130
-0.437397 0.259130 -0.978323
0.198727 0.150955 5.908998
0.071966 0.112930 -3.310589
-0.470067 -0.174881 5.665714
-0.479909 0.145723 -4.490942
-0.261944 0.336570 0.216853
-0.435151 -0.467941 2.996093
-0.460690 0.215684 -1.347189
-0.451521 -0.444213 1.828089
-0.499488 -0.333953 -2.451599
-0.486229 -0.471254 -0.616641
-0.474341 -0.065155 5.634284
-0.413788 -0.074955 -6.025130
-0.428676 0.108295 -6.030069
0.216379 0.053180 -2.271395
-0.476346 0.431350 3.486169
-0.492767 -0.312873 -2.262539
-0.426204 -0.248024 4.853195
-0.146454 -0.168523 -6.179804
-0.434502 0.448643 -3.309066
-0.397729 -0.131253 6.281023
-0.470132 -0.232497 1.743638
-0.292160 0.351003 5.737406
-0.419738 -0.210748 5.960804
-0.437988 -0.410758 4.153362
-0.298347 -0.255298 3.394078
-0.066554 0.139507 4.049343
-0.465157 -0.354557 3.655032
-0.363092 -0.457422 5.550148
0.189210 0.217165 4.409604
-0.444421 0.302084 -3.270968
-0.364271 0.419652 2.086860
-0.391157 -0.433462 2.356890
-0.356523 -0.154300 4.300020
-0.464775 -0.343149 -2.426556
-0.485351 -0.384975 4.522584
-0.493677 -0.248588 2.792106
-0.359265 -0.406158 4.377364
-0.219295 -0.180224 2.492975
-0.496132 -0.458257 4.190245
-0.464650 -0.075683 -2.212319
-0.496927 0.121347 -4.983463
-0.332807 -0.139903 -5.396841
-0.456644 -0.366436 5.481713
-0.441485 0.224535 -2.954903
-0.381444 0.410010 -1.154691
-0.334165 0.474809 4.463294
-0.325518 0.265954 -5.172204
-0.487194 -0.332489 5.436838
-0.412550 0.196204 -5.202082
-0.040510 -0.347686 -4.130448
-0.128969 -0.176487 -2.409766
-0.491737 -0.210868 8.989212
-0.150692 -0.104612 6.215601
-0.451409 -0.492252 2.890274
-0.399799 -0.180510 3.295295
-0.398691 -0.412789 5.804043
-0.439857 0.157929 -4.075354
-0.277540 0.093437 -0.536427
-0.206007 -0.235969 5.295439
-0.119773 0.185141 5.882698
-0.130667 -0.165413 -2.097856
-0.463533 -0.198743 5.555891
-0.469794 -0.029923 -3.557990
-0.211567 0.153390 4.335224
-0.243211 -0.119098 5.861124
-0.489807 0.212492 -2.931646
-0.462177 0.283680 -5.398529
-0.389621 0.068890 -1.413955
-0.051005 0.341818 -5.568319
-0.470702 0.033560 -5.820400
0.259506 -0.316262 -5.895824
-0.480764 -0.159098 -4.342697
-0.248577 -0.439395 3.790456
-0.464623 -0.196167 -5.805219
-0.385111 -0.110467 2.632516
-0.339704 -0.278962 4.688396
-0.417053 -0.465717 2.850741
-0.449743 -0.220029 4.151811
-0.352943 -0.110100 3.645932
-0.106758 -0.343833 -1.208693
-0.416766 0.409491 -4.503580
-0.240374 -0.332739 -3.540790
-0.462326 0.144940 5.130789
-0.482137 0.271965 -4.914244
-0.405829 0.393492 -5.024782
-0.393654 0.028571 -4.901952
-0.152739 0.303801 5.289629
-0.481201 0.207903 4.030311
-0.408575 0.270016 -4.309967
-0.160117 0.370632 -5.150437
-0.384943 0.438202 -2.422569
-0.476449 -0.153546 8.653078
-0.496162 0.464443 -0.998964
-0.469947 0.027359 -3.358647
-0.127082 0.182020 5.879928
-0.472467 -0.003854 -1.741171
-0.490259 0.270885 -3.259583
-0.394303 -0.121616 4.413229
-0.381866 0.458624 -5.214372
-0.405737 -0.433267 -4.007118
-0.357437 0.499012 -2.900708
-0.464959 0.049950 -3.470708
-0.205589 0.450300 2.560374
-0.475259 0.453725 6.744327
-0.435960 -0.264271 4.485571
-0.487865 0.084867 7.802855
-0.269567 -0.171943 6.236695
-0.498346 -0.464987 4.816243
-0.391909 0.334672 -4.373007
-0.495763 -0.218033 -1.415855
-0.426695 -0.428373 3.081015
-0.456909 0.202882 -2.637809
-0.394879 -0.430048 2.679628
-0.474153 0.100282 -2.812231
-0.151806 -0.338422 -0.189601
-0.435938 -0.426266 0.287625
-0.477175 -0.490180 3.322650
-0.282006 0.424108 6.037562
-0.453206 -0.212461 -5.487408
-0.123758 -0.086979 -3.594874
-0.474091 0.410591 -1.682866
-0.469254 -0.086993 5.844488
-0.439375 0.403515 -5.749930
-0.438969 -0.050792 5.780631
-0.489255 0.131319 5.407066
-0.237676 -0.079426 -3.212185
-0.402696 -0.424638 2.835300
0.350859 0.483747 3.127652
-0.417417 -0.375736 1.279759
-0.288086 -0.019201 1.784116
-0.281983 0.408548 -4.586445
-0.378835 -0.345399 4.357415
-0.476787 -0.217370 5.006254
-0.317328 -0.469078 1.576308
-0.448313 -0.408340 3.092976
-0.440389 0.319544 -3.563584
-0.482975 0.030141 -5.652757
-0.456596 -0.388670 4.613131
-0.017547 -0.357706 -2.777089
-0.499028 0.431709 5.319052
-0.454588 -0.265310 6.215695
-0.171545 -0.182883 -3.082883
-0.433403 0.131776 -5.151832
-0.486395 0.008914 5.381447
-0.414478 0.221208 -5.835449
-0.478682 0.385175 5.517258
-0.416662 -0.168903 4.121364
-0.429187 -0.133184 -4.239616
-0.423589 -0.197656 -3.934505
-0.447380 0.497413 -3.054021
0.154895 0.128361 -6.124757
-0.217689 0.103398 -1.996502
-0.404566 0.413226 -1.111695
-0.482874 0.307233 -3.872963
-0.289555 0.229816 3.092976
-0.359293 0.302464 -2.979819
-0.424263 0.320387 -3.928840
-0.448267 0.373784 -4.652702
-0.435700 -0.426777 3.901987
-0.416863 -0.250668 5.625874
-0.483367 0.093835 -2.827205
-0.486550 0.321020 6.789797
0.014116 -0.376266 -4.228086
-0.491646 0.085668 -4.755621
-0.453649 -0.042165 -1.810486
