-0.184315 0.294071 4.616454
-0.415158 0.151930 2.467739
-0.207538 -0.156497 -5.907492
-0.193915 -0.106667 -0.567529
-0.467368 0.168887 5.115755
-0.326388 -0.117556 -2.015626
-0.424814 0.036297 -6.232333
-0.449512 0.269927 4.440053
-0.437605 0.131411 3.585968
-0.434620 -0.374404 -2.642359
-0.490646 0.465722 -4.870748
-0.260643 0.152341 -0.829094
-0.469369 0.328685 5.306868
-0.289994 0.480034 -0.462995
-0.125242 -0.442769 5.304842
-0.441843 0.437011 -4.927133
0.075008 -0.372366 0.252271
-0.459511 0.272134 4.404378
-0.376770 -0.422334 -2.277728
-0.439025 -0.351486 -2.454254
-0.411918 0.098308 2.943792
-0.432569 -0.158684 4.121303
-0.474546 -0.394974 -2.366937
-0.344941 0.356574 -3.955385
-0.456973 -0.153998 -4.084660
-0.421026 0.006514 -2.463571
-0.095655 -0.172885 -4.903613
-0.441809 0.254044 5.044365
-0.233556 -0.426935 4.555154
-0.489378 -0.444640 -0.678055
-0.497862 0.379857 -2.254949
-0.308504 0.195982 3.091783
-0.423199 -0.410265 -2.810345
-0.251916 0.439065 5.346881
-0.143570 -0.462227 3.242684
-0.053721 -0.439502 -4.640297
-0.468136 -0.391653 -0.291043
-0.474330 -0.292594 -3.622474
-0.266748 0.358110 3.068004
-0.463395 -0.253032 -1.877178
-0.035103 0.274983 -1.812670
-0.386980 0.198738 5.905242
-0.404562 0.074125 -3.955394
-0.477422 -0.307364 6.404435
-0.100196 0.298002 -1.533978
-0.442260 -0.146836 -3.073207
-0.472748 -0.246713 7.101967
-0.448327 -0.494588 -1.443920
-0.454138 -0.417723 -2.202459
-0.349703 0.028525 -3.857513
-0.263259 0.399234 -3.981508
-0.490905 0.082212 9.310854
-0.450443 -0.371419 -5.465066
-0.431254 0.234533 5.606648
-0.492403 0.314976 4.467972
-0.483228 0.436950 0.537304
-0.353618 -0.472339 -5.266017
-0.464374 -0.319380 -0.709235
-0.419574 -0.291561 -0.589999
-0.475662 0.299901 4.641002
-0.433344 -0.076791 -5.277092
0.046830 0.043997 2.794932
-0.078296 0.279012 -2.166415
-0.492113 -0.326523 9.007656
-0.488375 0.290365 0.833334
-0.490352 0.199953 1.294722
-0.355034 0.313921 -2.490534
-0.482415 -0.321733 8.788150
-0.493556 -0.041251 7.112169
-0.065537 -0.261754 -3.903036
-0.499459 -0.405538 8.821151
-0.467358 -0.299185 -3.140066
-0.473532 0.018398 -6.058202
-0.386417 -0.463998 -2.809105
-0.483174 0.043489 -3.096626
0.347274 0.487649 0.999136
-0.470829 0.056461 5.185663
-0.497994 -0.431633 6.606963
-0.371035 -0.003790 -5.247432
-0.494283 -0.483015 -5.376544
-0.316140 -0.436576 -1.133126
-0.143933 -0.288821 -4.023631
0.056603 0.041697 5.012659
-0.492182 -0.108027 -3.564360
-0.476089 -0.056129 8.751365
-0.326192 0.333811 -4.090468
-0.495168 -0.036022 6.682212
-0.362275 0.245309 -1.174136
-0.421948 0.312404 3.541435
-0.385246 0.264921 3.506991
-0.251958 -0.407301 -2.813933
-0.485198 0.112000 9.007930
-0.479131 -0.188023 -3.135973
-0.479035 0.371761 5.210483
-0.482739 -0.060518 -3.116309
-0.379816 0.106146 6.241970
-0.411336 -0.358633 -4.027895
-0.364173 -0.261016 -1.631338
-0.445449 -0.211474 5.702294
-0.018351 0.438208 4.514418
-0.400097 -0.139785 -3.900044
-0.424656 0.262632 5.070486
0.467861 -0.324790 -0.994366
-0.402397 0.225007 2.995266
-0.188852 0.134904 -5.982681
-0.400045 0.487722 -2.698617
-0.455581 -0.365258 -2.815985
-0.193794 0.374918 4.848595
0.079644 0.260270 -3.925968
-0.031186 -0.173042 5.486100
-0.440795 -0.028916 -3.484185
-0.468371 -0.380667 -5.694643
-0.450357 0.002640 -4.102594
-0.229765 -0.153844 -1.612972
-0.459532 0.030020 5.249023
-0.463042 -0.224579 5.954286
-0.471317 -0.354402 -2.778056
-0.410194 -0.237523 -0.647858
-0.406088 0.012323 -2.467190
-0.408987 -0.307688 -1.586182
-0.482863 -0.469368 -4.800137
-0.481421 0.225294 3.786699
-0.365021 0.204984 6.162847
-0.453268 0.109585 -4.960675
-0.472293 0.112157 -4.164125
-0.387004 0.266198 3.994375
-0.476832 -0.402951 6.036135
-0.494123 -0.342173 -2.519930
-0.441467 0.009655 -4.635125
-0.451944 -0.345274 -2.534971
-0.380473 -0.176111 -4.076152
-0.361511 0.143929 4.405559
-0.395954 -0.197047 -2.907456
-0.247097 0.058570 -4.586137
-0.362481 0.290251 -4.628219
-0.493147 0.193524 4.403809
-0.334291 -0.494920 10.575660
-0.092824 -0.372729 -5.322879
-0.406335 -0.009527 -5.514165
-0.478386 -0.244319 -3.469925
-0.405530 0.008132 -2.837278
0.356029 0.052174 -0.394280
-0.463776 -0.140273 4.911353
-0.169551 0.141712 -3.067313
-0.392905 -0.229950 -2.317813
0.351963 -0.417293 -5.970831
-0.470064 -0.281220 -3.415700
-0.464085 0.386946 5.690655
-0.102531 -0.108717 4.030706
-0.434824 0.108535 3.333513
-0.060224 -0.227574 3.917912
-0.349107 -0.236696 -3.549993
-0.360803 -0.354160 -4.980705
-0.341993 -0.438267 -2.966192
-0.417965 0.269791 -5.838457
-0.404578 0.145217 5.779159
-0.426058 0.329902 -5.703853
-0.448596 0.261293 4.807779
-0.380268 0.332657 -6.273387
-0.338414 0.480980 11.829171
-0.487769 -0.239377 -4.482273
-0.482209 -0.107780 9.088859
-0.375365 -0.450430 -0.051878
0.029413 -0.410631 5.516029
-0.468988 -0.041979 5.842633
-0.448284 -0.313695 -5.177595
-0.041596 -0.307077 -3.065971
-0.307841 0.310150 2.053598
-0.427909 0.115969 -4.865165
-0.384357 0.225383 -5.759986
-0.424813 0.339422 4.644525
-0.483121 -0.371990 -4.328894
0.437453 -0.082051 -4.799123
-0.472489 -0.326702 -1.891308
-0.365841 0.043470 -4.921577
-0.452787 0.330467 3.190849
-0.256842 0.178545 -0.829964
-0.453633 -0.433365 -4.749254
-0.497785 -0.264912 -4.579549
-0.445699 -0.383948 -4.509081
0.095759 0.196494 6.166325
0.221582 0.090864 -3.175863
-0.352652 -0.278110 -2.491381
0.488429 -0.336013 3.383427
-0.395057 -0.312308 -2.091320
-0.490710 0.268813 -4.481647
-0.128629 0.440782 1.103441
-0.362940 0.240667 -5.331093
-0.256559 0.225344 -0.819236
-0.300067 -0.365317 -2.028075
-0.130674 -0.065856 6.082564
-0.185349 0.295466 -4.485298
0.151695 -0.309409 -4.275775
-0.227631 -0.163493 -1.486910
-0.380629 0.240470 3.395907
-0.340913 -0.384855 -3.215938
-0.399414 0.294839 -3.885035
-0.433434 -0.481167 -5.959159
-0.342736 0.246744 -3.008542
-0.483978 -0.425506 -4.377098
-0.441195 -0.006970 -4.757734
-0.465416 -0.274985 -4.245435
-0.119745 -0.201440 -5.900014
-0.391782 0.147975 1.276560
-0.481252 0.104990 4.808205
-0.377111 -0.156434 -1.210541
-0.452977 -0.378971 -2.729879
-0.420981 -0.258806 -2.418692
-0.345684 0.467882 -6.088318
-0.474104 -0.072444 -5.470835
-0.430206 -0.029419 -3.998465
-0.415954 0.096286 5.050919
-0.073719 0.311155 -6.092789
-0.473037 -0.199545 5.953754
-0.493049 0.024998 4.275011
-0.378295 0.483602 -1.456323
-0.438414 -0.203767 5.453337
-0.492012 0.102119 -2.572531
-0.432534 0.144651 5.688374
-0.164874 -0.269231 -3.161171
-0.448075 0.127721 -5.771569
-0.416583 -0.485075 -4.931502
-0.415376 -0.135479 -3.923456
-0.192156 0.079196 -5.728026
-0.439724 -0.374760 -4.304722
-0.341450 -0.483998 -3.372993
-0.462061 -0.468003 -5.827401
-0.435327 0.063107 -4.509314
-0.443183 0.097800 4.089762
-0.343621 0.454931 -4.617302
-0.424511 -0.499644 -3.677412
-0.455628 -0.466099 -3.201468
0.217583 -0.199895 -6.240147
-0.243564 0.422501 6.149698
-0.183722 0.382929 -5.872562
-0.438157 -0.195907 -2.055019
0.085583 -0.411227 6.075802
-0.492677 -0.131326 7.318601
-0.459806 0.307380 4.365177
-0.392825 0.063097 5.857079
-0.467410 -0.431437 -2.789312
-0.068999 0.228678 5.006969
-0.277849 0.433294 -3.441734
-0.420176 0.324660 -5.009906
-0.447382 -0.397918 -0.895210
-0.463572 -0.071973 -3.434002
-0.332925 -0.070820 -1.555839
-0.414244 -0.455672 -5.847100
0.380219 0.083360 -4.050360
-0.464961 -0.264308 -3.589609
-0.427228 -0.357388 -0.791824
-0.316120 -0.073296 -2.269216
-0.462532 -0.205567 -6.149267
-0.434041 0.372695 -4.740013
-0.229077 0.091874 -1.066841
-0.251066 -0.256360 -4.196769
-0.307812 0.308035 -4.170932
-0.461138 -0.323579 -2.279578
-0.436368 -0.337817 -3.898366
-0.443239 -0.000507 -3.346962
-0.387712 0.454401 -2.170826
-0.202686 0.366300 5.381704
-0.163893 -0.142704 6.127461
-0.448382 0.234642 2.940399
-0.378673 0.447248 -0.893492
-0.458747 0.311265 -4.993977
-0.362931 -0.280198 -5.047249
-0.468555 0.246437 4.273309
-0.375621 0.119669 -6.027838
-0.456768 0.436796 4.128512
-0.492784 0.111326 -4.916802
-0.482401 -0.372516 -3.017913
-0.399855 0.232527 5.697594
-0.497025 0.066508 7.879510
-0.274186 -0.400718 -1.446016
-0.409816 -0.228563 -0.568704
-0.402553 -0.333974 -1.388016
-0.025711 0.373586 4.262595
0.041214 0.044969 -5.288106
-0.474292 -0.267019 -4.119484
-0.431324 0.337673 -2.736713
-0.460080 0.155101 -4.713350
-0.495281 0.040060 -3.711274
-0.447714 -0.395987 -4.740670
-0.377902 -0.317472 -3.203916
-0.386148 -0.018584 -4.149696
0.177409 -0.464556 6.139855
-0.428581 0.074743 -3.166760
-0.472081 0.196851 4.978614
-0.370072 -0.147027 -4.419118
-0.143033 0.445651 5.803084
-0.372652 0.420542 -0.685714
-0.211594 0.181362 -1.171759
0.094919 0.365200 5.080756
-0.102936 0.112515 -2.135484
-0.417735 0.104748 -4.612324
-0.457290 0.274720 4.889172
-0.306956 -0.051083 -1.560877
-0.366102 -0.169804 -5.939703
-0.368415 0.489560 -0.706864
-0.288672 -0.369804 -2.963519
-0.441997 0.026701 -5.429319
-0.297974 0.252067 3.950768
-0.435085 0.193125 4.764849
0.026711 -0.074458 -4.167311
-0.462710 -0.375663 -3.821197
-0.218324 0.280969 -4.300915
-0.427267 -0.371528 -2.382623
-0.403911 -0.393408 -2.396319
0.476200 -0.005325 -5.250426
-0.386262 0.326570 -5.286957
-0.475207 -0.227710 5.935404
-0.455581 0.164396 -5.261463
-0.432414 -0.019490 3.602039
0.166482 -0.209653 3.580219
-0.444513 0.104655 6.040353
-0.359394 -0.158797 -2.582132
-0.414766 -0.011103 -3.082286
-0.447003 0.033915 -4.252561
-0.246122 0.332212 4.930521
-0.455886 0.072228 -1.986480
0.326774 -0.016474 -1.907420
-0.468204 -0.419515 -4.529058
-0.455354 -0.416883 -2.871675
-0.469282 -0.174567 -4.481264
-0.473583 -0.099749 -4.976351
-0.241768 0.100788 -3.800382
-0.421600 -0.400880 -2.271734
-0.494272 -0.127251 7.881342
-0.474306 -0.048775 -3.361079
-0.414770 -0.498774 -3.345295
-0.483733 0.496642 10.644447
-0.397611 -0.354001 -1.559494
-0.427373 0.395588 3.942021
-0.410865 -0.161574 -3.586345
-0.234398 0.462849 2.885159
0.407327 0.375152 -6.125203
-0.292777 0.414184 -5.638025
-0.480141 0.054302 -5.589861
-0.431395 -0.078268 -2.859313
-0.464449 -0.462875 -4.291510
-0.458339 -0.422901 -2.443439
-0.486257 -0.365884 6.838283
-0.491450 0.417935 1.970188
0.104491 -0.015807 2.192703
-0.390271 -0.372481 -3.272297
-0.304101 0.468190 -5.539375
-0.413857 -0.400409 -2.543210
-0.411521 -0.450335 -4.817037
-0.180999 -0.420764 -5.680732
0.200317 -0.331364 -5.949704
-0.290049 -0.483632 3.228495
-0.478346 -0.143885 -5.747982
-0.461078 0.056203 6.220184
-0.360567 -0.297426 -2.693923
-0.470315 -0.050484 -6.243720
-0.466356 0.376128 3.863730
-0.439739 0.048781 5.638326
-0.450835 -0.170629 5.912337
-0.436342 -0.490260 -0.513512
-0.421344 0.047907 5.937621
0.043054 0.400673 1.187888
-0.170470 0.233597 -1.458870
0.058346 0.407706 1.045126
-0.396773 -0.008877 6.232399
-0.409729 -0.163555 -3.858152
-0.058159 -0.258984 5.144744
-0.054612 -0.211238 6.017303
-0.099774 -0.439649 -2.345974
-0.303604 -0.331785 -3.142770
-0.455927 -0.353663 -0.384584
-0.490746 0.047506 5.788716
-0.442564 -0.315899 -2.444180
-0.386325 -0.074000 -0.344033
-0.465184 0.288226 2.742620
-0.494466 -0.464664 -3.997081
-0.383911 -0.168182 -5.484335
-0.499941 -0.030038 -2.389235
-0.289366 -0.159601 6.267680
-0.295366 0.400767 -3.686951
-0.419949 0.364307 -1.897545
-0.336980 0.164702 1.724785
-0.439828 0.436907 6.242998
-0.494384 -0.363289 8.053392
-0.391783 0.391818 -3.049467
0.091620 -0.476035 5.887342
-0.437082 -0.278428 6.129494
-0.328395 0.280499 -0.902032
-0.446600 -0.378361 -5.214767
-0.451962 0.342654 5.077999
-0.490674 0.347643 -0.536382
-0.477985 -0.000625 -2.639980
-0.334825 0.311567 -4.359917
-0.372562 0.425497 -2.459045
-0.445662 0.415217 -4.372627
-0.110677 0.321724 -5.140422
-0.391417 -0.041284 -4.145249
0.305707 0.048085 -3.278575
-0.313199 0.393157 6.216255
-0.489595 -0.412977 -3.583734
