-0.218624 -0.468071 0.370474
0.287339 0.185801 -3.424542
0.180709 0.121128 -1.941379
-0.485240 0.263812 -2.529883
-0.452671 -0.349975 -6.248372
-0.442840 -0.256151 6.231919
-0.432780 -0.163668 -4.740958
-0.416227 -0.248160 -5.877595
-0.324658 -0.252791 -4.660883
-0.294339 0.475778 -6.190138
-0.481170 0.126835 -5.105464
-0.455652 -0.107871 -2.925439
-0.408412 0.352559 -3.438526
-0.465175 -0.446095 -5.065105
-0.077273 -0.337000 -3.898110
-0.298638 0.008021 -1.016471
-0.075061 0.069176 -6.272904
-0.489625 0.219222 4.844547
-0.426882 0.496189 -5.511209
-0.498522 0.252760 -3.451285
-0.419630 -0.101663 -5.484047
-0.434810 0.132904 -1.419517
-0.493639 -0.353010 -6.224648
-0.360800 -0.245297 -2.423581
-0.415052 0.192944 -2.943015
-0.391791 -0.249559 -4.275110
0.341121 -0.018427 -5.409279
-0.486663 0.100425 6.810117
-0.291244 -0.268578 -4.891177
-0.472333 0.288670 -1.732760
-0.341419 -0.259619 5.456913
-0.455527 -0.464665 -4.670370
-0.457311 0.088638 -3.987028
0.169278 0.139196 -3.987093
-0.470042 -0.205266 -2.602213
-0.495978 -0.095348 6.953197
-0.489004 -0.392753 -1.035536
-0.477320 0.182854 4.333607
-0.442779 0.117296 -1.021218
-0.465357 -0.091683 -5.330423
-0.486587 -0.093495 6.724155
-0.438553 -0.065726 -4.689838
-0.484079 0.148695 -3.194454
-0.458373 -0.008001 -1.332571
-0.435721 -0.146907 -4.004706
-0.464674 -0.428313 6.029559
-0.484672 0.234506 -4.057841
-0.493821 -0.014878 -3.406303
-0.496578 0.023594 -2.136626
-0.413955 -0.399810 0.344483
0.142727 0.115421 -5.644455
-0.494469 -0.384656 -1.031064
-0.371084 -0.299623 4.131320
-0.446009 0.090298 -3.849494
-0.473414 0.341356 8.295753
-0.441857 -0.030373 -3.655140
-0.476367 0.071064 -3.401475
-0.454522 0.228724 -4.217488
-0.437935 -0.330840 2.356839
-0.429181 0.441397 -5.049354
-0.196373 -0.036275 -0.983587
-0.306236 0.191713 -5.583202
-0.477831 0.495391 10.199636
-0.426250 0.182723 -4.009766
-0.328810 -0.441614 3.543379
-0.322809 -0.334374 1.993336
-0.053288 -0.166391 0.790789
-0.418000 -0.160054 -3.931825
-0.388322 -0.081313 -4.024969
-0.366491 -0.230983 -1.591549
-0.487224 0.248349 -0.797628
-0.354476 -0.277596 5.918529
-0.428510 -0.254781 -3.958352
-0.442010 -0.216789 -4.742031
-0.374480 0.229693 -1.153406
-0.439036 0.171471 -3.711530
-0.430927 -0.002893 -0.474765
-0.390251 0.084074 6.254913
-0.426428 0.122499 -4.456907
-0.438337 0.199065 -4.415730
-0.417769 -0.479445 3.001048
-0.262529 -0.469995 4.485335
-0.448077 -0.491358 -4.778170
-0.416045 -0.274138 5.467325
-0.186166 0.248267 3.272201
-0.497851 0.345026 -3.479905
-0.498668 -0.465741 6.006024
-0.393708 -0.067237 -1.821848
-0.456004 -0.483185 6.115153
-0.251011 0.395134 4.417218
-0.459658 -0.293711 2.848378
-0.470283 -0.405981 1.357594
-0.419944 -0.426337 5.943672
-0.402006 -0.447737 -6.054059
-0.474280 -0.105587 -2.896321
-0.305065 0.493863 8.598458
-0.148559 -0.444825 4.857426
-0.354827 -0.395727 2.242634
-0.425177 -0.415412 5.142895
-0.386020 0.383659 -3.323440
-0.129486 -0.318276 -5.701749
-0.299496 0.349998 5.934058
-0.401761 -0.117643 -0.333911
-0.488622 0.124353 -2.441366
-0.209719 -0.091975 -2.264851
-0.126413 -0.370021 -5.614456
-0.389018 -0.330740 1.752458
-0.247804 -0.086390 -2.013913
-0.464158 0.266141 -4.256232
-0.466483 -0.025570 5.144364
-0.333347 -0.376881 0.965490
-0.497839 -0.264004 8.600329
-0.057053 0.296187 5.863335
-0.423784 0.025797 -4.623579
-0.287204 0.195155 -4.175263
-0.463079 -0.044356 -4.825341
-0.423936 0.063343 -2.168204
-0.187787 -0.212091 -0.865878
-0.469513 -0.399242 -3.909499
-0.480250 0.289557 8.637495
-0.448433 0.467938 4.310455
-0.493728 0.261752 4.762731
-0.488579 0.400711 -5.078430
-0.416238 0.098398 -3.528468
-0.400616 -0.154983 -5.074413
-0.030795 0.481498 4.452420
-0.449671 0.145178 -4.096646
-0.310928 -0.022806 -3.118505
-0.423680 -0.467660 0.296542
-0.193063 -0.033343 5.659255
-0.488015 0.288212 -0.995792
-0.413008 0.187941 -2.214192
-0.345035 -0.285822 3.974455
-0.480219 -0.181428 -1.346615
-0.122288 -0.350059 6.159525
-0.460021 0.275938 -2.183849
-0.094838 -0.479933 11.499097
0.375368 -0.094983 -3.535068
-0.440866 -0.319198 5.632277
-0.434161 0.081460 -4.131806
-0.464190 -0.447823 -5.142806
-0.066646 0.064294 6.211391
-0.421871 -0.276813 -4.728477
-0.314152 0.150154 -3.381638
-0.440294 0.071239 -4.475731
-0.406544 -0.328635 5.594606
-0.466997 -0.331988 -5.280663
-0.380097 -0.035615 -3.799065
-0.475348 -0.174775 -3.363631
-0.340579 0.004347 -4.062774
-0.455709 -0.225747 5.888150
-0.499427 0.296025 3.856957
-0.489718 0.171763 -5.032535
-0.390071 0.006837 -4.605516
-0.355428 0.339084 5.840800
-0.415592 0.438258 -5.111082
-0.306021 -0.201904 -1.612125
-0.446524 -0.264642 -3.236471
-0.367968 0.461360 -3.261889
-0.420280 0.200077 -1.036548
-0.445181 0.410904 -6.134121
-0.428554 -0.145158 -1.970682
-0.064016 -0.272935 4.261444
-0.469866 -0.399203 4.948383
-0.402742 -0.018417 -4.807337
-0.395334 -0.131370 -5.234160
-0.493221 0.071366 -2.953085
-0.134115 -0.260111 -4.736653
-0.490834 0.184129 -2.706177
-0.457768 0.376485 -6.145873
0.360359 0.402838 2.616952
-0.299799 -0.074547 -2.224144
-0.453332 -0.115915 -2.784245
-0.213080 -0.421472 3.835720
-0.215633 -0.041587 -2.303951
-0.327253 0.109821 6.205050
-0.274520 -0.360410 2.399070
-0.341464 -0.320856 2.796976
-0.181061 0.459926 -1.890796
-0.396928 -0.118552 -2.199497
-0.300284 -0.240687 -6.241011
-0.450292 0.161419 -2.626276
-0.485480 -0.369306 8.811150
-0.398163 0.398912 -4.010995
-0.422150 0.207399 -2.493423
-0.369806 0.003300 -4.229267
-0.428327 0.447856 -1.379180
-0.414709 0.138117 -5.858387
-0.457741 0.015169 -1.364214
-0.460970 -0.112428 -5.365251
-0.453810 0.139392 -4.939169
0.473146 -0.084194 5.441406
-0.478698 -0.165089 -3.418659
-0.317772 0.213820 -4.537125
-0.450215 -0.026050 -2.914328
-0.411488 0.308845 -2.891763
-0.499442 0.459438 6.641577
-0.359379 -0.100877 4.370691
-0.434716 -0.498119 5.367913
-0.499167 -0.156435 -3.371998
-0.461795 -0.495059 5.955385
-0.469671 -0.337088 3.344068
0.309061 0.267664 -2.410184
-0.494906 -0.339272 7.516642
-0.494807 0.415786 -4.647626
-0.397013 0.303125 -3.906793
0.038505 0.216366 2.716381
-0.119400 0.048223 -2.901861
-0.127086 0.145354 -3.553832
-0.313180 0.105246 6.228768
-0.268404 0.116999 -0.338085
-0.426134 -0.070720 -4.952465
-0.371843 -0.376403 2.955381
-0.427683 -0.184342 -0.021925
-0.335788 0.243315 -1.799273
-0.004081 0.315698 4.367501
-0.463403 -0.351892 5.358868
-0.492534 -0.385330 -0.123904
-0.495133 0.487478 -1.732473
-0.458249 -0.427272 -5.842496
-0.442047 0.261622 -2.335119
-0.344120 -0.474350 4.237761
-0.494622 0.441573 -4.725697
-0.498115 -0.319709 0.747643
-0.421302 -0.407466 3.829308
-0.431726 -0.165868 -1.157088
-0.278675 -0.418429 3.735944
-0.415228 0.375300 -5.654907
-0.413646 0.301825 -5.007995
-0.425605 0.147910 -1.746266
-0.475289 0.446753 -2.266167
-0.448719 -0.028136 -2.978727
-0.428845 -0.176781 -2.567005
-0.483584 0.104866 -4.852423
-0.391903 0.394701 -3.642948
0.243479 0.162766 -1.911454
-0.479720 0.271878 -1.111764
-0.404665 0.056834 -4.712847
-0.409660 0.281775 -3.957738
-0.401395 0.360300 6.091346
-0.016940 -0.409427 5.237071
-0.352697 -0.019879 -5.736023
-0.414309 -0.144713 -0.447121
-0.412298 -0.080547 -1.822074
-0.474652 -0.307774 4.005893
-0.482063 -0.031007 -2.651886
-0.415114 -0.247221 -5.695003
-0.450136 0.289350 5.049956
0.002861 0.215218 2.141922
-0.480215 0.399656 -1.679432
-0.487317 -0.367399 5.530135
-0.465678 -0.041577 -4.072180
-0.181717 -0.061762 -4.021000
-0.451210 0.051690 -2.901292
-0.401437 -0.012347 -2.426335
-0.410322 0.088216 -3.175839
-0.351991 0.499518 -4.515461
-0.458523 -0.264558 5.192417
-0.469411 -0.231544 6.278039
-0.389197 -0.169368 -2.735626
-0.225261 -0.186789 -4.319176
-0.361897 -0.485208 4.784214
-0.402166 -0.183100 -3.516471
0.014796 -0.229895 -6.087307
-0.458461 0.400894 -5.556171
-0.479083 0.180318 -3.645320
-0.454628 -0.185389 4.950209
-0.487655 -0.084081 6.811066
-0.478322 -0.457504 -4.647040
-0.486996 -0.444996 5.590426
-0.493593 -0.082368 -2.915070
-0.361952 -0.469596 0.027637
-0.305512 -0.403852 2.112843
-0.493595 -0.491045 1.472686
-0.365581 -0.211739 -3.882339
-0.358555 0.075221 -4.497895
-0.454113 0.027822 -2.305345
-0.495084 0.055260 8.914189
-0.001428 -0.003229 -3.527296
-0.413338 0.041536 -0.575489
0.299618 0.146146 -4.223443
-0.483410 0.222174 -2.753309
-0.493361 -0.478822 8.182765
-0.144706 0.262664 5.558681
-0.018223 -0.273059 5.356196
-0.423378 0.102477 -1.813119
-0.408512 -0.439787 2.591297
-0.283280 0.165516 -4.553514
-0.448412 -0.275178 -5.844743
-0.433452 -0.048435 -4.762678
-0.369347 -0.077350 -4.359477
-0.125682 -0.108287 -2.580532
-0.290147 0.182534 -0.869730
-0.436281 -0.387281 3.645492
-0.446797 -0.069629 -2.667258
-0.083044 -0.329639 -2.697544
-0.417253 -0.453034 5.698383
-0.441043 -0.176833 4.810265
-0.394475 0.041378 -6.202806
-0.411119 -0.254902 -4.674386
-0.391744 0.007363 -4.650846
-0.470955 0.306754 -2.379382
-0.426526 -0.030532 -2.058327
0.170315 0.456861 -5.879926
-0.482681 0.078795 -4.667104
0.382611 -0.185195 -4.750596
-0.302028 -0.242673 -5.398767
-0.303945 -0.358583 1.401739
-0.498174 -0.203125 6.085636
-0.454579 -0.232110 -5.184245
-0.307427 -0.325351 4.191915
-0.400234 -0.263220 -5.093524
-0.417839 -0.274963 2.188362
-0.494045 -0.469582 -1.831966
-0.252460 -0.094782 -2.845890
-0.397393 0.401088 -4.980946
-0.407908 -0.216369 -4.533844
-0.436304 -0.185469 -1.804094
-0.418737 0.008264 -2.286155
-0.417967 0.446365 5.159291
-0.258349 0.382493 5.287960
-0.461593 0.158837 5.661225
-0.473751 0.271265 6.214075
-0.325499 0.282304 -5.158700
-0.425543 0.464897 5.715836
-0.411273 0.032490 -2.171037
-0.389333 -0.180056 -3.122462
-0.414635 0.395742 -3.554559
-0.306653 0.322642 -4.918564
-0.416726 -0.378551 4.307029
-0.461597 0.009149 -4.899725
-0.460323 0.226127 -3.040526
-0.499685 -0.434470 -3.677709
-0.488437 0.119853 -1.243954
-0.284886 -0.394077 0.124766
-0.234609 0.454316 3.247808
-0.343607 -0.225573 -2.156786
-0.481064 0.406660 -0.257671
-0.496884 0.356851 -4.680760
-0.481097 -0.421801 -6.218490
-0.316020 0.080121 -5.807802
-0.493135 0.283676 -4.187025
-0.441874 -0.073188 -2.531369
-0.444176 0.173238 -2.210519
-0.347709 -0.123327 -0.377457
-0.434229 -0.385638 3.010239
-0.374113 0.428406 -1.658293
-0.423042 -0.318235 4.796956
-0.443893 -0.065034 -3.748497
-0.056144 -0.473984 -3.367286
-0.481932 -0.376999 2.581950
-0.402369 -0.414291 3.626501
-0.407517 0.460895 -4.230849
-0.474670 -0.438079 -5.764025
-0.471151 0.177659 -3.015033
-0.473912 -0.048659 -2.698609
-0.481400 -0.284473 4.820098
-0.459210 0.348956 -3.699694
-0.498339 0.307103 5.765661
-0.423953 0.356150 -4.175998
-0.488439 0.076746 -5.253726
-0.488443 -0.001944 -5.908641
0.297735 0.328995 3.098264
-0.486536 -0.441748 0.034951
-0.406977 0.036809 -0.773837
-0.471633 0.329748 -5.524799
-0.429434 -0.481079 4.349361
-0.271648 -0.100918 -1.282439
-0.460128 -0.295141 -3.963734
-0.406524 -0.458786 2.511210
-0.497227 0.031501 -2.744811
-0.429610 -0.015269 -5.042445
-0.374556 -0.210486 -4.633321
-0.154081 -0.240407 6.062742
-0.343771 0.108833 -2.961479
-0.435341 -0.171053 -5.249590
0.370275 -0.324847 -2.806365
-0.440268 0.419586 -1.577792
-0.467318 0.143287 -4.982217
-0.408271 0.240174 -3.223522
0.095081 0.188658 -5.884464
-0.377136 -0.045307 -1.958208
-0.344923 -0.296991 1.470136
-0.447432 -0.372149 1.403412
-0.491570 -0.023945 -4.944619
0.105609 0.103449 2.410013
-0.372300 -0.041632 -4.730952
-0.077582 0.119028 -3.108625
-0.418484 -0.090119 4.011503
-0.386199 0.163064 -6.175261
-0.416766 0.411471 -4.887026
-0.405602 0.215792 -3.767212
-0.456677 0.194742 -5.034645
-0.399280 -0.350617 3.703227
-0.359592 -0.351093 2.549940
-0.438300 0.337931 -6.204533
-0.432615 0.426845 -5.878248
-0.147996 -0.274317 -2.174170
-0.441755 -0.227407 3.181948
-0.432792 -0.391366 3.586553
