-0.481151 0.366330 5.482370
0.277309 -0.354419 5.462299
-0.058557 -0.086354 5.989758
-0.149215 0.102456 1.237086
-0.431402 0.392386 -4.933102
-0.392346 -0.406235 -4.304053
-0.466398 0.354711 5.643342
-0.482395 0.340637 4.547219
-0.471807 0.296923 -4.514648
-0.348911 0.003549 3.671598
-0.365355 0.109406 1.472453
-0.458748 0.250222 -5.011786
-0.014231 0.163287 3.052407
-0.297808 0.407650 -5.008872
0.099921 -0.460559 5.057669
-0.432415 0.357946 -5.683957
-0.311549 -0.495708 11.851596
-0.104417 0.360067 -0.943627
-0.074022 0.126404 5.052627
-0.453508 -0.447877 -5.962509
-0.442099 -0.075042 5.268195
0.277007 -0.139757 0.508973
0.149615 -0.313022 -5.571274
-0.495346 -0.311430 -4.376433
-0.494397 0.059131 5.460701
-0.495626 0.264644 5.699696
-0.214427 0.187324 3.055423
-0.414426 -0.384539 3.343264
-0.422375 0.120448 5.433696
-0.349661 -0.074182 -5.827645
-0.455536 0.461148 5.602186
-0.433480 0.008535 4.238788
-0.359123 -0.181674 -5.741458
0.445584 -0.070309 -4.980829
-0.429138 -0.083250 3.194652
0.084997 -0.233201 -5.390676
-0.414217 -0.490287 -4.962021
-0.383664 -0.441333 2.665567
-0.287244 0.002208 5.926939
-0.342422 -0.499480 10.354971
-0.231009 0.331226 1.845026
-0.436965 0.068276 4.553922
-0.475534 -0.077189 4.813701
-0.406018 -0.288200 4.304509
-0.438882 -0.345233 -5.832300
-0.289282 -0.034886 -5.026332
-0.479351 -0.314553 -3.777974
-0.082299 -0.419567 -1.867746
-0.072022 -0.127817 1.440741
-0.461874 0.043773 3.564591
-0.362282 0.086134 4.736246
-0.341599 -0.170724 6.116458
-0.425004 -0.384456 5.376614
-0.496978 0.299826 3.752026
-0.034387 -0.493864 9.696797
-0.155119 -0.213013 -4.943738
-0.438106 -0.471520 -4.927164
-0.118868 -0.462557 -3.284513
-0.473322 -0.355011 -4.007739
-0.490362 -0.234764 5.441419
-0.422954 -0.036919 1.264729
-0.344822 -0.204272 -5.848796
-0.434950 -0.010639 3.407457
-0.485398 -0.177652 -5.076762
-0.469641 -0.149465 5.233143
0.005941 0.064849 -1.733348
-0.480911 -0.054572 3.803046
-0.398798 0.217271 3.061127
-0.480545 0.024302 5.727164
-0.464008 -0.187628 -4.341624
-0.465320 -0.282867 -3.707340
-0.399038 -0.275870 -2.717199
-0.322709 -0.460874 -2.338212
-0.369628 -0.495897 9.259548
-0.423954 -0.171621 0.732957
0.325574 -0.136948 1.840910
-0.417383 -0.254002 -1.925881
-0.462242 -0.249548 -3.698844
-0.216676 0.348318 3.423397
-0.469760 -0.477826 8.451887
-0.233675 0.122688 4.515407
-0.446471 -0.211162 6.168060
-0.294375 -0.174782 -3.287818
-0.142700 -0.444830 5.899207
-0.494682 -0.377505 3.570488
-0.393938 0.245883 3.083713
-0.415836 0.257989 1.905377
-0.425500 0.337583 -6.020247
-0.380309 -0.146102 4.461613
-0.463975 0.487450 4.029189
-0.222111 -0.398714 -5.542834
-0.499573 -0.235994 -1.805975
-0.446730 0.094557 -6.237689
-0.433008 0.031569 4.890747
-0.407136 0.150192 -6.144878
-0.314469 0.359516 5.314593
-0.491931 0.122481 -3.414700
-0.466814 -0.355953 5.220986
-0.383654 0.149329 6.192400
0.175070 0.460507 -3.852266
-0.454426 0.474490 2.413586
-0.489613 0.223558 0.691371
-0.217076 -0.080033 0.530152
-0.469983 0.435420 4.555912
-0.456541 0.282890 3.435687
-0.432575 0.285343 6.028137
-0.290078 -0.199072 6.014041
-0.148573 -0.495110 -6.225012
-0.372929 0.065413 6.281829
-0.309690 -0.122816 3.449545
-0.394924 -0.174250 4.304987
-0.492253 0.108623 6.190864
-0.440059 0.382657 -5.893739
-0.429721 -0.212410 -4.853669
-0.210055 0.458300 6.274196
-0.380787 0.344534 2.480471
-0.369202 0.337599 2.196222
-0.487441 0.212688 -5.541545
-0.220983 -0.498586 8.853083
-0.425963 0.249588 4.223914
-0.444712 -0.003412 1.347430
-0.351172 0.372223 5.219355
-0.402836 -0.192595 -2.735972
-0.490466 -0.021018 5.204770
-0.472922 -0.063502 2.670832
-0.418031 0.282846 5.913651
-0.319324 -0.348168 -3.794667
-0.482239 -0.005828 4.062930
-0.182065 0.235893 2.897065
-0.412391 -0.404426 -5.498284
-0.435220 -0.047145 3.343859
-0.415407 0.154638 -6.210142
-0.486839 -0.172399 -4.028875
-0.137635 -0.094839 5.445352
-0.462107 0.281839 5.450661
0.124015 -0.207787 -5.298116
-0.488601 -0.014446 5.395087
-0.249106 -0.468922 -2.364820
-0.398515 0.308442 4.227391
-0.396188 -0.172337 -6.113758
-0.473155 0.070133 -5.972748
-0.003668 0.305876 5.396299
-0.334206 -0.186239 5.103121
-0.399179 -0.414855 5.016984
-0.096527 -0.496374 10.639336
0.330137 -0.281087 5.778648
-0.456979 -0.385285 -4.179491
-0.402539 0.377889 -5.747269
-0.440507 -0.496060 11.353708
-0.436145 -0.189192 5.451375
-0.443989 0.310180 -6.029565
-0.258496 -0.330300 -3.653119
-0.294224 -0.361484 -4.406226
-0.416816 -0.429672 5.542905
-0.402025 0.080382 3.124579
-0.465439 0.101275 5.725331
-0.487702 -0.266163 -5.134646
0.089946 0.407682 -4.554632
-0.399599 -0.171520 0.417122
0.295972 -0.362454 4.549667
-0.439471 -0.433592 5.613489
-0.277649 -0.488105 -2.148507
-0.410055 0.251916 3.630558
-0.321464 -0.006609 3.425121
-0.280943 -0.301507 -5.992435
-0.469105 0.482441 5.563212
-0.498546 0.144001 6.893770
-0.468407 0.158870 -5.103716
-0.280545 -0.191458 -4.892768
0.450799 0.388656 1.089091
0.033787 0.302050 3.190429
-0.345403 0.019234 4.613580
0.185753 -0.005693 -2.536986
-0.289878 -0.409702 -5.422949
-0.456024 0.109468 5.769001
-0.495941 -0.113087 6.671787
-0.452846 0.247059 -4.377412
-0.394706 -0.357247 3.076074
-0.495112 -0.009921 4.085215
-0.329150 -0.371612 -4.921882
0.067831 0.433731 -5.626058
-0.059564 0.450790 4.865291
-0.303173 -0.496045 -1.519798
-0.466346 -0.262502 5.440369
-0.471476 0.146242 -4.679210
-0.495573 -0.064591 -2.076602
-0.416554 0.008879 1.455802
-0.228671 0.321308 3.593480
-0.492498 0.422470 0.973026
-0.376939 -0.457175 5.546991
-0.452497 0.067950 6.283065
-0.447692 -0.336963 -6.146569
-0.223970 -0.421871 -4.202898
-0.445823 -0.429526 6.009479
-0.398595 0.239406 0.391467
-0.431278 0.097312 -6.174044
-0.492257 -0.302025 -4.756355
-0.449146 -0.476364 -4.992600
-0.420465 0.152476 3.494505
-0.400110 0.355067 -5.423934
-0.452490 0.130841 5.719857
-0.415106 -0.030880 4.919726
-0.425086 0.124211 5.817983
-0.471917 0.299274 6.196610
-0.386780 0.198781 -5.324749
-0.234628 -0.490276 9.307464
-0.447897 -0.155603 -4.949057
-0.469017 -0.391266 6.227129
-0.364040 -0.360370 5.669417
-0.472260 -0.372242 -5.038331
-0.479262 -0.119324 5.964479
-0.473594 -0.440243 5.180406
-0.315775 -0.390433 -0.977168
-0.433692 -0.066455 1.496529
-0.494049 -0.366758 9.385406
-0.415400 0.126981 3.111137
-0.491885 -0.293300 -5.078366
-0.094203 0.479936 5.959039
-0.402253 -0.316813 -3.614892
-0.408171 -0.322128 -4.751620
-0.432403 0.251743 3.505215
-0.332002 0.321304 1.643881
-0.132473 0.418120 2.618259
-0.475236 0.474897 3.555871
-0.405704 -0.375396 6.271632
-0.386148 0.112622 5.433676
-0.385867 -0.478620 12.069957
-0.427018 0.488480 3.344002
-0.208767 0.468495 -6.214013
-0.418475 -0.190503 -6.258375
-0.265700 -0.412874 -2.003008
-0.473559 -0.010562 -0.142931
-0.478789 -0.161702 -6.140273
-0.405227 0.226486 4.925803
-0.480108 0.035499 3.097059
-0.448272 0.373201 3.791932
-0.186009 -0.441114 -6.041974
-0.406849 0.301692 -4.485632
-0.400083 0.121754 6.096052
-0.238459 0.285138 5.349522
-0.391459 0.463117 5.032322
-0.338117 0.440593 5.661987
-0.440286 0.024262 3.915582
-0.304587 0.397817 -6.254290
-0.106781 -0.493998 -3.253485
0.063244 -0.251765 2.619869
-0.437018 -0.052955 5.027672
-0.372756 -0.398189 -5.115124
0.459998 0.206168 5.738555
-0.277921 -0.303183 -2.725456
-0.444349 -0.054660 1.269387
-0.164054 -0.299982 5.044933
-0.353684 -0.378247 5.866413
-0.459252 0.021570 5.824336
-0.433725 0.134592 5.807177
-0.116095 -0.331725 -5.560987
-0.498619 -0.408493 4.012471
-0.134114 -0.313102 5.780376
-0.247682 -0.452421 -0.267687
-0.487432 -0.052698 -6.266285
-0.486813 0.386977 3.908032
-0.309427 -0.199749 1.201389
-0.460085 -0.296124 -5.249021
-0.421539 -0.223578 -4.528477
-0.417591 -0.120373 4.721448
-0.366701 0.333887 6.205589
-0.489824 -0.150352 7.814135
-0.473668 0.271093 6.279601
-0.494539 0.198551 -6.007337
0.172538 -0.034581 -5.754559
-0.430649 0.182658 5.933498
-0.446975 -0.416754 5.119805
-0.427928 0.031028 1.461351
-0.428288 0.206651 1.729085
-0.111339 -0.295986 5.159432
-0.381304 -0.195849 -6.079804
-0.427952 -0.462923 4.668188
0.455659 0.151089 3.218646
-0.426499 0.079724 -3.953352
-0.455512 -0.109671 -5.646126
-0.452325 0.209594 3.654797
-0.424557 -0.174091 -5.683091
-0.372800 -0.056963 1.302004
-0.368870 -0.487406 -5.116819
-0.467755 -0.370351 -4.989632
-0.451898 0.132182 -6.070547
0.191835 0.102109 -2.540113
-0.464274 0.057704 -6.087368
-0.411109 0.086804 -5.450070
-0.474988 -0.154045 7.200350
-0.197221 0.333328 5.407399
0.274353 0.056005 -0.938402
-0.498589 0.011895 4.680274
0.429642 -0.224945 -4.917794
-0.106079 0.150073 3.817936
-0.181123 0.165780 4.483318
-0.437395 -0.149717 5.850600
-0.185155 0.428861 -5.310740
-0.118054 0.372304 5.806213
-0.393010 -0.443059 -4.002358
-0.350052 -0.163847 3.540602
-0.486418 0.081046 3.586134
-0.454170 0.330582 -4.380364
-0.472350 -0.036036 2.791358
0.457212 -0.480444 -0.948162
-0.062391 0.398045 -4.237241
-0.330060 0.277776 4.205620
-0.494393 0.191573 -5.882390
-0.411511 -0.406347 4.317783
0.077111 0.227127 -1.928607
-0.388596 -0.140598 0.912318
-0.490464 0.319185 6.694663
-0.460611 -0.407437 5.796065
-0.452094 -0.320684 -0.973264
-0.270518 -0.493089 8.424490
-0.438772 -0.229717 -4.082507
-0.456830 -0.196421 4.248575
-0.469904 -0.101250 4.202211
-0.326279 0.135784 3.079772
-0.391684 -0.449158 -2.016735
-0.347415 -0.000785 3.775692
-0.342583 -0.253024 4.149824
-0.456232 0.031479 2.994108
-0.352732 -0.474127 -4.499146
-0.400912 0.012691 5.564543
-0.355465 0.267875 3.248748
-0.482789 0.056539 -6.052108
-0.337066 -0.480698 8.611919
-0.450497 -0.022123 -6.014906
-0.304549 -0.488308 -2.335826
-0.361081 0.394649 6.275499
0.486575 0.001926 -0.728060
-0.323955 0.111004 4.892406
-0.157269 0.498482 4.337113
-0.388362 -0.468902 -3.988634
-0.247781 0.444119 1.134230
0.108915 0.443829 -4.216190
-0.313312 0.411420 2.313146
-0.432524 -0.019227 4.199638
-0.483903 -0.488259 -2.110053
-0.417630 0.014244 3.696433
-0.313558 -0.311314 -4.403401
-0.447144 0.191338 3.982258
-0.492858 0.234287 7.818448
0.245440 -0.393393 -5.018084
-0.367881 -0.488333 -4.789809
-0.429419 -0.004392 -1.371485
-0.141245 -0.494231 9.347720
-0.485064 -0.325301 -6.090993
-0.408039 0.272271 2.434142
0.325520 -0.296644 -4.977914
-0.447958 -0.081248 4.727328
-0.264399 0.292252 4.384455
0.168718 -0.245458 4.774581
-0.110110 -0.473068 -3.791147
-0.431411 -0.185905 5.659306
-0.270650 0.262014 3.999987
-0.413400 -0.448766 5.803981
-0.467969 -0.105007 0.697427
-0.468917 0.107586 4.437851
-0.194857 0.265756 -6.163914
-0.232367 0.445104 2.656291
-0.157825 0.411438 6.028226
-0.415084 -0.158019 -3.791405
-0.386282 0.197973 4.366610
-0.288415 -0.478914 -3.800023
-0.336248 -0.461536 -4.377215
-0.475242 -0.040243 -0.367575
0.244269 0.129650 -0.172235
-0.470431 -0.311366 -2.726698
-0.408454 -0.317183 -3.710030
-0.201555 0.371747 3.042794
-0.475015 0.205097 -5.775737
-0.442363 0.417046 2.628275
-0.405655 0.437366 3.861104
-0.377456 -0.272361 5.824053
-0.425082 -0.347199 4.414585
-0.458861 -0.077802 -6.268359
-0.298455 0.027343 -5.793995
0.415907 0.370597 2.877583
-0.299163 0.324288 5.120730
-0.406204 0.088169 6.006941
-0.431638 0.446152 5.734680
-0.366644 -0.240050 3.939899
-0.351144 0.433384 5.148626
-0.385164 -0.487407 0.143188
-0.482741 -0.057364 -5.722809
-0.055665 0.409043 -0.791425
-0.455129 -0.001834 -5.691363
-0.409633 -0.074283 6.000499
-0.306452 0.397457 3.923194
-0.320636 -0.041886 1.068317
-0.447844 0.220447 6.246665
-0.462935 0.367718 5.840568
-0.448190 0.255764 5.772849
-0.473808 -0.227405 -2.112491
-0.311709 -0.228626 -4.862072
-0.385585 0.348582 -5.864558
-0.424130 -0.080797 5.303495
-0.337144 -0.169596 4.791044
