-0.345819 -0.480780 2.140109
0.139346 0.174466 -6.130590
0.276475 0.064513 -1.206343
-0.423548 0.241392 -4.879752
-0.441615 -0.330793 -5.303370
-0.469298 -0.210103 3.391114
-0.463305 -0.142195 1.824372
-0.423674 -0.366150 1.787665
-0.491893 -0.238225 3.342403
-0.323041 0.438561 -1.410953
-0.451516 -0.013080 -5.048211
-0.485188 -0.134587 0.326503
-0.439115 0.315974 -5.907466
-0.480814 -0.330840 5.211812
0.053763 -0.409590 2.063349
-0.346758 -0.121326 6.037475
-0.079101 0.084265 -2.366861
-0.422843 0.382914 -1.590385
-0.186709 0.324009 -1.778595
-0.374555 0.095259 -4.062530
-0.478079 0.022938 5.532180
-0.308691 0.210938 -4.411755
-0.466345 -0.332007 2.989903
-0.447593 -0.191803 5.781431
-0.472256 0.346047 -1.920531
-0.481748 -0.163284 2.534193
0.426972 -0.091640 -5.739077
-0.423440 0.035018 -3.835596
-0.480903 -0.325943 3.756333
-0.494769 0.399060 -0.733005
-0.435757 -0.209544 4.456093
-0.471096 -0.331144 2.998594
-0.382113 -0.005961 -3.068638
0.256211 -0.043453 -2.044683
-0.499708 -0.153266 1.803956
-0.488560 -0.241384 1.820388
-0.493217 -0.492993 8.595179
-0.462061 0.146678 -2.403115
-0.432598 0.162927 -3.180976
-0.452607 -0.201980 3.738667
-0.303779 -0.135764 -1.514873
-0.404317 0.043632 -1.449746
-0.434301 0.054123 -1.974965
-0.468220 -0.005158 -3.849882
-0.447892 -0.263432 5.394263
-0.403431 -0.296398 4.712910
-0.496023 0.151345 8.651317
-0.488694 -0.120253 5.342505
-0.461163 0.072181 -5.252573
-0.470698 -0.462177 3.955171
0.346879 0.147173 -3.370903
-0.499169 -0.460711 1.748283
-0.474473 -0.336141 0.902200
-0.254163 -0.118139 -4.720931
-0.466953 0.410177 -4.757895
-0.409698 0.041467 -5.691426
-0.411629 0.095003 -2.391760
-0.444113 0.117744 6.091772
-0.490275 -0.318693 4.429559
-0.419371 0.420425 -0.573991
-0.476462 -0.143706 3.640741
-0.359575 0.125754 -1.453728
-0.462557 0.464483 -3.898610
-0.471948 0.397463 -3.708513
-0.374751 -0.422973 -5.733711
-0.409593 -0.483967 1.818149
0.021621 -0.164080 -4.073463
-0.497063 -0.049031 3.667355
-0.345662 -0.113691 -4.593050
-0.422843 -0.343838 5.445045
-0.429689 0.244447 -3.554372
-0.485380 -0.218637 2.964863
-0.376289 -0.385939 2.887449
-0.485834 -0.227649 2.948361
-0.410657 0.233896 -3.192529
-0.452188 0.236836 -1.600177
-0.475506 -0.012333 5.830088
-0.344690 -0.029323 -2.753307
-0.454644 0.199007 -5.109068
-0.418802 0.183188 -3.012370
-0.487157 -0.494243 9.117794
-0.220493 -0.446776 -3.272136
-0.477769 -0.303581 5.092941
-0.410566 -0.456921 -3.960557
-0.267864 0.200701 4.561124
-0.309990 0.266029 -3.705864
-0.436549 -0.472700 -3.782459
-0.279421 -0.033161 -3.081866
-0.483170 -0.391698 -1.462803
-0.296032 0.452467 5.217669
-0.398073 -0.332311 2.198795
-0.419403 -0.449176 -6.260663
-0.441852 -0.405609 6.035497
-0.412863 -0.481827 4.342429
-0.498465 -0.191732 6.037293
-0.414858 0.315971 -6.137674
-0.084404 -0.466316 -5.502323
-0.470018 -0.490876 0.714795
-0.495921 -0.446362 6.901398
-0.431010 0.293841 -5.486705
-0.328319 -0.422670 -6.250577
-0.386489 0.275762 -3.820725
-0.478826 -0.154442 5.690321
-0.401061 0.217755 -3.607637
-0.052115 -0.017555 -2.668734
-0.004777 -0.484008 6.091104
-0.465448 -0.424805 5.775844
-0.183505 0.067253 -1.565737
-0.400697 0.351411 -2.115627
-0.442955 -0.155854 4.949151
-0.316725 -0.463775 -4.780121
-0.488933 -0.336300 8.040799
-0.208275 0.423229 -3.289414
-0.370565 0.087027 -2.500645
-0.446725 0.068652 -4.066072
-0.404854 0.137917 -5.581010
-0.434230 -0.032254 -5.466525
-0.124286 -0.064818 -4.889793
-0.471339 -0.437191 -5.471759
-0.334326 0.481889 -3.209588
-0.406041 0.347422 -2.960820
-0.499807 0.229812 -2.967318
-0.394545 0.386531 -1.775546
-0.493188 -0.018813 7.492678
-0.466875 -0.245615 6.092250
-0.193702 0.478229 -0.570846
-0.435731 0.202626 -2.741596
-0.380383 -0.077070 -4.122014
-0.444413 -0.414714 5.476698
-0.108580 -0.052877 -4.237258
-0.429153 0.334486 -5.984709
-0.385448 -0.011967 5.815511
-0.342703 -0.279599 2.283319
-0.418996 -0.170219 3.888571
-0.088283 -0.450640 6.035402
-0.479242 0.316967 -2.679106
-0.061999 -0.318449 5.656437
0.212775 -0.177451 -4.269291
-0.453916 -0.305266 4.582321
-0.496885 -0.037118 -5.476709
-0.478840 -0.465325 5.561378
-0.110186 0.058163 -6.019527
-0.475290 -0.298351 5.543161
-0.285999 0.289713 -6.152070
-0.476225 0.058740 -1.946389
-0.467455 -0.388347 5.675610
-0.441329 -0.319865 3.363693
-0.426578 -0.068135 5.921174
-0.497653 -0.122061 4.020718
-0.422732 -0.044283 -4.670033
-0.498564 -0.279531 5.795479
-0.488700 0.350385 -5.660733
-0.485442 0.213659 8.877493
-0.470399 -0.059808 3.339902
-0.256039 0.328968 -6.239109
-0.374614 0.497492 -3.262572
-0.288890 -0.133981 -5.097691
-0.444842 -0.278154 5.666772
-0.438832 0.386620 -0.195495
-0.484287 -0.071378 0.642491
-0.251808 0.329442 -3.439170
-0.293301 -0.120981 -5.920754
0.054008 -0.131576 -1.486332
-0.436787 -0.365597 1.189459
-0.479160 0.035420 5.447450
-0.406995 -0.215874 0.977787
-0.451677 0.185891 -1.807924
-0.011289 -0.245845 -3.619914
-0.498384 0.074216 -2.830969
-0.407357 0.365350 -3.728546
0.049767 0.131127 -5.518749
-0.414530 -0.147436 -5.717339
-0.435714 -0.098092 5.757152
-0.305578 -0.473109 8.776845
-0.239134 -0.204070 -4.753920
-0.185191 0.042701 -3.181317
-0.391458 -0.325053 6.213519
-0.436574 -0.282775 5.758786
-0.153444 0.380569 -4.002496
-0.487275 -0.145543 4.247138
-0.338469 -0.189428 6.135223
-0.494140 0.102684 7.383962
-0.482607 -0.377303 4.425932
-0.157624 0.495777 10.997129
-0.428408 0.348419 -2.581421
-0.439971 0.096106 -4.247126
-0.382478 0.434336 -3.237763
-0.474244 0.127648 -6.128520
-0.413908 0.048952 -4.521029
-0.302657 -0.055850 -4.468124
-0.404861 0.206147 -4.268441
0.439042 0.015061 -0.781373
-0.416070 -0.124210 5.166772
-0.401634 0.087646 -4.329429
-0.347406 -0.069269 -3.595382
-0.477449 0.467532 5.886737
-0.426581 0.443717 -5.371067
-0.359737 -0.299978 4.812349
-0.449007 -0.354435 5.838393
-0.360927 -0.122222 -4.411470
-0.410103 -0.444534 4.656721
-0.489770 -0.468577 -3.893924
0.475277 0.395714 -2.773978
-0.495071 -0.497410 5.905515
-0.396583 0.443230 -1.892152
-0.413525 0.108955 -5.720456
-0.138945 0.263604 -3.832774
-0.080626 0.139138 -0.458815
-0.226135 0.371889 -1.213081
-0.481243 0.157600 8.808945
-0.341195 0.062858 -2.350942
-0.494879 0.052451 -5.368781
-0.437188 -0.377207 2.603658
-0.386794 -0.146222 4.434984
-0.329992 0.324374 6.136549
-0.143737 0.433427 -1.475604
-0.448419 -0.230469 5.046085
-0.471935 -0.495716 2.364858
-0.475662 0.410945 -3.925168
-0.427435 -0.489658 3.499064
-0.418651 0.337491 -5.749135
-0.416659 -0.486603 4.808494
-0.311920 0.453589 -3.170272
-0.474045 -0.424058 -5.775963
-0.489707 -0.295875 3.994832
-0.493444 -0.286387 0.182222
-0.371388 -0.482214 2.672083
-0.421601 0.496126 9.876041
-0.421334 0.457074 -1.643197
-0.388601 0.070293 -0.656061
-0.351311 0.397496 -3.612961
-0.489696 0.061894 9.157883
-0.423788 -0.020005 -5.647993
-0.258539 0.159709 4.371058
-0.447633 0.410639 -2.969170
0.206544 0.101669 -3.156275
-0.388765 0.278224 -1.923017
-0.390365 0.082218 -2.363993
-0.473201 0.265970 6.505723
-0.478946 0.153866 8.588513
-0.126882 -0.499640 11.394061
-0.310968 -0.068233 -4.124438
-0.363937 -0.205044 4.200611
-0.408539 -0.164930 0.768033
-0.401355 -0.433506 0.657110
-0.425149 0.034480 -2.628083
-0.472578 -0.286845 3.637462
-0.484545 0.051636 6.573399
-0.260658 0.193902 2.255158
-0.324753 0.404021 -1.788297
-0.340537 -0.362460 3.852181
-0.477550 -0.211668 4.161778
-0.053878 0.051612 -5.439934
-0.485788 0.104376 -3.933004
-0.346503 -0.286151 2.139924
-0.498717 0.092447 -4.987420
-0.337921 0.451212 -3.596075
-0.437763 -0.179061 2.690918
-0.406888 -0.357654 4.960102
-0.387953 -0.218736 4.805005
-0.284096 -0.090782 -5.238751
-0.466639 -0.492586 2.736290
-0.446172 -0.257947 1.497035
0.169036 -0.346042 2.379620
-0.447391 0.351699 -3.219616
-0.407688 0.063574 -5.569021
-0.457227 -0.271294 2.855125
-0.428230 -0.081649 3.937161
-0.470800 -0.485698 3.324160
-0.350679 -0.495173 11.665855
-0.498714 -0.296077 5.463624
-0.466239 -0.460581 4.075898
-0.478804 -0.397513 5.436739
-0.454980 -0.427488 4.197041
-0.336994 -0.134416 -3.768052
-0.496579 0.142191 7.985344
-0.287281 0.043016 -6.269696
-0.444944 -0.161293 1.229332
-0.136640 0.216287 -1.639821
-0.380523 0.105526 -2.812304
0.046776 0.069179 -4.114321
-0.374261 0.195613 -3.058775
-0.499134 -0.443452 4.959185
-0.201828 0.239347 3.906335
-0.104628 -0.348947 -3.060544
-0.331113 -0.138524 -4.688209
-0.497212 -0.351345 9.101069
-0.086939 0.043815 -0.013971
-0.383689 -0.479816 -4.986188
-0.452328 -0.066929 -5.844158
-0.454116 -0.185237 5.081962
-0.235637 -0.101719 -5.746112
-0.372851 0.222132 -2.764534
-0.474605 -0.340935 1.515704
-0.404761 -0.048026 -6.184795
-0.015275 -0.282908 6.192917
-0.470468 -0.458635 5.191475
-0.425145 -0.186385 4.529632
-0.490466 0.090593 -4.985777
-0.498459 -0.209144 3.197920
-0.466249 -0.029971 -4.779528
-0.454392 0.420858 -4.885061
-0.415340 -0.010622 -3.141102
0.147600 0.320040 -2.802218
-0.414777 0.105874 -5.746886
0.354330 -0.157672 0.715203
-0.119047 0.044236 -1.840073
-0.268720 -0.478187 -6.047717
-0.479573 -0.391465 -2.416121
-0.436672 -0.231623 3.961382
-0.212106 -0.137804 -4.249079
-0.196768 -0.237880 -3.899728
-0.484501 -0.297249 4.544209
-0.438155 -0.383425 3.045745
-0.384800 -0.233420 5.241017
-0.486948 0.311222 5.731837
-0.387483 -0.383516 3.773919
-0.459773 -0.188338 4.219951
-0.473107 0.117501 -5.833804
-0.439853 0.473678 -3.091510
-0.441443 0.426378 -5.377767
-0.406908 0.186871 -1.451833
-0.468150 0.303761 -2.722733
-0.462052 0.078397 -4.252668
-0.329966 0.454630 -3.885925
-0.429221 0.132647 -4.304482
-0.347661 -0.072809 -2.040004
-0.494860 0.490389 -1.845624
-0.417195 0.236941 -3.701568
-0.476859 -0.345129 2.982275
-0.497686 0.174136 6.547068
-0.469861 0.059298 -5.741473
-0.435008 -0.494326 3.371284
-0.440728 0.110856 -5.289323
-0.315916 -0.488127 2.156667
-0.339690 0.402745 -5.120906
-0.413011 -0.188770 2.608951
-0.406556 0.280919 -5.137791
-0.489105 0.428182 7.656250
-0.455308 -0.284493 3.604013
-0.303542 0.083636 -4.680227
-0.475456 0.176483 -5.157022
-0.496467 -0.015845 -5.674883
-0.485691 0.237260 4.076565
-0.496541 -0.206488 0.980047
-0.498012 -0.441667 -0.402369
-0.226647 0.261823 -5.974561
-0.477956 -0.288546 -6.172388
-0.407107 -0.059889 -5.580380
0.029336 -0.398925 3.869319
-0.465825 -0.423210 4.289412
-0.463622 -0.327851 4.059325
-0.449438 0.456758 -2.929168
-0.408158 -0.384526 5.166813
-0.318817 0.200257 -4.859754
-0.417885 0.045880 -3.999879
-0.470807 -0.433949 5.291518
-0.457674 0.405819 -6.215538
-0.495937 0.179331 -2.765691
-0.445048 0.145819 -4.786400
-0.367297 0.078662 -3.601301
-0.454614 -0.041212 3.376934
0.198898 0.237015 -5.307189
-0.389452 -0.412000 5.658289
-0.298841 0.222984 -3.265244
-0.426442 0.349264 -2.131684
-0.489991 -0.445853 -1.238489
-0.333786 -0.158264 -5.623314
-0.438674 -0.305271 3.494176
-0.373264 -0.386046 3.499590
-0.384627 -0.021175 -4.866720
-0.395952 0.019411 6.104706
-0.369843 -0.259320 5.407979
-0.039707 -0.276194 -4.851415
-0.479596 0.171632 -3.265578
-0.383581 -0.156957 -4.549125
0.084441 -0.395659 4.113942
-0.494198 0.370774 -3.941002
-0.475432 0.123994 -4.283968
-0.412854 0.173487 -6.149258
0.041766 0.118294 -4.933487
-0.324542 0.000006 -2.823730
-0.414188 -0.416382 6.231704
-0.423620 -0.416995 3.346575
-0.446565 0.012112 -5.401433
0.080350 0.250268 -5.948071
-0.490535 -0.081026 -1.380544
-0.283447 0.156724 4.329142
-0.460362 0.055370 -4.437538
-0.430240 0.251900 -0.259791
-0.357185 0.185274 -1.159500
-0.479126 0.219552 8.701433
-0.431061 0.214757 -0.637659
-0.407911 -0.229126 3.455700
-0.484829 -0.328834 6.091026
-0.459603 0.397174 -2.812965
-0.425964 0.414154 -3.565905
-0.307245 -0.487643 -5.043619
-0.442188 -0.305082 -6.152205
-0.412337 -0.258982 4.742539
