-0.335842 -0.175111 -5.808621
-0.451672 0.299796 2.495687
0.143985 -0.486365 0.687648
-0.344377 0.359760 2.801467
-0.498881 -0.416055 8.999999
-0.480659 -0.200902 -5.956870
-0.180776 -0.456902 -2.793769
-0.463041 -0.469272 -6.122736
-0.489894 -0.074555 5.430324
-0.459820 0.330374 -4.481189
-0.438810 -0.195901 -5.272603
-0.452532 -0.102542 5.137738
-0.393090 0.468598 3.620945
-0.380838 -0.336874 -3.213132
0.329526 -0.452093 2.176208
-0.492687 -0.161509 -3.314542
-0.417920 0.470783 3.842761
-0.436743 0.466524 4.592570
-0.453918 0.433978 3.739163
-0.442007 -0.352807 -0.899554
-0.428470 -0.111646 -5.773336
-0.421952 -0.418910 -5.255430
-0.428061 -0.320925 -2.178006
-0.182274 -0.236609 -1.237126
0.335898 -0.059998 -6.079935
-0.479722 -0.071614 -4.498504
0.328343 -0.427682 -2.499536
-0.349042 -0.195537 5.386570
-0.187678 0.100422 -6.059962
-0.368286 0.400322 -5.995376
-0.489774 -0.242045 -3.493499
-0.485790 -0.079457 4.964296
-0.365649 -0.135011 -5.123119
-0.452868 0.013805 -4.880737
-0.479753 -0.198264 -6.198338
-0.362166 -0.433913 -3.935490
-0.482898 0.079758 5.683508
-0.497698 -0.147673 9.036019
-0.444076 -0.278368 -3.583660
-0.433629 0.118350 3.818674
-0.403274 0.070723 -5.144755
-0.440346 0.381171 -5.989831
-0.494933 -0.228974 -3.108858
-0.139228 0.153889 -5.543573
-0.482597 -0.185198 -4.534512
-0.471813 -0.379944 -5.433041
-0.431794 -0.353261 -1.895657
0.031253 -0.348850 -3.192392
-0.432788 -0.029484 -5.703943
-0.432638 -0.380120 -4.678940
-0.370945 0.236188 2.972843
-0.233332 0.032562 -3.442864
-0.494838 -0.399508 5.264716
-0.489157 -0.263506 7.164443
-0.362191 0.233252 4.579827
-0.347054 -0.495853 11.866078
-0.398841 -0.102874 3.727878
-0.301620 -0.363116 -3.816338
-0.486044 0.251617 -0.900451
-0.417396 -0.388022 -3.584129
-0.423274 -0.443337 -2.194062
-0.499241 0.468195 5.577404
-0.077707 0.383778 -5.150960
-0.494535 -0.247200 -2.470075
-0.220956 0.147108 -3.368741
-0.333943 -0.333100 -5.916972
-0.261264 0.257651 2.209140
-0.467039 -0.455398 -5.945534
-0.359784 -0.405824 -4.069624
-0.362119 0.170829 4.370672
-0.408115 0.246070 -4.450959
-0.415606 -0.442147 -5.844204
-0.485693 -0.449105 7.191377
-0.395758 -0.365217 -2.809020
-0.484084 0.319830 -1.432525
-0.231149 0.495363 -4.057774
-0.458836 0.334441 -4.565380
-0.484928 0.120193 -1.874337
-0.459310 -0.106991 -5.393635
-0.465605 0.387375 3.179309
-0.497513 -0.322910 7.078094
-0.448174 -0.230456 -4.715072
-0.494372 -0.314263 7.826893
-0.160763 -0.376922 -6.162881
-0.465187 -0.138723 6.228899
-0.469668 0.387218 5.560510
-0.493701 -0.360437 8.409920
-0.470547 -0.200771 -3.685838
-0.468680 -0.239784 -5.493590
-0.327626 0.063305 -2.419039
-0.386628 -0.287588 -2.682516
-0.474031 -0.260005 -3.622348
-0.420352 -0.402866 -3.729732
-0.471166 -0.127575 -4.446537
-0.496075 -0.231093 -2.427819
-0.440534 0.417410 5.517267
-0.468175 -0.306785 -4.312114
-0.492533 0.230458 -2.664956
-0.466779 -0.191883 -1.495583
-0.219768 0.023029 6.092419
-0.485752 -0.385022 -1.901780
-0.461957 0.332367 3.897795
-0.472983 0.408042 0.428640
-0.495781 -0.180555 -2.879961
-0.452705 -0.265395 -3.451339
0.174297 -0.115094 -5.732263
-0.479762 -0.349158 7.861542
-0.464822 0.251211 6.134681
-0.322044 0.139481 4.325813
-0.458668 -0.196970 -3.192948
-0.371374 -0.448466 -4.433648
-0.460608 -0.349545 -2.605754
-0.434534 0.303744 2.216420
-0.472049 0.141617 5.325084
-0.396223 -0.123922 -5.182660
-0.125558 -0.410103 -4.793588
-0.478094 -0.272089 5.868610
-0.481735 -0.269171 -4.010995
-0.459109 -0.133841 -4.920471
-0.429740 0.105683 4.095524
-0.305658 0.176200 3.848371
-0.133416 0.152072 -1.381504
-0.455969 0.480646 -4.840648
-0.288115 -0.390321 -3.231647
-0.489094 -0.249728 -5.031671
-0.186417 0.281581 3.944378
-0.446830 0.074002 3.609691
-0.450914 -0.055273 -3.723181
-0.486644 -0.366762 6.334819
-0.384660 -0.354789 -0.773207
-0.384034 0.413984 3.654084
-0.427474 -0.479475 -4.263776
-0.073932 -0.118227 -3.632996
-0.493745 -0.247256 9.029849
-0.480459 -0.300697 -3.188118
-0.411766 0.172575 5.728626
-0.414225 -0.216428 -3.755444
0.366901 -0.218637 5.596550
-0.387653 -0.446302 -2.947287
-0.434846 -0.183639 -6.045045
-0.436458 -0.201798 -5.754720
-0.445362 0.193817 1.889913
-0.406485 -0.231031 5.091141
-0.337435 0.376117 6.213663
-0.367518 -0.150597 5.456986
-0.418313 -0.183226 4.370528
-0.381265 -0.238357 -1.675996
-0.498709 0.248923 0.060859
-0.469680 -0.325769 -4.707003
-0.420341 -0.053134 6.134720
-0.316056 -0.123831 -5.881956
-0.354792 0.323053 0.618460
-0.331405 -0.205044 6.043391
-0.392033 0.426567 2.194983
-0.436202 0.223770 5.952210
-0.487840 0.430718 2.523764
-0.468127 0.302819 2.123963
-0.445137 -0.268156 6.217897
-0.343008 0.337164 5.038052
-0.432997 0.404325 3.647379
-0.488980 0.427699 5.060787
-0.485273 -0.001516 4.297941
-0.268538 0.326631 3.275047
-0.480018 0.090005 6.677852
-0.483034 0.002366 5.318523
-0.457700 -0.270380 -2.084312
-0.359725 -0.466997 -6.121784
0.271978 0.353436 1.640137
-0.493040 -0.349369 4.270351
-0.450283 0.423004 -5.311030
-0.496778 0.454714 -1.244948
-0.423805 -0.410111 -4.294717
-0.305582 0.186356 3.371868
-0.144748 -0.040666 -2.168893
-0.347529 0.030159 -2.636948
0.269622 0.244137 3.366208
-0.483034 -0.234442 5.677242
-0.446658 0.096197 3.997771
-0.468971 -0.150045 -3.993287
-0.373609 0.156138 4.452665
-0.390972 -0.395806 -4.763814
-0.441927 -0.172330 -4.311769
-0.147264 -0.416796 -5.560079
-0.449084 0.037050 3.252373
-0.458639 -0.099842 -5.910420
-0.364582 0.170310 5.158710
-0.266734 0.422380 -6.132146
-0.314761 0.424934 4.014479
-0.459353 0.347504 -6.004472
-0.459213 -0.253918 -3.820435
-0.431899 0.361060 2.249120
0.232943 -0.228059 5.027859
-0.495450 -0.241147 -1.935614
0.362796 -0.249154 4.865514
-0.340828 0.277899 2.654220
-0.395697 -0.144662 -4.591122
-0.470425 -0.002322 -3.031496
-0.440113 -0.142957 -2.829938
-0.213014 -0.316248 -4.742544
-0.392102 -0.281543 -4.932299
-0.406799 -0.071017 -3.409611
-0.365766 -0.412678 5.683329
0.264443 -0.039002 -4.603478
-0.400072 0.026381 5.787324
-0.499753 0.059707 7.304650
0.142342 -0.114156 6.213901
-0.437647 0.091755 3.206595
-0.417161 -0.040900 -3.676822
-0.456638 -0.023672 -3.864876
-0.471458 0.348254 3.903952
-0.413447 -0.166076 5.706709
-0.484686 0.446003 4.372369
-0.423220 -0.324284 -4.947803
-0.412971 -0.454571 -5.120122
-0.439626 0.314672 3.053410
-0.256446 0.320933 3.688262
-0.474326 -0.439173 6.031576
-0.480789 -0.202938 7.190386
-0.425677 0.362123 5.461724
-0.346718 -0.195052 -5.045974
-0.333533 0.218420 5.326812
-0.498234 -0.346502 -3.472383
-0.470675 0.291307 5.157560
-0.432133 -0.102331 5.011616
-0.460524 -0.223081 5.382814
-0.456129 -0.113040 -5.984985
-0.347056 0.072983 4.948019
-0.403997 0.050095 -4.843519
-0.299509 0.254593 -4.445182
-0.406575 -0.183293 -3.784152
-0.197787 0.164679 -4.599694
-0.487816 0.001383 5.348154
0.047357 -0.093603 5.746732
-0.474211 0.442364 5.214423
-0.326207 0.189335 -5.507949
-0.441072 0.440958 4.553938
0.004469 0.012009 4.870740
0.179563 -0.126903 5.804089
-0.408539 0.236108 5.256940
-0.374585 0.307139 3.908170
-0.492146 -0.363843 -3.050797
-0.370237 -0.244959 -5.004952
-0.490962 -0.060265 -1.233704
-0.360614 -0.359752 -5.193402
-0.462738 -0.390148 -3.622684
-0.300108 -0.293261 -4.023567
-0.447696 -0.473082 -3.439996
-0.424427 -0.266936 -4.239351
0.466981 0.127476 -5.759031
-0.355524 0.059777 -5.810717
-0.473326 0.222571 4.385486
-0.223765 0.107447 -0.902526
-0.395074 -0.369503 -1.535104
-0.408893 0.271818 -5.088492
0.100067 -0.074479 5.483511
-0.327948 -0.390379 -2.290123
-0.261200 0.315480 4.424340
-0.210193 -0.406265 -0.694074
-0.481434 -0.207153 8.529300
-0.430069 -0.297669 -4.877238
0.052347 0.317619 2.588929
-0.192594 0.110949 -2.455273
-0.054341 -0.331684 -0.545800
-0.347126 0.395084 5.115827
-0.453077 0.352163 3.129783
-0.483009 0.414893 -4.846895
-0.481599 -0.423637 -3.919667
-0.473753 -0.393571 -2.057159
0.156651 -0.085041 6.031670
-0.466749 -0.027319 -5.415597
-0.268456 -0.495333 -2.249629
-0.451448 -0.056638 -4.811301
-0.386233 -0.343248 -2.654519
-0.404549 -0.350393 -0.692375
-0.407046 0.196217 1.965688
-0.474059 0.057270 5.904592
-0.368100 -0.169141 -3.639331
-0.467206 0.072487 4.813925
-0.450253 0.284203 1.059282
-0.490513 0.418822 -2.047166
-0.467758 0.466683 4.588735
-0.447950 0.289686 3.605119
-0.496197 -0.137727 -3.394718
-0.430630 -0.309651 -2.913712
-0.129146 -0.488591 5.336524
-0.215386 -0.378864 -3.801045
-0.380058 -0.443490 -4.754563
0.108993 -0.329084 4.535509
-0.288709 -0.040918 -0.962069
-0.433942 -0.344371 -4.382277
-0.191042 -0.473295 -3.334159
-0.380899 0.214683 3.987684
-0.421858 0.034928 -5.393321
0.143639 -0.067582 3.120975
0.273983 0.231330 3.025804
-0.208245 -0.198918 -5.718459
-0.358861 0.282830 2.052543
-0.204464 -0.093532 -2.278991
-0.471910 -0.417471 -3.945078
-0.430846 -0.485075 5.826126
-0.451268 0.249062 4.825380
-0.443466 -0.014474 -5.884171
-0.421064 0.348555 5.546899
-0.440917 0.167841 1.746006
-0.469716 -0.237783 -4.519886
0.125343 -0.163120 6.059238
-0.378321 -0.165051 2.572839
-0.432750 -0.226098 -5.236846
-0.445264 -0.479709 9.637228
-0.352779 -0.453029 -4.393610
-0.376268 -0.053185 -0.117442
-0.180703 -0.259122 -3.166012
-0.301985 0.015406 -3.718360
-0.401062 -0.083569 5.951157
0.219672 -0.492482 -5.667691
-0.317676 0.252620 3.655805
-0.489493 -0.206064 -3.372688
-0.162777 -0.273819 -5.280657
-0.400426 0.495168 4.645312
-0.372958 0.493294 -5.259634
-0.408756 0.139759 4.704484
-0.047133 0.188183 -6.067850
-0.487434 -0.208342 4.524006
-0.400977 0.121931 1.781810
-0.486298 0.301543 5.721714
-0.383140 0.090775 5.057352
-0.214458 -0.424075 -2.706420
-0.482838 -0.006856 -4.608439
-0.494540 -0.014131 5.059815
-0.252002 0.209428 4.766253
-0.482290 0.086310 -4.045717
-0.071111 0.130292 -2.958442
-0.460244 -0.223976 -4.474261
-0.413043 0.322743 4.896194
-0.326087 -0.419220 -5.079584
-0.312127 0.060702 -5.114847
-0.289734 -0.415636 -1.518209
-0.465981 0.340575 -6.053878
-0.396879 0.387947 -4.230566
-0.491273 -0.256582 -1.816133
-0.311779 0.223981 -5.030213
0.194159 -0.098610 0.795979
-0.407811 -0.184453 -2.494088
-0.491887 0.460159 9.077433
-0.294647 -0.482515 10.064154
-0.434166 -0.108884 -3.701059
-0.479331 0.394689 -5.561810
-0.472487 -0.283150 3.908504
-0.458126 -0.436839 -5.109605
-0.375753 -0.418609 -4.521650
-0.499178 -0.380618 7.587024
-0.420823 -0.232906 -2.896786
-0.273084 -0.070346 -1.104003
-0.420038 0.143499 2.676840
-0.191389 -0.332274 -5.440794
-0.445905 0.411897 4.387896
-0.393372 -0.305656 -6.044647
-0.431420 0.317509 5.450639
-0.476595 -0.222656 5.144748
-0.443240 -0.280855 -2.844073
-0.470914 0.004697 6.331522
-0.120893 -0.429697 4.628855
0.438841 0.066364 2.847805
-0.210555 -0.490258 9.872759
-0.499800 -0.098395 7.025498
-0.306375 0.335442 -5.360182
-0.388760 -0.305559 -4.339642
-0.413925 -0.423103 5.952990
-0.467915 -0.407362 -4.613215
-0.292159 -0.193930 -5.679972
-0.385928 0.427694 2.247330
-0.458286 0.358394 4.444478
-0.387662 -0.314032 -2.935655
-0.345740 -0.496604 -5.882149
-0.265447 0.409110 5.936125
-0.104117 -0.362442 6.050199
-0.474580 -0.303187 -4.759361
-0.428518 0.325543 2.138203
-0.380603 -0.257627 -3.693545
-0.496668 0.206008 -2.767094
-0.468126 0.379238 2.928310
-0.266650 0.058463 -3.538606
-0.384049 -0.149842 -4.085293
-0.308644 -0.120419 -6.206147
-0.231242 0.419316 -0.560741
0.282268 -0.006129 5.318734
-0.024207 0.321377 -0.660622
-0.423436 0.294542 2.368489
-0.466229 0.069658 4.690052
0.253310 0.484243 -2.506320
-0.409571 0.440229 5.546051
-0.444627 0.004566 -5.299438
-0.415305 0.302286 2.156126
-0.462689 0.186637 4.593696
-0.388327 -0.349802 -2.587305
-0.282386 0.126310 -4.725667
-0.400770 0.277673 0.801711
0.100505 -0.105241 5.104953
-0.402785 0.253130 2.453972
-0.437691 -0.059605 -3.240901
