-0.359350 0.380418 1.567453
-0.142712 -0.267079 6.097888
-0.474324 -0.154245 -0.389854
-0.392091 -0.274139 -3.332551
-0.405441 0.373228 3.467766
-0.415681 -0.446552 -1.942415
-0.471679 0.101087 4.668438
-0.376932 0.390256 3.053105
-0.208284 0.290082 4.294841
-0.182894 0.058668 -6.276043
-0.429542 0.303361 4.355512
-0.465607 0.486907 -2.068747
-0.247969 0.323036 3.033324
-0.488350 0.435512 6.001274
-0.183466 -0.383840 -5.640254
-0.337658 0.448134 0.727202
-0.138024 -0.360036 4.404137
-0.408594 0.499283 0.988980
-0.069297 -0.137503 -1.241143
-0.470299 -0.322648 -2.553918
-0.457671 0.010293 -6.086876
0.255214 -0.179831 -0.480580
-0.072832 -0.484699 -4.886038
-0.421094 0.093259 -2.927107
-0.442025 -0.290502 -3.549548
-0.329630 0.361944 3.440994
-0.321703 0.465072 3.639191
-0.399404 0.036959 -0.826390
-0.376579 0.287101 6.214177
0.089500 -0.292914 -3.474747
-0.300953 0.408270 5.202154
-0.496888 0.081935 -0.481871
-0.442364 -0.005852 -4.936222
0.267084 0.000277 2.769570
-0.422222 -0.356272 -4.413927
0.089339 -0.317336 -3.672759
-0.401080 -0.312514 -3.682645
-0.127277 -0.390776 2.898569
-0.350159 0.142132 -5.487767
-0.394269 -0.427574 -5.191268
-0.231693 0.347972 5.004945
-0.434920 -0.102448 3.001850
-0.377923 -0.232070 4.292438
-0.236966 -0.067248 -2.436137
-0.447230 -0.424807 -4.511240
-0.458786 -0.164613 3.644845
-0.484379 -0.151152 5.483341
0.089849 -0.193793 -3.954274
-0.349817 -0.200706 -1.859406
-0.456953 -0.037616 -2.726723
-0.468619 0.319557 4.337910
-0.474235 -0.019466 -4.450532
-0.276178 -0.413265 -5.474923
-0.497015 0.462802 7.017359
-0.329298 -0.086712 -3.020323
-0.391600 0.025949 -3.177759
-0.368204 -0.371226 -2.287802
-0.087357 -0.469027 4.380099
-0.461019 -0.081025 6.255677
-0.427005 -0.325985 -4.245982
-0.254690 0.358161 -5.536689
-0.106276 -0.061462 -1.566082
-0.469749 -0.093688 5.700151
-0.393607 -0.271279 -4.450157
-0.419527 0.079776 -5.432493
-0.230961 0.159460 -4.922485
-0.458200 0.140979 -5.580945
-0.366864 -0.157102 4.878267
-0.381573 -0.070901 -4.985452
-0.425010 -0.216863 -4.513169
-0.378625 -0.434831 6.263545
-0.411323 -0.114344 -3.691138
0.001263 -0.462696 -1.843889
-0.464795 -0.253358 -5.680488
-0.055721 0.067901 3.443334
0.336824 -0.121224 -5.404325
-0.436849 -0.391131 -3.919774
-0.427954 -0.117464 5.142058
-0.307874 0.436485 2.672366
-0.498520 -0.400535 -0.958898
-0.380949 -0.238764 -3.997308
-0.443690 -0.465656 -3.762337
-0.223291 -0.424206 -2.010625
-0.081773 -0.480652 5.092517
-0.467037 -0.280737 -4.374630
-0.319774 0.324968 5.633304
-0.438566 0.265108 -5.459538
-0.357390 0.205183 -3.944501
-0.455466 -0.055088 -1.803354
-0.322159 0.312484 -6.206287
0.033340 -0.399169 -5.442351
-0.414270 -0.451609 -6.165027
-0.387437 0.050067 -2.101394
-0.373862 0.258727 -5.115254
-0.405243 0.485349 4.176820
-0.128057 0.108166 -5.738628
-0.466193 -0.052864 -2.230687
-0.416403 -0.429868 -2.935786
-0.313410 0.092642 -4.541725
0.174043 0.416743 -5.667127
-0.459192 0.418211 -6.041699
-0.375998 0.280477 -5.781808
0.117775 -0.374121 -2.588110
-0.399653 0.154024 -4.020685
-0.443150 0.489213 12.150981
-0.446777 0.481918 1.249898
-0.237840 -0.003386 -2.204425
-0.129427 0.011040 -0.004352
-0.496886 0.228288 -5.578152
-0.400613 0.019489 -0.565969
-0.352203 -0.079311 -2.901363
-0.458592 -0.227081 5.102898
-0.402941 0.221872 -6.037316
-0.454941 -0.337694 -1.626764
-0.203721 0.492701 -4.292502
-0.412133 0.275559 -2.576113
-0.274168 0.113925 -3.852872
-0.425178 0.026064 -2.034256
-0.073488 -0.279646 0.923147
-0.372445 0.098079 -3.878639
-0.343398 -0.139905 -5.180621
-0.450898 0.391456 4.678076
-0.474982 -0.399808 -3.716401
-0.269712 0.055098 -1.403121
-0.489942 0.098512 -3.595594
-0.372121 0.301784 6.122819
-0.410724 -0.230391 4.217724
-0.450093 -0.058893 -1.172328
-0.154030 0.280789 4.289161
-0.476864 -0.436338 -5.694351
-0.434882 -0.462291 -4.457066
-0.354770 0.243878 -3.741659
-0.453539 -0.001235 -4.553335
-0.092337 -0.052863 -3.763283
-0.365667 0.332107 -5.689054
-0.146757 -0.488237 12.167564
-0.431608 -0.319021 -3.779028
-0.461106 -0.450626 5.788784
-0.466344 0.302977 5.249358
-0.484401 -0.284740 -4.294958
-0.261075 0.115878 -3.783465
0.178643 0.158668 3.392954
-0.484570 -0.419959 -1.164804
-0.418936 -0.410445 -3.434529
-0.249645 -0.495605 -4.611881
0.463151 -0.458266 -3.595803
-0.318058 -0.474572 -4.399335
-0.247049 0.225130 -1.896328
-0.428424 -0.497662 1.327021
-0.235394 -0.407940 -5.268125
-0.307720 0.241297 -2.709781
-0.134201 -0.358142 4.664836
-0.299164 -0.384461 -2.560083
-0.428737 -0.217890 4.305037
-0.324311 0.044373 -5.364365
-0.484637 0.122778 -5.223812
-0.479890 -0.149411 -4.643187
-0.171093 0.454690 4.847632
-0.436655 0.223080 -5.541789
0.421806 -0.120660 4.267640
-0.059829 -0.374982 3.524649
-0.298167 -0.485407 5.291668
-0.413812 0.325806 -5.818737
-0.372877 -0.136984 -3.620025
-0.470689 -0.104648 4.928465
-0.411828 0.154354 -2.201521
-0.350312 -0.103537 -4.123256
-0.407747 -0.070270 -5.003499
-0.492351 -0.370073 -2.769035
0.368072 0.221164 0.164655
-0.291173 0.158593 5.902161
-0.403722 0.215021 4.451602
0.161900 -0.088235 -4.163614
-0.260425 -0.477742 11.165750
-0.429200 0.022407 -6.266667
-0.452153 0.032439 -3.825405
-0.394165 0.415103 5.636504
-0.296959 -0.414130 -4.302755
-0.468218 0.158665 -4.474824
-0.237449 -0.301670 -2.148627
-0.022782 0.428799 4.455668
0.140222 0.384986 -3.679074
-0.279535 -0.443492 -3.388498
-0.422206 -0.347007 -1.677451
-0.325337 0.084968 -0.114136
-0.439539 0.072197 -1.255778
-0.431746 0.142295 5.974399
-0.408066 0.392367 5.700234
-0.278864 0.486697 1.764277
-0.437243 -0.449149 -3.302636
-0.300604 0.206751 -2.045198
-0.474816 -0.378488 -2.752526
0.138064 -0.295980 -5.659386
-0.435134 -0.464244 -2.769459
-0.454966 -0.387457 -5.090421
-0.402164 -0.082199 4.210005
-0.399303 -0.232714 5.015733
-0.438251 -0.466021 6.158127
-0.496733 -0.088880 5.976296
-0.353806 0.083898 -1.195730
-0.399138 -0.136112 -5.577944
-0.359936 -0.067317 -4.884759
-0.421936 -0.261413 -5.430412
-0.382758 0.183408 5.799351
-0.358330 0.405324 4.127160
-0.456841 -0.373833 -4.769292
-0.435997 -0.136665 2.307336
-0.408666 -0.145101 6.139474
-0.489783 -0.349559 -3.147780
-0.320514 -0.477531 -2.532361
-0.361584 -0.391932 -4.247918
-0.336256 -0.333235 -2.411192
-0.248540 -0.196797 -4.547229
-0.471154 0.093290 -4.667207
-0.448896 -0.235035 -3.749101
-0.440806 0.209017 4.808877
-0.452128 -0.241965 -2.465797
-0.363302 0.112196 -2.494193
-0.435155 -0.469648 5.820022
-0.458041 -0.426911 -2.886914
-0.334106 0.281880 -3.229093
-0.412770 0.059632 -3.149084
-0.267660 0.196666 -2.741692
-0.432579 0.263667 -5.346494
-0.458394 -0.358417 -2.237797
-0.494818 -0.022054 -6.156186
-0.470489 -0.376794 8.505888
-0.387603 0.459795 4.093942
-0.247466 0.372730 3.987064
-0.410047 -0.078664 5.235767
-0.308222 -0.445301 6.017875
-0.210362 -0.016105 -0.740524
-0.246180 -0.308188 -1.453418
-0.490433 0.270873 -5.925986
-0.454565 0.047892 -1.673071
-0.335341 0.359297 5.731549
-0.052983 -0.486386 -4.906600
-0.424986 0.389142 4.149302
-0.460383 -0.164369 3.836524
-0.166870 0.187617 -5.208997
-0.211614 0.465587 5.055713
-0.445895 0.144423 -4.658215
-0.472173 0.143132 5.401488
-0.496232 0.465881 -3.157795
-0.155440 -0.454714 -4.693578
0.295088 -0.004397 4.543961
-0.346045 0.203970 -6.062482
-0.451113 -0.394720 -2.405488
0.407247 -0.127491 -3.157159
-0.373713 -0.414234 -2.754487
-0.416221 -0.128098 -3.630095
-0.487327 -0.032072 -4.979493
-0.383077 0.151986 -5.541022
-0.464612 -0.201313 -5.795499
-0.322045 0.350966 5.919622
-0.260174 -0.386983 -2.224548
-0.439191 -0.434506 -1.918969
-0.429390 -0.251195 4.135938
0.019455 -0.419231 -3.555723
-0.361039 -0.087612 4.480643
-0.126347 0.488024 3.661667
-0.180987 -0.451490 -4.558646
-0.363460 -0.091560 -3.656691
-0.406541 -0.007108 -4.416552
-0.412374 -0.110371 -4.908802
-0.467809 0.452655 -5.901618
-0.491743 -0.324073 -0.450897
-0.388304 -0.123327 -5.927766
-0.468751 0.011454 -5.350874
0.095615 -0.003430 -2.147125
-0.397497 0.207892 4.281631
-0.471207 -0.396210 -6.050738
-0.371459 0.266315 -5.583904
-0.485168 0.096610 6.465951
-0.377556 -0.347406 -1.878673
-0.408521 -0.373959 -2.730244
-0.484965 -0.416012 -6.012387
0.181505 0.175122 0.657295
-0.432764 0.109515 -3.703863
-0.333230 0.059676 -2.316017
-0.394628 0.265364 -3.862853
-0.483001 -0.293882 -4.556699
-0.372185 0.079656 -2.029836
-0.372217 -0.455669 -4.983816
-0.443919 -0.400857 -1.361872
-0.496348 0.058452 9.350163
0.090205 -0.026278 -0.666886
-0.404945 0.330138 -4.094488
-0.353429 0.243933 -3.623859
-0.468069 -0.196451 4.200136
-0.489133 0.389295 3.501662
-0.000893 -0.059709 -4.842173
-0.484503 -0.011781 9.374347
0.209798 0.252748 2.771016
-0.222734 0.170855 5.232430
-0.271758 0.108317 -5.983451
-0.467734 0.060855 -2.940064
-0.489957 0.479766 1.379249
-0.001603 0.403293 -0.955613
-0.441153 -0.334500 -4.062224
-0.298082 -0.191568 -1.110094
-0.460836 0.109690 -3.742068
-0.445591 0.278850 -5.415300
-0.445848 0.110447 5.830727
0.297870 -0.471424 -4.263274
-0.407348 0.340599 4.694027
-0.480904 0.482464 5.108145
-0.173060 0.043514 -4.325417
-0.466815 -0.489615 -5.638826
0.212098 0.296258 -3.783229
-0.401066 -0.300930 -5.437526
-0.436550 0.134214 -1.415267
-0.383223 -0.222944 -5.960235
-0.444357 -0.215468 -0.927314
-0.129983 -0.198791 -1.406664
-0.498680 -0.066450 6.879144
-0.386797 -0.268665 -4.914098
-0.450702 -0.076338 -5.538879
-0.478175 0.028319 5.226541
-0.477662 -0.220222 -1.239865
-0.422963 -0.100506 -3.642867
-0.367416 -0.210458 -5.550479
-0.355615 -0.328878 -1.282995
-0.375547 -0.453425 -5.725920
-0.493667 0.031746 5.717047
-0.297029 0.054423 -0.480226
-0.466560 0.328529 6.202048
-0.486243 -0.353454 -4.278127
-0.358478 0.413496 -6.261207
-0.365837 -0.468592 6.138163
-0.374907 0.388115 4.077872
0.481700 0.152035 2.198273
-0.449447 -0.302562 -2.846916
-0.156871 0.394230 -3.560646
-0.175234 -0.345856 4.042236
-0.072730 0.452973 3.521793
0.109238 0.375733 2.774475
-0.199180 0.492625 -6.156220
-0.428068 -0.242896 -4.793540
-0.430390 -0.326443 -2.629624
-0.375546 -0.458252 -2.537692
-0.466340 -0.219726 -0.879602
-0.487086 0.353528 -5.714949
-0.487627 0.437910 6.454908
0.011279 -0.153276 -1.977781
-0.330532 -0.406589 -1.169407
-0.469302 -0.016595 -1.310660
0.014183 -0.314169 -3.936540
-0.459924 -0.057088 -4.240073
-0.394313 0.214588 5.223057
0.399056 -0.117177 -5.350091
-0.452075 -0.031587 6.168520
-0.376043 -0.124786 -2.034610
-0.155851 -0.317441 4.594996
-0.186688 -0.493573 5.049646
-0.065854 -0.453200 4.938786
-0.112782 0.157763 4.857247
-0.462474 -0.246548 -4.538599
-0.484195 0.107642 4.499690
-0.455348 -0.078250 4.884935
-0.251300 0.338477 2.032180
-0.425004 0.159116 5.715329
-0.010966 0.473516 -4.754066
-0.490346 -0.084865 -4.258458
-0.451948 0.221965 -5.021099
-0.413473 -0.450838 -3.839946
-0.335496 -0.280759 -4.662475
-0.359939 -0.093584 -6.220859
0.170223 -0.247380 -2.799396
-0.288226 -0.482582 -5.164829
-0.122239 -0.299865 6.132895
-0.483134 0.438702 8.476841
-0.470170 0.254877 5.355390
-0.439610 0.408569 -6.144293
-0.427075 0.451514 3.202808
-0.479850 -0.258486 -5.621301
-0.482391 -0.338030 -2.683806
-0.327044 -0.024874 5.927412
-0.404772 0.214074 5.347137
0.367936 0.261564 -6.244013
-0.494346 0.280256 4.713883
-0.475687 0.237123 -3.392354
-0.466382 0.428744 5.584551
0.048514 -0.438039 -1.359871
-0.412702 0.394725 2.806734
-0.356402 -0.145091 -4.131160
-0.395107 -0.261352 -6.139286
-0.225614 0.452274 -5.531215
-0.421277 0.316958 5.726511
-0.487431 -0.048898 -4.739435
-0.421819 0.224974 5.868973
-0.473861 -0.002958 -5.453191
-0.348374 -0.127680 -2.661546
-0.465782 0.442496 5.445961
-0.364553 0.257322 -4.769979
-0.346892 -0.021782 -0.697554
-0.462671 -0.192933 -4.627217
-0.448848 0.101253 -2.583503
-0.447608 0.075638 -3.807465
-0.422372 -0.258263 -1.195884
