-0.499753 0.148187 1.697656
-0.127856 -0.089423 5.590310
-0.429368 -0.189631 3.971300
-0.422569 -0.214870 2.952224
-0.066939 0.113990 4.713661
-0.431760 -0.304340 4.113326
-0.434709 0.338142 1.878687
-0.315275 0.279705 5.674471
-0.089229 0.168097 4.382568
-0.264866 -0.035253 3.993448
-0.499056 0.438929 -2.057710
-0.279735 0.466077 5.336605
-0.071983 0.481717 10.558652
-0.454053 0.447550 4.745611
-0.009935 -0.222065 -4.323881
-0.439942 0.315567 5.291907
-0.039288 -0.317705 3.674256
-0.477230 0.311030 -0.079622
-0.044689 -0.468661 2.979110
-0.367226 -0.452007 4.174371
-0.468260 0.138410 0.523384
0.070598 -0.442095 1.115905
0.062487 -0.280536 5.982112
-0.437232 0.353512 2.699995
-0.331416 -0.149604 1.231466
-0.348873 0.416452 -5.898710
-0.245715 0.049763 1.249555
-0.214253 -0.098799 -5.150524
-0.476668 0.151792 5.911656
-0.131266 -0.428105 4.588491
-0.472590 0.300638 0.754417
-0.487384 0.031748 3.058825
-0.487300 -0.424537 -4.043773
0.354939 0.234964 3.774188
-0.427889 -0.268318 5.974172
0.098322 -0.480854 0.713593
-0.116975 -0.179336 -1.425176
-0.118733 -0.453847 5.943448
-0.388406 -0.079421 3.286175
-0.472493 -0.412560 0.388158
0.003691 0.438824 4.789524
-0.372649 0.051860 1.968023
-0.453476 -0.331877 2.802302
0.012780 -0.250783 3.512977
-0.477058 -0.218454 -6.189255
-0.480380 -0.124937 3.064632
-0.369743 -0.266560 3.404997
0.017159 0.009610 2.714102
-0.291089 -0.002465 1.764330
-0.440640 -0.157266 1.437554
-0.433545 0.445152 5.241691
-0.408364 -0.041537 -5.062077
-0.329389 -0.256935 1.727852
-0.484256 0.314764 1.644996
-0.366466 0.189485 3.195479
-0.439980 0.133712 4.637166
-0.471294 -0.252245 5.380766
-0.128464 -0.335176 2.773008
-0.450542 -0.234379 5.637171
-0.471680 -0.417601 4.208849
-0.354670 0.307399 2.316516
-0.073096 -0.357049 0.514241
-0.454013 0.313406 1.672354
-0.377540 -0.373192 1.303572
-0.476119 0.155987 0.207242
-0.422524 0.061428 5.279130
-0.392881 0.359741 4.070019
-0.453531 0.128808 5.832420
-0.476332 -0.116536 6.208317
-0.314181 -0.068815 3.246591
-0.442981 -0.309965 3.241578
-0.472869 -0.370961 4.757141
-0.019526 -0.196997 2.033070
-0.329549 -0.383786 4.520623
-0.293423 0.250442 2.255086
0.464114 -0.058276 3.633741
-0.429485 -0.408548 5.806446
-0.484022 -0.273282 -2.323990
-0.339463 0.389021 2.175183
-0.442333 -0.382625 4.373658
-0.285873 -0.379105 4.346626
-0.499433 -0.314449 3.423744
-0.257749 -0.351545 3.094426
-0.170425 -0.485425 11.992437
-0.461436 -0.453486 5.304235
-0.460504 0.342792 2.297420
-0.316683 0.141493 3.612468
-0.404855 0.026087 -5.356756
-0.419860 -0.038651 1.984822
-0.184646 0.371725 -1.708635
-0.092975 -0.238627 -4.961873
-0.336384 -0.399728 2.476304
-0.459858 -0.212403 4.923520
-0.482956 0.290413 -6.033008
-0.245562 0.208977 3.491576
-0.034249 0.125374 5.697282
-0.457080 -0.286513 5.707498
-0.307566 -0.442810 1.129615
-0.448728 -0.032259 5.969803
0.104009 0.331007 -2.401993
-0.451657 0.424626 2.378794
-0.190866 0.356104 5.824262
0.065985 -0.349600 5.378778
-0.381948 0.304220 1.092596
-0.180764 0.422890 -6.070458
-0.490250 0.294045 -0.802349
-0.197060 -0.320154 4.064261
-0.210741 0.295785 0.584837
-0.306882 0.139571 2.745627
-0.481725 -0.134190 3.742544
-0.469983 -0.032386 3.124343
-0.466452 -0.221801 2.041308
-0.399300 0.096617 2.153925
-0.479253 -0.043904 3.076073
-0.318854 0.433266 5.462105
-0.468148 0.258389 5.994184
-0.322482 -0.155998 4.262832
-0.452844 0.002374 4.425530
-0.284114 -0.071575 0.850852
-0.495761 -0.093919 -2.164896
-0.342449 -0.313315 0.242922
-0.493256 0.371218 -0.680494
-0.331704 -0.481258 12.218275
-0.490783 -0.292159 -1.543230
-0.483065 0.134206 5.763674
-0.495080 0.479241 2.785596
-0.298909 -0.317753 3.621551
-0.448464 -0.131296 6.130712
-0.370880 0.166285 1.504578
-0.441406 -0.268029 2.889320
-0.498761 -0.175421 -2.710910
-0.268157 0.139737 4.992830
-0.379999 0.075828 3.513729
-0.441344 0.067033 4.946537
-0.308044 0.271729 3.994361
-0.324954 -0.161182 1.062157
-0.418009 -0.473669 9.083169
-0.462331 -0.365182 3.001097
-0.312138 0.206247 3.893281
-0.437616 -0.396304 -5.149441
-0.442153 0.407379 5.518927
0.247665 -0.053113 -1.427336
-0.483784 -0.328795 5.532410
-0.499927 -0.316722 4.016208
-0.422275 -0.236270 1.524387
0.185914 -0.460202 5.394005
-0.446989 -0.240626 3.672577
-0.485613 0.468417 0.798567
-0.387424 -0.458222 -3.033310
-0.441035 -0.344280 3.456773
-0.321766 0.309704 4.403710
-0.171922 -0.453133 -5.541889
-0.409642 -0.249587 4.347358
-0.470197 -0.388776 -5.638957
-0.267871 -0.032736 2.425081
-0.459107 0.161897 5.280385
-0.348967 -0.267005 3.492088
-0.253886 0.298985 3.360079
-0.272895 0.405291 5.644934
0.397503 -0.176492 6.010657
-0.106635 -0.462446 -6.251941
-0.251001 -0.466461 4.466205
-0.300017 0.490977 1.216767
-0.465067 -0.313410 3.192522
-0.408417 0.025548 4.123112
-0.442656 0.201275 2.139549
-0.310752 -0.445487 3.335961
-0.473541 0.209751 3.302232
-0.496010 -0.279889 -5.334648
0.173999 0.372073 -0.480574
-0.097246 0.293506 -2.296706
-0.435561 -0.086858 2.118154
-0.075112 -0.372415 4.398320
-0.469724 -0.283116 4.345051
-0.468538 0.455958 2.138648
-0.426664 -0.101043 5.489878
-0.481515 0.454833 3.413284
-0.426567 -0.142892 3.096082
-0.494009 0.191325 2.404312
-0.462333 -0.390377 5.391154
0.208585 0.323522 -1.821260
0.123188 0.310107 -4.037803
-0.373740 -0.358605 5.813824
-0.422684 -0.378690 1.571500
-0.466941 -0.094289 4.270100
-0.416754 0.270363 3.709083
-0.460434 0.289954 3.619764
-0.465467 0.458853 2.773861
-0.198508 0.399355 -1.517303
-0.427681 -0.341514 3.439891
-0.437042 0.006450 6.013949
-0.435185 -0.439408 2.911604
0.379800 -0.369754 -1.187570
-0.373017 -0.433420 4.715450
-0.352705 -0.414933 5.350053
-0.460178 -0.143999 4.070011
-0.361644 -0.178101 2.587588
-0.458497 -0.448225 -6.249044
-0.318176 0.120111 -4.873680
-0.207359 -0.105250 4.703987
-0.490899 -0.422850 6.247344
-0.489891 -0.088748 5.504375
-0.315791 -0.457244 4.746098
-0.483994 0.257663 4.439421
-0.472468 0.387251 3.270385
-0.365810 -0.492149 3.907157
-0.373874 -0.359318 2.622676
-0.450199 -0.217553 -3.118397
-0.451157 -0.145847 2.669907
-0.323365 -0.340430 0.855148
-0.292670 -0.355697 5.942458
-0.406516 -0.313459 4.890377
0.044467 0.158279 3.313876
-0.301538 -0.129840 1.389993
-0.478794 -0.068311 3.898666
-0.482144 0.046693 -5.884037
-0.389405 -0.476692 4.032834
-0.416588 0.097123 1.570574
-0.405713 -0.376422 3.608916
-0.420313 -0.415090 5.141494
-0.427080 0.220342 4.069355
-0.386472 0.003561 1.666646
-0.470911 0.239771 3.256143
-0.356534 0.203362 1.912289
-0.440323 -0.408926 5.945174
-0.462849 -0.246640 5.134144
-0.426281 -0.496581 -4.899740
-0.457601 0.359866 5.408706
0.010417 0.025772 3.235401
-0.432364 -0.030752 4.970608
-0.183581 -0.475020 3.671756
-0.448675 -0.155769 -4.609375
-0.209150 -0.461584 -2.725667
-0.401204 0.489516 1.510744
-0.476446 0.262516 2.247312
-0.402773 0.118356 1.849450
-0.060111 -0.376047 2.442595
-0.398949 0.101906 2.991220
-0.412576 -0.229104 2.129979
-0.363476 0.194334 4.837733
-0.151443 0.360251 -3.435633
-0.010740 0.249354 -6.006671
-0.465618 0.053856 3.415464
-0.429457 0.340151 3.089939
-0.044319 -0.282186 3.120861
-0.151408 -0.221512 -4.983185
-0.498375 0.108586 -1.933785
-0.442717 -0.371962 -4.487257
0.371403 -0.010562 -3.728251
-0.374724 -0.488618 0.540417
-0.362628 -0.100266 -5.597073
-0.459399 0.039627 3.728221
-0.499589 0.189670 -1.732259
-0.480194 -0.111657 -2.115494
-0.462722 0.372234 -5.913886
-0.375761 -0.430305 5.304981
-0.246553 -0.192166 -4.317963
-0.480971 -0.217766 5.664050
-0.014718 -0.487140 1.127980
-0.492144 -0.085284 3.978392
-0.033983 0.408999 5.787556
-0.136598 -0.483174 3.920587
-0.462527 -0.313859 2.527715
-0.457277 0.046977 2.467127
-0.473075 0.073401 -5.622860
-0.494271 0.395361 3.438088
-0.447865 -0.495920 2.625039
-0.413665 0.069228 4.591450
-0.382912 0.458751 5.700330
0.209374 0.183593 1.059165
-0.432066 0.449311 1.542439
-0.437640 -0.340118 2.616298
-0.427318 0.358269 4.599332
-0.377953 0.197561 4.142402
-0.465993 -0.286883 3.357358
-0.416548 -0.281191 5.473075
-0.412494 -0.378590 3.700521
0.278819 0.494618 -3.139711
-0.363402 -0.007997 5.130650
-0.498425 0.054752 -0.677945
-0.445223 0.431116 3.464119
-0.436419 -0.396275 4.410443
-0.493319 0.174852 2.671150
-0.403982 -0.372809 1.025755
-0.334657 -0.261444 3.644714
-0.388295 0.177045 5.391655
0.225718 -0.238693 5.666433
-0.498359 0.433286 -0.064488
-0.470175 0.306086 3.768342
-0.466034 -0.117622 3.678167
-0.443644 0.363916 2.437653
-0.431239 0.148246 2.878206
-0.442126 0.057997 -5.936203
0.051137 0.471903 0.137611
-0.115984 0.099026 2.272988
-0.406439 0.098439 3.792166
-0.481537 -0.114595 3.696148
-0.451458 0.317014 -4.238724
-0.009495 0.324724 5.685484
-0.444811 -0.135963 5.206988
-0.457421 -0.413831 1.380304
-0.492448 0.159741 4.834384
-0.474882 0.273394 -0.255555
-0.427149 0.161668 1.379253
0.432407 -0.352202 -2.406440
-0.444849 0.393429 2.024678
-0.423301 0.445675 -5.026418
-0.458026 0.226513 1.927887
-0.468863 -0.458269 -2.338953
0.250981 0.228904 -2.641295
-0.478385 -0.108699 4.316126
-0.496679 0.105360 4.309136
-0.426273 0.194616 3.513571
-0.095495 -0.276984 5.321426
-0.072463 -0.153348 -3.973091
-0.438177 -0.499011 0.285668
-0.355306 -0.184131 2.302536
-0.281191 -0.133649 4.834118
-0.234893 -0.205061 -4.514201
-0.401456 -0.055187 1.432413
-0.438032 -0.273598 3.963121
-0.219946 -0.174354 3.810449
-0.494636 -0.308619 4.174257
-0.464741 -0.229332 -5.503418
-0.436338 -0.220558 5.712983
-0.094924 -0.123440 -5.906170
-0.397469 0.336444 5.836098
-0.180553 -0.368684 2.810462
-0.245523 0.381492 -4.212206
-0.487965 -0.347507 2.548455
-0.377897 0.118572 6.021243
0.208451 0.247191 -2.870383
-0.372444 -0.339347 0.380462
-0.211906 0.423064 -5.068564
-0.484971 -0.275083 9.387929
0.193466 0.476557 10.870550
-0.074902 0.405279 3.583368
-0.245938 0.368741 -5.301831
-0.193504 -0.089946 4.327480
-0.114369 0.175467 4.281551
-0.488833 -0.412759 6.547889
-0.351961 -0.330298 -5.061927
-0.490936 0.103451 -1.828531
-0.478187 0.402302 4.022272
-0.025388 -0.336051 2.069549
-0.440788 -0.493998 12.313947
-0.364084 0.267962 3.620735
-0.158660 -0.305318 -5.066774
-0.366180 -0.316765 1.107290
-0.482882 -0.003376 2.424302
0.435592 0.012367 -4.284387
-0.463218 -0.224010 -5.257759
-0.336538 -0.257921 2.096055
-0.497820 -0.360612 5.713973
-0.271223 -0.272115 5.249451
-0.113371 -0.341259 0.640115
-0.081070 0.308564 6.191923
-0.455347 0.021305 6.218787
-0.223114 -0.136738 6.125481
-0.370749 -0.046981 4.115103
-0.348513 0.481074 2.303479
-0.485152 0.248754 2.150395
-0.327007 0.346793 3.212535
-0.452035 0.233756 0.147454
-0.457359 0.195337 3.773484
-0.499408 -0.474197 -5.660395
-0.328022 -0.196812 1.579400
-0.404909 0.183294 5.607258
-0.039142 -0.166226 -3.910761
-0.403197 -0.384604 2.955841
-0.122017 -0.393838 4.425951
-0.348270 0.363835 2.748838
-0.465797 0.076532 3.676684
-0.396647 0.336697 3.176168
-0.470148 0.389864 2.451101
-0.357993 -0.444287 5.233383
-0.468842 -0.273604 3.134771
-0.499322 0.130405 5.092394
-0.499477 0.254908 4.371930
0.235262 0.286129 -3.298066
-0.479585 0.422679 4.164945
-0.228046 0.156208 5.182044
-0.456614 0.256649 3.862677
-0.394703 -0.438092 5.119095
-0.412661 0.190435 2.521362
-0.414601 -0.244303 2.674539
-0.490900 -0.209336 8.862644
-0.444333 0.193577 3.361749
-0.398676 0.226949 1.455713
-0.430381 0.351011 2.984454
-0.496307 0.284164 0.831463
-0.438588 0.221421 4.568745
-0.336852 -0.084669 4.896443
-0.332762 0.449290 3.862695
-0.390014 0.122806 4.343378
-0.074648 -0.026835 -6.107987
-0.499087 -0.179622 0.570626
-0.237395 -0.082635 -5.303624
-0.454486 0.094525 -4.385389
-0.384074 -0.208817 2.674870
