-0.426623 0.061796 -5.694277
0.332063 0.222850 3.202649
-0.293070 -0.241052 -5.192721
-0.479776 0.267918 -4.353018
-0.089417 0.238334 2.012905
-0.397703 -0.485704 7.149677
-0.436927 -0.216061 -3.976291
-0.484187 -0.354160 8.076056
-0.444181 0.030517 -3.998362
-0.144298 0.016204 2.738462
-0.177316 0.113777 6.111782
-0.186376 0.168112 -5.598076
-0.468747 0.206202 6.166653
-0.499744 0.255522 9.227657
0.273161 -0.355903 -4.661302
-0.073405 -0.178673 2.247585
-0.439550 0.200825 -4.350256
-0.280268 0.466412 -1.420725
-0.380187 -0.273182 -5.699446
-0.460385 -0.454085 -6.077254
-0.444907 -0.499775 -1.660994
-0.365209 -0.363964 5.987167
-0.466247 -0.356806 -2.839639
-0.489863 -0.127221 -3.279424
-0.095528 0.055313 4.297095
-0.353597 -0.367526 -6.103958
-0.410574 -0.376376 -4.311874
-0.177807 -0.012834 2.620576
-0.479137 -0.076355 -5.668160
-0.398226 -0.260748 -0.584200
-0.479157 0.188569 -4.968394
-0.435582 0.299659 -1.204409
-0.404777 -0.039934 -0.703517
-0.312189 0.180925 -3.544081
-0.418285 -0.033265 -3.596713
-0.364108 -0.445721 -3.688020
-0.453358 -0.267716 -5.885843
-0.335624 -0.160346 -4.023973
-0.385629 -0.477044 -0.663732
-0.489559 -0.238939 -5.391806
-0.031686 0.218073 3.090949
-0.438935 0.446378 -1.746875
-0.426152 -0.259309 -2.967036
-0.407910 -0.395267 -5.693061
-0.277465 -0.483290 -5.066738
-0.445775 -0.304682 -3.533608
-0.479439 -0.421328 -2.124627
-0.330890 -0.188735 -3.563955
-0.450811 -0.026240 -5.625244
-0.144462 -0.427207 -4.236647
-0.401411 0.325283 -4.147060
-0.427537 0.448774 -1.912390
-0.440447 -0.404216 -4.030310
-0.430357 0.256188 -1.539993
-0.419656 0.406629 -4.566341
-0.482707 0.103779 -3.089341
-0.496195 -0.109926 5.746802
-0.497019 -0.444009 6.265095
-0.483351 0.077391 -5.161197
-0.416122 -0.195302 -1.766392
-0.436149 -0.442942 -4.023459
-0.041353 0.388931 0.429056
-0.491769 0.359161 8.784168
-0.484899 -0.474491 4.002300
-0.391795 0.229252 -2.511237
-0.484204 -0.151309 -0.631389
-0.491955 0.484510 -6.148656
-0.400884 -0.487834 -2.205366
-0.374182 -0.341144 -1.700370
-0.480351 -0.114986 -3.836129
-0.379410 -0.469658 -1.477563
-0.494715 -0.174140 -5.317866
-0.415728 0.382920 -1.992480
-0.420240 -0.479642 -4.073930
-0.333390 0.449133 -5.977496
-0.226473 0.155683 5.568202
-0.154655 0.303823 -4.438099
-0.429536 0.120985 -2.386262
-0.146339 -0.127852 2.032489
-0.473041 -0.388387 7.916646
-0.491175 -0.147657 -2.251403
-0.470624 0.234868 -5.380172
-0.483862 -0.114423 -2.289221
-0.304265 -0.198443 -1.665209
-0.427388 -0.237218 -2.660344
0.027924 0.177926 1.030231
-0.432068 0.015188 -3.511328
-0.457021 0.080992 -4.294772
-0.085135 0.058763 2.415375
-0.355745 0.362797 -3.168956
-0.441365 -0.416493 -4.687831
-0.434875 -0.106129 -1.066952
-0.451497 -0.401056 -5.786418
-0.490038 0.459568 -2.789922
-0.174094 -0.483633 7.458020
-0.423221 0.377328 -3.892391
-0.466420 -0.260854 -5.679815
-0.465377 0.045731 -3.855982
-0.272355 -0.423666 -4.036788
-0.226244 0.433445 -4.202136
-0.212945 -0.393425 -4.164493
-0.468603 0.226742 -2.963194
0.129257 0.005174 2.704741
-0.447202 0.091509 6.202506
-0.476386 -0.167378 -3.014756
-0.412122 -0.008401 -2.470844
-0.155008 -0.413092 4.025999
-0.334282 0.180822 -2.054019
-0.222696 0.174228 -4.171833
-0.487581 -0.121106 -5.759974
-0.422418 -0.255645 -2.877691
-0.408912 -0.201487 -3.482116
-0.492855 0.400460 5.989144
-0.450137 0.034961 -1.510522
-0.493012 0.036461 -3.461432
-0.460941 -0.485799 -4.458012
-0.404599 -0.234055 -1.565357
-0.489564 -0.083262 -3.197874
-0.445054 0.033574 -3.581134
-0.491265 -0.096678 8.328599
-0.481473 -0.209999 5.758667
-0.426753 0.308559 -1.385722
-0.475239 0.280094 -0.940784
-0.107444 -0.379630 5.374714
-0.473682 -0.098229 -4.770767
-0.256251 0.392916 5.087568
-0.441027 0.030761 -2.461275
-0.390318 -0.338386 -4.065689
-0.144123 -0.479484 0.636388
-0.333035 -0.400134 -5.032125
-0.316613 0.257789 -4.574230
-0.480602 0.123557 5.936995
-0.476388 -0.340425 -4.469413
-0.479497 -0.339973 -3.372757
0.022604 0.347410 -2.087731
-0.381786 0.445413 -3.046335
-0.456014 -0.059874 -2.265605
0.467426 -0.336458 -4.626440
-0.477437 -0.320446 -4.821562
-0.221310 -0.155011 2.746162
-0.466491 -0.030193 -4.245717
0.313959 0.225966 1.338568
-0.435142 -0.417691 6.134488
-0.484978 -0.040666 -1.588343
-0.373391 0.181865 -4.008981
0.029160 -0.334823 -1.548686
-0.192280 -0.400195 -3.942706
-0.384133 0.181665 -4.244137
-0.474887 0.029439 -4.725884
-0.398357 -0.069365 -1.164423
-0.407086 -0.238162 -1.602066
-0.488105 -0.262962 -3.107130
-0.423119 -0.235205 -1.634757
-0.457181 -0.101407 -0.997192
-0.225514 -0.129147 3.601756
-0.400421 0.232660 -4.142327
-0.478572 0.120495 -2.726831
-0.492575 0.230905 8.942164
-0.392876 0.122208 -3.981289
-0.447509 0.145351 -4.088949
-0.459804 0.432479 -5.200749
-0.497248 -0.261730 9.035560
0.142071 0.075549 3.594947
-0.497930 -0.221283 3.354549
-0.463742 0.027574 6.274287
-0.471642 -0.143306 -3.571481
-0.489385 -0.292920 7.831526
-0.317081 0.054067 5.928352
-0.198338 -0.319949 -5.096973
-0.393897 -0.103713 -5.895696
-0.135640 0.496801 1.762829
-0.375799 -0.407427 -4.670774
0.090570 0.293781 6.137717
-0.219630 -0.431833 -6.125743
-0.215355 0.042270 2.607635
-0.212584 0.331069 -5.732695
-0.194440 -0.185835 4.542184
-0.392769 -0.332437 -3.704042
-0.413275 -0.005260 -5.397587
-0.356197 -0.139981 -3.877718
-0.470253 -0.403874 -5.012808
-0.452548 -0.177001 -6.253258
-0.485320 -0.269324 -3.203327
0.494882 0.273554 -0.574411
-0.472346 -0.236080 -2.634095
-0.475957 0.283319 -3.260616
-0.120848 0.448911 -5.809430
-0.201342 0.159711 4.641636
-0.367365 0.217843 -5.387338
-0.479604 -0.170023 -0.577970
-0.320863 -0.436501 -2.519578
-0.450603 -0.016600 -2.229099
-0.372224 -0.364231 5.408116
0.292646 -0.359061 -3.122912
-0.365794 0.165445 -5.317443
-0.440173 -0.307989 -3.658628
-0.473887 0.230014 -4.216092
-0.388256 -0.294748 5.948696
-0.448217 -0.329155 3.878090
-0.342953 -0.478401 -2.539779
-0.470673 -0.158293 -3.267043
-0.181834 -0.496429 -3.794340
0.394371 -0.149197 4.117017
-0.459602 0.021730 -4.594223
-0.492921 -0.254602 -2.861017
0.413960 0.046128 4.071636
-0.430092 -0.243223 -4.637985
-0.463724 -0.130266 -4.309045
-0.332847 0.445188 6.184193
-0.387454 0.246285 -3.975309
-0.452957 -0.326935 -1.848128
-0.437871 -0.055090 -5.255781
-0.494445 -0.027891 8.912489
-0.353359 -0.350314 5.245839
-0.457628 0.164458 -2.388600
-0.405481 0.394582 -4.000346
-0.416535 -0.254462 -2.844893
-0.336376 -0.357570 -1.286457
-0.169411 0.428352 -3.630378
-0.430521 -0.176076 -2.741744
-0.476597 0.046702 -0.709998
-0.467256 -0.379853 5.665358
-0.469195 0.267743 -5.956591
-0.477676 0.147551 -4.690520
-0.232154 -0.350016 -4.311187
-0.195381 -0.034853 1.398015
-0.351663 0.299067 -3.535370
-0.487595 0.199387 -4.095615
-0.432617 -0.108103 -2.197416
-0.475318 -0.126240 -1.791667
-0.446450 -0.380587 -5.258773
-0.457129 -0.463911 -3.796024
-0.030520 -0.373626 4.444095
-0.367557 0.357936 -4.540756
-0.495569 0.396556 -3.430866
-0.333750 0.267263 -1.345334
0.094113 -0.083987 0.751865
-0.395986 -0.455964 -2.366360
-0.492386 0.356960 -4.491932
-0.337421 0.323771 -2.785948
-0.376751 -0.450633 -4.890540
-0.223497 -0.142812 2.487136
-0.459761 0.135043 -5.096911
-0.483022 -0.274417 -4.341538
-0.466153 -0.427952 -3.047693
-0.126518 -0.412298 5.415740
-0.430297 -0.051957 -3.293046
-0.481956 -0.107025 -2.566528
0.346311 -0.051325 3.684590
-0.299410 -0.023397 1.890857
-0.485180 0.243824 -4.368494
-0.425358 0.187153 -5.271690
-0.376823 -0.345661 -2.526907
-0.457886 0.353253 -1.499349
0.096162 -0.013033 5.211294
0.122924 -0.394048 -5.494114
-0.499051 0.175370 5.153292
-0.423412 -0.139756 -3.569302
-0.432209 -0.425919 5.127040
-0.486346 -0.177383 -2.216278
-0.124867 0.365489 -2.665770
-0.370547 0.472844 -5.726075
-0.284526 -0.143399 -4.880276
-0.389086 0.218899 5.643407
-0.491852 0.453634 7.537533
-0.460818 0.336820 -2.796494
-0.481323 -0.275398 9.293651
-0.441810 -0.141021 -1.200806
-0.262748 -0.087820 -4.098454
-0.492577 0.378876 5.810489
-0.381780 -0.373924 -5.210775
-0.493651 -0.274527 5.069262
-0.498878 -0.059551 8.776780
-0.368396 -0.256938 -5.513474
-0.429593 0.317335 -2.396727
-0.497562 -0.031999 9.016689
-0.427830 -0.318124 -4.570388
0.083719 0.317709 -5.054458
-0.495005 0.199806 6.211163
-0.460487 0.068062 -3.790815
-0.335791 0.217041 -4.065013
0.194191 0.494175 11.406932
-0.282797 0.371335 -4.190689
-0.310568 -0.245381 -2.504728
-0.425999 -0.471292 9.534513
-0.436755 -0.192892 -2.734250
0.086278 -0.485142 -3.408149
-0.046978 -0.373971 1.783352
-0.487558 0.196718 4.316048
-0.423129 -0.029435 -3.398279
-0.444107 -0.002037 -6.055772
-0.459642 0.360763 -0.931571
-0.424264 0.006608 -1.152986
0.164921 0.377200 -5.093245
-0.442438 0.393830 -3.589496
-0.400970 0.322511 -1.817036
-0.483264 -0.152969 -4.898514
-0.450591 -0.087217 -3.518290
-0.496227 -0.165276 7.626295
-0.442803 -0.102917 -3.295564
-0.432243 -0.044658 -1.730862
-0.429642 0.390305 -2.952454
-0.439805 0.254669 -4.347998
-0.439377 -0.013333 -2.782660
-0.473029 0.015510 -5.053902
-0.478667 -0.094769 -2.466839
-0.333817 0.277867 -2.873121
0.188645 -0.283067 -5.452969
-0.211114 -0.267817 -0.556103
-0.010931 0.013999 6.125542
-0.390394 -0.279212 -5.252523
0.035891 -0.223192 -6.181261
-0.341377 0.386056 -4.286878
-0.367677 -0.149476 -1.765752
0.075970 -0.057701 3.525238
-0.343392 -0.106816 -1.141909
0.126532 -0.272210 -2.974979
-0.102965 -0.355347 4.019733
-0.494117 0.402841 -3.312135
-0.179181 0.384444 -5.355930
-0.353058 0.311075 -0.897987
0.176011 0.162550 0.476498
-0.479882 -0.182221 -5.880573
-0.426533 -0.150038 -1.946128
-0.246695 0.400463 -5.956054
-0.391335 -0.113149 -6.043759
-0.034078 0.081095 6.020941
-0.490624 -0.291409 -4.379468
-0.449390 -0.064652 -5.099026
-0.289300 0.026395 4.154617
-0.184470 -0.181891 1.981329
-0.224156 0.382189 6.187139
-0.404929 -0.250389 -5.580124
-0.493516 0.354591 -4.769367
-0.182266 -0.083456 2.145524
-0.479504 0.338216 -2.326853
0.027308 -0.074258 -3.056014
-0.468394 0.387063 -1.323165
-0.469868 0.389418 -5.375073
-0.416504 -0.008949 -3.718627
-0.441516 -0.397274 -4.887954
-0.079689 -0.446541 0.625677
-0.377066 -0.317745 -3.149393
-0.338317 0.237584 -5.632394
-0.032737 -0.127275 1.737092
-0.365510 -0.065294 -5.839467
-0.447689 0.279560 -1.295062
-0.361001 -0.226529 -3.476351
-0.424982 -0.466164 -4.082475
-0.481841 -0.237132 -1.957845
-0.341162 -0.384897 -5.945795
-0.353113 -0.427631 -3.011639
-0.418726 -0.203454 -3.973659
-0.373313 0.101935 -3.010328
0.486387 -0.366850 -2.892443
-0.418168 0.484284 -3.156575
-0.416076 -0.305750 -4.076827
-0.420319 0.210448 -3.580286
-0.080199 -0.451153 5.924946
-0.336474 -0.001796 -5.841049
-0.468032 0.135394 -3.974103
-0.323143 0.197445 -0.019504
0.367994 0.124165 -2.803476
-0.486950 -0.084281 -5.563882
-0.428109 0.125093 6.267845
-0.425336 0.231567 -4.437543
-0.444894 -0.197988 -4.546215
-0.398746 -0.078544 5.895326
-0.486777 -0.090553 -3.187107
-0.384050 0.189736 -2.938503
-0.427746 -0.338180 5.483621
-0.499472 -0.115823 -2.851642
-0.293418 -0.148292 -2.658440
-0.173734 -0.119581 3.851440
-0.442306 0.367145 -4.153065
-0.459992 0.170904 4.993595
-0.493487 -0.458971 -2.779817
-0.434496 0.200630 5.300164
-0.446469 -0.132998 -1.316316
-0.470269 0.303092 -3.320739
-0.479330 0.263029 -5.033573
-0.446420 0.085120 -1.975433
-0.431560 0.293389 -3.571251
-0.377335 -0.379609 -2.970334
-0.458926 0.205653 -5.539850
0.056594 -0.325295 -5.407369
-0.419812 -0.106898 -3.372527
-0.492475 0.316373 7.734023
-0.405406 -0.275290 -3.862789
-0.322421 0.425916 -1.597968
-0.493927 0.260547 4.514935
-0.499130 0.342417 -4.541469
-0.464742 0.432902 -1.911538
-0.397559 0.055708 -2.951872
-0.474562 -0.022314 -3.513438
-0.292328 0.274375 -3.434593
-0.449809 0.156863 -3.368004
0.231473 -0.098015 3.590223
-0.419441 0.330355 -5.086780
-0.414377 -0.444717 -2.881220
