-0.372087 0.247440 5.464477
-0.287056 0.210171 -1.132500
-0.343181 -0.370176 5.829673
-0.377039 -0.024274 5.202861
-0.402779 0.174506 -6.268981
-0.404069 -0.091214 3.989695
-0.413719 -0.067516 6.070336
-0.427713 0.363833 -5.036797
-0.424954 0.078656 -5.800650
-0.429885 -0.328766 1.974268
-0.472996 0.485161 3.688993
-0.339521 0.125362 -2.657932
-0.490244 0.334617 -2.351720
-0.262345 0.488340 12.052943
-0.099328 -0.444119 3.695182
-0.486074 0.365084 5.731874
-0.098173 -0.348913 4.565605
-0.329464 0.374844 -4.619670
-0.491332 -0.456048 1.723832
-0.369199 -0.466220 -5.797332
-0.388304 0.088663 5.790432
-0.454394 -0.265087 4.428554
-0.351667 -0.499220 6.207945
-0.334045 0.243959 6.226905
-0.423025 0.028730 -1.763540
-0.334598 -0.093585 3.525628
-0.091421 -0.499589 1.292063
-0.254888 0.024363 5.952719
-0.385124 -0.415287 -4.227189
-0.396127 -0.455703 3.042318
-0.471890 0.236342 -6.270579
-0.326961 0.182549 -5.196551
-0.417950 -0.407320 -5.769857
-0.340952 0.250243 3.257839
-0.292751 -0.436982 3.164607
-0.084569 -0.362035 1.103790
-0.423452 -0.464013 3.165622
-0.480493 -0.309334 6.025127
-0.395318 0.333019 -6.110923
-0.397707 -0.211359 3.961299
-0.086453 0.165025 -4.496235
-0.480573 0.283793 4.182305
-0.473548 0.074418 5.080778
-0.463381 -0.383104 -5.566465
-0.307919 0.173843 -5.703385
-0.464191 -0.107327 4.199447
-0.445076 -0.249820 2.844195
-0.475191 -0.447331 4.863156
-0.425018 -0.443238 6.101996
-0.464261 -0.106873 -6.196905
-0.271587 0.382769 3.790234
-0.394273 0.271482 3.631259
-0.468124 -0.416910 5.641711
-0.382254 0.186221 3.329605
-0.496016 0.298994 3.183469
-0.351250 0.373137 5.639109
-0.322378 -0.462901 3.841206
-0.489153 -0.354165 -1.560064
-0.457094 -0.392205 -5.122362
-0.358173 0.304397 -3.904467
-0.312393 -0.112214 2.231013
-0.106889 -0.117823 -1.387470
-0.184237 0.335459 4.848234
-0.486523 -0.197674 3.437307
-0.443980 0.299537 -5.916464
-0.398740 0.269953 -5.620385
-0.363792 0.313972 -6.129661
-0.413030 -0.417480 3.635875
-0.495441 0.089996 -1.725781
-0.249559 -0.261613 3.861796
-0.491801 -0.295755 -5.310458
-0.486435 -0.142825 7.566372
-0.336917 0.080006 -3.973985
-0.358472 -0.396894 -6.189424
-0.317737 0.004877 -5.580516
0.411368 0.418995 0.725431
-0.441665 0.113712 5.318261
-0.437055 -0.325171 6.250132
-0.437590 0.014057 4.592531
-0.421803 -0.435250 -5.318922
-0.416056 -0.307655 2.242616
-0.391426 -0.158176 3.466259
-0.147101 0.036143 -1.321008
-0.443784 -0.191235 2.751867
-0.425081 -0.105633 1.847923
-0.366648 0.390831 -0.293170
-0.367063 0.100564 6.111797
-0.272985 -0.074129 -3.747842
-0.353292 0.158783 4.068305
-0.430156 0.167836 -5.023899
-0.361414 -0.434748 5.375754
-0.489357 0.160529 5.934210
-0.363132 -0.290008 2.895771
-0.474583 0.474483 -6.006770
-0.397725 -0.099415 5.296752
-0.395508 0.130936 -5.182511
-0.384041 -0.497017 0.894583
-0.406435 -0.194806 1.972947
-0.442874 -0.451448 5.935448
0.215192 0.481204 0.632198
-0.180680 -0.188048 -5.889298
-0.427122 0.356889 -5.867311
0.423415 -0.483428 -3.615507
-0.467194 0.279058 4.443207
-0.173553 -0.069800 -3.435048
-0.475489 0.499746 12.080880
-0.354178 -0.383398 3.347874
-0.175751 0.461783 1.617830
-0.150528 0.058708 -4.898860
-0.110524 -0.112048 -2.223459
-0.329406 0.023201 -2.064308
-0.296070 -0.420854 4.451639
-0.373152 0.028352 -5.458469
-0.300354 -0.154103 -5.934922
-0.466039 0.041921 -4.287175
-0.479533 -0.192050 -5.279094
-0.363924 -0.242468 3.818001
-0.496742 -0.314735 7.577162
-0.333735 0.129534 -4.292376
-0.434795 -0.456310 -4.286011
-0.432891 -0.358344 3.731163
-0.447527 0.236912 5.436202
-0.319316 0.175108 -4.861209
-0.314683 0.131661 -2.565628
-0.494186 0.112969 -3.276219
-0.231910 0.326644 5.314675
-0.480573 -0.173933 -0.152256
-0.388437 -0.427113 -5.540864
-0.403178 -0.045313 1.375910
-0.426123 -0.462085 5.320860
-0.428978 -0.029479 -2.512517
-0.287416 0.110678 -3.384110
-0.475782 -0.260948 5.865454
-0.399722 0.050648 -0.823711
-0.349733 0.274647 4.934701
-0.385511 0.150249 3.500213
-0.389200 -0.499868 5.708271
0.050509 -0.374192 -0.731366
-0.410388 -0.091885 4.302838
-0.471068 -0.308328 5.245862
-0.378629 0.053811 -2.028198
0.311784 0.137369 -5.167297
-0.494129 -0.285031 4.066757
-0.318936 0.375284 -0.960746
-0.422313 -0.262149 5.669058
0.349489 -0.451738 -5.343047
-0.477522 -0.125820 3.704189
-0.445450 0.391457 -1.979780
-0.300409 -0.164032 4.373331
-0.312513 0.106937 6.155267
-0.170073 -0.154819 -2.521871
-0.435492 -0.254335 2.225506
-0.428610 -0.439597 5.809209
-0.455181 -0.489327 11.035547
-0.231746 0.296084 -3.387341
-0.432636 0.012467 -5.396147
-0.467779 0.317831 6.140470
-0.402550 0.348470 -4.770929
-0.429838 0.382661 -2.560949
-0.256483 0.469483 -3.375332
-0.472070 -0.323393 1.733355
-0.338605 -0.112926 3.210139
-0.378631 -0.443711 5.462126
0.119561 -0.335436 -2.573087
-0.460116 -0.050724 1.779921
-0.450523 -0.383068 5.262824
-0.167809 -0.450949 -4.401619
-0.468511 0.327829 3.186887
-0.444166 0.082241 -6.023804
-0.180409 0.434354 2.700915
-0.458975 0.350377 -5.855830
-0.402438 -0.468072 -4.840762
0.382164 0.240884 3.466719
-0.405882 -0.377821 6.132452
-0.418071 0.131067 2.006931
-0.373791 0.143335 -5.383459
-0.315019 0.120929 -5.978845
-0.403618 -0.281094 5.528514
-0.372142 -0.166657 4.440668
-0.408490 -0.265368 2.887003
0.075324 -0.031551 -4.446498
-0.218150 0.144244 -5.951422
-0.457770 -0.454128 4.178850
0.380627 -0.358911 -5.635227
-0.384082 -0.216099 2.966522
-0.416641 0.294020 -6.101682
0.025737 0.493936 3.399775
-0.312670 0.086720 4.516891
-0.295349 0.268778 -1.327571
-0.330170 -0.453297 5.107608
-0.274466 -0.237971 5.093575
-0.239589 0.311204 -6.260714
0.006405 -0.402758 -1.193879
-0.139929 -0.256263 3.844603
-0.465172 0.264303 -5.200420
-0.299367 -0.393124 6.115644
-0.457864 0.401503 6.160122
-0.453391 -0.349708 -5.446357
-0.298820 0.326502 -5.659897
-0.481150 -0.335406 -1.165067
-0.407494 0.037812 -4.133786
-0.317761 -0.253793 3.392540
0.048072 -0.103180 -4.897298
-0.369969 0.240937 4.550440
-0.334029 -0.009592 -5.636846
-0.445366 -0.141856 5.453615
-0.410817 -0.404257 -5.264652
-0.486459 -0.264275 -1.160085
-0.314554 0.425758 -5.552059
-0.427830 -0.198132 4.424088
-0.290344 -0.099527 -3.728854
-0.275040 0.023738 -4.749875
-0.020176 0.368160 -1.268910
-0.476029 -0.202654 5.886169
-0.497638 0.258406 7.699883
-0.439271 0.469903 5.919874
-0.466044 -0.302812 4.617192
-0.397265 0.138126 -4.725791
-0.465725 0.205959 -2.803346
-0.232946 -0.275382 4.641495
-0.485332 0.203989 -4.707549
-0.318791 -0.447964 4.466027
-0.494142 -0.180757 1.205837
-0.136566 0.184389 -5.959239
-0.413441 -0.424990 -5.917111
-0.412341 -0.470701 4.804322
-0.334159 -0.268189 6.086005
-0.477283 0.148017 1.798893
-0.335653 -0.042148 2.338002
-0.234806 0.435222 4.716107
-0.486341 -0.374423 -6.275782
-0.383346 -0.401430 5.072907
0.280471 -0.074211 -1.554475
-0.223864 0.233335 -4.201855
-0.251427 0.291888 -4.080560
-0.416547 -0.281784 -5.973519
0.177672 -0.498338 -0.556555
-0.432954 -0.190624 2.216340
-0.339360 0.323377 -3.575442
-0.420770 0.185271 4.769454
-0.355106 -0.429359 5.877313
-0.268152 0.286529 -2.826575
-0.252188 0.370516 3.812244
-0.364672 0.420927 -5.720757
-0.447053 -0.482631 12.510454
-0.397609 0.146061 -6.057948
-0.472110 -0.047483 -4.716130
-0.371979 -0.473239 -5.870618
0.444265 0.005395 5.823118
-0.452419 -0.227567 2.532446
-0.310188 -0.394712 5.079508
-0.496718 0.028264 -2.701156
-0.398691 -0.307474 4.201321
-0.463535 0.306686 -4.354189
-0.162140 0.023268 -4.903098
-0.319131 -0.194858 3.403202
-0.297489 0.296975 -4.001141
-0.498875 -0.296961 2.659473
-0.252253 -0.256991 -5.946975
-0.445732 -0.071741 5.296472
-0.364693 0.491278 -5.460548
-0.193073 0.312505 -5.263075
-0.062704 -0.262802 -3.359954
-0.417825 0.028890 -2.473831
-0.243806 0.336957 -3.670115
-0.496737 0.478876 -5.106930
-0.434575 -0.177493 4.048953
-0.449266 0.208891 -4.299855
-0.484128 0.395034 5.928894
-0.481630 0.419297 -5.719716
-0.357138 0.070072 -5.269429
-0.448486 -0.381790 3.969631
-0.372203 0.257421 5.402278
-0.369933 0.125272 -4.768672
-0.478128 -0.405906 -4.974121
-0.351592 -0.277811 0.482354
-0.481345 -0.475235 -2.399740
-0.081928 0.452890 -6.248622
0.250634 0.090377 -0.517522
-0.365803 -0.379042 3.997816
-0.478377 0.442749 -5.853146
-0.300358 0.255767 5.921951
-0.435201 0.066880 -3.680976
-0.423963 -0.492141 -5.866510
-0.427322 -0.414134 3.980610
-0.487332 0.211007 -5.583810
0.033188 -0.293189 -3.625372
-0.213624 0.017204 -2.633191
-0.420944 0.108910 4.882405
-0.182619 -0.062348 -3.760222
-0.137363 0.356612 -3.350808
-0.319103 0.348381 -2.019922
-0.128823 0.084458 -1.849478
0.110807 0.300982 2.732068
-0.284222 0.156436 -2.011404
-0.490760 0.004467 7.088915
-0.385916 0.286303 -5.104441
-0.455417 0.023534 -3.422419
-0.419050 -0.214325 4.988703
-0.107968 0.363844 -4.793513
-0.492243 -0.367333 4.339118
-0.449871 0.109313 -5.423270
-0.322586 0.318441 -6.165522
-0.351613 0.220808 -2.425715
-0.085883 0.068761 -1.174074
-0.421403 -0.433366 3.602542
-0.257883 0.472993 7.998082
-0.418920 -0.412215 -5.345787
-0.447321 -0.268151 4.033838
0.391220 0.034988 4.515671
-0.425310 0.388435 -4.388620
-0.432060 -0.325509 -3.670995
-0.187163 0.166070 -3.123016
-0.401753 -0.114212 2.488618
0.042418 -0.050554 -4.112997
-0.341035 0.094737 5.909486
-0.301834 -0.335433 0.374713
-0.412534 -0.114397 3.738249
-0.459395 -0.064302 5.597691
-0.415128 0.419196 -5.876495
-0.472300 0.016878 -3.596941
0.224402 0.055943 -2.923465
-0.442794 -0.336232 5.061725
-0.466281 -0.405802 -5.091890
-0.498278 -0.187440 8.760198
-0.462329 -0.282478 -5.702366
-0.221874 0.281094 -0.224029
-0.379465 -0.229144 3.725299
-0.428873 0.027347 -4.869028
-0.440835 -0.012320 -3.742437
-0.407057 -0.410729 2.506042
-0.400605 0.486144 6.269859
-0.372311 -0.293196 0.338441
-0.370127 0.456047 5.674405
-0.399377 -0.212443 1.632173
-0.309538 0.471161 8.939767
0.478033 0.498534 1.023102
-0.184207 0.489170 4.382992
-0.481916 0.328294 -5.618292
-0.486621 0.066262 -6.263184
-0.297826 -0.424082 5.197717
-0.484139 -0.435735 2.746946
-0.476200 -0.383788 -6.220569
-0.450546 0.461409 5.150831
0.279062 0.045960 3.229095
-0.441335 -0.256165 5.166356
-0.197944 0.192824 -3.686835
-0.416296 -0.277265 5.899542
-0.497785 -0.419522 9.355068
-0.277709 -0.323336 5.459105
0.212774 -0.477456 -0.798654
-0.480094 -0.488998 7.195653
-0.382663 -0.053824 2.710176
-0.388642 0.209815 5.860033
-0.499679 -0.342405 -2.021843
-0.464293 0.220521 -2.952598
-0.345304 0.219576 5.580049
-0.253550 0.148018 -2.322320
-0.433520 -0.187770 3.134953
-0.339712 -0.485737 4.145291
-0.363994 0.111797 5.303961
-0.012845 0.494443 2.857359
0.066082 0.465366 -4.855926
0.100538 0.232972 2.576714
-0.247764 0.057698 -5.363899
-0.412557 -0.132607 3.147630
-0.265563 -0.095962 -5.604181
-0.073414 -0.362401 1.963911
-0.413768 -0.389459 4.909949
-0.408453 -0.281971 2.850459
-0.479235 -0.238372 -0.057344
-0.474633 0.161313 -5.674086
-0.477604 -0.226743 5.154914
-0.256659 -0.335877 3.804226
-0.437663 0.335021 -3.336258
-0.461574 -0.375159 -4.787751
-0.378312 -0.057947 5.027333
-0.431438 -0.087412 4.974005
-0.485046 -0.159296 3.698574
-0.352811 0.319112 4.000163
-0.198377 0.434436 5.613420
-0.195150 0.375836 -4.107806
-0.426351 0.461464 5.430516
-0.394559 -0.383218 5.343993
-0.483864 0.154014 5.831193
-0.010612 -0.296987 -5.252439
-0.446182 -0.324362 5.089683
-0.440162 0.306848 -4.714414
-0.489966 -0.359517 -2.404176
-0.333938 0.406478 4.818564
-0.465382 0.405107 5.312808
-0.444960 -0.158064 4.266458
-0.448316 0.354991 -5.213529
-0.455599 0.387497 3.412947
-0.481993 0.213225 -3.116326
-0.168809 0.426286 4.599087
-0.308156 0.106531 -4.766834
0.257527 -0.092086 -0.340928
-0.269333 0.389096 6.093571
-0.435374 -0.415096 -5.731346
