-0.093945 0.280377 1.423909
-0.052055 0.286793 1.500321
0.141884 0.217012 1.742440
0.457646 0.123520 1.575107
0.039264 0.281441 1.712008
-0.089285 0.392974 1.373235
0.014725 0.299981 1.971449
0.480107 0.123674 1.732065
0.003183 0.246403 1.681034
0.483978 0.224421 1.734375
0.088005 0.311828 1.479885
-0.028447 0.283359 1.737812
0.066348 0.226590 1.729263
0.494408 0.147634 1.669807
-0.088538 0.005120 2.131297
0.186650 0.235836 1.618386
0.063218 0.317800 1.502474
-0.090460 0.395243 1.574035
-0.057612 0.310129 1.440792
0.127922 0.219815 1.774961
0.471033 0.171450 2.019127
0.490580 0.173464 1.806108
0.135010 0.228335 1.815359
0.109610 0.278268 1.856706
-0.132534 0.327285 1.667360
0.045625 0.207293 1.697861
0.100535 0.251595 1.799653
0.010056 0.101965 1.478030
-0.371039 0.100776 1.580670
0.052772 0.209907 1.434668
0.112667 0.248822 1.694326
-0.341603 0.093900 1.728434
0.053080 0.322905 1.627577
0.088436 0.300233 1.530006
-0.193150 0.457154 1.882336
0.143660 0.307476 1.457016
0.436497 0.260408 1.679461
-0.401297 -0.204385 1.799306
0.042923 0.261216 1.727311
0.035018 0.244239 1.530024
-0.006065 0.318809 1.735071
0.056212 0.243856 1.632286
-0.086121 0.270575 1.521470
-0.105587 0.000557 1.937318
0.086708 0.302262 1.753015
0.138560 0.218943 1.785276
0.469508 0.190645 1.646279
0.034802 0.262305 1.870783
0.066531 0.296631 1.738007
-0.045254 0.284346 1.489900
0.097337 0.286430 1.818316
-0.402046 -0.158064 1.764418
-0.405505 -0.158997 1.732729
0.052712 0.256578 1.566089
-0.109397 0.407253 1.663978
-0.064743 0.279068 1.458586
0.130707 0.227080 1.800070
-0.094678 -0.043987 1.706379
0.066817 0.261754 1.707612
0.418935 0.239806 1.695380
0.007254 0.330140 1.367282
0.018909 0.359211 1.565525
0.022131 0.452971 1.461937
0.076794 0.242892 1.801038
-0.470527 0.187640 1.929214
-0.133299 -0.097014 1.710102
-0.096709 0.297149 1.533485
0.491558 0.163923 1.597181
0.012074 -0.492544 1.805754
0.129131 0.294195 1.713930
0.050224 0.260775 1.444793
-0.405577 -0.214277 1.924891
0.074735 0.240701 1.779767
0.049030 0.312460 1.478388
-0.084452 -0.016044 1.590205
-0.009683 0.234196 1.453531
-0.154234 0.344631 1.527213
0.012747 0.360197 1.686269
-0.019632 0.202809 1.570712
0.034264 0.315124 1.634663
0.032056 0.196876 1.609923
0.175922 0.213235 1.594239
0.013462 0.305966 1.847986
0.033093 0.290192 1.647124
-0.327022 0.132403 1.952789
0.456043 0.249908 1.802465
0.106603 0.288544 1.590157
0.016293 0.308070 1.730114
-0.100462 0.319199 1.315592
0.467764 0.207005 1.738125
-0.028664 -0.485269 2.050713
-0.121641 0.375165 2.029667
0.001201 0.244782 1.759129
-0.049575 0.315511 1.560608
0.009734 0.179274 1.563005
0.040959 0.304154 1.746873
0.040154 0.290209 1.677818
-0.411375 -0.200468 1.880873
0.008588 0.474176 1.654461
0.004874 0.272307 1.623772
-0.189666 0.472252 1.968748
-0.464566 -0.107602 1.646240
0.066344 0.249220 1.433568
0.020424 0.317927 1.534748
0.043521 0.271112 1.441890
0.091986 0.202730 1.553536
0.063962 0.272820 1.827558
-0.118690 0.312792 1.617934
0.077945 0.221326 1.885348
-0.113063 0.396172 1.400862
0.059003 0.239546 1.604031
0.005321 -0.358625 1.372596
0.067719 0.250548 1.545260
-0.008949 0.162630 1.651721
-0.360327 0.112770 1.857288
-0.168475 0.398450 1.669283
-0.498723 0.191403 1.919880
0.018508 0.359626 1.529674
-0.106117 0.341314 1.414565
0.071183 0.314099 1.594687
0.084472 0.209326 1.653279
-0.116487 0.409806 1.517008
-0.470465 0.152119 1.764617
-0.219279 0.345212 1.266632
0.057284 0.257312 1.825079
-0.011697 -0.482845 1.734211
-0.402174 0.092148 1.523888
-0.135139 0.379321 1.524083
0.030714 0.277714 1.720578
0.052344 0.214874 1.654309
0.119299 0.245686 1.752881
-0.447959 -0.118613 1.589853
-0.441135 -0.105658 1.863118
-0.126918 -0.057900 1.577084
0.435718 0.206908 2.051010
-0.441810 0.151903 2.202348
-0.492449 -0.039930 2.004512
0.455245 0.202061 1.505298
0.011953 0.480442 1.480031
0.145296 0.230573 1.676496
-0.059496 0.497956 1.878030
-0.413488 -0.188338 1.880060
-0.192138 0.346454 1.563288
-0.005126 0.201134 1.656413
-0.457535 -0.145857 1.694154
0.103178 0.231398 1.476235
-0.324436 -0.328889 1.821216
0.181095 0.229218 1.366317
0.123125 0.240486 1.869080
0.060255 0.316737 1.543051
-0.021947 0.492344 1.507539
-0.057569 0.317791 1.499891
0.478838 0.199811 1.703957
0.010668 0.330210 1.681560
0.417151 0.183220 1.821628
0.049025 0.207330 1.583722
0.039326 0.316009 1.505997
0.107002 0.266795 1.990854
-0.118831 0.376566 1.608037
-0.404955 0.163263 1.934122
-0.010260 0.295272 1.455779
0.489213 0.200047 1.912848
0.000399 0.294409 1.679293
-0.460705 -0.151933 1.596102
0.001789 0.182978 1.693436
0.093761 0.245129 1.675346
0.039234 0.212003 1.481697
-0.424171 -0.153005 1.575855
-0.006644 0.289576 1.907119
-0.005541 0.183391 1.746807
0.123343 0.221128 1.676503
0.082403 0.246399 1.416634
0.070893 0.282113 1.722454
-0.433624 -0.153217 1.860795
0.066524 0.368392 1.436297
-0.414923 -0.173544 1.645707
0.036222 0.237262 1.840733
0.059999 0.215291 1.734754
0.045785 0.157770 1.590670
0.096075 0.292866 1.616018
0.058283 0.288133 1.624323
-0.087575 -0.495446 1.866218
-0.455464 -0.138061 1.700787
0.433420 0.196155 2.024706
0.039518 0.336284 1.656049
-0.001171 0.296105 1.642596
0.447405 0.236387 2.088435
-0.029531 0.418443 1.765208
-0.116155 0.356677 1.656724
0.088695 0.206911 1.648433
-0.418560 0.141200 1.670755
-0.022181 0.358152 1.523047
0.430744 0.173096 1.829242
0.441919 0.206694 1.716472
-0.427339 -0.154412 1.953779
0.081248 0.264872 1.925277
-0.184866 0.367171 1.481205
0.025931 0.241848 1.622516
-0.469141 -0.111231 1.946104
0.069083 0.277838 1.671083
0.141632 0.242187 1.676521
0.012638 -0.325916 1.666264
0.138510 0.240085 1.613455
0.118710 0.224163 1.759090
-0.148910 0.340716 1.657996
0.021133 0.289539 1.731615
0.158803 0.239023 1.859865
0.016905 0.190296 1.775882
0.072865 0.276035 2.006762
-0.003381 0.310354 1.759961
0.006085 0.280068 1.656016
-0.070452 0.308757 1.861366
-0.142305 0.372279 1.535624
-0.103397 0.352626 1.595935
0.103827 0.234221 1.570539
0.098106 0.256431 1.505773
0.464754 0.239711 1.845913
0.044079 0.296054 1.777022
0.484498 -0.061721 1.632941
0.063582 0.249693 1.742548
-0.016882 0.335684 1.850597
0.021434 0.334590 1.540676
0.144291 0.211234 1.736575
0.149642 0.227423 1.814163
-0.075018 0.324018 1.680139
0.488912 0.184642 1.361293
0.151463 0.242979 1.736554
-0.026657 0.214870 1.461881
-0.153733 0.358718 1.547027
0.118947 0.252517 1.596185
-0.135743 0.386049 1.308552
-0.007274 0.223138 1.582630
0.065129 0.277892 1.756951
-0.355422 0.006537 1.561451
0.437073 0.168670 1.511187
0.089049 0.245149 1.458881
0.018992 0.257945 1.852565
0.030563 0.348745 1.557096
0.000262 0.204869 1.575640
0.051256 0.178410 1.580090
-0.038964 0.277439 1.599034
0.024867 0.223841 1.663308
0.117922 0.257050 1.861948
0.074334 0.233689 1.736761
0.111732 0.248231 1.449025
0.001254 0.211787 1.588573
0.101014 0.299879 1.731365
0.126509 0.274647 1.787154
-0.135249 0.392517 1.788947
-0.446728 -0.127932 1.710556
0.057726 0.243645 1.460116
-0.369321 -0.171650 1.940404
0.095017 0.275789 1.774323
0.052577 0.357924 1.440117
0.055567 0.277136 1.562056
0.076286 0.216420 1.519735
-0.001091 0.289446 1.486838
0.096416 0.203967 1.765410
-0.009372 0.187647 1.511639
-0.148864 0.377845 1.381852
-0.409474 -0.165247 2.085978
0.016135 0.124686 1.427770
-0.031520 0.327339 1.767849
0.039925 0.227981 1.623685
-0.051514 0.281469 1.476517
-0.491996 0.213083 1.787335
0.041488 0.481403 1.592794
-0.455211 0.185217 1.644611
-0.001286 0.209056 1.469401
-0.213665 0.301725 1.312870
-0.428452 -0.187386 1.926873
-0.414211 -0.157306 1.747437
-0.470362 0.186393 1.724336
0.087818 0.323228 1.870427
-0.072718 -0.053222 1.736878
0.083326 0.288859 1.576638
-0.454834 -0.105676 2.051418
0.458432 0.141607 1.647985
0.055966 0.228482 1.694471
-0.087492 0.301775 1.466054
0.317969 0.108354 1.465812
-0.140801 0.356662 1.452591
0.489802 0.201325 1.915450
-0.199716 0.358734 1.421640
-0.426094 -0.191049 2.006258
0.483530 0.236403 1.868848
0.007746 0.317659 1.575625
-0.093435 0.333637 1.498374
-0.022527 0.316599 1.611407
0.348869 0.084866 1.380163
0.082700 0.226549 1.644733
-0.120296 0.347009 1.527470
0.203625 0.227369 1.654937
0.066153 0.274417 1.717983
-0.018529 0.262311 1.726826
0.019898 0.312995 1.609728
-0.399174 -0.180112 1.665624
-0.000846 0.328088 1.837183
-0.114552 0.315964 1.618576
-0.125012 0.378281 1.614962
0.494852 0.154081 1.747130
-0.089360 0.004433 2.070783
0.053227 0.241814 1.696928
0.053104 0.219805 1.388566
0.019935 0.219124 1.494412
0.009947 0.162802 1.554851
-0.175798 0.340319 1.280497
0.036760 0.178746 1.604240
-0.079557 0.297518 1.520063
-0.229416 0.353382 1.341664
0.039680 0.253797 1.505653
0.072103 0.266824 1.716819
0.057063 0.276100 1.713676
-0.482673 0.123702 1.626056
0.097881 0.231651 1.573724
-0.474382 0.141224 1.914480
-0.126288 0.369964 1.707782
-0.046600 0.372116 1.752985
0.442914 0.196722 1.928164
-0.456949 -0.129453 1.738636
-0.090331 0.340732 1.597936
0.062305 0.284818 1.611042
-0.420570 -0.153994 1.712760
-0.425203 -0.138165 1.762693
-0.461318 -0.072491 1.934470
0.141721 0.228910 1.646811
0.068472 0.292583 1.642686
-0.005431 0.343679 1.575231
0.104959 0.267795 1.803891
-0.402040 -0.151136 1.857167
0.081366 0.332221 1.402052
-0.404826 -0.192922 1.757158
0.130753 0.278915 1.524109
0.217682 0.175122 1.604753
0.105086 0.324133 1.512461
-0.103519 0.310053 1.686851
0.140195 0.273149 1.702628
-0.390003 -0.165325 1.858225
-0.481648 0.186274 1.736872
-0.016019 0.103492 1.313303
-0.003884 0.166208 1.513782
0.071060 0.231904 1.626383
0.070469 0.222753 1.631947
-0.076577 0.287195 1.560629
-0.034917 -0.330679 1.518989
0.490093 0.246185 1.649918
0.071756 0.300141 1.553612
-0.111341 -0.028895 1.482065
0.009262 0.321900 1.732568
-0.046938 0.300043 1.648882
0.160408 0.237390 1.765720
0.062896 0.254420 1.700165
0.090310 0.296694 1.484915
-0.474997 -0.047350 2.047686
-0.426581 -0.117264 1.832966
-0.073185 0.378951 1.592689
0.015835 0.217028 1.605542
-0.444789 0.143201 1.716934
0.022198 0.189367 1.621111
0.019695 0.161949 1.633176
-0.008368 0.323282 1.573533
0.204195 0.204389 1.640408
0.119678 0.218537 1.803813
0.003832 0.279618 1.603219
-0.005728 0.192517 1.582271
-0.405579 -0.113663 1.620145
-0.107332 0.371753 1.560103
-0.429672 -0.093160 1.984209
-0.413609 -0.144081 1.952025
-0.234139 0.335483 1.474911
-0.007978 0.189258 1.825281
0.014904 0.306177 1.733841
-0.054813 0.294558 1.503374
0.090409 0.284667 1.571953
-0.010576 0.152058 1.808876
0.008201 0.327124 1.656741
0.445275 0.231744 1.656950
-0.063156 0.283357 1.446589
0.495820 -0.044691 1.921623
0.010120 0.315030 1.518843
-0.381852 -0.162319 2.014385
0.422287 0.217423 1.830913
-0.120654 0.338194 1.280222
0.366491 0.100687 1.526491
0.071048 0.333334 1.672265
0.100472 0.275247 1.838618
-0.007754 0.421099 1.780018
-0.051890 0.415486 1.715567
0.424852 0.195340 1.715296
0.037447 0.303341 1.440829
-0.453800 -0.069419 1.859460
0.012782 0.457967 1.522627
0.117052 0.206465 1.683166
0.104299 0.299634 1.449197
0.013636 0.292080 1.708779
-0.451630 -0.156644 1.825283
0.051769 0.287476 1.719833
-0.487899 0.198215 1.854761
0.048920 0.248510 1.731147
-0.017565 0.313694 1.694809
