0.029984 0.003738 2.050944
0.295935 0.030910 1.816301
-0.251935 -0.039261 1.685348
0.331926 0.491098 1.701787
-0.330609 0.016406 1.759198
0.174955 0.104386 1.802644
-0.050027 -0.001403 1.648710
0.369402 -0.499832 1.725337
0.250085 0.004807 1.564824
-0.002361 -0.195863 1.330700
-0.242948 0.047373 1.554211
0.110679 0.035179 1.604266
-0.195372 -0.014506 1.415811
0.214037 -0.340561 1.546174
0.340814 -0.472769 1.531088
-0.191809 -0.031944 1.530486
0.463024 0.070283 1.531963
0.152063 0.083557 1.501357
0.272686 0.081977 1.618157
-0.127043 -0.029580 1.723602
0.173728 -0.429334 1.724941
-0.054181 -0.037559 1.597549
-0.254996 -0.010355 1.633717
-0.232841 0.022849 1.581063
0.245201 0.086565 1.362654
-0.047319 -0.085210 1.341767
-0.166462 0.000590 1.530205
0.284841 -0.389052 1.739263
0.163002 -0.376869 1.463800
-0.183863 -0.041449 1.594649
0.251774 -0.037516 1.513131
0.183188 -0.402345 1.704461
-0.255542 0.067307 1.402918
0.456222 0.072155 1.757657
-0.105284 -0.041379 1.811948
-0.223828 0.059882 1.540746
-0.323908 -0.064044 1.637172
-0.232581 0.021913 1.500573
-0.178011 0.019430 1.221487
0.216535 -0.022517 1.577501
-0.468179 0.093378 1.793951
0.175402 -0.022140 1.416729
0.048285 0.021740 1.728673
0.348657 -0.470023 1.607330
-0.230349 0.055679 1.604881
-0.183735 -0.119095 1.650844
0.282345 -0.393262 1.763875
-0.156919 0.003948 1.760258
-0.259877 0.045838 1.813639
-0.103431 0.025633 1.538314
-0.171072 0.036676 1.686439
0.369593 0.423847 2.209528
0.236430 -0.438681 1.772556
-0.265586 0.000499 1.689360
0.178920 0.116508 1.825166
0.471713 0.038993 1.453598
-0.304200 -0.032426 1.556421
0.199697 -0.394062 1.672605
0.206604 0.007299 1.698177
-0.046129 -0.137462 1.491942
0.281235 0.092164 1.631526
0.263240 0.118745 1.333006
0.227059 -0.326909 1.765427
-0.038876 -0.073573 1.624223
0.428576 -0.214734 0.749210
0.276682 0.157685 1.814398
0.069502 0.046636 1.878032
0.208988 -0.287738 1.363826
-0.168533 -0.020566 1.505515
-0.147528 -0.009963 1.335863
0.268771 0.012473 1.448605
-0.121537 0.017042 1.394590
0.273770 -0.030444 1.419020
0.295242 0.070080 1.341070
0.165090 -0.409423 1.562269
0.378209 -0.294140 1.349349
0.271447 0.109645 1.681895
0.223751 0.116022 1.713307
0.016291 -0.080401 1.484769
-0.244605 0.050920 1.918382
-0.020700 -0.102735 1.517820
-0.121736 -0.048809 1.295474
0.271819 0.072713 1.812017
0.224749 0.040972 1.587818
0.224567 -0.357555 1.751315
-0.145220 -0.077475 1.348929
-0.121576 0.016879 1.600067
-0.080060 0.004516 1.758816
0.406920 0.092227 1.720050
0.456005 -0.201054 0.949696
-0.169290 -0.035875 1.656924
0.317296 0.139830 1.518144
-0.058159 -0.122612 1.403290
0.203899 0.076710 1.594983
-0.014242 -0.132308 1.402923
-0.136605 0.033191 1.491846
-0.271555 0.042527 1.574367
-0.124303 0.025420 1.436737
-0.341107 0.004866 2.040520
0.437642 0.042489 1.818202
-0.100982 -0.071532 1.887980
0.254997 -0.399394 1.768426
0.432086 0.002744 1.530541
0.492417 0.098682 1.866109
0.268036 -0.004812 1.566402
-0.163589 -0.045091 1.351816
0.254609 0.022625 1.923366
0.222325 0.069007 1.827426
-0.297332 -0.035635 1.420721
0.281592 0.132358 1.553836
-0.363019 -0.015111 1.733431
0.202304 -0.319935 1.408993
-0.214918 0.007293 1.334845
0.480709 0.119409 1.648838
0.184814 -0.410706 1.883532
0.311332 0.150554 1.455313
0.451744 -0.208610 1.247387
-0.458460 0.121258 1.828853
0.247644 0.102228 1.813122
-0.275756 0.064453 1.430800
-0.153495 -0.039567 1.473665
0.317509 0.162586 1.706974
0.366450 -0.461492 1.638152
-0.101739 0.002817 1.644266
0.279551 0.000245 1.379476
-0.120202 -0.037114 1.493618
0.174634 -0.411236 1.683317
0.221141 0.101712 1.690705
-0.225137 0.031293 1.493683
0.318619 -0.120971 0.854957
-0.186210 -0.016336 1.375841
0.214840 -0.389668 1.628127
0.197408 -0.355178 1.539609
0.183287 -0.402174 1.854791
-0.027617 -0.175983 1.188774
0.383020 -0.224730 0.965859
0.369398 -0.483246 1.550618
0.186158 -0.389947 1.512853
-0.002534 -0.033736 1.614993
-0.230896 -0.018294 1.677042
-0.135255 -0.040985 1.681732
0.298973 -0.456188 1.743413
0.199552 -0.326549 1.454913
-0.009756 -0.164604 1.453532
0.166898 -0.429044 1.608573
-0.220993 -0.050291 1.738867
0.138262 0.074033 1.695586
-0.194173 -0.029783 1.358153
-0.152528 -0.017489 1.630901
0.492966 0.077776 1.918333
-0.134673 -0.045636 1.342607
0.163832 0.051362 1.492495
0.225828 -0.376348 1.556491
0.233147 0.091492 1.540319
0.402850 -0.372506 1.641689
0.475047 -0.063656 2.060151
-0.152083 0.056572 1.655183
-0.268707 0.030723 1.341971
0.284786 0.138599 1.665765
0.410905 -0.475447 1.554257
0.425502 0.075310 1.767401
0.362334 -0.423693 1.466272
0.274468 0.061064 1.620252
0.180960 -0.404837 1.772217
0.187363 -0.118535 1.345468
-0.330990 -0.013675 1.888295
-0.183269 -0.033911 1.276604
0.199963 -0.423455 1.620486
0.227035 0.047689 1.943541
-0.037796 -0.100332 1.310805
-0.347317 -0.036246 1.456411
-0.138863 -0.016576 1.508869
-0.288793 0.027951 1.512667
0.212408 -0.430095 1.788203
0.171433 0.069134 1.294814
-0.160709 0.007957 1.444778
0.387809 -0.494254 1.467824
0.006856 -0.080464 1.687834
0.182537 -0.141160 1.446717
0.430436 0.055927 1.844599
-0.162480 0.020946 1.248061
0.005122 0.005769 1.871103
0.154253 -0.389605 1.732170
0.217991 -0.399087 1.986654
-0.147703 0.086052 1.381458
0.257021 0.056199 1.722190
-0.046611 -0.113226 1.502428
0.291062 0.152619 1.489575
0.409968 0.120892 1.553502
-0.007673 -0.090098 1.622863
0.101292 0.315293 2.324205
0.260941 0.140339 1.788591
0.421468 -0.223825 1.075338
0.337595 -0.369418 1.755594
0.334471 0.413120 1.680145
0.257394 0.029269 1.475040
0.301205 0.120658 2.009098
0.004036 -0.146480 1.497898
0.407941 -0.247308 1.575447
0.434925 0.052691 1.994883
-0.161421 -0.002553 1.561899
0.263669 0.136795 1.837068
-0.331577 -0.011528 1.446392
-0.298063 -0.035092 1.667549
0.279672 0.120058 1.656031
0.293634 0.043840 1.693677
0.008828 -0.077996 1.650034
-0.487748 -0.084582 1.847462
0.259859 0.027538 1.819049
0.266687 0.085000 1.695070
0.284835 0.056329 1.789818
0.150609 0.060591 1.541687
0.260208 0.133603 1.415943
0.279587 0.116302 1.774217
0.211708 -0.050484 1.598418
-0.179804 -0.016599 1.589816
-0.002848 -0.172722 1.347943
0.255880 0.050687 1.636017
-0.045841 -0.424694 1.507731
-0.009468 -0.142302 1.477820
0.499737 0.095912 1.940294
0.302606 0.100148 1.833573
-0.380087 -0.045241 1.864839
-0.141007 -0.019744 1.541496
0.261250 0.072805 1.536794
0.320352 -0.465589 1.726308
-0.207756 -0.015306 1.702606
0.377297 -0.086799 1.123178
0.262017 0.104365 1.517324
-0.146645 0.001201 1.590587
0.211113 0.140290 1.705905
0.202369 -0.052844 1.678352
-0.340279 0.020575 1.702771
0.202414 -0.388302 1.838532
0.192459 -0.409635 1.536079
-0.213475 -0.004240 1.557319
0.393246 0.023130 1.526040
0.261666 0.105817 1.543727
-0.028839 -0.101272 1.575902
-0.201698 -0.123692 1.559223
0.396255 0.056376 1.645372
0.378210 -0.098094 1.276536
-0.263232 -0.001073 1.586416
-0.164111 -0.015043 1.580150
-0.265091 0.011886 1.450673
-0.024265 -0.076074 1.578438
-0.486200 0.039081 1.419174
-0.126768 0.010275 1.275178
0.389061 0.137254 2.011696
0.159514 -0.388016 1.738321
0.249360 -0.024798 1.294856
0.316481 0.416989 2.401486
0.260264 0.038450 1.693345
0.235693 0.094672 1.742176
0.404129 0.045566 1.572647
-0.212401 -0.037246 1.563523
0.277871 0.057171 1.641870
-0.241917 -0.038366 1.652340
0.023584 -0.097135 1.500954
0.254035 0.132022 1.686159
0.295775 -0.442932 1.536904
0.212062 -0.385893 1.723426
0.254163 0.098964 1.894197
0.010274 -0.062582 1.417238
0.266243 0.036546 1.717252
-0.005456 -0.210480 1.264094
0.194000 -0.327164 1.711302
0.377298 -0.464802 1.301276
0.011303 -0.091307 1.551393
0.378050 -0.453424 1.697469
-0.161250 0.046998 1.079742
0.181879 -0.414970 1.683235
-0.359097 -0.298980 0.616772
0.482650 0.098137 1.753346
0.169017 -0.413461 1.537894
-0.123704 0.025882 1.463906
0.213611 -0.380328 1.820626
0.312767 -0.485860 1.460652
-0.334471 -0.027160 1.683802
0.285109 0.050823 1.601443
0.348851 0.429056 1.995094
0.271986 0.131146 1.735230
0.183389 -0.389042 1.681314
0.296020 0.125089 1.594651
-0.142448 0.021201 1.762513
-0.034476 -0.151994 1.470889
-0.259250 0.078347 1.481113
0.262985 0.102590 1.699786
0.471854 0.083001 1.353955
0.352502 0.457562 1.573831
-0.208136 -0.032454 1.616264
0.190445 0.104528 1.867363
-0.112582 -0.052943 1.499663
0.246477 0.000683 1.337022
0.392262 -0.261995 1.115772
-0.263913 0.066617 1.568865
0.233519 -0.441744 1.736144
0.283279 0.084853 1.551010
0.211392 0.062158 1.678231
0.306394 0.140891 1.608341
0.448751 -0.227662 1.036317
0.204985 -0.378632 1.676844
0.160487 -0.051082 1.613842
-0.057869 -0.090346 1.424261
-0.365466 -0.011666 1.557740
0.167393 -0.128912 1.443925
0.288271 0.104698 1.698395
0.007761 -0.124525 1.697179
0.257719 -0.477091 1.455989
0.258078 0.096995 1.603275
-0.401469 -0.023965 2.161057
0.030980 -0.034074 1.632807
-0.359027 0.030601 2.007656
0.316001 0.476738 1.674506
-0.151670 -0.015340 1.378882
0.329804 -0.477375 1.524404
0.288807 0.132633 1.540389
-0.175239 0.110015 1.474841
0.188044 -0.386641 1.507036
0.242852 0.159153 1.541650
0.386169 0.124156 1.822032
-0.132307 0.037590 1.403230
0.188287 -0.415623 1.981206
0.201706 -0.390575 1.909312
0.220109 -0.352524 1.738874
-0.153403 -0.033779 1.740415
-0.240389 0.060123 1.798495
0.269502 0.105535 1.429320
-0.200227 0.018511 1.503609
0.152888 -0.399683 1.862698
-0.244015 0.069945 1.588880
-0.242813 0.027324 1.380733
-0.105199 0.002909 1.355054
0.236920 -0.381189 1.639241
-0.160868 0.043607 1.275378
-0.154707 -0.002077 1.448513
-0.193868 0.003588 1.684069
0.181937 -0.440547 1.301121
0.338822 -0.452009 1.553418
0.210420 -0.359782 1.727118
-0.007155 -0.113530 1.467205
0.246368 -0.465747 1.596394
-0.233551 -0.035045 1.627153
-0.102709 -0.012529 1.197294
-0.134011 0.016224 1.398492
0.137470 0.335745 2.135729
-0.181335 0.038118 1.610204
0.184403 -0.377348 1.280861
0.460778 0.101021 1.728021
-0.169963 -0.035136 1.404471
-0.138507 -0.019375 1.669153
-0.379177 0.008795 1.691031
-0.240676 0.027017 1.879994
-0.119360 -0.429898 2.006763
0.248752 -0.383003 1.593668
0.346643 0.140039 1.724713
-0.216456 -0.017287 1.339481
0.341959 -0.491744 1.649327
0.034436 -0.102864 1.457104
-0.151730 -0.083020 1.733224
0.287275 0.077155 1.745904
-0.013119 -0.167790 1.528073
-0.283256 -0.037898 1.581827
0.194418 -0.340581 1.500251
0.180390 -0.103764 1.315699
0.150553 -0.391006 1.662720
0.245036 0.122574 1.763349
0.196926 -0.377260 1.994037
0.175254 -0.396986 1.744016
0.224766 -0.316074 1.510904
-0.474283 0.131642 1.730390
0.182057 0.073970 1.783601
0.256764 0.058154 1.877401
-0.356099 0.020259 1.707654
0.158194 -0.129343 1.589705
0.242282 0.097402 1.552616
-0.092877 -0.063520 1.454618
-0.105493 -0.013957 1.625197
0.345919 0.420600 2.056046
0.439147 0.083602 1.853299
0.190618 -0.429723 1.437690
-0.462666 -0.125324 1.872976
0.301114 0.118890 1.607289
0.086262 0.311309 2.357115
0.271089 0.075768 1.666010
0.277036 -0.002765 1.625593
0.177759 0.099718 1.783867
0.186081 0.090399 1.628629
0.240476 -0.395513 1.745294
-0.273766 0.034013 1.409134
0.240422 -0.336404 1.720403
0.117262 0.320455 2.367313
-0.103859 -0.035076 1.680729
-0.273168 0.036605 1.447066
0.282261 0.051787 1.498594
0.229284 -0.433975 1.648203
0.262908 0.047727 1.677589
0.197227 -0.273961 1.495321
-0.240186 0.025601 1.373524
0.269973 0.088761 1.544665
