-0.492251 0.494069 1.891108
-0.465265 -0.486385 1.908559
0.191904 0.042297 2.515901
-0.450821 0.425285 1.927974
0.403554 0.217297 1.737279
0.467819 0.211595 1.835171
0.482994 0.243659 1.921894
-0.455878 0.381104 2.003822
-0.489041 0.432846 1.926307
0.456409 0.261013 1.981333
0.339380 0.186984 1.950142
-0.046480 0.364565 1.537631
-0.021050 0.338777 1.601190
-0.428759 0.393011 1.821277
-0.426681 0.389629 1.660756
-0.480514 0.469706 2.037669
0.349018 0.223175 2.030977
-0.475344 0.427206 1.874676
-0.371793 -0.490277 1.607606
-0.484903 0.462595 1.921031
-0.470160 0.441204 1.766538
-0.413784 -0.459409 1.724031
-0.491697 -0.485843 1.931893
0.454642 0.222371 1.967572
-0.459240 0.227367 1.978098
-0.013080 0.352875 1.423994
-0.052160 0.371767 1.673558
-0.317223 -0.495873 2.021439
-0.441999 0.352217 2.154674
0.193098 0.195341 1.980514
0.381848 0.167468 1.935575
-0.039928 0.284820 1.413961
-0.487685 0.223623 1.999490
0.414570 0.231901 1.836846
-0.493595 0.441970 1.855851
0.359663 0.258275 1.909245
0.439047 0.222476 1.844052
0.453593 0.254682 1.683630
0.413482 -0.491552 1.907076
0.464988 -0.483958 1.873487
0.322222 0.218175 2.123609
-0.453279 0.435299 1.812234
0.473563 -0.461922 2.116333
-0.444735 0.381769 2.014468
0.335224 0.185231 2.443073
-0.460976 0.485206 1.638391
-0.346961 0.422859 1.797858
0.393832 0.181083 1.979078
0.200366 0.252252 1.887685
-0.478278 0.271666 1.859183
0.448772 0.208612 2.096301
-0.479691 0.256129 1.926541
0.429079 0.402125 2.135697
-0.024724 0.369748 1.447758
-0.478203 0.430630 2.092748
0.177341 0.035362 2.660109
-0.115401 0.331057 1.513457
-0.461059 0.397609 2.007767
0.401282 0.174928 1.833395
0.461144 0.450116 2.068877
0.343539 0.240856 1.808201
-0.352557 0.499285 2.021215
-0.479549 0.426962 1.927169
0.311455 0.168018 1.783765
-0.426119 0.423030 1.764691
-0.498349 0.299784 1.793603
-0.028924 0.383314 1.459502
-0.415951 0.418882 2.034906
0.431773 0.410702 1.984930
0.455114 0.238601 2.025550
0.475473 0.235881 1.801555
0.425303 0.256032 1.633832
-0.090863 -0.080041 1.849573
0.331035 0.208068 2.204876
-0.468683 0.438053 2.146003
-0.428004 0.411938 1.687705
0.413659 0.174547 2.128345
0.206985 0.225609 1.796483
-0.460790 0.397188 1.981329
-0.465819 0.262007 2.015461
-0.015168 0.318401 1.707682
0.482747 0.461916 2.027484
0.429969 0.273797 1.772010
0.299774 0.151509 2.135663
0.494968 0.293005 1.773284
-0.008872 0.353795 1.722828
0.443312 0.228492 1.740122
0.308747 0.260325 2.041294
0.322915 0.221357 2.051847
-0.245813 0.488897 2.068875
0.439426 0.269593 1.803799
0.376770 0.126079 2.109201
0.440172 0.212492 1.730003
0.223031 0.239464 2.001754
-0.067777 -0.103334 1.985996
0.288007 0.191212 1.804109
0.315070 0.173187 2.036620
0.442357 0.212894 1.798213
0.461870 0.296069 1.731905
0.427212 0.216699 1.708333
0.430318 0.239243 1.799299
-0.458626 0.427655 1.904586
0.495697 -0.490013 2.103550
0.420556 0.234831 1.922712
0.182656 0.250433 1.675924
0.495004 0.466386 1.913689
-0.085829 -0.078492 2.093927
0.211509 0.260414 1.816420
-0.033403 0.349410 1.516762
0.490711 0.415709 2.115134
-0.013721 0.354733 1.509041
-0.031700 0.318058 1.437957
-0.421206 0.146671 2.260956
-0.054271 0.300966 1.608838
-0.426193 0.438808 1.959256
0.324322 0.201612 1.801081
0.488755 0.422815 1.955752
0.248684 0.231147 2.054669
0.305871 0.176466 1.969809
0.284925 0.173136 1.632034
-0.003025 0.353082 1.570221
0.477348 0.225236 2.138969
-0.396467 0.406906 2.025494
-0.494294 0.259467 1.906649
0.450979 -0.480440 2.054015
0.438297 0.252906 1.828314
0.093242 0.369943 1.285156
0.194321 0.223626 1.988951
-0.239954 -0.437543 1.780330
-0.493107 0.490172 2.199686
-0.053052 0.359182 1.727342
-0.455582 0.398360 1.779359
-0.482659 0.410965 2.090131
-0.367443 0.433936 1.819906
-0.227421 -0.487341 2.000689
0.488057 0.207592 1.815780
0.092776 0.328020 1.576719
0.037872 0.325599 2.063602
0.467648 0.266959 1.801472
-0.084474 0.344875 1.738631
0.413939 0.248040 1.744485
-0.034511 0.323546 1.811330
0.368022 0.139697 2.085590
-0.484057 0.472195 2.174038
0.400625 0.315561 1.810065
-0.111544 0.346425 1.493098
-0.475214 0.420636 2.079952
-0.492196 0.490271 1.964101
0.386907 0.435733 1.758565
0.345821 0.187451 1.934915
0.371083 0.266640 1.666907
0.334273 0.155291 1.603443
-0.082133 0.059794 1.297273
-0.373153 0.459006 1.946636
-0.392909 0.401942 1.936924
-0.422383 0.412974 1.744925
0.357462 0.227209 1.943311
-0.366685 0.422111 1.965010
0.184343 0.198756 1.871668
0.186058 0.343136 1.298267
0.299630 0.200889 1.891296
-0.454962 0.439617 1.692034
-0.333312 -0.485238 2.064230
-0.412503 0.389301 2.002228
0.399285 0.433478 2.029725
-0.416974 -0.489845 1.837761
-0.045217 0.334282 1.543381
-0.463174 0.472129 1.763070
0.333697 0.174952 2.025823
-0.497257 0.441836 2.071721
0.495516 0.478388 2.031432
-0.043499 0.376403 1.431088
0.339255 0.168399 2.018792
0.385166 0.275335 1.946386
0.207917 0.254627 2.065041
-0.043858 0.283009 1.403061
-0.050628 0.401983 1.453561
0.481973 0.476355 2.074330
0.402007 0.132221 1.973995
0.359617 0.185141 1.997660
-0.346380 0.494327 1.914545
-0.493719 0.290760 1.691067
-0.496642 0.441362 2.057622
0.459126 0.429868 2.062356
-0.396365 0.478897 1.886943
0.361833 0.251675 1.837975
0.484944 0.446729 1.869431
-0.492752 0.231776 1.680626
0.478747 0.188729 1.672848
0.424005 0.448220 2.038925
-0.451121 0.385028 2.049253
0.230986 0.226486 2.113462
-0.386593 0.416975 2.099179
-0.420226 0.468614 1.877899
-0.046412 0.300473 1.723857
0.440733 0.212981 1.685344
0.219798 0.233863 2.023409
-0.477532 -0.470389 2.335261
-0.484764 0.396944 2.010500
-0.286342 -0.478962 1.584483
0.478633 0.479476 1.974118
0.496731 0.385310 1.692877
-0.466967 0.493304 1.901673
-0.490228 0.472660 2.198004
-0.303582 -0.489414 1.845189
0.451790 0.251859 1.847590
-0.072337 0.345135 1.726095
-0.091759 0.334113 1.433679
0.384114 0.172989 1.833476
0.340014 0.231343 1.934915
0.367430 0.137547 2.112602
0.253536 0.251926 2.152262
0.177896 0.232518 1.795953
0.254484 0.246184 1.879552
0.455985 0.455280 2.150309
-0.012538 0.359801 1.678806
-0.479056 0.477235 1.820228
0.365262 0.214535 2.015187
-0.476805 0.425673 2.041714
-0.484345 -0.489171 2.086445
-0.388518 -0.495515 2.096842
-0.391912 0.473642 2.117539
0.434604 0.435197 1.696439
0.410260 0.423699 1.999225
-0.401773 0.469205 1.930129
-0.470065 0.428890 1.977410
0.484341 -0.492450 1.950773
-0.075017 0.373092 1.349761
0.229799 0.225945 2.081469
-0.014972 0.363890 1.949687
-0.081219 0.372778 1.741897
-0.426987 0.433865 1.860737
0.217553 0.226846 2.033726
0.398831 0.275052 1.743973
-0.439607 0.413094 1.920616
-0.439795 0.423081 1.725594
-0.075657 0.407165 1.492624
-0.318316 0.491885 1.711296
0.466164 0.450503 2.013321
0.485211 0.450354 1.997569
0.276412 0.277521 2.086498
-0.074541 0.352036 1.553072
-0.050987 0.395546 1.906645
-0.052209 0.369385 1.582102
0.496974 -0.499462 2.273246
-0.482642 0.487528 2.082860
0.460804 0.230104 2.113844
0.463955 0.211133 1.904671
0.182335 0.225870 1.892764
-0.481085 0.240462 1.966473
-0.478971 -0.497823 1.761756
0.480211 0.311293 1.618444
0.343539 0.259808 1.827348
0.330980 0.189390 1.931790
0.196767 0.226863 2.028655
-0.038845 0.369370 1.708146
0.335454 0.170534 1.843105
0.408610 0.432144 1.923668
-0.434305 0.416199 1.805070
0.213175 0.246498 1.861148
-0.476295 0.408438 2.125549
0.431776 0.333757 1.851924
0.469571 0.243026 1.882336
0.431180 0.485259 1.895143
0.406925 0.456089 1.746974
-0.460863 0.444369 2.016726
-0.452338 0.368733 1.980870
-0.473114 0.442195 2.055576
-0.050691 0.359847 1.688543
0.478674 0.302793 1.828997
0.489519 0.279450 1.957795
-0.473292 0.411273 1.930381
-0.459520 0.421436 1.838678
0.363178 0.252365 1.900400
0.451510 0.307226 1.714306
-0.435712 0.178387 2.165495
-0.359050 0.422225 2.049905
-0.418225 0.439500 2.100765
-0.437075 0.430926 1.778094
-0.264114 0.499830 1.915717
0.496836 0.374375 1.722240
0.228207 0.227511 1.764692
-0.424616 0.473392 2.063155
0.279316 0.268005 1.768137
0.425070 0.445752 2.003725
-0.049429 0.337816 1.403467
-0.301776 -0.472754 2.240432
0.209117 0.233380 1.868659
-0.343381 0.470556 2.142233
-0.396377 0.410309 1.866053
0.447833 0.461844 2.128229
-0.422035 0.498624 1.617018
-0.462414 -0.492665 2.001213
-0.058971 0.406882 1.752462
-0.252310 -0.499830 1.886672
0.325526 0.260684 1.910689
-0.473804 0.391998 1.885564
-0.341325 0.488042 2.125928
0.441898 0.219565 1.969374
0.209264 0.249324 1.822879
-0.448167 0.400233 1.856974
-0.431569 0.407355 1.936934
-0.064925 0.379397 1.579528
0.436001 0.461159 2.033174
0.412896 0.440877 1.840070
-0.423307 0.455169 1.805937
-0.374032 0.487489 2.056335
-0.436616 0.403178 2.220226
0.476874 0.219676 1.928193
0.319291 0.218215 2.237938
-0.061221 0.384603 1.557987
-0.052073 0.394796 1.769658
0.259394 0.223336 1.910710
-0.038730 0.343221 1.464606
0.224941 0.232449 1.788825
-0.441958 0.403843 1.760947
0.212897 0.226211 1.786099
0.379563 0.272962 1.965436
-0.469359 0.433897 1.926041
-0.483571 0.416576 1.971696
-0.406909 0.493397 1.849946
-0.215130 0.469575 2.074708
0.458521 0.283379 1.987799
0.438480 0.276002 1.742704
-0.429890 0.460558 1.783246
-0.414817 0.490605 1.965367
0.363526 0.205920 2.124612
-0.376789 0.470769 1.686182
0.193497 0.221061 1.940863
0.304101 0.345355 0.643008
-0.363755 0.460582 1.900661
0.451532 0.427541 2.011089
0.344249 0.255615 2.014817
0.175583 0.190139 1.898266
-0.366079 0.447095 1.880656
0.242444 0.246297 1.889706
-0.309123 -0.480708 1.865066
-0.432828 0.369068 2.009880
-0.394601 0.421024 1.798822
-0.458273 0.364438 1.963612
-0.385747 0.416941 2.010255
-0.028207 0.376168 1.493256
-0.061211 0.334654 1.588908
0.382105 0.157778 2.075390
-0.413631 0.401966 1.893666
-0.430152 -0.472762 1.880407
0.440193 0.279089 1.878282
-0.428276 0.398462 1.846378
0.350645 0.217196 1.791666
-0.351557 0.468160 2.010511
-0.476839 0.498963 2.071993
-0.496159 -0.476165 1.922023
0.149277 0.247315 2.034996
-0.451458 0.411777 1.842785
-0.379970 0.436599 1.863396
-0.444862 0.404766 2.139457
-0.440165 0.400118 2.031183
-0.443034 0.406406 2.010094
-0.468319 0.494273 1.903808
0.482159 0.436951 1.956595
-0.398014 0.482594 1.944747
-0.445921 0.462857 2.144122
-0.452866 0.464720 2.159534
0.311634 0.169086 1.731946
-0.026233 0.329394 1.767623
-0.047897 0.353628 1.550116
0.205668 0.229076 1.782643
-0.399920 0.440439 1.863894
0.480857 0.297500 1.721956
-0.059823 0.372325 1.644713
0.483874 0.404300 2.034355
-0.364740 0.479551 2.081018
-0.217084 -0.471426 2.020397
-0.283847 -0.494882 1.851354
-0.403629 0.433312 1.783201
-0.249074 -0.472824 1.811673
-0.078576 0.310965 1.714264
0.329864 0.235189 1.750281
-0.423003 0.418255 2.165201
-0.408997 0.476361 1.589325
-0.481679 0.453875 2.027401
-0.457484 0.460455 2.153999
-0.342733 -0.494148 1.829986
0.439929 0.352957 1.860114
0.340276 0.219054 1.958356
0.406062 0.187098 2.039435
0.486697 0.261107 1.602665
-0.449962 0.407428 2.242978
-0.375719 0.424946 1.971989
0.332947 0.192319 1.846846
-0.493439 0.421463 2.067619
0.466474 0.220730 1.887118
-0.084468 0.326307 1.247286
0.480971 0.253019 2.088326
0.292451 0.242140 1.915554
0.485508 0.430613 1.958579
0.359982 0.185116 2.265838
-0.488246 0.428220 1.825085
0.447760 0.495544 1.952780
0.314585 0.203316 1.947343
