-0.167599 -0.464922 2.053230
-0.084044 -0.418061 1.990880
-0.300923 0.184259 1.840105
-0.077795 0.485209 1.947031
-0.266305 0.260145 1.929559
-0.237920 0.247944 2.126812
-0.235158 0.273005 1.926032
-0.046374 0.459923 2.162241
-0.177282 0.475947 1.930331
-0.240825 0.298581 1.763460
-0.317114 0.238879 1.849179
0.040863 0.356862 1.817458
0.050095 0.332900 1.746963
-0.037071 0.460807 1.862898
-0.044917 0.457029 1.995672
-0.141392 -0.476136 1.945653
-0.323333 0.263762 1.730253
-0.111789 0.485698 1.996609
0.021606 -0.415957 2.369121
-0.114495 -0.475315 2.151847
-0.115597 0.496352 2.199219
-0.110006 -0.417883 1.845650
-0.131375 -0.425036 1.655405
-0.272789 0.249832 1.872798
-0.225825 0.243649 1.828075
0.015801 0.351263 1.506756
-0.009908 0.362366 1.747899
0.021133 -0.442025 1.882840
-0.048746 0.424218 1.934959
-0.441197 0.258959 1.926767
-0.272118 0.216409 1.994442
0.039250 0.295979 1.635466
-0.245058 0.244024 1.755911
-0.277309 0.271975 1.760503
-0.153371 0.488014 1.911409
-0.303178 0.304338 1.984012
-0.245322 0.266599 1.674407
-0.268878 0.281831 1.751134
-0.276409 -0.430184 2.238053
-0.183861 -0.430352 1.874715
-0.302680 0.283292 1.694040
-0.059822 -0.496796 1.803379
-0.174021 -0.405649 1.950462
-0.127170 0.428864 1.410054
-0.285269 0.245860 1.858458
-0.039925 -0.430857 1.938694
0.081423 -0.487914 1.823868
-0.279831 0.228996 2.026073
-0.482313 0.291336 1.864173
-0.229789 0.292883 1.783894
-0.223397 0.251646 1.992350
-0.212069 0.279484 2.072303
-0.219441 0.459427 2.128296
0.006024 0.360442 1.565728
-0.088176 0.498566 2.007406
-0.317793 0.171911 1.806692
-0.068193 0.325206 1.492640
-0.046751 0.472871 1.868384
-0.263145 0.221376 1.780723
-0.174500 -0.491889 2.243575
-0.290443 0.299995 1.947685
-0.017756 -0.449715 1.942560
-0.158350 0.471193 2.195681
-0.341697 0.226689 1.638236
-0.042844 0.482753 2.055652
-0.194544 0.342775 2.133631
0.033892 0.375460 1.738476
-0.045998 0.478314 1.910158
-0.226842 0.460387 2.180617
-0.211962 0.281218 1.950551
-0.235435 0.267630 1.765403
-0.257205 0.300225 1.843552
0.216483 -0.016960 1.651242
-0.316713 0.260889 1.808734
-0.075277 -0.488568 2.111827
-0.035593 0.482696 1.950031
-0.263643 0.216564 1.880075
-0.485867 0.265369 1.561045
-0.102490 0.458949 2.098949
-0.123377 0.331309 1.703684
0.084729 0.313236 2.028752
-0.170765 -0.487440 2.155172
-0.281754 0.309667 2.012303
-0.304112 0.219478 2.019102
-0.227308 0.324330 2.172414
0.011706 0.345867 1.428106
-0.276356 0.262643 1.802592
-0.339218 0.318129 1.809130
-0.333258 0.270805 1.880542
0.125270 -0.442592 1.836369
-0.254096 0.300849 1.791093
-0.275054 0.181473 1.748881
-0.267797 0.246983 1.635577
-0.386320 0.310570 1.899787
-0.415753 0.217306 2.161648
-0.331098 0.253719 1.845776
-0.296306 0.240413 1.860239
-0.268777 0.249031 1.781258
-0.267847 0.319596 1.870590
-0.273406 0.258362 2.062643
-0.272569 0.274593 1.623910
-0.014473 -0.478550 1.967815
-0.151800 -0.428686 1.800445
-0.217978 0.292337 2.164544
0.490636 0.286344 1.479183
-0.160252 -0.483766 1.937879
0.216922 0.000661 1.550552
-0.422614 0.316825 2.142261
0.019639 0.345061 1.744169
-0.133805 0.476284 2.167829
0.013764 0.348979 1.982965
0.020985 0.315276 1.726140
-0.126017 0.185629 1.938585
0.029490 0.302012 1.555509
-0.017549 -0.481046 2.022765
-0.326069 0.253531 1.921865
-0.158135 0.477975 2.206732
-0.374054 0.295448 1.801996
-0.332624 0.232268 1.884230
-0.361563 0.230053 1.698353
0.057798 0.349377 1.772949
-0.266736 0.246732 1.640384
0.012830 0.486146 1.845937
-0.232925 0.285798 1.913443
-0.221269 -0.427445 1.938447
-0.243355 0.292108 1.890344
0.093823 0.365402 1.748245
-0.472762 0.276926 1.916997
0.117361 -0.384981 1.955916
-0.138973 -0.446129 1.890952
0.020441 0.350265 1.672851
-0.077416 0.464752 2.000429
-0.127236 0.466742 2.003165
-0.016221 0.487500 2.085703
0.124965 -0.426979 2.006739
-0.255233 0.227855 1.793151
0.111207 0.320300 1.455088
0.103558 0.326773 1.674147
-0.253298 0.296687 1.869631
-0.036630 0.341805 1.435965
-0.252684 0.293838 1.773675
0.025762 0.321437 1.401748
-0.251738 0.203688 2.236366
-0.128332 -0.475247 1.857312
-0.290267 0.354439 1.647982
-0.074753 0.342112 1.700800
-0.111527 0.478581 2.102145
-0.142383 -0.458811 1.764669
-0.246012 0.497786 2.088516
-0.300544 0.239326 1.792614
-0.265494 0.324860 2.127996
-0.281735 0.220398 1.927436
-0.335972 0.092602 1.463783
0.003599 -0.476044 1.850701
0.004071 0.473154 2.210971
-0.051816 0.472947 2.006775
-0.298310 0.277285 2.027597
0.045166 0.498370 1.905330
-0.476819 0.244586 1.795063
0.121310 0.334439 1.753330
-0.369811 0.248358 1.713629
-0.041826 -0.485203 1.940767
0.025230 -0.430179 1.877568
-0.017209 0.461043 1.760443
-0.249622 0.485416 2.107982
-0.071084 -0.427578 1.895621
0.001096 0.331243 1.577063
-0.150888 -0.488266 1.913888
-0.302444 0.232135 2.007860
-0.087996 -0.479729 2.097470
-0.182830 -0.474747 2.205038
-0.019198 0.370627 1.617433
-0.283247 0.231467 2.202266
-0.312370 0.311464 1.985993
-0.480367 0.294216 1.781689
0.098773 0.288368 1.809740
0.021150 0.393558 1.863543
-0.179464 -0.473818 1.891032
-0.282851 0.171925 1.993254
-0.290329 0.240693 1.568755
0.036039 -0.437327 2.030104
-0.247195 0.312305 1.914560
-0.147107 0.493020 2.324671
-0.184648 0.490696 2.012210
0.007843 -0.449895 2.187538
-0.299285 0.301093 1.781868
-0.216309 0.484295 2.247543
-0.109114 0.308418 1.818949
-0.269339 0.217048 1.914574
-0.213808 -0.495006 1.898333
-0.039355 0.461607 1.935762
-0.438073 0.272373 1.669652
-0.026209 0.473207 1.995319
-0.036616 -0.465279 1.693978
-0.010125 0.295186 1.784169
-0.242638 0.256643 1.913695
-0.384767 0.306427 1.933315
-0.132911 -0.424655 1.925930
-0.171391 0.433278 2.077590
0.051280 -0.428160 1.842800
-0.142603 -0.459119 2.049434
0.293863 -0.380512 0.740044
-0.126871 -0.452536 1.863413
-0.154433 -0.479756 1.863926
0.057795 -0.427558 1.903271
-0.276160 0.281311 1.835214
-0.078023 0.341301 1.561194
-0.068700 0.328239 1.488887
-0.247344 0.232283 2.030244
-0.299867 0.291731 1.909033
-0.285099 0.190097 1.912546
-0.322696 0.333845 2.221608
0.496158 0.274455 1.936364
-0.326726 0.329837 2.056040
-0.190013 -0.483122 1.659593
0.017473 0.349463 1.667831
-0.126618 -0.469702 2.039772
-0.291922 0.266150 2.015012
-0.124983 0.481897 2.243393
-0.108104 -0.414463 1.816940
-0.020478 -0.437429 1.831596
-0.021650 -0.467486 2.018122
-0.196957 -0.499658 1.890705
-0.221813 0.484353 1.875813
-0.025808 -0.465926 1.839785
-0.084117 0.495721 1.794502
-0.152974 -0.435980 1.966831
-0.066582 0.365026 1.688253
-0.344986 0.312825 1.697287
0.021880 0.356943 1.722743
-0.049901 0.361393 1.752154
-0.031482 -0.497839 1.887392
-0.378288 0.302079 2.205627
-0.262856 0.327837 1.807489
-0.138716 0.459636 2.487582
-0.053125 0.491709 1.984163
-0.056983 0.402075 1.824879
0.093904 -0.430918 2.000906
-0.186637 -0.499316 1.873935
-0.176995 0.498571 1.991055
-0.323498 0.351003 1.872267
-0.039844 0.341881 1.771927
-0.001653 0.390237 1.938091
0.008216 0.363753 1.582527
-0.209116 -0.461528 1.864993
-0.131141 -0.450883 1.798964
-0.264800 0.256680 2.019598
-0.222282 0.251924 1.864099
-0.489658 0.271243 1.834980
-0.199790 0.269364 2.039704
-0.125163 -0.434203 2.128591
-0.254831 0.333579 1.865768
-0.357337 0.293453 1.857657
-0.350521 0.233204 1.863075
-0.442649 0.282528 1.846986
-0.063342 0.358568 1.494114
-0.310307 0.221943 1.984158
-0.224206 0.496862 2.055092
-0.040015 0.488008 2.068655
-0.391610 0.319593 1.763442
-0.088555 0.476599 2.074576
-0.191340 0.399303 1.923220
-0.235402 0.274529 1.966540
-0.218748 -0.455288 2.133404
-0.240313 -0.489481 1.722893
-0.126330 0.498814 1.966875
-0.052682 0.437145 2.080616
-0.132432 0.494547 2.043100
0.012757 0.348922 1.923107
-0.279022 0.322957 2.036284
-0.226985 0.310554 2.050915
-0.085898 0.477979 1.871774
-0.061622 0.495212 2.296768
-0.283981 0.305284 2.130618
-0.273943 0.332415 1.848019
-0.138016 0.217216 1.869225
0.020927 0.486106 2.002233
-0.035215 -0.493318 2.196181
-0.054365 0.496876 1.852385
0.128015 -0.430257 2.032104
-0.157289 0.426747 1.595939
-0.472121 0.263277 1.790583
-0.043657 -0.460172 1.862293
-0.347122 0.326475 1.820326
-0.236343 0.496688 2.036631
0.005545 0.332502 1.512844
0.051958 -0.415560 2.024906
-0.497037 0.265887 1.851772
0.054692 -0.460239 2.146900
-0.020011 0.473282 1.740884
-0.203724 -0.488351 1.800493
0.294612 0.156403 2.969101
-0.108719 -0.439426 1.957955
0.001998 0.400512 1.996163
0.121065 -0.437099 2.014808
-0.331999 0.309316 2.145006
-0.132465 0.439953 1.961450
0.066469 -0.435038 1.893857
-0.233291 0.259373 1.725162
-0.489881 0.291818 2.191682
-0.055232 0.470092 1.878377
-0.008457 0.487545 2.160797
0.015911 0.371792 1.772973
-0.210743 -0.479268 2.218808
-0.242093 0.491234 1.773503
-0.015293 -0.466846 1.880518
-0.000535 -0.446771 1.743630
-0.026960 0.476556 2.129609
-0.224898 0.255084 1.953912
-0.347487 0.265954 1.807967
-0.052860 0.376537 1.850925
-0.046380 0.383370 1.811307
-0.360207 0.288999 2.032385
0.061809 0.338302 1.888513
-0.363786 0.309094 1.772616
-0.018075 0.484479 1.977978
-0.488561 0.262978 1.826483
-0.280436 0.320022 1.952597
-0.160678 0.475552 1.898879
-0.102236 0.483082 2.291681
-0.007182 -0.432744 1.925278
0.086825 -0.481676 2.119468
-0.266900 0.309474 1.808535
-0.291787 0.298845 1.871523
0.008799 -0.446413 1.957705
0.003021 -0.428480 2.222083
-0.308938 0.251444 1.747725
0.027318 -0.453831 2.079622
-0.459743 0.271808 1.997719
0.100878 0.379790 1.659421
0.056138 -0.462332 2.173886
-0.204854 0.478560 1.920013
-0.310401 0.304594 1.902596
0.486742 0.238236 1.951835
0.033796 -0.484343 1.991151
-0.442350 0.289412 1.937866
0.058910 -0.410958 1.803748
-0.057054 0.433345 1.775560
-0.049532 0.476309 1.905255
-0.150626 0.402945 1.786152
-0.010682 0.481054 1.955436
0.013250 0.369711 1.643542
-0.025832 0.332340 1.347338
-0.298831 0.197988 1.895283
-0.049323 0.462560 1.951562
-0.155472 -0.433281 1.970754
-0.269158 0.307629 1.794677
-0.021907 0.470395 1.979740
-0.303903 0.265029 1.939583
0.026024 -0.470429 1.874323
-0.132970 -0.449571 1.835098
-0.174603 -0.427768 2.025014
0.495623 0.303612 1.893648
-0.001872 -0.491234 2.135301
0.015064 -0.492617 2.109958
-0.048421 0.474948 1.896797
-0.044590 0.469456 1.796809
-0.044045 0.482863 1.688649
-0.101711 -0.435673 1.857729
-0.163946 0.493385 1.914351
0.004362 -0.445996 2.049402
-0.038642 -0.459477 2.022783
-0.053225 -0.459898 2.098429
-0.332619 0.225772 2.015835
0.036585 0.322348 1.711593
-0.058768 0.342762 1.530525
-0.481805 0.270958 1.652440
-0.023503 -0.494078 2.216064
-0.263387 0.317987 1.958694
0.049451 0.368789 1.486336
-0.145709 0.472876 2.183449
0.022086 -0.446217 2.267734
0.151073 -0.410983 2.132857
0.089322 -0.429710 1.943717
-0.006010 -0.490314 2.059337
0.124214 -0.415114 1.920039
0.010666 0.310219 1.811725
-0.339528 0.283031 1.963168
-0.045806 0.476487 2.092561
-0.041192 -0.457222 1.940974
-0.058246 -0.458569 1.900958
-0.058286 -0.467459 2.092131
0.023037 -0.435952 2.242410
-0.201520 0.421275 2.275292
-0.342343 0.265340 1.933873
-0.277236 0.225569 1.848455
-0.229347 0.289113 1.642127
-0.048615 0.479534 1.910422
0.003049 0.490972 1.816167
-0.325640 0.239016 1.576797
-0.134653 0.478450 2.165816
-0.231950 0.255374 1.772525
-0.030254 0.321280 1.692121
-0.230251 0.282812 2.000276
-0.346270 0.300747 2.050994
-0.186985 0.474959 2.211548
-0.274231 0.248010 1.952161
-0.109095 -0.499379 2.346755
-0.225351 -0.452974 2.244393
-0.339582 0.251620 1.909975
