-0.016851 -0.146877 2.020982
-0.066236 -0.163394 2.023867
-0.005559 -0.188781 1.912155
-0.038959 -0.245246 1.942984
-0.162154 -0.454713 1.894724
0.011554 -0.405288 1.805719
0.047727 -0.369808 2.188106
-0.000737 -0.268316 2.140303
-0.089971 -0.241466 1.785238
-0.007112 -0.358864 1.995596
-0.363229 0.463474 1.683327
-0.146806 -0.183466 2.026704
-0.165143 -0.210301 2.018244
0.006511 -0.266028 1.995139
0.014379 -0.266123 1.933716
-0.076068 -0.209611 2.042775
-0.307664 -0.480555 2.164723
-0.118763 -0.269842 1.729138
0.269360 -0.084686 2.156497
-0.075388 -0.205799 2.043137
-0.083000 -0.244172 2.079191
0.232422 -0.044867 2.077713
-0.123374 -0.185558 1.972907
0.043077 -0.389713 2.106849
0.120665 -0.387969 2.213361
-0.149265 -0.199495 1.863591
-0.125264 -0.173182 1.863473
0.340737 -0.081430 1.703837
0.028520 -0.292445 1.730026
0.445151 0.443656 2.182221
-0.202756 0.491752 1.958120
-0.331445 -0.297645 1.943585
0.090555 -0.388056 2.135201
-0.126756 -0.436345 2.747185
-0.111202 -0.239934 2.093881
-0.147167 -0.383644 2.339564
-0.009511 -0.398756 1.957617
0.056977 -0.344042 1.811481
-0.106716 -0.137955 1.912733
-0.104965 -0.148951 1.778311
-0.371810 0.499292 1.733606
-0.058011 -0.237859 1.861188
-0.101090 -0.124302 1.926801
-0.017647 -0.282331 2.197849
-0.346738 0.467073 2.142284
-0.111490 -0.207737 1.920190
0.107315 -0.225957 2.033873
-0.195310 -0.496305 1.567180
0.413994 0.461640 2.178032
0.034062 -0.358536 1.889435
-0.108822 -0.465777 2.397715
0.060805 -0.367135 1.683204
-0.121682 -0.259482 1.883289
-0.149868 -0.179347 1.698757
-0.095443 -0.248677 1.971981
-0.010050 -0.159066 2.310145
-0.195446 -0.224362 1.449419
-0.043030 -0.267746 2.100870
-0.167446 -0.498867 1.697047
-0.110075 -0.212868 1.774214
-0.378634 0.497884 1.912117
0.218255 -0.110205 1.798214
-0.083173 -0.249419 1.964648
-0.379800 0.433503 1.948437
0.086149 -0.204957 1.846382
0.010715 -0.327284 2.006675
-0.157759 -0.168657 1.777386
0.073787 -0.213563 2.082081
-0.122387 -0.245200 1.742045
0.010081 -0.377380 1.980565
-0.095815 -0.438025 2.487984
-0.021971 -0.358168 1.478528
-0.279153 0.321624 1.075784
-0.377413 0.476938 1.895354
-0.109523 -0.258311 2.068262
0.005163 -0.245386 1.971382
-0.168026 0.494742 1.763900
0.496859 0.491552 2.084740
-0.032917 -0.266763 1.652272
0.078760 -0.369522 1.987167
-0.164479 -0.235837 1.696284
-0.080841 -0.198276 2.109047
0.007162 -0.334954 2.085606
-0.347110 0.449748 1.944209
0.053787 -0.327690 1.807007
-0.152887 -0.200342 1.818182
-0.134165 -0.454447 2.456997
-0.365005 -0.458995 1.837466
-0.383160 0.496078 2.127304
-0.474720 -0.075504 1.818712
-0.000862 -0.348130 1.839843
-0.187866 0.459052 2.032757
-0.156064 -0.483560 2.006481
-0.434982 -0.463936 1.906953
-0.011870 -0.172346 2.034887
-0.374071 0.475140 1.928927
-0.400093 0.441162 2.017867
0.090316 -0.374180 2.131836
0.009086 -0.324524 1.993312
-0.032215 -0.407141 1.957273
0.014182 -0.370792 1.717300
-0.058933 -0.245982 1.774769
-0.070257 -0.159969 1.817311
-0.120303 -0.433441 2.198942
0.463765 -0.491026 2.295219
-0.095332 -0.201867 2.065028
-0.298773 0.320883 1.238794
-0.462228 -0.452424 2.130974
-0.154426 -0.196260 1.715551
-0.146173 -0.276292 1.895795
-0.130953 -0.190788 1.855072
-0.150366 -0.229170 1.921206
0.472622 -0.044867 2.619417
-0.170374 -0.253055 1.778163
0.001134 -0.220519 2.151537
-0.346326 0.489911 2.058914
-0.113401 -0.252881 2.005694
0.483621 0.468605 2.324616
-0.423442 0.431901 2.250989
-0.360837 0.471089 1.855021
-0.137699 -0.193198 1.925649
0.039783 -0.388115 2.115591
-0.001009 -0.269504 1.673367
0.096888 -0.347155 2.277047
-0.112280 -0.148453 2.116185
0.054210 -0.341121 2.159978
-0.093801 -0.307625 1.867954
0.485473 0.490905 2.261206
0.472781 -0.021633 2.666662
-0.075335 -0.180125 2.029185
-0.157825 -0.193194 1.866267
-0.021039 -0.258731 1.837319
-0.120428 -0.288934 2.008632
0.080181 -0.220476 2.141659
0.494256 -0.060798 1.939795
0.072271 -0.399448 2.252790
-0.134482 -0.264745 2.019812
-0.153766 -0.248290 1.819973
0.022229 -0.348843 1.986876
-0.178294 -0.209744 1.533083
0.004608 -0.363961 1.652792
-0.145028 -0.234647 1.773693
-0.172492 0.480309 1.603472
-0.071750 -0.193210 1.900606
-0.008785 -0.304685 2.014143
-0.181077 -0.204214 1.789008
-0.111605 -0.269739 2.244700
-0.089106 -0.182026 2.081423
-0.120922 -0.202619 2.159436
-0.358751 0.457535 2.037055
-0.032897 -0.342980 1.963819
-0.394248 0.409395 2.218580
0.486684 0.344999 2.829783
0.322335 -0.123523 1.762011
0.093569 -0.233843 1.866277
0.026880 -0.241797 2.029847
-0.225293 -0.438666 2.124543
0.331704 -0.152982 1.842171
-0.481956 0.488787 2.237794
-0.115557 -0.288099 1.963946
-0.387720 0.472967 1.976209
-0.054296 -0.233950 2.072905
0.353603 -0.064841 1.515097
-0.001921 -0.285969 1.905717
-0.093672 -0.203239 2.081983
0.232858 -0.077896 1.802150
-0.150980 -0.209835 1.571623
-0.051862 -0.205932 2.117812
-0.369047 0.445960 1.962849
-0.093914 -0.227504 1.858787
-0.095330 -0.192088 1.944818
-0.133516 -0.165649 1.916945
-0.376564 0.436964 2.092410
0.000044 -0.323495 2.097940
0.488127 -0.482547 2.086651
-0.124951 -0.268435 1.849618
-0.103714 -0.147061 1.781935
-0.112164 -0.198380 1.966829
-0.145079 0.467509 1.713865
-0.390843 0.427936 2.066357
0.391540 -0.083357 1.607453
0.044479 -0.331425 1.968278
-0.111751 -0.238514 1.992273
-0.131033 -0.243316 1.882205
0.205943 -0.124965 1.780264
-0.126237 -0.390460 2.234469
-0.081552 -0.212089 2.087859
0.081971 -0.383604 2.272279
0.064923 -0.415661 1.945122
-0.134554 -0.211284 1.831395
-0.028463 -0.283119 1.932195
-0.495617 0.486786 2.168717
0.070158 -0.236234 1.678227
0.201371 -0.126151 1.976643
-0.140492 -0.247114 1.859530
-0.136281 -0.475431 2.026558
0.488528 0.490569 2.103265
-0.046512 -0.133362 2.056979
-0.070932 -0.265528 2.018213
0.360053 -0.080390 1.856118
-0.134354 -0.202764 1.573987
-0.134125 -0.312062 1.839563
-0.089683 -0.188293 1.757670
-0.108392 -0.205946 2.046157
0.311781 -0.089340 1.742857
-0.094476 -0.403773 2.425058
-0.174609 -0.204920 1.776163
-0.185687 -0.229470 1.809677
-0.170193 -0.495836 1.923722
-0.383007 0.487722 2.160998
-0.178939 0.477577 1.813982
-0.482534 -0.498867 2.285485
0.493030 -0.486888 2.130301
-0.463327 -0.497309 2.548945
-0.107953 -0.206583 1.751514
-0.140291 -0.186807 1.751129
-0.068498 -0.189739 2.309540
-0.332200 0.482684 1.755706
-0.105566 -0.263867 2.124491
-0.095658 -0.166145 1.768856
0.227608 -0.097165 1.974374
0.230501 -0.127271 1.822065
-0.121302 -0.220718 1.869669
-0.100495 -0.212200 1.747413
0.266105 -0.116371 1.837486
-0.081469 -0.251664 1.917845
-0.121574 -0.166370 1.849117
-0.165252 -0.172803 1.591383
0.491237 0.478204 2.189380
-0.120292 -0.184343 1.776247
-0.191078 -0.178409 1.756180
-0.021954 -0.233064 2.120524
0.483414 0.484275 2.425627
0.032228 -0.317918 2.012655
0.002425 -0.243062 2.049462
0.037625 -0.217861 1.942571
-0.125234 -0.137306 1.755006
0.341478 -0.107070 1.662339
-0.138744 -0.224296 2.166830
-0.126806 -0.227814 1.845312
-0.371308 -0.428726 1.795728
-0.179494 -0.196800 1.442317
-0.119443 -0.150060 1.796998
-0.126237 -0.182903 1.847288
-0.116327 -0.185087 1.840657
-0.108817 -0.198138 1.898642
-0.090999 -0.435244 2.451224
0.043993 -0.398850 2.090159
-0.489865 -0.482061 2.236726
0.067258 -0.384692 2.060059
-0.043510 -0.156495 2.324433
0.033527 -0.306773 1.829794
-0.309031 -0.441503 2.158522
-0.420256 0.435355 1.790595
0.445040 0.468361 2.231364
-0.175270 -0.179314 1.544228
-0.350088 0.454203 1.908060
-0.126516 -0.220237 1.829142
0.019293 -0.237591 2.072392
-0.495375 -0.484290 1.950891
-0.088099 -0.267711 2.111948
-0.039701 -0.296438 1.998634
0.053261 -0.364864 2.255175
-0.123561 -0.176339 1.959262
-0.106205 -0.188102 1.697825
-0.060637 -0.228913 1.955922
-0.017156 -0.291599 2.099149
-0.102930 -0.246310 2.290981
-0.176870 -0.190472 1.743946
0.056100 -0.306605 1.731888
0.051530 -0.334860 1.985349
-0.058247 -0.256514 2.328364
-0.071696 -0.255474 2.289820
-0.106047 -0.372317 2.446440
-0.010213 -0.311657 1.856058
0.437440 -0.042138 3.015757
0.004656 -0.267539 2.040275
0.000629 -0.222571 2.134217
-0.006135 -0.228227 1.998991
0.486624 -0.065386 1.882065
-0.054032 -0.284685 1.924609
-0.385157 -0.454837 1.846687
-0.027465 -0.200538 2.091462
-0.352244 -0.430973 2.044323
-0.127429 -0.206160 2.180944
-0.173122 -0.215219 1.610340
0.354693 -0.064171 1.757135
0.498459 0.497061 2.314102
0.303783 -0.122008 1.942317
0.068215 -0.242926 1.694207
-0.128227 -0.199557 1.811874
0.232459 -0.095599 1.831700
-0.063161 -0.163571 2.066840
-0.136956 -0.137284 1.672228
0.400163 -0.111566 1.817400
-0.333221 -0.447295 1.929758
-0.076527 -0.280173 1.921271
0.241964 -0.118602 1.995596
-0.100317 -0.441195 2.157644
-0.487167 -0.478106 2.253563
-0.022712 -0.265569 2.158980
-0.008902 -0.254737 1.912457
-0.148250 -0.163446 1.771071
-0.091582 -0.180502 1.785141
-0.127992 -0.210960 1.767211
0.046076 -0.193408 2.192023
0.229239 -0.112754 1.802305
-0.016634 -0.257953 2.068144
0.078635 -0.389552 2.063203
-0.384985 0.484908 1.955347
-0.127940 -0.160478 1.935264
-0.112215 -0.157982 1.832993
-0.484493 0.466371 2.114602
-0.178974 -0.209861 1.796634
0.490016 0.481602 2.430875
0.005801 -0.252900 1.668793
0.490178 0.483532 2.234902
-0.034234 -0.338925 1.828744
-0.084416 -0.244361 1.738313
-0.110472 -0.275974 1.768827
0.229800 -0.105487 1.788933
0.376963 -0.149619 1.758431
0.031756 -0.323951 1.818063
0.053602 -0.317922 1.757897
0.016305 -0.190934 2.192893
0.230084 -0.094950 1.957436
-0.352684 0.464681 1.936402
0.292898 -0.118349 1.769386
0.448483 0.467399 2.398503
0.036349 -0.311842 1.887988
0.310414 -0.121074 1.806599
-0.110292 -0.228262 2.019106
-0.245893 -0.411994 1.868451
0.425680 0.425880 1.954945
0.339029 -0.128107 1.962425
-0.441650 -0.477102 2.051705
0.350661 -0.068682 1.583527
0.009356 -0.286374 2.001125
0.119709 -0.215654 1.803135
0.010202 -0.285184 2.038439
0.008686 -0.259895 2.005813
-0.146645 -0.173704 2.067803
-0.158885 -0.211114 1.834400
-0.131323 -0.497244 1.659643
-0.002563 -0.268656 2.059224
-0.073101 -0.171946 2.041963
-0.026817 -0.342130 1.737900
0.010708 -0.262161 1.947038
-0.231942 -0.451399 1.844890
0.289071 -0.117727 1.898439
-0.090025 -0.181958 2.060565
-0.097524 -0.157092 1.612304
0.407447 0.476430 2.421362
-0.006732 -0.243443 1.886181
0.181908 -0.174737 1.838338
-0.014229 -0.257201 1.824115
-0.001977 -0.259979 1.860757
-0.040840 -0.261736 1.905442
-0.122771 -0.207560 1.988597
-0.069212 -0.216588 1.840092
0.214923 -0.117725 2.221296
0.009756 -0.199281 2.011198
-0.044920 -0.198510 2.157920
-0.388784 0.430214 2.197815
-0.154194 -0.226509 1.748275
-0.155583 -0.189942 1.736814
-0.490236 -0.497277 2.453905
0.060537 -0.210446 1.765882
0.100313 -0.294852 1.771312
-0.181604 -0.177485 1.730523
-0.108047 -0.264729 1.780075
0.184339 -0.142271 1.875785
0.485260 -0.051158 2.128723
0.370991 -0.087000 1.608976
0.079593 -0.203764 1.817853
0.468057 -0.057240 1.570479
-0.168788 -0.234524 1.644641
-0.307632 -0.454657 2.162424
0.001845 -0.239205 1.825991
0.196689 -0.127125 2.006255
-0.055159 -0.207868 2.150766
-0.078313 -0.224810 2.111595
0.255636 -0.107414 1.945853
-0.045513 -0.282285 2.161715
-0.360334 0.498311 1.761930
-0.153237 -0.485006 1.671937
0.067950 -0.342155 2.226057
-0.073281 -0.276895 2.058324
0.105721 -0.220630 1.689125
-0.383155 0.456230 1.889310
-0.120496 -0.266753 2.040206
0.058432 -0.379331 1.776583
-0.151772 -0.220710 1.854308
0.052071 -0.357888 1.807946
-0.391167 -0.480053 1.977124
-0.118420 -0.249116 1.828402
-0.348383 0.458814 2.042632
-0.093998 -0.247083 2.225312
-0.060904 -0.145220 1.836969
-0.390902 0.462826 1.980411
