-23.155855 -8.413846 -5.750461
-21.043907 -4.297395 -2.369350
-13.867964 18.778222 -3.837779
-19.776331 23.663392 5.602133
-19.810736 9.725427 -1.686849
-14.964153 28.027842 10.235631
-18.642673 7.655979 0.655004
-21.954204 -8.643783 -23.722888
-23.615898 7.692847 10.999559
-12.862819 12.114135 -13.058495
-18.948651 29.853885 5.169084
-10.369019 -1.083003 1.743097
-25.305750 -4.631775 8.628176
-16.041551 -11.923076 -13.076065
-23.659352 4.575288 2.703172
-20.474095 22.972112 -3.423967
-15.390494 5.373456 0.763716
-12.533148 21.484408 -5.267767
-30.917482 -9.308722 12.097579
-15.428533 -2.671947 -0.359622
-28.960089 -1.500320 4.465027
-20.682433 5.403202 -7.733277
-14.794349 22.253923 5.701116
-11.475953 -10.211580 6.594916
-13.868971 16.164418 -5.894678
-14.128329 1.986810 -9.342293
-18.851413 13.386773 10.974327
-15.294271 13.709043 -1.404843
-18.677866 14.165469 0.319153
-10.716498 30.108004 3.057818
-13.642706 24.337044 0.880269
-24.332059 0.598199 2.747969
-3.720769 -2.630001 2.933144
-9.592914 -5.144976 13.606095
-9.380268 -1.459408 -6.233140
-23.507148 17.165467 3.413727
-33.244571 -4.549462 -13.443023
-14.899970 5.154987 4.751425
-13.303725 4.836445 -5.867262
-25.166287 13.179917 -13.913034
-28.432278 -3.353115 1.637038
-9.399565 4.923302 -2.383310
-15.572870 24.144808 -8.318310
-17.148283 26.851097 -2.916958
-8.714223 5.879971 -1.505583
-7.378177 4.351731 -8.559197
-18.737925 -2.856101 -5.358975
-30.976329 -9.325527 10.749285
-2.181439 -0.234079 2.811815
-14.453953 -5.231845 2.203563
-10.920806 21.603337 -4.586747
-20.116855 26.455592 6.547820
-25.476213 25.660646 2.939969
-16.033250 11.102005 3.138857
-9.322236 3.026847 29.146282
-25.608058 -0.605825 10.987998
-17.296639 13.026587 6.242451
-13.038883 4.655985 15.601722
-23.122672 27.281180 -2.016983
-20.995448 2.897481 21.248005
-13.194927 -6.959019 3.507518
-15.550542 23.924083 13.473270
-26.037639 -0.385001 -11.667466
-10.976804 20.158520 -6.455932
-16.827310 -0.949976 -1.605465
-17.869051 23.170657 8.910359
-11.286728 -1.250864 -14.249237
-13.789602 28.140550 1.300605
-23.580232 -1.867557 19.071359
-15.563949 -1.496562 -3.720107
-20.641344 10.971148 -1.803302
1.646110 3.927241 5.650478
-23.834996 13.987921 -1.331389
-18.151332 10.893977 -0.088782
-15.279966 7.631119 2.993286
-12.382959 17.103328 2.227468
-22.101317 24.351277 2.925561
-15.479188 21.874065 2.764189
-8.837561 20.146545 -4.358327
-9.862109 22.175139 1.219655
-10.335561 23.802699 -13.499385
-15.732183 -0.785654 2.049333
-17.129811 31.985648 1.530799
-12.077949 -2.741179 0.517394
-11.889308 24.317363 0.275707
-12.334590 27.333142 0.731558
-18.805834 14.034557 -0.137348
-19.524829 -0.972514 12.140696
-24.965825 -2.043708 18.074012
-9.452150 25.516376 -2.842966
-20.878877 4.825299 15.101350
-16.238821 2.712427 12.347618
-21.307810 -2.683350 13.906423
-8.766606 23.495474 7.406988
-14.236171 12.365168 -5.459533
-5.175557 -3.428931 0.201539
-11.664392 1.213803 -2.806965
-17.396367 30.898918 3.672817
-17.088106 -13.693045 -5.526033
-15.438041 23.597124 -6.188648
-13.133999 21.959023 -3.298247
-21.777704 7.099933 7.832618
-19.132520 21.223332 5.319175
-22.431542 7.451314 16.962844
-13.335320 6.041088 0.468259
-32.229941 3.927506 2.279402
-25.073654 -5.467249 -1.693438
-26.060417 9.779045 30.909291
-17.917644 10.874820 1.573079
-14.605103 12.326839 -5.281285
-14.786108 22.213066 5.393925
-19.001372 22.938821 -4.066450
-24.049451 10.436852 12.646102
-12.803479 18.663183 -1.709360
-31.127746 0.035691 13.465624
-5.573261 1.765744 4.904803
-15.799894 15.800519 3.122109
-19.711302 -2.520783 1.768506
-13.130734 7.642914 -1.355092
-23.995833 0.539402 6.130730
-15.325085 19.686901 -6.575371
-22.499383 5.469474 8.714880
-19.799199 8.740046 9.389625
-20.119782 15.536115 6.252157
-18.081088 26.006849 10.636399
-21.124521 25.682241 8.381157
-16.751999 -7.285959 10.764681
-14.887139 19.053689 5.360034
-17.782710 0.395362 8.712777
-18.010336 16.461018 8.679879
-10.325603 -1.172325 1.892456
-15.560854 27.763464 1.978086
-18.982563 -5.387606 -0.264600
-15.680305 17.300731 5.969488
-18.005375 -1.443698 0.171583
-8.972975 18.872482 4.584501
-8.483963 24.257092 -14.343996
-23.546123 5.401518 0.678930
-16.853759 21.659034 2.095481
-10.150802 21.524576 -0.543470
-13.851173 15.865487 -3.974357
-21.883883 23.068870 -3.369880
-25.763587 2.769598 1.235924
-19.171680 -6.448563 0.507368
-16.241059 15.095954 -1.905040
-27.657793 -2.883940 -6.316969
-25.328256 6.513040 4.085016
-20.244426 17.538478 12.320228
-18.280107 8.432552 1.700889
-17.335901 12.946636 -5.607081
-22.490571 1.560521 10.340196
-28.526953 -7.417455 6.790136
-20.827372 26.150281 2.207069
-16.512773 19.119669 -14.218495
-8.158882 24.837512 -5.773676
-16.761023 -3.072000 4.771549
-19.645107 -1.189287 11.656688
-19.954219 19.102299 7.528144
-18.609486 29.717947 -4.290234
-21.020512 -2.434309 10.444511
-29.571039 6.366407 -9.778945
-14.740273 0.145995 -8.258933
-20.917143 15.427884 3.052981
-12.787573 18.656791 -1.436830
-19.945137 19.099051 8.199352
-13.100069 21.275690 -5.138009
-12.225193 26.893711 -2.799440
-16.685198 28.660778 6.927894
-21.005871 6.380539 -22.279518
-10.200874 21.503889 -1.505888
-13.923908 22.913339 -2.353615
-13.348400 29.339191 -4.697618
-5.193066 -0.083734 -0.230888
-20.726406 5.981554 13.061808
-10.131648 18.582807 -7.355113
-1.670748 -3.100247 -3.598991
-24.382571 16.340360 -6.002311
-25.097757 9.931103 12.468152
-17.369574 3.915612 2.518271
-12.522363 17.024264 3.849238
2.990040 0.007887 11.744660
-21.763753 23.813874 0.505699
-13.967690 10.187397 -2.760380
-1.840275 3.436384 -13.623701
-15.952021 9.121506 -3.422198
-15.860764 7.871810 3.428421
-13.583197 9.004257 8.465006
-16.384080 -7.135987 16.172927
-18.201693 16.850244 -4.885930
-21.351124 30.889507 8.770803
-25.219822 -7.690230 3.015163
-19.205578 28.214773 1.295475
-9.400162 26.222517 -2.301554
-10.240646 29.309852 5.769832
-27.866812 15.471790 14.944140
-14.640434 11.252280 4.736777
-19.365015 7.762926 -6.739947
-12.257579 4.295775 9.861123
-19.512988 26.819508 8.497391
-10.837093 29.362322 1.416404
-28.454996 -3.341008 1.678726
-17.751142 3.762289 -2.276143
-16.310374 17.180349 3.348165
-18.564809 2.894624 5.600116
-10.618516 -2.457820 6.695415
-17.494941 -7.332368 6.938930
-15.637860 17.272174 6.986634
-24.009451 9.953334 2.626964
-16.244856 16.084842 -1.986776
-15.366151 6.981428 3.084100
-24.935321 7.758460 11.251941
-19.699892 4.782794 16.590763
-14.275183 6.165368 -7.733614
-18.316661 12.734734 -18.804727
-12.913806 -1.153071 0.655293
-19.991408 29.051685 1.849989
-17.242704 15.614657 7.327305
-13.222668 3.909902 -12.463249
-25.348592 -4.650166 8.377997
-19.223649 28.252509 2.225944
-23.993880 25.846168 6.279507
-18.534263 7.688096 1.095348
-13.595354 20.859146 -6.511039
-21.412837 13.576486 0.076238
-13.421808 3.198128 1.237033
-20.559479 -9.986538 6.276335
-12.820855 5.390115 9.745319
-18.594572 17.417663 4.339733
-21.411348 11.949289 -20.574188
-15.486711 33.593044 3.487987
-15.218709 -6.066865 4.376803
-13.637244 21.334009 1.426752
-17.398830 14.776049 5.197081
-17.667494 24.336821 8.679831
-10.730342 2.219264 1.129189
-15.103169 12.098790 -1.786188
-20.506153 23.529556 6.427587
-16.240794 21.777218 2.245014
-20.685616 19.622764 5.835149
-20.262794 24.444471 2.590619
-29.539107 2.331938 11.303231
-8.102563 6.368064 -5.607115
-22.384002 24.574493 -2.714178
-24.396257 27.109775 0.228207
-15.466374 1.403877 0.596452
-27.483444 3.579104 -5.996684
-12.394265 19.896911 1.731709
-23.660263 7.805312 10.873798
-20.452721 23.512705 6.084407
-16.697687 24.262015 -0.891965
-15.410375 -2.592153 -0.587876
-10.275503 1.668866 -3.482310
-24.536592 4.917895 11.749129
-15.378247 -8.178463 2.357110
-27.701756 1.682805 8.834984
-13.337778 29.358279 -5.402241
-22.634795 -6.055844 10.576764
-18.303111 23.744863 4.186508
-14.069074 16.370202 -2.153241
-17.060639 20.330730 1.940281
-17.444564 30.876824 2.804719
-25.286922 -7.275999 2.734418
-11.724807 22.198669 -16.083965
-19.009547 21.416361 8.013784
-17.719864 26.595852 7.757879
-13.890210 22.854972 -4.202071
-19.176898 -6.464065 -0.248182
-13.367179 0.098767 25.237865
-22.632965 4.980347 7.829180
-23.245670 25.437621 -1.813317
-19.124157 20.811723 18.210478
-21.921075 19.809561 4.472212
-9.183980 1.354080 9.058853
-19.303045 14.540031 1.755991
5.311033 3.886328 -24.996392
-18.921759 9.690292 9.931051
-22.218886 22.432161 7.731392
-16.955856 3.407113 -3.686827
-12.941294 -1.040566 -0.609710
-18.964121 -3.097270 1.706411
-13.855295 18.775536 -4.415695
-17.169936 26.754854 -2.459737
-15.480365 14.639188 -7.565875
-17.068601 24.615721 1.956372
-15.592588 17.151907 1.779868
-21.329292 15.247587 -12.856584
-9.956292 24.967743 -4.029657
-16.568837 15.063411 9.340251
-16.697072 5.783095 14.701279
-14.947241 19.096437 4.778092
-15.938131 0.533079 -3.824003
-21.476946 27.572474 7.749445
-24.911745 0.514971 -2.611472
-10.063132 -3.177311 7.667386
-15.883031 28.768791 -7.153114
-14.792199 5.182862 5.102119
-26.671768 1.789453 5.286939
-20.883991 1.839492 6.795038
-15.896733 26.985420 16.854991
-11.722557 -7.506520 12.413993
-14.221335 23.062054 5.891427
-20.609416 30.292117 -6.481976
-18.015956 8.353046 -3.752677
-18.081591 17.180226 -1.320268
-14.359135 25.192812 -8.920002
-21.168373 2.149330 -2.246883
-17.730233 15.217714 8.826374
-11.687147 -3.346187 9.940635
-29.427461 -9.743297 10.340211
-8.170884 3.478658 23.068212
-14.098358 -9.098599 3.987998
-24.311577 28.621253 0.602282
-9.213837 23.875025 -2.692912
-21.622360 4.422322 9.472703
-12.182139 26.909954 -2.652866
-23.258051 23.011574 -1.767487
-16.108520 7.933463 -0.289195
-15.648172 8.090137 2.665571
-30.018136 0.213075 11.183196
-20.620450 -10.478911 10.817151
-14.116362 -5.468722 8.961998
-22.168008 4.756014 5.588528
-18.362526 8.514614 2.718200
-22.803917 16.060911 -1.537657
-8.823653 23.533804 8.953668
-11.882686 21.183560 -4.867878
-14.954944 -1.257174 -4.179827
-15.542058 -2.439894 -7.382640
-21.992585 8.929792 6.271944
-29.609580 -4.164746 6.443553
-12.461334 25.413160 3.022837
-16.154921 7.948011 -0.800945
-19.254146 15.706009 3.605322
-24.781977 6.683219 21.645538
-17.374661 13.038662 5.529231
-12.422080 31.970996 -9.810417
-22.425798 14.367719 -0.348554
-16.140498 26.208065 -3.027669
-15.451263 -1.331132 -4.774505
-14.143327 -9.044231 2.702579
-22.914622 -6.196763 4.500108
-15.514333 7.924919 1.850304
-14.045336 23.998153 -2.383061
-19.865072 24.607750 -5.480671
-6.793499 -8.115016 -23.980998
-13.227973 9.111793 -0.204532
-28.564225 0.542239 9.215638
-13.830738 18.717206 -4.758517
-14.377929 -11.309974 17.898179
-18.163496 23.243433 11.779034
-22.516813 0.978623 8.760645
-20.455189 23.965079 3.274155
-21.926540 6.178198 13.344701
-18.991889 26.888676 5.666643
-16.638612 17.665251 0.480438
-14.822658 5.104263 5.333617
-23.337617 11.492461 11.285039
-12.247195 -0.121099 0.239295
-10.090870 5.217615 18.455986
-24.209624 -11.987782 5.240469
-11.636390 29.305951 6.435076
-23.750681 29.396763 -4.563119
-17.232638 -0.472758 -1.529541
-4.899293 -1.303869 18.995844
-20.059482 2.862867 -8.244623
-7.499201 14.707780 4.464989
-12.644325 3.720692 -8.358281
-5.541074 9.782950 12.648543
-18.989043 17.673663 3.891352
-8.742959 26.913276 1.606884
-11.162008 2.816384 4.908117
-15.772581 31.275857 2.349018
-32.990346 7.084773 1.273809
-16.951981 28.581180 1.782688
-13.338315 24.816947 -2.025180
-23.540189 -9.543558 0.529406
-8.189210 6.396273 -6.073926
-18.879596 30.862475 7.384504
-14.881387 12.540822 -2.450047
-21.144332 25.657216 8.333402
-17.743734 3.699860 -2.585385
-11.784561 28.074945 0.386136
-14.888725 -3.076686 -17.543638
-20.291835 19.565409 13.402639
-24.385516 12.143832 19.159494
-16.129866 25.538367 -2.138569
-19.919471 18.529495 6.019767
-21.157419 25.709295 7.715127
-11.618288 4.264423 -3.069614
-11.701806 -3.326530 10.359719
-10.320371 16.550017 -2.949130
-21.411593 25.704863 5.098842
-14.059717 25.586460 -2.030577
-19.157994 28.196760 1.644223
-9.247069 23.928918 -1.785246
-18.864092 32.230715 1.021711
-13.708643 23.110184 0.600840
-16.691168 -0.657053 1.842857
-29.334841 -6.382249 12.040502
-22.328094 -11.165128 15.022671
-24.977267 -4.824223 1.024407
-14.775157 -3.005801 5.817545
-27.375344 5.486344 -7.380604
-19.792324 21.211276 0.775090
-15.461895 20.281661 -0.090493
-16.095528 3.311039 3.342986
-19.495015 24.677797 1.618015
-19.128494 7.400912 0.082083
-15.737918 5.131359 27.234337
-15.495569 1.410908 -0.508812
-21.008036 -5.964170 -0.658368
-23.961991 9.240805 -7.755544
-4.480304 -4.200573 14.892924
-14.108166 -5.067663 3.099090
-17.222355 16.772544 -1.846621
-15.595261 23.405816 -8.064820
-11.295167 -2.280626 -1.423508
-24.625491 13.620275 6.203571
-13.002371 -8.482361 6.513732
-10.475642 26.104937 -3.195886
-10.694144 30.134413 4.447563
-17.479785 30.707794 1.265872
-16.538588 21.296247 -0.417468
-7.111787 2.038753 -8.368563
-16.946279 4.616371 -5.169237
-16.322841 16.141715 -1.796224
-15.488779 13.052084 5.065880
-28.596004 -2.292851 13.898735
-24.822135 -10.141638 12.662957
-18.478407 25.206463 -3.377843
-17.626051 -4.008538 1.909549
-23.669198 15.689043 -9.179795
-15.336169 -8.218401 0.869692
-14.793240 22.409961 2.020962
-14.837714 18.256943 -3.264900
-9.195772 23.965666 -2.040402
-15.827770 8.378466 -3.315606
-12.674543 21.631405 -4.536939
-21.301440 24.983994 10.216111
-16.165250 -2.323303 7.210957
-20.392369 -3.972057 0.976199
-17.220187 -1.654153 1.789905
-27.470041 -2.253479 3.455752
-22.263794 15.033326 -2.500438
-20.331276 -4.521553 -2.719770
-6.759190 0.529505 5.919545
-7.135101 -5.718208 -16.203651
-14.522722 18.963784 -11.250205
-13.857170 22.915238 -3.108655
-12.319855 22.511858 -5.965892
-24.495673 13.320588 3.901196
-29.938725 -6.298118 8.797350
-15.934274 -2.915443 4.993306
-13.546064 18.671498 -6.085732
-10.960460 -11.190759 18.746864
-25.488332 -0.844186 8.468355
-17.405248 30.925478 3.545008
-2.336984 -0.493642 -4.108703
-21.774616 -1.867542 4.831229
-15.313245 13.051916 6.498446
-20.441682 14.291650 -6.160959
-25.318179 8.398529 7.544085
-24.428126 -8.378702 -12.208365
-12.100946 20.104297 0.522453
-24.264451 -6.275912 -0.124666
-13.793515 1.921318 -15.240522
-25.893843 -2.546860 10.598310
-17.119352 19.073906 -2.303596
-12.394628 11.049807 -13.883158
-15.841082 11.670782 -3.754701
-28.461658 1.587660 2.415254
-19.535048 -1.075789 13.896590
-7.605635 19.441271 -0.013791
-18.534663 7.644700 0.033863
-18.525177 9.828416 -1.457565
-14.973707 12.522724 -3.375659
-14.420046 21.637912 -0.540598
-11.445054 26.716791 -3.261377
-11.425134 26.795856 -3.163934
-20.947854 15.838556 5.056612
-8.508632 -5.651365 4.775192
-24.140907 17.920413 -8.609948
-8.593745 2.199443 9.395963
-10.214594 5.620825 17.994286
-14.019466 -5.448786 8.702453
-13.815882 -9.608304 -0.216010
-0.868598 -0.192585 9.204663
-25.092050 -11.442946 -5.015906
-18.616220 15.049948 0.372053
-20.140052 27.918340 2.588431
-10.077759 -6.051026 -15.843584
-21.194455 10.346150 -11.227594
-13.514261 -6.858525 -3.402756
-14.383781 9.257549 -7.535294
-21.573883 26.866093 8.561146
-13.675646 23.656655 -10.250318
-13.132548 21.986455 -3.658471
-18.839803 -8.742511 13.483700
-20.885372 25.058674 3.468628
-21.679054 15.481050 -3.314860
-12.495708 25.400545 3.692855
-15.781371 20.989110 0.772158
-22.946547 6.156280 -10.602365
-1.791156 -3.896709 6.909264
-20.090445 28.329742 8.854176
-16.304867 15.190908 -2.002756
-14.783412 14.836951 1.784218
-10.735500 30.086517 2.287311
-17.145589 32.112306 0.862950
-27.111568 4.937250 -9.834876
-30.148360 -0.932445 0.172739
-26.904060 6.461166 -14.263413
-12.478745 4.347511 -13.017155
-20.264557 -3.531534 4.681455
-15.827540 20.961308 0.712180
-14.023495 30.267504 2.498277
-18.660957 26.914931 -2.543277
-10.240123 26.969531 -4.246413
-19.593385 24.652705 1.168530
-25.637450 1.292558 12.759615
-16.302718 19.172806 7.711040
-18.262934 2.316049 8.901065
-24.760063 -6.674489 19.824415
-14.800462 7.343088 -9.480086
-23.893487 1.277072 12.413988
-14.951410 28.011371 9.644302
-16.444976 -5.173707 -7.194746
-18.502214 9.838349 -1.601840
-16.488580 -5.206959 -7.283595
-9.724014 3.851457 -5.524485
-14.912472 12.568391 -2.510282
-14.567112 23.519849 1.733379
-17.573221 20.155981 -0.332821
-18.262321 -4.393945 -1.727355
-15.490063 13.702757 3.388676
-22.146942 19.084512 -5.483525
-24.382042 -5.662325 -0.384698
-17.770372 21.029390 -3.351467
-13.027820 25.338965 3.905740
-20.562029 -10.476610 12.252991
-10.994467 23.039634 -7.876280
-21.805041 -1.744582 4.665427
-25.956169 7.400881 12.186760
-16.199760 25.492116 1.494106
-17.430053 25.694262 6.378924
-5.174741 -0.222425 14.447047
-12.168827 15.549177 -8.381786
-12.571848 21.554347 -5.329969
-16.177630 21.762059 2.216008
-16.400018 3.152441 -4.034778
3.301450 6.689250 9.487775
-14.545918 4.273060 -0.714198
-6.755670 -4.916287 15.464731
-14.127766 -5.470379 9.462169
-28.117035 -8.411638 -21.550642
-18.459073 -12.593151 10.813076
-19.879484 23.442787 10.350421
-7.530859 7.111763 -3.295417
-16.795291 29.321233 4.630747
-16.143111 20.696715 -6.093306
-16.376695 29.269637 6.437854
-19.881608 19.114238 8.562561
-25.114507 5.507681 -5.683480
-13.533472 21.418793 0.001789
-16.140823 21.895400 -2.484720
-9.853623 -2.899041 5.332669
-14.112238 14.330992 8.785027
-17.468440 2.647582 7.944246
-21.621968 6.147532 5.564045
-11.690335 -2.530370 0.143688
-31.492725 -3.807762 -1.645081
-17.065186 -14.063177 11.479720
-14.542492 2.043840 -7.403933
-10.602581 26.695825 2.845250
-17.129974 22.245126 2.423714
-18.009895 19.615062 -0.865732
-10.005673 19.882480 24.071277
-12.766183 9.892917 -1.618220
-13.516365 -4.228661 8.217809
-20.974864 -5.977313 -1.232682
-19.808474 23.762302 4.799544
-19.757916 27.469537 9.031451
-18.421460 8.458438 1.982014
-21.101709 -1.108771 -3.294889
-20.065571 15.739025 -6.158937
-18.052077 -0.428678 -11.532619
-21.881301 22.663957 4.990032
-19.831627 6.264181 13.340855
-23.472491 6.482405 8.781880
-16.203822 26.175255 -3.185697
-18.205102 17.280964 2.534947
-14.501533 -2.355036 -3.261565
-13.784798 24.290971 1.082377
-12.432189 31.598020 8.346114
-17.617610 15.132575 8.173563
-20.283317 -1.250645 -1.173611
-11.495176 -4.450825 -6.062629
-24.726963 13.736648 3.259073
-24.998594 26.992134 -6.551435
-15.729207 31.103930 -5.461395
-10.733584 27.442300 -6.738564
-13.971434 -5.599597 7.324929
-22.048969 5.165013 9.223351
-14.622164 5.933536 2.613722
1.535435 1.168567 -3.360782
-24.747831 13.770593 4.165012
-17.721844 27.515633 8.997333
-15.568225 27.700152 1.836441
-13.039780 -11.692710 12.438050
-13.101404 14.081752 4.907441
-15.724848 20.436103 -1.291206
-22.862250 29.926457 -2.407303
-23.001721 4.039892 -2.215426
-12.491587 4.040500 -1.121745
-29.487420 -1.003599 -1.397515
-14.063136 -3.570099 4.361957
-22.592567 -1.028162 1.582840
-25.302304 -7.679432 1.544051
-18.912824 -1.385359 9.800517
-19.730506 22.370385 -0.943523
-15.000505 9.088848 -2.525235
-22.613983 24.868236 -0.029508
-19.011464 32.497216 1.317653
-16.287330 15.110835 -2.485357
-23.066737 9.981724 8.652682
-15.624176 17.325146 7.305087
-10.250225 -4.551431 -2.330368
-22.517522 -9.278096 5.472293
-13.191728 -4.228936 1.790363
-19.042529 14.840572 -0.600472
-24.412203 26.459411 -1.284419
-15.266192 -0.896522 8.113654
-22.112368 28.143911 0.426892
-15.321170 1.917476 -5.321334
-14.856382 27.083339 -3.427066
-14.164579 -8.961951 2.705802
-17.096401 12.187798 -0.471442
-25.929831 -8.514720 9.469521
-18.647695 1.008015 10.791653
-26.225522 10.988482 3.684640
-18.355576 -1.348494 6.950048
-19.881951 26.412869 -0.773979
-19.104681 28.121134 1.683174
-22.706567 29.540616 -6.693173
-12.585553 17.046768 3.977048
-21.189003 0.749844 5.776337
-11.878437 1.997335 -9.788052
-10.793779 23.186660 -8.843786
-13.657317 21.428076 1.095899
-12.441391 13.725914 2.952396
-14.720436 9.152557 8.815883
-23.683530 23.654236 4.613538
-15.769465 -0.774991 1.481639
-15.609990 -2.710893 4.291733
-18.076976 2.035175 0.907358
-17.750930 15.908019 0.217071
-22.408035 16.054174 2.311876
-7.168421 -3.501581 1.143221
-27.568761 -4.437509 11.614808
-10.595196 22.756868 -2.858447
-23.622481 15.660743 -9.004529
-10.556893 -2.511214 7.777042
-19.178790 3.504825 6.178856
-22.934141 -2.370680 8.893029
-15.278095 13.503521 3.041860
-11.958502 21.200268 -4.943871
-19.926365 4.580868 8.966090
-16.646154 11.262938 9.442006
-11.182478 -5.089126 -8.246772
-17.891142 17.077853 -0.179895
-18.090487 16.664780 -2.034391
-25.829030 4.414193 11.166653
-25.467558 -2.081508 15.179591
-19.986615 10.863158 0.401255
-19.906054 9.810597 -1.269645
-14.690135 5.963578 1.980417
-19.670755 4.937646 17.809445
-14.315243 31.275449 9.892885
-28.507051 0.563541 8.900025
-18.326909 14.444531 -0.599347
-20.367158 29.737469 15.268595
-4.466773 -2.013017 13.565950
-15.303674 -1.033371 -3.433176
-20.042806 29.066312 0.853939
-10.803900 25.571802 -3.737088
-17.201098 12.667713 -6.389860
-14.427947 28.664741 14.497501
-15.058198 21.128500 7.749190
-16.172526 26.161992 -2.619274
-13.276556 -5.430856 3.229262
-24.225074 9.195565 -7.572825
-15.546348 23.432745 -8.312063
-29.515555 -5.167180 13.493649
-19.506524 20.607887 4.019507
-16.926327 10.612450 -4.350560
-7.272649 -0.291529 1.201060
-16.196030 25.523229 0.922751
-24.800111 24.865545 5.058966
-12.579415 -5.952510 8.170277
-19.025057 -2.146618 -5.054383
-13.284053 16.254633 -3.235367
-15.391530 -2.493859 -1.322047
-8.234145 3.579913 11.058776
-14.139312 -3.586426 5.128048
-11.818942 2.426053 6.022990
-19.077181 3.941407 -10.127254
-22.467827 12.868441 11.676175
-19.280112 14.545775 1.107227
-15.605457 -2.794055 4.451838
-22.250958 25.002858 9.573835
-17.122311 32.033489 -0.244118
-21.878143 4.002595 9.572978
-21.366908 9.826129 23.529536
-13.862105 -9.611197 0.546829
-20.137168 20.814609 0.685761
-10.573629 31.973026 6.895375
-16.249310 16.115301 -1.546263
-15.693103 -2.299070 -1.418159
-12.905979 30.459214 -1.422040
-15.280466 -8.205626 1.159537
-11.297214 24.739618 -0.620304
-17.264395 6.119783 -1.760881
-16.373388 15.535688 6.170129
-30.775025 -1.265229 1.918094
-20.144273 26.561640 6.448736
-16.451026 -3.707313 4.533133
-7.657189 21.760118 -8.950568
-8.925772 -9.963925 10.581832
-11.678080 15.385071 -8.340410
-19.417806 17.516618 13.435070
-9.218240 8.877799 17.130705
-20.720713 25.931746 2.680593
-14.338970 -2.737874 -1.358794
-11.861496 -1.971605 -1.329553
-13.965869 16.006036 -4.843939
-29.564468 -0.888477 -2.435496
-22.116891 28.083280 0.179939
-14.159776 2.083674 -9.241904
-20.683394 -1.219918 -6.999483
-23.542418 -1.856305 18.471326
-24.071176 2.248100 3.450660
-12.048715 -2.738004 1.735104
-14.994902 28.919412 -1.967334
-29.665479 7.030051 -18.815180
-16.800222 10.805821 2.557342
-16.668378 30.711813 -0.731357
-15.343673 31.371443 -4.225747
-6.491287 0.262775 1.384571
-14.089442 -5.459419 9.103566
-16.179045 25.545442 0.693783
-14.552938 0.052214 2.089705
-17.045165 22.827427 3.834413
-31.574772 -4.695232 5.920709
-11.449371 26.692808 -3.245817
-24.006578 10.437163 12.591677
-15.939171 26.543037 -0.096269
-20.375202 25.372916 4.204267
-18.050894 25.844017 11.179839
-18.097609 25.792849 11.225860
-18.077325 13.389835 7.432890
-16.861975 -4.029251 -0.151102
-14.769403 5.169280 4.528087
-22.116405 15.676898 3.608657
-15.715313 2.914147 -4.063679
-8.857791 25.601518 -7.499812
-16.638638 24.229899 -0.591284
-15.654920 8.029120 2.462469
-18.766535 4.487308 3.202672
-14.996643 17.592166 -0.491933
-10.939849 19.085484 -8.679231
-14.161109 20.743567 0.230516
-16.730815 19.458435 8.178987
-17.103418 19.156943 -1.545087
-18.740091 14.077111 0.291490
-17.040622 -5.768454 6.034223
-12.512226 -3.793656 7.161731
-8.255970 8.241816 3.342941
-23.585603 1.875390 7.003761
-25.497818 -3.656396 4.865466
-21.543559 27.615505 7.851396
-14.535936 23.265020 -5.889376
-28.422877 -2.727799 2.080641
-22.593435 27.908548 25.605116
-17.381702 8.376372 4.503188
-14.032238 5.879647 2.107154
-11.444255 29.339019 -6.272548
-9.744579 -2.396892 6.802778
-22.013924 17.424754 -2.140902
-11.321946 20.387864 12.691026
-9.289346 5.226154 -7.167801
-18.617789 7.662601 0.181489
-14.377594 14.615505 0.028684
-10.822245 29.294128 1.264213
-19.124865 -4.730285 -14.079211
-23.715367 -3.308343 3.679123
-3.953067 3.715240 17.612685
-27.637584 1.469427 17.921014
-21.145114 25.650081 8.054026
-17.922773 23.160664 9.014791
-18.920717 23.945807 12.620499
-18.708314 0.999605 9.906867
-16.147029 25.594508 -2.067544
-15.591610 8.022017 2.307142
-12.428299 -2.049697 -1.823618
-25.816532 -1.188781 2.617096
-29.454449 -4.146380 4.295240
-20.625457 -0.797595 12.140029
-24.939398 7.784328 11.367123
-22.221820 15.083625 -2.275552
-28.360307 1.697748 5.850927
-22.056353 26.391433 -1.226659
-12.773061 23.691428 8.632103
-18.353668 26.453472 14.551336
-12.250023 -0.088283 1.130442
-16.315402 25.319607 0.222752
-20.110322 14.675245 7.419697
-19.208730 7.855043 3.962644
-19.639403 26.624934 12.766379
-15.785269 5.677529 -2.027704
-18.174749 16.934620 -4.954966
-12.662768 20.682229 3.731150
-7.273165 -3.503359 1.018082
-18.368106 -15.537014 -2.293565
-21.541069 5.260726 10.879342
-22.323648 25.898984 -2.179366
-24.378647 26.513384 -0.655078
-10.825250 11.473663 -2.962904
-19.986530 4.442016 9.324775
-19.061531 -2.235129 -5.070009
-10.564248 -2.414793 7.158949
-10.574108 22.691814 -3.262370
-15.705946 17.178531 0.240849
-12.712631 20.738543 2.800129
-17.147395 32.042612 1.011869
-29.921142 -9.244524 9.949261
-23.742556 -0.057797 -2.747650
-15.953885 0.501067 -2.772774
-11.883653 -1.952798 -1.892488
-23.113009 10.723333 6.972499
-19.701221 0.273295 0.819047
-16.319244 16.074972 -1.341569
-18.583648 24.571110 -8.043544
-19.792112 8.672525 9.107499
-17.185782 -7.959287 16.244362
-18.277501 16.901681 -5.949469
-0.789231 5.903664 7.129361
-20.260635 -3.482368 5.670172
-14.974454 7.767612 -0.604816
-19.157804 25.031860 -7.034010
-25.597074 1.283120 13.257594
-17.742883 -5.125045 3.535715
-16.142922 24.146433 8.666443
-23.454969 1.458243 3.856134
-21.017505 -1.749916 8.172441
-22.470944 3.865170 23.981154
-14.921517 25.656201 8.950674
-26.586445 -7.539115 11.685005
-15.169472 20.123078 9.035260
-6.825212 21.274162 11.937553
-22.511731 24.602737 -2.239633
-22.585968 2.858641 6.758623
-20.044438 10.790766 -0.052803
-12.706185 21.626805 -4.803294
-12.542573 -3.807916 7.734681
-17.469207 -8.764530 10.007597
-23.527066 25.313278 0.850864
-17.477834 14.790096 6.564257
-20.247919 -3.486114 4.623976
-17.121533 23.075996 6.817335
-16.327963 -5.249571 21.545341
-11.949013 15.672766 4.679665
-21.510507 4.796338 10.335224
-18.137285 13.391287 7.322166
-10.184710 18.564042 -7.007039
-12.108693 18.232115 8.353333
-16.210826 -2.281895 7.718282
-25.592675 -0.118816 4.478778
-27.516429 -0.404179 -1.171797
-8.999939 32.548162 2.103071
-14.583101 21.900207 -1.501659
-22.516353 -10.787664 -2.439983
-27.306757 -7.274345 12.291373
-6.695955 3.123177 3.982979
-17.648898 -4.013755 1.625274
-17.577110 24.311075 8.929020
-29.277896 14.056761 4.187223
-15.035286 27.171427 -5.876155
-13.002362 6.986112 -3.849814
-20.699638 -5.758753 -1.616155
-9.443551 26.569339 -2.654807
-22.408690 24.584482 -2.457540
-20.089507 21.997227 4.279767
-26.983989 -4.135708 0.983742
-17.173838 -1.594801 0.276545
-11.294749 -7.413949 -6.925703
-14.644477 21.845083 -0.801278
-14.800670 22.169397 5.583624
-20.454638 -4.032476 1.678323
-17.660453 27.460081 8.637667
-15.680957 1.792779 3.719262
