-0.442815 -0.343514 -2.859048
0.038280 -0.047853 -5.383279
-0.404149 -0.217338 -6.066591
-0.452548 0.308091 -2.648574
-0.491353 -0.293127 -1.001831
0.480023 -0.385263 5.862270
-0.452280 0.005230 -1.654640
-0.089104 -0.328615 -5.907091
0.082428 -0.213933 5.101867
-0.428784 0.467023 -5.249516
-0.449848 0.081078 -4.043905
0.270968 -0.099307 -3.760668
-0.269654 0.301276 -0.296884
-0.414403 0.488847 -4.831796
0.102815 0.185194 4.354802
-0.379661 0.157702 -4.798305
-0.432256 0.259948 -3.785047
-0.295623 -0.063165 -3.571884
-0.470372 0.245731 -0.225612
-0.482578 0.193138 -3.697701
-0.303742 -0.065654 -0.006165
-0.241252 -0.071824 -6.241247
-0.039285 -0.359195 -4.537776
-0.284864 -0.114035 -5.781006
-0.352813 0.348796 -1.188155
-0.312919 0.434926 -1.114435
-0.439892 -0.069693 -4.364782
-0.418249 0.101898 -5.774245
-0.399012 0.294635 -2.967132
0.028126 0.052834 3.567352
-0.444961 -0.362700 -1.842459
-0.304563 -0.411958 -1.867190
-0.275505 0.017358 5.099300
-0.300647 0.036548 -5.271657
-0.282328 0.205730 -3.701918
-0.126475 0.287899 -5.481378
-0.413499 0.343510 -5.970068
0.416752 -0.048808 -6.074715
-0.250763 0.443053 -2.853407
-0.425362 -0.497846 9.941221
0.164326 0.117415 -2.461953
-0.485789 -0.249140 -2.658603
0.057138 0.480015 -4.812710
-0.296639 0.428200 -2.127789
0.103035 0.038681 2.016490
-0.487384 -0.266680 -2.869262
-0.436336 0.440076 -4.013272
0.140432 0.188923 -4.870033
0.487707 -0.201734 -3.090264
-0.076854 0.456846 -3.104404
-0.477578 0.307023 -5.545188
-0.323708 0.134165 -5.988631
0.115467 0.234133 -5.248501
-0.341272 0.482259 10.959550
-0.464979 -0.298991 -2.837219
0.201849 -0.383277 -2.986058
0.257370 -0.223787 -0.948588
-0.296397 -0.473908 3.918593
-0.423468 -0.027111 -2.345939
-0.432831 0.403978 4.803151
0.054409 -0.442939 -5.357500
-0.282218 -0.288975 -3.527788
0.461336 -0.132168 -4.412531
-0.414767 0.200528 -1.540098
-0.107670 -0.178496 5.317246
0.173978 -0.496616 12.004149
-0.466950 -0.296014 5.768169
0.130459 -0.002620 -3.485958
-0.159338 -0.320625 -1.848789
0.332310 -0.455242 3.835688
-0.378365 0.162293 -4.015442
-0.476906 -0.299328 -1.130291
0.081443 -0.397782 2.606955
0.267434 0.482849 2.443342
0.226935 -0.079830 -4.445053
0.207047 -0.465154 5.660372
0.394520 0.276816 4.040479
-0.039623 0.440503 -4.219147
-0.398052 0.360372 -4.620375
-0.491232 0.002035 -5.910440
-0.419738 -0.487989 11.538941
-0.458188 -0.041605 -2.642291
-0.190258 -0.297002 5.935373
-0.432824 -0.265586 -2.471830
-0.122942 0.360046 -6.255755
-0.243846 0.323411 6.120194
-0.408918 -0.046932 -4.294055
-0.367295 -0.282281 -2.576609
-0.182866 -0.383476 -0.986038
-0.138031 0.290045 -5.275080
-0.169039 -0.150820 6.153846
-0.396124 -0.350088 -3.536457
-0.478962 0.217765 8.764643
0.415920 0.295452 1.926920
-0.451554 0.150775 -5.158976
-0.089242 -0.323180 -4.317526
0.316795 -0.273969 -0.794223
-0.462539 -0.279764 -6.017748
0.419717 0.264861 4.018411
0.254085 -0.459879 5.572495
-0.223777 0.367765 -2.341380
-0.485470 -0.251878 -3.886858
-0.402359 -0.339076 -4.592306
-0.360048 -0.028071 5.996802
-0.476805 -0.109543 -0.430422
0.018022 0.440061 -4.674528
-0.083223 -0.376934 -5.961259
0.105441 -0.315752 1.807285
0.414498 -0.375738 2.135659
-0.239272 0.097555 -1.736885
-0.360775 0.448884 -6.195800
-0.131229 0.481161 8.616266
-0.448735 0.113099 -3.718084
-0.260137 -0.203517 -2.654920
-0.034068 -0.103131 3.372656
-0.022659 -0.378505 -5.856699
-0.176862 -0.490446 -6.055949
-0.024098 -0.378675 4.742965
-0.309315 -0.471000 -5.427031
-0.477450 0.060625 -2.757083
-0.016138 0.163434 4.331692
-0.216697 -0.346036 -2.229380
-0.429854 0.003613 -5.014498
0.341305 -0.400389 2.156544
0.105618 -0.058558 -6.146137
-0.322738 0.392384 5.932271
0.347789 -0.088237 -2.370866
-0.430983 -0.486666 -6.079834
-0.411423 0.034177 -4.514325
-0.075279 0.493044 5.606663
0.299211 -0.041757 -2.018350
-0.476484 0.009402 8.327149
0.387654 -0.452756 0.706707
-0.248606 0.054003 -5.769394
-0.469162 -0.145346 -3.641842
-0.451403 -0.432251 -2.632439
-0.399430 -0.360190 -5.382639
-0.143504 0.109915 -3.716277
-0.462413 0.351069 4.889049
-0.471945 0.337072 -3.384775
-0.255570 0.145798 -1.937333
-0.459784 0.204980 -5.479558
-0.499486 0.036875 -2.251543
0.270275 0.159426 5.804972
-0.399098 0.243239 -4.365159
-0.267510 -0.311818 -3.295631
-0.409183 -0.450265 -5.729742
-0.434567 -0.264941 -0.892119
0.157059 0.390251 2.403296
-0.382487 -0.016920 -0.332045
-0.399243 0.359272 -3.510358
-0.419027 -0.081810 -1.520757
-0.417074 -0.250980 -4.735549
-0.338280 -0.083864 -2.749815
-0.430864 -0.415036 6.003599
0.043803 0.189610 -5.077401
-0.257948 0.183402 -4.886566
0.139102 0.314748 5.419956
0.153689 -0.276756 5.032151
0.167246 0.297946 4.203204
-0.333770 0.092201 -2.475185
-0.347890 0.195550 -2.286285
0.006056 0.485993 11.575990
0.309430 -0.496101 2.297109
-0.259604 -0.259942 5.943470
-0.474352 0.340108 -3.742969
0.083409 -0.335020 -5.623468
-0.120165 -0.256936 -5.684973
-0.269664 0.186124 -5.960796
-0.457090 0.094705 -4.977483
-0.196905 0.365316 -5.074955
-0.375233 0.253746 -1.489550
0.215622 0.118705 2.423020
0.167587 -0.242097 1.057051
-0.473435 -0.160552 -3.169969
-0.466624 -0.013580 5.812364
-0.494147 0.069695 6.633476
-0.464704 -0.074749 -6.030178
0.378633 -0.092324 -3.672792
0.337475 -0.419385 4.494467
-0.180634 0.124925 -2.626463
-0.499745 0.275491 -3.031972
0.147604 0.331096 4.187593
-0.257329 -0.204289 4.720717
0.257837 0.219845 6.126455
0.193424 0.170988 4.589505
-0.339843 0.203777 -0.531369
-0.387136 -0.140231 -5.219446
-0.335757 0.320840 -5.608488
-0.144210 -0.100349 -4.999091
-0.421597 0.382287 -1.543653
-0.357550 0.223922 -1.963468
-0.447559 0.277138 -5.411975
-0.311385 -0.104819 -4.897940
-0.032597 -0.357224 5.876789
-0.355658 -0.360597 -2.965268
0.359091 -0.386646 5.953468
-0.358232 -0.177838 -3.836340
-0.431919 -0.269417 -5.093266
-0.107976 -0.277215 5.028948
0.176296 0.190479 4.471804
-0.499016 0.022295 -2.784730
-0.069440 -0.471863 5.070714
0.126250 0.256267 -3.642600
-0.260342 -0.448847 -4.326080
-0.232646 0.197484 -2.549280
-0.249206 0.002818 -3.483020
0.085433 0.253599 5.963052
-0.439951 -0.418290 -2.974097
-0.367187 -0.440170 -2.866409
0.034830 0.152946 -1.496041
-0.448976 -0.274321 -4.025950
-0.489517 -0.122149 5.787513
-0.074868 -0.032478 1.670371
-0.059456 -0.487762 -2.366754
-0.130691 -0.170338 3.412615
-0.343932 0.385185 -4.787688
0.042968 -0.010273 5.830723
-0.340576 -0.258278 5.066280
-0.278397 -0.276164 -2.015916
0.211159 0.486584 2.891276
0.404532 0.129546 -2.835585
-0.336052 0.310967 -4.186133
0.492258 0.385772 -0.088328
-0.015714 -0.435657 -4.769272
-0.359752 0.097006 -2.049876
-0.392258 0.377377 4.030310
-0.443594 0.398224 -5.321719
0.118396 -0.270731 -4.193394
-0.400435 0.013398 -3.197270
0.136174 -0.220410 3.055225
0.295751 0.303723 4.873818
-0.009165 0.129757 -3.223746
0.277087 -0.253407 -4.834382
-0.016976 -0.130232 2.909949
0.045529 0.462464 5.795970
0.356985 -0.293825 -5.479520
-0.336642 -0.472997 -2.203146
-0.056301 0.029201 6.109119
-0.426896 0.109741 -2.652095
-0.247791 0.458422 -6.209241
0.317049 0.300069 5.064787
-0.483278 0.480359 6.260941
-0.082805 0.424863 -2.712518
-0.436853 -0.118805 -2.266410
-0.337630 0.200918 6.013126
0.311146 0.212197 -4.481706
-0.309972 -0.446209 -4.974499
-0.238653 -0.463814 -1.520931
-0.009222 -0.068894 4.385715
0.133793 -0.373546 5.227000
-0.452177 -0.387619 -4.261405
-0.305672 0.433623 -0.028620
-0.373095 0.141542 -0.275259
-0.266596 -0.088272 -0.682261
-0.274510 -0.087980 -4.256131
-0.430182 -0.260496 -2.474435
-0.226078 0.025886 -2.675029
-0.418693 0.364656 -3.816456
-0.393795 -0.450481 -2.913932
-0.415303 -0.487847 -1.059793
-0.124597 0.256020 -5.273144
-0.405453 0.149505 5.533810
-0.214526 -0.474125 -5.976188
-0.437350 -0.165867 -4.004059
0.192049 -0.153700 2.473638
-0.452806 0.121156 -2.550588
-0.190300 0.064919 -3.194867
-0.408161 0.150124 -3.730442
-0.479798 -0.152972 -0.881782
-0.334762 -0.247074 -1.742477
-0.421997 -0.018393 5.969151
-0.476184 0.339005 -4.582083
-0.499878 -0.220654 6.392450
-0.274487 0.397449 -5.081354
-0.479703 -0.129082 -1.356129
0.488159 -0.352643 -1.321558
-0.356924 0.470748 7.640277
-0.404634 -0.210040 -3.785184
0.140504 0.390196 1.785104
-0.410608 0.327534 -3.332224
0.270994 0.161234 4.739064
0.014901 0.173894 -5.380080
-0.413293 -0.087485 -2.919985
-0.284831 -0.210207 -5.758902
-0.226713 -0.450397 -3.642429
-0.370521 -0.491096 -3.218313
-0.488387 -0.013577 8.200155
-0.357721 -0.015052 -0.462696
-0.472001 -0.165511 -3.978197
-0.198541 0.044878 -4.292152
-0.445357 0.090731 -2.667081
-0.076212 -0.242294 2.693516
-0.263741 -0.488351 10.986478
-0.385425 -0.172668 -6.159135
-0.319177 0.386953 6.167452
-0.128839 -0.381038 4.958652
0.121989 -0.341025 -5.604499
0.293331 -0.143250 -6.248361
0.005040 0.030277 5.236478
-0.431119 0.432424 5.455455
-0.145998 0.124481 -6.165697
-0.049015 -0.409005 -4.301902
-0.459402 -0.099953 -3.504653
0.226524 0.061982 4.630293
-0.116685 0.087313 5.336709
-0.220449 0.439425 -4.237308
0.298630 -0.400080 -5.281304
-0.429990 0.220108 -2.933540
-0.337860 0.412684 -5.010102
-0.298612 0.451497 -3.698834
-0.414069 0.011300 -1.901787
-0.469568 -0.018366 -0.012730
-0.451888 0.173840 6.070338
-0.168967 0.011804 -4.844379
-0.301712 -0.251368 6.110002
-0.109879 0.031372 6.159164
0.064343 -0.343243 -4.215686
-0.323413 -0.268942 -5.397218
-0.204652 0.228444 -4.744290
-0.316300 0.080029 -5.050739
-0.330155 -0.250637 4.766017
-0.432978 -0.003957 -5.901807
-0.455193 -0.083619 -2.973875
-0.430335 0.091756 -2.405904
-0.194553 0.406660 -5.025461
-0.204024 -0.336049 4.760179
-0.459826 -0.381388 -3.640646
-0.465298 0.327581 -2.319089
-0.476157 0.062528 -3.756027
0.306369 -0.388428 -4.875829
-0.415879 -0.280744 -2.550089
-0.234623 0.278084 -4.398922
-0.432663 -0.147809 -2.165468
-0.378983 -0.407682 -3.551467
-0.353884 0.173220 -5.606576
-0.079240 -0.472314 6.200947
-0.373175 0.105194 -3.872537
-0.334753 0.237114 -3.145521
-0.463931 -0.338465 -4.965761
-0.436716 -0.309030 -6.202575
-0.341498 0.067319 -0.347396
-0.158904 -0.199977 -5.238171
-0.392648 0.279988 -0.555616
-0.348648 -0.462517 -2.367873
-0.346510 0.297642 -0.058641
-0.445513 0.194550 -0.985204
-0.113878 0.481612 -4.110553
-0.393317 -0.264541 5.858155
0.055019 -0.382620 -3.930650
-0.017245 0.265236 -4.605929
-0.133126 0.353482 -2.879328
-0.380397 -0.296073 -5.291349
0.042751 0.161014 0.905587
-0.486857 0.335647 -3.036132
0.178476 -0.432377 -5.728763
0.251075 0.206307 5.108531
-0.094867 -0.466307 -5.318319
-0.493470 0.362608 8.698701
-0.497701 0.069167 -1.620371
-0.381799 -0.467021 6.104945
-0.428227 0.034503 5.651332
-0.440698 0.115192 -2.855021
0.388443 -0.078383 5.843368
0.099846 0.238897 -3.932396
-0.375611 -0.010751 -1.449743
0.229326 -0.444017 -4.479982
0.027966 0.345212 4.206642
-0.175107 -0.467755 -4.805966
0.303000 -0.430879 5.086914
0.428592 -0.437909 5.548485
-0.359189 0.092674 -2.041061
0.390170 -0.466061 4.165128
-0.241942 -0.254625 6.014895
-0.156826 -0.411835 -3.678040
-0.170245 -0.329983 5.838874
0.092876 -0.075219 4.977793
-0.477270 -0.124445 -0.224201
-0.433488 -0.043932 -3.789727
0.035658 0.181720 -3.343591
-0.176911 -0.405285 -6.223941
-0.346099 0.025340 5.549968
-0.446234 -0.254599 -2.353496
-0.439060 0.357259 -4.214921
0.011097 0.410371 -4.425119
-0.479220 0.169968 -2.128425
-0.381119 0.499793 -4.318636
-0.495315 -0.409600 -5.299475
-0.241617 -0.096992 -5.278133
-0.297193 -0.040151 -5.016028
-0.234864 0.269928 -1.944855
-0.179944 -0.182178 3.633660
-0.490345 -0.057830 -5.830522
0.334221 -0.311511 -1.615416
0.012666 0.297631 -4.750859
0.115829 -0.213517 2.819150
-0.460062 -0.242528 -1.157649
-0.299877 -0.397113 -4.040974
-0.432517 -0.445140 -3.690986
-0.448605 0.495860 12.363621
