-0.477956 -0.330339 -4.384042
0.112170 -0.054579 3.509216
-0.482644 -0.214553 -4.969166
-0.427170 0.375745 -5.079226
-0.498184 -0.303928 2.340818
0.454160 -0.430134 -5.252435
-0.479495 -0.013708 5.618644
-0.031202 -0.332275 -4.936807
0.118812 -0.221563 -5.709413
-0.443541 0.483805 9.344360
-0.449091 0.057650 3.188413
0.236336 -0.101545 -6.018576
-0.214265 0.289878 6.067070
-0.387735 0.489427 11.009786
0.030097 0.172245 5.428750
-0.375371 0.174893 4.279362
-0.448568 0.289311 5.643063
-0.284573 -0.043785 -6.197666
-0.433830 0.234519 5.464834
-0.476059 0.293967 -6.028061
-0.223606 -0.047041 3.832406
-0.176225 -0.042722 3.798549
-0.108963 -0.288077 5.006459
-0.296920 -0.025749 4.380441
-0.388918 0.340726 5.025303
-0.367303 0.442755 4.589819
-0.454465 -0.039042 -5.593929
-0.431501 0.023860 4.215325
-0.475882 0.297512 4.514090
-0.042092 0.036816 -5.782105
-0.440460 -0.399237 -6.017277
-0.267746 -0.486204 3.198390
-0.214617 -0.033908 -6.223532
-0.337676 0.134082 1.367749
-0.366031 0.161042 1.536074
-0.189523 0.381456 3.846572
-0.391905 0.318873 3.731834
0.437652 -0.043215 -2.064558
-0.274089 0.465160 -4.750355
-0.489643 -0.434625 -5.820401
0.165826 0.118372 -5.168733
-0.491903 -0.293234 -1.687416
0.000154 0.496017 2.449059
-0.288441 0.474463 6.197358
0.081885 0.104758 4.532368
-0.498989 -0.233984 -5.280516
-0.497355 0.456023 5.878110
0.259149 0.221658 -6.163077
0.422879 -0.278235 4.831133
-0.053246 0.459525 3.857997
-0.491537 0.316792 4.356686
-0.311792 0.235800 5.279577
0.118523 0.243436 4.991608
-0.376567 0.393815 -5.420179
-0.449255 -0.349213 3.607083
0.222325 -0.375580 -3.384786
0.257424 -0.263567 -1.563043
-0.361775 -0.449250 2.418952
-0.458374 -0.095899 5.347151
-0.425135 0.397506 5.339844
0.070396 -0.419574 2.596522
-0.341836 -0.242699 4.901802
0.426951 -0.075742 6.066887
-0.447359 0.114565 1.252259
-0.069939 -0.220224 1.358458
0.239486 -0.489229 7.962293
-0.499855 -0.297757 -4.577378
0.138092 -0.063641 -3.352666
-0.107017 -0.320414 4.971066
0.306129 -0.393040 -5.815317
-0.361654 0.210614 2.239689
-0.454900 -0.351909 3.427039
0.081414 -0.357089 2.521225
0.264558 0.413895 -2.383108
0.200414 -0.060156 -2.405223
0.199553 -0.476349 -5.962632
0.401796 0.241669 -0.005114
-0.000902 0.449634 2.800875
-0.452524 0.474554 5.027748
-0.497153 0.025374 -2.322296
-0.298279 -0.438058 4.264973
-0.492380 -0.085929 0.216410
-0.194338 -0.288328 4.790485
-0.454175 -0.314981 4.515040
-0.156586 0.386034 0.894834
-0.177324 0.273407 3.725668
-0.370971 -0.092572 5.834150
-0.416506 -0.335532 5.230668
-0.227402 -0.469520 5.634740
-0.135425 0.296856 3.799304
-0.141437 -0.140653 5.729601
-0.388632 -0.353967 3.451082
-0.406140 0.304054 1.508564
0.431148 0.258233 -0.223854
-0.469212 0.176102 5.061949
-0.093797 -0.246597 -5.953876
0.324731 -0.314832 5.722590
-0.481256 -0.224633 4.521237
0.452833 0.244052 -4.900966
0.276726 -0.480185 -4.668372
-0.211828 0.339430 5.769061
-0.474189 -0.208540 8.547483
-0.462377 -0.250471 5.141462
-0.277766 -0.032854 2.650677
-0.448865 -0.077874 4.751910
-0.013025 0.438706 5.411327
-0.083744 -0.365382 4.770338
0.163767 -0.262582 -5.283253
0.378354 -0.321757 -3.777105
-0.335684 0.081404 4.616824
-0.350210 0.421412 -4.263371
-0.159042 0.491517 3.282616
-0.489794 0.130391 5.870071
-0.273162 -0.168224 4.401433
-0.084201 -0.037212 -2.800662
-0.006314 -0.467157 -5.075766
-0.244670 -0.445921 5.069829
-0.073145 -0.428998 -4.168861
-0.267015 -0.468374 -5.954039
-0.468340 0.049755 -5.834970
0.014912 0.120671 5.124948
-0.230413 -0.383087 -5.350168
-0.372630 0.078488 3.848577
0.279520 -0.373770 5.491685
0.135380 -0.044963 5.698920
-0.232455 0.351734 2.706442
0.329487 -0.068313 5.066184
-0.384080 -0.474443 0.169535
-0.430119 0.059537 1.895297
0.042367 0.498174 2.931835
0.200008 -0.027138 -3.064035
-0.443921 -0.008056 2.982037
0.401924 -0.471163 -2.683084
-0.302722 0.003424 -6.095259
-0.468765 -0.084565 4.706513
-0.480063 -0.484547 11.657032
-0.373181 -0.336207 -4.482904
-0.108928 0.105840 3.328367
-0.497142 0.267997 2.914458
-0.472686 0.383457 5.475497
-0.308666 0.099695 5.001645
-0.471385 0.247620 4.320263
-0.447567 0.006159 5.500263
0.301626 0.150715 5.012908
-0.373340 0.204445 5.154171
-0.244704 -0.311897 4.227968
-0.366799 -0.456473 5.060146
-0.462060 -0.288770 3.990879
0.116145 0.459055 4.654169
-0.310485 0.062588 5.574907
-0.426490 0.306890 3.346846
-0.405223 -0.080305 3.372330
-0.423228 -0.238599 3.592522
-0.341740 -0.112654 -4.607778
-0.394841 -0.417796 0.532370
0.038320 0.206482 3.771040
-0.262778 0.246662 -3.682554
0.162807 0.310176 1.809767
0.188515 -0.341610 4.951381
0.092102 0.321834 4.274492
-0.274592 0.057258 5.517773
-0.354938 0.233709 -5.757058
-0.028441 0.499204 3.645732
0.279413 -0.467488 -5.737640
-0.177394 -0.285915 -5.772743
-0.463875 0.453533 -4.082896
0.074177 -0.334562 3.381174
-0.074496 -0.205456 1.456400
-0.307881 0.183806 3.920510
-0.467348 0.082118 -4.910716
-0.164863 0.451708 2.020456
-0.391926 0.217800 -5.914109
0.252314 0.124546 -3.329446
0.209633 -0.239261 4.193654
-0.499194 -0.238807 -0.259810
-0.440067 -0.071529 3.729419
-0.448785 0.067559 5.690536
-0.409566 -0.069944 2.905160
0.396379 -0.049643 -3.483578
0.281605 -0.456577 6.174140
-0.239551 0.123999 4.766135
-0.494725 0.244715 -2.620152
0.104264 0.236289 5.003752
-0.317543 -0.195865 4.252733
0.231241 0.233118 -2.044454
0.205971 0.129757 -0.962351
-0.365380 0.204961 2.400803
-0.300732 -0.137754 6.270955
-0.344801 0.325139 4.260492
-0.189232 -0.091498 3.125402
-0.468442 0.348022 -4.322363
-0.400901 0.254689 5.499391
-0.370695 0.280720 3.374134
-0.260672 0.010825 5.349609
-0.023505 -0.414770 6.125867
-0.470397 -0.377364 -5.595019
0.406631 -0.436166 -3.048654
-0.378347 -0.185573 3.391144
-0.478002 -0.220126 2.758944
-0.125529 -0.216123 5.333426
0.212886 0.172517 6.170700
-0.486414 -0.034213 -0.119678
-0.064236 -0.498663 12.237194
0.131487 0.292684 -5.513239
-0.331253 -0.434638 3.171708
-0.316773 0.153891 4.526431
-0.350213 0.007623 4.340172
0.139528 0.268518 3.044357
-0.463837 -0.450852 -5.657923
-0.403206 -0.488803 -4.919251
0.056871 0.118377 4.870064
-0.460099 -0.220221 3.786097
-0.474497 -0.162922 2.915642
-0.062936 0.009089 -1.912908
-0.000357 -0.470075 -5.014957
-0.151916 -0.236974 -5.881993
-0.359554 0.398031 2.079519
0.068375 -0.080842 -2.415365
-0.293035 -0.258904 -2.842264
-0.291694 -0.252767 -1.705921
0.160107 0.441609 3.189619
0.370520 0.126581 -3.601318
-0.464384 0.340217 5.080128
0.429904 0.394097 6.021468
-0.028149 -0.446989 6.173110
-0.312085 0.080032 5.223235
-0.368981 0.382712 -1.845441
-0.418827 0.499110 0.130867
0.025311 -0.253513 -4.827009
-0.397779 -0.027693 0.531296
0.087341 -0.221971 5.316198
0.214418 0.318210 5.611476
-0.052007 0.166674 3.770328
0.271453 -0.201617 3.592706
0.024985 -0.149654 -5.314408
0.147086 0.451990 -4.434909
0.369552 -0.194502 5.175176
-0.418813 -0.465385 -3.870921
0.029181 0.033234 -6.282889
-0.480757 0.091458 4.090620
-0.233721 0.470874 5.522484
0.269538 0.324370 -3.901920
-0.466551 0.443730 3.463406
-0.070263 0.440177 2.578013
-0.469799 -0.156552 5.402790
-0.303885 0.178337 4.614517
0.341704 0.203146 -2.268962
-0.322717 -0.366289 3.543382
-0.225928 -0.463620 5.612007
-0.011020 -0.069761 -3.474720
0.228658 -0.359943 5.183408
-0.433609 -0.330804 -4.233558
-0.315914 0.492189 11.696385
-0.340722 0.096375 5.222583
-0.285051 -0.110771 6.072690
-0.287593 -0.068044 3.972823
-0.376615 -0.255637 3.370735
-0.240506 0.019489 6.171141
-0.434305 0.397811 5.746604
-0.390625 -0.460639 4.034555
-0.399817 -0.482588 6.043723
-0.069728 0.216490 6.136526
-0.447740 0.049760 4.416713
-0.210541 -0.480392 3.492487
-0.464972 -0.080105 -6.216290
0.123193 -0.208702 5.143363
-0.489426 0.025268 3.984611
-0.238782 0.063498 5.870278
-0.454155 0.178276 -4.026376
-0.462216 -0.168060 4.695699
-0.394275 -0.222833 -4.946569
-0.371121 -0.112913 -6.151605
-0.488127 0.430446 -1.053177
-0.443213 -0.320242 0.479670
-0.262686 0.391145 3.146394
-0.427166 -0.103467 -4.440090
0.413398 -0.400937 -3.104278
-0.332369 0.477677 8.183801
-0.415104 -0.118942 5.655454
0.177823 0.402670 6.049790
-0.456201 0.297406 0.535651
0.356807 0.106850 -0.416855
0.017662 0.186930 1.247453
-0.404953 -0.075285 -4.794464
-0.287980 -0.146066 -4.625734
-0.322487 -0.478011 5.959299
-0.450585 -0.458345 -4.194291
-0.492172 0.060376 1.544666
-0.384225 -0.009632 5.375420
-0.468589 -0.091679 -4.856958
-0.271163 0.029834 4.615989
-0.425861 0.026929 4.751726
-0.099571 -0.214689 -4.582558
-0.219411 -0.499651 4.593328
-0.380220 -0.139947 3.240931
-0.325797 0.300318 4.421280
-0.109237 -0.406520 -3.649079
0.115490 -0.345053 -6.213979
0.254474 -0.154057 -5.715952
0.080862 -0.005318 -4.859291
-0.412294 0.337857 5.615000
-0.056043 0.164979 5.361749
-0.038809 -0.412231 -5.103192
-0.437033 -0.092079 4.453853
0.227891 0.015323 -4.099822
-0.153538 0.064154 5.065909
-0.178726 0.457197 3.564824
0.317070 -0.358248 4.232902
-0.474501 0.198953 1.656265
-0.319746 0.452188 3.739093
-0.265103 0.468003 -4.004032
-0.409334 -0.052062 6.202915
-0.369912 -0.023591 1.314562
-0.408756 0.194405 2.242544
-0.170807 0.055628 1.028586
-0.211179 -0.283758 -5.444248
-0.095317 0.058313 4.904150
-0.007075 -0.304798 3.763481
-0.267924 -0.258799 6.147429
-0.199958 0.253938 -3.897223
-0.305444 0.171448 5.313562
-0.258570 -0.241181 -5.612221
-0.379940 -0.035062 1.551793
-0.493963 -0.110917 3.765843
-0.484135 0.026749 -6.070910
-0.142638 0.490753 2.000658
-0.198021 -0.341879 -5.203587
-0.499479 -0.299660 -2.269092
-0.462259 0.316773 4.697177
-0.457020 0.077512 4.005980
0.293425 -0.355264 -5.391609
-0.464352 -0.390917 4.815318
-0.232864 0.353698 5.425552
-0.483298 -0.087497 3.103944
-0.469559 -0.355120 5.760063
-0.418082 0.230246 5.372350
-0.042407 -0.497189 4.502573
-0.404167 0.022035 1.934365
-0.383766 0.264066 0.021066
-0.477379 -0.217616 5.348910
-0.478181 -0.376780 -5.560232
-0.391065 0.144109 6.033340
-0.116611 -0.108498 -5.663483
-0.368451 0.167122 5.401120
-0.297895 -0.445886 -5.168770
-0.304599 0.247209 -5.461792
-0.473704 0.222165 -4.628917
-0.149893 0.443913 4.167344
-0.355551 -0.230320 -4.425299
0.013307 -0.365447 -5.635019
-0.079407 0.381953 5.597542
-0.156707 0.403655 1.563712
-0.370500 -0.199662 -4.105132
0.010849 0.199760 -5.541824
-0.460309 0.292886 -6.035690
0.187447 -0.390872 -2.666795
0.257270 0.180973 -5.637249
-0.014832 -0.461522 -5.888246
-0.410271 0.376053 -5.574153
-0.496080 0.046722 -5.103952
-0.398997 -0.424901 4.564773
-0.336259 -0.066360 5.698169
-0.496676 0.085254 0.044228
0.371863 -0.098466 3.412313
0.064309 0.302660 5.872740
-0.305832 0.000538 -6.195636
0.201587 -0.435819 -4.291277
0.008243 0.291712 1.459597
-0.149848 -0.440006 4.369729
0.278801 -0.375657 -6.126905
0.486046 -0.485053 8.743051
-0.367920 0.053252 -5.715375
0.352327 -0.494733 -2.435258
-0.223862 -0.274907 6.074670
-0.201761 -0.405221 3.352359
-0.117667 -0.385366 3.999265
0.126124 -0.091920 -5.073107
-0.467310 -0.064167 6.198808
-0.486817 0.026806 2.871592
-0.018018 0.179212 -5.862422
-0.221270 -0.408410 3.190350
-0.351307 -0.002811 5.011615
-0.440989 -0.271182 3.142636
-0.443997 0.376572 2.790666
0.048518 0.426455 1.599021
-0.496887 0.152195 5.133270
-0.411333 0.498040 -3.115322
-0.454665 -0.383757 -4.611640
-0.255811 -0.008677 5.484263
-0.261952 -0.077301 -5.513871
-0.279320 0.256834 5.789334
-0.224304 -0.212128 -2.524107
-0.483363 -0.023493 4.322529
0.390639 -0.313173 -2.903402
0.031041 0.325479 2.675396
0.048805 -0.223775 -5.593349
-0.459020 -0.254510 6.214916
-0.369160 -0.335619 1.389209
-0.470071 -0.483892 9.898120
-0.376083 0.473799 -6.178695
