-0.433469 0.161196 2.088933
-0.477124 -0.036123 4.441932
0.012861 -0.414766 -4.579320
-0.112226 0.286581 3.933915
-0.405001 -0.209762 -4.012046
-0.292578 -0.364357 -4.139335
-0.455144 0.221486 2.142188
-0.483440 -0.186628 2.358324
0.336691 -0.112983 -1.766079
-0.395859 0.059351 1.221277
0.227448 0.129526 -6.074419
-0.133848 -0.372535 -3.573692
-0.497642 -0.127015 5.247940
0.360835 0.381386 -3.039455
-0.442088 0.149584 3.339826
-0.492748 -0.188158 -1.210320
-0.466916 0.389107 5.395194
-0.425569 -0.177288 2.200351
0.134119 -0.148745 -1.351973
-0.009591 0.402206 1.538770
0.406814 -0.054886 -5.176345
0.240726 0.431228 -2.779926
0.082171 -0.456701 5.915543
-0.448643 -0.436802 -2.840092
-0.459804 0.150231 5.411344
-0.473126 0.289756 0.652143
-0.256383 0.164214 2.881464
-0.347861 0.258094 4.747664
0.060069 0.187042 -5.695417
-0.078028 0.376727 5.519282
-0.462893 0.267768 3.183179
-0.306467 -0.164873 4.245444
-0.489273 0.137620 2.089333
0.335830 0.381525 -5.260942
-0.313006 -0.105728 4.271723
0.022617 -0.318804 -2.855542
-0.484702 -0.325564 -2.798102
-0.462841 -0.072774 2.352909
0.413822 -0.394076 -3.389896
-0.300987 -0.482651 5.979332
0.352609 0.161518 0.768279
-0.471618 -0.334245 4.909617
-0.411244 0.071182 3.427788
-0.297561 0.449189 4.198576
0.268462 -0.258228 4.920905
-0.035424 0.290658 4.892721
-0.069130 0.477535 5.267342
-0.320863 0.228843 3.465888
0.309048 -0.073049 -5.396426
-0.362539 0.227414 -4.981001
-0.166447 -0.039345 5.130860
0.404547 0.343417 6.100295
0.217733 -0.073243 3.401901
-0.429249 0.142792 -4.426784
-0.275230 -0.283139 5.536345
-0.490969 -0.080461 1.850068
0.228485 -0.051814 -5.658852
-0.351073 0.133207 4.707202
0.397043 -0.193876 5.867468
-0.238485 -0.293119 5.864923
0.479881 -0.348849 5.488390
-0.199573 0.475621 2.956052
0.298905 0.319926 1.734450
-0.279066 -0.063119 5.124812
-0.228830 -0.435474 -3.449391
-0.273341 0.007579 3.383364
-0.292047 0.129198 4.382631
-0.175616 -0.269156 -1.254592
0.021276 0.089946 4.380421
-0.083314 -0.198577 -6.075263
-0.476308 0.201799 3.364858
-0.447923 -0.368345 -4.564756
0.027106 0.362456 1.585426
-0.366250 0.024613 2.360251
-0.194270 -0.499815 -4.397675
-0.442627 0.088440 4.254476
-0.177468 -0.031627 2.198493
0.101401 0.447121 3.192789
-0.368006 -0.036955 4.856138
-0.002332 -0.006870 -1.515102
-0.483461 0.300571 4.854625
-0.328493 0.320768 3.012173
-0.314780 -0.127534 4.933249
-0.119281 -0.294421 -4.725386
-0.207141 0.127467 1.360125
-0.175778 -0.205324 -2.667572
0.377432 0.056351 -6.089726
-0.262698 0.423749 2.052421
-0.423823 -0.040478 4.721411
-0.339395 -0.327509 6.042447
-0.495306 0.215007 -2.758274
-0.323160 -0.385970 -3.446548
-0.416740 -0.031328 4.829973
-0.486311 -0.075163 0.958306
-0.438498 -0.462700 4.086277
-0.140307 -0.318829 -2.655026
-0.009610 -0.291231 -6.028034
-0.462045 -0.458351 5.837457
-0.376745 0.048753 2.077085
0.465188 -0.260584 -3.638124
0.121119 -0.410350 4.497763
-0.425193 -0.082292 6.114180
-0.491001 -0.210473 4.958945
-0.114100 0.176978 0.124816
-0.046001 -0.210491 -6.057352
-0.485591 -0.485893 11.512565
0.035863 -0.379849 -5.690046
-0.225154 -0.359004 -3.792967
-0.221417 0.362312 4.063342
-0.392653 0.067596 1.105673
-0.078348 -0.264363 -2.909032
-0.429699 0.338746 2.206089
-0.481376 -0.248961 3.446343
-0.388355 -0.021882 -5.659143
-0.025017 0.056509 -6.137329
0.261892 -0.443659 -4.904899
0.454333 -0.341666 -0.276624
0.353217 0.050831 -2.880697
-0.473659 0.404828 4.675662
0.337149 -0.245798 3.902376
0.215297 0.290855 -5.252268
-0.420041 -0.445526 -5.288849
-0.195964 -0.264640 -2.160105
0.360307 0.336540 -4.496013
-0.478258 -0.168154 4.968707
-0.188064 0.273583 5.135231
-0.295078 -0.284648 -4.877552
-0.353490 -0.205081 3.619369
-0.374833 0.100672 0.804247
0.478171 0.096422 4.117385
-0.203646 -0.097877 4.843612
-0.470290 -0.447298 -6.194523
0.432845 -0.196516 5.614304
-0.027861 0.073042 -4.066503
-0.408613 -0.499017 0.820244
-0.393863 0.117205 -6.011698
0.021962 -0.287462 -3.247574
-0.418846 0.366100 2.894708
-0.440664 -0.202747 4.749741
-0.391243 -0.130589 -4.986071
-0.356357 0.189194 3.668380
0.081454 -0.381407 5.689997
0.325661 0.274756 4.716789
0.060289 0.028458 -4.384594
-0.324172 0.499303 4.820954
-0.431505 0.044114 2.881862
-0.268455 -0.413128 5.649211
-0.303183 -0.084458 3.215347
-0.394512 0.121332 4.213620
-0.142522 -0.445372 3.800168
-0.402396 0.226391 2.777575
-0.347669 0.368168 4.123984
-0.144181 -0.180447 -5.662633
-0.464313 0.160101 2.552781
-0.073338 0.436323 4.632548
0.153254 0.443503 -6.129131
-0.223010 -0.231490 5.111612
-0.398931 -0.366498 5.717952
0.366838 0.007973 4.534452
-0.156583 -0.352176 6.114549
-0.431170 0.436508 3.201082
-0.495686 -0.486942 -3.088973
-0.082259 0.242384 3.494705
-0.032085 0.235255 2.932050
-0.486805 0.394224 -2.839863
-0.033094 0.475324 -5.120003
-0.282351 -0.429517 -0.674859
0.306842 0.056198 3.509672
-0.121168 -0.088203 -5.733437
-0.252368 -0.070382 5.703398
-0.301219 0.127146 3.902074
-0.422858 0.212641 1.999322
-0.360725 0.043574 0.902221
-0.479267 0.225205 5.678372
-0.252361 0.364969 3.552446
0.108817 -0.305041 -6.233040
-0.172069 0.233153 4.413739
-0.397982 -0.276464 -3.284495
0.371111 0.132956 6.041550
0.140780 -0.460167 5.757215
-0.253487 0.323366 2.451979
-0.380902 0.386376 -5.478603
-0.167170 -0.278607 -2.416606
-0.423601 -0.253454 3.072938
-0.465977 0.298628 5.956288
0.264143 0.167723 3.803469
0.340881 -0.100815 5.972407
-0.197719 0.240509 3.167847
0.224497 0.487224 -6.214313
-0.022579 -0.385433 -4.877406
-0.177751 0.354209 3.338304
-0.358707 0.482242 5.357769
-0.481779 -0.464747 -3.046051
-0.174704 0.468698 2.118997
-0.368455 -0.468492 -5.852098
-0.462527 -0.076471 3.484187
0.139384 0.077419 -5.052775
0.133135 0.396523 5.762943
-0.349780 -0.184887 -5.697882
-0.240413 -0.300972 -2.942268
-0.077717 -0.316674 -4.517464
-0.057104 0.035736 -5.469515
-0.081281 0.184112 1.856532
-0.346671 0.040138 1.793469
-0.135402 -0.021205 -5.471033
-0.322636 -0.357139 -3.312579
0.065506 -0.330753 5.265385
0.337985 0.012588 4.251422
-0.414768 -0.032436 0.479941
-0.277507 -0.265131 -4.120198
-0.380866 0.001681 0.742307
-0.359645 0.357772 3.580463
-0.417916 -0.243477 3.696671
-0.256841 0.123922 5.949103
-0.435115 0.404207 3.375623
-0.461965 0.307400 -5.763536
0.358348 -0.447994 -2.437314
-0.315572 0.228075 2.171204
-0.109578 0.217782 0.991376
0.447703 -0.123101 -3.407592
0.197460 -0.004233 -4.616164
-0.039306 -0.254035 -3.657783
-0.153788 0.043749 3.211157
-0.149064 -0.310871 -5.390117
0.026842 -0.291681 -5.732118
-0.464877 0.404378 4.667538
-0.434200 0.240341 5.380179
-0.339852 -0.017417 3.607922
-0.132164 -0.461416 -5.470165
0.295275 -0.177209 -5.307867
-0.181204 -0.003977 6.138644
-0.379480 0.474256 -5.485424
-0.360551 0.401356 0.382381
-0.499148 0.105232 -1.054499
-0.486251 0.093863 3.890055
0.103341 0.246050 -2.822480
-0.462516 0.364508 3.832843
0.251179 -0.290034 5.318240
-0.443459 -0.228354 4.689789
-0.424820 -0.289999 3.802465
0.046333 0.401718 1.536904
-0.459796 -0.137028 6.229026
0.006848 -0.109927 -3.489924
-0.165189 -0.440335 -2.687442
-0.301540 0.169321 3.205795
-0.376635 -0.165515 5.823337
-0.213556 0.389416 2.501745
-0.086772 0.303620 4.729556
0.460322 0.278987 5.810009
-0.066739 0.292987 3.816335
-0.167293 -0.227501 5.506980
-0.318324 -0.342147 -5.105667
0.186388 0.250491 -4.537297
-0.353257 0.390440 2.639088
0.164057 0.152747 -3.015948
-0.083269 -0.182528 -4.122312
-0.425888 -0.241691 6.089828
-0.036586 0.004768 5.424981
-0.388765 0.155932 4.627243
0.237777 -0.437288 -5.006418
-0.250038 -0.226783 -5.397870
-0.267228 -0.353186 -4.432497
-0.221111 0.495049 12.404355
-0.249503 -0.317465 -5.328809
-0.459953 -0.072555 5.447548
-0.404176 0.216187 1.926690
-0.416404 0.012890 4.790882
-0.411332 0.056261 3.349457
-0.476108 -0.048209 5.213633
0.091653 -0.469846 -6.138055
0.101940 -0.399123 -5.550386
-0.240679 -0.128973 -5.209775
-0.111451 0.069365 -4.764125
0.438662 0.314801 -4.338555
-0.065020 0.499374 2.172396
-0.463793 0.374903 4.888452
0.166319 -0.490924 -3.759668
-0.275930 0.136293 3.086822
-0.379307 -0.035880 3.761183
-0.018419 0.146774 5.529571
-0.029626 0.153197 -5.562869
0.000404 -0.204641 -0.350811
-0.383258 0.396503 2.412707
0.044610 -0.317863 -3.732979
-0.460060 0.125802 2.653604
-0.385807 0.388774 5.283142
-0.406703 0.262433 2.210660
-0.128100 -0.055026 -5.142849
0.354119 -0.235416 -3.680401
-0.349504 -0.494204 -2.037966
-0.126899 -0.350371 -1.655846
-0.338945 0.170263 -5.189968
-0.010690 -0.344985 -5.587267
-0.037761 -0.175913 -0.902081
0.044629 -0.346232 -5.752866
0.441950 0.082449 3.741732
-0.482730 -0.145347 1.717418
-0.026846 -0.176411 -3.331740
-0.471750 -0.478146 -4.353842
-0.407857 0.030690 0.616546
-0.083119 0.480902 3.690228
-0.420734 0.091789 3.176503
-0.318401 -0.163087 1.240891
-0.089275 -0.281942 -2.966738
0.396538 0.246168 5.072122
-0.452536 0.225363 5.598450
-0.121127 -0.018313 -5.150278
-0.221465 0.348613 2.591610
0.040855 -0.430641 4.999923
-0.352670 -0.169492 2.608645
-0.223673 0.158834 3.507914
-0.463304 -0.368865 4.711471
-0.355404 -0.005077 -4.734230
-0.407696 0.167194 5.751971
-0.029363 0.085829 -4.919475
-0.435228 -0.363767 4.463279
0.007126 -0.063327 -5.544442
-0.306907 0.325757 1.649112
-0.474492 0.063177 5.744944
-0.490026 -0.156850 -4.456780
0.019554 -0.340980 -3.722254
0.392511 0.150840 1.111119
-0.377654 0.457037 -5.754258
-0.389425 -0.403554 -6.167140
-0.412499 -0.257823 5.727955
-0.115167 0.246970 1.570201
-0.411192 -0.190040 4.079154
-0.116768 -0.031554 3.037829
-0.203507 -0.266175 5.679444
0.488014 0.261443 -5.307613
0.354722 -0.484473 3.177455
-0.019336 -0.142348 -3.616931
-0.295156 -0.095662 3.301032
0.196085 0.176999 5.749427
-0.340197 0.036696 2.366386
-0.477397 0.028406 4.669818
0.217797 0.145648 6.244108
-0.489772 -0.047050 4.412108
0.320584 0.112961 3.915501
-0.286189 -0.452051 -3.837290
0.288889 -0.195990 5.220113
-0.281420 -0.190945 6.187330
-0.422663 0.242007 4.157895
-0.489502 0.096573 5.029022
0.437787 -0.402653 -5.425667
0.319659 -0.080058 2.887911
-0.499420 -0.141596 -4.989219
-0.051751 0.386360 3.185432
-0.392520 0.406546 2.090054
0.005485 -0.460121 -5.964554
-0.277489 -0.128470 2.673586
0.019563 0.219697 -3.615362
-0.106482 -0.123093 -4.532676
-0.144726 0.189732 5.246375
-0.358048 0.487297 2.473374
0.137051 0.248047 -3.026173
-0.111889 -0.397665 -3.053628
0.285623 0.159402 -5.452706
-0.046712 0.289373 -5.971446
-0.277732 -0.110788 3.764341
-0.317311 -0.079453 2.571624
-0.443018 0.466389 4.707211
-0.330471 0.179025 4.584030
-0.463326 0.129860 5.655430
-0.309492 -0.006310 4.965337
-0.447359 0.191823 -6.252912
0.329768 0.072855 -4.645169
0.376644 0.369673 -4.416693
0.061441 -0.213662 -3.950267
-0.262095 0.175224 3.883287
-0.454325 -0.132388 1.402683
-0.014540 0.391891 0.855348
-0.006734 -0.285572 -2.725903
-0.460008 -0.047366 5.247170
-0.304491 0.101577 5.429054
0.413407 -0.229727 -4.588181
-0.497790 -0.190869 5.138536
-0.449893 -0.007510 0.910486
-0.152027 -0.343893 -4.518017
-0.175467 0.067517 2.638496
-0.332581 0.030240 0.882878
-0.099928 -0.067327 -2.781852
-0.301725 -0.332617 -2.895894
-0.471438 0.054020 4.099190
0.441521 -0.460682 4.004755
0.264136 -0.099249 5.893831
-0.065439 -0.145313 -6.078353
-0.390770 0.022643 3.164903
-0.447960 -0.149899 6.172809
-0.136789 0.225928 3.555164
-0.466434 0.425934 4.847689
-0.427748 -0.235435 3.773597
-0.481867 -0.106640 5.847549
0.232890 -0.047948 4.095054
0.093539 0.259024 -4.484089
-0.246862 -0.320607 -3.692991
-0.460465 -0.181873 4.263995
-0.183089 0.022142 5.117315
-0.364409 -0.393323 -0.496700
-0.338056 0.081436 4.109947
