-0.463453 -0.175400 4.932764
-0.137730 -0.301610 3.918472
-0.334852 -0.353091 2.776402
-0.372324 0.254653 -4.395692
-0.009145 0.098786 5.553466
-0.097814 -0.494369 12.544153
-0.463256 0.101286 2.306048
-0.130057 -0.378594 5.108084
0.410394 -0.224611 -4.834572
-0.354272 0.222434 4.354024
-0.447839 -0.195359 2.101723
-0.429280 -0.310308 2.728813
-0.435049 0.066997 0.434636
-0.445853 0.145606 -4.809672
0.401751 0.201672 0.534593
-0.220545 0.156192 3.581441
-0.457114 -0.040269 -4.301064
-0.247993 0.285845 4.500988
0.243945 0.357368 -1.716592
-0.491329 0.331273 -1.560350
-0.259674 -0.490780 -5.829965
-0.470379 0.012468 2.866449
-0.064852 -0.333583 0.474861
-0.340025 -0.224135 -5.440354
-0.433818 0.463093 4.248581
-0.269981 0.425947 4.598830
-0.498338 0.035034 0.642569
-0.449843 0.154476 2.287220
-0.222999 0.283270 3.176381
-0.207731 -0.438414 1.780050
-0.211964 -0.312742 5.768507
-0.317481 0.194286 -4.833589
-0.398204 -0.170905 -5.432838
-0.057482 -0.357228 4.893133
-0.354832 0.180153 4.340233
-0.079287 0.042426 3.743981
-0.438298 0.155677 3.072844
-0.121476 -0.464209 5.864834
0.085176 -0.401243 1.840381
-0.259937 -0.295583 4.683457
-0.377836 -0.270072 3.499097
-0.086043 -0.340882 0.597093
-0.362229 -0.115470 2.652618
-0.408577 0.397048 4.623024
-0.041178 -0.004755 3.326225
-0.277972 -0.315152 1.251813
-0.441676 0.349911 2.047375
-0.398273 -0.032347 5.070389
0.401844 -0.175088 -6.060724
-0.465441 0.372349 2.962471
-0.313027 -0.234695 -6.207376
-0.387803 0.216681 4.816023
-0.023742 0.048603 3.760283
-0.392749 0.298967 2.526765
-0.483869 -0.309634 -0.522436
0.041014 -0.270912 -5.592306
0.277806 -0.168032 -2.615878
-0.431337 -0.243723 3.867515
-0.416631 0.173665 2.769183
-0.311438 -0.180051 4.373187
0.353978 -0.031235 1.933661
-0.434945 0.381517 1.077551
0.174006 -0.432650 -5.270330
-0.370577 -0.298499 6.079914
-0.209242 -0.406726 6.153354
-0.158211 -0.371882 2.177718
-0.096264 -0.434629 1.725258
-0.131400 0.232175 -3.610284
-0.471994 -0.160053 6.070807
0.250529 -0.435307 -2.129010
-0.444284 0.385971 -6.137833
-0.484229 0.082109 5.300613
-0.058306 -0.287787 4.742665
-0.019507 0.125061 -5.934231
0.123700 -0.333187 -2.291249
0.252894 -0.398356 4.190061
0.347928 0.231049 5.224812
0.420535 0.045767 -2.495524
-0.298246 0.401339 1.600873
-0.454550 0.228792 4.158713
-0.361940 -0.270344 -4.766175
-0.225217 -0.047286 4.239840
-0.266095 -0.402603 2.210145
0.050268 0.137525 -6.086913
0.491305 -0.354161 -4.915212
-0.321539 0.411945 3.273161
-0.245615 -0.256690 -3.128276
-0.405150 -0.498465 5.308881
-0.365453 -0.496744 2.193283
-0.439126 0.433876 4.014340
-0.488606 -0.293841 -2.355980
-0.287506 -0.420722 3.332044
-0.376411 0.384968 4.472406
0.353498 -0.196361 5.784547
0.095554 -0.148217 -1.388511
-0.177834 -0.151212 5.134720
0.421218 -0.162282 -3.941445
-0.378590 -0.079778 -6.197969
-0.351140 -0.095576 4.316855
0.287080 0.005579 2.357130
-0.177161 -0.051155 4.772316
-0.461068 0.048589 3.219620
-0.273042 -0.023397 -5.819856
-0.482309 0.120818 5.331114
-0.398569 0.231453 3.825092
0.011277 0.108168 -5.616103
-0.036322 -0.439843 5.077078
-0.165272 -0.342367 3.989252
-0.026129 0.113436 5.557323
-0.378027 0.456746 3.067508
0.164841 0.482548 -5.627576
-0.168682 0.349249 1.667161
-0.416438 0.401727 3.155287
-0.376372 0.152318 5.509289
-0.148066 -0.195440 -1.664234
0.097207 -0.313457 -3.011810
0.276699 -0.424123 -1.026233
-0.150162 -0.465597 2.774613
-0.261854 -0.197675 4.128055
-0.416785 -0.168836 3.505949
0.477980 0.426638 -1.594950
-0.384416 -0.298302 3.063277
-0.321703 -0.389916 5.329343
-0.029053 -0.497728 5.273485
0.114243 0.165922 2.249513
-0.495081 0.251673 3.979886
-0.370064 0.489177 5.359966
-0.496464 -0.153530 -4.106950
-0.284272 -0.215917 -5.131610
-0.077992 -0.084773 -5.822980
0.201843 0.456258 -1.275643
-0.242106 0.456209 6.125753
0.249552 -0.491030 2.101968
-0.249633 0.114517 -3.994991
0.006935 0.041143 -3.827744
-0.316592 0.061147 6.040648
-0.362202 -0.253128 -5.126493
-0.465425 -0.499579 4.305042
-0.313420 0.087955 1.963467
-0.353764 -0.019255 3.528393
-0.433941 0.004160 2.782898
-0.142127 -0.377042 5.128142
-0.355734 -0.113634 -5.347909
0.261093 0.489369 0.194284
0.050330 0.481133 10.886588
0.199193 -0.216922 -2.202230
-0.398210 -0.377438 4.465543
-0.408963 -0.145387 3.592214
0.455895 0.324318 -4.107267
-0.408178 0.438731 3.378423
-0.107854 0.020017 6.042451
-0.451697 -0.173836 6.131311
-0.216313 -0.261612 5.037985
-0.301998 -0.287466 3.060735
-0.270304 -0.362656 3.937294
0.128613 0.314402 -4.685138
0.006733 0.301432 2.552379
-0.296659 0.490146 -6.201132
-0.411029 0.141020 2.701000
0.155632 0.176486 5.723842
-0.451009 -0.437150 -4.354432
-0.396335 0.327081 5.197205
0.131689 0.169298 2.295607
0.202693 0.080312 4.152023
-0.485476 -0.148742 -5.233383
-0.446355 0.387531 4.411854
0.092002 -0.370339 1.674622
-0.012974 -0.120172 -2.430442
-0.230272 -0.352512 4.149269
-0.356509 0.286886 4.894519
-0.443828 0.414050 5.650746
-0.446359 0.130671 5.707899
-0.296466 0.437893 3.240008
-0.075948 -0.228930 -1.626872
-0.302772 -0.136623 2.763292
-0.284276 0.469410 3.415572
-0.291695 0.431501 5.415278
-0.205841 -0.451696 5.974047
-0.015067 0.162369 -4.249588
-0.464202 -0.216971 1.349440
-0.492720 0.006817 1.945525
0.324967 0.177093 2.007722
0.225882 0.325416 -4.727238
-0.199008 -0.453718 5.642759
0.207935 -0.098843 -1.698832
0.448873 0.023335 5.086885
-0.331739 0.481448 1.715063
-0.439593 0.182772 1.553589
-0.449016 0.284883 4.565586
-0.438660 -0.226766 4.231394
-0.155890 0.098919 5.376409
-0.403130 0.302428 4.141416
-0.256802 0.297148 4.437267
-0.302369 0.093540 5.770056
-0.405608 -0.213164 -5.324487
-0.454459 0.265475 4.179551
0.319776 -0.341634 -1.637567
-0.348148 -0.208961 5.902427
-0.308926 -0.226657 5.066439
-0.296201 -0.338400 3.400556
0.457289 0.159486 5.172381
-0.113439 -0.384148 4.383018
0.060114 0.318576 3.703961
0.199182 -0.256808 -5.607237
-0.019197 -0.244854 5.003258
0.026825 0.201305 5.972381
-0.433461 -0.439590 -5.105112
-0.394423 0.395479 6.144849
-0.292536 -0.402184 3.515295
-0.496299 -0.383941 -0.851106
-0.310627 0.061829 2.491933
-0.460795 0.064072 5.129890
-0.212323 0.335161 -5.758405
0.002378 0.172229 -5.887731
0.288308 0.033830 -4.274001
-0.410784 0.154369 5.605460
-0.259422 0.165063 -5.400771
-0.433031 -0.444840 -5.782097
-0.360320 0.080984 4.728759
-0.470533 -0.299899 -6.146694
-0.086930 0.357870 6.048620
0.215587 0.380229 -5.857258
-0.477321 -0.246728 3.575625
-0.337605 0.463542 6.171912
-0.083213 0.090336 -5.124508
-0.078762 -0.083443 -3.105110
-0.338785 0.209181 3.839935
-0.213738 0.337572 -3.197244
-0.138572 -0.388739 4.692101
-0.451423 -0.230831 5.862530
-0.477204 -0.108724 9.341623
0.278084 -0.438498 -3.522215
-0.171932 0.090204 5.412426
-0.163049 -0.378727 3.793078
-0.363928 0.406149 -4.698109
0.115483 0.155462 2.121491
0.499351 -0.458870 -0.372277
-0.499755 -0.237808 -2.178037
0.314449 0.337162 -1.554723
-0.451035 -0.052248 5.238857
-0.337214 0.215342 -6.084331
-0.135256 0.322021 -5.235238
-0.016532 0.018289 3.904726
-0.169686 0.223184 3.703312
-0.402832 0.402204 4.946714
-0.431047 0.244236 1.866827
0.125271 0.063313 1.256089
-0.394671 -0.289838 4.126670
-0.479543 -0.006523 3.963342
0.302208 0.105456 -5.066878
-0.169820 -0.408741 1.011540
-0.109927 -0.391427 1.516038
-0.454710 -0.085002 -3.815780
-0.407119 0.179722 4.903473
-0.176157 -0.446048 -6.011648
-0.317605 -0.497863 3.546482
-0.300107 -0.460979 1.787426
-0.302481 0.234554 5.017033
-0.145573 0.350291 3.978473
-0.424130 0.026824 1.914409
-0.493999 -0.068951 -1.855611
-0.365955 0.485171 1.433777
-0.338060 0.487991 3.451340
-0.079711 -0.402829 0.838749
-0.407013 0.439546 2.928927
0.064588 -0.312094 -5.335430
0.039401 0.261804 5.899588
-0.314848 0.419337 4.663510
-0.408335 -0.256773 4.281808
-0.100600 -0.274311 6.183310
-0.370023 -0.190844 6.154889
-0.375368 0.054033 1.893132
-0.356690 0.235237 3.044319
-0.315413 -0.350044 4.072484
-0.145305 0.144164 -5.022484
-0.096556 -0.307201 2.850295
0.128822 0.081496 2.359474
-0.376937 0.329790 1.979484
-0.446657 0.395652 1.205318
-0.425901 0.108609 3.264281
-0.194099 0.085834 3.891369
-0.431382 0.237493 3.626224
-0.169040 -0.168840 -5.447864
-0.487331 -0.118468 -5.881251
-0.338397 -0.233642 5.502902
-0.361077 -0.296063 2.281304
-0.148609 -0.352309 3.300703
-0.472325 0.001473 -0.694152
-0.217881 0.219347 2.355709
-0.470251 -0.134191 4.120406
-0.404199 0.370560 2.330931
-0.421893 0.457518 4.210744
-0.435969 -0.281055 -6.244359
0.066807 0.132410 4.385072
-0.419560 -0.211369 4.051700
-0.394715 0.073757 0.159354
-0.391240 -0.475764 5.143015
0.216585 0.459673 -2.469204
0.084247 0.306196 -3.878327
0.022403 -0.371811 2.415690
-0.301734 0.400018 -5.392071
-0.442209 -0.210686 -3.059059
0.236192 0.069806 5.470258
0.180394 0.416007 -2.351780
0.058110 -0.419431 -5.644150
-0.303167 0.484790 -5.732663
-0.072440 0.337213 1.754380
0.323028 -0.249789 -4.454791
-0.393981 -0.258946 2.838515
-0.366718 0.432180 -5.633358
-0.340343 0.459915 1.044304
-0.221225 -0.115680 4.108518
-0.201733 -0.073643 4.046690
-0.381536 -0.278391 -5.156301
-0.308855 0.285183 3.740224
-0.365784 0.038117 4.216516
-0.212936 0.447116 5.439462
-0.396253 -0.212935 4.479959
-0.381455 -0.341692 6.114825
-0.373940 -0.087927 6.089202
-0.419159 0.034087 4.200420
-0.495795 -0.284357 7.993437
-0.460020 0.160396 -5.690893
-0.261707 -0.226236 2.225679
-0.494793 -0.136998 -5.552115
-0.007257 0.017675 -5.983840
-0.229704 -0.330653 4.217591
-0.291940 0.108088 4.146789
-0.251896 0.424675 4.259317
-0.320853 -0.395836 3.703591
-0.464212 -0.261459 -5.836929
-0.141529 -0.454120 3.304846
-0.007993 0.082866 5.082889
0.107534 -0.362710 4.626291
-0.328633 -0.056510 5.556609
-0.472903 0.033685 0.923920
-0.105604 -0.318465 3.862288
0.010824 -0.246171 -5.689626
-0.186029 -0.169820 6.069171
-0.176258 -0.009854 -5.814586
-0.248022 -0.405446 2.779132
-0.424275 0.044164 4.157058
-0.370243 -0.082420 3.920608
-0.487133 0.155654 -1.243809
-0.441635 -0.223059 4.943896
-0.465751 0.164136 5.746009
-0.342304 -0.258647 -5.665101
0.086543 0.263265 5.804423
-0.369617 -0.173057 3.678474
-0.148556 -0.121353 -4.007659
0.088362 0.333778 -2.047622
-0.183398 0.373097 4.376121
-0.024382 -0.366258 5.282257
0.006169 -0.259670 5.131818
-0.387640 0.213406 1.285817
0.090045 -0.304567 -0.960297
0.185984 0.461398 -0.994307
-0.422119 -0.119627 -4.304890
-0.376054 0.312529 5.160102
0.178856 0.466743 -3.128677
-0.287294 -0.385293 -5.755616
-0.494506 0.128143 -2.788535
-0.323144 0.118001 -5.301713
0.188329 -0.100843 -4.874039
0.300923 0.164010 4.656157
-0.448706 -0.170022 5.089952
-0.280500 0.124084 3.011464
0.056344 0.422012 -3.695129
-0.234366 -0.255501 1.825510
-0.371285 -0.112848 3.737290
0.132076 -0.331935 -4.336730
-0.466083 -0.005816 5.498676
0.202546 -0.339606 -6.162729
0.139271 0.090458 4.263510
-0.365686 -0.481726 2.392535
-0.401195 -0.183213 4.655736
-0.024820 0.340529 5.862818
-0.430726 -0.274637 3.893465
-0.468250 0.222721 -3.472376
0.121884 -0.197942 -2.372504
-0.130891 -0.425912 1.676490
-0.280888 -0.216434 3.807511
-0.307346 -0.248674 3.178296
-0.481874 -0.062647 -0.838996
-0.080138 0.323587 2.691973
-0.061415 -0.131265 -0.149639
-0.257250 0.243147 6.258397
-0.320325 -0.001561 3.692445
-0.473222 0.124874 2.827821
-0.447133 0.125428 1.837413
-0.355612 0.232009 3.475149
-0.348107 0.073915 1.323655
-0.172670 0.363982 5.516355
0.279606 0.017011 2.097082
0.233387 0.437058 -4.659377
-0.011921 0.014543 4.764856
-0.493802 -0.493225 4.486927
0.126280 -0.144455 -0.947393
-0.373242 -0.457890 -6.117728
-0.251676 -0.165616 1.343126
