-0.480280 -0.272552 -3.733891
-0.131129 -0.276041 -4.050923
-0.313972 -0.354945 -3.020872
-0.391684 0.213161 -3.763346
0.017964 0.037254 -3.226478
-0.080893 -0.496807 10.520902
-0.478330 0.165177 -5.747857
-0.122369 -0.390092 4.207886
0.408034 -0.246304 -4.728943
-0.336700 0.171318 -4.354777
-0.479442 -0.113134 -6.110038
-0.463476 -0.315747 -3.936275
-0.488403 0.087737 6.437125
-0.473959 0.178717 -6.282803
0.332644 0.246110 -5.446789
-0.280023 0.129030 -6.191335
-0.455825 -0.016062 5.143643
-0.226354 0.268220 4.064146
0.260190 0.343175 1.648896
-0.493547 0.331586 5.618056
-0.247927 -0.491490 -3.957926
-0.482652 0.033602 7.035460
-0.106061 -0.368128 -2.500057
-0.393099 -0.207997 -4.200879
-0.461068 0.398776 -6.242788
-0.323889 0.412735 -5.271146
-0.497097 0.029694 5.273259
-0.450487 0.221540 -4.416916
-0.247238 0.273404 -0.037238
-0.194734 -0.394485 -4.118291
-0.217188 -0.289740 -4.976696
-0.363278 0.283921 -3.861304
-0.356475 -0.086288 -3.272679
-0.100474 -0.378254 4.111387
-0.400540 0.095166 -1.573554
-0.097535 0.070276 3.852584
-0.483384 0.172410 -5.049038
-0.136235 -0.490220 -3.798850
0.108266 -0.395984 -4.517993
-0.291774 -0.340575 -5.607550
-0.459882 -0.237048 -3.938203
-0.155165 -0.294527 -1.971537
-0.432280 -0.077204 -3.589418
-0.386803 0.311106 -3.780045
-0.098352 -0.026672 3.225872
-0.294171 -0.307467 -4.375848
-0.387670 0.382474 4.902881
-0.360733 -0.137849 -4.326481
0.429232 -0.222641 2.586286
-0.498215 0.313468 6.639920
-0.238755 -0.168521 -5.395069
-0.460022 0.168770 -3.557361
-0.061468 0.042052 -2.552442
-0.405052 0.292915 -1.023304
-0.470202 -0.294702 -4.173848
0.108053 -0.267872 4.558412
0.240064 -0.190202 4.563954
-0.447220 -0.322616 -2.552261
-0.450494 0.116105 -4.955014
-0.332864 -0.248236 -0.072686
0.324612 -0.036103 6.150466
-0.391621 0.368773 -4.001496
0.237982 -0.372574 -3.303781
-0.442653 -0.293511 -5.040590
-0.165807 -0.361397 -2.704571
-0.164533 -0.329676 -3.602305
-0.145820 -0.495395 -4.443293
-0.107653 0.251726 4.425395
-0.457706 -0.198300 -6.162616
0.244665 -0.485878 11.062337
-0.403301 0.336764 -2.785440
-0.434352 -0.037405 5.355136
-0.048386 -0.286492 -3.006991
-0.075140 0.216835 6.110360
0.059657 -0.421988 -6.069567
0.151206 -0.382454 -1.849321
0.439797 0.249643 -2.275954
0.295800 0.062983 5.026356
-0.351147 0.362870 -3.982948
-0.452457 0.216455 -5.165538
-0.355797 -0.236193 -1.753189
-0.306704 -0.056777 1.545080
-0.268019 -0.374734 -2.997097
0.091943 0.105074 -5.712947
0.449925 -0.329830 -3.370345
-0.426364 0.348477 -4.365708
-0.299704 -0.235246 -3.567642
-0.340168 -0.485690 -3.110976
-0.385616 -0.470990 -3.060973
-0.490652 0.387360 3.325970
-0.433905 -0.325976 -2.856583
-0.226719 -0.403732 -4.434573
-0.329514 0.342264 4.025425
0.393748 -0.210375 -5.857767
0.131379 -0.169929 2.745164
-0.222989 -0.153546 4.564311
0.344715 -0.106091 3.944019
-0.337289 -0.102685 -0.389010
-0.300882 -0.201834 -4.702437
0.283573 0.064781 4.798363
-0.132226 -0.052462 5.506252
-0.499463 -0.006238 5.178931
-0.252206 -0.036298 3.770790
-0.459531 0.050519 -3.568533
-0.422756 0.275359 -1.916101
-0.042782 0.081028 -4.492765
0.033872 -0.454007 -1.328416
-0.227246 -0.379086 -3.008854
0.099224 0.105609 -1.180992
-0.365086 0.450040 6.108458
0.179635 0.488857 3.643618
-0.105360 0.409463 -5.292283
-0.407699 0.417001 -3.620715
-0.386383 0.165928 -5.949605
-0.185967 -0.265335 4.175323
0.029026 -0.307086 -6.082254
0.329233 -0.402290 -4.149636
-0.213505 -0.473193 -1.690355
-0.328582 -0.258670 -3.065140
-0.483511 -0.227058 -4.011098
0.434492 0.442497 -5.574615
-0.414823 -0.220966 -4.778640
-0.282865 -0.371452 -3.857236
0.062721 -0.447534 -2.115847
0.097105 0.185495 4.625763
-0.431968 0.249015 -1.315571
-0.326234 0.430071 5.605061
-0.479907 -0.186702 -3.181716
-0.211751 -0.223097 -2.604642
-0.119382 -0.009738 3.751399
0.120455 0.453664 3.361971
-0.264389 0.473876 6.129396
0.241269 -0.468314 -6.239858
-0.251591 0.147326 -5.745765
-0.030992 0.127505 6.190096
-0.228288 0.071930 -4.424438
-0.351113 -0.217986 6.014828
-0.435407 -0.497913 -4.079240
-0.387452 0.114382 -5.696824
-0.400126 -0.010841 -2.070707
-0.498973 0.017594 -1.377037
-0.047419 -0.443312 5.883675
-0.342430 -0.103604 -5.177505
0.308568 0.491272 0.610266
0.052517 0.419682 1.707897
0.181397 -0.301202 5.564788
-0.440468 -0.322443 4.979378
-0.494678 -0.193339 -0.089085
0.479510 0.341284 2.971774
-0.406245 0.462812 -4.764969
-0.022385 0.029363 -4.415941
-0.393049 -0.154649 -6.091676
-0.227537 -0.335133 -4.685925
-0.297684 -0.274065 -5.774507
-0.373286 -0.432294 -2.529868
0.137636 0.292413 -1.079878
-0.064962 0.274375 -5.209541
-0.207274 0.497895 12.535851
-0.486739 0.061962 -1.783407
0.165251 0.195685 5.925444
-0.453638 -0.378404 -2.456501
-0.385404 0.326865 -0.735705
0.104495 0.201107 6.186204
0.143341 0.001845 2.519105
-0.468824 -0.143457 -6.049279
-0.461829 0.405160 -2.021168
0.044169 -0.314880 -0.239989
-0.028655 -0.161047 -1.658792
-0.168011 -0.329805 -1.200432
-0.426213 0.213411 -3.782060
-0.377674 0.315919 -6.218338
-0.454178 0.116281 -4.442574
-0.326239 0.486795 -3.787508
-0.021446 -0.281757 -3.439825
-0.247900 -0.102622 -5.631707
-0.372132 0.453375 -6.246022
-0.318175 0.364288 -0.092387
-0.146998 -0.473357 5.731027
-0.024456 0.208224 -6.002523
-0.400531 -0.181878 -4.804820
-0.483651 0.110795 5.182792
0.327819 0.200060 -4.651338
0.211364 0.386016 4.226353
-0.202285 -0.429259 -1.815909
0.237361 -0.123852 5.599277
0.446038 0.002050 -3.357923
-0.282544 0.469659 -4.076531
-0.459789 0.103225 -3.215281
-0.422772 0.359002 -2.818783
-0.365790 -0.321536 4.792136
-0.170870 0.104724 2.891569
-0.407645 0.295937 -0.187249
-0.325265 0.245361 -5.014825
-0.286333 0.152158 -1.819125
-0.394504 -0.214339 6.020465
-0.403477 0.235437 -4.534760
0.366388 -0.443116 -1.221775
-0.385591 -0.250281 6.202886
-0.396207 -0.281228 -4.749765
-0.396323 -0.306359 -4.930846
0.422253 0.129960 -5.923813
-0.042509 -0.367334 -4.102080
-0.000325 0.335726 -4.053882
0.167110 -0.282651 4.044177
-0.006929 -0.333300 -3.307868
0.130594 0.148561 3.725563
-0.446837 -0.410179 -2.677961
-0.438187 0.404078 -5.322124
-0.268770 -0.403995 -4.929435
-0.476454 -0.463250 -6.264467
-0.277117 0.158759 -2.142205
-0.454536 -0.020628 -3.415905
-0.180650 0.372971 -2.446847
0.037667 0.150261 -4.494999
0.283698 -0.032936 -4.459614
-0.436821 0.124103 -4.456611
-0.260779 0.145968 -4.866686
-0.374137 -0.437151 -5.182003
-0.373515 -0.025827 4.320543
-0.452417 -0.316909 -3.103622
-0.036459 0.402749 -3.392153
0.193074 0.492101 1.910693
-0.485324 -0.214302 4.875245
-0.330940 0.467657 -3.548735
-0.092131 0.022603 3.650175
-0.060676 0.000942 2.591123
-0.369728 0.173701 -1.749569
-0.225291 0.394675 -2.636360
-0.172569 -0.379820 -5.253113
-0.379399 -0.207487 -2.997506
-0.471930 -0.122946 5.948616
0.280852 -0.379309 -4.446691
-0.062442 0.086388 4.691836
-0.258289 -0.455249 -5.196842
-0.315121 0.439609 -0.521712
0.052044 0.191691 -2.885552
0.491392 -0.495984 7.006923
-0.469930 -0.279847 -0.598969
0.324198 0.393357 5.192418
-0.404727 -0.093569 3.488102
-0.268508 0.183545 -3.485847
-0.107502 0.369576 -4.167243
-0.045234 0.012338 -0.514029
-0.111885 0.242890 -1.002843
-0.399681 0.368348 -3.339764
-0.468377 0.365710 -5.628813
0.138109 0.188368 -2.165037
-0.369651 -0.284349 -4.935963
-0.480558 -0.122142 -2.574678
0.315325 0.106264 3.850767
-0.144890 -0.429169 -4.693884
-0.182761 -0.386942 -5.945283
-0.496818 -0.059506 -2.480149
-0.380473 0.140506 -5.556588
-0.143720 -0.381608 -5.348410
-0.328993 -0.473467 12.137898
-0.307473 -0.373301 -3.788892
-0.252673 0.142856 -5.397929
-0.161612 0.363182 -4.951318
-0.397298 0.099739 -4.498901
-0.447533 -0.073191 -2.533934
-0.393920 0.493537 -5.001775
-0.368309 0.455931 -4.155650
-0.068241 -0.440329 -1.961765
-0.440096 0.334290 -5.722299
0.170260 -0.312026 5.494562
0.073828 0.302011 -3.783333
-0.342205 0.279218 -3.012959
-0.452511 -0.307722 -4.370055
-0.090855 -0.336133 -5.871944
-0.407936 -0.130291 -4.348370
-0.355510 0.100008 5.014012
-0.380319 0.269788 -3.235018
-0.316987 -0.356048 -1.988807
-0.157776 0.141097 1.397396
-0.139573 -0.303216 -3.244394
0.149910 0.103744 5.767560
-0.442623 0.270644 -1.514338
-0.385536 0.387567 4.442552
-0.457530 0.106826 -5.459397
-0.156860 0.079011 0.815174
-0.493586 0.240849 -2.156760
-0.198280 -0.200047 -5.910732
-0.424597 -0.095785 -6.210984
-0.296959 -0.266685 -5.085983
-0.382364 -0.260929 -3.672529
-0.195090 -0.379283 -6.019980
-0.449143 -0.060690 -3.354754
-0.319010 0.263212 -1.922667
-0.465453 -0.164257 -3.085079
-0.465461 0.402227 -3.260813
-0.400192 0.363635 -3.187735
-0.456627 -0.221750 -4.772318
0.034042 0.052013 -5.244490
-0.492368 -0.198639 -3.582429
-0.407771 0.031311 -1.049367
-0.373964 -0.484253 -2.984047
0.159704 0.465357 -5.149908
0.084556 0.304860 -5.430453
0.052677 -0.433569 -6.185855
-0.318898 0.482113 4.353080
-0.462758 -0.148746 -5.106870
0.288917 0.116151 4.399129
0.173032 0.386648 3.791570
0.184796 -0.419168 -1.922831
-0.230252 0.486928 11.508741
-0.126754 0.304554 -4.629303
0.290491 -0.298704 -2.880453
-0.443333 -0.214260 5.581138
-0.313253 0.473346 -2.478150
-0.273965 0.491558 -6.161705
-0.283716 -0.081055 3.868768
-0.247753 -0.092305 5.787457
-0.331200 -0.232032 -3.995426
-0.341649 0.294237 -4.900150
-0.371651 0.049963 -3.856070
-0.255648 0.464181 -3.140715
-0.484622 -0.245313 5.937871
-0.357650 -0.408999 -4.939732
-0.309793 -0.153372 -3.263948
-0.480037 -0.006295 8.311360
-0.481425 -0.221378 4.641473
-0.461111 0.119274 -2.388615
-0.263942 -0.199296 -4.882392
-0.402019 -0.138222 -5.439379
-0.065355 0.099901 -1.653434
-0.210254 -0.341234 5.969620
-0.358165 0.097793 -2.848779
-0.255016 0.426763 -5.669032
-0.370418 -0.439329 -0.503693
-0.446290 -0.282337 -2.344219
-0.211014 -0.449104 -2.414794
0.039721 0.070597 -3.159831
0.078509 -0.440898 5.237252
-0.338432 -0.050951 5.140571
-0.481011 0.026574 -2.336592
-0.127068 -0.317126 -3.209500
0.104976 -0.229768 -2.438042
-0.165583 -0.142283 -4.452900
-0.148371 0.031917 5.637610
-0.294122 -0.395259 5.750764
-0.382924 0.115279 -4.822944
-0.386916 -0.166099 -3.943347
-0.429133 0.073317 -4.621971
-0.449502 -0.234783 -1.430491
-0.438358 0.174384 -3.036808
-0.347275 -0.201024 -3.535571
0.104794 0.317705 6.066895
-0.371474 -0.148670 6.028202
-0.129892 -0.066528 0.245803
0.029573 0.260203 -3.218319
-0.192828 0.349199 -4.027263
-0.040488 -0.362131 -2.719468
0.061593 -0.244216 -5.967046
-0.371304 0.273715 -2.932994
0.100547 -0.330617 5.352577
0.186668 0.409230 4.138476
-0.457819 -0.055122 5.197085
-0.350907 0.278355 -5.326465
0.131891 0.419002 -5.883777
-0.226108 -0.354299 -1.889091
-0.471333 0.132584 -3.041715
-0.352218 0.169400 -4.644271
0.273590 -0.123441 3.463510
0.278023 0.102362 6.097648
-0.447664 -0.189205 -0.579063
-0.389684 0.156761 -0.612799
0.009549 0.360138 -4.140634
-0.273384 -0.293699 -3.673236
-0.425468 -0.176390 -6.253273
0.153062 -0.287596 2.159709
-0.496960 -0.033835 -4.491563
0.260687 -0.367641 -5.007207
0.143256 0.103812 -3.710090
-0.363004 -0.469398 -4.554420
-0.356871 -0.221993 -3.950789
-0.027347 0.316405 -5.457020
-0.483579 -0.306066 4.234871
-0.496794 0.256961 3.202919
0.019559 -0.230501 -3.159943
-0.124014 -0.445604 5.968988
-0.323053 -0.146406 -0.170509
-0.320761 -0.294052 -1.733179
-0.480142 -0.044524 -6.090273
-0.161691 0.293343 -5.519358
-0.007171 -0.123450 -2.753375
-0.320329 0.316112 -2.697080
-0.370007 -0.040134 -1.853399
-0.479825 0.103409 -3.757483
-0.484685 0.103321 -5.341358
-0.377049 0.212577 -2.037687
-0.327830 0.057441 -1.215049
-0.153034 0.338736 4.825129
0.317335 0.097141 3.538101
0.262839 0.482015 4.482282
-0.028042 0.040602 -1.397764
-0.498347 -0.476154 -2.275502
0.057803 -0.180423 5.990116
-0.292981 -0.425121 -6.053980
-0.270210 -0.179160 -3.900980
