-0.325825 -0.221252 -5.315570
-0.172794 -0.104117 -4.654103
0.074565 -0.169713 5.084080
-0.327807 -0.409954 -5.387144
-0.149975 0.385969 -5.081883
-0.100330 -0.306418 -5.817704
-0.379065 -0.440836 4.753702
-0.359169 -0.496695 9.255074
-0.190419 -0.447230 5.202502
-0.062001 0.014459 -4.246928
-0.162577 0.156144 -1.643545
-0.138874 -0.398979 3.542111
-0.412879 -0.316541 -5.406853
-0.131455 0.350512 -5.543256
0.456436 -0.093882 -5.754221
-0.465317 0.362434 5.518954
0.162090 0.457790 -3.901008
0.059913 -0.497918 -4.099409
0.178046 0.483486 -2.993475
-0.496943 0.393765 5.250399
-0.143437 -0.265226 5.274536
-0.498818 -0.105240 5.910458
-0.438850 -0.333777 -5.464401
-0.461219 -0.196089 -1.618709
-0.197002 0.043678 6.166365
-0.471493 0.365090 8.156187
-0.050207 0.321805 -1.938894
-0.484316 0.428656 -1.429694
-0.033409 0.465921 -2.857935
-0.477391 -0.187083 5.974273
-0.308794 -0.044462 5.141310
0.209406 0.496934 2.899989
-0.341046 0.063446 -2.403819
0.127769 -0.321637 -5.201106
-0.494560 -0.238491 7.710246
0.349660 -0.268176 -5.290879
-0.271649 0.194663 -5.328146
0.294224 -0.311471 -1.806555
0.364458 0.113523 -0.036942
-0.404758 -0.202735 4.185731
-0.372627 -0.066384 -2.728146
0.137305 -0.488203 11.945565
-0.341652 -0.061889 -5.193253
-0.488995 -0.068973 -3.762952
0.259012 -0.257228 -4.487815
-0.385230 -0.137719 -6.201972
-0.002474 0.254151 -4.051984
-0.364870 0.335986 -2.595169
0.409777 -0.198625 -0.262315
-0.371040 -0.157985 -4.794514
-0.445503 0.050247 6.244261
-0.433168 0.185508 -3.396314
-0.070401 -0.040034 -2.426109
-0.258080 0.355398 6.267965
-0.277431 -0.372106 1.694948
0.067706 0.404517 6.028416
-0.485189 -0.484964 9.351634
-0.422801 0.217710 -6.062819
0.002867 -0.020414 -2.695914
0.321035 -0.232824 5.146791
0.035573 -0.391710 -5.605076
-0.281754 0.333206 -1.387231
-0.230126 -0.351477 6.011443
-0.414995 -0.365856 -4.468063
-0.485634 0.135124 3.408607
-0.465772 -0.140787 -5.058674
-0.463546 -0.387843 -4.593682
0.092085 0.373861 -5.532362
-0.018191 -0.487938 9.704394
-0.252619 -0.425974 -1.395500
-0.266864 0.475369 -2.692025
-0.392501 0.100553 -2.488437
-0.380628 -0.343057 -4.593772
0.145962 -0.314404 -2.966677
0.320638 -0.399960 -1.506669
0.220666 0.045002 1.315094
0.499484 0.488129 2.872865
0.322830 -0.410855 -2.226976
-0.407239 0.129505 -3.693847
-0.400443 0.494912 -3.465578
-0.347935 -0.498877 4.223510
-0.283968 0.068042 4.883245
0.131083 -0.346906 -0.156611
0.411011 0.145673 -0.776769
-0.042980 -0.322481 -4.199424
-0.260348 0.470992 4.178680
-0.288054 -0.396460 6.138496
-0.441453 -0.472282 -3.965509
-0.389483 -0.443508 -4.239505
-0.086470 0.424687 -2.782369
-0.364863 0.046240 -5.467834
-0.345760 -0.115780 5.768674
-0.407035 0.443698 -2.506383
0.240100 -0.368625 -2.597105
-0.006945 -0.415214 -5.587736
-0.394564 -0.457404 -5.600286
0.435007 -0.248593 3.600351
-0.356817 0.165399 -2.795114
-0.462432 0.034095 -5.748879
0.388547 -0.412149 -5.148549
-0.262753 0.324481 -1.475819
-0.499403 0.121388 8.835927
0.032549 0.180835 -3.823536
0.324025 0.085882 -4.093821
-0.340515 0.078868 -4.910016
-0.254101 0.134432 5.737854
-0.420404 -0.454311 -4.606773
-0.328690 -0.294858 -2.662035
-0.052812 0.383880 -4.884113
-0.489603 0.488007 -0.530476
-0.474939 0.072217 5.847066
-0.263788 0.245072 -4.052310
-0.249750 0.084152 -5.162366
-0.370586 0.372789 6.245993
0.030883 0.046819 5.697096
-0.214153 -0.228622 2.605609
0.311461 0.043325 -4.129108
0.405050 -0.066176 -4.787871
-0.449503 -0.273673 -4.747178
-0.466091 0.058298 -3.553988
0.071691 0.455834 -5.334785
-0.219844 -0.494032 10.372922
-0.433973 -0.428672 -4.242977
0.259758 -0.293907 -4.690112
-0.129589 0.026230 -1.571611
-0.097890 0.273031 5.284343
-0.010149 0.286523 -3.697421
-0.327295 -0.258675 -5.979487
-0.384934 -0.210207 -0.881363
0.191828 -0.452036 5.722916
0.084932 0.185827 4.535394
-0.333739 0.133915 6.031327
0.210330 -0.412151 -1.827665
0.146610 -0.179555 6.203948
-0.359179 0.254834 -2.808173
-0.367576 0.026948 4.044853
-0.315705 -0.396682 -4.028935
-0.453655 -0.277323 -3.815748
-0.031416 0.348100 -4.179685
0.346737 -0.276192 4.246683
-0.234002 0.035450 5.570889
-0.397695 -0.412866 4.438833
-0.472046 -0.190147 6.178602
0.110272 -0.011254 1.847182
-0.081769 0.200151 -4.042025
0.226310 -0.155624 4.319777
-0.042791 -0.065610 -2.571808
-0.494732 -0.061655 -4.759556
-0.329826 -0.281712 -0.529731
-0.306315 0.150068 -1.455320
-0.425221 -0.133820 5.071585
-0.369970 -0.325902 -5.039028
0.247270 -0.235568 -2.238264
-0.377503 -0.008855 -6.065838
-0.307047 0.095021 -5.771226
0.366024 0.343175 -3.809155
-0.071190 0.361253 -4.038220
-0.360438 -0.149301 -5.360820
-0.277551 0.425644 -0.931616
-0.401850 0.487905 -3.479374
-0.454199 -0.232056 -2.362864
-0.368392 -0.070779 -3.766468
-0.326469 0.098099 -2.499143
-0.497695 -0.382108 8.644755
-0.491092 0.110323 7.235977
0.264251 -0.416542 -3.320999
-0.359973 -0.011746 -3.331415
-0.452117 -0.234584 6.002620
-0.435080 0.121434 -4.256075
-0.240981 0.463725 -3.671712
-0.189541 0.369404 -0.514708
-0.260283 0.094124 -0.842618
-0.166029 0.197251 -5.124568
-0.171067 -0.436278 3.543103
-0.355770 -0.222060 -3.812630
-0.281883 0.462376 -5.317810
-0.304766 0.036875 -5.658490
-0.263060 0.060071 -3.302122
-0.322978 0.236599 -2.264916
-0.460847 -0.312525 -5.537117
-0.408849 -0.042551 4.737658
0.275324 -0.103803 3.887685
0.077573 0.467454 3.813043
0.306381 -0.454180 -3.084460
0.322647 -0.127468 -4.468537
0.219070 0.195314 -4.961976
-0.224987 0.495263 8.581940
-0.391048 0.050086 -1.678959
-0.465939 0.156726 4.098781
-0.342704 -0.250984 -1.799701
-0.015443 -0.361916 -5.233486
-0.219262 0.251208 -4.174628
0.007577 0.047022 -4.765531
-0.261062 0.019344 -2.060366
-0.429935 -0.473715 6.111809
-0.485084 0.356015 -3.144887
0.434070 -0.449359 -5.238016
0.235002 -0.243749 5.762330
-0.392318 -0.046341 5.112121
0.410793 0.296184 -4.344603
-0.480777 0.306892 -5.815815
-0.114337 -0.430352 3.581631
-0.111483 0.458216 -5.190662
0.147190 -0.277742 -1.859627
-0.390975 0.099199 -4.208449
-0.121497 0.497848 -4.076500
-0.330371 -0.435387 -4.015065
-0.223942 0.299426 -2.554579
-0.326734 -0.403647 -3.161216
-0.429169 -0.377392 -3.838685
-0.381394 -0.496021 -5.188416
0.220126 0.191874 -1.799861
-0.442839 0.061741 -0.969738
-0.310395 -0.352552 5.331473
0.288560 0.167558 -2.652782
-0.471170 -0.242584 -3.690204
-0.223121 0.236347 6.257439
0.132538 -0.434486 -4.078047
-0.447458 0.113778 -2.885818
-0.279779 -0.300801 5.265245
-0.198759 0.425287 -4.080858
-0.090522 0.488734 0.943228
-0.378323 0.163463 -6.047403
-0.499619 0.205629 -4.932077
-0.369452 -0.071991 4.571212
0.024684 -0.170396 -5.271617
0.239030 0.078202 -4.151868
-0.441321 0.364130 -4.496996
0.309589 0.079418 -5.704859
-0.494353 -0.259151 -3.979056
-0.065945 -0.363918 -3.035638
0.458333 -0.072640 -3.657973
-0.130213 0.284575 5.394777
-0.237029 -0.229064 -2.929493
-0.470032 0.165186 -4.967047
-0.059727 -0.493692 0.150428
0.127693 -0.459672 -0.424888
-0.363959 -0.140279 -4.846405
0.308541 -0.076738 -5.892682
0.284612 -0.196715 2.889675
-0.064643 -0.240556 5.867336
-0.056923 0.327113 5.626230
-0.483873 -0.274027 5.189195
-0.492060 0.242439 -0.334076
-0.396954 0.191852 -3.208652
-0.127111 0.367541 -1.904052
-0.250423 -0.048206 -6.244933
-0.436413 0.499279 10.394733
-0.173973 0.108576 -4.240813
0.456503 -0.149997 6.089649
-0.372179 -0.054595 -0.658967
0.089099 -0.393570 -1.547668
-0.472446 0.075416 -4.505253
-0.055895 0.338249 -4.722256
-0.052819 -0.271946 -2.200149
-0.468423 -0.331410 6.175602
0.110508 0.336955 -2.232152
-0.371883 0.278127 5.211100
-0.411724 0.192095 -2.809252
-0.475043 0.325587 -5.118947
-0.349681 -0.261299 -2.409933
-0.445856 0.399344 -3.237568
-0.482910 0.078559 -2.129931
-0.133606 -0.077100 -4.249060
-0.020199 0.298749 -3.410703
0.317741 -0.472070 -3.731874
0.356979 0.306766 6.258230
-0.294964 0.156390 -3.078716
-0.205380 -0.107454 -5.168195
0.089944 0.254993 -2.465906
-0.058802 0.194364 -2.835247
-0.395988 -0.177574 5.879789
-0.409484 0.059284 -5.539195
-0.328914 -0.212537 5.833713
-0.105288 -0.020238 -4.884642
-0.332309 -0.283651 2.756391
-0.027165 0.446494 5.515613
-0.009165 0.383187 -4.617701
-0.142898 0.180846 -2.892357
-0.412190 0.084772 -5.179451
-0.200390 0.243820 -4.253715
-0.307715 0.493198 -2.768938
-0.298640 -0.323061 -2.807700
-0.459505 0.162210 -5.667983
-0.332848 0.251444 -2.896295
-0.321729 -0.457003 -3.796053
-0.474196 -0.452970 -5.800786
-0.004685 0.398393 -4.645520
0.135198 0.280837 -5.416550
-0.405275 0.412662 -4.459629
-0.039506 0.466547 1.814393
0.107299 0.455831 2.519575
-0.330423 -0.178570 -6.044723
-0.372112 0.056469 -2.289683
-0.313122 -0.096316 5.176981
-0.363676 0.001332 -5.783373
-0.335822 -0.318787 -2.224574
-0.204292 0.057008 -2.187844
0.056869 0.441698 -3.024121
0.143465 -0.240894 -5.722501
-0.240167 0.413014 -2.639353
-0.434986 0.025833 -5.529496
-0.376890 0.212402 -1.910595
0.074941 0.327186 6.020870
0.151929 -0.138523 3.038573
-0.432282 -0.001541 5.229188
-0.305325 -0.033065 -6.221960
-0.421009 0.237547 -2.683619
-0.235521 -0.006522 5.392853
-0.451311 0.412720 -4.875285
-0.390505 0.360661 -4.800651
0.476069 0.432382 1.843750
-0.142997 -0.104919 -6.216592
-0.341336 0.089593 -0.579009
0.069379 0.352131 5.059662
-0.419464 0.325833 -2.333636
-0.313610 0.391883 -3.238569
-0.199349 0.432250 -6.146831
-0.463812 -0.252572 4.936824
-0.465734 -0.193078 2.613748
-0.336351 0.140121 5.142321
-0.218509 -0.439917 -6.156514
-0.423402 0.419287 -2.616813
-0.223306 -0.431123 -6.094680
-0.341120 0.234588 -0.869168
-0.034496 0.378029 -4.729764
-0.203898 0.446138 -5.513153
-0.477185 -0.019640 4.856389
-0.380698 -0.204214 4.339631
-0.433867 -0.052495 5.782837
-0.342463 0.102882 -0.110924
-0.340700 -0.416655 5.930716
-0.197889 -0.459536 4.045705
0.176743 -0.050135 4.069482
-0.467248 -0.361952 -0.840941
-0.184813 -0.462513 5.742132
0.072248 -0.295533 -4.892800
-0.309841 -0.014980 5.845970
-0.138922 -0.375110 3.195125
0.095396 0.360364 -4.881921
-0.472314 -0.179743 -4.903740
-0.328439 -0.405958 -5.131500
-0.484150 0.260514 4.005424
-0.174729 0.202500 -1.616333
0.122123 -0.481906 -3.603591
-0.332347 -0.125029 -2.349579
-0.207479 -0.217734 -3.591227
-0.138136 0.318311 -4.598513
-0.232071 -0.397899 4.015931
-0.478222 -0.268821 -5.043422
0.161465 -0.397025 -0.365238
-0.442165 0.423293 -3.308140
-0.172674 0.099310 -4.821778
0.446987 -0.316528 0.969359
-0.297802 0.161493 -3.743481
0.043977 -0.439653 -5.623557
0.130082 0.483132 -4.649971
-0.476686 -0.274293 -4.764521
-0.409040 0.128661 5.710431
0.493915 0.077859 8.508918
-0.239793 -0.298054 -0.839346
-0.310117 0.209601 -3.625917
-0.441134 0.173853 -3.921172
-0.039496 0.170536 -6.205929
0.318734 0.363913 4.878452
-0.394492 0.109039 -4.861873
-0.312781 0.424654 -1.160736
0.018973 0.270198 5.971689
0.042961 0.253276 -1.771946
-0.346463 -0.321845 -5.100028
-0.030038 -0.405290 -3.581295
-0.435410 0.075303 -3.644233
-0.162896 0.002169 -3.953510
0.427822 0.011569 -1.425591
-0.124129 0.350885 -1.696717
-0.071773 -0.117453 -5.340553
0.164467 0.423696 -5.380515
-0.110714 0.367204 -4.824558
-0.352928 0.184214 -5.448328
-0.019891 0.403406 4.804015
-0.369760 -0.166457 -5.524822
0.142406 -0.372349 6.277856
-0.374630 -0.479665 -5.873401
0.409718 0.022257 -0.155529
-0.432350 -0.082187 -4.383222
-0.487241 -0.277916 -2.749614
-0.470419 0.410490 8.806955
0.185643 0.238702 -6.209145
-0.235102 -0.320764 5.075840
-0.061720 0.412006 -6.040830
-0.498459 0.029447 -1.418500
-0.075781 0.238200 -4.157367
0.068717 0.309099 -2.838140
0.079778 -0.251528 -4.450468
0.039248 -0.229588 -3.734435
0.478492 0.220773 6.800744
-0.296929 -0.300729 -5.597265
0.211944 0.057729 -5.799388
-0.122399 -0.368160 4.702247
-0.216094 -0.479073 1.277974
