-0.363327 -0.399430 5.028641
-0.386864 0.343971 -4.631946
-0.332301 -0.045550 4.854930
-0.165768 0.301466 6.190506
-0.426879 -0.017661 3.871853
-0.387975 -0.098283 5.260673
-0.428369 0.080244 -3.847871
-0.142328 -0.445597 -4.466205
0.138703 -0.135721 -5.381276
-0.227629 -0.298260 6.262337
-0.454135 0.161610 3.828437
0.150313 -0.358132 3.709521
-0.370348 -0.310443 4.984230
0.028035 0.287548 -0.534135
-0.461054 0.463723 -2.890411
-0.371831 -0.493867 -4.347361
-0.128570 0.234160 -0.618419
-0.497326 -0.108084 0.354223
0.179163 -0.016475 -6.012576
-0.442970 0.460124 2.909758
0.474052 0.349991 -6.091232
-0.149402 0.204299 -1.809707
0.176660 -0.257817 4.485823
-0.400926 -0.276517 5.846433
-0.212625 0.173195 3.531994
-0.440035 0.004842 -4.421637
-0.342682 -0.346661 3.787576
-0.452589 0.065032 -3.878058
0.323345 0.069694 3.804332
0.103791 -0.212264 3.214911
-0.329931 -0.259648 5.665433
-0.456685 0.056884 4.511464
-0.033875 -0.317240 5.978625
0.315257 0.145330 -5.987984
-0.461057 -0.307289 -5.661859
0.028972 0.432528 -4.358585
-0.396287 -0.385496 4.048960
-0.103824 0.398997 -5.773534
0.314410 0.040873 -5.032982
-0.457863 -0.467263 4.673641
-0.119716 0.136393 -3.609983
-0.488257 -0.180012 -2.576802
-0.326476 0.124857 -1.714518
-0.419864 0.456609 -4.055705
0.372088 -0.120829 2.149332
0.140870 0.121032 -4.746445
0.036810 0.179484 4.180653
-0.423129 0.171909 -5.129368
0.335225 -0.499826 10.840748
-0.141579 0.307551 -4.296928
-0.342510 0.049078 -5.815229
0.477395 0.298876 -5.207348
-0.153422 -0.176404 -6.046612
-0.419059 0.498777 -4.360819
-0.435850 -0.145264 4.809985
-0.431726 -0.357464 3.315295
-0.180121 -0.385815 -4.435821
-0.127349 0.006764 3.200140
0.214244 -0.477363 -5.132441
-0.293226 -0.413742 1.956945
0.048121 -0.429509 -1.231893
-0.460627 0.021396 5.625941
0.172244 -0.225314 2.427373
-0.391685 -0.447828 2.451985
0.233612 -0.176377 5.905216
-0.474341 -0.344434 -4.669876
-0.214379 0.189508 5.613738
-0.093891 -0.107715 5.648595
0.465593 -0.322893 -0.711490
-0.488809 -0.070904 -5.430384
-0.277674 -0.008435 -5.075501
-0.456003 -0.288621 4.398313
0.403138 0.299534 3.401131
-0.400689 0.365467 -4.424914
-0.298778 -0.077872 -2.925487
-0.463729 0.492016 11.277337
0.016863 -0.160984 4.459095
-0.373085 0.462701 4.368007
-0.480536 0.050244 -6.209299
-0.260610 -0.397452 -5.291164
-0.415190 0.379166 -4.691550
-0.193809 0.085170 2.332016
-0.430650 -0.347278 4.350559
-0.031256 -0.411716 -4.988687
-0.455616 -0.144760 3.512936
-0.267256 -0.004952 2.836731
0.022318 -0.032509 -6.275992
-0.456833 0.040633 -2.289000
-0.049691 0.024995 0.764422
-0.494947 -0.039089 9.104452
-0.302961 0.004006 -3.977465
-0.477686 -0.486209 -6.201525
-0.387099 -0.046178 4.648701
-0.367634 0.073332 -5.102398
-0.394071 0.025845 -1.503057
-0.439969 -0.447476 3.215480
0.237631 -0.080589 4.276569
-0.255418 0.051057 -3.227319
-0.479418 0.101345 -6.020407
-0.161520 -0.347802 5.090999
0.063962 0.101670 5.509918
-0.434437 -0.321244 1.481457
-0.321887 0.206837 2.745123
-0.236344 -0.456844 1.553671
-0.324871 -0.086416 -5.241008
0.043314 -0.008867 4.268538
-0.134661 -0.337296 -5.724956
0.176576 -0.018087 -4.423741
-0.195105 -0.286214 1.814269
-0.286378 0.492513 3.674948
-0.337102 -0.341096 4.523075
0.013610 0.401770 5.645013
-0.487100 0.079030 -1.209280
-0.333006 0.063276 -3.978398
-0.373855 0.337480 -5.833053
0.449728 -0.467755 5.405304
0.420269 -0.297994 -5.298934
-0.407158 0.267753 -2.045387
-0.445409 0.226233 6.116265
0.418531 0.400360 -5.326632
0.175049 0.438472 -1.925136
-0.210616 -0.434480 4.704770
-0.206704 -0.154544 -0.199174
0.178067 -0.216228 0.681418
-0.483536 -0.238670 3.419115
0.110897 0.068803 -4.069065
-0.402541 -0.164591 3.025504
-0.486427 -0.334001 -2.768187
-0.470680 0.133089 4.612138
-0.449861 0.399794 5.839785
-0.343370 0.057494 2.873815
-0.470620 -0.284097 -2.000097
0.372032 0.175296 -5.858477
-0.353233 0.142673 6.042826
-0.419120 -0.291231 3.574777
-0.446515 -0.043858 4.202768
-0.431006 -0.364666 3.724784
-0.491050 -0.387675 -1.226469
-0.406627 -0.127323 -5.887871
-0.372717 0.365220 5.440615
0.176186 -0.051499 3.753719
0.225097 -0.012604 4.802355
0.353773 0.497031 -3.594407
-0.086987 0.284857 -2.918517
-0.435425 0.448452 -5.749719
-0.440156 -0.434292 -4.119247
-0.419616 -0.408456 -6.165408
-0.395072 0.153386 5.822870
-0.273502 0.102944 -5.592889
-0.359258 -0.487404 2.340382
-0.228617 0.454013 -3.166581
0.039230 0.425330 -5.280341
-0.261489 0.337686 -5.788930
-0.214478 0.211651 4.691097
-0.403004 0.192001 4.656817
0.211682 0.282860 5.383197
-0.495078 0.104178 -4.491410
-0.215477 -0.298155 -4.932460
0.180648 -0.442238 -1.725772
-0.319701 -0.281689 5.135777
-0.277932 0.126713 -5.767711
-0.405040 0.343928 -4.401031
-0.147024 0.327832 -4.342381
-0.155039 0.198853 5.522663
-0.414676 0.278218 -3.245111
-0.295979 0.181609 -5.246112
0.428377 -0.360391 -4.708416
0.184788 -0.399218 -5.042008
0.169433 -0.174414 2.732237
0.208337 -0.210706 3.928141
-0.461738 0.114881 5.528739
-0.366820 0.474943 -5.502798
-0.178720 0.201562 -4.460638
-0.484210 0.218056 -1.841857
-0.354831 0.320556 -4.728881
-0.100916 -0.325377 3.542448
-0.146416 0.113572 -5.383204
-0.432294 -0.218013 5.424970
0.355587 -0.076405 -5.777471
0.258016 -0.133223 1.000910
-0.333462 0.291542 -3.032897
-0.469595 0.343948 -5.704730
-0.462599 0.355604 5.018042
-0.286302 -0.400690 0.915829
0.395308 0.324326 5.572094
0.141449 -0.072569 -4.265863
0.492983 0.199713 -1.714163
-0.425388 -0.033541 -3.548678
0.214051 0.470974 -3.456882
0.186331 -0.156443 4.529602
-0.174440 0.401009 4.325415
-0.294557 -0.367886 -5.972033
-0.369402 -0.473022 4.858093
-0.285339 0.295118 -4.917708
-0.039449 -0.469440 -1.326388
-0.473244 -0.142977 0.379652
0.207171 -0.440779 -1.063688
0.029072 0.010061 -5.181162
-0.318563 -0.475578 2.349923
-0.249921 -0.360156 0.464360
-0.182744 -0.082194 -3.788296
0.351653 0.315296 4.704640
-0.007442 -0.264351 -4.382732
-0.477707 0.315046 -3.765372
-0.431527 0.048042 4.430078
-0.371125 -0.091770 -5.958149
0.236301 0.129842 -5.104860
0.353665 0.380929 -3.083963
-0.461328 -0.145345 -6.017412
-0.428442 -0.005016 -5.785590
-0.438727 0.211503 5.789629
-0.421489 0.000800 2.051966
-0.451078 -0.066619 -4.977043
-0.383355 0.380729 -4.586947
-0.395134 0.372685 5.412998
-0.241072 0.236947 4.631714
0.073482 0.039842 6.048744
-0.347340 0.116197 3.373274
-0.394646 -0.488260 1.920173
0.096829 -0.448580 -2.601862
-0.410845 0.051233 6.170177
0.042349 0.113206 2.685364
0.302404 0.393920 -4.761666
-0.319808 0.110012 -3.381332
0.158132 -0.412137 -4.607150
-0.366239 -0.074306 5.436237
-0.374792 0.458744 -6.179544
-0.276371 -0.242080 4.956009
-0.465156 -0.153364 5.957795
-0.160091 0.451578 4.579353
-0.019057 -0.462579 -3.047782
-0.372448 0.480145 12.475740
-0.277288 0.438616 -2.294059
-0.394472 0.310373 -4.552560
-0.479606 0.032907 5.577057
0.254011 -0.258611 0.136696
-0.276941 0.360893 5.629873
0.032109 -0.393295 5.165709
-0.282588 0.095353 3.512001
-0.281925 -0.266854 1.781618
-0.276219 0.452099 -3.585644
0.021414 -0.401376 -2.707209
0.058868 0.257714 -1.696361
-0.310462 -0.377717 3.935144
-0.352358 0.331743 -5.964842
-0.484698 0.431713 4.265469
-0.410567 0.391094 -3.175450
0.413058 0.383227 5.482672
0.428093 0.194597 4.560010
-0.032062 0.445928 6.029344
-0.044770 -0.320881 -0.961027
0.189058 -0.136216 5.760162
-0.435025 -0.072251 -4.263170
-0.400031 0.271584 5.870157
-0.335486 0.367911 6.207278
-0.485620 -0.267586 -5.765574
-0.282072 -0.478624 5.397981
0.004701 -0.065422 4.524329
-0.224213 0.310256 -4.818806
-0.254051 -0.308174 4.639768
-0.355044 -0.414858 4.517845
-0.440655 -0.061433 -5.575249
-0.232291 0.263500 5.747204
-0.134856 -0.400052 -0.737592
-0.371691 -0.253806 -4.981993
-0.494987 -0.371287 2.820821
-0.399322 0.436949 4.795672
-0.472421 -0.113425 2.796550
-0.412296 0.048250 -6.120420
-0.052228 -0.468485 -4.535873
0.001924 -0.379539 -6.263867
-0.400082 -0.238009 4.169457
-0.449434 0.494804 11.384703
0.064614 -0.321792 3.816831
-0.149215 -0.237593 -4.107391
-0.444254 0.109610 -3.069543
-0.082356 -0.396794 -5.005900
-0.487560 0.229976 -3.908925
-0.382240 0.475216 5.679663
0.272238 0.168891 5.373841
-0.241036 0.477154 4.545114
-0.250479 -0.148770 -6.231386
-0.476669 0.196358 -2.501760
0.086171 -0.408703 -0.078644
-0.411454 -0.472460 0.704439
-0.377398 0.458563 -5.480137
-0.394347 0.489152 -6.120452
-0.488725 0.262996 -5.898255
0.025008 -0.378013 -5.154332
-0.330614 -0.445679 3.469979
-0.388640 -0.471657 6.200828
-0.468037 0.153834 -5.852437
-0.398049 -0.169237 -6.143815
-0.255283 -0.217050 4.695928
-0.361811 -0.259003 5.958582
0.284732 -0.093890 -6.262259
-0.436611 -0.426762 -3.823421
0.318063 -0.265519 -5.257462
-0.165185 0.135691 -4.314363
-0.453663 -0.191346 3.733220
-0.133839 0.485484 0.650621
-0.288140 -0.387834 4.957471
-0.200061 -0.468437 -5.716143
-0.182769 -0.048818 -4.674556
0.440927 0.410682 2.853205
0.315255 0.219477 -4.884088
-0.489027 0.076185 -2.357835
0.324694 0.260262 5.614046
-0.261069 -0.487707 5.494441
-0.409781 -0.003076 -1.017168
-0.405749 0.322484 2.936037
-0.407507 -0.346343 0.906247
-0.273842 0.431839 -3.108182
-0.056942 -0.298688 5.014865
0.022884 -0.417278 -3.563927
0.035626 -0.411596 -2.289661
0.152407 0.135014 -5.688336
-0.390010 0.160860 -5.376071
-0.299127 0.117039 5.529836
-0.412680 -0.301428 3.696460
-0.398995 -0.451577 2.355502
-0.192793 -0.464869 4.504972
-0.486116 0.377617 -5.872016
-0.482203 -0.385868 5.334187
-0.376750 -0.217304 3.192440
-0.305617 0.427335 3.904384
-0.271498 -0.087717 4.030558
-0.424297 0.490876 -6.206938
-0.082001 -0.055190 -4.986886
-0.135001 0.226116 -1.026259
0.201921 -0.386992 3.040531
-0.265973 0.218965 -5.893534
-0.201610 0.216062 5.126327
-0.129628 -0.269261 -4.769350
-0.437315 -0.065570 -5.457708
-0.390727 -0.193300 1.536858
0.226392 0.368280 -5.330458
-0.492506 -0.139893 0.015413
-0.203426 0.441699 -6.100921
-0.400742 -0.397570 4.003826
-0.267928 -0.426457 4.851677
-0.410828 -0.067907 -5.895069
-0.225115 0.126170 -3.892371
-0.433134 0.374302 5.514469
-0.185355 -0.496150 5.220788
0.394658 0.030971 -5.906278
-0.466984 -0.007151 5.746717
-0.300083 0.408876 4.375289
-0.496809 0.421034 5.089256
0.205431 -0.194410 4.352134
-0.223182 -0.141306 -3.221721
0.003194 0.091483 2.198775
-0.362852 0.146664 5.529212
-0.267676 0.239059 -6.103504
-0.446184 0.449446 5.869254
0.019835 0.236586 -1.053976
-0.148679 -0.290169 -3.294745
-0.219095 0.124728 4.673534
-0.105276 0.320739 -4.712158
-0.217733 -0.251799 5.147809
-0.436468 -0.498387 6.043226
-0.302494 0.265921 5.972610
-0.038344 0.312305 -2.667004
-0.241727 -0.135071 -6.129593
0.223025 0.266771 2.860552
-0.331781 0.197389 5.645750
0.254123 -0.120652 3.656811
0.419999 0.246633 5.194460
-0.013569 -0.231167 3.514604
-0.325612 0.259340 -6.113998
-0.171623 -0.126294 -4.704839
-0.394237 0.241986 -2.358979
0.062744 -0.123381 -5.842668
-0.283449 0.227744 -4.666331
-0.087039 -0.196557 5.087389
0.406124 -0.007274 4.417020
0.195134 -0.314548 4.958426
-0.390259 -0.243786 2.730286
-0.200697 0.187129 -4.514333
0.305267 0.305126 3.592941
-0.449082 -0.220339 2.786680
-0.027814 -0.028973 3.665610
-0.399223 -0.292874 1.629205
-0.322845 0.327758 -4.871494
0.154009 -0.252011 3.257097
0.213326 -0.236632 2.266534
-0.433283 0.216709 6.116522
-0.492270 -0.066019 -5.790815
-0.269606 -0.428929 3.726069
-0.457376 0.241131 -5.536796
-0.223085 0.418277 -0.978553
-0.422059 -0.249809 5.077067
-0.255774 -0.260723 5.330280
-0.452967 -0.029423 -5.020356
-0.302013 0.422700 -5.063499
-0.397624 -0.085637 -3.437011
-0.146465 -0.003153 5.588148
-0.483514 -0.474356 8.522527
-0.439637 -0.444590 5.831756
-0.100691 0.109089 -5.365002
