-0.277914 -0.265094 2.300598
0.180645 -0.138466 3.141333
-0.484534 -0.165682 -1.805187
-0.439243 0.281284 1.882438
-0.485849 -0.278952 2.930793
0.419462 -0.473540 -2.563642
-0.434258 0.144795 3.791763
-0.049004 -0.376033 -3.107505
0.063950 -0.185838 -1.785558
-0.415442 0.378891 2.613426
-0.491607 -0.055219 -3.508433
0.200810 -0.121045 0.287300
-0.321983 0.295505 5.835413
-0.436235 0.438095 5.549508
0.126531 0.170225 5.769527
-0.445763 0.280473 2.997034
-0.233580 0.340193 -4.059751
-0.332993 0.044799 5.180693
-0.490732 0.067028 -5.114648
-0.426363 0.175554 2.349402
-0.425861 -0.042663 -3.078763
-0.199729 -0.076290 3.990590
-0.048009 -0.237369 5.910011
-0.394880 -0.079630 -4.842128
-0.333640 0.477458 4.452726
-0.201089 0.281100 -4.212312
-0.300176 -0.138733 1.945522
-0.449903 0.261504 2.986349
-0.452377 0.487407 11.194356
0.082400 0.074609 -4.991487
-0.465492 -0.174229 3.273578
-0.244767 -0.405724 5.281568
-0.297514 -0.043973 2.553388
-0.252554 0.112585 4.518620
-0.235727 0.373537 6.155658
-0.088591 0.242876 6.203047
-0.459576 0.426530 4.207884
0.390936 -0.106629 2.084158
-0.096521 0.499928 12.087486
-0.475102 -0.442875 -3.857631
0.248707 0.107709 1.736462
-0.346755 -0.339230 5.973296
-0.045232 0.464784 -6.004529
-0.419721 0.478094 6.178567
0.226479 -0.073750 2.870904
-0.432779 -0.126262 1.773733
-0.402319 0.437974 4.099421
0.051704 0.231670 2.181961
0.478403 -0.100047 4.701859
-0.221902 0.386471 5.804055
-0.429594 0.378966 4.468946
-0.408001 0.237337 -6.193131
0.126927 0.243077 5.853670
-0.415326 0.421090 4.902507
-0.323060 -0.233862 2.033687
0.110812 -0.475619 -1.243521
0.329087 -0.271337 5.021975
-0.338501 -0.411423 5.951530
-0.463733 0.041597 -5.744457
-0.391859 0.474389 4.568779
0.085005 -0.473030 9.795030
-0.395989 -0.348331 0.686280
0.405670 -0.373371 -3.803652
-0.488956 0.108831 4.474561
-0.251941 -0.346004 -5.100344
0.233784 -0.472384 -3.165819
-0.396226 -0.204022 2.253536
0.032475 0.011792 -1.837996
-0.246713 -0.253099 4.367396
0.336680 -0.490864 -0.988054
-0.101512 0.095735 -5.440592
-0.496815 -0.250717 2.892955
0.100199 -0.345910 6.088312
0.398486 0.390086 3.762607
0.356089 -0.168929 1.483189
0.198719 -0.378982 0.775005
0.476697 0.438458 -2.656465
0.023869 0.495290 3.837473
-0.358694 0.320825 -4.392223
-0.433351 0.125752 5.124667
-0.499921 -0.470854 -1.110503
-0.488490 0.011001 -1.226018
-0.379500 -0.139505 0.748471
-0.473575 -0.336134 5.772804
-0.227133 0.280244 -5.755609
-0.298968 0.433245 -5.935453
-0.436233 -0.066142 5.374038
-0.237295 -0.210200 1.166072
-0.291818 -0.332185 4.131459
-0.098961 0.315820 5.098473
-0.138715 -0.239765 5.121024
-0.448593 -0.285963 4.641495
-0.402116 0.222800 0.726857
0.467393 0.203357 -3.516218
-0.494687 0.106718 -5.585514
-0.063138 -0.269396 3.868548
0.279432 -0.332015 2.579511
-0.422403 -0.243431 5.145151
0.298998 0.150063 0.122791
0.272410 -0.476985 -3.025156
-0.015692 0.395849 2.998246
-0.438613 -0.206613 2.194911
-0.297357 -0.498035 10.671078
-0.494406 -0.070544 5.209324
-0.460426 -0.017113 -4.539451
0.146013 0.433379 -3.880663
-0.151972 -0.401649 -4.411934
-0.131006 -0.350170 -3.345007
0.389134 -0.457178 -4.697772
-0.331663 0.161678 -6.275286
-0.475560 0.459774 3.977812
0.001997 0.465679 2.020818
-0.474783 0.331587 2.311589
-0.361136 -0.173138 4.924205
-0.039680 -0.265677 -3.110378
-0.040681 -0.282809 -3.594822
-0.010649 -0.372828 -3.789677
-0.058835 -0.341586 -4.758642
-0.253835 -0.468179 -2.004951
-0.495315 0.017202 5.841500
-0.038246 0.238475 5.446118
-0.160970 -0.239189 -3.802357
-0.478270 -0.028032 -0.611469
0.360215 -0.243459 4.159675
0.042750 -0.168403 -4.452929
-0.479595 0.456190 5.197692
0.361225 -0.099994 3.202756
-0.490396 -0.438207 5.500563
-0.337832 -0.058567 6.212884
-0.078635 0.473189 1.827103
0.322637 -0.030773 2.507038
-0.467402 0.069229 -5.136215
0.457040 -0.415107 -1.994673
-0.203409 0.290729 -3.061358
-0.376890 0.104503 3.985591
-0.424738 -0.278716 4.498858
-0.402338 -0.450345 -5.180005
-0.263068 0.188852 5.290958
-0.468860 0.191526 -5.582380
-0.370289 0.256095 2.342964
-0.177349 -0.043668 -5.568525
-0.466658 0.260941 4.896012
-0.492452 -0.139286 5.822802
0.165452 0.136433 5.187915
-0.497797 0.194756 5.283772
-0.282848 -0.290342 5.081918
-0.428104 -0.301886 4.238024
-0.442953 -0.230830 2.131399
0.347495 0.359309 -3.000832
-0.402242 0.103337 5.764301
-0.392962 0.351990 -5.784313
-0.448304 -0.187875 2.282548
-0.492951 -0.263873 4.399889
-0.451496 -0.056372 6.180569
-0.440824 -0.439047 -4.175833
-0.081170 0.297446 2.512341
-0.308686 0.198175 3.722534
0.073264 0.119919 -4.255461
0.292834 -0.267635 1.702245
0.184775 0.286362 5.371762
-0.208356 0.082865 4.107504
-0.413025 0.113835 4.802397
0.217124 0.370903 -4.579689
0.347170 -0.461621 -1.318373
-0.316756 -0.231672 4.609469
-0.375128 0.377479 -4.388230
0.130124 -0.119817 2.268889
-0.328806 -0.355864 -6.189398
-0.157348 0.378112 5.247193
-0.488341 0.060921 -4.173909
-0.125813 0.478970 -3.957303
-0.491696 0.299369 9.336891
0.200764 0.043298 2.660307
0.295448 -0.176534 1.094986
-0.437952 -0.094595 -5.666563
-0.485335 0.038252 -1.777174
-0.496508 0.146179 -2.769581
-0.472410 -0.023798 -6.114889
0.222092 -0.189744 1.183747
0.398075 -0.396015 -1.744198
-0.124406 0.234797 3.877472
-0.423814 0.177716 5.351242
0.202946 0.417921 -4.292911
-0.146341 -0.331681 3.963264
0.225250 0.259671 -6.157970
0.106604 0.359598 -1.641554
-0.385590 0.137582 6.183875
-0.427622 -0.299234 2.282969
-0.215576 0.374170 -4.075014
-0.188942 0.060179 5.548938
-0.303325 0.440011 5.277931
-0.493226 -0.033670 7.274019
-0.436598 0.339756 4.655345
-0.404117 -0.130687 -5.756265
-0.006043 -0.379412 2.504165
-0.294771 -0.486710 -3.838741
0.232408 -0.327693 4.811266
-0.331881 -0.273975 2.588862
-0.364211 -0.345869 -5.023060
-0.234915 -0.333381 -4.513613
0.199898 0.229696 -4.503626
-0.343294 0.021380 1.946057
-0.032161 -0.416427 -5.538479
0.161454 0.498731 -4.553275
-0.186783 -0.491190 -2.172581
-0.376168 0.185559 3.537034
-0.470973 -0.017096 -5.236232
0.194282 0.486326 10.654912
-0.471065 -0.433782 -3.583018
-0.458350 -0.461231 -4.410981
-0.123579 0.197098 5.058673
-0.418956 -0.091441 2.916633
-0.443955 -0.063488 -3.673219
-0.134893 0.099714 -5.827807
0.096530 -0.322247 -3.469830
-0.274029 -0.390857 -5.138172
-0.374442 0.215164 4.136098
-0.072424 0.074379 -2.165866
-0.379580 -0.278051 2.959525
-0.478486 -0.062991 5.589354
0.150723 0.434456 -4.883378
0.238288 0.315668 -1.113466
-0.325843 0.259867 5.940054
0.369234 0.408774 -4.300380
-0.183142 -0.372149 6.266636
-0.471294 0.070513 -6.232313
-0.305082 0.462118 4.839922
-0.414970 0.449515 -3.415992
0.049947 -0.268836 -2.032479
-0.424159 -0.111694 2.848023
0.002956 -0.249862 -1.816585
0.495817 0.419425 -5.541140
-0.064617 0.092842 -4.218520
0.094893 -0.451577 -5.868641
-0.050796 -0.131528 -2.503106
0.088391 0.496983 0.434129
0.343424 -0.239201 3.867033
-0.330919 -0.416444 -4.673686
-0.072256 -0.014528 -5.533419
-0.418783 0.067986 1.175267
-0.224410 0.491887 -2.996263
0.264824 0.115491 2.306365
-0.437403 0.460303 4.499073
-0.160027 0.340855 2.734988
-0.326629 -0.167767 3.856093
-0.373186 0.343713 5.557911
0.257054 0.268113 5.817461
-0.364486 -0.484242 12.461885
-0.317320 -0.433450 4.592641
0.082114 0.143007 5.992904
0.168373 -0.441809 -1.430337
-0.392919 -0.388698 -5.141027
-0.309655 0.325825 -5.501280
-0.341485 0.309938 5.566957
-0.275655 -0.119108 1.442933
-0.470954 -0.135800 6.264992
-0.499738 -0.315869 5.415670
-0.385975 0.101433 1.692977
-0.332063 0.461090 4.701112
-0.376068 -0.430994 4.276924
-0.478461 -0.463524 7.708797
-0.067960 0.278831 -6.040361
-0.372832 0.287006 -4.812053
-0.154745 -0.482747 7.409540
-0.494990 -0.093137 7.868044
0.255016 -0.236835 0.344305
-0.448913 0.171091 0.622625
-0.152380 0.209274 -5.990806
-0.465947 0.070314 3.439181
-0.475677 -0.374517 1.635988
-0.393052 0.002151 4.225975
-0.438924 0.037684 5.749465
-0.361254 0.271981 2.624731
-0.476447 -0.209993 -5.495887
-0.476954 0.480574 2.647488
-0.447473 -0.146844 3.097526
0.383352 -0.426795 -5.868996
-0.427950 0.405453 4.438032
-0.422264 -0.213237 -2.897456
-0.012650 0.429371 0.309639
-0.475364 0.304532 6.011589
0.014398 0.311454 -2.701323
0.004614 0.025709 -6.040609
-0.489669 0.050229 2.481563
-0.149218 -0.295632 -5.601543
-0.274224 -0.344007 1.476182
-0.339278 -0.450594 5.989653
-0.386473 0.077596 4.269494
-0.468740 0.112042 4.601968
-0.465250 -0.144735 -4.608976
-0.323073 -0.025839 5.266825
-0.485894 0.193997 6.155665
-0.065411 -0.144993 -1.470370
-0.293764 -0.437632 -1.912498
-0.471023 -0.132427 6.013465
-0.409465 0.362334 6.203246
-0.084241 -0.360098 -4.636391
-0.072407 -0.383056 -0.716379
0.422989 -0.122021 6.270150
0.076278 0.037817 -2.906710
-0.406416 0.206497 1.398380
-0.076290 0.275932 5.258659
0.009117 -0.388132 -4.525987
-0.336740 -0.086166 1.754699
0.274185 -0.005182 2.930434
-0.158163 0.123249 -3.655489
-0.343519 0.438747 -4.760449
0.355061 -0.493111 -4.117792
-0.494710 0.020911 8.517942
-0.418089 0.487967 5.306954
-0.465621 0.473194 10.566205
-0.456864 -0.204915 -6.265896
-0.460680 -0.155739 4.956742
-0.487124 0.037569 -2.821521
-0.231957 -0.003524 1.962048
-0.176205 -0.264710 1.998579
-0.276300 0.194577 3.689686
0.054203 -0.257451 -3.332459
-0.395479 -0.415244 6.112937
-0.341391 0.089139 1.299944
-0.278334 0.171785 4.451696
-0.445632 -0.008261 3.683344
-0.381117 0.077443 4.318267
-0.444590 -0.249196 1.833637
-0.119975 0.301385 5.658884
-0.226342 0.416809 5.269409
-0.179483 -0.452651 -4.963213
-0.425631 -0.233110 6.108512
-0.371565 0.336165 5.093438
-0.402417 0.027245 4.054297
0.092755 -0.325537 -5.197219
-0.426150 -0.334421 2.028712
-0.126012 0.280004 1.284670
-0.399528 -0.263724 3.043004
-0.499020 -0.237497 -0.285285
-0.390825 0.231939 4.181762
-0.231694 -0.432822 -1.618796
-0.498779 0.076570 7.391959
-0.415458 0.263987 6.158211
-0.473894 -0.290909 4.748212
-0.472167 -0.284317 -4.895080
-0.477244 -0.007437 6.001952
-0.179567 -0.147703 4.505784
-0.358819 0.310061 -2.860299
-0.071177 -0.416963 -4.143032
-0.231697 0.357428 2.956124
-0.326102 0.200047 4.267889
-0.043991 0.483701 -3.473622
-0.495300 -0.282571 -1.013972
-0.173068 -0.417747 5.839731
-0.184002 0.479733 -4.857169
-0.155573 0.309167 -4.410455
-0.202810 -0.208850 4.461015
0.095757 -0.022475 -2.557730
-0.405092 0.368698 1.052145
0.105915 -0.485244 10.396141
0.207051 0.189811 5.583737
-0.167239 -0.426975 -4.193430
-0.455753 0.435943 4.119194
-0.491560 0.151960 -0.391481
-0.410546 -0.463040 -4.888413
-0.444932 0.146867 5.967304
-0.459867 0.137246 5.350893
0.287325 -0.212507 2.580911
-0.013312 0.191530 -5.347221
-0.450201 -0.032386 -5.870477
0.335152 -0.455678 -2.932204
0.075022 0.158689 -4.664698
-0.297156 -0.282750 4.792320
0.083777 -0.499773 -0.545432
0.356773 -0.479106 -1.477593
-0.396881 0.093607 3.434665
0.206359 -0.415761 -4.712475
-0.421712 -0.199351 -4.300610
-0.138579 -0.461239 -1.951789
-0.233738 -0.361886 3.800359
0.313574 0.023645 0.431691
-0.415799 -0.096547 3.031877
-0.389121 0.011720 5.973129
0.016060 0.075020 -3.115444
-0.225435 -0.491745 -3.405716
-0.373894 -0.124232 5.940235
-0.403110 -0.204549 0.426390
-0.482481 0.164550 -6.235021
-0.020051 0.304745 3.338399
-0.427197 0.225779 3.451041
-0.341783 0.438002 2.673790
-0.451353 -0.287354 4.191920
-0.233584 -0.006331 2.075735
-0.239590 -0.079441 3.561176
-0.116061 0.262794 3.500061
-0.223034 -0.188296 4.562845
-0.398493 0.035024 3.039185
0.303146 -0.228069 3.898779
-0.040953 0.282749 5.126935
0.275739 -0.182459 2.996739
-0.471444 -0.183189 3.756576
-0.319466 -0.293450 4.549223
-0.210078 -0.263365 4.335657
-0.386474 0.446353 -3.413619
