0.077593 0.480009 3.062076
-0.078705 0.492309 -2.961076
0.401813 -0.449986 0.027900
0.485028 -0.461459 0.055176
0.485096 -0.308282 0.139088
-0.085647 0.476509 3.136524
-0.108380 0.493893 2.913664
-0.082744 0.487256 2.846184
0.118924 0.426108 -2.929756
0.472107 -0.378021 1.070299
0.491963 -0.337792 1.457756
0.414396 -0.468241 0.051372
-0.072057 0.292769 -1.848713
0.291299 0.027445 0.852899
-0.045163 0.498545 -2.969520
-0.101973 0.496133 3.051996
0.035447 0.166100 1.026686
-0.101187 0.492913 3.085468
0.490887 -0.490992 0.033131
0.433343 -0.342497 1.147753
-0.247915 0.380638 1.606603
0.468251 -0.391151 0.549569
0.485390 -0.479460 0.018354
-0.257586 0.368362 1.349476
0.405342 -0.499668 0.109212
0.475304 -0.330627 1.169873
-0.112676 0.479458 -2.970274
-0.089089 0.492223 3.030003
0.360193 0.258882 -1.195877
-0.339235 0.488719 0.189237
-0.235682 -0.218207 1.498511
0.409516 -0.470462 -0.115839
0.492572 -0.433565 3.080345
0.484173 -0.375980 0.176970
-0.091366 0.292381 -2.025924
-0.093573 0.486285 3.109736
0.042540 0.442303 -2.956783
-0.174221 0.173010 1.159108
0.491442 0.291538 -1.451241
0.496124 -0.375848 1.232638
-0.215973 0.359238 1.709509
0.472168 0.381719 -0.986442
-0.090318 0.499561 -3.104186
-0.051764 0.290530 -2.098943
0.476958 -0.352276 0.114028
-0.391923 0.285727 -2.166062
-0.097482 0.494787 3.007568
-0.098325 0.498645 3.073295
0.471698 -0.319980 2.330042
0.462882 0.494407 -2.147987
0.486918 -0.333718 -0.039213
0.363126 -0.497471 -0.243571
0.401146 -0.463174 0.030620
0.429522 -0.086609 2.443006
-0.095433 0.493472 -2.919213
0.386401 -0.442931 -0.168287
-0.066248 0.495342 -3.068248
0.386634 0.497385 2.934288
0.464123 0.300866 -1.712762
0.091336 0.245845 0.903500
0.487934 -0.335727 0.317242
0.486829 -0.356763 1.130849
0.476997 -0.464763 -0.013512
0.462499 -0.335946 0.683985
-0.238088 0.347553 1.577586
-0.322635 0.470778 0.227824
-0.085122 -0.293156 0.373006
-0.252860 0.361696 1.750122
-0.056947 0.499073 -3.086954
0.228689 0.332932 -2.163341
-0.120587 0.477437 -2.973925
-0.032691 0.285644 -2.171584
0.409099 -0.477373 0.000840
0.481043 0.337235 -0.487522
0.405304 -0.472210 -0.050559
0.135929 0.429326 3.098222
0.389557 0.489561 -3.118724
0.119601 0.236704 1.096766
-0.110677 0.480214 -3.001426
-0.231045 0.373486 1.431173
0.440926 0.465144 1.904073
0.400595 -0.495011 0.132517
-0.437080 0.351422 -2.825802
-0.030485 0.489659 -3.070442
0.496139 -0.317122 2.657926
0.481021 0.431286 0.123482
-0.074892 0.298793 -2.122055
-0.165934 0.347284 1.249576
-0.377883 0.268358 -2.489464
0.392497 -0.489814 0.096512
0.392754 -0.454842 -0.029320
-0.083843 0.494253 2.972004
0.333639 -0.043542 0.921951
0.344059 -0.320845 -0.552612
0.436517 -0.474755 0.348818
-0.465935 0.493457 -3.063195
-0.114615 0.497565 3.059159
0.386724 -0.488276 0.029960
0.452921 0.318471 -1.920557
0.470472 -0.228336 1.349810
0.075982 0.496798 -2.974026
-0.046408 0.492310 2.921415
0.481009 0.490394 -2.016558
0.043910 0.437493 3.087984
0.104423 0.246791 1.235586
-0.139427 0.478611 -2.882448
-0.026514 0.499237 2.888336
-0.257367 0.368171 1.673382
0.358027 -0.490823 0.112566
0.342679 -0.493637 0.131599
0.391187 0.487790 3.074949
0.439614 -0.465152 1.441321
-0.095547 0.486711 3.038747
0.449332 0.488518 1.885669
0.468471 0.389898 -2.716499
-0.326259 0.471088 0.237867
0.404799 0.498475 -2.993039
-0.237137 0.376769 1.426685
-0.477052 0.316374 1.926980
0.128104 0.406639 -2.639033
0.400956 -0.488256 -0.131273
0.453119 -0.327826 0.206781
-0.228544 0.368942 1.604915
-0.110648 0.438269 1.306847
0.346653 -0.209372 2.613114
0.480384 -0.357056 0.430855
-0.087577 0.496042 3.089306
-0.123285 0.451275 -2.811306
0.402260 -0.497379 0.089132
0.408052 -0.444120 -0.147582
-0.315155 0.483271 0.018589
0.078005 0.491530 -3.065367
0.081469 0.488705 -3.018781
0.381173 -0.497251 0.067716
0.498937 -0.458594 1.267756
0.408220 -0.480816 -0.015403
-0.230824 0.336987 1.511031
0.222693 0.312333 -1.697866
0.498040 -0.486883 0.136827
0.490689 -0.222843 1.784729
0.043190 0.464988 -3.003558
0.262017 -0.193348 -0.213629
-0.099545 0.499985 -3.126983
0.499857 -0.354651 1.521347
-0.424351 0.356357 -2.873351
0.077932 0.245091 1.074064
0.482646 -0.328615 0.054006
-0.075514 0.288373 -2.109391
-0.133678 0.464918 -3.108467
-0.248231 0.351012 1.845241
-0.082441 0.297957 -1.992542
0.498031 -0.333206 0.306834
0.100848 0.479714 -2.827622
0.101708 0.236389 1.176516
0.374539 -0.491917 -0.226867
-0.137932 0.343219 -2.559580
-0.159945 0.339690 1.326596
0.083440 0.133106 0.735180
0.424801 -0.427613 -0.073725
0.476294 0.483215 -1.761975
0.486264 -0.467059 0.399950
0.495647 0.373381 -2.509474
-0.091950 0.484417 -3.117422
0.389510 -0.454426 -0.103356
-0.123825 0.409515 -2.560797
-0.097528 0.489281 -3.033659
-0.137325 0.454040 -3.063735
-0.034177 0.498651 3.130202
0.463836 -0.309592 0.096539
0.396185 -0.469746 -0.171210
-0.016347 0.491191 -3.027989
0.372813 0.249495 -1.288233
0.405244 -0.489529 0.106908
0.495547 -0.488600 0.048933
0.472998 -0.218821 1.596599
-0.095828 0.483753 2.766727
0.471672 -0.332401 1.248408
-0.049321 0.495722 3.081339
0.497719 -0.416899 0.284929
-0.226224 0.359019 1.566424
-0.053235 0.283163 -2.057133
0.063721 0.268814 -2.177273
0.488743 0.318481 -1.843847
0.420648 -0.470241 -0.066181
0.404666 0.499184 2.845564
-0.117224 0.475995 3.127151
0.294217 0.022020 0.782005
0.247519 -0.406621 0.816885
-0.333571 0.469685 -0.252351
-0.402820 0.289294 -2.465369
-0.124328 0.486338 -2.990846
0.429043 -0.340215 1.508578
-0.091791 0.488516 -3.111977
-0.056014 0.299103 -2.173346
0.402757 -0.491845 -0.021669
0.393796 -0.246955 0.106273
0.358357 -0.498664 -0.209708
-0.211287 0.375031 1.563092
0.455722 0.299171 -1.511126
0.469501 -0.342195 1.408999
0.394493 -0.485434 -0.022723
0.074919 0.493138 -3.134840
0.416210 -0.096223 2.337327
-0.117790 0.469149 2.917708
-0.020502 0.498533 2.963026
0.039584 0.455303 -2.755012
-0.273898 0.358271 1.757354
0.487134 -0.470469 0.256951
0.432610 -0.344930 1.207391
-0.030024 0.483568 -3.054099
0.488628 -0.316668 0.287752
0.479330 -0.344623 0.269229
0.481236 -0.314690 2.680940
-0.105047 0.491791 3.126239
0.457086 -0.283607 0.304982
0.045420 0.480695 -2.958638
0.422360 -0.428900 0.217605
0.467701 -0.226081 1.509587
-0.243587 0.363197 1.450331
0.390996 -0.491770 0.057267
-0.074180 0.497831 3.054305
0.310280 -0.055844 1.125416
0.408074 -0.463340 0.338209
-0.122122 0.332304 -2.494192
0.499215 -0.318867 0.240278
-0.112948 0.413624 -2.921678
0.480458 -0.342232 1.350980
0.485526 0.303615 -1.632935
0.415628 -0.496536 -0.133464
0.410720 -0.488676 0.260334
0.401539 -0.498128 0.099139
0.482614 0.272906 -1.247789
-0.095346 0.498104 -3.090045
0.420338 -0.499826 0.054186
-0.240325 0.362552 1.710872
0.421652 -0.002420 2.554651
0.487234 -0.453862 0.347839
0.285959 -0.049144 1.000491
-0.140821 0.448656 1.367758
-0.126613 0.474187 -2.874701
0.354278 -0.473771 -0.037272
-0.468092 0.489504 -3.043592
-0.072931 0.498871 2.849619
-0.457976 0.497984 -3.042283
0.421465 -0.442940 0.096435
0.391433 -0.490835 0.150130
-0.052878 0.289296 -2.297332
-0.091450 0.479953 -2.900750
0.492945 -0.454095 3.041601
-0.217698 0.374903 1.344926
0.493928 -0.353607 0.751984
0.483560 -0.321654 2.368857
-0.085676 0.295977 -1.845559
-0.047163 0.292383 -2.113589
0.104988 0.236231 1.063379
0.490446 -0.348355 0.728160
0.484296 -0.363735 1.111724
0.480330 -0.467686 0.116413
-0.029883 0.487817 2.958892
-0.070285 0.490209 -3.089689
0.419912 -0.499730 0.068030
0.494246 -0.438497 0.100282
0.299150 -0.052139 1.245848
0.496773 -0.473454 0.034252
-0.231228 0.363808 1.648060
-0.219069 0.353070 1.370628
-0.046496 0.490081 2.931104
-0.220527 0.365007 1.353494
0.481225 0.282548 -1.865240
-0.246740 0.361557 1.736217
0.400952 -0.497187 -0.161472
0.395281 -0.446965 -0.274187
-0.079200 0.290030 -2.164634
0.359838 0.256613 -1.280678
0.036823 0.455841 -3.033223
0.411642 -0.495801 -0.089350
0.490479 -0.224404 1.733189
-0.196309 0.467038 -2.980397
0.420343 -0.460933 0.099050
-0.089535 0.481950 3.060964
0.489245 -0.482554 0.034481
0.403960 -0.491277 0.325370
0.398451 -0.433725 -0.030679
-0.095690 0.484784 -3.027612
-0.025684 0.490996 -3.033786
0.476636 0.299238 -1.541155
0.077615 0.482794 -3.019904
-0.219713 0.378401 1.627267
-0.109222 0.428228 1.372941
-0.051620 0.497743 3.039554
-0.096795 0.495660 -3.136433
0.466706 -0.295827 0.483394
-0.003811 -0.069720 0.546709
-0.082678 0.490440 2.770595
-0.159743 0.330885 0.798513
-0.174347 0.338164 1.239664
-0.083768 -0.283764 0.599147
-0.023513 0.496932 3.131805
0.217393 0.036211 0.686031
0.417447 -0.106511 2.527116
0.403652 0.497934 -3.012686
0.407592 -0.485165 -0.262980
-0.095966 0.482090 -2.897293
-0.081807 0.498345 -3.119093
-0.226502 0.369934 1.594942
-0.118998 0.496258 2.862272
-0.375661 0.490840 -0.118159
-0.100558 0.491067 3.069641
0.494521 0.273748 -1.416364
0.499566 -0.315682 2.457099
0.067573 0.491959 -3.023600
0.386976 -0.440678 -0.089524
0.489898 -0.462726 0.138956
-0.067663 0.474972 3.041721
0.284883 0.012820 0.852676
-0.393153 0.282901 -2.362572
0.478170 -0.356926 0.552008
0.069567 0.499552 2.852162
0.432847 -0.461183 -0.469156
-0.160101 0.334981 0.988190
0.482020 -0.337353 0.239146
0.489581 -0.223013 1.413402
0.494383 -0.358457 1.615202
0.075350 0.483696 2.885626
-0.092284 0.495970 -3.105914
-0.217459 0.370895 1.697674
0.407062 0.490056 2.894199
0.457828 0.311612 -1.835809
0.384619 -0.491225 0.084611
0.476683 -0.331678 0.720732
0.353699 -0.052605 0.564271
0.107629 0.461083 -3.024407
0.098179 0.234288 1.152790
-0.079781 0.320215 -2.004193
0.390594 -0.480578 0.167185
-0.338581 0.475129 0.454289
-0.061761 0.299247 -2.003964
0.329859 0.489998 -2.157827
0.094278 0.218620 1.339662
0.085102 0.251169 -2.231189
0.497003 -0.358019 0.759324
0.399748 0.484465 3.054079
0.389809 0.494031 3.101119
0.494895 -0.446817 0.263068
0.487405 -0.313602 2.697153
-0.036261 0.496576 3.125840
-0.036556 0.499324 2.888849
-0.030421 0.490274 3.088765
-0.089636 0.489796 3.119965
-0.097020 0.498902 3.087935
0.476220 -0.217057 1.626032
-0.015738 0.489144 -3.030398
-0.098109 0.494229 2.989711
0.490328 0.473101 -1.333620
-0.061236 0.495302 2.894759
0.425554 -0.495852 0.090393
0.133885 0.246003 0.974058
-0.036990 0.489619 3.103059
0.420837 -0.352831 1.050949
0.426806 -0.493241 0.006887
0.355094 -0.052505 0.465285
-0.050744 0.488253 2.696757
0.017800 0.485200 -3.039283
-0.420795 0.451722 -2.702947
0.175822 0.055360 0.763624
0.488428 -0.353860 0.506331
0.128791 0.231879 0.859838
0.116741 0.242847 1.147688
0.494992 -0.471644 0.135234
0.403070 -0.495532 0.080935
-0.104461 0.499219 -3.073524
0.124111 0.424959 -2.795940
0.488542 -0.220029 1.660643
-0.084420 0.289320 -2.116137
-0.227141 0.368744 1.629378
0.407691 -0.476835 0.184537
-0.106984 0.491217 -3.003556
0.496392 -0.345071 0.844489
-0.030943 0.494257 2.612446
0.092050 0.240830 1.264076
-0.063437 0.482537 -3.114742
0.419311 -0.102816 2.353290
0.409034 -0.492873 0.120275
-0.080375 0.487975 2.932953
-0.021675 0.484048 3.134530
0.034331 0.459050 -3.000408
0.296490 0.008947 1.098289
0.466969 -0.318740 0.754374
0.486540 -0.352765 0.546598
-0.117588 0.486037 3.022597
0.491646 -0.321871 1.163643
0.456226 0.422968 -2.872654
0.412568 -0.473134 -0.001821
-0.089198 0.488348 -2.966858
0.406839 -0.380224 -0.056895
-0.033819 0.494290 -2.847901
0.041801 0.415779 3.113153
-0.100240 0.495130 2.945799
-0.002352 0.483976 3.091420
0.095024 0.242018 0.873562
