-0.041603 0.493534 -3.109806
-0.197671 0.491454 3.139542
0.481416 -0.430496 1.958626
0.451884 -0.433890 0.715007
0.499632 -0.217033 1.566950
-0.205473 0.481694 3.035737
-0.227564 0.499084 -2.923226
-0.200087 0.494452 -3.125239
0.001763 0.406127 2.988108
0.483323 -0.272020 1.708890
0.468731 -0.233398 1.512813
0.466432 -0.459612 1.084948
-0.120395 0.183376 -2.347451
0.373950 0.112895 0.680069
-0.164146 0.498146 -3.111303
-0.219699 0.487254 3.069114
0.096888 0.269002 1.144773
-0.219859 0.493253 3.080587
0.451876 -0.474016 0.713675
0.474125 -0.230097 1.511882
-0.241001 0.499992 1.251541
0.486134 -0.295515 1.237918
0.455136 -0.455179 0.586381
-0.240410 0.486244 1.601937
0.475386 -0.495198 3.013499
0.479266 -0.221830 1.604850
-0.231917 0.476358 2.852759
-0.207830 0.499806 -3.137280
0.381741 0.142826 -1.232354
-0.221376 0.495128 0.042103
-0.232729 -0.098750 1.597043
0.472906 -0.468622 -3.113839
0.450074 -0.415586 2.751148
0.477123 -0.295564 1.638199
-0.150467 0.188892 -2.090679
-0.212730 0.497548 -2.915739
-0.075219 0.421340 -3.091828
-0.129287 0.283602 1.206104
0.496569 0.173263 -1.422997
0.456876 -0.266516 1.827558
-0.221530 0.478471 1.841608
0.426754 0.295597 -2.139100
-0.209277 0.492669 3.108937
-0.124514 0.197297 -1.997902
0.445459 -0.273643 2.032902
-0.459920 0.187089 -2.047647
-0.216763 0.496662 -3.140368
-0.217637 0.496942 -3.121796
0.481047 -0.213795 1.212607
0.370139 0.431893 -2.917968
0.449044 -0.255675 1.918094
0.481688 -0.486386 -0.088761
0.484183 -0.440321 1.951531
0.349422 0.002099 2.365128
-0.213728 0.497850 -3.042056
0.488845 -0.431542 1.376736
-0.184521 0.497411 -3.025846
0.267677 0.490075 2.965465
0.451911 0.181734 -1.541156
0.154238 0.347032 1.149375
0.440294 -0.251772 1.297362
0.474511 -0.255380 1.773803
0.459756 -0.444865 0.744989
0.496339 -0.233148 1.664179
-0.251798 0.466511 1.424131
-0.204452 0.485415 0.810312
0.020691 -0.237956 0.476138
-0.257926 0.481161 1.614823
-0.175985 0.491465 -2.719061
0.188138 0.221263 -2.087083
-0.240087 0.468924 2.790021
-0.104132 0.189911 -2.300087
0.471489 -0.473697 2.767655
0.418817 0.271868 -2.488430
0.477037 -0.459277 2.531070
0.020059 0.410425 -3.027285
0.275214 0.476632 3.013671
0.164603 0.347732 1.015764
-0.229866 0.482662 3.065210
-0.235007 0.492036 1.901521
0.369070 0.449730 -2.900235
0.481044 -0.489855 3.124718
-0.445838 0.332348 -0.146574
-0.149874 0.482177 -3.134340
0.486388 -0.219168 1.377295
0.430186 0.388230 -2.155641
-0.130936 0.194326 -2.004031
-0.147437 0.464618 1.097838
-0.462681 0.184795 -2.190095
0.488372 -0.477039 2.791414
0.486254 -0.446900 0.381656
-0.200532 0.491180 3.101170
0.416006 0.043218 0.584064
0.434969 -0.398067 -0.861284
0.483054 -0.418589 1.030617
-0.422176 0.455387 -0.603729
-0.234262 0.494526 2.945086
0.494002 -0.495408 2.938189
0.430435 0.201382 -1.661310
0.483074 -0.110345 1.511954
-0.042764 0.499873 -3.133103
-0.164407 0.491274 -3.054954
0.450850 0.376696 -2.251760
-0.072484 0.414686 -3.117568
0.154450 0.354986 1.050944
-0.255086 0.462043 2.084344
-0.145103 0.492971 3.116547
-0.258572 0.487314 1.507473
0.477202 -0.485113 0.104626
0.461656 -0.482643 -0.079070
0.272111 0.481082 3.092443
0.490803 -0.388728 2.395189
-0.213270 0.496014 -3.112181
0.352858 0.475783 -2.854593
0.417581 0.290810 -1.952336
-0.208856 0.488659 0.691648
0.289341 0.485912 -3.140207
-0.226938 0.495963 1.423087
-0.476792 0.426688 1.409222
0.014045 0.375181 -2.830043
0.479309 -0.491693 3.072838
0.493085 -0.238289 1.841313
-0.234396 0.488529 1.678086
-0.172741 0.492513 -3.066646
0.240411 -0.153906 2.735380
0.463322 -0.261824 1.959767
-0.206289 0.490659 2.983362
-0.238636 0.455994 2.378135
0.478475 -0.499432 3.108832
0.477726 -0.436423 2.428127
-0.195586 0.480621 0.867958
-0.041670 0.485788 -3.123090
-0.038073 0.482958 2.989088
0.499807 -0.497066 2.934124
0.438865 -0.371749 2.062854
0.472747 -0.472854 2.735467
-0.226836 0.456693 1.461562
0.241332 0.195512 -1.506685
0.448941 -0.449033 0.870830
0.489891 -0.103936 1.586346
-0.073615 0.442624 -2.753286
0.380590 -0.210986 0.051108
-0.218202 0.498858 -3.012371
0.478255 -0.240661 1.837538
-0.459965 0.326497 -0.197916
0.146022 0.342368 1.116788
0.450797 -0.245229 1.945431
-0.137991 0.187548 -2.152225
-0.253522 0.459170 2.218732
-0.254452 0.469613 1.533081
-0.139474 0.193263 -2.163802
0.446105 -0.240621 1.656559
-0.016655 0.457797 3.016930
0.161810 0.339311 1.039448
0.493512 -0.499534 -0.027028
-0.227416 0.263890 -2.249014
-0.118380 0.451953 1.008295
0.185715 0.192302 0.262406
0.455723 -0.431903 1.925953
0.437871 0.370506 -2.064512
0.455508 -0.432881 0.717347
0.424366 0.282966 -2.132420
-0.209687 0.495847 -3.070079
0.489492 -0.433636 1.188392
-0.237137 0.392634 2.979282
-0.215811 0.487099 2.927393
-0.256970 0.445883 1.569587
-0.153472 0.499962 3.066323
0.469028 -0.225012 1.357251
0.487076 -0.454865 2.250899
-0.134489 0.471263 -2.942412
0.390919 0.131542 -1.472573
0.475285 -0.483547 2.986000
0.448752 -0.442784 0.524057
0.469344 -0.099409 1.303986
-0.213309 0.499716 -3.097749
0.487269 -0.222563 1.512071
-0.166869 0.499046 -3.044164
0.485221 -0.324118 0.743720
-0.230493 0.478134 2.033037
-0.125570 0.188472 -2.127974
-0.015014 0.178885 -2.110739
0.492277 0.200950 -1.587423
0.462553 -0.454257 0.619022
0.286097 0.488742 -2.831239
-0.237178 0.477777 3.027271
0.373300 0.111969 0.867823
0.313994 -0.307386 0.923941
-0.216398 0.476831 0.698059
-0.461134 0.187580 -2.236775
-0.243911 0.484866 3.003338
0.464902 -0.227666 1.158939
-0.211720 0.490613 -3.068981
-0.114958 0.194880 -2.239465
0.478458 -0.498155 2.813752
0.492228 -0.212535 2.173282
0.476959 -0.487167 0.101890
-0.204546 0.494455 2.511379
0.454949 0.179863 -1.580352
0.485697 -0.242673 1.613600
0.485586 -0.486702 2.896675
-0.043845 0.493727 2.971544
0.346167 0.000624 2.240555
-0.236697 0.469078 2.789494
-0.139198 0.484947 3.138844
-0.075020 0.420788 -2.758232
-0.297101 0.474454 1.781887
0.450809 -0.432720 0.435153
0.462021 -0.229154 1.144501
-0.149362 0.474911 -3.120600
0.485878 -0.220769 1.651775
0.448841 -0.259690 1.766739
0.487185 -0.218464 1.480652
-0.224823 0.497636 3.090027
0.463473 -0.221528 1.621154
-0.066625 0.445794 -2.482990
0.461282 -0.401701 2.349892
0.460464 -0.106892 1.630082
-0.247311 0.481968 1.502670
0.493705 -0.469369 2.838692
-0.193310 0.489876 3.120052
0.359713 0.053165 1.482984
0.478325 -0.431870 1.788626
-0.204290 0.245626 -2.133990
0.474234 -0.227246 1.510553
-0.231579 0.409392 -2.874433
0.474171 -0.236980 1.479078
0.494485 0.184626 -1.359372
0.465279 -0.497008 0.080013
0.470519 -0.484957 3.072156
0.479500 -0.484075 -3.133917
0.481585 0.155962 -1.680417
-0.214861 0.499991 2.993997
0.459918 -0.497596 0.245204
-0.249121 0.482040 1.720369
0.319162 0.058540 1.489722
0.455044 -0.429211 0.409976
0.346719 0.054230 0.989346
-0.223174 0.484591 3.126633
-0.245322 0.470542 2.640092
0.473620 -0.477796 0.239702
-0.422721 0.449519 -0.595573
-0.190333 0.490677 3.000526
-0.427726 0.468895 -0.532873
0.461009 -0.442889 1.044036
0.489793 -0.484232 2.916889
-0.123473 0.192528 -1.758710
-0.210554 0.470929 3.067697
0.453136 -0.422004 2.282923
-0.212056 0.494112 2.213509
0.447833 -0.254687 1.978857
0.480930 -0.213461 1.696527
-0.140125 0.191402 -2.109893
-0.108357 0.189247 -2.014965
0.158426 0.343241 1.117226
0.443764 -0.251978 1.753008
0.487537 -0.264532 1.475461
0.463979 -0.437605 0.789403
-0.148794 0.486201 -2.976136
-0.188753 0.497082 -3.053475
0.460479 -0.491512 0.092071
0.412961 -0.372163 1.936980
0.349129 0.056433 1.618536
0.413171 -0.428298 0.630766
-0.236854 0.483021 1.905219
-0.204426 0.470373 1.861198
-0.163626 0.486228 3.106298
-0.229721 0.482714 1.803520
0.497156 0.167331 -1.421066
-0.255137 0.481027 1.424693
0.480113 -0.497761 -3.129046
0.497883 -0.427842 1.807408
-0.139475 0.186664 -2.015275
0.380570 0.140986 -1.623408
-0.081239 0.436648 -3.070916
0.468694 -0.493437 0.166989
0.499295 -0.106473 1.569750
-0.286000 0.492813 1.352043
0.463572 -0.439103 0.991787
-0.208507 0.477936 2.865205
0.450314 -0.450647 0.615306
0.477981 -0.481816 3.085017
0.486678 -0.421038 1.841586
-0.215311 0.477561 -3.001282
-0.143622 0.475158 -2.908026
0.479067 0.179693 -1.477830
-0.038408 0.496019 -3.075721
-0.224839 0.498167 2.093239
-0.166829 0.497110 2.943664
-0.170443 0.494378 -2.952841
-0.215215 0.494834 -3.049793
0.464274 -0.217834 1.228984
0.100692 -0.011377 0.521012
-0.200384 0.499548 -2.871389
-0.090785 0.427967 1.018811
-0.128191 0.448363 1.243342
0.025053 -0.234688 0.467686
-0.143028 0.493502 3.116711
0.315397 0.105016 0.503210
0.323453 -0.033261 2.265285
0.284696 0.495831 -3.099391
0.473941 -0.493688 2.949421
-0.214569 0.477715 3.040802
-0.201475 0.498999 -3.125532
-0.233680 0.489519 1.646746
-0.236967 0.495325 -3.099015
-0.257738 0.469660 0.720488
-0.218526 0.498950 -2.883885
0.491381 0.154574 -1.830749
0.495505 -0.209045 1.499501
-0.050057 0.480393 3.092172
0.494276 -0.426967 1.103578
0.449353 -0.425464 0.345587
-0.186646 0.479268 -2.900291
0.356678 0.108274 0.605843
-0.464747 0.188541 -2.250179
0.448807 -0.267037 2.180868
-0.046336 0.498123 3.096197
0.458914 -0.439723 1.218488
-0.098139 0.437658 0.823170
0.451757 -0.252113 1.882081
0.496187 -0.106739 1.654272
0.497511 -0.250382 1.780628
-0.042884 0.483333 -3.109896
-0.212204 0.493526 2.976337
-0.219511 0.490436 2.301145
0.288665 0.494775 3.026408
0.440479 0.193519 -1.597194
0.499968 -0.464044 0.729763
0.470735 -0.234125 1.523372
0.444900 0.024285 0.512160
-0.010921 0.442697 -3.083364
0.150726 0.341433 0.846128
-0.115632 0.207038 -1.891668
0.491418 -0.473228 2.898047
-0.225252 0.486930 -0.022827
-0.123848 0.198045 -1.911452
0.250771 0.400981 -2.603279
0.115272 0.336313 1.437343
0.108716 0.306155 1.166641
0.443555 -0.256260 1.994568
0.280787 0.483801 3.105161
0.270083 0.493329 -3.042563
0.419373 -0.369198 2.079827
0.485077 -0.222302 1.614349
-0.155229 0.493663 2.895866
-0.155402 0.488724 -2.893509
-0.147417 0.471493 -2.733696
-0.209457 0.495322 2.942086
-0.216734 0.496618 3.059135
0.475388 -0.097332 1.397193
-0.134030 0.481716 -3.064304
-0.217013 0.490152 -3.062701
0.436471 0.396190 -2.364751
-0.179305 0.489468 3.083884
0.456311 -0.476521 0.328388
0.190603 0.350861 1.312866
-0.155661 0.489356 -2.975258
0.456547 -0.242645 1.747976
0.457514 -0.478815 0.294117
0.451087 0.018326 0.707248
-0.167549 0.497484 2.965118
-0.102000 0.481222 3.133461
-0.470091 0.401808 -0.611265
0.263358 0.137330 0.863694
0.436934 -0.265547 1.744192
0.191290 0.333336 1.374967
0.163654 0.349248 1.239591
0.408873 -0.422903 0.520154
0.477261 -0.488772 3.011766
-0.223011 0.489838 3.077098
0.008829 0.394799 3.103354
0.484527 -0.100341 1.380339
-0.144206 0.186496 -2.068295
-0.239889 0.487644 1.619945
0.473844 -0.464092 2.800860
-0.224542 0.496861 2.982892
0.452645 -0.243534 1.590886
-0.145037 0.473078 -2.832529
0.144912 0.346187 1.046279
-0.181711 0.495903 2.927124
0.334340 -0.019415 2.575636
0.472319 -0.496301 3.129105
-0.199090 0.499666 3.058310
-0.141531 0.482111 -2.962586
-0.083934 0.438919 -2.802330
0.359148 0.110813 1.050909
0.478864 -0.216973 1.657122
0.445149 -0.266637 1.703454
-0.235488 0.492862 3.105455
0.490877 -0.214673 1.713718
0.351467 0.367489 -2.686039
0.467965 -0.465681 1.515719
-0.207710 0.492524 3.093041
0.479875 -0.363224 2.393813
-0.150909 0.478573 2.976269
-0.077776 0.421475 -3.088938
-0.218722 0.486796 -2.983282
-0.121212 0.491422 -3.026245
0.148631 0.347554 1.167850
