-0.167130 0.456287 -0.000314
-0.079520 0.488918 0.105663
0.497171 0.326786 1.666394
0.475655 0.318537 1.623190
0.400191 0.454899 -2.053756
-0.149903 0.459246 -0.198250
-0.006189 0.478849 -0.003551
-0.082306 0.486496 0.018762
-0.401199 0.200457 -1.692842
0.441168 0.496785 1.385949
0.387561 0.470475 -1.715853
0.495105 0.306478 1.655232
-0.400073 -0.490563 1.901231
0.293672 0.456598 2.292696
-0.070868 0.491078 -0.023439
-0.010718 0.483247 -0.115191
-0.127290 0.203382 -2.709853
-0.004845 0.491563 0.074950
0.497012 0.279074 1.498357
0.405145 0.460638 -1.993056
-0.238682 0.044104 -1.733364
0.488819 0.470349 -2.208188
0.496975 0.298945 1.425925
-0.090838 0.490655 -0.136546
-0.183817 -0.096553 2.660456
0.461693 0.452065 -0.310432
-0.003584 0.460353 -0.147906
-0.024824 0.474222 0.213785
0.499954 0.399846 -1.488745
-0.071169 0.493953 -0.026067
-0.175788 0.465674 -0.308535
-0.024150 0.100872 1.735411
0.132966 0.220251 2.392385
0.484191 0.472758 -1.917541
-0.432428 -0.458130 -0.959979
-0.014413 0.498145 -0.125753
-0.172898 0.272378 -0.340847
-0.156693 0.138195 -1.030723
0.414181 0.464139 -2.102260
0.323192 0.493826 1.772012
-0.077532 0.489965 -0.230588
-0.186152 -0.019228 3.061942
-0.017110 0.481908 -0.073688
-0.351818 -0.475556 1.943927
0.086975 0.261835 -2.963810
-0.385522 -0.475706 1.923189
-0.011526 0.489968 0.148913
-0.014366 0.471131 -0.004268
0.455166 0.444485 1.528688
-0.304931 0.479451 -1.983327
0.431665 0.487842 -2.411634
0.440210 0.227660 1.854256
0.473994 0.318493 1.425285
-0.022209 0.323772 -2.321671
-0.015162 0.474920 -0.088925
0.472308 0.335109 1.692311
-0.069600 0.485974 0.002448
-0.088732 0.470415 0.055932
0.393323 0.493690 1.885614
0.356197 -0.088039 -1.598778
0.397527 0.480884 1.776341
0.404177 0.491153 1.777901
0.494155 0.297313 1.774040
0.472459 0.468431 -0.967850
-0.098240 0.492964 -0.071668
-0.077327 0.493687 0.316762
0.109899 0.269092 1.863565
-0.084069 0.490633 0.007328
-0.173034 0.480394 -0.028369
-0.411932 -0.230608 -2.549931
-0.009914 0.492783 0.222716
-0.252977 -0.447276 2.034721
-0.018234 0.101540 2.106530
-0.233431 -0.116180 -1.879531
0.481465 0.289395 1.494222
-0.088007 0.496209 0.118649
-0.484817 0.391099 -2.547270
0.349590 -0.087745 -1.539690
-0.002913 0.468046 -0.063626
-0.017205 0.498695 -0.215861
-0.363586 0.493780 -1.923620
-0.175287 -0.097509 2.768429
0.159948 0.013812 -1.594077
-0.089378 0.492882 -0.108858
0.395617 0.453908 -1.607074
-0.239590 0.109949 2.804721
-0.404767 -0.493776 2.008993
-0.052877 0.496104 0.206394
-0.360017 -0.474806 1.993477
0.000575 0.096018 2.123216
0.493732 0.305862 1.516570
-0.080759 0.494664 0.143613
0.409458 0.490645 1.999126
0.450334 0.255350 1.651244
0.454454 0.348317 1.570458
0.170323 0.000535 -1.493875
-0.000538 0.499449 -0.003496
-0.170814 -0.105821 2.982951
0.458129 0.448871 1.435799
0.395186 0.494382 2.073278
-0.101643 0.489189 0.123012
-0.059975 0.492922 0.180775
-0.235062 0.122017 2.767237
-0.161932 0.309089 -0.109004
0.344082 -0.100021 -1.426051
-0.016876 0.463492 -0.175191
-0.141859 0.460591 -0.028775
-0.079220 0.493900 -0.062424
0.452250 0.233933 1.732198
0.440328 0.242204 1.781453
-0.490742 0.396231 -2.617546
0.111120 0.212677 2.654028
-0.015684 0.475480 -0.028658
-0.357282 0.478571 -2.191380
-0.217406 -0.119391 -2.267481
-0.073393 0.494234 -0.044578
-0.066989 0.495052 -0.177043
-0.077510 0.484345 -0.166426
-0.189516 -0.123501 2.620192
-0.492221 0.184980 -1.089924
-0.177844 -0.093038 2.902121
0.435573 0.471494 2.617031
-0.153979 0.444993 -0.061015
-0.054649 0.491080 -0.215166
-0.481203 -0.181160 2.953428
0.433229 0.495180 -2.991391
-0.035476 0.471611 -0.301870
-0.010617 0.466124 -0.029911
-0.185408 -0.114751 2.782896
0.494309 0.319578 1.547056
-0.083214 0.485648 -0.064360
-0.168905 0.475878 -0.276613
-0.167194 0.463916 -0.062543
-0.162923 -0.107458 2.750706
-0.178345 -0.000688 -3.064662
-0.004560 0.108372 2.084310
-0.066109 0.486187 -0.312223
0.104380 -0.452925 1.432369
0.494365 0.299059 1.418879
0.479143 0.331995 -1.526265
-0.167534 0.296380 -0.240201
0.494127 0.470608 -1.801440
-0.014862 0.493117 0.046280
0.442324 0.475460 -2.631270
0.160345 0.019246 -1.377428
0.342765 -0.088263 -1.374891
0.319086 0.486204 -1.796069
-0.446254 -0.461200 -0.888010
-0.250094 0.115057 -0.831768
-0.113645 0.498128 0.129498
-0.396604 -0.495181 1.546411
0.337533 0.480053 -1.710086
-0.072114 0.483378 0.148326
0.244298 -0.021949 -1.716457
-0.141916 -0.310899 -2.797643
-0.272294 -0.488197 -1.903603
-0.398750 0.195678 -1.599550
0.075810 0.013543 -1.448988
0.489683 0.311799 1.428635
-0.247906 0.115542 2.929723
0.498948 0.312610 1.443124
-0.230660 -0.111229 -2.326774
-0.022522 0.473391 -0.035739
0.497818 0.331454 1.530562
-0.385677 -0.109577 -1.351612
-0.015711 0.434452 -0.148415
-0.025495 0.471641 -0.008236
-0.074062 0.473199 -0.253052
0.412306 0.459144 -2.039046
0.491427 0.294899 1.727562
-0.073150 0.497204 -0.194996
0.106795 0.200701 2.529076
-0.193570 -0.102546 3.024027
0.489908 0.305592 1.718721
0.484113 0.329637 -1.782275
-0.011779 0.489538 0.019607
0.404817 0.460815 -1.711978
-0.058417 0.491941 0.237104
-0.187157 -0.030277 2.909662
-0.162158 0.451067 0.002604
-0.397237 -0.488556 1.954155
-0.220442 -0.467766 -1.185145
0.485769 0.399174 -1.685245
0.492262 0.304773 1.765837
-0.068314 0.495731 0.097898
-0.007333 0.456899 0.007547
0.479065 0.484299 0.865250
0.107881 0.192780 2.505606
-0.068897 0.473661 -0.227312
-0.388825 -0.482402 1.695558
-0.075524 0.493960 0.079621
0.404494 0.464594 -1.779748
-0.015970 0.481711 0.072359
-0.393146 -0.485955 2.113076
-0.188334 -0.110983 2.590393
0.425011 0.447364 -2.792212
0.435939 0.232259 1.596036
-0.080937 0.498432 0.048878
0.131208 0.205164 2.564961
0.477433 0.475865 1.013406
-0.180055 -0.098700 2.813912
-0.104690 0.498623 0.039341
-0.018932 0.323126 -2.370542
-0.026493 0.490996 -0.142855
-0.173089 0.489521 -0.415120
-0.172730 0.255761 -0.170224
0.092961 0.028201 -1.678843
0.494538 0.317082 1.299976
0.437447 0.462442 1.932396
-0.079247 0.496164 0.334867
0.407140 0.458593 -1.831504
0.323014 0.498101 1.665713
0.456459 0.446825 1.387718
-0.003932 0.496999 -0.039350
0.420338 0.455466 -2.749903
-0.419231 0.086395 -0.943433
0.124978 0.217105 2.425000
0.486880 0.344437 -1.754171
-0.083235 0.488017 -0.247811
-0.007821 0.099628 1.677918
-0.074239 0.483736 -0.059702
0.457603 0.491636 1.217500
0.486325 0.334290 1.323046
-0.263042 -0.491127 -1.871548
0.477114 0.456094 -0.553256
-0.381951 -0.106364 -1.465121
0.418433 0.469886 -1.569530
0.497798 0.397831 -1.187713
0.447330 0.233040 1.814940
-0.186112 -0.081303 2.875025
-0.183960 -0.108509 2.394172
0.464768 0.458710 -1.005832
-0.012348 0.496061 0.162562
0.450117 0.249356 1.619284
-0.023739 0.494993 0.225931
-0.245629 0.095422 2.827472
0.473368 0.316056 1.507357
0.092305 -0.000599 -1.463098
-0.007012 0.484444 -0.108494
-0.045790 0.475453 -0.037891
0.426393 0.246999 1.504168
0.156623 0.012302 -1.372260
-0.078595 0.494640 -0.214108
0.251628 0.136057 -0.449735
0.495010 0.318074 1.626704
-0.161021 -0.077977 2.609391
-0.389525 -0.479770 1.935705
-0.018303 0.496345 -0.180294
0.468023 0.322193 1.589243
-0.080013 0.494261 0.036076
0.330134 0.491287 -1.783957
0.455803 0.442594 1.640031
-0.391833 -0.468610 -1.891997
-0.223872 -0.447263 1.718495
0.109503 0.206728 2.959438
0.269022 0.499457 1.454745
0.441289 0.499513 -1.739427
0.483401 0.306488 1.779695
-0.084581 0.488699 -0.072967
-0.071295 0.495137 -0.052143
0.427495 0.241073 1.863261
0.172647 0.350510 1.949439
-0.186366 -0.018800 3.028543
0.450409 0.308951 1.566460
-0.084897 0.490486 0.115768
-0.070356 0.496119 -0.246851
-0.069983 0.484619 -0.026899
-0.029874 0.487713 -0.150812
0.486564 0.312188 1.568101
-0.081032 0.498632 0.161527
-0.182520 -0.114905 2.749183
0.469874 0.341823 1.312600
-0.406319 -0.491011 1.843269
0.142216 0.244660 2.649318
-0.164772 0.263415 -0.245116
0.443406 0.231050 1.906631
0.477604 0.333164 -1.682264
-0.086881 0.478931 -0.145088
0.495886 0.318933 1.516156
-0.023764 0.475337 -0.146712
0.499622 0.297305 1.636854
-0.181250 -0.087367 2.777828
0.478974 0.349524 1.553667
-0.015493 0.486478 -0.061145
-0.168589 0.441080 -0.376115
0.488740 0.405097 -1.829498
-0.101398 0.496237 0.066685
-0.130480 0.499302 0.303484
-0.063769 0.482883 0.193841
-0.063515 0.494303 0.139688
-0.018484 0.466580 0.011531
0.409627 0.450090 -2.038991
0.418136 0.493409 2.864823
-0.159405 0.478658 -0.260288
-0.090562 0.495879 0.190738
-0.081566 0.492424 0.029937
0.359791 -0.038730 -1.072778
-0.092133 0.492307 -0.252455
0.411883 0.496679 2.724530
-0.277515 0.433648 2.534311
-0.471758 0.394120 -2.698011
-0.182878 -0.098507 2.712318
-0.012976 0.491237 0.191997
-0.157539 0.471720 -0.300730
-0.098232 0.494014 0.170884
-0.008038 0.494979 0.067079
-0.071095 0.497069 -0.352541
-0.009989 0.490264 -0.153809
0.040682 0.214582 1.664885
0.472620 0.498615 -1.270501
-0.052129 0.489760 0.334792
0.485917 0.340037 1.376474
0.470839 0.314761 1.504367
-0.071614 0.493718 0.283934
-0.079355 0.048434 2.701734
-0.370344 -0.476118 1.940172
0.102290 0.212611 3.095825
-0.107131 0.497305 -0.038284
0.490228 0.315779 1.576333
-0.078308 0.492867 0.063678
0.253182 0.487658 1.564184
0.480549 0.337985 -1.635430
0.446493 0.482270 -1.926442
-0.148145 0.447364 -0.171749
-0.015102 0.494340 -0.070276
-0.086628 0.499299 0.281136
-0.066256 0.479109 -0.111313
0.314892 0.420897 1.866131
0.488370 0.278003 1.465737
0.478189 0.466264 -1.100690
0.425962 0.497483 3.042530
-0.084606 0.487512 -0.126835
0.378889 -0.078180 -1.531229
-0.233992 -0.459181 1.597785
-0.004359 0.097718 1.958207
-0.065723 0.489019 0.083621
-0.408175 -0.483455 1.762169
-0.138298 -0.191924 -2.949865
-0.338338 0.461694 -2.062164
0.084749 0.014490 -1.552983
0.358599 0.490230 -1.622427
-0.077952 0.486839 -0.043815
-0.088605 0.479095 -0.078284
0.133300 0.249556 2.735094
0.427381 0.455034 2.750791
-0.077074 0.474898 -0.277267
-0.074735 0.477272 0.060697
-0.088224 0.499346 -0.027912
-0.021281 0.479281 0.100353
-0.008953 0.483008 -0.041116
0.480293 0.329216 -1.497340
-0.079952 0.484559 -0.352059
-0.015881 0.476167 -0.211562
-0.214769 0.005944 -2.678841
-0.060181 0.479311 -0.082354
0.410700 0.258749 1.743307
0.354472 -0.094295 -1.551222
-0.076948 0.475791 -0.164840
0.418357 0.473459 2.210684
0.426820 0.251144 1.878875
0.471881 0.467263 1.490231
-0.061763 0.499953 0.131480
-0.116760 0.495867 -0.060484
0.197668 0.229977 2.616643
0.089379 0.014183 -1.399242
0.332178 0.497116 1.699951
0.483727 0.474959 1.053665
0.349570 -0.095581 -1.327055
0.497776 0.299921 1.458652
-0.187836 -0.102319 2.896020
-0.008295 0.498966 0.097054
-0.135338 0.482966 0.004948
0.484750 0.330399 -1.688969
-0.407269 -0.480165 1.730322
-0.088984 0.498276 0.274113
-0.013966 0.107556 2.142704
-0.003698 0.499189 0.127980
0.368927 0.475622 -1.495334
-0.158581 0.457461 -0.138907
0.364246 -0.083175 -1.507914
-0.059563 0.491907 -0.340352
-0.280033 0.426655 2.765450
-0.186841 -0.103059 2.377591
-0.084092 0.497885 0.035368
-0.159285 0.472899 -0.132439
-0.164420 0.269892 -0.306347
0.499978 0.405607 -1.755620
0.441872 0.446435 2.173132
0.365151 0.498347 -1.647017
0.002574 0.489097 0.062427
0.389588 0.446805 3.110075
-0.301180 0.071268 -1.638268
0.495219 0.306296 1.756070
-0.020256 0.475846 -0.003988
-0.184458 0.005152 2.928404
-0.082362 0.486241 -0.133894
-0.170979 0.255970 -0.291771
-0.017601 0.466350 0.146560
-0.071003 0.494648 -0.040784
-0.296339 0.169699 -2.117843
