0.102722 -0.300316 -0.993585
-0.230770 -0.353352 -2.271886
-0.412730 -0.025011 -1.296768
0.200483 -0.234122 -0.489547
-0.468232 0.012125 -1.448865
0.169974 -0.252440 -0.710102
0.236093 -0.220581 -0.523001
-0.196213 0.284702 -2.693025
0.221150 -0.236410 -0.840791
-0.183033 -0.488567 1.147821
0.259388 -0.146365 -0.646900
-0.229225 -0.353542 -2.518564
0.107058 -0.292547 -1.224991
-0.438006 -0.386520 2.368849
-0.454021 -0.403353 -0.494468
-0.416521 -0.378001 2.291812
0.082291 -0.306935 -0.955523
0.237526 -0.177036 -0.614913
0.477822 0.492122 0.043978
-0.483435 -0.392117 -2.070883
0.255289 -0.168538 -0.910421
0.241195 -0.156236 -0.861473
0.168409 -0.208460 -0.740008
0.196396 -0.153382 -0.692097
-0.496495 -0.449175 -0.714215
0.264348 -0.185655 -0.797637
-0.174290 -0.488766 1.077590
0.107672 -0.290126 -0.928731
0.094782 -0.409326 2.410035
-0.226565 -0.349842 -2.253617
0.090624 -0.262053 -0.768812
0.257542 -0.171877 -0.740063
-0.422863 -0.008273 -1.532006
-0.349602 -0.491540 0.127432
0.186483 -0.197209 -0.994040
0.257241 -0.155214 -0.598831
-0.341925 -0.469701 0.410173
0.248091 -0.192102 -0.795697
0.479110 0.488773 -0.068537
-0.471976 -0.386142 -1.639655
0.158060 -0.264696 -0.727487
0.161322 -0.253039 -1.028275
0.223477 -0.215584 -0.726692
0.489596 0.487252 -0.090884
0.112456 -0.289861 -1.187366
0.262230 -0.196118 -0.570224
-0.410677 -0.012093 -1.563280
0.422902 0.481047 -0.276890
-0.454828 -0.001574 -1.123812
0.191095 -0.204771 -0.958878
-0.232995 -0.442634 -2.309204
0.235241 -0.201016 -0.753968
0.488165 0.493642 0.062061
0.493360 -0.055698 -1.663025
-0.324718 0.460073 -2.688773
0.098777 -0.271025 -0.847056
0.178208 -0.370749 1.734978
0.474271 0.494970 0.027133
-0.339071 -0.062899 -0.388710
0.110412 -0.305346 -1.218591
0.496976 0.491665 0.098992
0.484040 0.499462 -0.130374
0.218125 -0.203096 -0.567315
-0.218692 -0.348038 -2.552609
0.032240 -0.433294 2.173389
0.242073 -0.189654 -0.836206
-0.211910 -0.360071 -2.569805
0.485565 -0.044560 -1.660257
0.128864 -0.262207 -0.885604
0.471820 0.487668 0.450728
0.382449 0.447750 -0.193008
-0.366033 -0.036091 -0.929872
0.493914 0.480041 -3.100362
-0.236951 -0.356061 -2.292772
0.191809 -0.243947 -0.742382
-0.000246 -0.459559 1.805354
0.150580 -0.274165 -0.847625
-0.209294 -0.449481 -2.246779
0.455451 0.490378 0.011272
-0.208919 -0.352007 -2.342741
0.093222 -0.289714 -0.816107
0.494795 0.473848 -0.038706
-0.199808 -0.355160 -2.254173
-0.378857 -0.386729 2.412904
0.215242 -0.245702 -0.904551
-0.067316 0.420193 -2.499647
-0.438937 -0.001636 -1.432320
-0.224893 -0.325994 -2.265996
0.490499 -0.045353 -1.615872
0.232431 -0.202054 -0.676382
0.119275 -0.256962 -0.599651
0.094456 -0.269123 -0.674791
0.494006 0.486799 -0.094294
-0.427759 -0.389994 2.062733
0.087751 -0.467243 2.841408
-0.160892 0.045512 -2.447277
-0.213677 -0.350381 -2.161158
-0.431931 -0.377880 2.337012
-0.341800 0.354623 3.095751
-0.481679 -0.000933 -1.456808
-0.454850 0.085843 -1.334122
-0.171938 -0.494923 1.483574
-0.206845 -0.454997 -1.959687
-0.188652 -0.457332 -2.134310
-0.422855 -0.362763 2.563365
-0.443575 -0.388932 2.397789
-0.345092 0.468371 -2.881930
0.463870 0.497980 0.139003
-0.231516 -0.349066 -2.443592
-0.216343 -0.338771 -2.537205
-0.027398 0.399751 -2.224302
-0.496752 -0.052204 -2.558190
0.487555 0.478665 0.072805
-0.316312 0.458066 -2.878600
-0.176573 -0.468892 -2.308924
-0.278335 -0.465190 0.484110
0.466155 0.294460 -1.346113
-0.444745 0.391121 0.738081
0.096634 -0.314241 -1.022249
-0.167956 -0.491329 0.847642
0.481049 0.487892 -3.074635
-0.188538 -0.465538 -1.924756
-0.208700 -0.465686 -2.244084
0.160807 -0.248649 -0.927546
-0.499864 0.085044 -1.396876
0.148586 -0.193279 -1.069960
0.441060 0.481244 -0.017965
0.099545 -0.280866 -0.996460
-0.486350 0.079514 -1.698536
0.498790 0.481269 -2.778724
0.110312 -0.425195 3.075953
0.105899 -0.304015 -1.200659
-0.260019 -0.069609 -1.602812
-0.452366 0.085435 -1.254730
-0.221836 -0.345857 -2.436353
0.472115 0.489374 0.046619
0.464504 0.495847 -0.053768
-0.179904 -0.499140 1.059452
0.098668 -0.280081 -1.090505
-0.160301 -0.298015 -1.636399
0.457653 0.498354 0.135737
-0.312913 0.399746 -2.838906
-0.184825 -0.497440 -1.369685
-0.447221 0.002244 -1.681341
-0.071011 -0.464404 1.811973
-0.213148 -0.349968 -2.330950
0.200849 -0.214796 -0.966555
-0.286276 -0.440658 0.430361
0.237262 -0.215439 -0.558314
-0.410900 -0.368109 2.079315
0.255414 -0.161283 -0.754832
0.114511 -0.294760 -0.812297
-0.431232 -0.380010 2.397429
0.494372 0.494731 -0.035987
-0.319255 -0.413273 0.626400
0.477550 0.495280 0.090897
-0.483941 -0.005780 -1.430336
0.473994 0.468492 -0.151849
-0.296107 -0.462839 0.484571
0.443848 0.479626 -0.032333
-0.165145 -0.492258 -1.250458
0.254198 -0.206639 -0.763849
0.112706 -0.293880 -1.264976
-0.162597 -0.488992 1.118340
-0.260584 -0.058862 -1.898908
0.338468 -0.447284 1.409174
0.201954 -0.233251 -0.962207
-0.413614 -0.019822 -1.314225
-0.297394 -0.440053 0.519718
-0.308041 0.295433 -0.117853
0.256824 -0.196183 -0.735078
-0.423287 -0.006812 -1.357848
0.036237 -0.452554 2.251713
0.494729 0.481396 -0.079981
0.255702 -0.194370 -0.861552
-0.186471 -0.495576 1.273702
0.238559 -0.163639 -0.957601
0.258364 -0.164679 -1.047541
0.146721 -0.289147 -1.051533
-0.465018 0.084970 -1.684977
-0.212106 -0.335248 -2.424026
0.453535 0.479793 0.017081
0.475414 0.468824 -0.390478
-0.200518 -0.456511 -2.248868
-0.433791 -0.376354 2.120200
0.483350 0.495124 -0.086274
-0.496885 -0.167741 -1.817773
0.337810 -0.429443 0.886882
0.244810 -0.190139 -0.617107
-0.405141 -0.012855 -1.308018
-0.453189 0.081164 -1.647391
0.158732 -0.269880 -0.800559
0.462514 0.497745 0.028742
-0.197675 -0.396858 -1.952933
0.144074 -0.281657 -0.806155
0.225050 -0.167425 -0.686776
-0.423425 -0.366993 2.482579
-0.476486 0.076775 -1.548704
-0.159898 -0.490369 -1.455353
-0.228113 -0.315764 -2.297209
0.087748 -0.296244 -0.621959
0.488998 0.490822 -0.191272
-0.188854 -0.443165 -2.342803
0.252313 -0.175459 -0.776759
0.109059 -0.267674 -1.053710
-0.430306 -0.010491 -1.480679
0.163671 -0.192223 -1.120806
-0.282115 -0.089984 -1.910021
-0.483995 0.078216 -1.597295
0.061054 0.364047 -1.794275
-0.432676 -0.011109 -1.396913
0.208305 -0.252230 -0.750056
0.266737 -0.177594 -0.844049
-0.495882 -0.109764 -1.905379
0.213302 -0.177536 -0.765477
0.250247 -0.179992 -0.615880
0.051481 -0.478865 3.103511
0.251674 -0.199913 -0.791175
0.230523 -0.179348 -0.574132
-0.477171 -0.154598 -2.323694
-0.101089 -0.268247 -1.272606
0.258286 -0.188019 -0.787690
0.179939 -0.238360 -0.743108
-0.182067 -0.490762 1.268416
-0.154140 -0.491015 1.027198
0.249242 -0.175294 -0.556286
-0.193534 -0.458557 -2.288268
-0.230522 -0.360409 -2.506879
0.257824 -0.175710 -0.394652
-0.389966 -0.030957 -1.106011
-0.460419 -0.001687 -1.197265
-0.281891 -0.449624 0.168311
-0.071703 0.388265 0.083440
-0.167816 -0.498171 -1.271030
-0.490792 -0.154683 -1.894733
0.499012 0.488921 0.109179
-0.174994 -0.499494 -1.094732
-0.482778 -0.000611 -1.271007
-0.168722 -0.492593 1.207443
-0.211905 -0.337712 -2.486867
-0.207914 0.221281 -3.041698
-0.226819 -0.368754 -2.513351
0.478747 0.482025 0.107399
-0.436778 0.105107 -1.640460
0.328829 -0.324477 0.775558
-0.469623 0.009215 -1.551738
0.236152 -0.190242 -0.741171
0.250225 -0.174494 -0.731003
0.218930 -0.167710 -0.821099
0.459952 0.303242 -1.431127
0.226088 -0.218271 -0.823902
-0.318087 0.411330 -2.674953
-0.176158 0.018239 -2.945042
0.322398 -0.331320 0.996526
0.193008 -0.202446 -0.853126
0.240425 -0.219926 -0.744903
-0.385117 -0.358301 -0.804048
-0.494925 -0.096616 -1.272596
0.409884 0.471966 0.119034
0.498409 0.497776 0.241289
0.103165 -0.284489 -0.909743
-0.190795 -0.468651 -2.095906
0.237810 -0.145688 -0.616026
0.099520 -0.291155 -0.951584
-0.201366 -0.453986 -2.194122
-0.171288 -0.499756 -1.204218
0.090140 -0.290854 -1.137567
0.085828 -0.273609 -1.061855
-0.492128 -0.135791 -1.628213
0.228717 -0.220372 -0.744464
0.222207 -0.214018 -0.707976
-0.356713 -0.460097 -0.139079
0.353316 -0.416858 1.296260
0.082706 -0.271295 -0.980345
0.067884 -0.263352 -0.544918
0.487793 0.490170 -3.133500
0.470923 0.489556 -0.006519
0.264904 -0.192820 -0.879892
-0.419118 -0.005728 -1.447946
0.213503 -0.229891 -0.915266
0.098170 -0.276103 -1.081647
-0.490520 -0.160084 -1.928780
-0.372492 -0.378745 2.588688
0.213295 -0.161684 -0.758090
0.478340 0.478918 -0.196702
0.482247 0.481908 -0.122746
0.458543 0.487936 0.111844
0.240083 -0.181809 -0.718402
0.249371 -0.181205 -1.083953
0.423515 0.491893 -0.399471
0.486469 0.470110 0.095432
-0.154509 -0.498691 1.340819
-0.192757 -0.489622 -0.834648
-0.427477 0.006089 -1.792233
0.497840 0.497962 -2.891071
-0.181297 -0.487074 1.188150
-0.166460 -0.494964 1.215864
0.072753 -0.422339 2.900261
0.264168 -0.186491 -0.673614
0.227298 -0.206317 -0.801034
0.246591 -0.167481 -0.793645
0.102398 -0.290317 -0.935616
-0.255393 -0.077519 -1.986598
-0.099314 0.471965 3.102354
0.105170 -0.291987 -1.105664
0.166341 -0.178980 -1.084058
0.251844 -0.169873 -0.815726
0.454174 0.495642 -0.167379
-0.401465 -0.033722 -1.256101
0.227955 -0.209070 -0.718653
0.106008 -0.302480 -1.015966
0.179402 -0.251574 -0.963931
-0.325941 -0.347501 1.417177
0.485206 0.467433 -0.160930
0.247637 -0.178511 -0.792841
-0.458120 -0.016793 -1.389383
-0.414753 -0.034393 -1.573149
-0.174130 -0.493418 1.338689
0.252881 -0.168528 -0.549659
-0.276706 -0.028696 -1.504958
0.212900 -0.137937 -0.808488
0.437087 0.478387 -0.271963
0.122072 -0.292403 -1.207318
0.067143 -0.412978 2.013123
-0.470747 -0.016862 -1.536100
0.251703 -0.201495 -0.819266
0.231195 -0.211473 -0.602478
0.470057 0.481671 0.213082
0.489317 0.495472 -0.017170
0.211988 -0.221160 -0.787665
0.491332 0.483834 0.146701
0.487619 0.482379 -3.099435
0.094811 -0.269932 -0.786075
-0.094743 0.457199 -2.550453
0.101993 -0.309669 -0.810694
-0.488277 0.081409 -1.292804
0.378667 0.455461 -0.119442
0.465604 0.497321 -0.160944
0.252605 -0.165317 -0.598485
0.105210 -0.258374 -0.740899
-0.142965 -0.496713 -1.220464
-0.369342 -0.269065 -1.602617
0.079514 -0.271181 -0.839721
-0.188813 -0.466258 -2.354779
-0.236649 -0.325853 -2.499854
0.098935 -0.301149 -1.077472
0.107115 -0.301921 -1.179701
0.473978 0.489431 -0.079666
0.487362 0.495929 -3.085846
-0.176270 -0.495644 1.154810
-0.164416 -0.495215 -1.184903
0.495926 0.469372 3.106629
0.094626 -0.298428 -0.979840
0.266595 -0.153190 -0.578527
0.476583 0.483746 -3.118234
0.485383 0.487135 0.003493
0.117683 -0.411959 2.511780
-0.356204 -0.447384 0.271159
0.018208 0.379797 -2.411833
-0.436438 -0.032841 -1.360619
0.468894 -0.050528 -1.800331
0.250261 -0.157627 -0.581878
-0.479933 -0.080725 -2.726325
0.060068 -0.489595 2.918225
-0.078558 0.396159 0.070558
-0.157788 -0.498274 1.379041
0.456415 0.473187 0.050365
0.187405 -0.083680 -0.185724
-0.450859 0.087424 -1.360333
-0.266913 -0.079130 -2.012423
0.106470 -0.263107 -0.907830
0.230987 -0.208718 -0.731107
0.168989 -0.369158 1.683707
0.173860 -0.242037 -0.827636
-0.084235 -0.469444 1.784503
-0.483114 0.004146 -1.308020
0.107497 -0.483029 -3.134711
-0.191759 -0.462999 -2.215349
0.479835 0.467635 0.016106
0.157511 -0.175470 -1.217206
0.255458 -0.191787 -0.823895
0.486211 0.488935 3.042036
0.120912 -0.226983 -1.015431
-0.479293 0.003046 -1.297041
0.446905 0.490341 0.092027
-0.405336 -0.356078 2.463081
0.256895 -0.161096 -0.640033
0.181063 -0.219732 -0.594102
0.123216 -0.297258 -0.773021
-0.418400 -0.039057 -1.194698
-0.490050 -0.015277 -1.603141
0.158990 -0.251772 -0.542836
0.462630 0.469184 0.196791
-0.225574 -0.335514 -2.191656
0.256813 -0.183380 -1.001013
0.095611 -0.311537 -1.070044
-0.298859 0.397484 -2.776423
-0.291903 -0.463008 0.529088
0.249205 -0.157079 -0.658359
0.108863 -0.281079 -1.207990
