0.456730 0.076795 -1.877559
-0.465317 -0.232700 -2.603959
0.255764 -0.410916 0.046655
0.086655 0.382013 -2.925636
0.325604 -0.326328 0.336186
-0.285738 -0.435527 0.177458
-0.029053 -0.218353 -1.021602
0.344631 -0.498664 -0.109871
-0.019099 -0.181772 -0.532637
-0.022854 -0.287784 -0.785642
0.231784 -0.323821 -0.064313
0.328950 -0.487491 -0.019266
0.164155 0.432636 3.139472
0.197893 -0.285837 -0.127161
-0.114833 0.348100 1.078483
0.345046 -0.499687 -0.089481
-0.082395 -0.453019 -0.152108
-0.470731 -0.232951 -2.330974
0.027267 -0.219288 -0.426687
0.229939 0.075281 -2.344445
-0.080692 -0.437767 -0.355154
0.246777 -0.175184 2.841384
-0.427421 -0.030779 -1.871682
-0.091823 0.498976 0.044048
0.151757 0.483143 -2.911627
0.146160 0.476269 -3.044184
-0.097318 0.499867 -0.107089
0.075257 -0.213273 -0.627444
-0.277825 -0.486275 -0.001216
0.204766 0.288910 -2.593164
0.227307 -0.160825 -0.358798
0.481831 0.016423 -1.392706
0.345029 -0.380625 0.075928
-0.074682 -0.450635 -0.268461
0.239657 -0.349274 -0.147323
-0.013912 -0.223402 -0.839795
-0.464215 -0.242071 -2.287609
0.458230 0.086742 -1.760179
0.490746 0.024124 -1.640879
0.127121 0.426774 -2.856790
0.471525 -0.389336 1.721543
0.493203 0.029555 -1.673169
0.329070 -0.404148 0.395799
0.245970 -0.485823 -1.705327
-0.417743 0.172086 -1.409498
-0.314643 0.374013 1.344006
-0.180895 0.497927 -0.201805
0.349710 -0.401249 -0.163665
0.403339 -0.453880 2.430392
0.481689 0.080219 -1.830168
-0.421501 0.015825 -1.544432
0.317118 -0.486324 -1.284577
0.268991 -0.396711 -0.074002
0.187276 0.326522 -2.753969
-0.021739 -0.163164 -0.576164
-0.199209 -0.265763 0.877845
0.235057 -0.175802 2.857774
-0.031884 -0.254779 -0.901474
0.499686 0.011660 -1.761336
0.082384 0.373481 -2.925751
-0.114993 0.355732 0.792517
0.426759 -0.309024 2.812478
0.210690 0.302152 -2.498929
0.319728 -0.370089 0.142605
0.254410 -0.400477 -0.027652
-0.028351 -0.220063 -0.760214
0.214459 -0.175024 2.633852
0.388252 -0.422023 2.649065
-0.450286 -0.411794 1.059330
0.430826 0.104670 -1.478136
0.449548 0.096330 -1.936591
-0.089209 0.496584 -0.013946
0.037737 -0.197015 -0.526735
0.217254 -0.095913 -0.433498
0.213749 -0.161810 -0.497685
-0.066900 -0.078315 -2.462321
-0.415310 -0.456792 0.038241
0.188234 0.456850 -2.938384
0.425820 -0.084884 -1.662157
0.040176 0.344437 3.132640
0.483775 0.020695 -1.550298
0.086660 0.237440 -2.671841
-0.181703 0.478140 0.372737
-0.461015 -0.227974 -2.504881
0.344137 -0.420019 -0.171240
0.452009 0.079973 -1.823825
0.166717 0.068787 -2.674016
0.275382 0.280323 -2.174386
0.329827 -0.402643 -0.021042
-0.110490 0.493461 -0.070888
0.458482 -0.415414 2.261415
-0.026875 -0.270981 -0.862280
0.200129 0.308852 -2.480731
-0.035388 -0.235539 -0.971526
-0.095031 0.490537 0.459900
0.254616 -0.397166 0.269070
0.213454 -0.286373 0.364167
0.259227 -0.481407 -1.728794
0.147549 0.486050 -2.816999
-0.196996 0.371665 -2.520790
0.010724 -0.282283 -0.323026
0.216321 -0.167531 -0.516693
0.159409 -0.367089 -0.797673
0.335087 0.101756 2.226337
-0.409978 0.161425 -1.367434
0.360651 -0.472375 3.057576
-0.096383 0.498820 -0.150893
0.422693 -0.165184 0.714349
-0.136577 0.400761 2.717936
0.157233 0.329675 -2.543175
-0.017637 -0.224027 -0.748677
-0.172794 0.494067 0.385187
-0.252612 0.016779 -2.763197
0.491757 0.006601 -1.730545
-0.488125 -0.137787 -1.282630
0.214888 -0.088685 -0.471243
-0.273573 -0.444656 0.564907
0.199162 -0.161775 -0.407584
-0.419628 -0.339986 0.813749
-0.107141 0.494244 -0.071319
-0.287474 0.411859 1.625479
-0.051959 0.118280 -2.283750
0.180905 0.114466 -1.406987
0.040674 0.337058 -2.832103
-0.111027 0.495302 0.003983
-0.280479 0.140589 -2.732106
0.155168 0.406947 -2.831262
-0.186369 0.363677 -2.681617
-0.376204 -0.216535 -2.248731
-0.192474 0.499075 0.064163
-0.368594 -0.200657 -1.885061
-0.030925 -0.273179 -0.947565
0.493012 0.006057 -1.336537
-0.492338 -0.470283 -0.968816
-0.434780 0.170608 -1.112017
0.225573 -0.328640 -0.401714
0.491485 0.079866 -1.889757
0.181566 0.341624 -2.785028
0.179875 0.306633 -2.670173
-0.353607 -0.218448 -2.123124
0.113715 0.135307 -2.943849
-0.490508 0.231152 -1.662696
0.175183 0.213092 -2.769030
0.499615 0.018934 -1.717121
0.229023 -0.320119 0.212772
0.219417 -0.170419 2.808284
0.142125 0.334423 -2.815190
0.257424 -0.397373 -0.076832
-0.100828 0.492373 0.188962
0.498974 0.007581 -1.595048
-0.283027 0.153166 -2.475116
0.126167 0.442174 -2.891150
0.491407 0.009116 -1.659396
0.407650 -0.432998 2.498605
0.223179 -0.342908 -0.039698
-0.202610 0.412345 -0.278734
-0.125060 0.033465 -2.407454
0.492345 0.156321 -1.837131
-0.113244 -0.222121 0.345449
0.112844 0.117037 -2.844240
-0.314823 0.378744 -0.381019
0.336282 -0.448948 2.985726
0.344007 -0.385912 -0.052604
-0.043964 -0.248395 -1.099952
0.379923 -0.458280 -0.179095
0.042404 -0.259974 -0.050218
0.457802 -0.456352 2.305729
0.260871 -0.422171 0.091133
-0.466765 -0.149084 -1.475829
-0.017403 -0.204475 -0.896973
0.076596 -0.204179 -1.408134
0.261547 -0.399238 -0.020930
0.227331 -0.163352 2.881708
-0.414601 -0.029614 -1.921375
0.031549 -0.267047 -0.625309
0.248222 -0.415865 0.067538
-0.050404 0.300664 -2.146873
0.022575 -0.277704 -0.489854
0.350898 -0.493872 -0.077322
0.361438 -0.490188 0.197672
0.486479 -0.403555 2.200903
0.173058 -0.216804 0.399613
-0.180692 0.495565 -0.344494
0.197996 0.308799 -2.537776
0.082190 0.379339 -2.893893
0.137648 -0.158623 -0.722787
0.342222 0.011615 -0.327677
-0.008351 -0.274456 -1.288966
0.371193 -0.499480 -0.022908
0.220625 -0.158961 -0.235328
0.206124 0.495005 -3.089301
-0.387782 -0.262687 -1.822472
-0.421671 0.156707 -1.210489
0.138018 -0.184669 -1.455988
0.269226 -0.496757 -1.834271
-0.082981 -0.432808 -0.273104
-0.131168 -0.251257 0.594007
0.177654 0.325869 -2.529467
0.497306 0.011900 -1.427047
-0.070836 -0.446027 -0.240472
-0.444645 0.169608 -1.190586
0.214899 0.294140 -2.572174
0.165388 0.338453 -2.988992
-0.406073 -0.354931 1.286275
0.496867 0.010364 -1.584888
-0.207762 0.407564 -0.001419
-0.174578 0.497598 0.455967
0.493667 0.010386 -1.621895
0.265779 -0.497891 -1.934567
0.493055 0.006475 -1.530889
0.157595 0.325925 -2.960762
-0.438031 0.156008 -1.411645
-0.006379 -0.276249 -1.019085
0.340479 -0.485479 2.717160
0.472956 0.147644 -1.373254
0.339605 -0.496357 -0.117689
0.447500 0.066974 -1.642811
0.151761 0.436065 -2.936306
0.032756 -0.264343 -0.482926
0.431645 -0.083964 -1.539661
0.199591 -0.150467 -0.517114
0.487547 0.006965 -1.244631
0.198523 0.306131 -2.431783
-0.471609 -0.231153 -2.227090
0.499342 0.018148 -1.606242
-0.199526 0.366750 -2.828941
0.476855 0.224497 -1.610518
-0.095502 0.476106 -0.017111
0.260476 -0.391782 -0.014442
0.215060 0.292833 -2.454500
0.125602 -0.195136 -0.771519
-0.230121 0.484407 -0.529026
-0.459309 0.157774 -1.148891
0.444959 0.113742 -1.782202
0.480863 0.009991 -1.573204
0.161755 0.340984 -2.543087
-0.191122 0.448284 -0.031955
-0.191715 0.445329 -0.291764
0.207552 -0.084547 -0.332436
0.266972 -0.074597 1.178608
-0.168642 0.494537 0.141637
0.072774 -0.226022 -0.653568
0.177102 -0.192095 -0.434218
0.491182 0.015409 -1.483770
0.186726 0.313826 -2.764881
0.454631 -0.398715 1.482106
0.477176 0.024665 -1.638318
0.265906 -0.402440 -0.240843
0.363674 -0.462562 3.128205
-0.455330 -0.232702 -2.439067
-0.178921 0.485716 0.535503
0.349204 -0.485616 0.012979
-0.498322 0.222946 -1.660105
0.444227 -0.453080 2.085245
-0.231012 0.399736 -0.149096
0.257346 -0.408118 0.303266
0.221665 -0.086238 -0.234383
0.213135 -0.199880 2.741736
-0.024614 -0.245587 -0.904320
-0.233250 0.473564 -0.203929
-0.114316 0.495788 -0.066592
-0.123284 0.161203 -1.754034
-0.069720 0.137103 -2.004620
-0.363975 -0.199179 -1.919795
-0.247160 0.467441 -0.196503
0.250413 -0.388389 0.029463
-0.433384 -0.407410 1.080718
-0.480745 -0.217981 -2.443683
0.216988 -0.163204 -0.116629
0.317369 -0.439448 -2.647420
-0.357404 -0.058560 -2.178228
-0.093705 0.307285 2.927729
-0.100270 0.312969 -2.665658
0.492998 -0.000009 -1.317653
0.266639 -0.400985 0.062090
0.201560 -0.061454 -2.427452
-0.412070 0.164368 -1.306491
0.149170 0.440388 -2.616294
0.292808 -0.014552 -0.607687
0.094858 0.408830 -2.703722
-0.424900 0.082091 -0.547737
-0.031777 -0.207757 -0.655877
-0.255810 0.119435 -2.626553
-0.419388 -0.465124 0.098753
0.171317 0.418319 -2.359311
0.326714 -0.389236 0.456708
0.466585 -0.401861 2.235450
0.078072 0.390543 -2.689970
-0.110497 0.499360 -0.048610
0.275450 -0.391089 -0.108926
-0.197973 0.488244 0.134836
-0.427076 -0.497766 0.091083
0.350624 -0.407370 0.145646
-0.388515 -0.397619 0.729739
0.334529 -0.447792 2.879814
0.496436 0.017544 -1.563360
-0.264293 0.068477 -2.599147
-0.260925 -0.076996 1.147658
-0.088837 0.480353 -0.041623
0.216385 -0.076355 -0.369930
0.226176 -0.162216 -0.182068
0.262079 -0.394652 0.157289
0.207009 0.291028 -2.511946
-0.223415 0.383344 -0.151342
0.166031 0.398957 -2.747632
0.312970 -0.462228 -1.041425
0.034162 -0.296183 0.122795
-0.483607 0.227448 -1.782730
0.092062 0.340760 -2.996883
0.174667 0.395155 -2.687550
-0.187891 0.429899 0.216064
-0.186437 0.369389 -2.558955
0.218834 -0.103599 -0.476558
-0.027545 -0.241444 -0.927981
-0.417563 0.165581 -1.427417
0.391160 -0.429513 2.484637
0.273687 -0.482226 -1.708229
0.157097 0.336292 -2.863037
0.168140 -0.193525 -0.251400
-0.302633 0.327042 -2.179183
-0.193073 0.449366 0.040607
0.497056 -0.001790 -1.413858
-0.179145 0.498208 0.186880
0.356423 -0.478666 2.843140
-0.186821 0.367451 -2.908090
-0.065467 -0.225355 -0.978664
0.307918 -0.399294 0.444254
0.482030 -0.186909 2.778256
0.213712 -0.093577 -0.382153
0.038070 -0.205062 -0.380828
-0.471952 -0.234489 -2.362217
0.160314 0.474571 -3.079780
0.324162 -0.376222 0.320621
0.460412 0.052245 -1.897194
-0.267897 -0.113136 -2.290317
0.224608 -0.150162 -0.553495
0.182142 0.310639 -2.490133
0.454190 0.065800 -1.841401
-0.268211 0.146045 -2.993025
0.497797 0.009345 -1.376719
0.367303 -0.485188 2.875662
-0.171101 0.455119 0.772036
-0.171952 0.488483 -0.362322
-0.100044 0.479376 -0.117521
0.265981 -0.404830 -0.202544
-0.476385 0.213708 -1.595779
-0.179901 0.495031 0.221594
-0.480396 -0.218790 -2.318113
-0.179568 0.486824 0.318601
0.198616 0.280527 -2.493278
0.491112 0.161141 -1.717006
0.282157 -0.174386 -3.095635
-0.170477 0.468523 0.508058
-0.189214 -0.251798 0.638275
-0.145473 0.352692 0.849108
0.383935 -0.448931 2.589318
0.354585 -0.495476 0.087218
0.355834 0.115887 1.907473
0.321429 -0.331723 0.159802
-0.345257 -0.040192 -1.413508
-0.163963 0.482970 0.383776
-0.476380 0.233165 -1.776676
-0.114224 0.477845 0.093216
-0.023465 -0.270706 -0.927158
0.457044 0.023621 -1.682104
0.274098 -0.415037 0.255028
-0.018293 -0.054484 2.730191
-0.160244 0.498899 -0.508505
0.050526 0.328919 -3.135347
0.016909 0.040834 0.545260
-0.427300 -0.463503 -0.225476
0.344420 0.016536 -0.755224
-0.094142 0.323332 -2.792907
0.255910 -0.391379 0.426139
-0.369061 0.252576 -1.210986
0.498683 0.020853 -1.645297
0.300665 -0.418064 -0.537335
-0.191158 0.493953 0.612558
0.048602 -0.267823 -0.368098
0.483149 0.015754 -1.314269
-0.024950 -0.280383 -1.037289
0.268359 -0.411936 0.074890
0.366283 -0.481789 -0.707133
0.338362 -0.451208 2.846808
-0.183329 0.495270 -0.216415
0.248687 -0.379692 -0.003603
0.041202 -0.271128 -0.162575
0.454091 0.062755 -1.604624
-0.497919 0.225063 -1.866053
0.217149 -0.181271 2.646387
0.026899 -0.345176 -0.080932
0.366739 -0.471424 3.128034
-0.112982 0.345477 0.658357
0.443889 -0.189122 2.679321
0.462258 0.068604 -1.776126
0.343697 -0.481499 0.115779
-0.499528 -0.221466 -2.261068
0.453177 0.078754 -1.807441
-0.253882 0.471394 0.339066
-0.456928 -0.099986 -0.888577
