0.010226 -0.229291 0.630160
0.353801 -0.421986 -0.334224
-0.406537 0.480645 -2.790506
-0.078501 0.461878 1.282886
0.416060 -0.496915 -1.331957
0.094225 -0.495243 0.171296
-0.398244 0.167452 -2.160606
0.377071 -0.383976 -1.213647
-0.069408 -0.265019 -0.929861
0.360329 0.180026 -1.851903
0.361267 -0.420439 -0.494157
-0.148290 0.347843 -2.846214
-0.494818 0.135219 1.529399
-0.480889 0.123581 1.450253
0.344774 -0.411987 -0.600514
-0.496020 0.129278 1.415860
0.071224 0.385967 -2.733397
0.356814 -0.335424 -0.474903
-0.410816 -0.117536 1.407305
0.482578 -0.478100 -0.265746
-0.094678 -0.263526 -2.494993
-0.252247 0.262904 -2.400486
-0.477139 0.462070 -0.067503
-0.355612 -0.001061 1.415308
0.063191 0.370539 -2.259665
0.344904 -0.417497 -0.804940
0.344167 -0.408227 -0.804434
-0.488067 0.124305 1.522439
0.111813 0.241907 -2.634246
-0.495378 0.067466 1.589825
-0.482648 0.139412 1.359750
-0.495124 -0.159648 1.562946
-0.410949 -0.160515 2.832270
-0.051999 0.361096 -2.385127
0.071693 0.234703 -2.552189
-0.468604 0.128648 1.450541
0.450111 -0.481834 -2.996783
0.462778 -0.480838 -1.959844
0.374405 -0.407302 -0.828511
-0.359591 0.017969 1.254267
-0.492234 0.067251 1.534254
-0.073471 -0.272461 -2.356814
-0.491685 0.134450 1.291711
-0.484847 0.123331 1.310351
-0.220176 -0.373239 0.895498
-0.497644 0.119729 1.308140
-0.498586 0.143888 1.403096
-0.494598 0.420433 -3.119860
-0.320090 0.330378 -2.279453
-0.056234 -0.307181 0.508370
-0.211270 -0.355816 0.596705
-0.134428 -0.417868 -0.260939
0.045011 0.342133 -2.661885
0.399595 -0.468188 -0.590844
-0.496886 0.127883 1.691442
0.059397 0.395012 -2.906018
-0.493766 -0.159440 1.528891
0.338920 -0.400820 -0.609147
-0.365494 0.011049 1.253602
0.449916 -0.494823 -2.876964
0.490499 -0.461710 -1.829558
0.383901 -0.292729 -0.664982
-0.491622 0.433485 -0.169609
0.232172 0.130982 -2.157774
0.240097 -0.439124 -1.450327
-0.022052 -0.180372 0.011506
-0.453246 -0.227863 1.558069
0.340687 -0.416014 -0.719719
0.300798 -0.244712 -0.095235
-0.091046 -0.264119 -2.410735
0.086198 -0.498498 -0.015315
-0.021466 -0.171365 -0.103687
0.160132 -0.440451 0.135078
0.446654 -0.496222 -2.986743
0.047980 0.335521 -2.892694
0.342747 -0.429297 -0.208927
0.471813 -0.479128 -1.412152
0.457863 -0.494268 -2.959617
-0.462661 0.121399 1.574716
0.017449 -0.318312 0.481294
0.051491 0.243973 -2.199401
0.070759 0.360865 -2.570245
0.454182 -0.497298 3.073540
-0.352810 -0.008505 1.493566
0.011469 -0.247205 0.426389
0.474667 -0.158666 -2.603882
-0.473509 -0.117395 2.794175
-0.468558 0.144454 1.761414
0.337082 -0.406677 -0.798578
-0.191678 -0.462917 -0.008805
-0.403131 0.467195 -2.896548
0.346705 -0.423091 -0.497995
-0.462068 0.471124 -3.111540
0.110139 0.418817 2.820965
-0.483224 0.440765 -2.739506
-0.381873 0.389102 -1.486239
0.366750 -0.424302 -0.372524
0.018224 -0.441050 0.222693
-0.381812 0.446511 -2.926042
0.414167 -0.490768 -1.722549
-0.486249 0.124325 1.396401
-0.316402 0.448867 1.005588
0.085239 0.284231 -2.328602
0.367340 -0.292516 -0.803579
0.447770 -0.490222 -2.854148
-0.487164 0.135163 1.685159
-0.181894 0.470683 -2.653767
0.341440 -0.407480 -0.356164
-0.007251 0.280794 -2.584944
-0.176368 0.056051 -3.011813
0.487936 -0.483058 -0.342947
0.257235 0.124371 -2.075731
-0.480828 0.141661 1.560556
0.487865 -0.495914 -0.930127
0.234845 -0.444751 -1.319921
0.343796 -0.433400 -0.475697
0.357259 -0.419970 -0.287878
-0.154594 -0.405506 -0.224634
0.286895 -0.404382 0.926796
-0.206447 -0.465263 0.127225
0.056169 0.402709 -2.664604
0.473034 -0.497337 0.338278
0.083450 -0.466590 -0.159690
-0.449858 0.137495 1.491247
-0.476309 0.139821 1.468189
0.396280 -0.441124 -0.626719
-0.372122 0.027704 1.258854
-0.447245 0.141717 1.791806
0.355100 -0.424806 -0.524923
0.051254 0.391652 -2.639183
-0.184967 -0.443622 -0.340272
-0.475380 0.127937 1.529655
-0.189134 -0.464965 -0.142604
0.063246 0.386346 -2.659769
-0.070159 -0.284289 -2.282061
0.259439 -0.397931 1.118861
-0.498243 -0.147298 1.690623
0.442661 -0.489002 -2.748583
-0.474639 0.429721 -0.146761
0.321231 -0.419011 -0.806927
-0.240613 -0.471749 -0.054219
0.260181 0.125474 -2.175676
0.309777 0.135779 -1.581588
0.353856 -0.415584 -0.399183
0.229346 -0.440075 -1.467397
0.007665 -0.240142 0.426979
-0.475378 0.069001 1.896482
0.496041 -0.481942 -2.648341
-0.271391 0.485353 -2.252911
-0.481713 0.143168 1.447141
0.335373 -0.132938 -0.529987
0.115318 0.245997 -2.299570
0.448380 -0.278112 -0.853526
-0.081563 -0.258241 -1.970486
0.038036 0.243075 -1.857948
0.047663 0.339543 -2.678813
0.497906 -0.492359 -2.863790
0.346753 -0.309975 -0.510228
-0.219997 0.437984 3.112817
0.482686 -0.175948 -0.499995
0.447531 -0.493410 -2.722213
-0.453079 0.116307 1.361709
-0.440093 0.123575 1.285095
0.064683 0.247849 -2.512773
-0.481040 0.488026 -0.188747
-0.430034 -0.185309 2.702837
-0.480928 0.138577 1.569771
0.462067 -0.293473 -0.308773
0.427532 -0.493917 -1.547942
-0.287903 0.297922 2.501530
0.352589 -0.425609 -0.337457
-0.489966 -0.152747 1.681315
0.224094 -0.433532 -1.105621
-0.428746 0.395234 -1.455169
0.214440 -0.449417 -1.223619
-0.440984 0.134674 1.725732
0.357583 -0.421824 -0.437323
-0.275070 0.330840 2.550146
0.068599 0.401824 -3.003700
0.088522 -0.483908 -0.006335
-0.497623 0.131102 1.550961
-0.499509 0.145215 1.646635
0.050749 0.359970 -2.794399
-0.475705 0.482953 -0.532660
-0.238444 0.044162 1.137054
-0.188977 0.058610 -3.073860
0.092095 0.257323 -2.442304
-0.336463 -0.325611 0.933270
0.452686 -0.299281 -0.657643
0.066767 -0.354511 0.846246
-0.490419 0.070398 1.716297
-0.205637 -0.380172 0.392132
0.065644 -0.404232 -0.114179
-0.001251 -0.291803 0.448017
-0.331922 0.457341 2.565198
0.476467 -0.479124 -0.021218
-0.272717 0.315078 3.081772
0.423326 -0.326039 -0.660250
-0.486259 -0.158664 1.586730
0.458880 -0.402154 2.669597
0.460975 -0.439089 -1.892613
-0.485135 0.151357 1.616642
-0.151750 0.043748 2.871642
-0.488515 0.136539 1.436685
-0.051630 -0.301977 0.328257
0.039230 0.248170 -1.910882
-0.485813 0.457523 -3.001772
0.325931 -0.407783 -0.717090
-0.496046 0.067157 1.587971
-0.234427 0.040821 1.204985
0.442345 -0.119936 -3.022936
-0.429695 0.363500 1.319269
0.050847 0.318088 -2.664390
-0.499436 0.073003 1.687200
0.058837 0.243335 -2.083332
-0.185659 -0.411060 0.113590
-0.374546 -0.314958 0.805768
0.071357 0.269211 -2.574812
-0.296535 0.032937 0.558088
-0.239933 -0.073212 -2.760747
0.366465 -0.395380 -0.796764
0.058785 0.353118 -3.021987
0.038426 0.465861 3.013514
-0.004800 -0.223804 0.247113
0.221451 -0.438278 -1.569341
-0.457379 0.139586 1.503973
0.486898 -0.473676 -1.180294
0.038451 0.400858 -3.092045
-0.172706 0.323090 -2.613826
-0.237848 -0.084107 -2.789677
0.460028 -0.480205 -2.872579
-0.467370 0.151285 1.475776
-0.494905 0.139755 1.715533
-0.144266 0.046138 -3.071385
0.354805 -0.411234 -0.318317
0.421764 -0.473453 -1.841116
0.299094 -0.427781 1.066535
-0.148799 0.031221 3.128538
-0.037819 -0.171362 -0.136024
-0.217932 0.016207 1.137264
-0.054642 0.364958 -2.281334
-0.486815 0.428145 -2.990860
0.358370 -0.420300 -0.185109
-0.158904 0.274964 -2.386870
-0.167994 0.147812 -2.854934
-0.089473 -0.256261 -2.420282
-0.485673 0.133251 1.621182
-0.483667 0.120375 1.084960
-0.203531 0.475463 3.108410
-0.497565 0.082908 1.701504
0.281028 -0.430083 -1.023356
0.382363 -0.388456 -0.662797
-0.045523 0.353692 -2.195994
-0.012056 0.289172 -2.512661
-0.490088 -0.153856 1.780076
-0.044223 0.371802 -2.257882
-0.492594 0.127505 1.325189
-0.021038 0.302583 -2.457762
0.331441 -0.411513 -0.563081
0.445660 -0.294394 -0.463005
0.444638 -0.490443 -2.955774
-0.483768 0.128409 1.487387
-0.339478 0.442595 2.678643
0.059060 0.397781 -2.557431
0.321894 -0.426734 -0.291514
0.345364 -0.410839 -0.811287
-0.224542 -0.466106 0.295446
-0.482315 0.137344 1.492968
-0.270701 -0.009374 0.287718
0.358814 -0.404332 -0.686949
0.255864 -0.433745 -1.162111
0.091792 0.264165 -2.438339
0.367892 -0.420422 -0.534988
0.454609 -0.499137 -2.852670
0.050714 0.326481 -2.753265
-0.485695 0.138706 1.439498
0.041351 0.319531 -2.786585
0.365355 -0.395490 -1.192860
-0.466954 0.348605 1.660824
-0.488800 -0.155018 1.668672
0.051001 0.246848 -2.290393
0.054459 0.402815 -2.930492
0.033144 0.411113 -2.766283
-0.478458 0.132507 1.552227
-0.493738 -0.154610 1.678000
-0.266299 -0.018754 0.387569
-0.465358 0.128777 1.569996
-0.472872 0.137213 1.543173
-0.289455 0.330271 2.052523
-0.224919 0.431001 1.931398
0.091201 -0.488974 0.113491
0.495828 -0.160512 -0.473024
0.052208 0.336592 -2.892649
0.092258 -0.498449 0.055995
-0.492383 0.064524 1.663967
0.331456 -0.445835 -0.255395
0.276847 -0.284658 -2.060725
-0.491487 0.060978 1.804136
0.336782 -0.132275 -0.492983
-0.442863 0.457117 3.112720
-0.227183 0.342971 -3.081141
-0.185418 0.062489 -2.974995
-0.007150 -0.224688 0.447169
-0.461861 0.135035 1.318930
-0.155650 0.045606 3.062528
-0.490053 0.139840 1.786023
0.409000 -0.358136 -1.193912
-0.489642 0.130894 1.774591
0.090489 -0.493555 0.092758
-0.047261 0.358961 -2.446062
0.427048 -0.337601 -0.950234
0.227111 0.143202 -2.032803
-0.262510 0.270897 2.938662
0.364354 -0.428085 -0.484475
-0.462153 0.349167 1.711290
-0.454271 0.131065 1.569508
-0.488446 -0.164865 1.570257
0.083038 -0.496401 -0.010788
-0.482343 0.424147 -0.101953
0.344001 -0.416788 -0.065578
0.058695 0.331527 -2.908676
0.062471 0.267510 -2.376457
0.443121 -0.491472 -2.741221
0.355556 -0.420767 -0.472896
-0.465398 0.140379 1.405919
0.337469 -0.407743 -1.035842
0.090518 -0.488366 -0.314775
-0.268469 0.332243 2.265982
0.079984 0.242371 -2.452441
-0.235782 0.266550 -2.330733
0.444688 -0.316712 -0.323361
0.352721 -0.397001 -0.718053
0.356814 -0.427647 -0.460420
0.122710 0.418858 2.642259
0.419607 -0.295371 -0.635088
-0.312554 -0.336937 0.806866
0.373919 -0.418086 -0.380331
0.453122 -0.494256 -2.837666
-0.498807 -0.170721 1.448648
0.149526 0.225404 -0.292407
0.429289 -0.495556 -0.832494
-0.165188 -0.190968 0.457159
-0.361255 0.004547 1.457674
-0.189317 -0.380095 0.438106
-0.115352 0.494227 -1.603367
0.153170 -0.434392 0.264075
0.345422 -0.417980 -0.308986
-0.382322 0.032823 0.923828
-0.016810 -0.225487 -0.931333
-0.436313 0.131265 1.598277
0.218578 -0.436624 -1.310556
-0.498890 -0.147253 1.524097
-0.480094 0.129444 1.548857
-0.236439 -0.075471 -2.895377
-0.493234 0.137157 1.492304
-0.498289 0.063323 1.321353
0.498989 -0.492366 -2.516977
-0.498502 -0.148143 1.694571
0.493505 -0.493785 2.968661
0.105890 0.248686 -2.355387
0.409277 -0.348319 -1.093334
-0.437526 0.125858 1.789092
-0.459023 0.134326 1.598890
0.442846 -0.487918 -2.112611
-0.328904 0.142437 0.376169
-0.498250 0.146562 1.423841
0.346966 -0.416218 -0.511365
0.466764 -0.496609 3.011405
-0.198447 0.263961 -2.777988
0.438037 -0.468265 -2.039765
-0.442023 0.143913 1.790828
-0.466412 0.149934 1.288412
-0.021411 0.276111 -2.772458
-0.469538 0.347893 1.697432
-0.220108 0.039939 1.168833
-0.497571 -0.165193 1.306931
-0.171151 -0.441281 0.160599
0.492195 -0.171554 -0.207597
-0.468632 0.140606 1.645319
0.452381 -0.491321 -3.125802
-0.283296 0.332686 2.346858
-0.463402 0.335101 1.379912
-0.092522 -0.249388 -1.269019
0.330884 -0.412185 -1.070829
-0.458127 0.152074 1.742039
0.272840 0.153283 -1.803319
0.234278 0.117521 -2.493863
-0.490673 0.142792 1.615523
0.442265 -0.498718 3.124806
0.365818 -0.432747 -0.151073
0.418604 -0.473791 -1.841817
0.483352 -0.499474 0.186713
-0.401010 0.468016 -2.766701
-0.495008 0.151476 1.768062
-0.209025 -0.369969 0.209414
-0.461071 0.023253 1.695700
0.062418 0.369465 -2.802800
0.075152 -0.489507 -0.070517
0.355532 -0.416750 -0.646076
0.302578 -0.418759 -1.129158
