0.365998 0.405923 0.067375
0.452657 0.490563 0.065638
0.483451 0.208391 -1.627980
0.498747 0.146825 -1.590630
0.183165 -0.034483 -1.624226
0.379371 0.412029 -0.165220
0.471169 0.486531 -3.134235
0.451304 0.490509 -0.042607
-0.491615 -0.037831 1.589188
0.035333 0.259866 -2.545169
0.188010 -0.016344 -1.822849
0.494299 0.159781 -1.432921
-0.485568 0.028670 1.829711
0.433383 0.478979 0.186784
0.465027 0.489201 0.196659
0.480797 0.496487 -3.085559
-0.481099 0.192080 1.643487
0.470193 0.480343 0.139958
0.481011 0.221716 -1.795650
0.197364 -0.034517 -2.222632
-0.442540 0.237789 1.561699
0.461401 0.212438 -1.859581
0.493642 0.166177 -1.665996
0.443900 0.479275 -0.153422
-0.440397 0.246194 1.247501
0.045634 0.362224 -3.011921
0.466541 0.484058 -0.097348
0.495596 0.480020 -3.092263
0.466817 0.222381 -1.496628
0.458568 0.494046 -0.094066
0.356049 0.416452 -0.138297
-0.206647 0.479972 -3.020235
-0.254263 0.496811 -3.133794
0.468901 0.211044 -1.612431
-0.006737 -0.382874 -0.560925
0.477182 0.477551 2.939663
0.279332 0.278161 -2.061955
-0.296581 -0.332706 -2.093897
0.191113 -0.019064 -2.171864
0.466014 0.481774 0.108729
0.455629 0.488088 0.283556
-0.465821 0.238687 1.285875
0.481133 0.498928 2.884926
-0.495472 0.031668 1.518078
-0.216571 0.436617 -2.946499
-0.489719 0.033917 1.955569
0.479334 0.491394 -3.065616
0.479294 0.493880 3.007712
0.483751 0.185371 -1.542160
-0.221017 0.406505 -0.511437
0.008615 0.167329 -2.207098
0.256572 0.302907 -1.825190
0.484310 0.147519 -1.433704
0.065077 -0.130359 -1.236644
0.482121 0.497477 3.005559
0.491040 0.214246 -1.759380
0.465315 0.488780 0.145633
0.446496 0.494071 0.222304
-0.003532 0.156916 -2.182234
0.396836 -0.379173 1.700453
0.048852 0.123233 -2.267659
0.012779 0.161241 -2.564203
0.482099 0.167714 -1.810492
0.451953 0.221639 -1.406155
0.439003 0.475208 0.009861
0.453879 0.485239 -0.124872
0.317092 0.481325 0.114796
0.451372 0.484691 0.061003
0.349912 0.428196 -0.258572
-0.409755 -0.073439 1.136590
0.476368 0.481894 -3.133347
-0.115581 -0.497900 -0.296823
-0.308217 0.010921 -0.743472
-0.352919 -0.330752 -0.140056
0.465688 0.226926 -1.592091
0.445907 0.483703 -0.191389
-0.338448 -0.087058 -1.444989
0.360461 -0.377991 1.645025
0.471808 0.477323 -3.111300
0.483933 0.495554 -3.123917
-0.257965 0.139667 -0.220258
-0.461165 0.240515 1.399621
0.208896 -0.486661 1.184525
0.445366 0.499744 -0.123795
0.180700 -0.033048 -1.851428
-0.254297 0.022114 -0.869863
-0.484955 0.022741 1.500513
0.479379 0.485941 -0.240336
-0.498401 0.028428 1.339564
-0.213854 0.466120 -2.900511
0.487223 0.156692 -1.534095
0.452401 0.496874 0.034145
-0.014111 0.188489 -2.605634
0.246666 0.274392 -2.028942
0.277133 0.293198 -2.104418
0.239707 -0.480672 1.185960
0.465895 0.492164 0.024987
-0.497418 0.240349 1.733887
0.466188 0.216629 -1.564209
0.034250 0.117140 -1.905426
0.433193 0.499393 0.064523
0.471469 0.497729 -0.079962
-0.257317 0.035775 -0.806943
-0.216732 0.427769 -2.951204
0.379907 -0.364994 1.820556
0.481744 0.469097 -3.088326
0.383646 0.382123 -0.308221
0.458380 0.493895 0.191747
0.259516 0.297918 -1.867624
0.240095 0.293466 -1.817060
-0.353701 -0.090826 -1.310705
-0.268318 0.477612 -3.102019
0.483554 0.492453 -2.908105
-0.268138 0.103032 -0.824700
-0.338895 -0.366026 -0.128387
0.460119 0.486822 0.092391
0.468628 0.482155 0.144212
0.456463 0.472696 -0.063160
-0.477949 0.202670 1.640394
-0.468862 -0.002420 1.748892
-0.444401 0.231670 1.669271
-0.006208 0.202966 -2.639014
0.379416 0.400874 -0.048753
0.477209 0.477414 0.191885
-0.048816 0.053304 0.749330
-0.002557 0.187830 -2.423128
0.496541 0.487268 -0.117921
0.474361 0.476494 3.113493
-0.483332 0.228534 1.589342
0.482060 0.146674 -1.538613
0.453177 0.479379 0.034020
0.359972 0.416618 -0.013581
0.363387 0.418170 -0.113737
-0.459681 0.186031 1.440093
-0.480168 0.249936 1.269802
-0.242552 0.454539 3.079667
0.466181 0.481382 0.161915
0.192777 -0.466789 -1.223882
0.485225 0.167739 -1.510825
0.496291 0.207746 -1.530668
0.276548 0.364021 0.443840
0.476102 0.224881 -1.364002
0.478785 0.488942 2.946177
0.007491 0.173170 -2.384896
0.225552 -0.493084 1.260803
0.350525 -0.381358 1.779215
0.461065 0.486230 -0.053348
-0.425764 -0.194098 1.430468
-0.452202 -0.049500 -1.479812
0.422517 0.484896 0.118855
-0.494772 0.018961 1.492911
0.263604 0.084968 -0.404008
0.463118 0.496439 0.026931
0.200108 -0.469699 -0.848408
-0.426126 -0.178758 0.701199
-0.129167 -0.473397 0.101817
-0.337188 -0.153858 0.170664
0.136481 -0.481665 1.122340
0.489896 0.155781 -1.628310
-0.246397 0.019632 -1.107012
0.491629 0.153009 -1.695323
-0.334220 -0.325830 0.559159
0.484805 0.487482 3.139839
0.484758 0.217339 -1.577223
-0.102980 -0.455741 0.202560
0.206965 0.126213 -1.160134
0.493246 0.485060 3.067424
0.460727 0.470777 -0.118602
0.209994 -0.034444 -2.147554
0.476936 0.173026 -1.510748
0.462095 0.493992 0.178561
-0.254397 0.479528 3.078061
-0.479161 0.218674 1.656750
0.494457 0.159182 -1.728817
0.464132 0.211636 -1.585997
0.479534 0.494166 3.117099
0.204464 -0.032255 -1.836670
0.473828 0.486872 -0.260806
-0.465115 0.235109 1.151627
0.370258 0.417398 0.006732
-0.494347 0.031960 1.822655
0.264007 -0.441867 -0.625011
0.475290 0.216769 -1.575936
0.486982 0.161811 -1.840805
0.469009 0.487801 -0.073049
0.472733 0.489810 3.034608
0.385469 0.483587 0.013956
-0.256070 0.484633 2.813637
0.463332 0.472723 -0.370492
-0.488119 0.032132 1.633022
0.459006 0.491577 -0.106732
0.226525 -0.037210 -1.890501
0.481330 0.475340 3.094412
-0.486289 0.026903 1.689678
-0.441987 0.234686 1.515920
0.207453 -0.015312 -2.013365
0.241373 0.292827 -2.231574
0.456251 0.498921 -0.116070
-0.244745 0.490585 3.013029
0.072792 0.300018 -2.728223
-0.467095 0.208071 1.680424
0.432290 0.485370 -0.087625
0.073211 -0.109893 -0.882498
0.492859 0.499053 -3.130223
0.344847 0.417327 -0.293150
0.318879 0.129603 -0.076632
-0.016412 -0.497464 -1.508549
0.494588 0.151932 -1.306299
0.458209 0.470691 0.207046
0.449601 0.479773 -0.044020
0.218292 -0.042020 -1.951329
0.073506 0.152582 -2.027811
0.457519 0.216126 -1.852284
0.470075 0.485189 0.191428
0.079614 0.066236 -1.649247
-0.454727 -0.200697 1.098845
-0.256284 0.499357 -2.978364
0.473163 0.226351 -1.747762
0.448956 0.471587 0.135350
-0.244189 0.457666 3.060182
0.462647 0.483727 0.070699
0.478891 0.208175 -1.589152
0.468501 0.216674 -1.618366
-0.270805 0.025482 2.018076
0.474412 0.257022 -1.581817
-0.103661 -0.451094 0.672923
0.207956 -0.015860 -1.843951
0.470118 0.217575 -1.430201
0.243127 0.290580 -2.112582
-0.427078 0.244127 1.842237
-0.470613 0.220168 1.577766
0.477373 0.479533 0.094705
0.477669 0.494792 -3.134022
0.242091 0.280207 -1.907059
0.489443 0.485422 -3.042349
-0.241216 0.029960 -0.665773
0.489245 0.149584 -1.657487
0.219200 -0.481529 1.297433
0.469714 0.478932 -0.304989
0.491073 0.479367 0.045292
0.218347 0.282290 -1.674361
0.234979 -0.487474 1.144091
0.452685 0.478184 -0.215251
0.436895 -0.280146 -2.235852
0.465349 0.152404 -1.812310
-0.448625 0.235863 1.410936
-0.494702 0.036813 1.294997
0.485923 0.497034 -3.140230
0.488750 0.153294 -1.534976
0.455603 0.480936 -0.202979
0.473141 0.472483 0.186445
0.446649 0.483433 0.118397
-0.431631 -0.161523 0.386384
-0.128032 0.065263 0.883330
-0.250285 0.488429 2.998401
-0.012583 0.062712 -2.408478
0.478155 0.497660 0.163729
0.490016 0.164107 -1.617209
0.450092 0.483933 0.277088
0.464636 0.495781 -0.018777
0.250477 0.285133 -1.744878
0.498852 0.495568 -2.800339
-0.449184 0.227785 1.604300
0.495231 0.189921 -1.483636
0.448592 0.486659 0.087409
0.458841 0.473268 -0.034451
0.466210 0.496425 -0.024600
0.496976 0.488931 -3.016908
0.498161 0.150349 -1.400128
0.452812 0.474864 -0.007575
-0.480542 0.212170 1.679342
0.486329 0.220661 -1.547926
-0.490574 0.026394 1.488560
-0.272315 0.471464 -3.133310
0.350666 0.142688 -0.469319
0.486910 0.451474 0.327686
0.463694 0.210374 -1.636484
0.449049 0.494396 -0.025134
0.494442 0.146770 -1.478680
0.489119 0.494156 2.901239
0.488740 0.168906 -1.774047
-0.445149 0.239068 1.556527
0.445406 0.219610 -1.598328
0.479576 0.488383 -3.004005
0.317050 0.484425 0.022824
0.478043 0.227132 -1.641834
0.432631 0.484581 -0.111912
0.403336 0.483880 -0.305926
0.471069 0.491192 -0.118613
0.471330 0.486563 -0.151160
0.482242 0.494351 -2.966648
0.200996 -0.039516 -2.029800
-0.010138 0.193144 -2.465222
0.372893 0.418638 -0.071153
0.444429 0.490231 -0.045912
0.452772 0.484383 -0.249610
0.390824 -0.487179 2.169478
0.442380 0.493547 0.062318
-0.009632 0.172351 -2.204088
-0.397282 0.289783 -1.342722
-0.349177 -0.080709 -1.194348
-0.461122 0.217740 1.759308
0.477948 0.497536 -3.031797
0.372771 0.412745 -0.218497
0.436268 0.474778 0.143954
0.474183 0.484378 3.031236
0.463547 0.471241 0.197124
0.474620 0.491134 -3.025008
0.332821 0.477351 0.158492
0.440221 0.473446 -0.162827
0.482076 0.482579 -0.082795
0.486030 0.227846 -1.678213
0.496430 0.149735 -1.827623
0.463579 0.495145 -0.101951
-0.237995 -0.341336 -1.339373
-0.498414 0.033184 1.689496
-0.249177 0.476459 3.111451
0.429449 0.492144 0.184317
0.478384 0.153563 -1.657575
0.455975 0.489822 0.036093
0.260078 0.093007 -0.494655
0.451747 0.218384 -1.538246
0.064708 0.154654 -2.157464
0.373903 0.362591 -0.149221
0.484294 0.497255 -2.740933
0.448640 0.498201 -0.127105
0.466549 0.463425 -0.194795
0.475984 0.496936 -0.193860
0.477096 0.215622 -1.336952
0.487173 0.223851 -1.675086
0.489760 0.476349 -0.161168
0.447680 0.480376 0.002832
0.369790 -0.449093 1.752338
-0.145032 0.062323 0.964638
-0.218780 0.445515 -2.763300
0.469456 0.495011 -0.090604
-0.495224 0.031038 1.583353
-0.330784 -0.394671 1.667613
-0.460184 0.164327 1.398739
-0.047469 -0.487841 -1.837633
0.183885 -0.008161 -1.891889
0.457341 0.482723 0.130116
0.444686 0.478242 0.083656
-0.263792 0.493476 -2.787317
0.002983 0.165628 -2.451623
0.336969 0.302888 -1.427154
0.459955 0.492343 0.011001
0.447788 0.482304 -0.001605
0.484631 0.486327 -2.978133
0.474321 0.495733 -2.935611
0.467596 0.209613 -1.589784
0.456329 0.468005 -0.039758
0.487782 0.494192 2.927354
-0.370102 -0.062015 0.744252
0.472990 0.491922 -0.051761
0.494053 0.462051 0.055786
0.379304 -0.370780 1.777759
0.454623 0.485204 0.171946
0.060018 0.140393 -2.183642
0.234146 0.262363 -1.788571
0.447417 0.449354 0.189676
0.470287 0.493014 0.130336
0.415775 0.480262 -0.144392
-0.332609 0.280579 -2.895901
0.127434 -0.479903 1.224124
0.476851 0.466648 -0.092257
0.043289 0.367595 -3.072869
0.373444 -0.369747 1.596414
0.484627 0.164076 -1.549285
-0.487642 0.211985 1.677717
0.478965 0.480192 3.129813
0.400263 0.495142 -0.365042
0.420635 0.301899 -1.961794
-0.473448 0.026434 2.059729
0.443221 0.481823 -0.164366
-0.225082 0.442015 -2.792265
0.467735 0.498110 -0.136462
0.193584 -0.024493 -1.856709
0.375219 0.391988 0.069349
0.300659 -0.493485 2.875130
0.473159 0.498252 -0.089906
-0.224634 0.418345 -0.532535
-0.446052 0.237569 1.281474
0.451471 0.483186 0.041468
0.369598 0.422136 -0.214343
0.334448 0.127490 -0.337360
0.476303 0.224788 -1.652255
0.475896 0.477291 0.011579
0.178297 0.014688 -1.763185
0.460784 0.478500 -0.016195
0.194728 -0.026537 -1.913345
-0.340311 -0.127288 0.102404
0.493721 0.158620 -1.650309
0.484117 0.489652 3.092189
-0.499752 0.236128 1.549376
0.452319 0.471086 0.071697
0.333544 0.141987 -0.421969
0.484326 0.488299 2.975569
0.462540 0.494610 0.006315
-0.477863 0.191740 1.422040
