0.469412 -0.223967 -0.529666
0.278012 -0.483633 0.149318
0.487268 -0.266967 -1.435469
0.446132 -0.134949 -1.604057
0.498139 -0.176033 -1.768928
-0.160148 -0.379268 0.034053
-0.198739 -0.106468 1.420513
0.238596 -0.448624 0.016795
0.495280 -0.353168 -1.531737
-0.398140 0.443145 1.963600
0.227894 -0.499483 -0.225955
-0.498477 -0.194825 1.874370
0.368965 -0.161038 -2.112401
0.175276 -0.394395 0.026167
-0.148422 -0.113649 1.146526
-0.404080 0.420730 1.264322
0.495684 -0.268351 -1.533536
0.217327 -0.458371 -0.054504
-0.110940 -0.172742 1.160387
0.403599 -0.085487 -1.671370
0.255009 -0.334729 -0.005732
0.043486 -0.450272 -0.067543
0.262827 -0.343492 0.199495
-0.044343 -0.241861 0.665424
0.426524 0.405145 -0.472296
0.164384 -0.316861 0.262175
0.498964 -0.262734 -1.712660
0.040833 -0.437510 -0.087166
-0.438265 0.445106 1.616667
0.490708 -0.269210 -1.496171
-0.089671 0.279477 -2.845362
0.057224 -0.306873 -0.414263
-0.278459 0.367221 -1.401797
-0.031303 -0.422501 0.206010
0.455384 -0.117250 -1.313994
0.416606 -0.199720 -1.974507
0.460509 -0.144445 -1.435431
-0.105832 0.288193 -3.021426
-0.115226 0.267758 -3.100901
0.350472 -0.271777 0.592278
-0.269377 0.476292 1.123542
-0.449978 0.375293 1.441183
0.441303 -0.110263 -1.588624
0.219215 -0.442761 0.003297
0.344424 -0.291186 0.843119
0.265323 -0.387960 0.202224
-0.123175 0.234003 3.034329
-0.204660 -0.100902 1.191525
0.388665 -0.191156 -1.952910
-0.035434 -0.310259 0.771277
0.489338 -0.266464 -1.451828
0.432705 -0.096774 -1.448260
0.438034 -0.112104 -1.619537
0.250318 -0.451615 -0.236025
0.245376 -0.468935 -0.137123
-0.291154 -0.068741 -1.623974
0.241503 -0.486278 -0.112756
0.364998 -0.043360 -1.961104
0.492503 -0.169362 -1.768394
0.257603 -0.328106 0.077387
0.375240 -0.315891 -1.787296
0.448721 -0.149468 -1.627259
0.434251 -0.140226 -1.652402
0.054318 0.499172 -0.117755
0.251774 -0.438991 -0.223355
0.259851 -0.446833 -0.445916
0.499351 -0.043330 -1.642336
-0.041210 -0.250089 0.733138
-0.033877 -0.257611 0.642803
-0.285244 0.452036 2.976695
-0.120569 0.237755 2.849364
0.449581 -0.115113 -1.623370
-0.466158 0.465996 1.411307
-0.463252 0.482437 1.540993
0.437480 -0.141350 -1.775980
0.388602 -0.197436 -1.584510
0.271666 -0.466391 0.080691
0.326548 -0.061786 -2.020856
0.457508 -0.107078 -1.500258
-0.481994 0.494272 1.386884
-0.069246 -0.252054 0.920193
0.223286 -0.498989 0.116821
-0.492812 0.294286 1.801171
0.257302 -0.349607 0.165840
0.280403 -0.364001 0.374217
0.234449 -0.496387 -0.084866
-0.119266 0.236195 3.083237
0.385554 -0.200010 -1.886793
0.445054 -0.141693 -1.517453
0.372797 -0.309829 -1.809639
0.463674 -0.152416 -1.555468
-0.193264 -0.183616 1.012311
0.250551 -0.334853 0.275841
-0.213209 -0.105890 1.454569
0.235212 -0.425091 0.003634
0.396484 -0.195652 -2.057883
-0.444650 0.454790 1.429297
0.328462 -0.296402 -2.065420
-0.213655 -0.122205 1.525655
-0.019800 -0.437184 0.363217
-0.086658 -0.231162 0.969653
0.395268 -0.186177 -1.709529
0.240880 -0.484594 0.043013
0.035550 0.063323 -2.333801
0.466663 -0.063683 -1.687230
-0.029886 0.323990 2.359230
0.008990 0.341931 -1.126947
0.489209 -0.346303 -1.717017
0.195541 -0.388743 -0.143880
-0.233704 0.371800 0.372111
0.380103 -0.184062 -1.647945
0.265533 -0.420268 0.144109
-0.187161 -0.457723 0.080759
0.060153 0.133669 -2.584094
-0.020549 -0.425632 0.197217
0.352349 -0.179323 -1.492473
-0.214287 -0.103549 1.577855
0.264023 -0.414461 -0.020912
0.266112 -0.383038 -0.030899
0.402820 -0.093839 -1.479714
-0.223226 -0.101777 1.627471
0.231686 -0.484612 -0.108517
0.426820 -0.122877 -1.669552
0.112555 0.004138 -2.174620
0.246029 -0.467166 -0.221587
-0.308924 0.045297 2.622283
-0.454202 0.442244 1.678809
0.483335 -0.350457 -1.413609
-0.217101 -0.116306 1.399044
0.044211 -0.433661 -0.009415
0.229816 -0.482191 0.092117
0.432268 -0.131401 -1.520101
0.449012 -0.149995 -1.626942
0.350793 -0.292819 0.937567
-0.438841 -0.199336 1.116498
-0.214698 -0.106100 1.301723
-0.068422 -0.412199 0.254622
0.427873 -0.121432 -1.456619
0.459263 -0.161313 -1.781916
0.369023 -0.168733 -1.808700
0.457618 -0.130145 -1.656126
-0.058852 -0.265881 0.751944
-0.468281 0.478127 1.648384
0.490279 -0.032404 -1.410369
-0.110170 0.250624 -2.955674
-0.064105 -0.236867 0.889386
0.444246 -0.123834 -1.371703
0.351145 -0.268870 -1.683400
0.353233 -0.265658 -1.688021
0.436642 -0.114069 -1.343375
-0.431062 -0.189426 0.677245
-0.106887 0.246925 2.994745
-0.194179 -0.112012 1.500936
0.484322 -0.345395 -1.408912
-0.195696 -0.102226 1.200087
0.421573 -0.101029 -1.576377
0.451772 -0.150989 -1.637827
0.261126 -0.421498 0.182736
0.450266 -0.145857 -1.824552
-0.073850 -0.420521 0.264115
0.368229 -0.189683 -1.517445
0.425492 -0.104086 -1.795862
-0.457722 0.444581 1.587361
0.208749 -0.469701 0.075628
-0.180639 -0.174357 1.065566
0.047652 0.493738 0.337996
-0.177886 -0.195941 0.799062
0.243822 -0.466546 0.073610
-0.161168 0.012833 -1.040037
0.270920 -0.364939 0.118326
-0.425407 0.446607 1.547633
0.347938 -0.294089 -2.200825
-0.246544 0.390406 0.373083
-0.050539 0.301474 2.823912
0.330895 -0.281779 -2.056524
0.256385 -0.473132 0.107613
0.498788 -0.271150 -1.358929
-0.060253 -0.457964 0.025949
-0.258297 0.273784 -0.527944
-0.439428 -0.193238 0.871315
-0.444988 0.458469 1.606839
0.242636 -0.452730 0.115523
0.256031 -0.317330 -0.026942
0.397226 -0.174634 -1.879754
0.279932 -0.498918 0.137103
0.009573 -0.134392 0.785044
0.362971 -0.309636 -1.867267
0.366564 -0.253673 -1.557947
0.208463 -0.394972 0.204045
0.257015 -0.374248 0.230549
-0.055392 0.292176 2.503400
0.265134 -0.319902 0.137428
0.045414 -0.153715 1.013607
-0.029180 -0.285375 0.721632
-0.464432 0.482067 1.528004
-0.424786 0.444979 1.516011
-0.108291 0.234771 3.026141
-0.009827 -0.446516 0.323928
0.247459 -0.338659 0.218322
0.218642 -0.469790 0.003482
-0.216951 -0.105978 1.245784
-0.453354 0.453877 1.411613
-0.431140 0.449350 1.722937
-0.002579 0.329507 2.193452
0.230732 -0.477388 -0.006109
-0.460600 0.485537 1.550730
-0.444752 0.454533 1.581611
0.227164 -0.491131 -0.166004
-0.165467 0.000788 -0.832061
0.490265 -0.257808 -1.600942
-0.276811 -0.063239 -1.380826
-0.251336 0.381412 0.257057
-0.226605 -0.089840 1.294184
0.373994 -0.079157 -1.884713
-0.005923 0.330708 2.391932
0.435793 -0.133586 -1.424323
0.360948 -0.266596 -1.655380
-0.062920 -0.242043 0.781633
-0.207918 -0.110251 1.377394
-0.056535 -0.236373 0.691121
0.462760 -0.133813 -1.427853
0.395003 -0.082775 -1.783539
-0.465898 0.453101 1.580146
0.345897 -0.047383 -1.650972
-0.053948 -0.271958 0.572263
0.392605 -0.187878 -1.800022
0.358987 -0.282339 -2.041998
0.429631 -0.305966 -1.948754
-0.093697 0.268424 3.057097
0.457104 -0.133564 -1.634180
0.063714 0.496866 0.118526
-0.455116 -0.353966 0.033295
0.379850 -0.192407 -1.540087
0.450044 -0.126054 -1.658414
0.486597 -0.030471 -1.249798
-0.217220 0.047062 -0.883017
0.361803 -0.273146 -1.998689
-0.439892 -0.130743 2.305644
0.337287 -0.104000 -1.296655
0.438318 -0.122874 -1.511450
-0.426269 0.458055 1.662479
-0.489122 0.457363 1.122263
0.381559 -0.195541 -1.465195
0.484802 -0.053798 -1.659428
0.046886 -0.448662 0.217998
0.494306 -0.344252 -1.572853
0.467234 -0.050792 -1.677720
0.495521 -0.346413 -1.504568
-0.064189 -0.239489 0.907844
-0.056029 -0.257026 0.514361
0.052494 0.166416 -2.720637
0.251588 -0.426685 -0.071068
0.241104 -0.471664 0.092884
0.435812 -0.151618 -1.452499
0.242870 -0.487358 0.011347
0.497223 -0.257091 -1.477296
0.445389 -0.132471 -1.532530
0.329454 -0.041959 -1.948358
0.402339 -0.100431 -1.496733
0.494126 -0.234174 -1.854774
-0.428691 -0.130977 2.345874
0.419654 0.429611 -0.823428
0.051026 -0.431984 0.326581
-0.114678 0.245576 3.007065
0.433339 -0.114204 -1.330463
0.318296 -0.050880 -2.053331
0.266075 -0.343960 0.268839
0.366240 -0.185058 -1.659860
-0.217621 0.324113 -0.162683
0.371720 -0.180063 -1.853056
0.355645 -0.185856 -1.713920
0.207293 -0.464878 -0.042784
0.259116 -0.478351 0.087399
0.438871 0.091558 -1.544965
0.249705 -0.475757 -0.133668
0.317822 -0.279409 -2.099863
-0.442657 0.463487 1.627484
0.496721 -0.264195 -1.564029
-0.039761 0.316819 2.669930
0.435114 -0.129698 -1.514911
0.488733 -0.070017 -1.809064
0.113451 0.410643 1.536712
-0.054427 0.301407 2.850728
0.472528 -0.139108 -1.372513
0.353461 -0.266560 -1.445074
-0.170619 0.004373 -0.730474
0.489526 -0.245789 -1.826797
0.473704 -0.289319 -1.871735
-0.113381 0.233047 -2.942866
-0.107102 0.251955 -2.897846
0.261936 -0.330962 0.251255
0.495988 -0.171399 -1.663593
0.280826 -0.392236 0.023943
0.432636 0.086476 -1.730390
0.193730 -0.486068 0.084344
-0.444802 0.453670 1.563095
0.497302 -0.273296 -1.611038
-0.105862 0.243356 -3.111483
0.365945 -0.189755 -1.611781
0.249336 -0.430441 0.057391
0.488314 -0.020944 -1.611270
0.354113 -0.300112 -2.195485
0.039097 -0.457257 0.130958
0.223151 -0.481107 0.319961
0.263864 -0.360749 0.233663
0.456731 -0.158168 -1.627153
0.006032 0.208176 0.748224
0.336049 -0.299841 0.460999
0.467265 -0.342308 -1.379026
0.465778 -0.154423 -1.587635
-0.429365 -0.202201 0.554738
-0.420480 0.440256 1.550719
0.170220 -0.393590 -0.080079
0.263533 -0.427347 0.161614
0.371818 -0.146231 -2.115511
0.342666 -0.274368 -1.874898
0.259302 -0.488313 -0.088399
0.274863 -0.460131 -0.255982
0.261910 -0.467187 0.025437
0.439316 -0.137391 -1.759369
0.368284 -0.176837 -1.854797
0.036030 0.330309 2.259290
0.260622 -0.325318 0.361682
0.029605 -0.426976 0.232909
0.226983 -0.468340 -0.219400
0.459693 -0.141131 -1.757855
0.490199 -0.239718 -1.628483
0.429455 -0.125580 -1.386448
0.403272 -0.122697 -1.831326
0.257062 -0.471938 0.057530
-0.187434 -0.119373 1.464453
0.478172 -0.379214 -1.274588
-0.040860 -0.266505 0.856715
-0.356992 -0.125668 1.680804
0.238791 -0.490711 0.238579
0.018326 0.454756 -0.751484
0.457573 -0.140860 -1.568157
-0.005105 0.361232 2.621321
-0.110187 0.251589 -2.937878
0.176436 -0.311991 0.119913
0.237187 -0.470119 -0.172849
0.477202 -0.348297 -1.507651
0.039442 0.498499 0.295646
0.415033 -0.122499 -1.624427
0.279282 -0.491254 0.237665
-0.051260 0.297462 2.596301
0.495453 -0.136634 -1.678946
0.235966 -0.487525 0.054323
0.205628 -0.431877 0.232564
0.446592 -0.131138 -1.842825
0.483179 -0.229475 -1.850647
0.150030 -0.008564 -2.064524
0.410243 -0.186350 -2.017743
0.496784 -0.271488 -1.429129
0.371153 -0.197995 -1.762449
0.347537 -0.181494 -1.721180
-0.048522 -0.250201 0.744582
0.491222 -0.158650 -1.673063
0.483181 -0.331894 -1.225329
0.451126 -0.129688 -1.966495
0.382811 -0.324132 -1.914975
0.262077 -0.448009 0.131340
0.257628 -0.432712 -0.175664
0.480653 -0.341532 -1.517401
0.416706 -0.156452 -1.448774
-0.201075 -0.103717 1.219523
-0.495376 0.295714 1.512411
0.329548 -0.277011 0.925649
0.491395 -0.381711 -1.036855
-0.060943 0.298071 2.720188
0.460635 -0.334913 -1.294850
0.257976 -0.434563 -0.098538
-0.213505 -0.098190 1.536791
-0.218072 -0.112996 1.329890
-0.234067 -0.091992 1.276097
-0.202052 -0.115931 1.396314
-0.207171 -0.109079 1.581563
0.423887 -0.100442 -1.696478
0.419364 -0.333638 -1.774340
0.223077 0.421545 0.628515
0.175742 -0.391734 0.078556
-0.487076 0.496743 1.566315
0.383630 -0.182331 -1.960817
0.397387 -0.192611 -1.525128
0.305801 0.095322 -2.214521
0.421085 -0.111132 -1.610149
0.432753 -0.324753 -1.747540
0.052008 -0.149953 0.805437
0.248436 -0.474836 -0.069722
-0.456865 0.469544 1.418033
-0.214023 -0.112580 1.435967
-0.015020 0.328548 2.254418
0.347391 -0.054441 -1.906164
0.461376 -0.134557 -1.803911
0.386052 -0.094307 -1.787589
0.383133 -0.197993 -1.629741
-0.460261 0.452029 1.245457
0.494790 -0.264751 -1.577434
-0.082585 0.267071 3.110198
0.207648 -0.476826 -0.015153
