0.343629 0.351953 -2.484150
0.252505 0.448923 -2.996283
0.488462 -0.088378 -1.505850
0.487201 -0.150886 -1.614432
0.063120 -0.305403 -2.056017
0.342287 0.339623 -2.425704
0.429541 0.320745 -1.830358
0.262851 0.410470 -2.756504
-0.351612 0.218160 0.876984
-0.156684 0.049207 -1.587328
0.054482 -0.276323 -2.082077
0.494389 -0.138637 -1.682028
-0.491210 0.325966 1.542557
0.353478 0.363357 -2.425474
0.244300 0.458133 -2.809490
0.340073 0.340622 -2.414552
-0.487461 0.490906 1.042010
0.277876 0.340404 -2.718578
0.461912 -0.072620 -1.606051
0.075129 -0.303883 -2.102894
-0.399868 0.468750 -0.908654
0.450831 -0.081123 -1.576579
0.493951 -0.129173 -1.660438
0.268869 0.409735 -2.970898
-0.398786 0.459204 -0.661615
-0.250951 0.376036 -2.975626
0.242601 0.453682 -3.138434
0.341866 0.378397 -2.384793
0.460241 -0.076657 -1.457506
0.250306 0.446637 -2.921758
0.370490 0.338619 -2.542657
-0.462527 0.340865 -2.515375
-0.453257 0.493292 0.784597
0.466325 -0.085175 -1.787493
0.241919 -0.450430 0.534639
0.339486 0.348989 -2.624952
0.192053 -0.000528 -1.647845
-0.233770 -0.398868 1.386577
0.064660 -0.288881 -2.058092
0.243220 0.426929 -2.773537
0.257854 0.442098 -3.023092
-0.416390 0.468186 0.056822
0.351393 0.332882 -2.527942
-0.493509 0.330598 1.284790
-0.467505 0.281108 -2.164961
-0.495434 0.329711 1.422677
0.337037 0.363031 -2.447399
0.408606 0.314446 -1.742113
0.495436 -0.113084 -1.759792
-0.065559 0.159976 -1.201601
-0.202531 -0.038226 -2.365391
0.134471 0.030094 -1.884616
0.492607 -0.150081 -1.426654
0.201705 -0.394838 -0.890877
0.337498 0.369522 -2.353007
0.477052 -0.081275 -1.580427
0.242956 0.453321 -2.986218
0.259625 0.458323 -2.888197
-0.220269 -0.048418 -2.903175
0.320889 -0.090730 1.772681
-0.139005 -0.104599 -1.266940
-0.223226 -0.016281 -2.223334
0.469893 -0.129213 -1.612596
0.470307 -0.074525 -1.633336
0.468602 0.335353 -1.681408
0.257082 0.430938 -2.916687
0.326214 0.442451 -2.751822
0.253465 0.460055 -3.044915
0.476362 0.316742 -1.503765
-0.343703 0.217493 1.296798
0.338038 0.348521 -2.561426
0.161099 -0.394930 0.525201
-0.193984 -0.259211 -0.874840
-0.062281 -0.379516 -0.360268
0.471236 -0.067173 -1.390228
0.262376 0.434717 -2.943874
-0.317202 -0.383111 -1.761237
0.312018 -0.086598 1.461710
0.337023 0.352338 -2.474549
0.346444 0.353688 -2.486398
-0.097224 -0.036922 -1.711983
-0.414080 0.465967 -0.903181
0.289007 -0.201225 1.185286
0.262620 0.448550 -2.855244
0.035970 -0.293435 -2.056764
-0.136583 -0.241313 -1.400426
-0.499656 0.316921 1.505702
0.338828 0.357482 -2.304970
-0.493153 0.324765 1.414748
-0.474693 0.337745 -2.381666
0.472609 -0.141484 -1.669785
0.256562 0.442522 -2.855032
-0.278315 0.057901 -2.136579
0.176538 -0.010535 -1.459834
0.125135 0.036967 -1.843485
0.321463 -0.194583 1.451807
0.239705 0.464829 -3.026982
-0.474930 0.470095 0.590335
0.458845 -0.081170 -1.497105
-0.119108 -0.115034 -1.124403
0.356506 0.363773 -2.394355
0.432692 0.318528 -1.891708
-0.035394 -0.160911 -0.560784
-0.477927 0.289385 -2.470023
0.328968 -0.071498 1.607421
0.351028 0.353889 -2.312188
0.489511 0.233890 -1.299213
0.245471 0.469501 -2.978726
0.144632 0.024985 -1.649562
0.178254 0.003034 -1.817714
-0.321210 -0.382833 -1.692491
-0.497036 0.498976 0.108542
0.346026 0.344023 -2.412332
-0.095157 -0.105036 -1.208776
-0.161759 -0.417496 1.394544
0.245600 0.461223 -3.004941
0.241287 0.450892 -2.827127
0.259072 0.401567 -2.854976
-0.484670 0.499257 -1.271865
-0.491635 0.289986 1.762832
-0.406820 0.472513 1.145141
-0.266712 0.058377 -2.818800
0.331665 0.346989 -2.550548
0.347334 0.340522 -2.564933
0.190350 0.231895 0.500065
-0.206159 -0.025825 -2.090881
0.269642 0.413593 -2.827203
0.348481 0.339505 -2.679367
-0.494212 0.479240 -2.564707
0.489550 -0.143719 -1.528697
0.259715 0.420941 -2.756455
0.352725 0.346742 -2.356910
0.353204 0.341970 -2.247081
-0.416996 0.479189 0.886346
-0.412926 0.462061 0.043042
-0.462244 0.486411 0.816410
0.241335 0.456381 -2.908445
0.317220 -0.278278 1.401177
0.488074 -0.128152 -1.545873
0.491994 -0.087560 -1.548377
0.312878 0.426651 -2.541753
0.459225 -0.069623 -1.666352
0.452014 0.302259 -1.792028
-0.212638 -0.026702 -2.428068
0.318411 -0.209566 1.614016
0.267233 -0.094940 2.284179
0.245126 0.445355 -3.030293
-0.225606 0.019845 0.804688
-0.428228 -0.347370 -1.292770
0.333984 0.360260 -2.401720
-0.498388 0.317487 1.828490
0.479656 -0.064649 -1.564820
0.243752 0.462521 3.101337
0.307995 -0.280772 1.427221
-0.158118 -0.053691 -0.742164
0.149649 -0.400232 0.301502
-0.063007 -0.077996 -1.803763
0.283787 -0.226101 0.864389
0.482857 -0.143206 -1.501215
-0.131510 -0.250346 -1.507625
0.485578 -0.142247 -1.844463
-0.040637 -0.290668 0.134472
0.332043 0.365507 -2.356321
0.458318 -0.079210 -1.403210
0.185290 -0.381924 0.370400
0.134937 -0.140943 -2.308503
0.382418 0.327939 -2.099321
0.262357 0.374061 -2.831912
0.075471 -0.300749 -1.928131
0.499917 -0.123608 -1.452955
0.245794 0.469004 -2.874311
-0.448768 0.494512 0.133550
-0.494829 0.483981 -0.628849
0.489241 -0.138174 -1.482225
0.456007 -0.086591 -1.478196
0.349742 0.342137 -2.683116
0.078632 -0.302765 -2.138948
0.466576 0.298621 -1.761344
-0.409414 0.472795 0.929385
0.352476 0.347274 -2.368057
-0.491204 0.329550 1.779166
0.494027 -0.387211 2.729745
0.459204 -0.080970 -1.625009
0.489745 -0.132829 -1.666568
0.238574 0.435512 -2.832198
0.477099 0.323357 -1.845499
0.500000 0.321998 -1.270814
-0.448945 0.488592 0.273970
0.246173 0.439522 2.974291
-0.480005 0.326024 1.384567
0.246657 0.455009 -2.854383
0.061681 -0.283160 -2.390342
0.344786 0.347660 -2.428673
-0.492881 0.323030 1.217719
-0.398122 0.471416 1.044335
0.075200 -0.278740 -2.206214
0.170568 0.005657 -1.534905
0.246550 0.474703 -3.068557
-0.455918 0.495892 0.326112
-0.209983 0.350269 2.577534
-0.497774 0.494496 -1.065699
0.348667 0.370809 -2.477421
0.199726 -0.375797 -1.318846
0.335715 0.371561 -2.175807
0.473600 0.311117 -1.681640
0.481167 -0.056593 -1.786022
0.084826 -0.223438 -2.255538
0.496401 -0.145381 -1.725885
0.251667 0.424429 -2.690836
0.259217 0.424876 -2.926260
0.057710 -0.290744 -2.057253
-0.102158 -0.087273 -1.973034
0.461953 -0.075516 -1.702937
0.242864 0.429392 3.063638
0.212119 -0.190780 -0.896327
-0.213833 -0.042757 0.181274
-0.446075 0.497419 0.508637
0.460186 -0.070306 -1.397225
0.288466 0.364080 -2.677688
-0.462171 0.478407 1.469059
0.242931 0.458203 -2.980679
0.459894 -0.088582 -1.618826
0.474061 -0.079400 -1.593727
-0.073602 -0.057861 -1.250414
0.391362 -0.027048 -1.981904
0.068116 -0.221598 -2.124626
0.094900 -0.292541 -2.225679
0.473345 -0.078995 -1.521505
0.167005 0.004704 -1.508258
-0.403877 0.461536 -0.600866
-0.492249 0.483565 -0.702953
0.348647 0.345700 -2.525602
0.346336 0.360874 -2.381898
0.227508 -0.013186 -1.689531
0.339169 0.369317 -2.763583
-0.038467 -0.185217 -0.819179
0.481505 -0.147280 -1.253126
0.295314 -0.194145 1.416100
0.268266 0.364724 -2.655223
0.262118 0.418767 -2.654836
0.199959 -0.015244 -1.572083
0.331123 -0.205376 1.224953
0.255182 0.435092 -2.838594
0.369166 -0.434170 1.852190
0.475895 -0.144108 -1.836112
-0.406280 0.471912 0.755660
-0.488177 0.334288 1.660496
0.337857 0.362685 -2.227544
0.494093 -0.142328 -1.529938
0.280904 0.371652 -2.603364
0.471150 0.296429 -1.735721
0.261246 0.437853 -2.950814
-0.145095 -0.081228 0.047590
-0.109077 -0.019355 -1.469572
-0.452705 0.493670 0.592973
-0.200432 -0.104088 -0.716651
0.360354 0.346581 -2.556326
0.492504 -0.131956 -1.617913
0.255135 0.453878 -2.814169
0.243737 0.459235 -3.096421
0.177342 -0.003213 -1.574053
0.375532 0.340116 -2.507927
-0.399114 0.478763 0.866048
0.483974 -0.104725 -1.709029
0.259055 0.454279 -3.043424
0.263827 0.390864 -2.643651
0.240088 0.451384 -2.937129
0.346833 0.361031 -2.352133
0.490131 -0.148272 -1.568276
0.251356 0.456691 -2.920402
-0.497218 0.492233 -1.177682
0.497233 -0.075520 -1.291596
-0.498967 0.322855 1.266399
-0.489429 0.486015 1.425804
0.477939 -0.060853 -1.468881
0.344700 0.358255 -2.178044
0.460102 -0.084087 -1.543890
0.255765 0.474710 -2.997654
0.488391 -0.146490 -1.648319
0.328137 0.422312 -2.999395
0.499458 -0.126879 -1.754839
-0.385671 0.469286 -0.147916
0.445007 -0.079179 -1.491714
0.343421 0.344004 -2.530620
0.324585 0.425727 -2.775128
0.462723 -0.070740 -1.575166
0.349265 0.357427 -2.406895
0.338718 0.351622 -2.174903
0.455264 0.313232 -1.896496
0.427156 0.325696 -1.855678
0.342162 0.331348 -2.571863
0.043484 -0.292317 -1.943242
-0.276238 0.063673 -2.779158
0.346702 0.342860 -2.421077
0.261895 0.452102 -2.947516
0.253000 0.438625 -2.855201
0.313432 -0.207359 1.253100
0.263297 0.465127 -3.023002
-0.221035 -0.038896 -2.280803
-0.246968 0.033585 -2.382970
-0.308088 -0.375576 -1.365673
-0.492945 0.488659 -1.067336
0.340028 0.355990 -2.340616
0.348949 0.348553 -2.370227
0.461636 0.335260 -1.691236
0.336086 0.351638 -2.757377
0.262590 0.386282 -2.467161
0.342178 0.350548 -2.538993
0.338473 0.447084 -2.578641
0.487586 0.300300 -1.640629
0.249774 0.437464 -3.038053
0.465297 -0.070388 -1.425361
0.495037 -0.145837 -1.377787
0.244074 0.446260 -3.064878
-0.131139 -0.382966 0.738166
-0.488761 0.329535 1.800853
-0.456220 0.495528 0.889355
0.363083 0.363678 -2.440292
0.473500 -0.142423 -1.459769
0.248761 0.466716 -2.921808
0.473409 -0.065518 -1.626458
0.446663 -0.076565 -1.409970
-0.106311 -0.089641 -1.803431
0.443957 0.198987 -2.073361
0.357776 0.352374 -2.553117
0.257034 0.459530 -3.076026
0.329468 0.328396 -2.530395
0.472814 0.307739 -1.682212
0.471253 -0.079641 -1.447779
0.456657 -0.072773 -1.616879
0.272947 0.379065 -2.552575
0.255610 0.465134 -2.841329
0.307212 -0.158352 1.628746
-0.226272 0.061839 -2.528553
-0.477514 0.297776 -2.513602
0.237207 0.451938 -3.130889
-0.488842 0.326908 1.504867
-0.180160 -0.231970 -0.784535
-0.447614 0.421341 0.781911
0.075716 -0.287657 0.759836
0.076099 -0.285450 -2.363435
0.256649 0.416302 -3.071561
0.262311 0.461993 -2.813058
-0.441972 0.486208 0.642459
-0.224352 -0.023572 -2.418859
0.368650 0.006252 -1.709444
0.244134 0.453961 -2.899891
0.259221 0.433917 -2.749581
0.349491 0.340047 -2.608509
0.337018 0.352981 -2.659019
0.458744 -0.087510 -1.528462
0.249537 0.434633 -2.756704
0.337937 0.374887 -2.265269
-0.296498 0.205343 1.955387
0.364735 0.345028 -2.420085
0.342752 0.372029 -2.317784
0.324362 -0.081808 1.905881
0.252257 0.445890 -2.785511
-0.117172 -0.098555 -1.670055
0.182632 -0.026574 -1.247017
0.274645 0.377840 -2.724450
0.415108 0.322754 -2.274680
0.338609 0.354947 -2.406252
-0.385204 0.329853 0.309082
0.270179 -0.221959 0.615963
0.337671 0.340224 -2.428825
-0.255179 0.360134 3.100686
0.330140 -0.078001 1.454172
0.475962 -0.134386 -1.610949
-0.494607 0.490833 -1.218335
0.341221 0.342051 -2.251749
0.351321 0.347992 -2.304102
0.353488 0.011846 -1.844459
-0.482388 0.321175 1.602118
0.280605 0.385736 -2.678769
-0.495097 0.315823 -2.644006
0.242914 0.448180 -3.083735
0.055910 -0.286353 -2.051899
0.332234 0.339575 -2.447103
0.251622 -0.266827 1.142363
0.466436 0.312228 -1.606733
-0.098695 0.159007 -0.939613
-0.398571 0.468292 0.118858
0.254480 0.465212 -2.937331
0.345996 0.335582 -2.575212
0.489916 -0.073996 -1.680704
0.465809 -0.071372 -1.613098
0.346599 0.346635 -2.649043
0.052668 -0.255892 2.620900
0.249270 0.422855 -2.911540
0.062762 -0.292059 -2.041519
-0.082466 -0.081417 -1.796687
0.480975 -0.135911 -1.656602
0.336825 0.340112 -2.391571
-0.482858 0.473034 2.451674
0.255285 0.429955 -2.930684
0.494425 -0.046184 -1.642961
0.337390 0.376032 -2.292103
0.242334 0.470822 -2.883772
-0.472443 0.489631 1.388834
