-0.078703 -0.201280 1.358384
0.016471 -0.495639 1.761811
0.468259 -0.128981 2.276134
-0.025074 -0.091557 2.332971
-0.126557 -0.288323 1.373065
-0.073921 -0.005230 1.548398
0.121882 0.245843 2.747336
0.295052 -0.467295 2.502710
0.270750 0.416480 1.991258
0.030374 0.490854 1.892578
0.326077 0.347577 3.017647
0.311781 0.033355 1.808984
-0.034857 -0.075947 2.496639
0.117927 0.363122 2.341884
0.179243 0.197518 2.816744
0.244275 0.349396 2.115645
-0.041315 -0.046010 1.404013
0.394892 -0.246894 2.122175
0.083777 0.191827 3.250796
-0.095797 -0.056871 1.823919
-0.003095 0.012326 2.189010
-0.088946 -0.277366 1.442962
0.415729 -0.103029 2.217050
-0.109040 -0.326063 1.584241
-0.084028 -0.277359 2.339976
0.129266 0.366118 2.722391
-0.027226 -0.162978 1.060042
-0.032176 -0.319787 1.986407
0.347428 -0.477365 2.863749
-0.119957 -0.114968 1.727939
-0.088882 -0.291496 2.689876
0.088212 0.245133 2.338822
-0.125082 0.022950 1.691489
0.111950 0.171349 2.629866
-0.093450 -0.171477 0.931581
0.178968 0.145361 2.178962
0.351361 0.312991 2.725355
0.024472 -0.151148 2.708200
0.320028 0.080487 2.667063
0.172936 0.300009 2.298182
0.184756 0.301698 2.273463
-0.126173 -0.439882 2.269691
0.126882 0.201640 2.721199
0.051118 0.030552 1.826148
-0.106308 -0.006944 1.665255
0.004043 -0.116164 1.625563
0.327006 -0.357543 2.274158
-0.344018 0.375055 2.967731
0.037856 -0.362291 1.196396
0.194972 0.328859 2.547916
-0.155792 0.255989 1.665623
0.285218 -0.431824 2.057877
0.243487 0.265883 2.591706
-0.043955 -0.164065 2.190227
0.289503 -0.461447 3.165317
0.075306 0.184865 2.988456
-0.088465 -0.024990 2.035109
0.253080 0.189466 2.602793
-0.101593 -0.466537 2.014369
0.361921 0.225882 3.037349
0.183079 0.423497 1.989329
-0.137216 -0.238873 1.575333
0.284001 0.174581 2.661985
-0.436546 -0.158490 1.545187
-0.036094 0.319012 1.988239
0.325034 0.386617 2.035778
-0.136515 -0.290556 1.982984
-0.467628 -0.121460 2.112885
-0.083903 -0.300637 1.616525
-0.059675 0.029775 2.877472
0.425872 -0.222497 1.108720
-0.168478 -0.234667 2.451084
0.015156 0.481235 2.489513
0.466647 -0.114491 2.269530
0.029408 -0.120086 2.284328
0.087465 0.195518 1.909300
-0.055389 -0.334181 2.349878
0.055271 0.014251 1.993372
-0.280959 0.400395 2.823706
0.307780 0.409426 2.890107
0.323125 0.479170 2.933916
-0.073829 -0.301110 1.347071
-0.121472 -0.251791 1.677595
0.168437 0.240709 2.367995
0.097317 0.257247 2.455677
0.171206 0.333757 3.088241
0.167843 0.282278 1.932591
-0.119525 -0.409556 2.044318
-0.103897 -0.235215 1.812932
-0.091242 -0.005828 1.561027
0.301686 -0.499109 3.188167
0.047375 0.418986 2.141989
-0.409351 0.417840 2.251113
-0.114997 -0.266224 1.629349
-0.182347 -0.264772 1.406997
0.306270 0.241507 2.306702
-0.378641 0.350898 2.822162
0.064617 0.230771 2.697744
0.286067 0.471407 1.697320
-0.130554 -0.046480 2.472100
-0.121626 -0.100140 2.164906
-0.477794 -0.037084 0.589553
0.123456 -0.197965 2.785743
-0.112448 -0.277020 1.940985
0.020501 -0.155133 1.401562
-0.161753 -0.409610 1.422541
-0.016590 -0.301746 2.157729
0.291870 -0.484551 1.972828
0.175101 0.180008 2.865556
0.036379 0.002270 1.811009
0.247414 0.079323 2.455621
0.082066 -0.356607 1.595031
-0.054514 0.054916 1.524409
0.080065 -0.081122 1.942443
0.302165 -0.478036 1.742752
0.040247 -0.095888 1.491074
-0.117946 -0.257232 1.257660
0.292393 0.341315 2.325782
0.055818 0.010626 1.856634
0.399387 -0.199664 1.368239
0.496441 -0.053661 1.192973
-0.107335 -0.167266 1.535800
-0.115991 -0.245022 2.161956
-0.095642 -0.289812 1.782291
-0.014515 -0.025809 3.141872
0.023213 0.292212 2.018635
-0.088861 -0.220427 1.255581
0.091803 0.258285 1.926394
0.025460 -0.409091 1.498275
-0.024632 0.014585 2.029546
0.238001 0.356186 2.427012
-0.085425 -0.189377 1.900810
-0.142524 -0.299494 1.653010
-0.082627 0.015074 2.106931
0.022155 0.383674 3.301486
0.203469 0.146456 2.446280
0.164026 0.417217 2.668789
-0.012631 0.250308 2.299411
0.290124 0.409482 2.442197
0.055704 0.015569 2.430226
-0.055733 -0.077861 2.425952
0.067602 -0.369398 0.901306
-0.182623 -0.342756 1.529708
0.346903 -0.473277 2.263060
-0.057971 -0.046848 2.024278
-0.041673 0.014015 1.709402
0.368992 0.465584 3.125796
0.059225 -0.397317 1.796925
-0.193042 -0.274671 1.446977
-0.137750 -0.057102 1.010930
0.024008 -0.002645 2.342982
0.078921 -0.374845 1.647322
0.125639 0.215539 2.952167
0.154882 0.232228 2.068326
0.295157 0.094257 2.744637
0.009675 -0.217488 1.397441
0.112047 0.274252 2.902966
0.023307 0.016260 1.799565
-0.178394 -0.306629 1.842957
-0.124416 -0.246467 1.589143
0.453251 -0.102984 1.517259
0.137886 0.231909 2.588952
0.303648 0.464008 2.979409
-0.118806 -0.377396 2.520349
0.115288 0.163875 2.325020
0.216893 0.096130 2.186384
0.042156 -0.302357 1.128513
0.009076 0.039289 1.812668
-0.493565 -0.111185 1.739760
0.045258 -0.023813 2.019369
-0.145658 -0.011527 1.154466
0.293609 0.371808 2.344507
-0.475796 0.350683 2.381762
-0.092995 0.014613 2.211896
-0.019702 0.275481 2.265582
0.107117 -0.320387 1.006830
0.458552 -0.145525 2.020369
0.047185 0.019435 1.264213
0.018940 -0.316580 1.887443
-0.373484 0.409231 2.740543
0.465306 -0.081654 2.230242
-0.499903 -0.080561 2.111518
-0.102588 -0.262009 1.993450
0.101078 -0.346218 1.678655
0.280727 0.308704 2.298042
0.044988 -0.115263 2.039552
-0.115970 0.272177 2.838364
-0.103798 -0.261458 1.663986
-0.062261 -0.051926 2.059843
0.112368 0.196079 2.289005
-0.080385 -0.148673 2.208612
-0.092176 -0.146792 1.519773
0.013802 -0.345357 1.643500
0.000849 -0.063543 1.743442
-0.107362 -0.001765 0.804351
-0.024840 -0.022929 1.813924
0.029889 -0.309886 1.195473
0.202283 0.382768 2.449827
0.112496 0.383297 2.364543
0.054744 -0.432893 1.212124
-0.496739 -0.068005 1.469547
-0.089305 -0.283765 1.776649
-0.102537 -0.312543 1.472887
-0.148912 -0.279943 2.092741
0.301627 -0.487265 2.564729
0.236920 0.326986 1.917350
0.042096 0.211979 3.036587
0.026507 0.312836 2.987641
-0.415334 0.412278 2.922854
0.177346 -0.187582 2.098809
0.091092 0.030387 2.015397
0.283032 0.307841 2.667360
0.397220 -0.498618 3.183696
0.286871 -0.463920 3.103249
0.304064 0.149846 3.441487
-0.486119 -0.035690 2.240928
0.477965 0.490192 2.345254
-0.127673 -0.395257 2.487338
-0.003772 -0.412567 0.571496
0.300218 0.492583 2.542299
-0.034970 -0.015171 2.147981
-0.159723 -0.281437 2.616927
0.439791 0.189756 2.222593
0.039147 -0.392807 0.644891
0.231514 0.087707 3.515683
0.117275 0.359303 2.554583
-0.094474 -0.296994 2.201279
-0.034351 0.387084 3.346148
0.000268 -0.323094 1.438459
-0.114992 0.287685 3.727442
0.011613 -0.317150 1.223182
0.290876 0.452954 2.362745
0.353151 0.421510 1.899227
0.263912 0.320367 2.645014
-0.393842 0.419429 0.575473
0.220249 0.337550 2.391031
0.325782 0.403142 2.900063
-0.100014 -0.171232 1.770012
-0.009863 -0.063930 1.881072
0.290565 0.131016 2.312538
-0.127180 -0.108060 1.697654
-0.061080 -0.150424 1.262646
-0.014059 -0.024067 1.301687
-0.109117 -0.463083 2.313725
-0.136485 -0.118724 1.729046
-0.111941 0.462511 1.296687
0.321522 0.048234 2.773483
0.390080 -0.230394 0.966575
-0.056580 -0.340545 1.795080
0.429611 -0.222517 2.081632
-0.092697 -0.143791 0.856871
0.003391 0.004362 2.162443
-0.143556 -0.325833 2.293284
0.096815 0.203508 2.883357
-0.020401 0.461948 2.131354
0.107457 0.256728 2.346119
0.142553 0.203636 2.878459
0.403256 -0.285799 2.455795
0.223996 -0.166030 2.116057
-0.117171 0.210109 2.774390
0.147827 0.319974 2.956823
0.080496 0.208161 2.384257
0.260726 -0.490140 2.560211
0.032256 0.359523 2.009801
0.052936 0.041962 1.768137
0.284090 0.415074 2.330157
0.310327 0.081340 2.695798
0.486383 -0.147992 2.434335
0.090594 0.322682 2.422086
0.286772 0.439558 2.426276
0.181267 0.194053 2.022550
-0.140638 -0.133937 2.264244
-0.093928 -0.265668 1.412145
0.205373 0.175485 2.436613
-0.134155 -0.052164 2.331795
0.283737 0.320652 2.542479
-0.132033 -0.035888 1.762739
0.266970 0.122199 2.431602
0.059268 -0.043416 1.337115
0.094839 0.331007 2.618620
0.443014 0.362347 2.460024
0.019062 0.396459 1.856745
0.023104 0.372301 2.638244
-0.303678 -0.331907 1.060240
0.053768 -0.019456 1.584778
0.328741 -0.219670 2.821550
0.429130 -0.270778 1.540934
0.371686 0.259756 3.179098
0.046836 -0.203339 2.947407
0.368338 -0.157952 1.772401
-0.018677 -0.293803 1.873045
-0.429155 0.311961 2.688311
-0.051285 0.129061 3.094551
0.274968 0.348948 1.713186
-0.446131 0.433514 3.052069
-0.063255 -0.305184 1.977252
0.064223 -0.434166 1.855725
-0.123687 -0.056205 1.658482
0.421442 -0.115202 1.719523
0.013974 0.350109 2.077421
0.054243 -0.401635 2.518406
-0.009551 0.071666 2.486764
-0.054863 -0.444754 1.842399
0.388983 -0.181851 2.289934
-0.111181 -0.131561 2.473909
0.473515 0.409366 2.331305
-0.167695 -0.303820 1.932452
-0.080105 -0.052895 2.316099
-0.017282 0.034597 2.143783
-0.063076 -0.315079 1.884560
-0.061902 -0.186379 1.700331
0.007273 0.068705 0.705113
-0.068021 -0.034296 1.906622
-0.472230 -0.131776 2.001939
0.091455 0.225822 1.550053
-0.062594 -0.028185 2.841351
-0.102957 -0.036816 1.646503
0.171582 0.334951 2.496415
-0.064889 -0.105085 2.360023
0.079320 -0.388522 2.313443
0.347560 0.392081 2.460103
0.033899 -0.424839 1.470517
0.147172 0.202792 2.097121
0.321311 -0.483386 2.778994
0.059394 0.492632 1.989860
-0.006248 -0.040215 1.745220
0.234619 -0.333020 0.559463
0.472557 -0.086810 2.128185
-0.037107 0.106399 2.043829
-0.156426 0.238083 2.687956
-0.440213 -0.105738 1.728564
0.081341 -0.360534 1.738588
0.005641 -0.035990 1.676048
-0.462625 -0.148717 2.291234
-0.033453 -0.075503 1.791015
0.326253 0.334549 2.563324
-0.413640 0.258310 2.820273
0.382278 -0.491834 2.775532
-0.167871 -0.197583 2.173776
0.070863 0.251967 2.817584
0.179355 0.383950 2.389251
-0.088349 0.043830 1.482729
0.017513 -0.074158 2.583477
-0.083825 0.302908 2.706682
0.139343 0.274130 2.800088
0.091791 -0.017761 1.867857
0.338173 0.435018 2.804656
0.340053 0.428264 2.359647
0.316487 -0.171500 2.201787
-0.112694 -0.249497 1.483447
0.420412 -0.296588 2.638399
-0.018709 0.307367 3.074415
-0.142915 -0.031917 1.929163
0.156257 0.227810 3.341792
0.048979 -0.057801 1.659548
-0.070455 0.015467 2.173743
0.309204 0.378438 3.314813
-0.097492 -0.122907 1.662567
-0.010695 -0.146599 1.899833
-0.096856 -0.428302 1.719496
0.019159 -0.297909 0.980920
0.182961 0.186495 3.505181
-0.083070 0.028088 1.716311
0.036877 0.312313 1.763821
-0.135727 0.058815 2.114104
0.218003 0.121977 2.051554
0.468688 -0.445329 1.911368
-0.064986 0.074061 2.396561
0.039088 -0.011409 1.975188
-0.056683 -0.342977 1.883766
-0.224568 0.365138 1.926641
-0.493693 -0.089014 1.329449
0.325624 0.468204 2.430507
-0.135542 -0.308024 1.572979
-0.119496 0.015098 1.698311
-0.033262 0.003960 1.870653
0.035949 0.033690 2.175042
0.266887 0.482548 2.536250
-0.313545 0.401081 2.956976
-0.040686 -0.010596 2.540849
-0.125487 -0.172820 0.603309
0.275130 0.359144 2.688068
0.005561 0.019429 1.968172
0.295928 -0.382977 0.709217
-0.058678 -0.273136 1.969231
0.282643 -0.152468 1.675577
0.057027 -0.081799 2.379830
0.106482 -0.017370 2.243140
0.070466 0.200231 2.334305
-0.079969 -0.037440 2.395270
0.297853 0.197722 2.122274
0.286506 0.495620 2.389524
0.311298 0.075199 2.326809
-0.202065 -0.258412 1.151338
0.001993 -0.014802 1.421705
0.236488 0.427725 1.938324
-0.053996 -0.068476 1.668595
-0.167557 -0.336701 1.958822
-0.016751 -0.176508 2.044900
0.101070 0.070891 1.763680
0.029824 -0.046511 1.518831
0.127298 0.207080 2.784733
0.279928 0.406442 1.834537
-0.445201 0.241325 3.614734
-0.141651 0.216713 3.151064
0.277731 -0.166809 2.672418
-0.040795 -0.036945 2.444462
0.113768 0.242237 1.955342
0.014782 -0.342021 1.157421
0.463975 -0.082583 2.074021
-0.114103 0.260623 2.798522
-0.156508 -0.428379 2.750056
-0.095149 -0.248085 2.326443
0.112063 0.288269 2.016853
0.337722 -0.225314 2.288035
-0.108641 -0.230868 0.802477
0.105579 0.199566 3.034426
-0.133149 0.029137 1.809827
-0.180176 -0.280429 2.271193
-0.010725 -0.076108 2.056934
-0.093481 -0.176748 1.611677
0.019776 0.282116 3.863919
0.292725 0.409687 2.512393
-0.082078 -0.286392 2.392121
0.332094 0.120463 2.496341
0.103456 -0.357703 1.138409
0.074525 0.166760 2.401560
0.069549 0.066056 1.846584
0.030043 -0.037672 1.679326
0.120165 0.203241 2.420878
-0.246224 -0.298873 2.400760
-0.164451 -0.426008 2.208405
0.044292 -0.055902 1.771935
0.121380 0.434670 2.464836
-0.199994 -0.245315 1.640820
-0.034422 -0.044182 1.707361
-0.071268 -0.440373 1.813253
0.018497 0.207628 1.921912
0.278319 0.378816 2.564111
-0.079347 -0.385505 2.289041
-0.014798 0.071153 1.509851
0.036473 -0.354277 0.985442
0.211004 0.193670 2.806150
-0.133175 -0.406812 1.969097
0.446203 -0.093176 2.014062
0.178656 0.211538 2.503107
0.238194 0.119050 2.648067
0.027282 -0.030073 1.562473
-0.066500 0.031846 2.119260
-0.299020 0.369997 2.681953
0.183824 0.150284 2.587661
-0.093096 -0.177210 1.121712
-0.000375 0.058732 1.333710
-0.119390 -0.231134 2.389879
0.131795 0.226625 3.259125
0.372766 -0.376807 1.690257
0.293828 0.307576 2.073425
0.315995 -0.242075 1.327731
0.309526 0.116202 3.331607
-0.113874 -0.210604 1.580821
0.193073 0.359346 2.389571
0.117604 -0.368822 0.846111
0.084534 0.200030 2.557132
0.257273 0.362853 2.444422
-0.047497 -0.406699 1.947871
0.343309 0.035743 3.227818
-0.077450 0.007078 2.072810
0.465942 -0.127502 1.843938
-0.100461 -0.489096 2.713991
-0.091871 -0.328924 1.572923
-0.466145 -0.114475 1.920861
-0.066672 -0.331933 1.275578
0.113379 0.260617 2.388458
-0.052299 0.024810 2.020950
-0.107885 -0.297862 2.501445
-0.147209 0.020493 1.764265
0.385771 0.453587 2.604255
-0.043292 0.437780 2.331116
-0.015352 -0.033495 3.117779
0.031769 0.044394 2.094779
0.049895 0.352512 1.288967
0.335103 -0.474145 2.409412
-0.075821 0.291102 1.969998
-0.119098 -0.091013 1.076518
-0.450223 0.434935 2.778492
0.369136 0.265408 2.565725
-0.332602 0.378877 2.321131
0.095598 0.272608 2.654445
-0.093090 -0.050579 2.332326
0.009287 0.084217 2.351158
-0.071298 0.012548 1.135100
-0.128306 -0.335525 2.726942
0.192624 0.175078 2.683992
-0.134534 0.260506 2.914620
0.144439 0.268074 2.966909
0.498482 0.359328 2.263810
0.321487 0.495988 2.097349
0.255117 0.370156 3.048337
0.374274 0.404513 2.729317
0.213049 0.145874 2.479192
-0.127666 0.013613 1.739509
0.424979 0.455743 2.237496
-0.178346 -0.354404 0.763529
-0.114345 0.028439 1.439386
0.000568 -0.181397 2.244387
-0.102286 -0.032170 1.991849
-0.023385 0.313477 2.783543
0.142259 0.281361 3.105730
0.186276 0.323423 2.737162
0.382808 0.298635 2.399502
-0.044187 0.008610 1.648957
-0.228512 -0.318082 0.965313
0.231675 0.171486 1.797924
-0.037468 -0.152637 2.651016
0.060028 -0.344680 1.415963
-0.446380 0.363496 1.848600
0.294373 -0.211063 2.639505
-0.109111 -0.038407 1.135529
0.317284 -0.189040 1.571856
0.288441 0.162080 3.667125
0.206816 0.371149 2.819526
0.064632 -0.067576 1.543229
0.307557 0.470309 2.079654
0.316646 -0.171275 1.965245
-0.067842 -0.272651 1.308230
-0.069959 -0.194332 1.731950
0.053329 0.335498 2.360212
-0.069450 -0.307345 2.394428
-0.073283 -0.487700 2.147031
0.178911 0.153318 2.963433
-0.155799 -0.019830 1.011406
0.182449 0.465617 2.812364
0.331951 -0.443533 3.070173
0.007110 -0.360178 1.614291
-0.202147 -0.261188 1.000528
0.138030 0.206151 2.218823
-0.066717 0.281218 2.097766
0.117772 0.242460 3.398831
0.109076 0.330097 2.509849
0.055713 -0.120508 2.201340
-0.160874 -0.294071 2.582874
0.218897 0.144586 3.011626
0.103159 0.199806 3.439248
0.197564 0.150319 1.747419
-0.054708 -0.430490 1.819805
-0.020290 -0.462763 1.780421
-0.113158 -0.221910 1.333710
-0.154124 -0.434876 2.570114
0.324487 0.395534 2.194513
0.090963 0.001620 1.956227
-0.022325 -0.032218 1.806760
0.261977 0.202041 2.094197
0.052927 -0.425114 0.876490
0.044317 -0.322739 1.792916
-0.490786 -0.192178 1.868939
-0.092198 -0.355912 1.387257
-0.034572 -0.214197 1.552879
0.020938 0.004433 1.948426
0.325440 0.440801 2.826398
0.060889 0.385488 1.880336
0.062120 -0.411255 2.348805
0.063692 0.386745 2.802513
0.300643 0.462788 2.904575
0.021272 -0.433936 2.420834
0.383280 -0.166323 2.431831
-0.173872 -0.257932 1.592151
-0.095853 0.276534 2.897209
0.014547 0.024921 2.718623
-0.082095 -0.235872 1.457956
-0.364847 0.404134 3.273548
0.215197 0.089159 2.072912
-0.120397 0.310490 3.272191
-0.094742 -0.004947 2.023198
0.023644 -0.351867 1.766287
-0.144185 -0.411593 2.923850
0.309732 -0.488951 2.330559
-0.100613 -0.276494 2.762242
0.204987 0.385149 2.022831
0.296778 0.370997 2.438002
0.021447 -0.028753 1.537554
0.023165 0.237602 1.813767
0.098487 -0.185775 2.502592
0.121028 0.167630 2.259160
-0.054302 -0.269213 1.923520
-0.465898 -0.078964 1.683993
-0.008677 0.297543 2.475616
0.119067 -0.376715 2.014468
0.275681 -0.479194 1.812459
0.038651 -0.067083 2.815864
-0.499928 -0.091065 2.092331
0.452806 -0.124977 2.761417
0.324323 0.035300 2.429700
0.356171 -0.308588 2.396180
-0.074424 -0.439872 2.160621
-0.118386 -0.411542 1.288338
0.483469 -0.471586 2.821954
-0.074419 -0.261519 2.001912
-0.466612 -0.211723 2.005658
0.322619 -0.198367 2.384488
-0.462329 -0.172569 2.285413
-0.116520 -0.427981 2.142363
-0.172670 0.032298 2.081013
0.012053 -0.060981 1.002279
0.139841 -0.383309 1.674259
-0.103737 -0.084009 2.261747
-0.414630 0.227072 2.724704
0.388666 0.408427 3.253055
-0.063598 0.424999 2.112953
-0.127277 -0.249050 2.106385
0.162718 -0.336471 2.113854
0.152520 0.179389 3.077869
-0.115655 0.027224 1.237776
0.273710 0.141484 2.357018
0.353648 -0.336012 2.869060
0.043318 0.048233 2.316444
-0.147570 -0.246716 1.643966
-0.017125 -0.346387 2.009972
0.228994 0.367833 2.419186
0.109661 0.318766 2.694978
-0.151023 -0.133671 1.531053
0.018023 -0.326580 1.745531
0.208369 0.333611 3.525710
-0.055735 -0.190001 1.675204
0.373168 -0.179432 1.364492
0.041816 -0.302728 1.656144
0.299819 -0.444499 2.260652
-0.088015 -0.060729 2.149164
0.069488 -0.064832 1.617259
0.072298 0.393223 2.635288
-0.099609 -0.255464 1.555119
-0.476866 -0.215241 2.039994
-0.040908 0.026505 2.164624
-0.026280 -0.036447 2.326443
0.295351 -0.208758 2.172994
-0.056908 0.000650 1.982527
0.078338 -0.181249 3.043608
-0.007040 -0.023673 1.580763
0.320609 -0.467057 2.297794
-0.006903 0.306606 2.248936
0.284212 -0.495381 1.668568
-0.153724 -0.117450 1.780645
-0.150115 -0.246529 2.083964
0.256508 0.208951 2.550976
0.405014 0.226672 1.956248
-0.214782 -0.306515 2.172671
-0.053625 0.037807 1.707796
0.327155 0.280050 2.157173
-0.473804 -0.146976 2.102490
0.239945 0.132946 2.690406
-0.468002 -0.192151 1.404966
0.268078 0.403814 2.029520
0.042735 -0.457706 1.676020
0.338654 0.280550 1.943907
0.082564 -0.046405 1.830004
-0.140888 -0.000846 2.128763
-0.386035 0.386376 2.645057
-0.096621 -0.105943 2.212984
0.331753 0.024455 1.533896
-0.012301 -0.069858 1.914817
0.238257 0.307523 2.672688
-0.078493 -0.388347 2.696697
-0.033081 -0.444244 1.323388
0.361809 0.062744 3.543083
0.411989 -0.147278 1.359589
-0.057316 -0.367747 1.842264
-0.113276 -0.036728 1.933341
0.488896 -0.452043 2.791464
0.179602 -0.211645 2.355006
-0.064236 0.231754 2.309731
0.194830 0.165179 2.179035
0.364466 0.304962 2.898330
-0.054450 -0.099029 1.987697
0.299186 0.446182 2.623770
0.027386 -0.418229 1.323159
0.368532 -0.466010 3.043065
0.369869 0.495369 2.199462
0.039097 0.031323 1.934301
-0.118467 0.277357 1.730709
0.020738 0.306850 2.241856
-0.426856 -0.095825 2.160157
-0.151240 0.039953 1.911559
0.386043 -0.271356 1.628507
0.098155 0.381492 3.025562
-0.034207 -0.026167 2.061029
-0.104414 0.027095 2.126367
0.354591 -0.411426 2.698549
0.423936 -0.087880 1.840185
-0.423003 0.470275 2.155102
0.355569 -0.469811 2.768018
0.026306 0.008918 2.798465
0.218294 0.141597 2.530940
-0.483202 -0.143222 2.522403
0.310235 0.417021 1.338450
0.402261 -0.158757 1.607508
-0.145198 -0.330440 1.686328
-0.056977 0.439998 1.666132
-0.128024 -0.385253 2.812404
0.076902 0.395225 2.008902
0.053002 0.062866 2.842776
0.287663 0.421234 2.283992
0.032847 -0.064829 1.668579
0.490492 -0.099034 1.630121
-0.003677 -0.142823 2.283602
-0.132497 0.010418 1.098443
-0.054150 -0.216870 2.270856
-0.074250 0.018662 1.143576
0.246106 0.340904 2.374843
0.047512 -0.296549 1.661523
-0.092656 -0.310484 2.688436
0.433256 -0.224781 2.612143
-0.122060 0.243886 2.318112
0.067103 0.370824 2.376671
0.358304 0.204112 3.287691
-0.147965 -0.259044 1.204317
0.026832 -0.277280 1.663531
0.440623 0.209493 2.061829
0.261823 0.481302 2.656065
-0.443826 -0.143267 1.371700
0.049965 -0.093627 2.139621
0.305995 0.399234 2.389697
-0.390171 0.369120 2.971663
0.023164 -0.001638 2.214325
-0.045809 -0.297944 1.917426
0.142896 0.143273 2.696000
0.081271 0.246109 3.249912
-0.187813 -0.315212 2.289434
0.381245 -0.429061 1.809450
0.108401 -0.025404 2.322842
0.084968 0.058655 2.538236
-0.040345 -0.196804 0.977212
0.132428 0.226071 2.601300
-0.041833 -0.078842 1.494964
0.002573 0.005501 1.644552
0.465218 -0.124980 1.917896
0.358972 -0.406371 2.714148
0.072384 0.237411 3.284830
0.018760 -0.349356 1.929046
0.205858 -0.138057 1.733389
0.406797 -0.117421 1.651340
-0.192108 -0.264855 0.400248
-0.069595 -0.038497 2.354049
-0.266402 0.379252 2.625858
-0.043652 -0.160066 2.304263
-0.120786 -0.469255 2.794053
0.328458 0.407328 2.520312
0.142152 0.217573 2.190879
0.330817 0.453175 2.125747
0.157618 0.434547 2.889624
0.207844 0.359103 2.387559
-0.062646 -0.197865 1.252398
-0.046904 -0.102983 2.254749
-0.056074 0.030899 2.481746
0.067331 -0.357751 1.274906
0.265964 0.374587 3.652435
0.013475 -0.482619 2.893773
-0.124080 0.002404 1.614654
0.145656 0.268642 2.515052
0.058743 0.047341 1.698827
0.034595 -0.358831 2.081086
-0.140099 -0.024599 1.800487
0.260014 0.399361 2.751439
0.313409 0.477134 2.571475
-0.172079 -0.276830 1.866823
-0.060297 -0.261863 1.645719
0.192986 0.368144 2.459657
0.042563 -0.407226 1.327186
0.092243 0.231289 2.303850
0.452451 -0.104828 2.008709
0.269684 -0.214353 1.733133
0.307950 0.076616 2.711301
0.405001 -0.234094 1.447894
-0.361179 0.413086 2.364986
-0.041605 -0.050274 1.812173
-0.118280 -0.333548 2.553505
0.259899 0.270582 2.374268
-0.170991 -0.220875 2.436645
-0.019719 -0.350652 2.056819
-0.027994 -0.170470 2.440031
0.227936 0.084217 2.275241
-0.120647 -0.266190 2.337303
-0.094558 0.281710 2.738743
0.088943 0.370324 2.295961
-0.171003 -0.305118 1.910680
0.470002 -0.132807 1.813963
-0.015198 -0.103271 1.887392
-0.005797 0.013588 1.846815
-0.156565 -0.314456 1.249352
-0.486123 -0.150629 1.884713
-0.038437 -0.091377 1.562094
-0.083750 -0.475168 2.326859
0.086907 0.368470 2.743162
0.087432 -0.338976 1.619085
-0.016081 -0.155806 1.822676
-0.028921 -0.116454 2.153183
-0.066670 -0.164033 1.498721
0.002805 -0.052042 2.572894
-0.050587 -0.321112 2.354012
-0.091110 0.223250 2.917283
-0.351817 0.408009 3.347083
-0.122223 0.250545 3.340673
0.051901 0.017895 1.546847
0.130932 0.199677 3.080216
-0.138225 -0.008606 1.510572
-0.058960 -0.131216 1.697672
0.159934 0.173784 1.536966
0.066017 0.381160 2.491912
0.106903 0.360565 2.395796
0.336615 -0.184767 2.190079
-0.052742 -0.135747 2.179513
-0.181355 -0.449909 2.503772
-0.047301 -0.355982 0.691756
-0.158603 -0.432416 1.576924
0.318100 -0.219123 1.869531
-0.450065 -0.127766 1.952073
0.335191 -0.444731 2.383772
-0.072225 -0.159636 1.449725
0.185278 0.190308 2.648466
-0.023709 -0.304206 1.366688
-0.083763 0.040228 2.108943
0.012273 -0.044300 2.327534
0.261484 0.499805 2.795967
0.351702 0.070530 2.280343
-0.117588 -0.043895 2.355174
-0.071687 0.320105 2.536799
0.055087 0.411455 2.649958
-0.014992 -0.385888 1.743712
0.330081 -0.152039 2.294692
0.003322 0.069301 2.333204
-0.090500 -0.090102 1.946548
0.149488 0.164545 2.184207
-0.019159 0.497430 1.254572
-0.211991 -0.311348 1.597374
-0.128623 -0.321880 2.215306
-0.004034 -0.014148 1.799666
0.421802 -0.221013 2.096983
0.088542 0.235135 2.012624
0.301938 0.403131 1.474991
-0.158383 -0.383855 1.592026
-0.193756 -0.302130 2.135323
-0.107682 -0.138146 1.743948
-0.151703 -0.404669 2.176052
0.282674 0.332539 1.672765
0.329066 0.398817 1.930213
-0.129000 0.001233 1.846856
-0.053772 -0.269907 1.989291
0.055760 -0.315721 1.251464
-0.076924 0.065584 1.745151
0.417837 -0.259603 1.554397
-0.137051 -0.258532 1.342753
0.292551 0.293530 2.168225
-0.498236 0.367049 2.063153
-0.086768 -0.080797 2.116812
-0.027148 -0.007588 2.697614
0.184050 0.379230 2.244180
0.378540 0.037001 3.269400
-0.080342 0.460092 2.089888
-0.185825 -0.344844 2.845490
-0.115350 0.293988 1.826496
0.025526 -0.018082 1.531484
0.180657 0.317858 2.265895
0.071084 0.021916 1.924066
0.349410 -0.186132 2.264363
-0.007432 -0.449950 1.237899
0.217834 0.204811 3.159458
0.039712 0.459505 1.949017
0.350568 0.257712 2.934136
0.006173 -0.309311 1.884320
0.281813 0.462216 2.368978
0.017928 -0.132034 2.378354
-0.043687 -0.330835 2.276729
0.277521 0.191137 2.712382
-0.158584 -0.005142 1.888888
0.040984 0.020716 1.638460
0.300640 0.061947 2.951547
0.262155 0.306108 2.035701
0.039341 -0.462926 1.961445
0.085675 0.415476 2.646268
0.124320 0.226323 1.899588
0.373847 -0.494863 1.867321
0.018530 -0.033633 1.975367
0.132626 -0.223200 1.947604
-0.117205 -0.069890 2.966872
0.328020 -0.139092 2.051880
-0.050415 -0.465091 2.336502
0.318465 0.374535 2.722283
-0.179806 -0.282800 1.901875
0.005053 0.328161 1.679340
0.461036 -0.127073 1.075677
0.347027 0.405735 2.930273
0.125161 0.297026 1.983809
-0.429634 -0.180541 1.537544
-0.115862 -0.324093 2.148178
0.338818 0.065746 2.645692
0.283500 0.244805 1.965548
-0.029056 -0.031305 1.206535
0.159704 -0.009870 1.169104
-0.067858 -0.338601 2.385971
-0.076913 -0.125475 2.236197
0.283699 -0.492500 2.691409
0.415513 0.399801 1.296815
