0.293489 0.040139 2.542247
0.086126 -0.335107 1.513235
0.204252 -0.292274 2.332423
0.438152 -0.384025 1.513722
0.202139 -0.127110 1.533099
0.352730 0.145374 1.516380
0.179918 0.251956 1.993826
0.158183 -0.448845 2.429815
0.169395 -0.394108 1.978178
0.121444 0.454465 2.176571
0.042066 -0.172718 2.049249
0.100262 -0.349367 2.161891
0.073335 -0.036721 2.807671
0.085651 0.345106 2.691055
0.106209 -0.130954 2.422879
0.225540 0.017330 2.869192
-0.145085 -0.237638 1.479428
-0.431352 0.247672 2.454469
0.106468 -0.220995 2.884697
-0.005806 0.436236 2.003513
0.375020 0.289395 1.566890
-0.311988 -0.102440 2.363430
-0.047520 -0.419604 1.945873
0.191403 -0.264950 2.412144
0.157989 -0.076232 2.891641
0.082089 -0.047966 3.142099
0.250808 0.054565 2.475434
0.273957 -0.279516 1.775627
-0.049773 -0.042074 2.007367
-0.117521 -0.172325 2.284302
0.216160 -0.141627 2.171629
0.144893 -0.387826 1.872717
-0.073298 0.323171 3.142003
0.465279 -0.103859 4.601903
0.420738 0.152861 1.472230
0.150459 -0.109408 1.482534
0.286986 -0.140476 2.047766
0.078575 -0.104671 2.636970
-0.009756 -0.377598 1.874692
0.104603 -0.139430 3.063606
0.075826 -0.116952 2.200915
0.226225 -0.264078 2.623429
0.095197 -0.087623 1.987725
-0.377523 -0.184069 3.200631
0.049470 -0.048785 1.949918
-0.045173 0.310596 2.863032
0.208996 -0.455977 1.903742
0.235585 -0.336611 2.157743
0.182092 -0.369947 2.055807
-0.047232 -0.178243 2.287088
-0.002206 -0.329120 2.088851
0.026986 0.241112 2.481602
-0.430535 0.349469 1.530451
-0.115491 -0.058862 1.615844
-0.129369 -0.055660 1.165056
0.104367 -0.155418 1.719384
-0.126661 -0.125356 1.853388
0.149557 -0.108118 2.467098
0.169290 -0.316966 2.233156
-0.047958 -0.323364 1.289623
0.091871 -0.079341 2.841349
-0.380284 0.296156 3.055349
-0.187738 -0.381816 2.216144
-0.262659 0.383556 1.964336
0.091816 -0.494507 1.645698
0.069633 -0.085533 1.883673
-0.389105 0.278776 2.943776
0.353550 -0.304306 2.112082
0.001594 -0.262582 2.510719
-0.083780 -0.128453 1.598273
-0.437493 -0.115544 2.880835
-0.062428 -0.267340 3.119661
0.261506 -0.279936 1.990079
0.378579 -0.248774 2.279390
0.065565 -0.460059 2.152571
0.109361 -0.103532 2.134348
0.241957 -0.167427 1.719739
0.025700 -0.163996 2.178845
0.195631 -0.250392 1.847782
0.066062 -0.062214 2.719943
0.104847 -0.335294 2.030046
0.148396 -0.067270 1.904767
0.483499 0.298352 2.520659
0.158238 -0.110103 1.873017
-0.394580 0.249419 2.673740
0.079528 -0.011445 3.235379
-0.015392 -0.165517 2.413619
0.016870 -0.275531 3.213667
0.139037 -0.232645 2.185831
0.440559 0.323225 1.736344
0.068641 -0.078043 2.027555
0.290845 -0.000910 1.243778
0.186594 -0.128043 1.477729
-0.190909 -0.481153 3.055260
-0.449789 0.370576 1.155317
0.105346 -0.166688 2.985934
0.168069 -0.340441 1.710130
-0.124883 -0.230905 2.257521
0.213559 -0.426885 1.968807
0.095782 -0.141680 2.039078
0.033377 -0.091300 1.777561
-0.036665 -0.278123 2.133851
0.252334 -0.081487 2.434943
0.454308 0.304124 1.341564
-0.067525 -0.175280 1.964440
0.217787 -0.180820 1.809197
0.108077 -0.347334 2.373362
-0.087136 -0.141138 1.774633
0.059340 -0.216157 2.202738
0.289656 -0.119023 2.008624
0.147145 -0.101147 2.132782
0.285798 -0.215567 1.896904
-0.006439 -0.036316 1.512752
-0.009901 -0.136117 2.712597
0.218187 -0.337549 1.741679
0.372910 0.133832 1.592675
-0.099812 -0.212365 1.711809
0.066818 -0.116037 2.051909
0.006638 -0.271272 2.134585
0.355121 0.026863 2.656701
0.104170 0.153519 2.462726
0.268289 0.418984 2.098461
0.016316 -0.218907 2.923559
0.156841 -0.277373 2.285530
-0.129985 -0.165090 1.711297
-0.381462 -0.134566 3.148188
-0.087440 -0.202310 1.393706
-0.081859 -0.200881 1.451260
0.303859 -0.293160 1.529224
-0.116636 -0.249393 2.176122
-0.454004 -0.111038 2.033426
0.011068 -0.231431 3.010499
0.168713 -0.061710 2.857774
-0.132016 -0.167307 2.215363
0.210185 -0.385372 1.895355
0.050126 -0.266512 2.321804
-0.061759 -0.292929 2.167978
-0.029414 -0.109620 2.722782
-0.086138 -0.203514 2.342862
-0.083672 -0.188697 2.289473
0.349571 0.268989 1.004337
0.328016 0.166041 0.938466
0.216968 -0.095300 3.025593
0.111710 -0.254051 2.974074
0.300526 -0.000294 2.221985
-0.439273 0.300605 2.240031
0.018531 0.240984 2.239184
0.251678 -0.162550 1.887825
0.169407 -0.031756 2.018959
0.143807 -0.034424 2.952341
-0.042955 -0.153650 1.667024
0.137958 -0.338238 2.571115
0.478192 0.336530 1.565177
-0.066808 -0.242224 2.364776
0.304802 -0.151159 1.893148
0.248430 -0.164693 1.784893
0.005706 -0.209981 2.542512
0.049890 -0.047683 2.438011
-0.013330 -0.289773 2.440884
0.436654 -0.348394 2.825395
-0.387940 0.366522 2.122874
0.130294 0.024533 1.579297
-0.096667 -0.215374 2.397558
0.209154 -0.286420 1.697877
-0.101599 -0.209026 1.771871
-0.078436 -0.357453 2.826762
0.255878 0.024853 1.738999
0.071726 -0.042606 1.656199
0.303294 -0.200723 1.104295
0.142197 -0.175028 2.170218
0.193479 -0.358848 2.074805
-0.002721 -0.260686 3.315592
0.268177 -0.140835 2.486451
0.212300 -0.349077 1.130881
-0.383119 -0.153266 2.394932
0.114730 -0.316601 2.847334
-0.376243 0.344679 1.297154
-0.392099 -0.181329 2.887071
-0.078950 -0.402258 2.458861
0.147903 0.485170 2.467294
-0.384452 0.321402 1.939023
0.302653 -0.206943 1.260801
0.333165 0.040168 2.111857
0.308167 -0.136089 2.252926
-0.035813 -0.192907 2.433521
-0.133771 -0.151593 2.003052
0.120052 -0.472703 2.680992
0.046132 -0.160360 2.216379
0.492696 0.374683 1.754322
0.385539 0.305250 1.572007
0.264867 -0.059937 2.491957
-0.073900 -0.255356 2.557028
-0.366447 0.328416 2.598359
0.054076 -0.124545 2.430107
-0.039001 -0.127886 2.975085
-0.132103 -0.168331 3.204881
0.397097 0.230547 1.473157
0.088842 -0.087997 2.766218
0.122035 -0.046867 2.107210
0.156845 -0.406253 3.502395
-0.048549 -0.306070 3.122490
0.154020 -0.373621 2.206988
-0.471860 0.279648 2.023780
0.286853 0.030599 2.943234
0.110910 -0.338496 2.357145
0.154247 -0.130061 2.038692
0.098662 -0.018319 2.768289
-0.398834 -0.122942 3.165490
0.061495 -0.196913 1.453311
0.136197 0.494209 2.071841
-0.044939 -0.134159 3.032668
0.233920 0.038342 2.052852
0.101616 -0.403920 1.905357
-0.021981 -0.132116 1.506997
0.070162 -0.317617 3.019833
-0.005207 -0.330024 2.151770
0.109162 -0.123339 2.737038
0.202602 -0.337523 2.958088
0.115499 -0.443174 2.443445
0.121951 -0.051105 2.461483
0.045396 -0.106412 3.378907
0.391934 0.243937 1.829841
0.122770 -0.411478 2.180744
0.147734 -0.290289 1.973551
-0.066150 -0.181207 2.779177
-0.040457 -0.143088 2.758062
0.245186 -0.145060 2.251848
0.176266 -0.366639 2.897376
0.084229 -0.313053 2.300047
-0.447486 0.245315 2.706718
0.035958 -0.265846 2.153706
0.185848 -0.328006 1.885428
-0.185729 -0.107278 2.943535
0.089109 -0.231253 1.729557
0.234697 -0.136826 2.142939
0.222330 0.024070 1.731298
-0.453632 -0.232258 3.214133
-0.436285 0.240784 3.275222
-0.400629 0.383312 2.099142
0.247346 -0.197930 2.673547
-0.211341 0.427602 2.000618
-0.188625 -0.328344 2.342001
0.499301 0.312415 2.282860
0.119761 -0.412192 1.699134
0.046068 -0.105895 2.469499
0.225954 -0.211084 1.003262
0.273370 -0.210235 2.739342
0.111648 -0.306633 1.649057
0.115291 -0.185816 2.958312
0.076119 -0.388351 1.003587
0.297584 0.185912 0.643583
-0.490488 0.307536 1.723854
0.201408 -0.196149 2.449360
0.286275 -0.266044 2.214923
0.240244 -0.318425 1.632558
0.167864 0.007536 0.995940
0.157587 -0.083507 2.562993
0.190770 0.293549 2.175236
0.187582 -0.105531 2.047807
0.145244 -0.384734 1.384244
0.114690 -0.377279 1.571120
0.100143 -0.172636 1.989862
-0.435158 -0.186433 2.266556
0.156331 -0.447509 2.208507
-0.004443 0.072160 1.753761
0.349584 -0.299063 1.657139
0.223749 -0.130261 2.404332
0.358863 0.056643 2.687125
-0.058348 -0.174918 1.697459
0.099359 -0.159175 1.423868
-0.096774 -0.292489 1.655239
-0.453078 0.272125 2.136449
-0.149162 -0.333562 1.930983
0.294006 -0.001201 2.089355
0.026669 -0.205350 2.953659
0.123627 -0.053927 2.900746
0.138567 -0.466808 2.889430
0.000159 -0.332722 2.585108
0.020694 -0.122788 2.058376
0.151407 -0.466265 2.609606
0.092052 -0.298693 2.558311
-0.456087 -0.406913 5.637264
-0.072836 -0.173688 3.350362
0.287384 0.009695 2.111978
-0.459578 0.303267 1.665726
0.139308 0.483640 2.477285
0.151687 -0.132370 2.280574
-0.026469 -0.298897 1.820005
0.077437 -0.252654 2.196480
0.187806 -0.347221 2.600386
0.200929 -0.085027 1.510750
0.056634 -0.350598 1.761870
0.157686 -0.441201 2.582615
0.111905 -0.173890 2.639234
-0.193248 -0.410278 3.053022
0.077172 -0.261805 3.037349
0.280169 -0.231169 2.057576
-0.026345 -0.195015 3.140638
0.122930 -0.340479 1.787467
0.134181 0.322833 0.999485
0.098390 -0.345023 2.225419
0.011231 -0.131045 2.376489
0.198518 -0.294163 2.062070
0.062112 0.270357 1.270336
0.483187 0.289429 1.032341
0.068096 -0.278413 1.545314
0.298117 -0.135881 2.324755
0.091652 -0.042186 1.637795
-0.092647 -0.290569 1.583908
0.108996 -0.240978 2.059602
0.060526 -0.248004 1.925942
0.066875 -0.129304 1.921023
0.078788 -0.102930 2.529818
-0.019782 -0.453297 1.693269
0.114245 -0.116930 2.025902
-0.484542 0.248797 1.742743
-0.405110 0.340303 1.888417
-0.043685 -0.279528 2.141058
-0.058103 -0.114681 3.030569
-0.226478 0.487792 1.653882
-0.021079 -0.205640 1.823390
0.239745 -0.235571 1.674341
-0.451694 0.283249 2.842509
-0.411891 0.349894 1.997191
0.179507 -0.381056 2.115666
0.223819 0.044689 2.672631
-0.376509 0.367337 2.200908
0.212412 -0.181945 1.451099
0.352170 -0.297249 2.031870
0.146359 -0.350384 2.802848
-0.446050 -0.136504 3.017916
0.161828 -0.314958 1.219556
-0.105120 -0.148719 2.801397
0.219759 -0.219606 1.235596
-0.195705 -0.411392 3.294033
0.005457 -0.302963 1.472382
0.163019 -0.375980 2.537647
0.165311 -0.322584 3.342744
0.094135 -0.079857 2.457783
0.084878 -0.227545 1.923406
-0.060095 -0.047955 2.830284
0.052339 -0.074443 2.817102
0.021441 -0.316365 2.873975
-0.445552 -0.109507 3.269360
-0.046275 -0.485654 2.273051
0.108252 -0.274908 2.049556
0.055312 -0.233766 1.713242
-0.103214 -0.189455 2.316132
0.146568 -0.264620 2.054444
0.079704 -0.238498 1.933943
0.075383 -0.361723 1.370414
0.282364 -0.295256 2.235594
-0.474874 0.300773 2.037202
-0.130767 -0.308139 1.950202
-0.036981 -0.239761 1.434913
-0.099083 -0.205859 2.277393
0.154973 -0.080323 2.146249
0.058351 -0.073453 2.446207
-0.482158 0.319834 1.582802
0.247032 -0.210274 1.735222
0.007065 -0.308512 2.006942
0.025964 -0.281709 2.529920
0.150794 -0.405527 2.163137
0.074612 0.485653 2.078102
-0.366793 -0.155728 2.086100
0.146371 -0.343933 2.328534
-0.045864 -0.408348 2.233481
0.160002 -0.413225 1.713065
0.105132 -0.457452 1.602299
0.210212 -0.166680 1.955404
0.105881 -0.319484 2.742280
0.308632 -0.200623 2.009175
0.185059 -0.295427 2.028585
-0.370672 -0.123110 2.376273
-0.457812 -0.085510 3.174389
-0.113985 -0.134191 2.430091
0.021108 -0.145922 2.655783
0.339308 -0.291574 2.719553
0.120336 -0.391771 2.775130
-0.131806 -0.231163 1.467215
0.395336 0.306830 0.803299
0.242032 -0.050526 1.540002
-0.112287 -0.162730 2.388400
-0.121344 -0.422583 2.094563
0.322889 0.018898 2.546941
0.028837 -0.252527 1.401744
0.079397 -0.118223 2.651436
-0.010559 -0.286980 2.891352
-0.014120 -0.162707 2.568104
0.203815 -0.324576 2.276114
0.027009 -0.303625 1.960520
0.157815 -0.403268 2.351831
0.264178 -0.154734 2.819685
-0.416697 0.259250 2.860458
-0.087294 -0.066092 1.242651
0.201003 0.295620 1.784456
-0.045595 -0.463542 2.369489
0.239145 -0.015993 2.599544
0.055853 -0.192029 2.471554
0.048554 -0.086156 2.201859
-0.097809 -0.158381 1.212437
0.055901 -0.221749 2.576821
-0.021931 -0.278838 2.621126
0.158236 -0.312554 2.152917
-0.338244 -0.152895 2.000682
0.234838 -0.382695 2.834146
-0.032457 -0.249456 2.488371
-0.141185 -0.196616 2.522948
0.282356 -0.170152 2.059371
0.241336 -0.326667 2.546724
0.178655 -0.436438 2.590324
0.159024 -0.391498 1.870668
0.098638 -0.320059 2.130130
0.109825 -0.047625 2.726359
0.381544 0.013400 3.409433
0.086598 -0.228091 2.889140
0.150495 -0.490182 2.831588
-0.021348 -0.227536 2.430149
0.237330 -0.007583 3.058907
0.211810 0.125742 1.732132
0.124289 -0.096812 2.632976
0.297384 -0.312534 1.423280
0.455309 0.132790 1.267269
0.126309 -0.145392 2.311402
-0.076759 -0.334820 2.347035
0.172006 -0.130230 0.978434
-0.091840 -0.303797 2.161941
0.081321 -0.100806 2.682077
0.166784 -0.341994 1.555365
-0.022544 -0.243452 1.579961
-0.110739 -0.260928 2.616290
0.256925 -0.110383 2.018308
-0.031496 -0.294041 2.815604
-0.120553 -0.156323 2.515040
0.074819 -0.046023 2.265909
-0.036771 -0.118953 2.123167
0.152666 -0.326942 2.139712
-0.005139 -0.211118 1.571793
0.133913 -0.494252 2.741093
-0.006626 -0.325278 2.680025
-0.117716 -0.269479 1.613934
0.158791 -0.122271 1.505426
0.023041 -0.189443 1.575001
0.036877 -0.276224 2.345811
0.068609 -0.273618 2.177400
-0.053845 -0.261212 2.194160
0.003654 -0.299657 2.277173
-0.014377 -0.158541 2.413203
-0.029300 -0.204931 1.519279
0.200553 -0.338095 2.889580
0.095781 -0.176495 1.959635
0.484354 0.323833 1.852298
0.124170 -0.421111 2.518427
-0.457584 0.310821 2.076089
0.107759 -0.245217 2.214869
-0.146810 -0.083278 2.206049
0.034698 -0.184572 2.617414
-0.302065 -0.096188 5.591676
0.023145 -0.341988 1.664126
-0.080805 -0.258796 1.996377
0.136197 -0.139846 1.927154
0.127675 -0.395989 2.035321
0.060530 -0.105283 2.527829
0.073186 -0.272403 1.458274
0.167205 -0.198069 1.543177
0.074614 -0.408887 2.272223
0.054663 -0.078867 2.540857
0.094214 -0.295284 2.205076
0.190459 -0.325985 2.996727
0.177464 -0.123163 2.312839
0.130703 -0.415280 1.460114
-0.020152 -0.269559 2.970297
0.125663 -0.113327 2.463372
0.076389 -0.028391 2.514530
-0.037772 -0.219584 2.543548
-0.403482 -0.140450 3.074695
-0.046386 -0.268028 1.688985
0.298573 0.060257 1.735376
-0.429119 0.378451 1.441237
0.096100 -0.373766 1.179120
0.121097 0.310229 1.806722
-0.016857 -0.049270 1.912662
0.303354 -0.269215 1.707162
-0.403859 0.316268 2.502773
0.096302 -0.290956 2.348430
0.062557 -0.375647 2.554428
0.157237 -0.252175 1.490830
-0.164840 -0.302425 2.298295
-0.090385 -0.173514 2.602717
0.084336 -0.101796 2.230917
-0.061845 -0.159909 2.318769
0.210374 -0.201340 2.602831
0.024211 -0.183164 2.128802
0.127798 -0.427477 2.228125
0.079601 -0.093122 3.208338
0.069859 -0.236602 2.600694
0.492531 0.183697 3.045950
-0.109002 -0.176293 2.097641
-0.113850 -0.174313 2.070736
0.141400 -0.495172 2.159807
-0.383391 -0.179277 2.641620
-0.077417 -0.165800 2.959269
0.040138 -0.243218 3.035005
0.161410 -0.420680 1.914090
0.470804 0.302516 0.736589
-0.171856 -0.157765 2.123377
-0.420850 -0.125801 2.573717
0.197718 0.042335 1.450499
-0.051280 -0.282634 1.556169
0.070437 -0.238757 2.223756
-0.419712 0.350446 1.874329
0.053064 -0.162796 1.802631
-0.071692 -0.364755 2.741631
-0.417064 0.382985 2.587949
0.244089 -0.165283 2.209777
0.053825 -0.283509 1.748452
-0.066281 -0.381509 2.014547
0.431868 0.234721 1.638936
0.321655 -0.181184 2.194826
0.179926 -0.297063 1.888743
0.176807 0.049585 0.782235
-0.023252 0.195193 2.448482
0.112839 -0.059784 2.128698
0.246318 -0.236529 2.245570
0.163080 -0.139936 2.751601
-0.082632 -0.216822 2.188981
0.017961 -0.162034 1.828242
0.273244 -0.217605 2.537030
0.204177 -0.353213 1.941585
0.066159 -0.233933 2.020141
-0.163538 -0.396229 1.630152
0.085681 -0.088743 2.299586
0.117415 -0.300205 2.737533
0.177013 -0.374540 2.554026
-0.197701 -0.363659 2.777202
-0.016387 -0.249851 2.652261
0.118025 0.288930 1.251271
0.056863 -0.062445 2.461841
-0.137084 -0.310190 2.254781
0.177728 -0.108645 3.274955
0.061675 0.382048 2.924824
0.289873 -0.104765 2.306926
0.012744 -0.188803 2.628362
0.060794 -0.249286 2.606465
0.127585 -0.355864 1.822583
0.095163 -0.311965 2.035869
0.069129 -0.196883 2.946285
0.270577 -0.115570 2.068771
0.265272 0.107757 0.678657
0.136076 0.478835 2.088875
0.079832 -0.106041 2.912533
0.212866 -0.006951 2.231427
0.072920 -0.275606 1.809470
0.202487 -0.289418 1.869749
0.198398 0.432985 2.540969
0.078717 -0.336166 2.925181
0.371713 0.095370 2.573868
0.042832 -0.089177 2.164166
0.110784 -0.060894 2.109937
-0.102018 -0.204674 2.435947
0.139145 -0.405029 2.713056
0.171815 -0.472057 1.475175
-0.361259 -0.177747 2.742025
0.275461 -0.190701 2.088745
0.155999 -0.455007 1.972492
0.227174 -0.022851 2.602214
0.186820 0.459333 2.714775
-0.184468 -0.454664 2.819816
0.067134 -0.262302 2.051496
0.133505 -0.218963 3.073878
-0.068216 -0.315301 2.309859
0.114796 -0.381726 2.445957
0.028433 -0.285060 2.982030
0.111150 -0.246822 2.561600
-0.414558 0.293293 2.698773
0.222239 0.283336 1.547371
-0.032073 -0.284947 3.236082
0.163132 0.009070 2.753574
-0.005688 -0.197078 3.366833
0.139052 0.332879 1.552957
0.313422 -0.297755 1.438990
-0.405562 0.341566 2.102958
0.166035 -0.127120 1.951132
0.092907 -0.167453 2.574063
0.200456 -0.265588 1.147137
0.165185 -0.420591 1.873692
-0.400540 -0.147096 2.931535
0.242222 -0.402584 2.432476
0.030173 0.162437 2.715567
0.155225 -0.356881 1.803043
0.066087 -0.342335 1.852989
0.060471 -0.263364 1.987519
0.183757 -0.344977 2.307037
0.235379 -0.103797 1.912961
0.187418 -0.072372 3.248226
-0.111498 -0.204569 1.542974
0.212777 -0.016933 2.615885
-0.107105 -0.158952 2.554714
0.294383 0.016410 2.125070
0.269207 -0.139462 2.115041
0.066157 -0.442415 2.147958
0.494664 -0.101263 3.042092
-0.105251 -0.261003 2.075662
0.143793 -0.118949 2.769844
0.106209 -0.043432 2.369513
0.229789 -0.262450 1.707545
-0.408659 0.253468 2.697007
0.271738 -0.236581 1.834245
0.012774 -0.242882 2.430449
0.295647 -0.248853 1.471851
-0.086548 -0.300541 1.606494
0.091914 -0.357091 0.871842
0.154764 -0.275570 2.138328
-0.384571 0.275049 2.146133
0.018910 -0.312321 2.230401
0.073428 -0.170916 2.140549
0.019183 -0.370899 2.186243
-0.146155 -0.143786 2.447962
0.166663 -0.063367 2.880965
-0.473400 0.283157 2.040996
0.331465 0.039638 1.712695
-0.091151 -0.206844 1.697612
-0.112354 -0.183166 1.906827
0.218915 -0.385661 2.058018
0.142778 -0.336942 1.906262
-0.010994 -0.240846 2.376881
0.425866 0.142736 1.885240
0.256817 0.137301 1.453499
0.134165 -0.414297 1.333472
0.348148 0.001160 2.393311
0.195348 -0.354560 2.254061
0.057091 -0.160142 2.094314
0.068105 0.455601 1.860850
0.030612 -0.325331 2.387854
-0.155761 -0.284030 1.800659
-0.064925 -0.306530 2.659122
0.291783 0.313472 2.214699
0.130006 -0.453159 1.381078
0.157675 -0.337919 1.897415
-0.148717 -0.129092 2.439482
-0.199711 0.436326 3.011519
0.064478 -0.245531 1.800967
0.169189 -0.208797 2.202913
0.199108 -0.133262 2.386932
0.098018 -0.228919 2.551769
0.011284 -0.051694 2.280569
0.302074 -0.127636 2.507343
0.067868 -0.070897 2.257325
0.107673 -0.339288 1.496749
0.143579 -0.398622 2.305156
-0.004288 -0.142738 2.348158
0.175747 -0.236316 1.601390
0.115337 -0.173468 2.541889
0.101243 -0.064306 3.632874
-0.082041 -0.164156 2.753570
0.108333 -0.318915 2.132331
0.472442 0.323318 1.545663
-0.076019 -0.359161 1.632502
0.258388 -0.011757 2.663294
0.128476 -0.180444 2.308576
0.243382 -0.184500 2.174393
0.235210 -0.165026 1.368410
0.080153 -0.269599 2.344158
0.104962 -0.327004 1.981004
0.105689 -0.385472 2.186921
0.244168 -0.226308 2.898653
-0.060626 -0.282616 2.334590
-0.491907 0.408037 1.385310
-0.137536 -0.139948 1.956787
0.152278 -0.365189 2.477565
0.140968 -0.160902 1.672126
-0.030644 -0.176969 2.180659
0.137037 -0.049230 2.628850
0.141208 -0.294020 2.026583
0.178294 -0.366271 1.121375
-0.118174 -0.173827 3.098934
0.076943 -0.061713 2.737974
0.214253 -0.395364 1.714261
-0.152402 -0.134033 1.742518
0.072773 0.436090 1.620028
-0.129769 -0.183775 1.895335
0.231888 -0.455999 1.918335
0.099686 -0.458607 2.327537
-0.415041 -0.152480 3.418588
0.123384 -0.357629 2.143401
0.221367 -0.330372 1.395060
0.221403 -0.200825 2.315068
0.016393 -0.268482 2.685096
0.083030 -0.422050 1.639879
-0.092870 -0.204480 2.853291
-0.099575 -0.287762 1.500136
-0.267021 0.451336 1.877159
0.034541 -0.285632 2.054176
0.015586 -0.455787 1.746780
0.042796 -0.272100 1.590806
-0.032356 -0.445318 2.204330
0.228109 -0.243777 1.065277
0.133002 -0.463783 2.149787
0.378320 0.260273 1.162720
0.089863 -0.087626 2.097574
-0.000848 0.207599 1.228997
0.100431 -0.247099 2.137872
0.214379 0.029507 1.518982
0.112317 -0.299038 1.716991
-0.395336 -0.183819 2.330127
-0.061694 -0.168285 2.196568
0.135904 -0.081708 2.219026
0.237063 -0.133728 1.424540
0.237504 -0.179735 2.310725
0.332654 0.015093 1.830568
0.095781 -0.400408 2.136556
0.123749 -0.407877 2.244882
0.060438 -0.235796 1.979758
0.157406 -0.130338 2.593638
0.217501 -0.000433 2.307148
0.226156 -0.123713 2.919020
0.139690 -0.093364 2.618149
0.293826 -0.304092 2.090030
-0.444844 -0.217603 2.398172
-0.052645 -0.274232 2.901717
0.148534 -0.355194 2.414181
0.063731 -0.107029 2.508606
0.310344 0.165141 2.216473
-0.115098 -0.313920 2.028586
-0.075003 -0.284828 1.635318
0.245897 -0.268926 2.098050
-0.090338 -0.179425 1.583864
0.037697 -0.159065 2.475536
-0.063633 -0.169944 1.659722
0.210900 -0.046424 2.439635
0.195504 0.307182 2.392400
-0.441760 -0.216129 3.406687
0.262307 0.012339 0.897638
0.275475 -0.212009 1.728417
0.320664 -0.171968 2.578823
-0.052051 -0.156169 1.910797
0.198309 -0.129108 2.457749
0.258534 -0.075493 2.603984
0.231917 0.441813 2.478543
-0.461379 0.278428 1.955426
-0.021316 -0.160570 2.668232
0.233043 -0.367012 1.916968
0.213690 0.016693 2.238737
0.162308 -0.288150 2.175043
0.258863 -0.181710 2.189377
0.125872 -0.236349 2.384065
-0.107632 -0.166203 2.318809
0.142580 -0.443418 2.871763
-0.002468 -0.241722 2.006526
0.169336 0.297360 1.391078
0.290863 0.197407 -0.502062
0.085611 -0.374692 2.513368
0.082722 -0.258197 1.910341
-0.215357 0.119026 2.846943
-0.437495 0.285008 2.730082
-0.089752 -0.198583 1.149284
0.015166 -0.137357 2.264177
-0.220209 -0.387833 2.304077
0.242178 -0.198011 2.291618
-0.003031 -0.160157 2.712280
0.434383 -0.088125 4.546023
0.297386 -0.265952 1.043928
0.237278 -0.122526 2.180264
0.232591 -0.210061 2.430685
0.210754 -0.379838 1.726438
0.109923 -0.368067 2.138536
0.060185 -0.124610 2.189234
0.188687 -0.339356 1.923319
0.121243 -0.374541 1.457522
0.104463 0.475517 2.467532
0.306819 -0.007847 1.335784
0.275678 -0.230133 1.908868
-0.418998 0.222178 2.625813
0.099313 -0.277147 1.893353
0.244169 -0.157598 2.399745
0.100751 -0.143255 2.498411
0.056450 0.400796 2.342910
-0.414762 0.139166 2.891344
0.039004 -0.349516 2.059352
0.255728 -0.211949 1.665865
0.149393 -0.331510 1.874216
0.187131 -0.373554 2.596888
0.194938 -0.061066 3.121638
0.327831 -0.227434 1.706060
-0.018152 -0.082150 2.716007
-0.026068 -0.175010 2.637870
0.075107 -0.281329 2.100292
0.091539 0.367769 1.779037
0.492070 0.381837 2.061760
0.131186 -0.348349 1.976552
-0.100856 -0.155646 1.414661
-0.060932 -0.323651 1.633430
-0.481731 -0.225570 3.363878
0.195591 0.071090 1.070986
-0.492055 0.292843 2.399274
-0.151097 -0.181302 2.153060
0.116719 -0.310415 1.321633
-0.390184 -0.172010 2.697140
0.238784 -0.327969 2.069707
-0.011341 0.346594 2.873760
0.158559 -0.254974 2.085741
0.056993 -0.420077 1.818869
-0.170469 -0.324396 2.914673
-0.424626 0.302673 2.483580
-0.141315 -0.202085 2.580163
-0.081175 -0.189612 2.416952
-0.137220 -0.213866 2.245794
0.077154 -0.452289 2.336390
-0.080493 -0.186543 2.832491
0.234055 -0.241683 1.732461
0.180288 -0.253211 1.586249
0.105666 -0.379851 2.482503
-0.418313 0.208547 2.570530
0.158016 -0.301217 1.216405
0.028310 -0.474810 2.051244
0.497414 0.136606 2.849730
0.126952 -0.079038 2.168402
0.266080 -0.175395 1.918246
0.152679 -0.396119 2.536416
-0.213978 -0.124219 2.041236
0.076741 -0.056236 3.223319
-0.010788 -0.426343 2.714972
0.045347 -0.081827 2.315127
0.277583 -0.327741 2.674117
-0.445370 -0.157464 1.996979
-0.034978 -0.273472 2.952879
0.109321 -0.259236 2.110076
0.015577 -0.029314 2.328035
-0.092331 -0.217073 3.113838
0.201760 -0.071131 1.976882
0.306154 -0.147125 2.392406
0.063874 -0.176308 2.071848
0.257729 -0.233733 1.376072
-0.095183 -0.194959 2.118031
0.375739 -0.273192 1.354790
0.007686 -0.172963 1.713816
-0.032992 -0.185646 2.675922
-0.044965 -0.400181 1.909077
-0.003219 -0.272400 1.735792
-0.006277 -0.262431 1.726386
0.106383 -0.323259 1.624223
0.063788 -0.147328 2.687886
0.190847 -0.130938 2.367019
-0.089869 -0.208880 1.194582
0.159042 -0.249553 1.527880
0.043943 -0.288203 2.476541
0.100056 -0.294795 2.097241
-0.420113 -0.162827 2.331309
-0.403199 -0.208066 2.332644
0.316275 0.015013 2.806283
-0.215026 -0.427416 1.730697
-0.086425 -0.110044 2.455334
-0.377251 0.311575 2.705515
0.124680 -0.139847 2.636132
0.144920 -0.270163 1.831762
0.181198 -0.344575 2.342943
-0.059096 -0.297678 2.432687
0.183771 -0.340193 1.275568
0.021568 -0.095545 2.356660
0.376242 0.275350 1.584934
-0.101510 -0.146934 2.304774
0.323720 0.014126 1.062497
0.141731 -0.324555 2.267262
0.159375 -0.117228 2.062329
-0.443392 -0.128075 3.127358
0.049789 -0.305040 1.761453
0.251054 -0.011305 2.046692
0.145699 -0.416079 2.134043
0.434003 0.149864 1.354467
0.258092 0.026876 2.895645
0.216766 0.127787 0.937626
-0.088581 -0.200025 1.998570
0.154019 -0.117192 2.831090
0.074479 -0.316975 2.132126
0.022684 -0.297096 2.128602
0.141524 -0.327883 1.617993
0.097309 -0.471698 1.195052
-0.054973 -0.229512 2.473211
0.142993 -0.111921 2.509605
-0.468135 -0.184117 2.962390
0.284409 0.024178 1.972734
-0.068449 -0.263508 2.080989
0.111963 -0.308728 1.892261
0.226312 -0.215863 1.983509
0.031101 -0.251305 3.062239
0.031985 -0.330131 1.406790
-0.460616 -0.097019 3.026485
0.283757 -0.202166 1.718121
0.223487 0.099164 1.124955
-0.391632 -0.122848 2.764616
0.170669 -0.333049 1.681922
0.097780 -0.346797 2.378923
0.291054 -0.120747 2.093685
-0.420540 -0.191056 2.180311
0.180183 0.292970 2.269252
0.011734 -0.172834 2.450577
0.284508 -0.141162 1.422311
-0.466429 0.288158 2.338213
0.141175 -0.497022 2.362144
0.150804 -0.154551 1.519114
