0.376988 -0.309368 1.896153
0.169193 -0.193154 -3.914584
0.271703 -0.212979 -4.901043
-0.373692 -0.177559 3.642062
0.495187 -0.251886 -2.486229
0.299335 -0.287792 -4.892829
-0.368392 -0.242705 0.554186
-0.213785 -0.292273 -0.675134
0.137892 0.084056 2.106225
-0.284597 -0.168605 4.953032
0.384211 -0.121410 -2.442061
-0.467647 -0.042507 -6.275197
-0.164410 0.370572 -5.327731
0.339599 -0.030103 5.963776
0.194826 0.328080 5.385430
-0.458251 -0.327691 2.686650
-0.396971 0.327893 -2.768217
0.448165 -0.200796 5.537325
-0.151905 -0.485093 1.562319
0.377494 -0.164443 2.235579
-0.107248 -0.346846 -2.171389
-0.158304 0.375181 -4.137418
0.147696 0.059116 6.129496
0.071431 0.140234 -3.228958
-0.486341 -0.417684 2.539571
-0.384972 0.383172 -4.295655
0.479721 -0.468205 1.162985
-0.024223 0.084894 3.850352
-0.331951 -0.127638 5.449987
-0.053416 0.333464 4.448505
0.291833 0.065859 -5.032686
-0.449462 -0.046440 -2.856444
0.357505 0.253193 -3.936581
-0.014492 0.383746 4.151498
-0.483465 0.001600 -3.633682
0.480795 -0.488244 0.952565
-0.147165 0.479298 9.342963
-0.298419 -0.442930 -2.840424
-0.286970 0.481771 6.257258
-0.139844 0.307486 -2.892791
0.378308 0.240099 -5.072016
-0.428707 0.452857 -0.997768
-0.264441 0.218160 -4.769758
0.439676 -0.059405 -0.689892
-0.081807 -0.406837 -2.671071
-0.418995 0.051305 -3.307132
-0.098549 -0.207777 1.145885
-0.460394 -0.069472 3.580196
-0.080770 -0.441772 -5.133517
