-0.192917 -0.233072 0.582298
0.109706 -0.040971 4.812931
-0.378007 -0.009809 -1.981300
0.207252 -0.041172 -2.786600
0.026439 -0.373393 5.989904
-0.110490 -0.495703 4.207383
-0.316025 0.028250 -2.708038
-0.175588 -0.328118 2.974775
-0.425170 0.137656 5.657070
-0.294377 0.348098 0.148272
0.153294 0.433313 3.545799
-0.427697 -0.426023 -0.162567
0.277310 0.303768 5.217504
0.316804 0.451190 -3.215636
-0.063855 -0.127177 3.779358
0.165765 -0.000039 -3.450166
-0.382126 0.141344 -5.417245
0.337385 0.483344 -5.627426
-0.185437 0.365634 1.312751
0.052864 -0.147186 2.860521
0.303953 0.060471 5.286463
0.148668 -0.429286 -4.644287
0.176312 -0.169621 -4.358685
0.175012 -0.226608 -5.889959
-0.110946 -0.261339 6.161194
0.390305 0.138168 -4.948169
0.411016 -0.249452 5.360883
0.344972 0.272015 -1.822941
-0.036535 -0.287273 2.365870
0.053593 -0.193117 1.293209
0.025505 0.348655 5.147679
-0.202273 -0.449025 5.364650
0.314695 -0.196203 -4.004176
0.493219 -0.321933 5.380045
0.077340 -0.032260 5.488457
0.333162 -0.088490 3.511098
-0.165540 0.058079 -3.524434
-0.436859 -0.396960 -1.897168
-0.036836 -0.100443 1.082313
-0.194830 -0.171945 5.450011
-0.383899 0.471152 1.360588
-0.401394 -0.080496 -3.196412
-0.414489 0.118636 4.046236
0.046099 -0.210325 1.875614
-0.200688 -0.434113 -6.128919
-0.440696 0.281855 3.835662
-0.145227 -0.282604 5.284382
0.056338 0.412495 -5.047586
-0.487225 0.047271 4.672140
