0.324470 -0.373653 3.677844
0.440557 -0.361095 -3.910975
0.240129 -0.310705 -3.884187
-0.347090 -0.159208 -4.175473
0.436863 -0.296739 5.259240
0.024059 -0.317061 4.715884
-0.348849 -0.426926 -3.459538
-0.151540 -0.489615 6.676380
0.377094 -0.006630 -3.037371
-0.199628 -0.167901 3.484189
0.386929 -0.274973 -2.404681
-0.495995 0.086307 0.502790
-0.349908 0.452081 2.562685
0.428103 -0.317355 3.029129
0.109165 0.188414 3.816693
-0.428003 -0.096897 -3.149430
-0.485289 0.271412 -2.644059
0.398118 -0.234749 -5.706489
-0.265287 -0.422523 -5.002822
0.402012 -0.176917 4.116292
0.068535 -0.350798 2.067993
-0.285640 0.339537 -1.236874
0.210089 0.123744 -4.135860
-0.216005 -0.058876 5.385980
-0.485490 -0.467520 -1.004997
-0.371539 0.332665 5.636653
0.263699 -0.486711 5.714698
-0.062845 0.149000 -5.145358
-0.452922 0.026233 3.753211
0.171824 0.376599 -3.827894
0.454938 0.215257 3.437682
-0.200608 -0.030242 5.834221
0.310357 0.437310 -5.784958
-0.126748 0.495313 5.884162
-0.389995 -0.020748 5.066934
0.288444 -0.234460 5.653712
-0.128336 0.477852 3.512852
-0.184026 -0.473288 -5.250432
-0.327660 0.251137 -3.266960
-0.256646 0.465572 2.578993
0.228006 0.340497 -5.110309
-0.254433 0.244624 5.021268
-0.429019 0.270925 -3.915522
0.416012 -0.159916 -5.651004
-0.111230 -0.276142 3.811236
-0.402679 0.303021 -4.171200
-0.093530 -0.128612 -6.187178
-0.460754 0.057406 -3.153532
-0.203974 -0.283971 -3.703919
