0.442889 -0.443957 -3.246194
0.166207 -0.270143 -5.305715
0.163444 -0.230454 2.022730
-0.440372 -0.372799 -4.332733
0.335226 -0.499156 7.228185
-0.200046 -0.369405 0.229214
-0.224382 0.022153 -2.725887
-0.268686 0.355018 4.500146
0.145375 0.009144 6.053630
-0.385734 -0.416064 5.844188
0.324373 0.345941 -4.287558
-0.233305 -0.486441 4.320386
0.048331 -0.093125 4.026090
0.350000 0.297864 5.344562
0.332763 -0.016008 -3.245155
-0.006916 -0.474513 -5.621311
0.130306 0.295489 -4.950994
0.283222 0.419180 -3.194811
-0.243670 -0.078500 5.155834
0.189233 -0.331728 4.394539
0.337676 0.012965 -5.332965
0.426017 0.288534 -4.454290
0.113911 -0.278971 -6.282667
0.156663 -0.075820 3.610663
-0.343728 -0.278228 -2.093953
-0.223707 0.396419 -1.463605
0.042223 -0.240263 2.982952
0.381126 -0.145572 -5.054149
-0.162799 -0.180983 -3.043924
-0.096815 0.452992 -2.743420
-0.067797 -0.049620 3.893154
-0.419771 -0.154599 4.010588
0.129269 0.159344 -5.185133
0.317688 0.447636 -2.277302
-0.292190 -0.202662 1.842875
-0.012662 -0.266918 4.193037
0.346762 0.246831 -5.530626
-0.262486 -0.258508 3.048439
0.234043 0.381435 -4.164475
0.258457 -0.094972 1.380612
0.198607 0.372141 -3.784167
-0.340610 0.033965 3.113264
-0.380771 -0.025206 2.728338
0.137341 -0.287732 4.815417
-0.046104 -0.343557 4.318034
-0.285067 0.363355 -5.100081
-0.290948 0.006562 -6.124397
-0.465990 0.471745 6.219391
-0.328611 -0.372867 2.957397
