0.326729 -0.443037 5.364619
-0.076202 -0.385482 4.687942
-0.327710 0.110628 3.463134
-0.028966 -0.337583 2.700434
0.127156 -0.478763 0.773330
-0.467748 -0.336022 -4.286724
-0.493479 0.244514 -1.684008
-0.162273 -0.200490 4.763534
-0.232146 0.157965 -5.542412
-0.368141 0.019281 -2.126079
0.128548 0.309009 2.056798
-0.309601 -0.290904 4.893171
0.141684 0.262585 1.267767
0.132181 0.397547 -5.677680
0.215199 -0.029689 -4.698331
0.111167 -0.336265 4.844739
-0.140700 0.106913 5.528112
0.484498 0.001381 -5.050251
-0.432082 -0.047611 -4.104979
0.209658 -0.205649 6.160106
0.294123 0.096248 2.121452
0.418787 -0.282885 1.884363
-0.113802 0.064259 4.168944
0.298865 -0.200675 -4.032002
-0.294181 -0.451396 -1.683120
0.285474 0.362548 -3.591034
0.413835 -0.330359 5.146744
0.066179 -0.089635 -2.126393
-0.189683 0.101697 4.390368
-0.231483 0.262647 -5.893006
-0.216427 0.116825 6.048636
-0.371240 -0.329891 4.762976
0.185382 -0.255870 2.380450
0.275902 0.026772 2.289830
-0.180616 -0.389670 4.203556
0.397545 -0.323989 5.875393
-0.104637 0.201278 3.232466
-0.446332 -0.378360 -5.733479
0.186749 -0.042423 -2.850500
-0.244433 -0.237761 -4.521321
-0.379923 0.358907 5.020914
-0.166983 -0.004398 -5.659133
-0.263420 0.005865 -4.312130
-0.114768 -0.207343 -5.785829
-0.262388 -0.066430 -5.001831
-0.365342 0.480347 5.392828
-0.222325 0.187937 -1.334879
-0.169389 0.321595 5.239524
-0.373568 0.228287 1.388819
