0.029678 -0.207896 -1.026431
0.456211 0.050122 4.973405
0.241199 -0.407445 2.543294
0.019949 -0.440038 0.712069
0.285742 -0.402348 2.676590
0.229767 -0.409801 0.229991
-0.386921 -0.438096 -5.048561
-0.180160 -0.095026 4.794211
0.446731 -0.134298 -5.512332
0.073352 -0.099589 2.965868
0.269510 -0.365094 4.496975
-0.345148 -0.223671 -4.871952
0.140440 0.464713 4.097056
0.256279 -0.416671 0.743535
-0.202356 -0.173446 2.190609
-0.377703 0.353028 2.398116
-0.288612 0.106818 4.906976
0.289005 -0.035082 1.895197
-0.183968 -0.184272 4.040660
0.101664 -0.260557 4.079982
-0.185081 -0.132674 5.837314
-0.199632 0.477936 -2.912295
0.373913 0.042336 -6.066192
-0.241567 0.194228 -3.285105
-0.442832 -0.416222 2.859896
0.083661 0.398543 5.645428
0.249896 -0.421970 4.154731
-0.427843 -0.093732 -5.559891
-0.149597 -0.047582 5.589034
-0.277849 0.377184 -5.052382
0.130275 0.300028 -5.892653
-0.343399 -0.113329 -3.655834
0.228141 0.116678 -6.163353
-0.205439 0.287730 5.564119
-0.192493 0.245030 -5.510802
0.389827 -0.463179 -5.018815
-0.381844 0.209928 -4.907311
0.370622 0.084635 1.410626
-0.038443 0.088666 5.553368
-0.371518 0.451704 -4.951401
0.081070 0.385459 3.062061
-0.276908 0.112650 -4.554135
-0.183629 0.005184 5.322968
0.460007 0.181914 0.807433
-0.006959 -0.051809 2.298734
-0.261864 0.405519 -2.927181
-0.064656 -0.015684 3.793486
-0.135787 0.267033 -4.822122
0.000760 0.128882 5.759914
