0.234969 -0.414074 2.605029
-0.150635 0.019422 4.064787
-0.392801 0.481314 0.007180
0.279343 -0.210212 -5.784564
-0.102291 -0.199560 4.400055
-0.143024 -0.443883 -5.079599
-0.448665 -0.149680 6.040683
-0.300139 -0.106832 5.702660
-0.265256 0.239434 -5.209592
-0.456398 0.148168 -3.895438
0.400351 0.058410 6.052099
-0.204163 -0.406448 -4.783417
0.497433 0.354117 1.790616
-0.123550 0.452092 -6.176997
-0.163952 0.297835 -0.321497
-0.174987 0.465741 -0.075521
-0.004878 0.278478 5.925361
-0.118792 0.364450 -1.568629
-0.093191 0.067338 -5.513780
0.254177 -0.397561 1.968515
0.161027 0.097396 -3.632049
0.318275 -0.015029 5.968215
0.469109 -0.112133 -4.053515
0.251891 -0.451374 3.662525
-0.075731 -0.396870 4.085879
0.045792 0.228436 -5.525041
0.188588 -0.467439 -2.052929
0.274957 0.096157 2.378881
-0.307248 -0.436623 4.038660
-0.013369 -0.302727 -1.334579
-0.437230 0.424810 5.154986
-0.478008 -0.310630 -1.944237
0.342724 -0.203903 -2.892400
0.129606 -0.184676 -4.328887
-0.185328 0.173912 -5.149473
0.452618 -0.352018 -3.093076
-0.388889 -0.072188 0.785935
-0.424077 -0.419256 -5.884257
-0.400567 0.038287 6.277303
0.421159 0.033024 3.329843
-0.243806 0.206664 -4.935768
-0.491559 -0.492416 8.580833
-0.152298 -0.182399 -3.597446
-0.401070 0.108229 -3.902596
-0.171390 -0.184196 4.830971
-0.379930 0.369757 -2.794953
0.198969 -0.166388 3.391036
0.338905 -0.029570 3.792284
-0.467958 0.086757 -0.711951
