0.348223 -0.344621 2.370424
-0.050580 -0.171140 -0.525342
-0.130295 -0.072298 6.077101
-0.167078 -0.489288 -5.870462
0.018356 -0.486265 11.946292
-0.484206 -0.114213 -2.272186
-0.363918 -0.021817 2.778587
-0.377422 0.319917 5.146977
-0.126987 0.119278 4.738040
-0.293526 -0.131120 5.110362
0.038609 0.429066 -2.618832
-0.247445 -0.362424 4.368778
0.077171 0.107312 -0.855333
0.162531 0.419982 3.298183
0.475448 -0.028380 5.893483
0.302309 -0.134320 -5.209280
0.221212 0.357804 3.806942
0.391541 0.339830 -5.429690
-0.327919 -0.111023 3.774351
0.195214 -0.371806 3.081787
0.473408 -0.278544 -5.536690
0.461938 0.094824 -6.086137
-0.096390 0.000616 4.685679
0.055016 -0.319592 -5.345087
-0.413081 -0.094396 -6.141681
0.157909 0.465599 -4.434310
0.388581 -0.171709 5.755847
0.464732 -0.220378 4.857612
-0.233810 -0.181546 -5.285790
-0.002083 0.042730 2.801865
-0.205353 -0.150093 5.842848
-0.378178 -0.422626 -6.258838
0.169506 -0.309907 -4.520274
-0.009747 0.263582 -5.634446
-0.245403 -0.178005 -3.795817
0.414651 -0.153722 -1.553249
0.192184 0.130030 6.009260
-0.499863 -0.471014 7.040922
0.256961 0.442437 -4.112795
0.028835 0.018832 -5.196802
-0.272097 0.491258 12.191069
-0.204662 -0.085853 -5.524596
-0.450176 0.237395 5.100863
0.099378 -0.316049 -2.719485
0.170284 -0.179193 4.372738
-0.390190 0.200212 -1.718640
-0.288998 -0.106070 -1.561228
-0.388114 0.443422 6.234657
-0.316673 -0.027038 4.566868
