0.400746 -0.361157 -4.616576
-0.146660 -0.230052 -3.670565
0.004533 -0.220931 5.390894
-0.472073 -0.376266 2.295083
0.433965 -0.405868 2.218191
-0.228752 -0.337654 -6.136092
-0.003121 -0.127085 3.388131
-0.181405 0.313058 3.611722
0.330373 0.076773 -3.573904
-0.450122 -0.377945 0.778035
0.327496 0.279911 6.246007
-0.190113 -0.283018 -4.932739
0.113579 0.025316 -4.315898
0.494506 0.261529 -2.791916
0.287059 0.362953 5.907866
-0.230138 -0.394219 -1.747990
-0.256861 0.350575 2.533788
0.481409 0.307368 -1.679575
-0.216691 -0.146220 4.910904
-0.008262 -0.404079 -6.120059
0.299628 -0.098609 -0.339737
0.231284 0.348495 -4.496648
0.160490 -0.283379 2.525794
0.069294 0.059823 3.236545
-0.468589 -0.243867 4.161901
-0.406558 0.253905 4.749513
0.118975 -0.313626 0.488459
0.135997 0.052533 -0.434589
-0.356757 -0.207783 2.955067
-0.088392 0.419999 3.786098
0.044777 -0.018796 -5.689678
-0.435312 -0.189291 5.560521
0.007118 0.233960 -5.802929
0.349914 0.299438 -5.709088
-0.489696 -0.327997 -4.719397
-0.063217 -0.281740 -4.514942
0.112156 0.483451 5.424826
-0.478950 -0.132523 -6.231920
0.371048 0.492854 5.345756
0.051624 -0.109100 -2.288128
0.371257 0.118354 -6.105599
-0.393966 0.248075 1.878547
-0.434203 -0.061027 -5.305423
0.057814 -0.372580 4.166339
-0.024294 -0.304183 6.084506
-0.399778 0.375706 0.653059
-0.292835 -0.095232 -1.002318
-0.450325 0.462832 4.229272
-0.207218 -0.360094 -3.858440
