0.019968 -0.123069 3.533304
0.475961 -0.142669 4.227397
0.141146 -0.483043 -4.027102
0.110608 -0.106875 -6.059344
0.212278 -0.286712 -5.293836
-0.215041 -0.435822 4.582130
-0.398353 0.039224 -5.461101
0.127280 0.032543 5.358770
0.104996 -0.154395 -3.183762
0.065001 0.189675 -5.797869
0.450383 -0.300836 2.507486
-0.216071 0.260224 -5.833944
0.140241 0.285370 -4.899135
0.479672 -0.311808 -2.272935
-0.345059 0.049885 -1.794549
-0.240720 0.346715 -6.224737
-0.186857 -0.052420 -2.924376
0.392093 0.471245 3.840827
-0.210306 -0.328732 -5.619095
0.101959 -0.492398 -2.441388
-0.349116 0.010267 -2.593385
-0.475349 0.494797 12.438584
0.422384 0.196141 6.146613
0.036479 0.432649 3.412773
-0.101902 -0.454889 -6.029015
-0.114694 0.442968 2.101531
0.175356 -0.338966 3.708713
-0.473635 0.064615 5.998065
-0.326366 -0.452223 -6.003037
-0.206454 0.415620 1.058298
0.068545 0.148628 2.929857
-0.388477 0.479603 -1.733821
0.407577 0.222936 -5.581178
-0.496158 0.242713 5.163142
0.045744 0.405449 4.018047
0.499777 -0.241087 6.612058
-0.391815 -0.002142 5.078885
0.370752 0.030092 -0.185780
0.120763 -0.032040 6.073784
-0.242431 0.013516 5.441067
-0.162059 0.237710 0.739830
-0.060254 0.243718 4.281247
-0.134625 -0.116339 -3.339992
0.465009 -0.086920 2.545094
0.239747 0.065398 -2.295112
-0.255400 0.485232 0.602364
-0.005618 0.260418 -3.079630
-0.443057 0.165588 -5.347553
0.253362 0.302644 1.918754
