-0.069870 -0.147267 -4.451711
0.359157 -0.354098 0.544500
0.175400 -0.448788 -5.786492
0.060251 -0.158925 1.824915
0.247773 -0.150516 5.042729
-0.112169 -0.451578 1.071634
-0.493179 0.081350 7.655533
0.031808 0.319101 -4.696765
0.270053 -0.185618 3.408023
0.064740 0.093715 1.335819
0.411426 -0.344602 4.143563
-0.042176 0.071508 -4.997276
-0.116175 0.256328 -5.091310
0.498898 -0.273454 5.855669
-0.491114 0.057840 -5.127822
-0.150504 0.405460 -5.897110
-0.325467 -0.124597 -3.410250
0.325296 0.312580 -6.185238
-0.201961 -0.176917 -4.595124
0.042536 -0.323190 -5.962981
-0.379001 -0.074389 -5.186927
-0.395986 0.387105 -1.075103
0.258799 0.132327 2.986361
-0.235435 0.347908 5.418219
-0.057483 -0.382838 2.614077
-0.142251 0.410239 1.362035
0.271138 -0.438604 -2.383053
-0.337690 0.169522 -3.980263
-0.270139 -0.486159 7.509488
-0.171769 0.474690 -1.204235
0.033912 0.089006 -5.768656
-0.386507 0.479483 -2.367751
0.459871 0.424611 -2.587532
-0.464224 0.123437 4.621038
0.062941 0.280554 3.956658
0.425983 -0.324538 -4.197074
-0.491392 -0.096572 8.769356
0.170481 0.082281 4.447728
0.035134 0.086957 -3.424710
-0.313560 -0.056141 -3.302554
-0.098444 0.168953 4.513793
-0.060549 0.066440 4.813898
-0.338862 -0.217037 4.690014
0.475736 -0.060868 2.384881
0.152054 0.188562 -5.273425
-0.018772 0.340206 -4.342684
0.092168 0.137178 3.904060
-0.051489 0.255232 4.220783
-0.026566 0.208521 3.494100
