-0.447254 -0.456929 -0.955071
-0.440713 -0.443817 -1.307439
-0.462363 -0.462501 -1.063904
-0.412801 -0.452706 -0.833679
-0.447328 -0.483709 -1.240968
-0.454041 -0.467559 -1.367438
-0.408551 -0.443601 -0.978521
-0.472187 -0.465940 -1.098312
-0.429856 -0.445324 -1.181947
-0.428887 -0.467604 -1.197231
-0.422912 -0.443160 -1.132819
-0.430154 -0.466402 -1.072905
-0.423585 -0.478206 -1.312248
-0.431911 -0.447794 -0.917132
-0.423064 -0.456564 -1.160480
-0.408310 -0.468823 -1.462683
-0.490728 -0.438857 4.498248
-0.465804 -0.459779 -1.151181
-0.431548 -0.436839 -0.976501
-0.477124 -0.452785 -1.144416
-0.461637 -0.439881 -1.035957
-0.450456 -0.477349 -0.940906
-0.486093 -0.428647 4.021269
-0.430217 -0.484976 7.410219
-0.456183 -0.479782 -1.169877
-0.471057 -0.445996 -1.284786
-0.480389 -0.418399 4.300215
-0.434621 -0.438674 -0.959237
-0.439339 -0.473044 -1.226910
-0.474874 -0.458599 -0.853710
-0.436634 -0.439180 -1.106341
-0.437676 -0.481162 -0.989013
-0.408909 -0.470018 -1.242881
-0.427860 -0.465724 -1.116924
-0.446184 -0.450914 -1.284676
-0.459120 -0.441975 -1.129408
-0.406283 -0.456200 -1.053520
-0.462328 -0.435950 -1.211344
-0.474227 -0.467353 -1.273065
-0.462477 -0.443632 -1.268373
-0.453773 -0.456858 -0.911179
-0.463171 -0.466283 -1.355222
-0.443344 -0.454686 -1.357083
-0.423673 -0.442285 -1.056607
-0.483840 -0.455825 -1.116384
-0.459808 -0.431762 -1.072375
-0.435454 -0.480715 -1.149833
-0.464851 -0.439313 -1.160781
-0.485130 -0.445686 4.241664
-0.476903 -0.438437 -1.077481
-0.436341 -0.459503 -1.109711
-0.464325 -0.464319 -0.937199
-0.448589 -0.447480 -1.204314
-0.428235 -0.466401 -1.086456
-0.420656 -0.478437 7.380983
-0.481545 -0.461997 -1.052200
-0.445225 -0.460861 -1.052005
-0.445015 -0.444576 -1.153671
-0.461782 -0.456702 -1.301376
-0.438303 -0.471727 -1.095178
-0.437412 -0.437293 -0.862493
-0.473055 -0.466649 -0.867295
-0.464882 -0.453220 -0.973238
-0.466707 -0.468516 -1.058671
-0.451666 -0.451407 -1.200839
-0.463092 -0.460253 -1.160724
-0.434324 -0.428409 -1.209041
-0.435154 -0.469960 -1.091798
-0.424212 -0.459688 -1.108319
-0.442908 -0.464680 -1.128856
-0.482394 -0.458828 4.155947
0.295844 0.028883 -3.324440
-0.426640 -0.478071 -1.189797
-0.462624 -0.450493 -1.065328
-0.473285 -0.463346 -1.086503
-0.435050 -0.442505 -1.027211
-0.464208 -0.474129 -1.240028
-0.419382 -0.448915 -1.076458
-0.469566 -0.473952 -1.289236
-0.460243 -0.470200 -1.211648
-0.435251 -0.443461 -0.862117
-0.435371 -0.459801 -1.180118
-0.470869 -0.443982 -1.245194
-0.422161 -0.473253 -0.995470
-0.443140 -0.450708 -1.025922
-0.456850 -0.445930 -1.104636
-0.429149 -0.438661 -1.559992
-0.419178 -0.435066 -0.946490
-0.470472 -0.468655 -1.100176
-0.477469 -0.429257 -1.281046
-0.451952 -0.470091 -1.226053
-0.463405 -0.471839 -1.259260
-0.425217 -0.452076 -1.204883
-0.470234 -0.472056 -1.278899
-0.467894 -0.468168 -1.198735
-0.471505 -0.472171 -0.768788
-0.440385 -0.465854 -0.993334
-0.446116 -0.481161 -1.286241
-0.455525 -0.468568 -1.038158
0.264763 0.057805 -3.257674
-0.411798 -0.442357 -1.277661
-0.418417 -0.472255 -1.186825
-0.452841 -0.465677 -1.021132
-0.421068 -0.485729 -1.020423
-0.438883 -0.453266 -1.167250
-0.429333 -0.470006 -1.255225
-0.469873 -0.459950 -1.035703
-0.467234 -0.454240 -0.909311
-0.465699 -0.455808 -1.037940
-0.464663 -0.454962 -1.314010
-0.489813 -0.468768 4.466889
-0.426772 -0.461308 -1.006645
-0.449241 -0.456084 -1.112114
-0.420338 -0.486743 -1.207238
-0.412016 -0.455208 -1.139482
-0.436533 -0.471541 -1.225702
-0.474156 -0.464921 -1.049113
0.272821 0.060793 -3.158239
-0.496744 -0.445445 -1.196115
-0.435719 -0.444819 -1.253858
-0.453953 -0.484841 -1.316044
-0.458236 -0.470734 -1.434563
-0.461289 -0.459520 -1.231429
-0.479288 -0.465595 -1.087252
-0.464106 -0.440211 -0.929330
-0.429954 -0.450642 -1.198763
-0.447474 -0.453519 -1.089266
-0.419266 -0.471827 -1.013288
-0.493479 -0.457985 -1.126854
-0.436445 -0.447334 -1.246994
-0.440072 -0.449623 -1.021082
-0.442934 -0.450299 -1.098845
-0.439022 -0.455186 -0.863425
-0.454516 -0.440591 -1.127855
-0.463409 -0.455871 -1.232068
-0.427830 -0.434774 -0.937092
-0.431956 -0.460174 -1.451985
-0.442394 -0.472475 -1.222356
-0.425089 -0.462461 -1.069271
-0.433920 -0.466357 -1.071957
-0.436969 -0.463879 -1.405427
-0.414289 -0.457160 -1.143086
-0.455287 -0.438384 -1.182840
-0.451815 -0.451513 -1.179427
-0.431706 -0.458317 -1.319790
-0.427128 -0.434271 -1.043521
-0.426597 -0.449299 -1.086660
-0.430284 -0.460325 -1.148499
-0.449761 -0.457587 -0.986850
-0.431115 -0.469552 -1.217544
-0.446997 -0.449388 -1.026535
-0.476503 -0.480941 -1.265848
-0.449325 -0.439486 -1.104245
-0.427174 -0.451390 -0.961393
-0.450276 -0.430839 -0.968102
-0.461978 -0.454568 -1.432567
-0.428648 -0.452991 -1.083770
-0.430478 -0.459909 -1.321621
-0.456222 -0.433447 -0.875798
-0.431775 -0.468614 -1.438779
-0.420418 -0.437405 -1.240757
0.283278 0.049753 -3.269544
-0.464191 -0.491681 -1.241681
-0.454386 -0.440678 -1.449089
-0.440429 -0.447553 -1.359867
-0.457187 -0.453387 -1.262463
-0.416364 -0.455156 -0.989491
-0.454482 -0.458348 -1.071916
-0.430609 -0.443691 -1.413411
-0.451866 -0.443700 -1.210685
-0.429547 -0.468384 -0.965452
-0.418548 -0.456321 -1.134211
-0.409225 -0.467645 -1.116994
-0.448229 -0.462611 -1.000544
-0.477848 -0.467030 -1.299325
-0.429408 -0.466532 -1.085477
-0.430247 -0.468490 -1.132747
-0.442290 -0.450734 -1.446564
-0.461027 -0.445756 -1.029993
-0.442055 -0.457261 -1.459256
-0.461408 -0.499845 -1.216026
-0.425321 -0.474574 -1.131469
-0.425402 -0.460242 -1.325434
-0.427264 -0.476245 -1.497049
-0.447405 -0.442966 -1.076304
-0.430893 -0.445937 -1.195168
-0.473677 -0.460628 -1.133689
-0.451770 -0.476406 -1.062162
-0.435404 -0.451778 -1.011575
-0.434503 -0.432467 -1.172221
-0.411567 -0.443148 -1.238099
-0.460222 -0.434099 -1.017170
-0.453266 -0.473754 -1.101699
-0.431223 -0.450164 -1.176511
-0.432701 -0.438012 -1.323263
-0.454824 -0.432945 -0.974242
-0.433284 -0.433731 -1.231993
-0.460436 -0.450584 -0.969740
-0.467461 -0.432494 -1.227786
-0.468630 -0.433268 -1.225884
-0.434580 -0.458186 -1.350890
-0.449644 -0.453519 -1.320066
-0.423952 -0.488425 -1.232278
-0.430722 -0.488195 -1.358656
-0.466819 -0.478140 -1.078940
-0.427544 -0.466815 -1.190486
-0.464711 -0.484428 -1.121031
-0.456094 -0.472274 -1.001941
-0.470090 -0.474094 -1.136933
-0.438865 -0.464636 -1.230361
-0.434388 -0.481530 -1.004731
-0.452988 -0.447300 -0.979728
-0.471205 -0.476346 -1.036700
-0.421597 -0.458788 -0.868334
-0.434518 -0.450542 -1.300660
-0.476494 -0.432227 -1.232136
-0.455533 -0.474312 -1.080917
-0.422875 -0.436317 -1.214768
-0.446703 -0.454371 -1.020947
-0.479912 -0.478022 4.317908
-0.437662 -0.490406 -1.407089
-0.438825 -0.470934 -1.349155
-0.447404 -0.459827 -1.350807
-0.444752 -0.449279 -1.201687
-0.461151 -0.474331 -1.069052
-0.479884 -0.455152 -1.221737
-0.466730 -0.442177 -0.895228
-0.432186 -0.446164 -1.184130
-0.462841 -0.447362 -1.138241
-0.499441 -0.437888 -1.072123
-0.460234 -0.438327 -0.982816
-0.421713 -0.465068 -1.247033
-0.444137 -0.444777 -1.178870
-0.429089 -0.450290 -1.341996
-0.428948 -0.483515 -1.085694
-0.429787 -0.444587 -1.023113
-0.456163 -0.452068 -1.207200
-0.429910 -0.482226 -1.165163
-0.476746 -0.433085 -1.045016
-0.464701 -0.431892 -1.344203
-0.430687 -0.460225 -1.221689
-0.469217 -0.470453 -1.330878
-0.443617 -0.495571 -1.060032
-0.459854 -0.466140 -1.132491
-0.412772 -0.458315 -1.059638
-0.468721 -0.444492 -1.145677
-0.455640 -0.447691 -1.183061
-0.445127 -0.456477 -1.052748
-0.448400 -0.439371 -1.100273
-0.476175 -0.440553 -1.123028
-0.428448 -0.457012 -1.026709
-0.457809 -0.476802 -0.929601
-0.427992 -0.445197 -1.077896
-0.457747 -0.453134 -1.071019
-0.438295 -0.455239 -0.938439
-0.415582 -0.471197 -1.273397
-0.473724 -0.470609 -1.033334
-0.436020 -0.459184 -1.206167
-0.451289 -0.458882 -1.219941
-0.440886 -0.440671 -1.273531
-0.443432 -0.450498 -1.023690
-0.423880 -0.473336 7.384730
-0.438036 -0.488531 7.425318
-0.445923 -0.448584 -1.146483
-0.436715 -0.440913 -0.988009
-0.457885 -0.461084 -1.051614
0.298758 0.006392 -3.247002
-0.468183 -0.450300 -1.369269
-0.473231 -0.466163 -0.996088
-0.438355 -0.453267 -1.307186
-0.416206 -0.454024 -1.085752
-0.434334 -0.448090 -1.183037
-0.435285 -0.452382 -1.140607
-0.464451 -0.468157 -1.107325
-0.448093 -0.470635 -0.960360
-0.426930 -0.447445 -1.039672
-0.437063 -0.454179 -1.541188
-0.456396 -0.464878 -1.077705
-0.458543 -0.453029 -1.078503
-0.423020 -0.472074 -1.417512
-0.430978 -0.479695 7.652112
-0.413097 -0.474938 -1.053758
-0.462949 -0.471510 -0.911029
-0.467154 -0.462271 -1.138506
-0.421150 -0.449591 -0.880049
-0.435811 -0.437599 -0.968923
-0.414489 -0.441422 -1.220103
-0.468949 -0.462804 -0.999160
-0.427810 -0.464681 -0.924379
-0.425638 -0.448719 -1.183147
-0.444083 -0.445103 -1.482809
-0.421213 -0.464331 -0.918956
-0.411932 -0.459623 -1.131751
-0.411266 -0.444707 -1.078936
-0.426165 -0.472478 -1.142104
-0.424460 -0.433421 -1.069663
-0.428800 -0.469725 -1.204474
-0.487484 -0.440841 4.317844
-0.455766 -0.465711 -0.985744
-0.445596 -0.468759 -1.207750
0.299818 0.050307 -3.029166
-0.424977 -0.458307 -1.060176
-0.469753 -0.462836 -1.421550
-0.428202 -0.452893 -1.068822
-0.447229 -0.483778 -1.151657
-0.438671 -0.432488 -1.168347
-0.423728 -0.471142 -1.119616
-0.421063 -0.447485 -1.245881
-0.408877 -0.456097 -1.235716
-0.416638 -0.484440 -1.296551
-0.416470 -0.473924 -1.017794
-0.426645 -0.455295 -1.059697
-0.441149 -0.486574 -0.951795
-0.425614 -0.444418 -1.201333
-0.478041 -0.423502 -1.156605
-0.435669 -0.454857 -1.121790
-0.406409 -0.467323 -1.023175
-0.421159 -0.452321 -1.182162
-0.456970 -0.446439 -1.222972
-0.423601 -0.487555 -1.308387
-0.495267 -0.480177 -1.011239
-0.474390 -0.466207 -1.251407
-0.433797 -0.459900 -1.063884
-0.441366 -0.454199 -1.206343
0.287818 0.046018 -3.319789
-0.426404 -0.476667 -1.094752
-0.443945 -0.437774 -1.216581
-0.434083 -0.464885 -1.089463
-0.452676 -0.480807 -1.052960
-0.470421 -0.452331 -1.329162
-0.431066 -0.454509 -1.294298
-0.442694 -0.458257 -1.316532
-0.481734 -0.462124 -1.288448
-0.421275 -0.453728 -1.177586
-0.472049 -0.444458 -1.182684
-0.429034 -0.440090 -1.247666
-0.445855 -0.466463 -0.987130
-0.475188 -0.467438 -1.067465
-0.443918 -0.438324 -1.225602
-0.413606 -0.458422 -1.288851
-0.428305 -0.445970 -1.191484
-0.418278 -0.431340 -1.265686
-0.467712 -0.441622 -0.954069
-0.452449 -0.462676 -1.057448
-0.470583 -0.449411 -1.167609
-0.424650 -0.483183 -1.338085
-0.456447 -0.471162 -1.249695
-0.438804 -0.470325 -1.511701
-0.462730 -0.449894 -0.966656
-0.432913 -0.445591 -1.084675
-0.452955 -0.460043 -1.341947
-0.447942 -0.456301 -1.348728
-0.463904 -0.453030 -1.017325
-0.445854 -0.469301 -1.217261
-0.438390 -0.485099 -1.053544
-0.481250 -0.453235 -1.219519
-0.459002 -0.455312 -1.220500
-0.429300 -0.471226 -1.243546
-0.428961 -0.462600 -1.068634
-0.418773 -0.450148 -1.084590
0.307711 0.006613 -3.178395
-0.437982 -0.470430 -1.084171
-0.420439 -0.444657 -1.261789
-0.435691 -0.452878 -1.217093
-0.434068 -0.456042 -1.202675
-0.427862 -0.480965 7.468540
-0.413158 -0.447057 -1.093009
-0.466008 -0.434821 -1.398791
-0.428291 -0.456384 -1.132098
-0.461133 -0.446528 -1.115054
-0.449224 -0.454583 -1.226067
-0.478027 -0.449969 -1.307605
-0.436753 -0.450373 -1.237210
-0.451698 -0.430203 -0.859297
-0.474490 -0.429950 -1.224018
-0.429625 -0.465294 -1.399886
-0.456973 -0.464352 -1.078126
-0.429301 -0.449498 -0.933522
-0.448218 -0.472828 -1.183389
-0.454682 -0.479100 -1.039669
-0.417482 -0.470126 -1.339891
-0.439611 -0.462413 -1.013817
-0.469682 -0.425781 -1.144106
-0.418375 -0.440465 -1.351575
-0.418353 -0.448320 -1.037399
-0.444672 -0.444941 -1.302285
-0.426969 -0.467388 -1.183996
-0.462801 -0.461857 -1.242936
-0.450453 -0.443521 -0.935868
-0.473959 -0.458126 -1.050147
-0.444985 -0.430652 -1.224945
-0.422323 -0.459780 -0.941837
-0.477915 -0.434534 -1.240156
-0.465770 -0.444537 -1.117871
-0.444640 -0.446094 -1.263379
-0.417927 -0.442001 -1.207526
-0.463410 -0.450251 -1.172655
-0.472475 -0.491225 -1.252710
-0.425421 -0.446244 -1.237496
-0.452982 -0.435082 -1.188604
