-0.238180 -0.112747 -1.219765
-0.269085 -0.136604 -1.210319
-0.248916 -0.161725 -1.251795
-0.163610 -0.198992 -1.378448
-0.269321 -0.155896 -1.216295
-0.265493 -0.257832 -1.138296
-0.266635 -0.186410 -1.295731
-0.256278 -0.142360 -1.331568
-0.263195 -0.158999 -1.403857
-0.239908 -0.146724 -1.128217
-0.232068 -0.153142 -1.313840
-0.241440 -0.127807 -1.623332
-0.219681 -0.080828 -1.247367
-0.213413 -0.142301 -1.246766
-0.256404 -0.160102 -1.189346
-0.284809 -0.146586 -1.277116
-0.265039 -0.167487 -1.339770
-0.229223 -0.116816 -0.993625
-0.269222 -0.124667 -1.252651
-0.233428 -0.100841 -1.171168
-0.296059 -0.088527 -1.218651
-0.256687 -0.127594 -1.125930
-0.241190 -0.230219 -1.180609
-0.182166 -0.192740 -1.092306
-0.247645 -0.135146 -1.274274
-0.246409 -0.140499 -1.179121
-0.242702 -0.099262 -1.087023
-0.258349 -0.198023 -1.406292
-0.264064 -0.163819 -1.353252
-0.234489 -0.105513 -1.448742
-0.183633 -0.178975 -1.052640
-0.231440 -0.131086 -1.461391
-0.244399 -0.127279 -1.320424
-0.217604 -0.149016 -1.171137
-0.245120 -0.147729 -1.023403
-0.282893 -0.271524 -1.242491
-0.243982 -0.199051 -1.047769
-0.260708 -0.167641 -1.149827
-0.231286 -0.115677 -0.983952
-0.245491 -0.158170 -1.187642
-0.213538 -0.096635 -1.163067
-0.188228 -0.146092 -1.119570
-0.258115 -0.145349 -1.097478
-0.226854 -0.199229 -1.294085
-0.225544 -0.145084 -1.331939
-0.241486 -0.183728 -1.157951
-0.256037 -0.112715 -1.140687
-0.248201 -0.196051 -1.084494
-0.252795 -0.103289 -1.381819
-0.209791 -0.128002 -1.195990
-0.290348 -0.097767 -1.331655
-0.275050 -0.180103 -1.375125
-0.245387 -0.194953 -1.321692
-0.251600 -0.157005 -1.223382
-0.272341 -0.148370 -1.152624
-0.229113 -0.137437 -1.217173
-0.258145 -0.173610 -1.221417
-0.249478 -0.123871 -1.263239
-0.271146 -0.240295 -1.105808
-0.264651 -0.152410 -1.283851
-0.246325 -0.177932 -1.158170
-0.243690 -0.174675 -1.352625
-0.247167 -0.146644 -1.284778
-0.271896 -0.147763 -1.095787
-0.292418 -0.125569 -1.188283
-0.299593 -0.112186 -1.485644
-0.277303 -0.234766 -1.431797
-0.253025 -0.189574 -1.221732
-0.245544 -0.101691 -1.337840
-0.221467 -0.191225 -1.191402
-0.250247 -0.122359 -1.173333
-0.265908 -0.196831 -1.370592
-0.299805 -0.177902 -1.104618
-0.245690 -0.172378 -1.173778
-0.187408 -0.153375 -1.102362
-0.145566 -0.169430 -1.211750
-0.250431 -0.148008 -1.214915
-0.375080 0.198204 4.429771
-0.277207 -0.195643 -1.241362
-0.243556 -0.213499 -1.061808
-0.233123 -0.140305 -1.326506
-0.218814 -0.128080 -1.286557
-0.275674 -0.139513 -1.399516
-0.256930 -0.151729 -1.471973
-0.249150 -0.089802 -1.122935
-0.240035 -0.104357 -1.224660
-0.222004 -0.167210 -1.204740
-0.192145 -0.180523 -1.155030
-0.272638 -0.144538 -1.149836
-0.308782 -0.170770 -1.020460
-0.281229 -0.187198 -0.991879
-0.256665 -0.122362 -1.137672
-0.217118 -0.090177 -1.120843
-0.153322 -0.162337 -1.296352
-0.262566 -0.177299 -1.297807
-0.262622 -0.164880 -1.123492
-0.202761 -0.150637 -1.192933
-0.218568 -0.146814 -1.137147
-0.237347 -0.214384 -1.333625
-0.258896 -0.197870 -1.083404
-0.285463 -0.196887 -1.111949
-0.314952 -0.144039 -1.164384
-0.253928 -0.138281 -1.075750
-0.294427 -0.158737 -1.407552
-0.239187 -0.152646 -1.205514
-0.261262 -0.159284 -1.060094
-0.242109 -0.115731 -1.263422
-0.257691 -0.159476 -1.077899
-0.267426 -0.182277 -0.947668
-0.243325 -0.102740 -1.332795
-0.249340 -0.175819 -1.020144
-0.215427 -0.142705 -1.207123
-0.218174 -0.148628 -1.164113
-0.268386 -0.204265 -1.082569
-0.159886 0.285480 3.814235
-0.232713 -0.129931 -0.966888
-0.250261 -0.160091 -1.218916
-0.264830 -0.110104 -1.414070
-0.238648 -0.133974 -1.260561
-0.236713 -0.177819 -0.981281
-0.271008 -0.157732 -1.348342
-0.249439 -0.109535 -1.035199
-0.260065 -0.126512 -1.237300
-0.206735 -0.148164 -1.018997
-0.300684 -0.159646 -0.996759
-0.248325 -0.144713 -1.333494
-0.278622 -0.201242 -0.864112
-0.203655 -0.235106 -1.136020
-0.172882 -0.225660 -1.207989
-0.284635 -0.185105 -1.512226
-0.241723 -0.188495 -1.093152
-0.267156 -0.157712 -1.163655
-0.229966 -0.153441 -1.052125
-0.241844 -0.193905 -1.267969
-0.237447 -0.207695 -1.192831
-0.270523 -0.126942 -1.140365
-0.252020 -0.139519 -1.014947
-0.270891 -0.142159 -1.277495
-0.270752 -0.110932 -1.410582
-0.173179 -0.223722 -1.380418
-0.286918 -0.168773 -1.049234
-0.312633 -0.139571 -1.455025
-0.256677 -0.108921 -0.792415
-0.258596 -0.170316 -1.074539
-0.222592 -0.174225 -1.385849
-0.221060 -0.166422 -1.407352
-0.231735 -0.190632 -1.115795
-0.230241 -0.156989 -1.190399
-0.248927 -0.133198 -1.273384
-0.251722 -0.136616 -1.278695
-0.233769 -0.176463 -1.305874
-0.239089 -0.172763 -1.328640
-0.249737 -0.146896 -1.108653
-0.282370 -0.146306 -1.140042
-0.281451 -0.168295 -1.210923
-0.241584 -0.211215 -1.060698
-0.272072 -0.184381 -1.252457
-0.228621 -0.151847 -1.228041
-0.253331 -0.115871 -1.103880
-0.308927 -0.119433 -0.980894
-0.278160 -0.166295 -1.318152
-0.261724 -0.129634 -1.394498
-0.212056 -0.180861 -1.100856
-0.264523 -0.165093 -1.308987
-0.265637 -0.115627 -1.329988
-0.274911 -0.248585 -1.205192
-0.227951 -0.172812 -1.410189
-0.268068 -0.227941 -1.020717
-0.249851 -0.195671 -1.180425
-0.241378 -0.142525 -1.158105
-0.246217 -0.176706 -1.381959
-0.261463 -0.169093 -1.219162
-0.296970 -0.178200 -1.457801
-0.229436 -0.131543 -1.199137
-0.235287 -0.175277 -1.141719
-0.235669 -0.117692 -1.206433
-0.247223 -0.115575 -1.200096
-0.254026 -0.142236 -1.223888
-0.251589 -0.137550 -1.403564
-0.256475 -0.114805 -1.096672
-0.283728 -0.146921 -1.457633
-0.255063 -0.160006 -1.283863
-0.226903 -0.120482 -0.959664
-0.273752 -0.162844 -1.326505
-0.249540 -0.160669 -1.169770
-0.267978 -0.164996 -1.223390
-0.226938 -0.142194 -1.331317
-0.273087 -0.160913 -1.075480
-0.297190 -0.201749 -1.258616
-0.249829 -0.194356 -1.309180
-0.282648 -0.165769 -1.319918
-0.229594 -0.172542 -1.290049
-0.296165 -0.139198 -1.294020
-0.240607 -0.129987 -1.172264
-0.173106 -0.209674 -1.239853
-0.208718 -0.229979 -0.934823
-0.246501 -0.111578 -1.186514
-0.285227 -0.173312 -1.080449
-0.238264 -0.139188 -1.251861
-0.281340 -0.214632 -1.150651
0.362785 -0.057311 -1.929409
-0.224199 -0.115485 -1.276354
-0.256821 -0.137822 -1.244205
-0.253791 -0.150760 -1.124343
-0.248589 -0.096303 -1.208082
-0.258687 -0.192864 -1.398294
-0.271887 -0.184897 -1.134191
-0.279543 -0.166115 -1.247640
-0.078035 0.318615 3.281478
-0.235768 -0.191714 -1.278178
-0.257834 -0.219428 -1.116050
-0.250104 -0.149243 -1.238961
-0.262787 -0.151220 -1.171414
-0.279738 -0.154316 -1.226690
-0.267816 -0.101502 -1.297395
-0.268123 -0.147989 -1.265809
-0.260818 -0.127966 -1.284710
-0.240402 -0.159174 -1.168876
-0.261656 -0.101023 -1.507352
-0.239657 -0.110943 -1.157131
-0.240453 -0.122914 -1.097900
-0.267156 -0.148913 -1.444469
-0.261693 -0.191512 -0.945584
-0.271627 -0.159491 -1.318049
-0.240635 -0.158412 -1.067463
-0.256833 -0.175630 -1.247227
-0.238796 -0.153921 -1.410178
-0.236656 -0.121900 -1.196263
-0.283354 -0.196106 -1.099579
-0.264890 -0.156283 -1.090307
-0.270278 -0.173323 -1.369624
-0.259852 -0.154656 -1.402018
-0.242136 -0.112829 -1.236417
-0.255758 -0.190861 -1.246279
-0.255388 -0.115676 -1.219229
-0.231916 -0.234060 -1.370685
-0.233850 -0.161345 -1.351832
-0.252858 -0.199362 -1.291811
-0.226955 -0.145454 -1.031720
-0.264892 -0.155943 -0.980264
-0.254674 -0.176420 -1.351024
-0.282179 -0.126101 -1.182049
-0.249717 -0.202035 -1.195775
-0.258371 -0.151095 -1.443936
-0.255081 -0.183862 -0.973899
-0.249491 -0.185901 -1.389344
-0.283754 -0.165115 -1.257621
-0.242049 -0.147215 -1.402205
-0.195183 -0.211826 -1.234914
-0.230737 -0.198191 -1.243178
-0.177408 -0.229189 -1.151952
-0.249930 -0.215607 -1.218658
-0.280421 -0.118275 -1.097422
-0.254288 -0.171079 -1.162291
-0.286718 -0.151330 -1.153413
-0.242102 -0.222069 -1.108205
-0.256573 -0.114808 -0.993725
-0.237290 -0.170968 -1.158058
-0.305263 -0.134065 -1.484357
-0.224319 -0.090700 -1.132433
-0.247643 -0.151569 -0.998497
-0.278742 -0.177914 -1.243948
-0.274125 -0.199796 -1.139378
-0.225092 -0.110626 -1.247169
-0.259753 -0.191154 -1.209410
-0.230580 -0.150267 -1.371430
-0.238324 -0.138596 -1.376965
-0.270187 -0.159100 -1.263761
-0.271801 -0.189792 -1.403183
-0.222070 -0.110232 -1.090594
-0.263387 -0.147359 -1.204774
-0.261935 -0.174395 -1.469344
-0.289340 -0.226599 -1.426559
-0.237430 -0.177936 -1.237924
-0.241205 -0.157808 -1.286088
-0.246035 -0.135869 -1.101997
-0.230293 -0.159002 -1.133607
-0.283478 -0.216928 -1.186731
-0.255363 -0.097063 -1.056145
-0.244121 -0.175824 -1.270631
-0.246977 -0.146558 -1.258470
-0.270997 -0.157030 -1.222508
-0.224142 -0.116447 -1.313218
-0.265336 -0.135851 -1.050347
-0.158104 -0.168471 -1.198862
-0.224018 -0.106547 -1.334982
-0.261344 -0.119253 -1.072478
-0.260442 -0.146609 -1.243590
-0.231964 -0.179430 -1.306948
-0.244904 -0.184524 -1.322035
-0.271195 -0.160174 -0.906072
-0.282039 -0.185514 -1.365581
-0.257409 -0.092460 -1.389608
-0.237790 -0.154556 -1.237746
-0.256779 -0.146077 -1.324325
-0.255739 -0.131626 -1.121274
-0.240587 -0.122808 -1.204304
-0.162333 0.157281 4.402584
-0.258814 -0.137671 -1.051309
-0.225962 -0.176985 -1.306576
-0.235807 -0.137095 -1.650392
-0.239905 -0.119954 -1.134387
-0.216645 -0.160868 -1.335749
-0.284177 -0.118616 -1.199461
-0.285976 -0.167911 -0.983231
-0.253828 -0.186888 -1.182592
-0.277664 -0.151680 -1.099746
-0.190878 0.190426 4.224187
-0.274529 -0.171529 -1.344433
-0.265356 -0.172829 -1.135500
-0.235159 -0.131435 -1.567332
-0.244652 -0.172656 -0.950407
-0.230360 -0.210407 -1.070958
-0.276794 -0.171491 -1.319995
-0.260235 -0.129026 -1.172174
-0.258874 -0.142075 -1.178724
-0.271083 -0.156125 -1.327058
-0.272593 -0.150748 -1.113355
-0.230997 -0.152012 -1.433175
-0.247583 -0.181975 -1.259822
-0.248694 -0.174567 -1.104588
-0.226540 -0.107875 -1.103233
-0.178347 -0.217940 -1.200574
-0.191871 -0.171107 -1.101210
-0.236919 -0.186875 -1.088229
-0.224257 -0.132746 -1.219879
-0.269068 -0.123456 -1.082804
-0.266318 -0.129453 -1.212025
-0.277706 -0.141346 -1.197223
-0.245572 -0.148569 -1.025606
-0.271291 -0.145394 -1.368363
-0.260525 -0.194245 -1.230567
-0.229653 -0.113875 -1.177034
-0.269335 -0.112272 -1.156359
-0.290926 -0.138595 -1.269342
-0.278990 -0.156485 -1.324870
-0.309187 -0.163580 -1.046185
-0.282958 -0.196883 -1.349610
-0.265176 -0.176676 -1.482071
-0.252757 -0.195864 -1.141738
-0.244742 -0.145453 -1.388100
-0.255932 -0.145737 -1.075802
-0.249514 -0.177259 -1.142393
-0.241489 -0.159515 -1.332960
-0.252825 -0.179074 -1.007972
-0.234907 -0.172522 -1.374515
-0.233180 -0.164585 -1.386636
-0.255454 -0.102191 -1.364362
-0.224928 -0.011955 -1.051688
-0.258771 -0.152673 -1.088550
-0.257308 -0.137159 -1.081197
-0.258446 -0.153882 -1.127144
-0.232599 -0.190005 -1.246378
-0.240048 -0.222032 -1.059718
-0.254641 -0.162757 -0.948576
-0.293784 -0.144884 -1.294155
-0.256416 -0.184651 -1.242514
-0.230700 -0.104325 -1.045800
0.328881 -0.061433 -1.787927
-0.244343 -0.165494 -1.168479
-0.225687 -0.182442 -0.988989
-0.255924 -0.179146 -1.394503
-0.233134 -0.103797 -1.368137
-0.255598 -0.154330 -1.162392
-0.214643 -0.115984 -1.321178
-0.252981 -0.182617 -0.946515
-0.249508 -0.203546 -1.405965
-0.232181 -0.153537 -1.157119
-0.260679 -0.198212 -1.390859
-0.282414 -0.178081 -1.598404
-0.282274 -0.148293 -1.184646
-0.248746 -0.178221 -1.104736
-0.193224 -0.092422 -1.520885
-0.277571 -0.123668 -1.299300
-0.242075 -0.137408 -1.294555
-0.228340 -0.120975 -1.007136
-0.264974 -0.130696 -1.336806
-0.217745 0.183822 4.665084
-0.241386 -0.216905 -1.474870
-0.247146 -0.187809 -1.195687
-0.291610 -0.172410 -1.142125
-0.229680 -0.123837 -1.169739
-0.245732 -0.138750 -1.172494
-0.305823 -0.163791 -1.005797
-0.262669 -0.204447 -1.201099
-0.274122 -0.170059 -1.399433
-0.234766 -0.155123 -1.557144
-0.289938 -0.187685 -1.023435
-0.249403 -0.168971 -1.196265
-0.251507 -0.145616 -1.250281
-0.253394 -0.177796 -1.111668
-0.286665 -0.144943 -1.079860
-0.241792 -0.153147 -1.120579
-0.225502 -0.131862 -1.213687
-0.264676 -0.129820 -1.077710
-0.211547 -0.153494 -1.389898
-0.261265 -0.183849 -1.444172
-0.299416 0.038975 -1.473457
-0.249008 -0.148885 -1.008916
-0.252420 -0.154189 -1.276926
