-0.362789 -0.465182 -2.764233
-0.311001 -0.454330 -2.863892
-0.381801 -0.459189 -2.723055
-0.321507 -0.431026 -2.899956
-0.361828 -0.494807 9.181055
-0.333847 -0.454408 -2.961907
-0.336809 -0.460885 -2.894747
-0.385583 -0.458589 -2.725361
-0.322211 -0.460769 -2.992268
-0.306428 -0.459883 -2.612193
-0.355896 -0.464233 -2.965486
-0.343688 -0.482280 -2.922459
-0.353512 -0.450477 -2.931564
-0.373775 -0.446157 -2.959792
-0.358832 -0.456753 -3.163325
-0.340094 -0.456981 -2.867698
-0.331067 -0.447424 -2.928621
-0.374353 -0.460438 -2.744732
-0.343282 -0.455313 -2.834539
-0.338193 -0.445652 -2.902053
-0.344183 -0.459695 -2.991243
-0.376426 -0.492855 -2.851201
-0.331884 -0.465518 -3.076298
-0.353030 -0.458323 -2.771212
-0.367364 -0.433433 -2.719272
-0.345228 -0.498493 -2.990308
-0.333273 -0.452652 -2.956437
-0.381679 -0.486446 -2.878719
-0.377878 -0.476867 -2.917403
-0.326824 -0.467515 -2.671471
-0.357365 -0.485437 -2.631469
-0.347989 -0.472523 -2.845551
-0.367801 -0.464440 -2.942282
-0.337935 -0.443115 -2.982529
-0.356618 -0.484301 9.009801
-0.370698 -0.451879 -2.790831
-0.306419 -0.461943 -2.867214
-0.373235 -0.487881 -2.600638
-0.333033 -0.491308 -2.876021
-0.365455 -0.490839 -2.945710
-0.385185 -0.452590 -3.058104
-0.416524 -0.444418 -2.851751
-0.381095 -0.483660 -2.850778
-0.340427 -0.429893 -2.877200
-0.353789 -0.460792 -2.958290
-0.340219 -0.456133 -2.937568
-0.351903 -0.456315 -3.074570
-0.339962 -0.459248 -2.748815
-0.347977 -0.494329 -2.848788
-0.365697 -0.446735 -2.969660
-0.310859 -0.483033 -3.158521
-0.325746 -0.475557 -2.917971
-0.384004 -0.432970 -3.105290
-0.365892 -0.450217 -3.003483
-0.336120 -0.473489 -2.984195
-0.327486 -0.459472 -2.821421
-0.354181 -0.477374 -2.862144
-0.336572 -0.418532 -2.855957
-0.314284 -0.430725 -2.951888
-0.322635 -0.449295 -2.730405
-0.364176 -0.441368 -2.892013
-0.343996 -0.475291 -2.768364
-0.344630 -0.464888 -2.834552
-0.370057 -0.441502 -3.056716
-0.328943 -0.481988 -2.771807
-0.336076 -0.418108 -3.288164
-0.371917 -0.449712 -3.009556
-0.318219 -0.489941 9.370585
-0.297071 -0.497431 -2.804792
-0.374116 -0.499586 -3.186201
-0.320165 -0.439984 -2.684335
-0.338265 -0.468422 -2.851861
-0.313655 -0.456281 -2.764342
-0.374125 -0.436635 -2.887796
-0.378425 -0.479555 -3.079661
-0.352325 -0.443696 -2.685217
-0.320176 -0.456934 -2.799547
-0.388278 -0.453561 -3.188429
-0.317433 -0.456039 -2.856182
-0.387084 -0.481706 -3.017818
-0.346191 -0.460529 -2.770695
-0.306851 -0.491262 -3.095517
-0.367317 -0.482462 -2.992253
-0.333155 -0.434483 -2.891442
-0.354150 -0.467865 -2.672463
-0.350053 -0.467041 -2.921988
-0.346472 -0.454849 -3.277373
-0.343411 -0.446607 -2.891023
-0.334733 -0.472339 -2.824661
-0.338585 -0.447056 -2.531294
-0.385779 -0.435243 -3.067002
-0.317904 -0.454017 -2.863989
-0.349351 -0.441372 -2.733230
-0.346856 -0.487885 -2.811727
-0.343836 -0.426176 -2.788170
-0.328658 -0.460958 -2.994434
-0.324917 -0.465715 -3.114555
-0.363635 -0.469256 -2.969007
-0.370558 -0.454140 -2.834484
-0.334241 -0.471915 -2.896410
-0.330222 -0.444419 -2.820644
-0.358147 -0.475531 -2.846955
-0.298979 -0.465648 -2.873199
-0.321907 -0.470637 -2.738544
-0.340447 -0.456005 -2.993237
-0.351000 -0.441721 -2.607188
-0.335404 -0.462199 -2.525913
-0.329180 -0.471830 -2.909983
-0.358116 -0.493056 9.412704
-0.363080 -0.438611 -3.018445
-0.315121 -0.430845 -2.719277
-0.371482 -0.440820 -2.973081
-0.303492 -0.436594 -3.022049
-0.303665 -0.482128 -2.879425
-0.335731 -0.478736 -2.672142
-0.348427 -0.439463 -2.839964
-0.337980 -0.421410 -2.829628
-0.360460 -0.452161 -2.880540
-0.306742 -0.485898 -3.009295
-0.342990 -0.470537 -2.757404
-0.333088 -0.472002 -3.049220
-0.370545 -0.463585 -2.778901
-0.384358 -0.451936 -2.681927
-0.354173 -0.480094 -2.972929
-0.359821 -0.480176 -2.838025
-0.332774 -0.465657 -2.799060
-0.332949 -0.446857 -3.102949
-0.367249 -0.447200 -2.962922
-0.354248 -0.466918 -3.137532
-0.354537 -0.451704 -3.096084
-0.374703 -0.480120 -2.798026
-0.390008 -0.478465 -2.836618
-0.386455 -0.458490 -3.223606
-0.311262 -0.467574 -3.008204
-0.312628 -0.476834 -2.783769
-0.340016 -0.436491 -2.906806
-0.373282 -0.484535 -2.800044
-0.334647 -0.433688 -3.036543
-0.312325 -0.444522 -2.901660
-0.329994 -0.458591 -3.191703
-0.318177 -0.476016 -2.761560
-0.351055 -0.461067 -3.023514
-0.349249 -0.421188 -2.774740
-0.317659 -0.442223 -3.029287
-0.319268 -0.495235 9.367728
-0.346204 -0.470624 -2.999633
-0.349141 -0.471404 -2.927287
-0.370961 -0.456423 -2.875558
-0.342948 -0.486461 -3.028901
-0.375210 -0.476240 -3.027816
-0.327501 -0.463102 -2.695888
-0.325466 -0.439780 -2.935286
-0.346678 -0.445116 -2.855371
-0.364136 -0.453694 -2.890564
-0.366187 -0.445296 -2.744917
-0.340252 -0.453931 -2.586297
-0.329323 -0.465040 -2.980882
-0.370588 -0.451915 -2.875405
-0.312950 -0.454897 -2.743008
-0.319198 -0.441787 -2.911430
-0.325220 -0.461228 -2.695730
-0.332898 -0.447964 -2.759537
-0.361358 -0.489546 -2.876455
-0.341453 -0.460749 -2.828202
-0.377601 -0.460337 -2.897503
-0.341528 -0.488908 -2.842851
-0.340126 -0.449221 -2.693574
-0.323259 -0.478843 -3.027146
-0.326416 -0.474197 -2.601878
-0.360512 -0.470472 -3.128273
-0.347638 -0.453997 -2.840198
-0.319139 -0.435441 -2.978159
-0.340952 -0.451076 -2.825131
-0.346013 -0.480111 -2.810256
-0.403806 -0.492961 -2.869739
-0.301630 -0.453276 -2.982647
-0.316570 -0.459764 -2.781930
-0.299050 -0.494378 9.242882
-0.342443 -0.477489 -3.082998
-0.323897 -0.451456 -2.652881
-0.377212 -0.471195 -2.972246
-0.350881 -0.482415 -2.841018
-0.349202 -0.443903 -2.797239
-0.344973 -0.456483 -2.985563
-0.321473 -0.448924 -2.958252
-0.366094 -0.436422 -2.993406
-0.362967 -0.449995 -2.818364
-0.344032 -0.434987 -3.084112
-0.331468 -0.445110 -2.691125
-0.305162 -0.493938 9.007314
-0.340991 -0.459383 -2.874520
-0.316676 -0.469991 -2.976762
-0.338353 -0.494764 -2.752171
-0.343148 -0.454839 -3.159121
-0.303418 -0.438396 -2.874466
-0.325009 -0.481733 -3.009502
-0.324823 -0.466960 -2.939772
-0.333568 -0.481862 -2.894651
-0.316339 -0.469634 -2.778196
-0.371037 -0.461675 -2.813746
-0.329889 -0.414780 -2.819449
-0.329573 -0.490961 -3.004527
-0.364184 -0.450366 -2.866642
-0.329060 -0.468030 -2.842103
-0.351527 -0.450573 -3.162913
-0.346085 -0.461876 -2.581084
-0.339267 -0.432612 -2.961003
-0.383601 -0.481661 -2.762121
-0.381140 -0.442576 -2.909274
-0.364343 -0.448130 -2.981925
-0.343133 -0.476037 -2.908068
-0.330494 -0.474662 -2.888147
-0.357874 -0.460273 -2.986046
-0.347911 -0.477385 -2.866474
-0.344164 -0.497313 -2.790828
-0.358119 -0.439876 -2.944871
-0.362008 -0.484387 -3.206187
-0.334409 -0.466774 -2.540827
-0.374353 -0.449991 -2.712582
-0.344511 -0.472052 -3.106491
-0.406660 -0.457624 -2.774415
-0.383919 -0.478351 -2.841090
-0.314708 -0.481883 -2.942662
-0.314479 -0.489290 -3.099205
-0.352856 -0.434472 -2.543394
-0.338017 -0.448482 -2.853710
-0.366259 -0.478271 -2.721885
-0.316022 -0.462100 -2.770760
-0.353591 -0.464744 -2.910347
-0.330492 -0.489815 -2.861205
-0.323669 -0.457364 -2.798299
-0.310505 -0.471311 -2.932463
-0.346347 -0.446598 -2.876652
-0.364122 -0.457055 -2.784051
-0.341734 -0.462023 -2.855579
-0.337915 -0.486243 -2.879360
-0.362732 -0.464893 -2.863562
-0.319117 -0.457579 -2.912282
-0.338805 -0.463270 -2.917120
-0.360397 -0.455769 -3.034807
-0.349436 -0.484944 -2.879640
-0.312584 -0.483149 -2.741617
-0.336203 -0.419431 -3.053734
-0.377216 -0.451066 -3.157567
-0.349272 -0.464668 -2.566281
-0.362679 -0.458131 -2.911183
-0.334587 -0.469111 -2.947357
-0.356764 -0.470787 -2.914208
-0.317677 -0.485383 -2.663513
-0.299532 -0.453237 -2.612281
-0.350991 -0.484246 -2.897326
-0.356057 -0.435235 -2.791650
-0.334290 -0.447411 -2.898928
-0.329712 -0.462386 -3.036810
-0.358569 -0.472377 -2.825373
-0.345154 -0.446557 -2.627239
-0.335255 -0.449922 -2.887871
-0.364036 -0.481122 -2.758640
-0.365590 -0.434488 -2.774744
-0.363245 -0.436692 -2.833984
-0.366997 -0.453774 -3.116392
-0.387492 -0.441630 -2.817482
-0.315295 -0.469112 -2.860620
-0.317841 -0.444107 -2.844460
-0.336497 -0.462628 -3.067810
-0.366014 -0.488117 -2.796671
-0.346361 -0.473093 -3.091723
-0.335974 -0.450801 -2.713301
-0.316508 -0.451268 -3.151506
-0.320359 -0.459208 -2.998939
-0.315280 -0.480613 -2.825203
-0.377484 -0.496615 9.256291
-0.369468 -0.451199 -2.882769
-0.335656 -0.497149 -2.977871
-0.331911 -0.469482 -2.898949
-0.342545 -0.461151 -2.833967
-0.345413 -0.461319 -2.904706
-0.377896 -0.459819 -2.746947
-0.350829 -0.413612 -2.891755
-0.364001 -0.471509 -2.920066
-0.355443 -0.387746 -2.916100
-0.366532 -0.459093 -3.050201
-0.359198 -0.461447 -2.988693
-0.316023 -0.434447 -2.796255
-0.368828 -0.469234 -3.213276
-0.369992 -0.460157 -2.973393
-0.387172 -0.461332 -2.621649
-0.311797 -0.448788 -2.905910
-0.296246 -0.455758 -2.883757
-0.348032 -0.455095 -2.909115
-0.346890 -0.427008 -2.801093
-0.331416 -0.485486 -2.938805
-0.323193 -0.439955 -2.842499
-0.360416 -0.454550 -2.808931
-0.385625 -0.477183 -2.927212
-0.356586 -0.494211 -2.603632
-0.330103 -0.445438 -3.008434
-0.336706 -0.484346 -2.969490
-0.377304 -0.473879 -3.068448
-0.350229 -0.459978 -2.638498
-0.368512 -0.459163 -2.949014
-0.375148 -0.466626 -2.722537
-0.370465 -0.444032 -2.764697
-0.315893 -0.473563 -3.019219
-0.383731 -0.455054 -2.681159
-0.329804 -0.477701 -2.657314
-0.341912 -0.454384 -2.626446
-0.355760 -0.483184 -2.678935
-0.341161 -0.477462 -3.029731
-0.331027 -0.449785 -2.800050
-0.344917 -0.440273 -2.867336
-0.323344 -0.426338 -3.055808
-0.344856 -0.480829 -2.792109
-0.349439 -0.498354 9.177055
-0.355598 -0.479621 -2.828852
-0.366933 -0.452191 -2.757183
-0.416459 -0.448066 -2.855968
-0.342783 -0.427390 -2.979732
-0.356662 -0.460593 -2.926658
-0.326457 -0.489037 -2.656899
-0.349439 -0.480290 -2.840596
-0.365828 -0.477846 -3.127848
-0.356489 -0.481737 -3.066345
-0.398053 -0.463923 -3.047941
-0.319345 -0.479573 -2.618191
-0.364745 -0.455213 -2.763294
-0.386968 -0.494496 9.121665
-0.356875 -0.480513 -2.927548
-0.319474 -0.452259 -2.939506
-0.339232 -0.446867 -2.792101
-0.302223 -0.494975 -2.817233
-0.312693 -0.457386 -2.878954
-0.305738 -0.488210 -2.951858
-0.342361 -0.485519 -2.967137
-0.368179 -0.438448 -2.916985
-0.331625 -0.494410 9.096081
-0.351874 -0.448199 -2.748699
-0.344571 -0.485423 -2.768186
-0.356098 -0.445796 -2.752271
-0.356601 -0.458570 -3.010229
-0.356663 -0.454829 -2.855162
-0.355528 -0.465573 -2.723633
-0.342336 -0.489596 -2.602374
-0.313146 -0.488487 -2.809248
-0.314549 -0.461315 -2.782908
-0.322647 -0.465217 -2.963392
-0.358445 -0.453591 -3.199397
-0.375009 -0.462848 -2.732908
-0.355860 -0.445075 -2.908752
-0.297208 -0.474825 -2.912255
-0.362364 -0.472981 -3.303547
-0.344514 -0.470779 -2.962200
-0.343661 -0.485723 -2.972193
-0.314967 -0.485051 -3.000673
-0.343668 -0.491073 -2.705724
-0.336707 -0.438875 -2.612696
-0.307740 -0.452043 -3.265390
-0.321340 -0.463912 -2.561088
-0.324497 -0.427926 -2.892417
-0.336649 -0.473769 -2.898665
-0.390257 -0.474635 -3.132507
-0.328668 -0.453530 -2.862369
-0.355083 -0.468542 -2.895321
-0.313505 -0.499922 -2.740831
-0.320403 -0.463861 -2.893527
-0.350490 -0.437599 -2.718958
-0.347800 -0.460736 -3.080574
-0.317916 -0.445944 -2.977929
-0.344289 -0.452736 -2.759129
-0.365508 -0.450901 -2.868113
-0.372883 -0.459745 -2.785173
-0.303923 -0.474687 -2.863208
-0.374852 -0.499457 -2.702040
-0.410345 -0.449005 -2.794628
-0.371549 -0.479084 -2.864984
-0.348341 -0.431469 -3.097243
-0.354770 -0.462190 -2.831261
-0.348694 -0.470537 -2.857937
-0.312129 -0.480418 -2.860229
-0.339954 -0.462413 -3.232214
-0.353985 -0.449924 -3.046063
-0.358591 -0.468848 -3.044177
-0.296769 -0.481307 -2.815497
-0.324533 -0.477456 -2.950077
-0.360855 -0.482623 -2.860978
-0.334247 -0.466905 -2.856442
-0.353027 -0.464639 -2.953360
-0.325183 -0.496230 9.190547
-0.373789 -0.473206 -3.056986
-0.388362 -0.457314 -2.901136
-0.389727 -0.449691 -3.092780
-0.364284 -0.456497 -3.123406
-0.341590 -0.481013 -2.803581
-0.351335 -0.486374 9.197459
-0.371146 -0.453156 -2.836505
-0.300617 -0.457033 -2.790861
-0.321021 -0.474484 -2.933498
-0.371009 -0.452026 -2.921787
-0.370841 -0.462811 -3.017443
-0.346184 -0.468904 -2.888123
