-0.354899 -0.454578 5.401729
-0.356359 -0.469460 5.799784
-0.410098 -0.459352 5.509825
-0.329714 -0.483608 5.369265
-0.348850 -0.499146 5.494010
-0.342371 -0.459616 5.643642
-0.375483 -0.496276 5.567252
-0.369922 -0.482259 5.751277
-0.307343 -0.447994 5.761576
-0.365817 -0.475031 5.564017
-0.344606 -0.467691 5.516805
-0.339063 -0.448701 5.389142
-0.346710 -0.447095 5.618312
-0.329782 -0.472092 5.595293
-0.334944 -0.438427 5.707627
-0.383547 -0.499242 5.829871
-0.354891 -0.465895 5.431436
-0.361713 -0.467158 5.428781
-0.364740 -0.447367 5.719353
-0.328039 -0.470531 5.631217
-0.318793 -0.467990 5.617834
-0.340143 -0.476297 5.542078
-0.321230 -0.476976 5.505767
-0.413293 -0.464928 5.497095
-0.337848 -0.456342 5.740152
-0.350160 -0.459607 5.575499
-0.358442 -0.447514 5.547797
-0.339618 -0.467932 5.479450
-0.307724 -0.460843 5.552772
-0.331410 -0.426384 5.466762
-0.371046 -0.486101 5.579865
-0.352046 -0.451794 5.659342
-0.352908 -0.480891 5.397983
-0.366753 -0.481637 5.432626
-0.357134 -0.448284 5.453659
-0.328817 -0.474046 5.536730
-0.319530 -0.455339 5.664758
-0.315278 -0.472478 5.548873
-0.344976 -0.477110 5.427701
-0.309661 -0.458162 5.811127
-0.409539 -0.482233 5.485338
-0.327083 -0.445670 5.792334
-0.360603 -0.462750 5.771899
-0.332707 -0.472511 5.744262
-0.395184 -0.452393 5.742884
-0.357480 -0.476953 5.543793
-0.303933 -0.468687 5.577359
-0.324980 -0.491380 5.744632
-0.300888 -0.460825 5.849064
-0.334795 -0.476506 5.572535
-0.306305 -0.469667 5.666654
-0.364513 -0.451503 5.265516
-0.364581 -0.475052 6.000902
-0.313501 -0.418905 5.296349
-0.336914 -0.488366 5.436350
-0.351293 -0.456652 5.649326
-0.348722 -0.474468 5.573245
-0.330633 -0.476408 5.557702
-0.335652 -0.463086 5.614147
-0.369641 -0.490759 5.658820
-0.371797 -0.446447 5.514228
-0.329904 -0.442129 5.406682
-0.332418 -0.484303 5.764154
-0.373886 -0.489228 5.440336
-0.323011 -0.475666 5.646587
-0.339023 -0.471865 5.560142
-0.325820 -0.462908 5.566792
-0.310107 -0.456012 5.636859
-0.348339 -0.474239 5.789845
-0.366342 -0.474734 5.642303
-0.307431 -0.483355 5.692329
-0.341358 -0.457881 5.559695
-0.406085 -0.461528 5.586973
-0.343950 -0.476995 5.658244
-0.468198 0.132843 -4.108773
-0.337353 -0.461187 5.681461
-0.307363 -0.454348 5.597821
-0.333286 -0.493227 5.788874
-0.411123 -0.476097 5.705514
-0.309472 -0.466103 5.442396
-0.308972 -0.462039 5.582528
-0.343177 -0.438745 5.609722
-0.363166 -0.404680 5.412396
-0.365041 -0.443140 5.556760
-0.307490 -0.464660 5.665667
-0.319951 -0.483443 5.507219
-0.361282 -0.454543 5.617758
-0.327747 -0.446095 5.483801
-0.382276 -0.491603 0.867198
-0.365775 -0.474486 5.454628
-0.314399 -0.473435 5.695362
-0.350781 -0.465395 5.615005
-0.331754 -0.448153 5.464686
-0.312272 -0.482960 5.424324
-0.348175 -0.469390 5.558936
-0.321892 -0.442081 5.539791
-0.319474 -0.485094 5.635409
-0.368221 -0.481226 5.339469
-0.348628 -0.480737 5.722381
-0.318820 -0.461369 5.554996
-0.321289 -0.442915 5.952143
-0.325808 -0.452691 5.722615
-0.411018 -0.491192 5.283807
-0.362751 -0.483981 5.462318
-0.399966 -0.478415 5.656105
-0.341122 -0.473397 5.478935
-0.340625 -0.455625 5.636766
-0.410824 -0.476245 5.514617
-0.317280 -0.462896 5.724388
-0.319132 -0.470212 5.624743
-0.361594 -0.471497 5.671699
-0.353400 -0.483567 5.642768
-0.403695 -0.455418 5.580945
-0.358062 -0.451305 5.609249
-0.486898 0.133269 7.718140
-0.335189 -0.482082 5.484812
-0.373358 -0.455127 5.744456
-0.323481 -0.477858 5.448434
-0.362571 -0.468118 5.754952
-0.377348 -0.488199 5.517009
-0.349750 -0.459663 5.306300
-0.342514 -0.461849 5.639659
-0.326029 -0.447020 5.501896
-0.335685 -0.450232 5.650286
-0.349617 -0.445944 5.448404
-0.360625 -0.469300 5.459743
-0.318874 -0.451834 5.538422
-0.325526 -0.471208 5.690812
-0.457000 0.100424 -4.420052
-0.340588 -0.457188 5.764601
-0.340365 -0.496244 0.642293
-0.347444 -0.448722 5.618320
-0.339026 -0.472171 5.552396
-0.308469 -0.463939 5.476615
-0.341608 -0.468834 5.399115
-0.326042 -0.469008 5.483544
-0.343728 -0.495131 0.809794
-0.310125 -0.470556 5.455863
-0.316187 -0.481627 5.743969
-0.304626 -0.454353 5.684764
-0.339033 -0.488193 5.713944
-0.321797 -0.478483 5.770304
-0.316375 -0.446113 5.644529
-0.322008 -0.475134 5.722275
-0.359234 -0.481758 5.266191
-0.328525 -0.460753 5.693088
-0.315753 -0.471452 5.768170
-0.359262 -0.469510 5.409744
-0.364035 -0.466306 5.463325
-0.371598 -0.483987 5.542086
-0.348666 -0.447234 5.282767
-0.352750 -0.454222 5.752534
-0.345429 -0.435392 5.491783
-0.400111 -0.469551 5.509258
-0.329688 -0.496053 5.484232
-0.327704 -0.468211 5.446271
-0.322649 -0.462689 5.710382
-0.339240 -0.454557 5.575252
-0.362857 -0.448594 5.561344
-0.329859 -0.483992 5.663236
-0.337860 -0.471859 5.429334
-0.305205 -0.457493 5.493402
-0.336901 -0.479683 5.512672
-0.302370 -0.451382 5.619305
-0.363142 -0.449188 5.479253
-0.356001 -0.451199 5.445995
-0.314943 -0.452937 5.647969
-0.332469 -0.475824 5.464763
-0.363907 -0.473240 5.503693
-0.320993 -0.478865 5.575208
-0.358419 -0.451849 5.501845
-0.362981 -0.415288 5.453612
-0.376035 -0.491626 5.657045
-0.359826 -0.469262 5.619576
-0.327933 -0.465169 5.641425
-0.332333 -0.469194 5.811127
-0.317764 -0.440641 5.522006
-0.342269 -0.438593 5.560127
-0.350103 -0.445069 5.560622
-0.322844 -0.456913 5.467199
-0.357123 -0.463489 5.616852
-0.417838 -0.460187 5.356437
-0.368477 -0.481561 5.531106
-0.324095 -0.448029 5.610342
-0.360853 -0.456621 5.961963
-0.329141 -0.432572 5.721801
-0.342662 -0.470824 5.745788
-0.359076 -0.470867 5.803492
-0.493185 -0.484798 9.092302
-0.337371 -0.465142 5.769206
-0.345800 -0.473936 5.608485
-0.343879 -0.445929 5.400099
-0.348760 -0.492130 5.655154
-0.318006 -0.428897 5.608532
-0.462358 0.065786 -4.358294
-0.326280 -0.457691 5.603229
-0.322090 -0.475632 5.660328
-0.337495 -0.473549 5.493319
-0.320585 -0.496253 5.588278
-0.320497 -0.464567 5.533078
-0.492221 0.099001 -4.409350
-0.326118 -0.477725 5.626873
-0.335815 -0.484845 5.616131
-0.360850 -0.451677 5.843510
-0.332413 -0.453909 5.550076
-0.335350 -0.437656 5.384893
-0.322760 -0.471675 5.408262
-0.358719 -0.463881 5.503939
-0.467675 0.129410 -4.317496
-0.349914 -0.463998 5.507736
-0.335299 -0.477825 5.428394
-0.361000 -0.455509 5.750731
-0.328577 -0.488311 5.509132
-0.360284 -0.470848 5.757375
-0.372143 -0.481234 5.877539
-0.344738 -0.452692 5.593413
-0.340039 -0.470361 5.546425
-0.316943 -0.487983 5.544983
-0.366980 -0.465766 5.801666
-0.319154 -0.457846 5.632923
-0.326315 -0.447532 5.609970
-0.411079 -0.469443 5.725523
-0.361124 -0.489624 0.853296
-0.321022 -0.450121 5.598681
-0.327746 -0.434347 5.514279
-0.326065 -0.476164 5.856836
-0.338542 -0.488745 5.563176
-0.357343 -0.473442 5.556123
-0.356235 -0.491820 5.531685
-0.413343 -0.463313 5.811041
-0.363909 -0.463043 5.780338
-0.354270 -0.481272 5.687501
-0.321203 -0.473394 5.525969
-0.304783 -0.453195 5.433098
-0.358662 -0.453548 5.634376
-0.318758 -0.477336 5.619260
-0.410412 -0.480712 5.596133
-0.352420 -0.440726 5.751968
-0.357856 -0.450897 5.590657
-0.336989 -0.477210 5.626914
-0.413648 -0.493486 5.677735
-0.346455 -0.451555 5.858022
-0.405862 -0.447487 5.743035
-0.313787 -0.478242 5.325040
-0.336482 -0.459582 5.377307
-0.326821 -0.466479 5.469170
-0.337372 -0.452593 5.609614
-0.362294 -0.467112 5.704540
-0.313117 -0.474982 5.596619
-0.369541 -0.493551 0.712195
-0.330600 -0.485397 5.541488
-0.319265 -0.449091 5.574883
-0.360211 -0.470918 5.753438
-0.322350 -0.469705 5.617464
-0.333491 -0.466375 5.449428
-0.317823 -0.467329 5.612575
-0.334499 -0.460250 5.747388
-0.321693 -0.468342 5.914128
-0.315029 -0.473048 5.584311
-0.341598 -0.450063 5.633430
-0.349462 -0.456642 5.673244
-0.334764 -0.482862 5.521178
-0.336659 -0.475440 5.307288
-0.329992 -0.462925 5.764633
-0.327757 -0.463535 5.594226
-0.306296 -0.474967 5.667840
-0.367581 -0.483939 5.616689
-0.325730 -0.456151 5.766096
-0.338059 -0.491874 5.579912
-0.414481 -0.463770 5.702566
-0.362348 -0.496829 0.967188
-0.343626 -0.466929 5.371056
-0.349741 -0.467500 5.484858
-0.356384 -0.467129 5.469016
-0.359909 -0.454221 5.671387
-0.343980 -0.471758 5.479857
-0.395416 -0.462628 5.531204
-0.316887 -0.482481 5.685819
-0.361124 -0.471502 5.644487
-0.398663 -0.489305 1.009240
-0.320363 -0.484624 5.630486
-0.356727 -0.464278 5.515821
-0.320826 -0.441595 5.704456
-0.411304 -0.475555 5.372057
-0.497717 0.133609 -4.330477
-0.356859 -0.442539 5.615290
-0.402375 -0.462712 5.730345
-0.335700 -0.477705 5.818278
-0.348808 -0.470569 5.427957
-0.303696 -0.475049 5.677511
-0.348042 -0.430165 5.720071
-0.353473 -0.473311 5.500391
-0.362459 -0.438456 5.776862
-0.353355 -0.465182 5.688509
-0.307470 -0.438273 5.583143
-0.363698 -0.462168 5.631885
-0.345026 -0.498085 0.894888
-0.329398 -0.486915 5.623218
-0.309809 -0.455808 5.403762
-0.363828 -0.471062 5.826067
-0.333780 -0.472403 5.699216
-0.360740 -0.450428 5.651606
-0.363457 -0.450657 5.699528
-0.364015 -0.459878 5.656549
-0.327354 -0.490619 5.573692
-0.366629 -0.481206 5.622542
-0.332946 -0.475722 5.847520
-0.306202 -0.419418 5.372940
-0.359145 -0.480842 5.566925
-0.326169 -0.470905 5.699662
-0.318864 -0.453888 5.158511
-0.318816 -0.451928 5.648970
-0.319192 -0.468879 5.673020
-0.320948 -0.461373 5.636406
-0.356588 -0.471371 5.689776
-0.327336 -0.455147 5.430092
-0.357868 -0.465367 5.827749
-0.350372 -0.445081 5.586334
-0.363227 -0.493159 5.508498
-0.372562 -0.471766 5.486095
-0.305815 -0.444832 5.474875
-0.346723 -0.458892 5.664291
-0.453987 0.135719 -4.379528
-0.327109 -0.464966 5.372972
-0.312919 -0.442288 5.649200
-0.303516 -0.455275 5.732694
-0.357110 -0.484066 5.668485
-0.374634 -0.486870 5.868003
-0.300968 -0.444477 5.873412
-0.330598 -0.451039 5.350453
-0.356902 -0.448341 5.602473
-0.369842 -0.460759 5.819420
-0.345252 -0.436662 5.399789
-0.322390 -0.451382 5.652104
-0.330060 -0.476502 5.357235
-0.319337 -0.455938 5.647219
-0.357284 -0.483574 5.624553
-0.320470 -0.454993 5.572082
-0.345878 -0.454557 5.766306
-0.312665 -0.472441 5.512484
-0.343380 -0.469778 5.340099
-0.367320 -0.465905 5.393444
-0.315205 -0.453506 5.593649
-0.320861 -0.456947 5.727699
-0.340942 -0.479276 5.451540
-0.317335 -0.426780 5.552307
-0.324866 -0.481842 5.523225
-0.323970 -0.460688 5.773838
-0.328364 -0.447431 5.553393
-0.330484 -0.475158 5.594511
-0.316617 -0.453098 5.509823
-0.373014 -0.486673 5.987965
-0.331958 -0.447474 5.545489
-0.334399 -0.473927 5.660249
-0.364457 -0.471660 5.685599
-0.497304 -0.460052 5.671083
-0.327354 -0.489161 5.471184
-0.463439 -0.477904 0.805103
-0.435190 0.125675 -4.510253
-0.324343 -0.470433 5.762916
-0.302865 -0.452074 5.604255
-0.327083 -0.465662 5.646134
-0.341397 -0.452924 5.418893
-0.305419 -0.441971 5.527818
-0.360195 -0.496765 0.670783
-0.355551 -0.455096 5.617437
-0.342779 -0.449689 5.445096
-0.363447 -0.486505 5.541131
-0.303237 -0.484682 5.415985
-0.348713 -0.452318 5.749306
-0.335559 -0.451600 5.621485
-0.351467 -0.476070 5.511258
-0.324998 -0.470036 5.662592
-0.324040 -0.476161 5.610419
-0.332109 -0.454917 5.555294
-0.348438 -0.465527 5.567818
-0.352442 -0.437357 5.266822
-0.379556 -0.493126 0.673164
-0.316803 -0.472923 5.783643
-0.337030 -0.490455 5.737226
-0.346174 -0.475328 5.794344
-0.365364 -0.453342 5.691653
-0.315080 -0.453822 5.431899
-0.328993 -0.476020 5.461065
-0.316947 -0.423799 5.476232
-0.356293 -0.480303 5.687245
-0.316735 -0.477612 5.549949
-0.324677 -0.479347 5.738223
-0.401851 -0.451716 5.874085
-0.347183 -0.482119 5.248987
-0.338018 -0.487372 5.622843
-0.348196 -0.473427 5.412416
-0.320131 -0.456931 5.594213
-0.323516 -0.483064 5.525949
-0.332741 -0.484608 5.709024
-0.306993 -0.424480 5.494561
-0.345928 -0.444073 5.359116
-0.356300 -0.461491 5.472727
-0.330727 -0.468867 5.604710
-0.336273 -0.481440 5.654400
