0.345157 -0.190479 2.855009
0.214122 -0.477820 2.994410
0.187074 0.325055 3.040034
0.305913 0.237843 2.701746
0.285137 0.361642 2.670417
0.438329 0.372142 3.065079
0.306790 0.377388 2.778695
-0.445447 -0.215882 2.803568
0.401726 0.037746 3.105545
0.364285 0.255022 2.979080
-0.236307 0.032600 3.107771
-0.160123 0.013937 2.997750
-0.235220 -0.033570 2.660005
0.002230 -0.492322 2.811495
0.077427 -0.438405 2.959088
-0.030829 0.408539 3.002928
-0.009863 0.451956 2.674706
0.081107 0.129358 2.776065
-0.003416 0.172891 3.065826
0.049483 -0.017051 3.385532
0.046475 0.174132 2.835356
0.131354 0.107674 2.965130
-0.055293 -0.410512 2.671239
0.093509 -0.329935 2.622654
0.124843 -0.194247 2.938194
0.081081 -0.469047 2.779572
0.134344 -0.361457 3.095152
0.094296 0.414792 3.036708
0.221765 -0.201566 2.902837
0.193619 0.201921 3.073920
0.196604 0.428987 2.986841
0.301653 -0.015695 2.916300
0.288226 -0.284707 2.919674
0.371963 0.101836 3.082861
0.193122 -0.234366 3.155474
0.172707 0.289944 3.152967
0.213749 0.408729 2.986806
0.202284 0.478258 2.736099
-0.358702 0.302749 2.861946
-0.240511 -0.094971 3.222445
0.458986 0.040496 2.834324
-0.141148 -0.037443 2.905711
-0.242833 0.193579 2.796604
-0.106742 0.191679 3.055613
0.007788 0.298584 2.917272
-0.042266 -0.484771 2.952559
0.031326 0.355058 2.795186
-0.029112 0.334545 2.916161
0.062123 0.397366 3.002971
0.074038 0.306952 2.998368
-0.029686 -0.346831 3.345211
0.215547 0.257276 2.740487
0.167619 0.035205 2.801308
0.181034 -0.129550 3.270543
0.241852 0.423304 2.954232
0.182198 0.113028 3.261790
0.122776 0.053374 3.008386
0.358563 -0.479295 2.967419
0.187706 -0.238385 2.772116
0.198013 -0.265276 3.092269
0.279312 0.214152 2.914471
0.188382 0.322851 2.803499
0.146634 0.220830 2.949411
0.224401 -0.385688 2.884710
0.219685 -0.125606 2.879258
0.302413 0.316068 2.912893
0.260242 0.078149 3.105290
0.386823 -0.490036 2.858392
0.404475 -0.113873 3.013291
0.310581 0.479925 2.928072
-0.258390 -0.109561 2.880905
-0.289261 -0.091167 2.941552
-0.211500 -0.246926 2.927030
-0.253313 0.395786 2.851391
-0.176963 -0.362173 2.759308
-0.077709 0.031302 2.927167
-0.063845 -0.473094 3.181868
-0.074983 0.400757 3.010386
0.059310 0.284362 2.887447
0.201598 0.347739 2.811684
0.116925 0.351419 2.882834
0.099148 0.118618 2.846217
0.066433 -0.354472 2.906629
0.171323 0.324971 2.662922
0.037917 -0.285647 2.950175
0.081662 0.470840 2.626058
0.191335 -0.146967 3.132414
0.202594 -0.461696 3.025620
0.237744 0.219465 3.109470
0.213129 -0.422962 3.013172
0.220578 0.391476 2.865293
0.295387 0.231514 2.797010
0.284349 0.362888 3.021595
0.234582 0.397374 2.920364
0.223221 0.326970 2.931638
0.290010 -0.412355 2.966162
0.317057 0.338208 2.958007
0.393247 -0.164412 2.937256
0.344593 0.415707 2.856416
-0.325830 -0.273410 2.850297
0.452616 0.310063 3.135016
-0.111238 0.060008 3.009564
-0.175656 0.253668 3.029278
-0.190384 -0.021318 2.836790
-0.106643 -0.477017 2.938667
0.092234 0.437581 2.772605
-0.072267 -0.425786 2.571433
-0.086369 0.256579 2.759625
-0.087496 -0.290402 3.092575
0.067383 0.128069 2.958002
-0.056100 -0.318390 2.675609
0.114994 -0.311590 3.038891
0.121921 0.144177 2.878045
0.157414 0.270153 2.750280
-0.008897 -0.409884 3.210112
0.269171 0.418155 2.760392
0.053500 0.448942 2.753071
0.171707 -0.481933 3.153814
0.281087 0.067075 3.074752
0.216606 0.424986 2.842014
0.223616 -0.270558 3.044564
0.277990 0.340735 3.070830
0.392799 -0.489588 2.777161
0.302962 0.481985 3.154395
0.244546 -0.487277 3.103015
0.162715 0.181286 2.894819
0.225763 -0.185880 2.873448
0.384965 0.072150 3.137055
0.405443 -0.001620 3.308653
-0.444855 -0.229805 2.879796
-0.320306 -0.359017 2.919200
-0.190915 0.264188 3.126059
0.007869 0.429254 2.929320
-0.157242 -0.358664 2.567460
-0.121364 0.232299 2.926337
-0.056327 0.095257 2.996062
-0.088698 0.168810 2.853598
-0.027777 0.050524 3.022722
0.110867 0.352592 3.002303
0.111341 0.182240 2.748507
-0.052766 -0.302569 2.968272
0.055659 0.264826 2.949784
0.125185 0.279713 2.771889
0.182101 0.076132 2.898296
0.149549 0.284967 2.749240
0.108329 -0.252006 2.947480
0.037406 -0.341622 3.062213
0.157095 -0.170349 2.874624
0.164434 0.453782 2.882252
0.316126 0.428959 3.007256
0.185756 -0.297240 3.007240
0.277657 -0.060430 2.906386
0.117123 0.305361 2.906265
0.191254 0.346470 3.112840
0.318849 -0.249952 2.777663
0.368441 -0.491136 3.017252
0.379067 0.046515 2.901575
0.406746 -0.215518 2.936112
-0.469375 -0.265805 2.775386
0.424440 0.129312 3.149731
0.431002 0.299577 2.912036
-0.140394 0.275881 2.821693
0.415856 0.415082 2.957170
-0.093768 0.228416 3.006650
-0.056848 0.233216 2.767678
-0.126256 -0.402664 3.057722
-0.013059 0.292333 2.902752
-0.128360 -0.443684 2.762113
0.111152 -0.281058 3.040942
0.110204 0.159228 3.054150
0.004605 -0.255685 3.232018
0.121640 0.250992 2.622505
0.056712 0.240888 3.008470
0.105304 0.210109 2.770570
0.150981 0.286788 2.976230
0.170717 0.265163 2.979016
0.114757 0.189556 2.997962
0.161831 -0.343900 3.026767
0.228926 0.031012 2.810964
0.122332 -0.307436 3.012129
0.230139 -0.069419 2.856351
0.228670 0.084008 2.910137
0.218516 0.388052 2.877259
0.340227 0.347935 2.849014
0.349459 0.321477 2.994853
0.366188 0.379253 2.994479
0.296183 0.253376 2.949339
0.434625 0.032654 2.956727
0.219709 -0.479078 2.864692
0.421484 0.418812 2.965052
-0.247455 -0.310745 2.849790
-0.251455 -0.040559 2.750199
-0.111263 0.094369 2.920387
-0.202345 -0.231879 2.939738
-0.182673 0.237236 2.964730
0.000947 0.399141 2.953931
0.034188 0.162113 3.086144
-0.098364 -0.325869 2.953328
-0.132352 -0.209494 3.086982
0.055142 0.249017 2.925222
0.091725 0.077329 2.964356
0.115603 0.143295 3.248795
0.073757 -0.393531 2.892833
0.054671 0.213235 2.977785
0.037169 -0.274657 3.055095
0.091363 0.386745 2.881892
0.209287 0.138076 2.879837
0.267465 0.385863 3.082865
0.177287 0.289020 2.937156
0.222404 -0.146843 2.869724
0.063825 0.297436 2.929318
0.199124 0.225555 2.865044
0.081354 0.106182 2.883374
0.401998 0.176609 2.846136
0.276210 0.472864 2.966116
0.236342 0.493063 2.887034
0.250571 0.282259 3.006213
-0.312294 0.394799 2.873752
0.433317 0.027494 3.304780
-0.488035 0.277073 2.973785
0.325881 0.186011 2.810124
-0.235190 -0.289972 2.917546
-0.173146 0.155260 3.015268
-0.231177 0.138670 2.847562
-0.056197 0.255402 2.874692
-0.126059 0.424117 2.818632
0.039984 0.330115 2.637325
-0.133449 -0.331914 3.015728
0.070553 0.359359 3.138989
0.095734 0.377449 2.871818
-0.040967 -0.388629 3.193750
-0.007787 0.495914 3.094359
-0.009349 -0.266188 3.267364
0.149214 0.315941 2.816859
0.090924 0.451095 2.979365
0.230442 0.379328 3.024197
0.206069 0.236663 2.750597
0.149448 0.076379 3.151590
0.004900 -0.442200 2.990196
0.192097 0.113406 3.021233
0.137116 -0.193299 3.059632
0.190450 -0.285903 3.000520
0.238714 -0.124575 3.123637
0.114645 0.379030 2.833659
0.158010 0.321834 3.006958
0.267693 -0.289353 3.170074
0.351231 0.271972 2.739043
0.347754 -0.028860 3.200481
0.236251 -0.371203 2.843798
-0.495866 0.342982 2.799898
0.454359 -0.026125 3.222885
-0.182415 -0.044855 2.713472
0.395945 -0.240782 3.101162
-0.148957 0.387067 2.997663
-0.223406 -0.112019 2.961265
0.042632 0.378166 2.983594
-0.165112 0.104848 2.899913
-0.022342 0.230581 2.849882
0.063026 0.095984 3.071121
0.054217 0.273342 3.036573
-0.081310 -0.290262 2.661391
0.120541 0.017319 3.181421
0.001769 -0.241823 3.315576
0.160402 -0.412066 2.929167
0.070308 0.080076 2.967976
0.206051 0.326106 2.838555
0.228549 0.323486 2.893185
0.065067 0.407976 2.705275
0.041634 -0.381837 3.012078
0.154767 -0.099764 2.863980
0.194509 -0.180793 3.082327
0.115103 -0.287747 2.776635
0.200182 -0.220190 3.148235
0.200845 -0.140898 2.960618
0.159114 -0.378665 3.242768
0.292101 0.143862 3.028986
0.484307 0.265098 3.113431
0.322820 0.297597 2.721394
-0.468395 -0.222564 2.519590
0.381132 0.352440 2.682427
-0.456055 -0.196878 2.592016
-0.479384 0.369301 3.040165
-0.185842 0.129411 2.653182
-0.120470 -0.436219 2.860706
-0.047762 0.326248 2.696787
-0.194499 -0.342546 2.992667
0.088695 -0.492068 2.784829
0.002839 0.261342 3.213019
-0.139114 -0.378894 2.972009
0.084478 0.267932 2.849503
0.088222 0.402130 2.697912
0.111284 0.206950 2.981317
0.039652 0.453869 3.036284
0.146612 -0.125262 2.926849
0.151801 0.217281 2.900802
0.216189 0.358527 3.102754
0.192836 0.085380 2.842989
0.129794 0.069089 2.823551
0.180964 0.083897 3.075280
0.029770 0.455469 2.966541
0.257131 0.211036 3.160875
0.058999 -0.391001 3.087664
0.193521 -0.347944 3.111322
0.142938 -0.425656 2.981182
0.134714 0.439142 2.740186
0.225582 0.300103 2.763255
0.331546 0.495234 3.051179
0.423607 0.294471 3.028658
0.338252 -0.187550 2.804293
-0.407710 -0.213440 2.829927
0.444251 0.018056 3.170918
-0.310932 0.127932 2.679700
-0.134257 0.181474 2.915417
-0.217742 0.217982 3.001938
-0.016608 0.190121 2.914757
-0.101115 0.054606 2.976736
0.026066 0.249260 2.894995
-0.134766 0.349792 2.948217
-0.103391 -0.402096 3.075838
-0.096860 -0.489457 3.003819
-0.046073 -0.292684 2.871355
0.095661 0.041842 2.980910
-0.062148 0.289044 2.892893
0.001078 -0.461306 3.093305
0.098393 -0.058540 3.220145
0.198681 0.316524 2.943920
0.231503 0.155852 2.923549
0.173856 -0.158356 3.085351
0.275691 0.290968 2.712898
0.156004 0.104320 3.035851
0.327332 0.330027 2.915502
0.209737 -0.180497 3.006714
0.178822 -0.312468 3.072161
0.131672 0.257664 3.261926
0.281598 0.472256 2.934623
0.244363 -0.357136 2.898417
0.235414 0.257956 3.036535
0.405005 0.112746 3.015533
0.415182 0.377548 2.813109
0.228899 -0.379293 2.823966
0.469326 -0.292244 2.907461
-0.157575 0.184631 2.924413
-0.158599 0.282115 2.680183
-0.089550 0.063380 2.840958
-0.021525 0.189439 2.956277
-0.092808 0.222288 3.205386
-0.066437 -0.404238 3.116169
0.063872 0.378567 2.974653
-0.036796 -0.339699 2.978157
-0.024111 -0.400129 2.906097
-0.086048 -0.387452 2.605350
0.157104 0.307923 3.394430
0.064763 -0.496298 3.077929
0.091618 0.274085 3.100350
0.063426 -0.489944 2.871143
0.032353 0.437811 2.750743
0.175624 -0.496162 2.943305
0.164328 0.306410 3.166436
0.269435 0.267647 3.029808
0.123542 -0.323855 2.781377
0.195155 -0.128780 2.882844
0.158741 -0.229910 2.954806
0.156998 -0.413184 3.046552
0.260943 0.420193 2.607652
0.273297 0.469375 2.957230
0.358144 0.279274 3.119200
0.377870 -0.309817 3.052304
-0.457357 -0.184136 2.786500
0.428743 -0.079204 2.910643
-0.140609 0.046067 3.022035
-0.286508 0.492360 3.021352
-0.277959 0.049152 2.850078
-0.163018 0.001874 3.133320
-0.144151 -0.103008 2.927943
-0.069303 0.076387 3.157841
-0.046784 -0.391933 3.097434
-0.092617 0.028667 2.813778
-0.004326 0.222035 2.841267
0.042897 0.181270 3.032321
0.049671 0.245077 2.938810
0.061531 0.244951 3.009395
0.082223 0.144536 2.981997
0.046012 0.248282 2.755560
0.142090 0.293880 2.910685
0.208111 0.462099 2.551576
0.139316 0.272431 3.064009
0.140555 0.100013 2.986871
0.082282 0.436141 2.909106
0.238187 0.499854 2.711587
0.142405 0.454951 2.920188
0.141570 -0.129305 2.998386
0.163200 0.361212 2.940961
0.175234 -0.158161 3.015171
0.182057 -0.295980 3.062590
0.224989 -0.377028 2.758792
0.390287 -0.166249 3.004874
0.213793 -0.294782 2.815466
0.338328 0.251999 2.936666
0.341057 0.191480 2.946937
0.371724 -0.123859 3.293999
-0.346206 -0.040010 3.173068
-0.190852 -0.021702 2.832800
-0.237372 0.417845 2.662462
-0.218694 0.147174 2.707515
-0.145220 0.028108 2.933533
-0.007244 0.408325 2.788734
-0.107506 0.469905 2.929371
-0.022620 0.049418 2.983801
0.008867 -0.403943 2.953017
0.022897 0.133898 2.852244
-0.063091 0.495076 2.992943
0.092480 0.147248 2.950941
-0.000498 0.067471 2.869921
0.105927 0.339790 2.630726
0.250403 0.291845 2.855460
0.166390 0.263372 3.094852
0.178787 0.069766 2.874682
0.137377 0.180432 2.843897
0.204787 -0.004914 3.050438
0.175675 -0.025842 3.150506
0.199727 -0.087339 2.947987
0.210042 -0.335854 2.751975
0.285255 0.025874 3.198867
0.342552 -0.221052 2.886341
0.186029 0.335688 3.010556
0.446336 0.038333 3.217879
0.397535 0.142994 3.032208
0.276868 -0.036987 2.843886
0.327378 0.288506 2.798368
-0.232682 -0.413798 2.880991
0.270015 0.441608 2.876479
-0.153419 0.182912 2.923322
-0.387961 0.036880 2.987223
-0.038922 0.496686 2.860219
-0.080562 0.321055 3.045678
-0.045222 0.289136 2.815896
0.050699 0.299659 2.944152
0.019598 0.230632 3.015475
-0.015903 0.157231 2.868368
-0.113114 -0.333761 3.089694
-0.078658 -0.449378 3.058803
0.098596 0.025911 3.054843
0.142409 0.035619 2.875220
0.175400 0.167973 2.874153
0.124701 0.212171 2.656540
0.152555 0.121697 3.010903
0.160163 0.104874 2.945489
0.174178 0.419172 2.787643
0.305433 0.274491 3.077679
0.205071 0.162902 2.989222
0.253803 0.311611 2.913297
0.275784 0.151996 2.884579
0.118914 -0.211708 2.991281
0.296221 -0.210042 3.039285
0.318390 -0.455009 3.117478
0.309962 0.449514 2.769399
0.399399 -0.240465 2.673360
0.329079 0.426576 2.899274
0.384590 0.282204 2.599089
-0.420065 0.108733 3.028962
-0.077499 -0.452839 2.984811
-0.316722 -0.033228 3.108393
-0.149065 0.313343 2.911993
-0.071066 0.211019 3.092994
-0.143586 0.041861 3.012087
-0.036854 0.296927 3.002946
-0.173659 -0.451325 3.054520
-0.022347 0.108551 3.043982
0.067783 0.124720 3.006579
-0.042748 -0.216515 3.252892
0.098420 0.197784 2.690669
-0.007408 -0.386987 3.052288
0.117486 0.095982 2.942744
0.166023 0.031686 3.072949
0.104999 -0.241780 3.043850
0.263224 -0.489438 3.029678
0.254399 0.390674 2.893290
0.136650 0.143631 2.915698
0.214671 0.348875 2.904841
0.054990 -0.425568 3.197777
0.109512 0.254157 2.768156
0.181164 -0.152661 2.862751
0.271803 -0.199475 3.164516
-0.414770 -0.249185 2.926123
0.276173 0.402505 3.062894
0.369846 -0.291118 2.998732
0.239662 -0.324002 2.749769
0.180014 0.229299 2.984569
0.326759 0.482547 2.972159
-0.347150 0.055908 2.895636
-0.191744 0.004455 2.563783
-0.297596 0.027338 2.991702
-0.130938 -0.423889 2.908884
0.019701 0.473468 2.696907
-0.148993 0.023475 2.755508
-0.096716 -0.027496 2.864331
0.016945 -0.384678 2.927277
-0.111227 -0.373943 2.977787
0.012361 0.296374 3.105616
-0.016780 0.171596 2.812502
-0.080912 -0.372671 2.976268
0.071372 0.116520 3.004423
-0.041905 -0.299880 2.979915
0.004831 0.485762 2.821510
0.188067 -0.123809 2.990032
0.153973 0.284967 2.782885
0.198939 0.260478 3.172747
0.061901 0.044290 3.027268
0.011474 -0.435361 2.882851
0.333203 -0.483714 3.062387
0.194295 0.001274 3.193207
0.351147 0.135908 3.135035
0.139066 0.382145 3.024247
0.108573 0.418076 2.919348
0.405046 -0.112397 2.840101
0.278082 0.342036 2.979693
0.292948 0.391810 2.911449
0.425721 -0.302889 2.798618
0.300047 0.339112 2.911746
0.412110 0.385636 2.666468
0.482342 -0.253501 2.779734
-0.189811 0.395879 2.955858
-0.268964 0.081005 2.843028
-0.111307 0.163885 3.235640
-0.196450 0.100744 2.894420
-0.051266 0.434617 2.939854
-0.117609 -0.332921 2.865320
-0.030728 0.292395 2.800538
0.019497 0.319539 2.905443
0.092554 0.244597 3.015050
0.050540 0.291572 2.919617
0.089058 0.079531 3.047064
0.121754 0.042482 3.018087
0.083977 0.476140 2.736764
0.057053 0.448830 2.871031
0.227969 0.155827 2.894282
0.115564 0.042484 2.806262
0.020118 -0.319007 2.797402
0.320257 0.393385 2.875654
0.193701 -0.057413 3.103985
0.179103 -0.108884 2.801883
0.136822 0.457196 3.274659
0.290835 -0.140911 2.990894
0.347355 0.037629 2.964948
0.183560 0.374949 2.592622
0.422561 0.371467 2.873508
-0.341029 -0.262115 2.771104
0.290756 0.459375 2.755485
0.486295 -0.088726 2.961137
-0.220890 0.069171 2.549706
0.273588 0.416344 3.102074
-0.192635 0.131210 2.926984
-0.133194 0.111344 2.835924
-0.231246 0.196099 2.824790
-0.085799 0.225686 2.983825
-0.117030 0.432479 3.054434
-0.053834 0.079626 2.822614
0.058609 0.437344 2.856949
-0.158819 -0.339023 2.839990
0.021737 0.242956 2.973749
0.075752 0.248534 2.967340
0.131678 0.211730 3.290087
0.223326 0.266453 2.956633
0.264211 0.265552 2.998858
0.180997 0.123278 2.999032
0.194577 -0.323230 3.108687
0.303188 0.226661 2.805512
0.249770 0.285778 3.047543
0.246097 0.243636 3.038918
0.116269 -0.168447 2.849714
0.195789 0.087098 3.247595
0.100262 -0.374188 3.027733
0.052636 0.499961 2.733955
0.120824 -0.495277 3.122619
0.335910 -0.321682 2.662836
0.286831 -0.360135 3.035867
0.279407 0.397878 2.948722
0.357581 0.240321 2.647812
0.483626 -0.285141 3.132281
-0.413448 -0.049038 3.110683
0.361346 0.375937 2.998106
-0.236349 0.414282 2.910670
-0.179250 0.038476 2.929026
-0.081345 0.437622 2.715870
-0.069589 0.446426 3.161835
-0.010602 0.268448 2.822280
-0.074985 0.118011 2.618565
-0.053327 -0.427738 2.769767
0.066506 0.233364 2.664913
0.080763 0.403235 3.072727
0.130215 0.080206 3.002209
-0.048847 -0.304435 2.777373
-0.000494 0.395425 3.037262
0.256240 0.264693 3.194740
0.264568 0.461071 2.794407
0.182120 0.424447 2.711435
0.199732 0.230606 3.062909
0.255145 0.453347 2.869066
0.275630 0.369086 2.844691
0.215311 -0.047120 2.987043
0.289856 0.319032 3.091457
0.156038 0.375631 2.849259
0.103124 0.313913 3.024719
0.343989 -0.150068 3.060087
0.389318 0.086144 3.271615
0.239756 -0.467909 2.966782
0.340353 -0.227166 3.208975
0.168827 0.467607 2.859437
0.330007 0.384057 3.156513
-0.248103 -0.313197 3.027306
-0.241794 -0.008364 2.746945
-0.178248 0.063126 2.807412
-0.145223 0.218126 2.966140
-0.046466 0.433670 2.876455
-0.028325 0.407804 3.189355
-0.066551 0.205032 2.710965
-0.022633 0.361912 2.934420
-0.063640 0.131868 2.876612
0.094006 0.422278 2.765767
0.098540 0.283355 3.087445
-0.024242 -0.317571 2.945906
-0.054211 -0.299666 3.325841
0.165096 0.142899 3.111646
0.076004 0.427670 2.795083
0.127710 0.097978 3.000799
0.087205 0.443638 2.813614
0.229837 0.281616 2.767206
0.220022 0.251184 2.966684
0.103248 -0.262467 2.865015
0.155089 -0.349652 3.065062
0.201567 -0.006383 2.862823
0.048158 0.359988 2.789933
0.274524 -0.293858 2.907012
0.314918 -0.137761 3.105752
0.197106 -0.198784 2.904787
0.310734 0.388431 2.831034
0.236166 -0.220449 2.967550
0.286581 0.435590 3.075688
0.329141 0.346912 2.821060
0.363426 -0.153333 3.023306
-0.405324 0.314615 3.142601
-0.242452 0.034374 2.838789
-0.223943 0.172100 2.735498
-0.156850 0.082784 2.719961
-0.158215 -0.149073 3.229505
-0.170070 -0.385846 2.857882
0.002074 0.313633 3.009197
0.001589 0.318896 2.792094
-0.004299 0.223135 2.850913
0.138887 0.333930 2.943204
-0.027834 -0.467426 3.256651
0.080972 0.123281 3.119466
0.197932 0.201434 3.083768
0.057373 -0.456077 2.925648
0.169944 -0.019807 2.881545
0.217082 0.398558 3.061145
0.074598 -0.439543 3.042173
0.116232 0.009010 3.084639
0.219709 0.375209 2.945596
0.066494 -0.429284 2.875092
0.210353 0.207157 3.099222
0.086094 0.424492 2.701351
0.293446 0.009188 2.828483
0.148919 -0.368200 3.185814
0.312915 -0.222986 2.941853
-0.482227 0.294892 3.235415
0.245525 -0.346692 2.984990
-0.423040 0.319079 2.927256
-0.153306 0.428976 2.991476
0.349049 -0.247010 2.921106
0.377406 -0.256046 3.018882
-0.364357 -0.205561 2.784440
-0.207343 0.489111 2.973796
-0.170504 0.155077 3.140382
-0.016816 0.480613 2.893717
0.007395 0.211008 2.863468
-0.150025 -0.058282 2.949787
0.022316 0.456699 2.833815
-0.087878 -0.343835 2.921189
-0.014701 0.145782 2.883236
-0.130089 -0.360229 2.899363
0.162419 0.298584 2.725876
0.234981 0.048596 3.120037
0.132223 -0.086989 2.992659
0.083157 0.376765 2.751262
0.202904 0.213125 3.099312
0.266204 0.384125 2.875656
0.230059 0.341936 2.903313
0.238682 0.437666 2.914715
0.108146 -0.208894 2.949019
0.144073 -0.158194 2.962260
0.326503 0.079869 3.147599
0.165895 0.432819 3.012201
0.277784 -0.135871 3.093411
0.303442 0.035637 2.900856
0.439329 -0.022646 3.284487
0.438045 -0.030847 3.149277
0.392973 0.040172 3.181462
0.330254 0.379347 2.866293
-0.223202 -0.382830 3.004572
-0.298338 0.014828 3.082779
0.483052 -0.232252 2.998421
-0.114707 0.240021 3.128752
0.005669 -0.397498 2.805709
-0.091220 -0.006047 2.700292
0.022412 0.401793 2.914516
-0.011866 0.240503 2.811152
-0.013030 0.386405 2.977909
0.020575 0.247253 2.880202
0.126483 0.299058 2.865244
0.098462 0.163881 3.072223
0.038204 -0.341793 2.883025
0.041547 -0.485347 2.838918
0.212668 0.480478 2.739631
0.131907 -0.046556 3.039674
0.063336 0.328395 3.032061
0.226475 0.381466 2.893607
0.214950 0.018931 2.777378
0.301613 0.125705 2.902861
0.284806 0.396053 3.014290
0.285036 0.310011 2.632370
0.123423 -0.155835 2.720432
0.177242 0.429660 2.884660
0.155301 0.481455 2.843291
0.140525 0.375955 2.976151
0.280624 -0.286109 2.627378
0.325841 0.333227 2.987186
-0.256087 -0.308685 2.942029
0.258373 -0.367731 3.002018
-0.416545 0.236340 3.100116
0.484692 -0.256324 3.175160
-0.241267 -0.499472 3.136461
-0.167646 0.190048 2.825420
-0.000805 0.443611 2.755874
0.023997 0.407651 2.857223
-0.026109 0.226435 3.089331
-0.000192 0.273757 2.891406
0.002223 0.252049 2.951593
-0.056787 0.271373 2.956182
-0.098203 -0.240739 2.904129
-0.079795 -0.303248 3.031405
-0.024937 -0.285334 2.946842
0.144676 0.176342 3.009557
0.332456 -0.466532 3.086208
0.258725 0.468098 3.034379
0.181787 -0.190301 2.719065
0.091821 -0.391775 2.902454
0.280434 0.251636 2.830281
0.241256 0.245237 3.286277
0.292431 0.142806 3.283123
0.214132 0.337260 2.735218
0.234157 -0.112074 3.190402
0.260778 -0.265279 3.300129
0.178050 -0.336585 3.051262
0.313776 -0.215163 3.119135
0.415611 0.278396 2.968120
0.492143 0.351851 2.999903
0.264077 -0.329852 3.033209
0.364129 -0.244335 2.874098
0.361910 -0.233231 2.599042
0.433856 0.470998 2.948432
-0.191630 0.155715 3.285595
-0.182503 0.238762 2.863325
0.042318 -0.333341 3.029198
-0.123039 0.198645 2.965112
-0.028871 0.244183 3.054953
0.004331 0.254887 3.131213
0.009389 0.271386 2.957510
-0.001478 0.153391 3.183305
0.082613 0.246067 2.789036
0.056068 0.352089 3.036354
0.157075 0.270887 2.950248
0.148954 0.223156 2.633378
-0.001012 -0.399514 3.033380
0.058788 -0.263610 2.958582
0.141447 0.284048 3.087188
0.214703 -0.209573 2.948071
0.199174 0.152823 2.835118
0.209935 0.197305 2.970257
0.229825 0.246314 3.121911
0.327583 0.444481 2.808745
0.191334 -0.001222 2.991132
0.172039 0.416026 3.061957
0.253822 0.494491 2.934819
0.333072 -0.494904 2.926048
0.254767 0.495225 2.857421
0.293297 -0.282692 3.170098
0.390882 0.069253 2.977684
-0.397291 -0.212573 2.937574
-0.171483 -0.091225 2.799024
-0.457222 -0.028427 3.031707
-0.243250 -0.187943 2.855305
-0.167065 0.166210 2.868116
-0.046273 -0.493185 3.054453
-0.163066 0.094978 2.994228
-0.017843 0.176481 2.785519
0.016483 0.331681 3.208839
0.019177 0.293882 2.996717
-0.082628 -0.350467 2.796478
0.094980 0.315234 3.133510
-0.094394 -0.284811 2.915992
0.141000 0.192631 3.094223
0.029916 0.465639 2.981684
0.123282 0.107135 3.097084
0.204885 0.286656 3.186116
0.156779 -0.414642 3.107173
0.202760 0.157021 3.032246
0.334190 -0.438754 3.083145
0.186587 -0.459745 3.055087
0.196848 -0.039510 2.912825
0.362659 0.401774 2.842763
0.260559 0.233327 2.983033
0.241771 -0.048731 2.951078
0.220744 0.391969 2.773945
0.262001 -0.083749 3.111298
0.258450 -0.080480 2.978939
0.284685 -0.291194 2.952637
0.180915 -0.480011 2.666296
0.329980 -0.209119 2.899792
-0.451285 0.301056 2.920130
-0.296006 -0.291167 3.050060
-0.164485 0.041707 2.931382
-0.199212 0.123867 2.946204
-0.230896 -0.091320 2.914743
-0.063945 0.216321 2.990785
-0.008965 0.388414 2.780905
-0.139064 0.028485 2.822211
-0.188803 -0.314055 3.077306
-0.033480 0.194477 3.095582
0.056602 0.154443 2.952005
0.121935 0.491019 3.144704
0.178077 0.309118 3.101451
-0.049293 -0.419275 2.970708
0.004271 0.406296 2.781750
0.190180 -0.150314 3.158302
0.102557 -0.187329 3.196725
0.120746 0.183777 3.198378
0.264306 0.363689 3.024425
0.350253 0.025119 2.962967
0.050793 -0.485813 3.284535
0.285041 0.482445 2.858912
0.286107 0.275204 2.865699
0.232741 0.006104 3.087703
0.295594 -0.162564 2.899383
0.337508 0.353419 2.640884
0.300979 0.387883 2.856081
0.275589 -0.254699 3.105923
0.483068 0.276608 2.787398
0.263372 0.355005 2.906753
0.445847 -0.291484 2.961358
0.429234 -0.240954 2.910965
-0.149309 -0.011571 3.014966
-0.167231 0.248880 3.140086
-0.157437 0.025038 2.818665
-0.377200 -0.207501 2.840111
0.003886 0.390406 2.759102
-0.018632 0.240067 3.197926
0.032403 0.308589 3.042580
0.059752 0.276845 3.232111
0.025841 0.292047 2.867119
0.063345 0.244920 3.123486
0.136295 0.257351 3.091804
0.028388 -0.282818 3.294422
0.131866 0.111081 3.110935
0.077808 -0.287234 3.097121
0.085095 -0.258076 2.847549
0.150645 -0.189764 2.768798
0.169860 0.252516 3.013044
0.253941 0.006062 3.131638
0.111200 -0.387721 2.828481
0.133036 0.287229 2.932501
0.307352 0.157555 2.999363
0.244547 -0.043680 3.044736
0.284051 -0.431463 3.082548
0.303691 0.339353 2.830946
0.267322 0.348801 2.701144
0.381530 0.037597 3.208824
-0.489189 0.108852 2.892991
0.457069 0.266919 3.031580
-0.183273 -0.443217 2.789033
0.477598 0.094837 3.143098
0.348439 0.350593 2.845618
-0.412156 -0.301461 2.978061
0.075550 -0.401260 3.223096
-0.083088 0.004033 2.768826
-0.013517 0.195261 3.201452
0.067735 0.363192 2.977181
0.076385 0.485078 2.735040
0.044956 0.099510 2.918600
0.040083 0.276553 2.975685
-0.121929 -0.327963 2.741689
-0.051808 -0.376110 2.689457
-0.013368 -0.306134 2.848802
0.207208 0.264101 2.861131
0.224330 0.113889 2.943715
0.266629 0.099081 2.912405
0.258198 0.492731 2.781407
0.199412 0.122222 3.011090
0.152015 -0.176085 3.133410
0.244562 0.392870 2.817295
