4.545539 -4.039880 -7.001870
2.102108 4.169480 0.213903
-4.407721 -1.700025 4.546346
0.694660 4.915598 -0.110807
-3.767006 -5.449203 3.214902
-2.851594 -4.133525 1.515095
-5.032967 2.869784 6.676138
5.681812 6.617546 -1.934638
-1.374342 -3.015178 3.944041
2.469058 -5.052244 2.024394
4.246119 0.833721 1.309123
-0.037620 4.580260 6.441934
-0.643917 -3.516264 -0.222872
5.201348 -2.440360 -1.566696
-1.339517 -5.765183 0.011867
0.881742 4.674139 3.446172
-5.738321 -3.543529 6.102079
-5.797514 -5.367795 9.857339
0.700626 3.477678 5.488085
-4.897873 3.034796 16.452581
6.006799 -4.919304 8.895583
-1.498480 1.830652 -4.175201
-5.274137 -0.483937 13.450265
-4.183826 -1.355587 2.866884
-4.702568 0.556698 2.361502
-0.857684 3.189706 -3.768430
3.574961 3.426064 -3.296111
-4.729207 0.944437 6.608467
-3.614865 -0.099091 2.937697
-5.642746 3.347564 7.656863
3.155072 3.118359 1.113846
-0.232558 0.112153 8.109871
0.246339 -0.366154 -2.286427
5.681798 0.838434 1.519091
-4.726792 -1.095086 10.685212
6.254000 -6.441338 5.341244
3.258956 -3.287672 7.013444
1.282529 -2.429970 10.071923
-0.351801 1.216783 7.540344
-4.277224 5.734050 7.369824
-1.591504 2.955808 4.038745
-0.329385 -4.939690 3.579282
-2.004567 2.209672 -1.245501
3.518235 1.824096 0.179209
-5.457512 2.584683 -6.690998
-0.492605 2.405169 3.131494
3.033329 -4.112585 -12.791340
4.627046 2.070222 4.068422
3.166185 -1.887952 -2.191782
5.126284 -2.575312 0.622772
-0.272785 -2.990610 9.751222
3.033940 3.824778 -2.058263
-5.188807 -1.944580 4.022136
-0.078934 3.069011 2.730494
2.528181 0.981283 3.307218
2.224007 6.290028 6.994902
0.496730 2.417683 10.857740
2.772487 -5.355180 -0.330248
-4.037736 3.370310 3.295123
-5.639211 -4.126234 7.807084
3.591894 2.125552 4.528588
1.260476 -0.942703 6.979112
-2.533346 5.316472 4.260925
1.581124 2.050055 -1.448712
6.632843 3.736200 8.806404
0.639633 5.032514 5.411892
-5.810375 0.286624 9.928083
-2.664603 2.273419 -3.719401
0.385653 -3.852874 5.929875
4.262602 -3.640654 17.841844
2.692132 3.371011 -7.557758
6.492796 5.543722 7.147806
3.683978 1.968947 6.499372
5.497555 3.210428 9.368471
-0.145693 -4.285834 6.659670
3.854893 4.327889 6.570120
-5.199855 -0.157942 5.267017
2.327598 5.740988 2.847082
-6.289790 2.203773 -4.021569
4.828687 -1.382101 -2.295624
6.111750 4.059655 -15.369953
2.569853 -3.110954 2.758747
-5.323983 -4.022535 5.153036
2.514292 1.110538 -1.085604
-6.590045 -1.658610 9.689872
-4.472227 1.897030 4.289399
1.516098 -3.418589 -5.221510
-3.137944 0.653700 -0.409097
-2.138646 -3.560873 3.535086
5.687120 -3.331123 3.226840
-1.926208 -2.780768 8.150090
-6.412899 3.086861 6.577622
-1.225064 4.448288 -0.217800
2.645718 -1.127842 3.727532
4.011393 -2.471520 11.947059
-2.527011 -0.686733 -0.935657
-1.827764 6.343883 5.146137
-6.647679 5.982900 -4.005654
0.587411 3.770215 -2.474169
2.656034 2.095764 -4.216898
4.834615 5.168882 6.666344
-0.884666 0.343342 2.769817
-0.797318 -5.634984 -1.496109
2.140127 -3.290963 5.756461
6.128227 -1.631917 1.658861
4.745906 4.875602 -3.517654
-2.348227 -1.107803 3.125776
0.843398 3.413728 -1.563810
2.641620 -5.479404 11.280807
4.707319 -3.324170 6.212292
-1.913870 2.961299 11.366007
-5.651342 -2.988983 2.437274
-0.172630 -2.459103 5.218129
-2.306496 -2.708535 0.880822
5.466291 -3.032980 9.889137
-5.564570 -3.302836 -4.271213
-3.513976 4.584703 9.097490
-1.985967 -3.186356 5.260526
-4.216408 0.754207 -9.814303
2.457860 -6.002826 2.598129
1.239391 -0.896211 2.757605
0.612196 -5.598535 2.710220
-2.381216 -6.634540 0.356009
-1.133586 -5.675151 2.426563
-2.020872 -3.185068 4.884117
-6.648929 2.862582 9.164914
-2.505082 -2.357116 -0.132032
4.687154 5.735552 6.537080
6.091268 2.572530 7.884214
-6.063299 6.064151 5.634719
-1.653158 -6.334160 1.994737
2.381028 -4.971134 1.249909
-2.522119 -3.601890 0.512497
4.610109 -4.577539 2.388735
-4.295500 -0.681723 7.598799
-4.292936 5.063282 3.640929
-5.991410 0.692456 -0.889489
3.459619 -1.147083 1.497265
5.786750 -6.032003 2.415499
-2.428361 -3.964356 -3.850518
5.164919 -2.243390 1.835925
-0.502370 -3.519190 9.923088
-6.212750 3.058166 -4.949581
5.806765 -4.601179 2.155357
-0.184671 5.778563 4.828289
5.334440 5.891863 3.199670
1.780724 -0.049631 8.948059
-4.024187 -3.738296 -0.532516
-2.588516 -3.203351 3.521482
-2.142432 -3.803003 -6.724911
-4.301032 5.652360 -2.137476
-1.340636 -1.681821 0.567258
-4.960055 -5.981849 8.254696
2.348918 -3.799568 2.935800
5.473576 -4.511601 1.536181
4.847020 0.766300 9.019712
2.445546 5.420987 6.852197
-6.012074 6.031193 -5.517319
-2.384460 -1.854163 -0.406765
0.100624 -2.129402 10.769672
2.162826 -3.658520 0.977375
5.650605 3.675904 4.216523
-3.598438 0.003603 4.360759
-0.940217 -5.099344 2.010316
-1.415738 3.108759 2.646266
2.749158 6.143077 4.623238
-2.250952 6.539189 1.204248
5.069123 1.326760 4.465555
6.367479 3.330364 -5.918090
4.316692 -6.225318 -2.312845
-1.952223 3.948777 -2.532158
-0.364783 3.015448 -2.338741
-1.807412 3.358048 7.406367
-2.391516 -5.920114 4.753949
-0.211690 5.557659 1.759181
-3.228607 -2.945202 -6.060501
-4.441831 2.672901 -2.973345
-5.345133 2.398009 8.115087
-0.374402 1.281125 -3.121255
-4.975167 0.573248 3.056698
5.886635 -0.077349 1.888625
0.083903 0.209277 3.631666
6.299956 -1.129447 0.137173
-2.278487 -2.138784 0.440712
5.253651 -2.767655 8.444040
-2.951662 -4.161751 5.377088
1.227408 2.202823 6.115952
1.860184 1.023357 3.652169
5.569081 5.655629 6.602012
-4.810509 1.178107 13.415202
-2.243732 2.180176 -0.098844
-0.380643 0.088746 13.060666
-2.645437 -1.887036 3.728474
-4.933971 0.519952 7.332621
-1.682389 -5.650547 3.423657
-3.667345 5.200730 2.708642
-6.358338 -2.297711 -0.308976
-4.806122 -0.920822 7.469946
5.017957 -2.092158 6.845041
-4.313401 5.587790 0.806000
1.350573 1.645449 1.321009
2.859104 -3.433410 -4.309671
1.027407 -2.852489 4.874373
-0.446743 -2.823627 10.895378
-2.936569 2.066241 15.019092
-0.764345 1.426356 9.025275
-2.808654 0.204375 6.278115
3.748923 -4.855073 -4.022286
-1.208380 0.128901 4.978967
-2.713843 -0.842039 3.938146
5.125479 3.701210 23.145954
4.142764 -1.362319 19.313386
1.661023 -3.122186 11.709276
5.468282 3.827932 -3.694282
-1.140098 -2.940061 4.739224
2.006815 0.377248 7.609182
6.002051 0.086140 7.774433
0.941814 0.646263 1.152331
1.268599 -1.207255 3.858411
-2.086594 1.843327 1.275217
5.908086 3.850026 4.817647
1.967160 -2.812107 9.876078
3.554634 1.694696 1.996397
1.583001 -1.454678 3.501290
-0.597201 -5.138006 -0.968854
-2.011005 2.231257 3.841350
-0.807266 -1.769969 1.716561
2.414029 -0.589187 2.850005
2.646448 5.155829 -12.019430
-0.467245 -5.250856 1.926834
4.590736 5.061067 4.666730
-2.338687 5.459381 5.982448
0.585466 3.959884 10.400972
4.755214 3.803486 1.712451
0.219624 2.639605 4.496922
-5.820559 1.342217 -4.019598
-1.194930 4.021257 0.111914
-4.133671 6.614426 -2.559393
6.582796 0.386275 9.374224
-1.228295 1.909845 2.885574
2.329704 1.264107 0.756036
4.318564 -5.125357 4.682896
5.803204 -2.880087 1.968906
0.723208 -4.666927 4.993705
5.774358 0.411542 8.490659
0.016626 2.411617 -1.596999
-3.571738 1.694928 7.058303
0.631015 0.323332 7.455828
3.397778 -3.293287 -0.472239
-1.710400 1.479380 -1.377929
-0.113423 5.233341 -0.589255
2.001432 -4.610584 0.362211
-4.717476 -0.723903 -1.981451
-5.402252 5.258129 -2.782361
-2.350925 -3.575263 12.370180
-0.098684 -5.159366 0.461997
-1.699267 -4.562990 9.686827
-6.172839 -6.288431 3.940205
4.039575 6.340719 0.342770
-0.575285 -6.628801 2.482463
0.586223 4.438101 -1.264934
3.849109 -4.178595 5.338554
-0.401927 1.857674 5.203557
6.570767 -5.787773 -0.367344
-6.628683 1.391946 7.659141
-0.220173 -0.502261 -5.669367
6.353635 -2.105686 3.318259
3.966069 0.416420 15.964472
-2.527984 -0.203225 6.118449
-4.513160 5.097214 0.556978
4.863563 -3.302616 6.302669
-0.662901 2.893305 8.141554
-6.170880 -2.246844 4.012400
-5.344643 -0.580523 -4.189838
-6.276795 -1.181404 1.516567
0.520781 6.206787 1.763229
-2.383641 -1.960639 0.841119
-5.999191 0.108656 7.715653
-4.890208 6.482230 5.381006
-2.187984 -5.655203 1.153976
4.089943 6.045774 4.669778
0.235754 -5.425679 3.394071
1.595457 -6.440035 2.666724
3.816294 3.887697 0.929915
3.290750 -5.850159 -5.868970
5.116635 -2.318151 4.586186
3.623216 -4.053423 1.547266
-5.889586 6.375360 1.340813
1.198936 -5.146404 15.707952
-4.858829 0.817444 -1.382570
-6.091793 3.639819 -7.403839
-1.102499 5.701226 3.936391
6.105245 -6.183481 6.131347
2.262877 -3.787065 0.479194
0.698213 -4.215414 3.964940
1.715558 -4.618152 -5.723623
4.689229 4.038851 4.300928
-3.588078 -2.713445 5.843173
1.860190 -4.443713 1.210130
-0.894079 -4.123293 9.067939
1.949370 0.152620 -6.886370
6.395988 6.553850 5.265026
3.902744 3.418043 3.333763
1.862804 -4.974516 6.525800
-2.638966 4.378856 6.018654
2.366386 2.214918 9.477236
2.860829 6.150995 2.568839
-1.193988 -5.178789 4.295445
-1.172991 4.591474 -0.238913
5.895509 5.425252 6.676614
-1.083057 2.828372 2.347595
1.475546 4.768659 6.214089
4.876322 -1.375168 9.163948
-2.462393 2.455447 6.909377
4.855579 -3.233356 6.246184
4.597027 -5.989698 3.578689
-0.783291 -0.055660 -7.335332
4.347527 -5.403723 2.019141
3.906625 -1.399481 6.957592
3.716025 1.987021 11.244488
1.752150 1.128491 1.177548
1.645783 -1.938946 -0.293863
-2.302847 -0.668315 8.975764
4.723362 -6.417166 1.184142
-4.622340 -0.056956 7.616431
-3.593703 3.698815 -10.875377
-4.769789 2.169654 -3.070606
-3.899974 -1.188573 4.251884
-0.452873 5.886775 0.632457
-4.952480 -0.665328 4.941861
4.704024 -5.653409 -0.777230
-0.474331 -3.814353 1.312226
-1.958862 -0.089928 0.341402
0.620888 -5.824229 8.662175
6.645746 3.336012 4.419367
6.326115 1.307234 1.384861
-0.346339 -4.726120 10.532370
3.675999 -0.544170 14.669213
3.696723 4.470398 -0.535167
-2.908037 -0.752962 6.424750
1.147618 -5.166439 -6.337265
2.380516 -5.098837 -2.568559
1.179309 -5.032528 4.940278
-4.188157 -5.536259 2.258282
2.644703 -5.390082 6.988620
2.869682 0.360193 0.329479
4.903417 -0.447790 2.360774
4.771820 -1.406751 -8.938838
1.489112 4.053966 1.326871
-1.813738 6.249477 3.329731
-4.449204 1.672900 -3.784808
6.171100 6.528906 7.528294
-0.579619 5.935949 6.744193
-5.057380 -1.961130 4.701037
-2.680557 1.591943 -1.192319
-3.915747 3.789013 11.456428
0.995811 -0.035928 6.688526
1.604876 1.104309 -1.769892
-4.491191 5.168355 1.436902
-1.072721 -4.699847 4.790976
3.695949 1.762717 3.455480
3.396898 0.773052 -0.265890
1.873357 -3.412140 4.598421
3.346238 -1.595757 6.216931
6.352954 -4.174039 0.607009
-2.843023 -5.151980 7.612043
3.698906 -5.839289 -3.329546
0.592511 -5.757064 1.216883
3.857617 4.244336 -5.117861
5.164970 6.406005 0.269917
2.225611 4.094471 0.103217
1.753205 -2.126104 -5.454111
-4.975752 0.881530 3.926233
-0.107467 -6.215613 3.864504
0.770661 0.814505 3.627497
1.236941 -4.190996 6.798400
1.846514 -1.930337 5.901926
1.868946 -2.039028 0.378903
-2.591212 -4.594558 4.709276
-6.531986 -6.065952 3.430852
3.623100 -0.090620 1.852783
3.277075 -4.221969 -6.416485
-4.061352 -5.227915 3.081736
2.764045 -4.483561 3.570927
-2.329726 4.690495 -3.751144
6.310326 -5.996100 -0.474781
-2.007003 1.286130 7.487055
-4.314118 6.431369 5.786495
2.796142 -0.089902 8.943991
3.770902 -0.482073 11.979998
-6.438305 -3.121984 -0.601542
3.158577 -4.216142 -2.556609
5.404840 -2.767458 9.058807
5.748819 -1.248142 6.444958
1.941490 -5.474327 -3.285476
1.200663 -3.052056 -5.652578
-2.616705 0.633082 10.005778
-1.943074 5.254286 4.328636
4.172062 5.094403 11.616187
-6.341997 2.593353 8.235688
5.975456 2.324269 0.920338
1.152658 -4.348029 5.523856
-2.106200 -3.013442 5.690141
-3.152498 -4.113335 6.215054
1.072632 -6.583340 0.298212
-2.075098 2.606207 2.253369
-4.469270 -3.930657 4.720625
-2.860264 -4.092658 5.468125
-3.687442 -4.851332 1.325694
-3.748246 4.468973 3.224381
-0.927440 0.836330 7.900236
-1.981332 -1.681064 5.302387
1.269924 5.607901 16.008168
1.989492 3.097532 1.873102
5.663773 -5.340096 -7.156686
-1.784843 5.105722 -2.705305
-2.441122 5.305012 4.600470
-3.235783 -0.370386 1.275124
3.650413 0.564326 4.912092
-2.287077 4.786941 3.874881
-0.478933 3.222735 -0.106408
3.710378 -4.872273 6.832302
-1.601100 3.882193 -1.379156
3.052070 -2.692928 -0.145837
-0.240078 -5.159106 2.845747
-4.409141 -1.798331 -0.253132
-1.581337 1.196626 10.239578
2.349670 -5.249625 7.602513
2.999027 -4.322820 6.875714
-2.579481 -6.580440 3.406656
-5.637623 1.680880 11.913888
-0.114518 -3.467806 -0.195420
-4.739535 -4.551810 14.729020
2.495578 1.138310 -4.543591
-3.991683 -0.383261 -4.977565
-1.128513 -0.905714 -1.221369
-1.638338 4.265375 6.379497
-2.598035 2.630222 -2.641639
4.458366 4.067259 8.503887
-3.919169 6.019655 6.048827
-3.964384 -0.039174 7.301295
5.615212 0.345653 -0.764173
-0.908566 5.866198 1.959438
-6.460716 2.736731 3.518122
2.713671 -1.526659 4.044837
3.438667 -1.072188 7.088665
-0.417904 1.707213 2.205226
2.122129 5.891983 1.854435
-3.485101 -0.027392 -6.091220
-3.070956 -3.751475 -7.296449
5.987735 2.534818 3.008115
0.804922 -4.959712 3.329297
-3.387395 2.434107 5.518237
-0.047432 -6.298363 -3.801402
1.896550 -4.505174 0.896692
-2.516201 5.514966 3.364781
-4.040096 1.628721 0.126974
1.338393 -2.849285 10.519287
4.808199 -1.249370 5.721606
-2.416647 3.886931 4.241816
4.793134 6.554674 2.099898
-4.414817 -6.422320 6.058373
-3.754015 2.532433 0.146618
2.908881 -5.603053 1.057479
3.310726 5.025263 1.398919
0.172246 -1.703900 7.456284
6.083330 -6.530453 9.553721
3.123544 -2.108809 3.725295
-5.833163 1.648193 6.086178
0.502920 -3.766481 1.681583
-4.844743 0.927853 -0.668977
-1.003093 -4.745056 5.721889
-1.779626 -0.165428 6.721271
-5.792257 6.219762 2.470720
3.159184 -1.504425 -3.767126
-2.156807 5.970038 -3.460179
1.097190 -5.955197 1.793978
6.504996 1.042400 9.641389
1.048907 -6.218413 1.613892
2.854886 0.020372 4.532928
0.068472 -0.977414 12.777664
-2.857707 -2.545764 2.412693
5.901997 1.493843 2.040357
6.108794 4.760676 2.622403
3.860663 4.705262 4.784658
5.944277 -4.575375 4.617343
3.024052 4.811938 2.507610
2.868405 6.212621 -0.156192
1.181939 2.441910 9.585919
-6.095801 -2.417503 10.036035
-1.509519 3.257699 4.725121
-3.039598 4.530932 6.291185
5.873130 2.797380 8.371573
1.758540 -3.221085 -4.678299
4.042348 2.799798 2.430104
3.240634 1.215409 2.046038
-4.934381 -1.019388 -2.590811
6.317697 3.622215 3.998293
-0.518430 5.430509 2.915923
1.175276 -4.339619 4.901395
-2.080525 -4.650431 5.833189
6.464624 -5.606753 0.668643
-1.535729 1.480501 3.686631
-4.601520 -2.629526 8.526038
0.571744 -0.463102 -3.615325
0.295878 -2.904885 -3.924453
6.017519 -6.306950 3.551310
-3.989983 -5.869906 2.350672
-6.639167 -2.681756 7.941005
-6.105916 -2.020663 -1.686408
6.098877 -1.064082 1.347035
-3.387120 0.933353 2.282600
0.600937 -5.379681 6.864355
4.476616 -0.825579 4.935152
-5.020305 4.934329 0.970006
5.316773 -0.496942 10.309229
2.559702 2.121134 7.388010
-1.658472 -4.670385 -1.968309
0.413511 2.626955 8.579798
6.395653 -1.552574 17.544403
-0.504828 3.967117 0.760147
-3.527718 -0.343170 1.527035
-4.673317 -5.916101 7.211458
2.924314 -4.464123 -0.755358
-2.044831 -6.237246 -0.151027
-2.867262 3.174595 -4.436655
-2.114174 -1.558987 4.957073
5.236245 2.681870 5.314062
-0.483102 -0.607818 0.991940
1.544725 -5.298789 -1.703846
-6.041979 -2.118913 -2.938482
4.121974 6.453940 -0.482340
6.557014 -4.658702 -0.464342
-1.767626 -5.557714 3.475785
-6.601929 -2.875484 11.422795
3.599799 4.843459 -1.181896
-4.538714 6.061272 5.329531
2.424735 3.950501 5.188910
4.757169 1.852625 4.910930
4.371135 -4.541133 -1.707770
6.446120 0.968299 2.777871
-3.600212 0.890137 6.751328
-0.973686 0.884340 0.504308
-2.940698 4.228721 -3.224365
-1.696986 2.023532 6.192299
0.098830 0.569113 2.919065
-2.140820 -6.098769 -3.503042
0.668101 0.766889 4.688047
0.978970 4.042215 0.363149
4.628544 -4.569406 -3.328410
6.197744 6.526038 7.793169
-6.519038 2.837508 1.640938
5.911410 2.690255 -0.244123
-4.725694 -0.884973 -4.596687
0.073020 -6.160820 -4.095201
-5.605317 -3.933554 -0.903768
-0.181066 -5.877403 5.774086
4.128184 1.182483 -2.314401
5.677034 3.919727 6.441888
5.290344 2.777736 3.437611
-1.306611 0.525384 3.807868
-5.460526 2.328085 -0.922534
-1.992996 4.734201 1.423409
4.919696 -1.338021 -1.836081
-0.432106 -4.809195 -1.698030
-5.927827 4.096018 -1.484807
2.314348 4.465624 -4.390911
-0.537271 -0.107256 -0.788654
-0.198621 0.869061 5.943341
0.605900 3.052128 1.146339
6.026869 -3.818803 -1.515979
-3.996317 2.705093 2.837141
-2.635694 -5.494960 4.737803
-5.656342 5.071492 6.939028
-3.085401 -6.316324 -1.481105
-4.347152 4.570762 5.405044
-0.989006 -5.722082 6.995692
6.637285 -5.289856 10.247489
-3.745011 -5.675540 -1.336707
-5.920330 -0.335956 -7.521508
-5.084875 3.596074 8.571978
2.808376 5.664146 0.540404
-6.587834 -1.342486 6.223683
-4.208329 5.995165 -7.709549
4.636189 -2.358993 2.174426
1.934532 2.295260 -7.087866
4.316157 -4.506564 -2.077519
-1.180190 5.329213 8.052681
-0.305399 -1.597862 2.516383
-5.408693 1.219409 7.121253
5.933475 -1.376642 1.110266
-4.096705 0.876507 7.216025
5.273204 2.989320 6.204153
4.168676 6.228081 -1.340659
-4.881650 3.200106 -0.520437
-6.188589 -1.142701 -3.075687
-0.062089 0.657342 -2.800816
-4.111823 2.673724 0.654099
-4.826162 1.584315 1.252088
4.220532 -3.508993 6.472896
-2.434529 5.292532 0.029536
-4.223693 -6.358751 3.793803
3.383486 2.760782 7.410245
0.784014 5.955786 0.498899
-4.811170 -0.577661 0.216400
-4.568501 -1.436567 5.295348
2.647465 2.348493 5.313626
2.124570 -5.297457 14.290469
-1.519778 0.192041 8.415544
2.410489 4.576823 1.515482
5.656261 -1.479363 0.085386
-5.313767 0.856032 4.123479
-2.877654 -0.214440 0.834237
2.827430 -1.992011 1.634646
-4.590441 5.806085 2.205318
-1.654867 -4.821960 -3.015238
6.256185 3.257280 -1.755410
3.042687 4.979454 0.548597
-0.353334 -5.418577 -3.106388
-0.544265 -0.784756 -1.478345
2.682079 -5.038490 2.848899
-6.095028 1.984058 5.729843
3.424468 0.915906 0.278143
-1.773218 -6.556241 -0.443450
1.678392 -5.278072 8.537602
-3.447804 -3.195743 5.208700
2.433214 -4.295834 -6.507630
3.736069 1.685421 0.138171
1.424488 -3.188315 5.657094
-0.631858 -4.705217 -2.616325
6.097188 -0.582621 2.651185
1.553950 -1.915854 8.723518
1.123304 6.510374 3.171137
0.175711 -6.607495 -5.012765
-1.141343 -4.503666 7.969387
2.361165 5.316887 7.865612
4.188698 5.073540 5.255532
-4.580712 -0.881758 6.406615
-6.591458 -2.728257 2.492251
1.203558 -2.101997 3.635992
-0.274469 -1.582017 2.312140
-1.823486 -4.963625 -9.002596
2.525242 1.839730 -4.540711
-2.480611 3.496919 9.024113
-3.356354 -3.609120 5.546942
2.193418 3.801790 6.011536
5.909696 -4.241692 -3.760230
-2.102595 5.453941 0.717533
4.324121 -0.282300 -1.913493
-5.720411 -3.497383 2.663786
2.096284 -5.310296 13.830211
-4.602316 1.774003 -3.684671
0.212287 1.949556 2.946275
-1.729815 2.234366 5.443391
0.650549 -2.236885 1.139738
-5.141849 0.737929 -0.909551
-4.409174 -1.772212 -0.289379
-6.324764 3.714168 7.841087
2.558110 -0.257541 1.517783
3.329333 -0.468915 1.029292
-2.156378 -4.191187 1.309124
4.734321 2.816322 11.602771
1.213561 6.020831 3.332776
-5.305157 5.814165 1.538897
4.660398 -4.732905 2.485213
-4.148406 -6.003262 -2.941234
5.729350 -3.649879 8.230571
-3.603835 -3.821789 -0.935128
-4.990035 5.074801 0.429853
-2.786306 1.523359 4.096986
0.346069 2.230630 2.644809
-3.415784 -0.489056 4.124168
4.487759 -2.816366 11.942793
-0.530908 1.500285 -0.976471
4.753111 3.259660 -1.665660
4.011964 4.877944 10.199619
-2.798428 -6.626013 4.670038
4.795794 6.418870 4.109967
-1.799650 -0.088025 5.011901
-5.650758 0.392235 -2.644743
2.291875 6.455824 4.379201
-3.423549 -4.874119 4.989249
-1.846289 2.307524 -1.765302
-3.696938 4.654335 -1.248219
6.086439 3.825716 7.574453
-5.583592 -1.112621 -3.424444
5.041200 2.612824 1.932091
-5.388526 1.352040 -1.225841
-0.955350 -5.250028 0.343087
0.390504 0.451275 4.831583
-2.741335 3.567457 8.076837
5.891962 2.750904 -12.283901
-1.665610 2.147995 10.366897
-0.083974 -0.547965 7.371392
3.400677 -3.258380 4.096871
-4.678991 4.861477 0.688693
-1.946054 3.190534 -5.130797
-3.098431 1.686127 3.796178
5.936003 0.746867 8.147621
2.903464 0.846797 -0.742287
0.298348 5.610722 -10.652207
-5.095048 1.616489 4.250784
1.194402 5.571890 2.413478
-5.187216 -2.810680 -2.259262
-3.115702 -1.560940 9.127589
3.462713 -1.764241 -3.611986
-4.928319 3.589853 4.034005
-6.496330 -2.571968 2.034660
0.506119 -6.348720 0.598341
-6.434345 -5.908345 2.732723
0.165554 4.305205 2.175783
-3.021901 -5.389149 4.474719
-4.304578 5.675910 5.692032
1.849296 -2.029628 0.879348
4.419552 4.623860 -0.416391
2.052351 -2.960277 4.417805
-4.242898 -3.752850 7.411040
3.023056 4.226080 2.795295
-0.154238 0.496466 3.089812
2.018524 3.275722 4.184213
-4.372025 5.773452 0.737887
2.699997 6.606175 15.596123
1.448316 3.864259 11.291089
1.124596 2.211943 4.192611
0.477255 3.832097 -1.787465
1.203228 -2.048573 2.449095
4.984128 -2.499630 0.793084
1.993784 -6.198609 6.051227
-1.877199 -1.115693 2.603723
-0.655575 5.805509 5.925034
-0.804200 -4.403705 5.487668
1.971788 -2.109515 5.227894
6.561266 6.118239 -0.365256
3.135003 3.743692 -1.822307
0.138659 4.614243 -0.974186
6.625406 5.199619 5.217406
-4.918543 1.658114 -5.640914
-2.443004 -2.770703 3.797581
-5.176623 2.715788 6.670904
-5.890137 -1.616017 3.147978
-2.374670 -3.667498 2.069293
-2.991983 -4.095319 6.372388
2.956178 6.074785 -0.299190
3.296969 -3.691292 -3.888299
0.550062 -4.713255 2.198287
-0.094475 6.091618 2.777995
0.876411 -1.237098 5.662016
6.029106 -2.503926 -0.542366
0.851390 2.869153 4.390757
-6.520784 -2.659182 -0.658327
-3.932311 5.309121 8.285402
-3.170805 1.939432 2.571715
4.415941 -0.941674 1.466532
0.187455 -4.091150 3.469327
-4.983948 4.537797 1.025229
1.436654 1.057212 1.815082
-5.841456 2.931215 -4.280327
3.087041 5.594866 4.862091
-2.487990 -5.716384 5.809340
2.061221 -4.697434 0.390303
5.854168 -6.470403 7.733104
4.754615 -1.693183 3.036274
2.993457 4.156808 3.520363
-2.615828 2.129337 0.019535
-0.334081 -0.203545 6.696365
5.263224 -1.562311 -3.905841
-4.156210 2.438984 10.326945
2.306412 -3.097532 1.541063
-4.759060 5.718775 5.537238
3.617842 5.261213 0.020562
-2.779905 0.518391 3.560179
-2.211742 -2.366112 -0.019432
1.190575 -1.028049 6.077978
-1.093746 5.683580 4.082506
4.374629 4.097412 4.349464
-2.990779 3.083937 1.073467
3.301495 1.232796 1.345418
3.269579 -4.988172 5.676895
2.355181 -1.280368 -3.040152
0.565580 -0.343634 -0.484920
-0.440564 1.273463 0.729170
-2.971472 0.554468 3.338168
-0.369942 -0.987382 15.232305
0.092064 5.969679 2.549176
5.778371 2.871837 -3.337974
-6.221690 0.574578 -1.847119
3.886743 4.813115 9.885928
4.493831 -4.399736 4.079178
-2.656733 3.808778 -1.240169
-6.576517 2.716290 6.218870
2.425364 3.657240 4.574844
0.508187 2.988791 5.730754
-0.354324 -6.064299 5.084482
-0.205606 5.222091 -5.416749
0.241545 -3.117716 -0.217286
-1.078828 -2.811820 4.507667
4.320885 0.395599 0.001572
-1.985966 6.352627 4.115414
1.462343 2.628488 2.309003
1.637990 -0.349041 4.518119
-5.833540 3.810691 10.778729
-4.219660 1.099606 -0.319707
-0.537941 0.928439 1.941400
-6.480498 3.474516 1.021626
4.074769 -5.530776 1.373295
2.934296 -0.438791 -4.835369
6.082616 -2.813823 11.447200
1.769445 -5.754563 -0.259881
-3.997228 1.944247 -3.388440
-2.678137 -5.585158 5.052125
5.903605 3.808870 -2.772705
-0.678135 -2.282881 -2.042853
3.734653 -1.556847 4.526458
-2.981254 -4.562920 -6.677999
-0.617839 3.288986 5.625436
2.561202 0.607083 13.616627
-2.350473 1.687892 10.293675
3.522648 -6.534458 10.359454
-3.662286 1.213240 2.048703
-5.059760 -0.320576 -1.802464
-2.322897 2.359947 2.050050
-2.108704 -3.000269 5.366022
5.135037 0.643618 5.636842
-3.306161 0.987737 1.749344
2.096507 5.003172 0.734364
5.077543 -1.565340 3.937285
-3.324533 -2.457524 3.306380
5.568472 1.676981 4.219507
-5.051166 4.922205 5.932717
-2.672248 -6.141772 -0.106256
2.164004 2.046624 -5.904798
-6.551216 1.044429 5.047718
-1.283110 -0.894771 3.765852
-2.775143 -3.261031 5.693420
2.960378 3.146079 -6.423784
3.401665 3.388321 0.061273
-1.293292 -2.636525 5.132375
-3.965585 0.391713 -7.473579
-3.818941 -3.535025 -1.219878
-2.169785 -1.333538 13.505970
2.484091 0.406214 -0.421332
0.807795 -2.957356 4.092613
1.616550 3.371391 11.163281
5.770472 -3.073435 2.104948
3.187559 -5.262926 1.896029
5.965936 2.770545 -2.237526
-6.639982 -2.682875 3.174219
-4.082567 3.281101 -2.347547
1.193592 4.298247 6.865518
1.033351 -4.302381 4.756132
-6.357999 6.630953 -1.558636
-0.168233 4.515007 4.989334
-5.924513 3.874735 0.463947
0.938835 3.679555 1.130250
0.981760 5.856046 11.382644
5.277043 1.797753 1.622990
3.637580 3.389581 -1.804626
-2.368071 -2.625308 5.814238
-5.560363 3.046122 -0.299779
3.113920 -5.175381 -1.563179
2.112371 -2.181787 3.519786
-2.408372 6.366282 1.432297
-6.041355 -5.204272 1.775241
-4.543961 -6.187176 7.691608
3.240296 3.787347 -3.660126
-6.096611 -2.918463 -3.882425
0.062308 1.862522 4.292765
1.629192 4.392132 4.365807
-1.900829 1.716420 6.071933
0.701347 -1.364401 3.828110
-5.818158 -0.593197 3.835106
6.643906 2.077663 4.962891
-0.037620 1.019604 6.043096
-1.064096 -4.344165 0.336690
-5.884293 4.468051 4.976077
-5.511659 1.985660 7.666745
0.796260 -3.694343 1.675191
0.366174 3.364346 1.588622
2.711815 2.176606 0.306477
-5.947985 -2.176132 -0.491906
0.870068 0.673232 -0.278234
-0.568916 -0.990508 8.383497
3.173063 6.308742 7.600342
-0.282505 0.318375 3.453072
2.207640 -2.538341 2.342087
-3.320158 0.639100 6.557746
0.468145 5.492261 -2.782882
4.080290 6.617799 0.098623
5.810712 -4.538012 1.712602
-1.771001 3.564948 6.747088
1.648491 0.390145 8.664223
-1.432290 1.874836 4.013613
1.055246 -4.463900 3.814198
-4.358634 -0.379890 -3.682712
-2.987297 -6.391493 1.873358
6.043608 1.108148 -9.007891
3.503368 -3.612717 4.766881
-2.758917 3.132428 5.522008
-4.728679 0.041565 5.037482
6.026996 -5.738251 -0.829645
