-0.305475 0.054731 1.138795
-0.326328 0.090287 0.918073
0.146621 0.362304 -1.543934
-0.164719 -0.193027 0.723201
-0.325939 0.392475 0.017053
0.028260 -0.159140 -1.800642
0.095648 0.122215 2.113386
0.256203 0.167202 2.435226
-0.251432 -0.242769 1.479963
-0.345178 -0.206376 3.095776
0.323451 -0.307389 0.232593
-0.371295 0.151749 -2.932456
0.006820 -0.314922 2.040101
0.464168 0.150494 0.000352
-0.356892 -0.015874 0.918680
0.236336 0.088972 -1.974706
-0.233894 0.375796 -2.361005
0.383538 -0.437199 -2.851192
-0.002995 -0.491896 1.074743
0.400651 -0.236659 2.304707
0.472239 -0.248443 1.687719
-0.490657 -0.031544 -2.824813
0.331817 -0.207779 -1.431356
-0.059569 0.364724 2.623641
-0.009764 0.328057 1.161152
-0.060246 -0.435053 -1.295471
-0.448168 -0.253779 1.653390
-0.274381 -0.208930 1.724080
0.082223 0.289036 -1.824921
0.049464 -0.211953 2.999169
0.279372 -0.040875 2.340656
-0.068831 -0.407766 0.125206
0.021736 -0.080174 0.422945
0.362772 -0.003058 -1.055678
0.020290 0.290884 -0.205516
-0.333005 0.000299 0.915116
-0.176075 0.456746 -1.640334
0.387548 0.235808 -0.517229
0.458493 -0.471918 1.197100
0.198217 0.315521 -2.648787
0.339450 0.286741 0.273412
0.497381 0.488254 1.298449
-0.280227 -0.453563 0.727196
-0.272497 -0.150556 0.468522
0.285362 0.232693 2.677507
-0.435375 0.243763 0.290320
0.233731 0.010156 0.735860
-0.028438 -0.409181 -0.437406
0.338113 0.001044 -1.800012
0.256239 -0.156770 -1.858973
-0.139865 0.254921 -1.441870
-0.026209 -0.198470 0.257845
0.461179 0.245326 3.022866
-0.106033 0.409800 -1.180525
0.116495 0.038906 2.136599
-0.365331 -0.187129 0.481329
0.000827 -0.209108 -0.463443
0.248299 0.309806 1.776604
0.026785 0.442876 2.997450
0.096716 -0.079012 1.615365
0.096185 0.263262 -0.540396
-0.345540 -0.402379 1.944704
0.437894 0.107532 2.880911
-0.188172 0.037096 -1.368464
-0.249579 0.155196 -2.596832
0.378669 0.286588 1.145123
0.008436 0.104974 0.365406
0.107856 0.358364 -0.250369
-0.205708 0.201826 -1.305972
-0.397413 -0.333360 2.649393
-0.487761 -0.498858 2.591320
0.296753 0.228564 2.036815
-0.229215 -0.239645 1.643163
-0.408187 0.124117 2.835943
0.163561 -0.252133 1.213993
0.036112 0.153382 1.699230
0.016072 0.350503 2.405882
-0.205519 0.343385 -2.597446
-0.351013 -0.385142 -2.498507
-0.307348 -0.292578 -0.061819
-0.335274 0.195372 2.165527
-0.020005 -0.198988 1.707409
0.383821 0.229734 -2.331357
-0.210567 0.016709 1.139556
0.424623 -0.151663 1.465188
-0.162751 0.074964 1.864465
-0.392821 -0.412180 1.487174
0.190834 0.457844 -0.956980
0.012986 -0.085152 2.180415
-0.307097 -0.207326 -0.913356
0.161369 -0.111723 1.564089
-0.271039 -0.124064 -2.828503
0.115989 0.130382 -2.747625
0.422141 0.466370 1.933242
0.142089 0.091006 3.047881
-0.443103 0.374492 1.331919
-0.027297 -0.164583 -0.453378
0.310587 -0.004338 -2.672175
0.010223 0.406536 -0.897526
-0.317119 -0.386912 1.220439
0.307156 0.159332 0.054304
0.097982 -0.025162 -1.520406
0.041796 0.101070 0.663885
0.085492 0.150949 0.792704
0.126422 -0.018454 -1.557093
0.400226 -0.251277 -2.499445
0.046322 0.390129 -2.310396
-0.328203 -0.353690 -1.410685
0.165557 0.186783 -2.677959
0.199281 0.292706 1.241268
-0.334366 0.243497 -2.006464
-0.411162 -0.276980 -0.327658
0.193648 -0.329095 1.255483
0.083608 -0.432326 -0.545432
-0.286714 -0.328865 2.738171
0.438997 0.088977 0.790683
-0.281025 0.091373 0.782515
0.399728 0.479136 1.271020
-0.011068 -0.434094 1.007556
0.461217 -0.273178 -0.641746
-0.289163 -0.217489 1.115025
-0.288880 -0.398848 -1.247835
-0.410969 -0.018735 -3.002370
-0.347015 -0.171804 0.819208
-0.013653 -0.384521 -2.340413
-0.059782 -0.448043 -0.245076
0.052647 0.124930 -1.812926
-0.244628 -0.157359 -3.105453
-0.161548 0.088782 -1.633238
-0.142942 0.314722 -1.790442
0.371162 0.455104 2.152481
0.214206 0.027122 -1.216291
-0.360632 -0.297800 -2.586974
0.153350 -0.107116 0.633877
-0.402964 -0.420221 -2.400822
0.298244 -0.125794 0.281414
0.304168 -0.380463 -1.903046
-0.001438 0.434439 0.741901
-0.028809 0.218283 1.646828
-0.329529 -0.476532 -2.509213
0.274965 -0.496152 -2.364192
0.128453 0.274798 2.357934
0.161364 0.095247 -1.986286
0.258398 -0.088563 2.940622
-0.024220 -0.385524 -2.920892
-0.009414 -0.165442 -2.815518
-0.494422 0.358047 -1.586669
-0.032580 0.046992 -1.365735
-0.156327 -0.094614 1.271710
0.336686 -0.265330 1.502098
0.380672 0.022015 1.645510
0.242387 -0.068075 -1.229946
-0.235791 0.191909 2.069308
0.130764 0.473027 -0.072592
-0.202587 -0.390726 1.772195
0.321975 0.152533 0.652258
-0.116529 0.409139 -0.164396
0.308502 0.328013 0.849994
0.448621 -0.077859 -3.105973
-0.127104 -0.105811 2.915748
0.158634 -0.023574 2.939825
0.431076 0.461779 -2.972263
-0.404633 0.199027 -0.134872
-0.400277 -0.211703 -0.678765
-0.175665 -0.235598 1.230601
-0.412258 -0.380448 0.841227
0.119381 -0.392424 -2.123122
-0.163014 -0.158713 -0.001982
0.327044 -0.142817 -2.217571
-0.354432 0.287130 2.870126
0.449121 -0.274938 2.494415
0.378834 -0.224486 -2.144048
-0.445633 0.108611 -0.230996
0.217505 -0.108747 -2.163871
0.176436 0.197754 0.619589
-0.212714 0.437675 -2.885951
0.308337 0.213101 -2.502206
0.358322 0.284108 -0.933076
0.113892 0.102023 1.968709
-0.170808 -0.011660 0.433033
-0.264063 -0.303416 0.798348
0.467435 0.337106 1.874316
-0.104611 0.372559 2.911013
0.444883 0.167536 -2.476915
0.068391 -0.116229 -0.937545
-0.461799 -0.158759 2.666387
0.294169 0.155290 -2.523528
-0.147460 0.098405 -1.464847
0.174948 0.384065 1.814699
-0.338778 0.488219 0.291963
-0.210442 0.296515 1.374618
-0.084004 0.030940 -1.581259
-0.365533 0.239491 0.867731
-0.310714 -0.214847 -2.936548
-0.478305 -0.108211 0.071241
-0.048735 -0.060135 -2.496592
0.233168 0.498048 1.689340
0.217933 -0.317735 -2.790325
0.032252 0.181475 -2.472262
0.030368 0.173438 2.774204
-0.410308 -0.495762 -1.344087
-0.402060 -0.040690 2.336119
-0.297176 -0.236148 1.269762
-0.042645 -0.443462 2.576807
0.408637 -0.040772 -0.185139
-0.374591 -0.105956 0.030135
0.220109 0.214990 -0.345841
0.361798 -0.006346 0.767826
-0.387984 0.279682 2.356269
-0.428382 -0.151463 2.896153
-0.002559 0.266636 0.695128
-0.061079 -0.048547 1.650805
-0.417041 0.158126 1.367766
-0.028034 0.094101 -2.223554
0.447272 0.218498 2.203926
0.224616 0.002104 2.329716
-0.467657 -0.424722 1.738069
-0.315905 -0.180449 1.679461
-0.440142 0.107378 -1.504471
0.381657 -0.060203 2.109123
-0.430059 0.389926 -3.071121
0.144427 0.124330 -2.190009
0.372296 -0.241491 3.117701
0.330837 -0.453149 0.002272
0.377805 -0.026168 -1.822675
0.390268 0.109964 -1.813542
0.445160 -0.025010 2.776151
-0.044941 0.436436 -1.097841
-0.414709 0.207853 2.180482
0.259001 0.311772 -2.832141
0.422429 0.464286 -0.124295
-0.028293 0.184792 0.190091
0.422323 0.367725 -1.977736
0.180073 -0.316589 0.046417
-0.440705 0.263089 -0.351766
0.482563 -0.143363 -2.552308
0.064121 -0.397857 1.248165
-0.009400 0.116917 -2.787056
-0.221619 -0.374022 2.877185
0.251418 -0.474203 -1.139171
0.004716 -0.457545 -1.681749
0.122312 0.380517 -2.887699
0.217193 -0.399991 2.560401
0.484666 -0.059759 2.956257
-0.332183 -0.077916 2.256548
-0.440125 0.038204 2.085189
-0.465006 0.261626 0.709726
0.378366 -0.355279 -2.094889
0.285946 0.282156 3.117866
-0.426308 -0.301963 0.722538
0.176241 0.179499 -2.347869
-0.217746 -0.183425 -0.800409
0.026065 -0.408749 2.036888
-0.034044 0.168450 1.080640
0.347959 0.432168 0.056357
-0.447803 0.379632 0.421450
-0.137824 0.300610 0.402984
-0.229152 0.400565 3.134546
0.188534 -0.433347 -2.233398
-0.050078 0.410052 -2.951188
-0.339386 0.153646 -2.515226
0.471924 -0.416709 -3.082937
0.280644 -0.399585 0.202405
0.250738 -0.325126 1.143644
-0.077368 0.232156 -2.984585
0.412001 -0.126542 -1.365518
0.154646 0.053720 2.348171
0.348310 0.474318 1.126265
0.390195 -0.131727 -1.023499
0.376641 -0.458629 2.742748
0.448249 -0.422573 -1.591300
-0.394338 0.495337 -2.472861
-0.470318 0.085186 1.367030
0.428217 -0.182558 -2.534585
0.289707 0.218837 -0.085001
0.204368 -0.383402 2.832683
0.193836 -0.406552 -1.779606
0.152914 -0.049747 -2.601226
0.008384 0.418946 -2.324544
-0.107393 0.201497 -2.909693
0.225354 0.324398 -2.494790
-0.196569 -0.170280 -1.535389
-0.384968 0.370363 0.503727
0.184997 -0.067899 -0.747374
-0.022941 0.382806 0.978365
-0.212084 -0.359035 1.759988
0.127992 0.243772 2.326102
0.237113 0.101708 -0.675761
-0.120802 -0.259368 -2.418853
-0.321758 0.040659 0.810920
-0.383205 0.478791 -1.489362
-0.485697 -0.126007 1.807601
0.202419 0.406165 -0.963474
-0.375668 -0.143187 2.293371
-0.323068 -0.446638 -2.491149
-0.346410 0.377492 -1.420402
0.040575 -0.398786 1.676379
-0.206537 0.041184 -2.225770
0.173794 0.045090 2.811212
-0.275769 -0.117067 -1.816648
0.230084 -0.429310 2.701827
-0.357380 0.055120 -1.194072
-0.108111 -0.046540 -2.107296
0.296909 0.087785 -1.391526
-0.050668 -0.497607 0.294316
-0.042112 0.294150 0.769687
-0.382509 0.089856 -0.488116
-0.410468 0.497983 1.402409
0.222333 0.019655 -2.408270
0.456403 0.407987 -2.059999
-0.351349 0.363934 -1.969150
0.191231 0.268080 -1.025132
0.394158 -0.262359 1.700442
0.165339 0.094993 1.732712
-0.183217 0.485853 0.228139
-0.221770 0.099964 -0.964572
-0.325853 -0.006394 2.258561
-0.197950 -0.189282 2.715877
-0.489236 0.172062 0.491727
-0.116777 -0.400430 -0.293597
-0.324046 0.461845 0.612105
0.117968 -0.022305 1.008903
0.044644 -0.445288 2.146346
0.018919 0.050400 1.022032
0.170002 0.050235 -2.376412
0.078298 -0.192518 1.000247
0.350755 -0.120242 -0.980891
0.354439 0.439824 -2.694054
-0.027564 -0.000695 2.564346
-0.281037 0.375038 -1.026013
0.437170 0.432452 1.727637
-0.140752 0.428085 -0.671048
0.383965 0.366852 -2.943284
-0.032427 -0.312185 -0.074759
0.026363 0.105773 -1.970367
-0.028231 -0.374253 -2.407484
-0.489036 0.210806 1.833984
0.465702 0.025477 -0.054820
0.485744 0.183136 2.461735
0.220816 0.324100 2.620645
-0.361703 -0.101171 0.319718
-0.206933 -0.245006 2.334300
-0.364134 -0.234643 1.538016
0.417433 -0.150740 -2.215357
-0.161511 0.260984 0.417676
-0.460533 -0.349250 -0.513237
-0.326018 -0.474323 2.541243
-0.250949 -0.080160 -2.899226
0.068543 -0.197971 -2.586285
-0.302656 0.341872 1.816362
-0.416512 0.270509 -2.040242
-0.036574 0.035437 -0.594866
-0.267159 -0.097958 -1.058628
-0.456610 0.126295 -1.694657
-0.018201 -0.454121 0.195705
0.251516 0.152561 -1.045232
0.361604 0.356686 -1.372190
-0.313002 0.412842 -1.999252
0.138292 -0.407841 0.641421
0.416798 0.254984 1.745591
-0.166050 0.357594 1.897723
0.050364 -0.367891 0.068611
0.080826 -0.413025 1.711358
-0.353846 -0.073999 -0.321375
0.363289 -0.339647 -0.222115
-0.456605 0.142352 1.535256
-0.081639 -0.209996 -1.442361
-0.388973 -0.402433 -1.531901
-0.159944 0.385235 1.021369
-0.253159 0.396762 -2.907693
0.360108 -0.180246 1.479855
-0.089262 0.418891 -2.221173
0.367356 0.396663 -1.937142
-0.361205 0.354070 0.316098
-0.425426 0.072256 -1.693691
0.033945 -0.159493 -0.355822
-0.240120 -0.317571 -1.122284
-0.396605 0.112713 -1.119268
0.493494 -0.035038 0.039084
-0.053594 0.288240 1.707298
0.000543 0.112746 -1.731457
0.229930 -0.029067 1.104615
-0.292983 0.406086 -1.288262
-0.088098 -0.415981 -0.531985
0.220015 -0.000373 -2.816483
0.010032 -0.030063 -2.615464
0.144555 0.374162 2.339741
-0.265367 0.136310 1.489309
-0.362012 0.210702 -0.431262
-0.374434 -0.207219 0.654891
-0.052293 -0.173686 0.808245
-0.023402 0.456378 2.130812
0.266412 0.131368 1.563370
0.017558 -0.446240 2.384439
-0.315191 -0.144808 1.652666
-0.001054 -0.351452 2.508068
0.012844 0.331576 0.797600
0.190051 0.275037 1.602874
-0.138562 -0.342285 2.331046
0.291864 0.107672 -3.061114
