0.400712 -0.080859 -0.504555
-0.253815 0.070136 -0.760736
0.098074 -0.424233 -0.155800
-0.011225 -0.317244 -2.934606
-0.232557 0.255721 1.177279
0.101935 -0.236180 2.463059
-0.043303 0.098812 2.668204
0.249616 0.214910 1.106798
-0.163567 -0.140587 -2.213665
-0.465302 -0.064050 -0.324966
0.377564 -0.432031 -0.744917
-0.438166 -0.061824 1.091899
0.033320 -0.189569 2.149697
-0.420343 0.031578 -0.065766
-0.180335 -0.390136 -0.388768
0.227718 -0.096822 0.014516
0.089034 0.455606 -2.198446
0.470711 -0.485473 2.303471
0.169160 0.364319 3.103092
0.337469 0.004562 -0.540230
-0.267231 -0.403669 2.395613
-0.130255 -0.137494 0.977576
0.293652 0.455485 -0.967390
0.108478 0.294227 0.753799
0.069220 0.443922 -3.090236
0.095162 -0.375583 2.074863
0.467657 -0.263853 1.877392
-0.251744 -0.154649 1.994961
0.188208 0.383560 -1.885611
-0.050039 -0.075720 -1.456630
0.191356 -0.039381 -1.972051
0.280487 -0.499560 2.817451
0.219400 -0.115555 -2.828182
0.030103 -0.081091 -1.601091
0.014132 0.209946 0.090259
-0.458060 -0.061778 -1.066035
0.275158 -0.317954 -2.666034
0.414959 0.178577 2.974847
0.306833 0.440882 1.905876
0.000152 -0.438966 -2.557739
0.114099 0.132373 -1.193681
-0.329938 -0.442043 -0.397960
-0.258281 -0.315447 -1.689521
-0.152586 -0.238435 -1.023128
0.150281 -0.038013 0.114459
-0.137432 -0.072585 -2.830147
-0.037177 -0.086367 1.636571
-0.126183 -0.320023 0.275769
0.444032 0.200835 2.046193
0.268708 -0.142890 2.052022
-0.269814 0.203029 -0.483101
-0.273031 -0.364408 -3.070054
0.392484 -0.045203 -3.127009
-0.381069 0.210701 2.899867
0.187464 0.434240 0.829052
-0.204205 -0.402705 1.806094
0.144858 -0.152261 -1.086804
0.259090 0.402517 0.969067
0.006715 0.211276 -1.781805
0.404058 -0.038142 -1.037772
0.178402 0.449868 0.181470
-0.203633 -0.265151 -1.818564
0.374815 0.351482 2.290248
0.039863 0.162921 -1.854335
-0.233841 0.329565 -0.306881
0.359608 0.141318 -1.430720
0.063388 0.079583 0.091971
0.181263 0.099717 0.776660
-0.464351 0.252510 -1.694011
0.493682 -0.409712 1.489517
-0.487116 0.339280 0.162654
0.392211 0.223296 -2.403672
-0.351880 -0.417887 1.073937
-0.389519 0.263679 -2.868231
0.180105 -0.303864 1.919455
0.210804 0.310330 2.471689
-0.104665 0.306116 2.885243
-0.266591 0.256919 -1.726873
-0.087169 0.408086 1.044139
-0.328328 -0.335579 2.434772
-0.440527 0.414326 -1.248210
0.343870 -0.248098 2.580734
0.347467 0.057985 -0.673773
-0.415381 -0.044178 -2.112596
0.329695 -0.242732 -0.383985
-0.210760 -0.128497 -1.845974
0.460289 -0.453772 0.410291
0.245354 0.311328 -2.768597
-0.441530 0.023989 2.503192
-0.233856 -0.271684 2.883631
0.208839 -0.195298 1.605182
-0.363089 0.004759 1.707919
0.084291 0.267624 -1.652627
0.333537 0.289000 0.446472
-0.127481 -0.076920 2.238445
-0.430038 -0.317847 2.477738
0.092684 -0.078437 -2.809204
0.288343 0.248314 2.992091
0.104848 0.415681 2.254068
-0.352630 -0.335357 -2.431711
0.244901 0.155245 -0.169450
0.310749 0.009811 -0.710156
0.289077 -0.227660 2.953037
0.120571 0.191303 2.623297
0.126785 -0.226640 -1.980177
0.312406 -0.269992 -2.031205
-0.053148 0.168437 1.899559
-0.298392 -0.435836 0.603034
-0.052432 0.198581 -1.540011
-0.017344 0.326482 0.277553
-0.193481 0.473434 0.950044
-0.484285 -0.293035 0.835925
0.381649 -0.366795 1.473149
0.038822 -0.448694 -2.077878
-0.249145 -0.258708 -2.131121
0.375867 0.049138 1.990149
-0.289965 0.171578 2.811095
0.424085 0.462790 -3.064600
0.322485 -0.338380 2.123240
0.452992 -0.275400 2.792249
-0.069037 -0.216432 0.278552
-0.225962 0.490557 -2.565552
-0.432532 0.130895 -1.199212
0.359128 -0.043190 -0.537700
-0.005192 0.465949 1.934733
-0.003583 0.279722 2.151176
0.183038 -0.305906 -2.307555
-0.100057 -0.102507 2.754859
-0.119539 0.207424 -2.887965
-0.355571 0.464489 -1.846576
0.397126 -0.414259 1.696673
0.282769 0.027789 2.648076
-0.390720 -0.046504 -0.811725
0.136066 0.089180 1.981489
0.471082 -0.068782 0.218450
0.113513 0.172250 1.074586
0.322505 -0.345302 -1.823280
0.043431 0.463841 -1.182077
-0.055365 0.258017 -2.089370
-0.458590 -0.488279 2.860335
0.165760 -0.299212 2.417408
-0.066935 -0.490361 1.678716
0.235363 -0.005992 -1.795320
0.212089 -0.474223 1.317597
0.061737 -0.299851 -1.598647
0.040285 -0.259197 2.619578
0.384886 0.295930 -0.280180
-0.321242 -0.065336 0.652310
0.033778 0.167824 0.893519
0.200416 0.470567 1.288746
0.423623 -0.098059 1.844805
0.290110 0.048177 0.924128
-0.102291 0.338181 -0.276907
-0.027360 -0.288644 -1.306770
-0.267485 -0.385845 0.400130
0.124494 0.166045 1.362636
-0.355339 0.487065 2.053016
0.421491 0.410392 2.072475
0.275552 0.041831 -0.803984
-0.282004 -0.181241 2.851613
0.269701 -0.119634 1.976696
0.497872 -0.147372 1.856549
-0.378247 0.241928 -2.300653
-0.070647 -0.359300 0.057317
-0.015604 -0.229769 -1.435064
-0.263337 -0.297219 -3.072827
0.240628 -0.350364 -1.899788
-0.076379 -0.015328 1.230663
0.415092 -0.116931 -2.682042
-0.191812 0.492402 -0.662335
0.304134 0.341275 0.982771
0.496297 -0.226778 2.560882
-0.435586 0.080047 -1.461012
0.083019 -0.237142 -3.044470
0.148949 -0.105460 0.543225
-0.362021 0.492560 -2.336959
-0.009922 0.348560 -0.209840
0.495858 0.076303 2.919103
0.068180 0.042222 -0.734888
-0.330332 0.139113 -0.950149
-0.019468 -0.363068 -0.784789
0.390279 0.118533 -2.717668
-0.141311 -0.482268 -1.962655
0.260902 0.136636 1.569142
0.174692 -0.170592 1.252169
0.425559 -0.402346 1.279486
0.121768 0.378637 -2.587630
-0.219918 0.157518 3.103500
0.184873 0.247044 1.985880
0.429277 -0.287328 2.024300
-0.301245 0.034447 -1.393279
-0.120982 -0.165567 1.291519
-0.461761 0.218625 -0.879600
-0.467196 -0.430452 1.743945
-0.420491 -0.224319 -1.269400
-0.053376 -0.415541 -0.488355
0.287144 -0.379320 -1.715585
0.035326 -0.141652 -1.249333
0.044563 0.235694 -1.323382
0.205475 0.178757 2.744917
0.402087 -0.333643 2.219827
-0.455205 -0.210858 -0.405881
-0.219496 -0.146801 -1.717819
-0.148252 -0.377929 1.130536
0.467168 -0.069125 -2.429428
-0.488239 0.088870 -1.920587
0.197160 0.146190 -0.448631
0.339466 -0.315318 1.147455
-0.412532 -0.447750 -0.741416
0.328862 -0.142359 -1.808554
-0.113668 0.132257 1.513800
0.140965 -0.002996 -2.494261
-0.407342 0.179118 -2.738395
0.377845 -0.080976 0.635831
0.427448 0.299115 -2.739606
0.468654 0.256928 0.619452
-0.493849 0.403094 0.224634
-0.248349 -0.003296 -1.942216
0.395935 0.075244 -1.659506
-0.306677 -0.213084 2.237120
-0.360217 0.453253 -1.234783
0.258764 0.286244 -0.560586
0.474340 -0.330972 -2.776785
0.218284 -0.472596 1.611922
-0.314916 0.074952 -2.475158
0.369337 0.004534 2.142643
0.284136 -0.079846 -0.574041
-0.158087 0.318623 0.823440
-0.398009 0.286764 1.433821
0.456063 0.271520 0.727369
-0.282262 0.389322 1.675013
-0.142158 0.294023 2.229101
0.238402 0.474545 1.142766
0.297843 -0.331305 -2.132001
-0.314917 -0.443903 -1.696367
-0.425683 -0.241123 2.817910
0.068895 0.377759 2.146419
-0.043248 0.250946 -1.365372
-0.308513 -0.388881 -2.838951
0.332229 -0.358791 -1.038071
-0.048543 -0.494429 -1.560021
0.353563 0.399389 -1.004663
-0.030055 -0.468680 2.117592
-0.348352 -0.215098 2.126538
-0.130358 0.088725 -2.093497
-0.297609 -0.070152 1.393763
-0.464744 0.415428 1.446518
0.333638 0.286078 2.268548
-0.397031 -0.427245 -2.023704
-0.378313 0.408484 -0.159129
0.435381 0.123952 -2.338312
-0.250042 -0.105876 1.639213
-0.024663 -0.211478 -1.143585
-0.157985 0.337758 -0.282635
0.412101 0.269152 -0.539311
-0.454188 -0.498770 2.039964
-0.155764 0.418076 -1.584916
-0.010887 -0.467413 -2.774992
0.277791 -0.426847 -2.115895
0.103537 0.484798 -2.744724
0.491118 0.220952 -0.506136
0.139654 -0.396558 1.070006
0.094052 -0.474886 -1.421284
0.433608 -0.301953 1.835763
0.255323 0.157982 0.357831
-0.472020 0.069549 1.652010
0.092418 -0.035649 -1.546730
0.355294 -0.403545 0.424526
0.232007 -0.456021 1.162729
0.298372 -0.300140 -1.151818
0.027030 0.462557 -1.336024
-0.287844 0.448245 0.229411
0.388967 -0.140174 2.395309
0.490303 -0.059866 0.006039
0.219187 0.414579 1.310335
0.151174 -0.377260 0.453697
0.031338 -0.434121 -2.992284
-0.131598 -0.151497 1.975634
0.241793 -0.440041 1.842658
-0.106542 0.391864 0.943096
0.493688 0.442063 -1.338827
-0.334311 -0.096206 -1.253237
0.293501 -0.483944 -0.368644
0.067395 -0.401848 -2.361614
-0.092486 0.181175 1.885456
0.019795 -0.150879 -2.686417
0.057048 0.243416 1.239395
0.074067 -0.053562 1.008475
-0.214206 -0.207680 -2.435645
-0.261595 -0.106415 2.122017
-0.268496 -0.445548 -0.662846
0.452312 -0.261404 -0.973782
0.265832 -0.308374 -1.984973
0.377451 -0.451061 -1.038535
-0.249345 -0.119860 0.434653
-0.380837 -0.404898 -0.717078
-0.005866 -0.378528 1.201722
-0.341771 0.083699 2.117959
0.283834 -0.208117 1.208216
-0.481518 -0.243429 -1.632290
0.200867 0.479349 2.565269
0.456450 0.186178 0.924950
-0.169639 0.046065 1.850010
0.114978 -0.009564 0.554277
-0.011455 -0.395196 -0.481259
-0.236087 -0.427134 2.369640
-0.125038 -0.360949 1.512681
-0.402655 0.456966 2.993981
0.313096 0.088708 -1.460839
-0.390340 0.465673 2.415877
-0.334814 0.257391 -0.813484
0.087906 0.263951 -0.049440
0.315794 -0.336344 -1.875258
0.237412 0.161935 0.387531
-0.254926 -0.362382 0.041784
-0.157528 -0.055528 2.674223
-0.333393 0.014524 2.413186
0.011259 -0.426256 -1.365724
-0.365761 0.344721 -1.603821
0.024779 -0.059843 -1.806388
-0.408570 0.320239 1.359815
-0.014691 -0.114756 -1.004381
0.086247 -0.449259 -1.912203
0.156303 0.201741 2.589735
0.240756 -0.109845 -1.100503
-0.075180 -0.123138 0.079597
0.133905 -0.360844 2.296895
-0.394263 0.399688 -3.030382
-0.040062 -0.014286 -0.977805
0.477441 0.189348 -1.488910
0.470597 -0.300410 0.462292
-0.111072 0.272129 -0.606100
0.402101 0.372853 -0.788381
-0.028896 -0.166416 2.857993
-0.004876 0.101932 -0.340974
0.073641 -0.497030 1.201586
0.437271 0.235658 2.348687
0.416099 0.028711 2.547017
0.332051 0.345819 3.010555
0.383308 0.233759 1.429802
0.470492 -0.075997 -2.736595
-0.194930 -0.448868 1.030182
-0.249352 -0.305052 -3.069349
0.161322 -0.213841 -0.689522
-0.170329 0.283826 1.323234
0.475919 -0.233809 2.917243
-0.321473 0.486831 2.067991
0.083989 0.088904 2.105120
-0.087635 -0.391776 1.624775
-0.076598 0.477330 1.137417
0.369325 0.316123 -0.821056
-0.322211 0.024263 -2.729193
-0.266415 -0.264483 -2.867354
0.419427 0.004242 -2.409676
-0.032291 0.208102 -1.924287
0.267684 -0.003383 -1.688151
0.072965 0.400006 -0.659552
-0.366289 -0.430511 -0.106301
0.131732 0.459281 -2.645803
0.420472 -0.064771 -3.038051
-0.308181 -0.404972 -0.979294
0.150736 -0.247833 -1.668718
0.266936 0.438305 0.989003
-0.190867 -0.061880 -1.629163
0.132591 -0.466376 0.466274
-0.339615 0.256857 -1.563776
-0.122325 -0.445132 1.098276
-0.212260 -0.350635 -2.172589
-0.135159 0.439846 0.116821
0.128976 -0.467176 2.177491
-0.487873 -0.253207 0.796139
-0.065205 0.333507 -1.670735
0.385309 0.385895 1.523627
0.398771 0.424505 1.756416
-0.485100 0.110798 0.282327
0.030631 -0.270279 2.372673
-0.189769 -0.097281 -1.683921
-0.398480 0.104587 0.403643
0.426136 0.042856 0.524696
0.289603 -0.148830 -0.174642
0.154590 0.039227 -2.720910
0.166796 -0.089839 -0.076271
0.395257 0.404907 -2.051142
0.226333 -0.256508 -2.613103
0.250349 -0.094367 2.469714
0.146772 0.093943 2.439490
0.390731 0.469886 -2.426823
-0.450645 0.274637 -0.144860
-0.494711 0.278829 -0.799073
-0.241669 -0.203327 1.020081
-0.027705 -0.431246 2.394983
-0.116188 0.467930 -0.462895
-0.491125 -0.123765 3.021653
0.159901 -0.185741 1.444456
-0.349830 -0.348764 -0.223573
-0.256659 -0.347792 -2.795819
-0.149363 0.236889 1.978697
0.300227 0.212170 2.849615
-0.041857 -0.350371 1.495815
0.204813 0.165858 -0.181674
