-0.221136 0.106481 -2.789910
0.100034 -0.418300 1.932366
0.333833 -0.499063 -2.776921
0.417007 -0.225407 -1.816284
-0.082826 0.383303 -2.386880
0.342330 0.198007 1.619786
-0.227764 -0.491323 -2.271018
-0.051233 -0.130538 -2.504390
0.395166 0.252155 0.883781
0.333384 -0.148720 -0.482468
-0.151648 0.188327 2.980042
-0.254306 0.068265 -1.834818
-0.247944 0.052253 0.204150
-0.124959 0.262772 -0.791670
-0.163652 -0.188023 -2.363785
-0.057872 -0.453362 2.292377
0.345645 0.320385 -0.233445
-0.103963 0.190946 1.747423
-0.190154 0.233163 -1.495623
0.409638 -0.301597 2.387780
0.444852 0.156243 1.408124
0.039354 0.182141 -2.784233
-0.188040 0.151479 0.794838
-0.126242 0.307122 0.374135
0.284797 -0.166958 2.448039
-0.071801 0.260988 -2.180477
0.434778 -0.031698 2.008117
0.331619 0.487650 -2.916782
-0.388929 -0.132061 -0.150001
0.319549 -0.486479 -2.099930
0.485566 0.358270 0.258658
-0.023946 0.188371 0.182122
-0.203952 -0.264174 -2.909586
-0.057337 0.433329 -1.363357
-0.255790 -0.018129 -3.111685
-0.184633 -0.317106 -2.625929
-0.071889 0.404058 -2.733155
-0.119907 -0.279206 1.792849
-0.426999 0.272385 -1.090722
0.291144 0.091176 -2.706815
-0.196051 0.409326 -2.448002
0.375232 -0.203909 2.188014
-0.276034 0.161682 1.726116
-0.072686 -0.381954 1.535711
-0.363879 0.264638 -0.059830
-0.249471 0.391595 1.403825
0.239430 0.050179 0.115471
0.301893 -0.290669 1.930063
-0.315685 -0.386475 -2.980836
0.238773 0.343780 0.733282
0.223645 -0.083029 0.575479
-0.379955 0.017773 -1.575203
0.355006 0.437476 -2.387596
-0.447127 0.129337 -1.192444
0.168842 -0.151795 2.779273
-0.276464 -0.088097 1.580376
0.136392 0.134749 1.525930
0.186262 -0.210963 -1.603597
0.197779 -0.092172 2.528424
-0.223286 -0.306111 -0.760977
0.104686 0.226176 -0.417646
0.479881 -0.227432 -2.400896
0.156513 -0.495445 3.110973
0.461084 -0.231865 2.865862
-0.426996 -0.136696 -1.208362
-0.375474 -0.230016 1.242950
-0.023185 -0.215838 3.043606
-0.306512 -0.117730 -0.927323
0.372434 -0.334717 0.650507
0.308125 0.356809 2.486709
-0.347015 0.179855 -0.888326
-0.404577 -0.352173 -0.827864
-0.238990 0.340277 1.349094
-0.208208 0.239970 0.528227
0.047820 -0.219594 1.110280
0.411266 -0.119121 2.701279
0.029805 0.482531 1.949755
0.278393 -0.187150 -1.605877
-0.376002 -0.343217 -0.007194
0.307626 -0.288200 -2.723187
0.348643 -0.060209 2.857236
-0.143086 0.454721 3.075924
-0.236772 0.410278 2.581573
-0.167537 0.277871 0.082188
-0.229290 0.178226 -0.962971
0.440899 -0.008244 2.324922
-0.133897 0.362187 -1.462046
0.012034 0.012927 3.000808
0.240572 0.131217 1.418834
0.206853 0.382300 0.013982
0.040243 -0.363069 -0.345837
0.433151 -0.333105 0.146063
0.457770 -0.194304 0.620653
-0.034097 0.165208 -1.338931
-0.330684 0.170001 -0.000432
0.155957 -0.187492 -0.022873
0.329723 0.397425 -0.299127
-0.091469 0.273207 -0.301150
0.258960 -0.166273 1.084183
0.413803 0.164655 -2.757129
0.103754 0.291537 -1.802749
0.288331 -0.101227 2.370284
0.495743 -0.285688 -2.111021
0.222566 0.406830 1.560649
0.174416 -0.351560 -0.641234
-0.056290 0.478433 -0.866423
0.114671 0.311904 -1.389829
0.147997 -0.121623 1.766133
0.089709 0.303225 -0.563809
0.491234 -0.242439 2.987863
-0.233003 -0.083801 1.737510
-0.412648 0.155872 0.519358
0.307606 -0.474335 0.848785
-0.447795 -0.354511 0.509470
0.411634 -0.113282 -2.332799
0.294171 -0.045280 1.279790
-0.290679 0.213876 -0.896408
-0.142757 -0.255575 -2.932579
0.225168 -0.251823 2.321931
0.324305 0.304595 -2.699047
0.401673 0.294493 0.109015
-0.221805 0.169175 -1.088276
-0.115118 -0.361470 -0.321776
-0.308654 0.142358 1.517290
0.384849 -0.014869 -1.062339
0.080604 -0.296046 -1.702160
-0.025308 0.120357 -1.272391
-0.486796 -0.402858 2.688228
-0.221210 0.432606 0.629476
-0.309091 0.349790 -1.351454
-0.233619 -0.004883 -2.458692
-0.290687 -0.320694 -2.992346
-0.322617 0.202372 2.884951
-0.271434 0.191279 -0.492564
-0.089437 -0.337110 -1.904537
0.264401 -0.098054 -1.729206
-0.463715 0.392872 0.342669
-0.473507 -0.415738 -1.429886
-0.099111 0.104585 2.401078
-0.140083 0.266103 1.577521
-0.306960 0.462693 -2.724589
0.111183 0.381137 1.802256
0.093291 0.428919 -0.105841
0.438574 -0.350379 -2.658109
-0.097233 -0.294765 -2.647886
0.170379 0.428370 0.312537
-0.369435 -0.113786 0.532074
-0.433072 -0.000934 2.198486
0.484707 0.274174 -0.880610
0.052805 0.270597 -2.257768
0.139452 0.186830 -2.945170
0.236726 0.322251 1.314330
-0.048719 0.334575 2.736537
0.071870 -0.420550 2.343062
-0.038650 -0.081201 -2.790818
-0.065736 0.116256 -2.396428
-0.459015 0.008523 2.878583
0.114807 -0.091396 1.494762
0.016588 0.055569 3.077358
-0.302961 0.357236 -0.551541
-0.139391 -0.122113 -0.509321
0.431769 0.407785 0.949509
0.109570 0.317872 3.060017
-0.345901 0.020233 -1.857469
0.431201 -0.188707 -2.929272
-0.281269 0.410194 0.538167
-0.243944 -0.113314 -0.513598
-0.139537 0.485531 -1.789238
0.372825 0.331825 2.704318
-0.209930 -0.477726 2.875250
-0.085201 -0.435274 1.350643
-0.226295 -0.191379 -2.989448
0.071021 -0.360266 2.825468
0.096514 0.368133 0.826589
-0.352023 0.165415 0.501015
-0.428212 0.395697 -1.914114
-0.141834 0.420884 2.738351
0.450321 0.430738 -0.545706
0.317691 0.455889 2.058139
-0.432196 -0.126618 1.927471
0.273824 -0.454276 -0.225589
0.144577 -0.322299 1.398880
0.043203 0.095422 -2.722309
-0.193916 -0.102713 0.228788
0.312739 0.004846 2.918465
0.040169 0.097869 -2.205278
0.395179 0.390385 2.799022
-0.053261 0.366040 0.553185
-0.176183 0.240373 -1.054736
-0.072304 -0.322736 -2.816050
0.458208 0.382399 -2.304730
-0.450390 -0.357435 1.470780
-0.177226 -0.308742 -2.294464
0.411240 0.493358 -2.504322
-0.416280 -0.350203 -1.270186
-0.334521 0.396006 0.421169
-0.408795 0.348920 -0.453952
-0.009064 -0.235895 1.080835
-0.313885 -0.244524 0.299236
-0.048289 0.474767 -1.447099
-0.116710 -0.419721 1.022844
0.187405 0.298691 1.910575
0.031420 0.130412 1.934330
-0.329768 -0.355453 2.069729
-0.328369 0.452985 -1.304651
0.177990 -0.444509 -2.631042
-0.246291 -0.272133 1.756872
-0.313650 0.415315 3.140280
-0.033023 -0.179274 -0.214749
0.341328 -0.305689 -1.330691
0.322351 -0.276121 -2.362544
0.401832 0.261849 0.470106
0.381261 -0.293637 2.839313
-0.208635 0.254892 -2.856914
-0.138246 -0.486730 1.157495
-0.272267 0.412606 -2.383594
-0.214659 -0.167644 -2.285212
0.453576 0.080008 -0.971174
0.190970 -0.362915 1.678676
-0.354721 0.106088 -2.585267
-0.458292 -0.488691 0.994945
0.287331 -0.304459 -1.133374
0.043002 0.200681 1.448277
0.132698 0.136930 0.517483
0.400779 -0.224236 -2.905336
0.160266 -0.044158 1.679735
-0.340449 0.207415 1.698223
0.234628 0.293365 1.998517
0.331588 0.322238 -1.635565
0.434885 0.372606 1.231916
-0.236991 -0.196334 1.880643
0.408545 0.178026 0.803716
-0.112742 0.127680 -2.153857
-0.466927 -0.249982 0.436990
0.350043 -0.128166 -0.258415
-0.462934 -0.475538 0.513802
0.321201 -0.283264 -1.232941
-0.353065 -0.209731 -0.857511
-0.421363 0.407570 -1.286961
0.221565 0.389020 -0.023212
0.073289 -0.288627 0.108168
-0.033243 0.285441 -0.688513
-0.419091 -0.242703 0.332651
0.410660 0.493190 -2.659220
0.144811 0.193475 1.517805
0.246874 0.106464 0.969526
0.134140 0.116958 2.733786
0.045509 0.334975 -1.105758
-0.059201 -0.492949 1.817161
0.081481 0.121472 -1.858328
-0.033595 -0.260725 -1.574303
0.093386 0.025975 2.850422
-0.462655 0.236588 2.879577
0.340446 -0.178867 0.754842
-0.235541 -0.402444 -2.615917
-0.131447 0.044356 -0.430322
-0.481378 -0.172917 0.612634
0.235560 -0.145182 0.394286
0.320424 0.323304 -1.201855
-0.218344 -0.203740 -1.012691
0.201567 0.202742 2.891045
0.094393 0.440043 -2.992401
-0.239204 -0.225583 1.417312
-0.300664 -0.187793 -0.331749
-0.133702 -0.049990 -0.927688
0.471850 -0.218763 1.446856
-0.302643 0.000293 -0.692904
0.094848 0.452741 1.383644
-0.034926 0.270622 3.010593
0.391697 0.259678 3.108965
-0.095781 -0.487615 -1.600357
-0.256025 0.494872 -0.543605
-0.314634 -0.084708 -0.864255
0.250893 0.235448 -1.893654
-0.109124 0.226011 -2.363371
0.055049 0.486118 -3.092004
0.444897 0.146973 1.113472
0.154195 0.204337 1.701589
-0.275589 0.297664 -1.377519
0.231490 -0.121981 0.404372
0.492679 0.465307 -1.159442
-0.332885 -0.397030 3.003090
0.356707 0.316921 2.977120
-0.392766 0.297962 0.447957
-0.453811 0.021376 2.951243
0.437763 0.197919 0.771343
0.338285 0.401775 1.842953
0.332228 -0.374276 1.594212
-0.347617 0.387833 -0.350534
-0.083264 0.361810 -2.161318
0.395192 -0.357279 0.094876
0.401677 -0.239158 0.409523
-0.156880 -0.304011 0.486154
-0.203541 0.201871 1.090935
0.011723 -0.011360 -1.438096
-0.318823 -0.086650 -0.232676
-0.195881 -0.232952 1.371235
0.116635 -0.187525 -0.801072
-0.169026 0.174217 2.218723
0.213782 -0.000250 -0.498258
0.293724 0.428971 -2.290938
0.450187 0.387771 2.728767
-0.108593 0.439062 0.114662
0.418778 -0.273343 -0.236920
-0.158684 -0.169694 -2.327548
-0.290787 -0.402032 3.133857
0.312727 0.184067 -0.296528
-0.084829 0.465559 -3.119444
-0.498711 0.252367 2.495385
0.471285 -0.078514 -0.937830
0.465789 -0.272988 -0.590482
0.294600 0.025088 -0.018700
0.400175 -0.059973 -1.423135
-0.045941 -0.217138 1.759111
0.025453 -0.398181 -1.576827
-0.219836 -0.261562 -1.517204
0.429278 0.392623 0.104369
-0.183488 -0.109598 0.637943
-0.116645 -0.254909 -0.795879
0.078726 -0.042999 -0.323112
0.029248 -0.438027 -0.584274
-0.291170 -0.295813 2.022383
-0.413641 -0.259358 -0.877234
0.231740 -0.339649 -2.877718
0.451739 0.396107 3.095472
0.009243 0.085454 0.785117
-0.064837 0.487078 -3.044565
0.106556 0.128079 -0.094943
0.446466 0.185660 -2.396703
-0.275880 0.146366 -1.487845
0.075457 0.173006 -1.949674
0.380179 0.257450 1.104686
0.307661 -0.224013 2.662976
0.013342 -0.371767 -1.029790
0.088335 -0.408904 2.883039
0.184340 0.237479 -2.706892
0.118551 -0.482463 -2.520391
0.225403 -0.261096 1.059363
-0.310837 0.431669 1.908305
0.452109 -0.085804 -0.669236
0.179849 0.240602 -0.149516
-0.256467 -0.059327 -2.002074
-0.434782 -0.073070 -1.306423
-0.022714 0.349649 1.897466
0.132845 0.085479 -2.106497
0.405766 -0.124086 -2.355581
-0.347771 0.124276 -1.233637
-0.249758 0.337695 2.532745
0.443264 0.223792 -2.084883
-0.247445 -0.126817 -2.455125
0.400343 -0.429757 1.532980
-0.141048 -0.382650 2.442494
-0.080870 0.365590 2.417841
-0.184580 -0.426622 -1.871109
0.141150 0.442251 -2.016469
-0.300223 -0.132075 0.207223
0.269401 -0.096071 2.213622
-0.307849 0.425654 -1.543596
-0.253025 0.385259 -2.979338
-0.149821 -0.162611 -1.362069
-0.257085 -0.035183 1.674557
0.335359 -0.122019 2.125355
-0.310114 -0.081766 0.399939
-0.260600 -0.275097 -1.567613
-0.239339 -0.135611 -1.009846
-0.391512 -0.333746 -2.778423
0.255371 -0.218992 1.920395
-0.167819 0.302032 -2.535426
-0.059749 0.457358 -0.803252
0.012890 0.495846 -0.581354
0.187833 0.118037 1.280497
-0.160091 0.045730 0.287458
-0.105469 -0.423923 1.376367
-0.080017 0.453412 -1.903324
0.357677 0.361947 0.364616
0.450242 -0.453491 -2.051593
-0.388606 0.223110 0.072978
0.133350 -0.165913 1.700168
0.430275 0.260049 -1.868364
-0.046594 -0.232258 -0.892464
-0.302326 0.018387 -2.789446
-0.141983 -0.457277 1.828912
0.311370 0.132774 0.334273
0.269110 -0.244699 2.536195
0.096125 -0.099244 -1.594039
0.171628 0.148938 1.198592
-0.184760 -0.041099 0.815095
0.387347 -0.281007 -1.128134
0.412457 -0.237738 2.730310
-0.389760 -0.281177 -2.860102
-0.126417 -0.192104 1.936093
-0.495732 0.012000 0.119157
0.225284 -0.481543 2.360123
0.026278 0.263763 2.239462
-0.467196 -0.257629 -0.373739
0.424120 0.290745 -2.815131
0.073259 0.133236 -0.806053
0.227557 -0.229238 1.036995
0.128022 -0.499708 -2.307126
-0.182822 0.142044 1.006627
