0.031565 -0.021684 -1.622158
0.205459 -0.207808 -2.344336
0.225257 0.391360 -1.342222
-0.451177 0.008689 0.478602
-0.025526 0.136202 -2.604192
-0.497411 0.359940 2.567577
0.370218 -0.302600 -2.475178
0.092471 -0.118725 -0.868451
0.383404 0.315552 -0.610013
0.325165 -0.185474 -2.307789
0.169851 0.469332 0.952892
0.218653 0.134778 -1.907233
-0.333004 0.268430 3.128641
0.106902 -0.035804 0.878212
-0.201403 -0.181930 -2.968567
-0.419436 0.406453 -2.613043
0.451866 0.271847 2.197635
-0.072225 0.370672 -1.158888
-0.006906 0.091525 1.869310
-0.004729 -0.368772 2.103561
0.251569 -0.084458 1.562066
-0.046326 0.422734 1.258743
0.234949 -0.066911 0.440181
0.476557 0.290833 1.794742
0.417224 -0.183271 -1.579936
0.096113 -0.067418 -0.090788
-0.148666 -0.106481 0.946466
-0.338298 0.488800 2.781231
0.186408 -0.215917 0.127545
0.320311 0.107086 -2.318751
-0.251322 -0.439037 -0.269671
0.163480 0.196628 0.666244
-0.265724 -0.107308 -0.004862
-0.111370 0.264528 -0.602857
-0.285819 -0.371154 -1.880215
0.394814 -0.360229 -0.044753
0.022220 0.374947 1.623326
0.149047 -0.318223 -0.567500
-0.408912 -0.340467 0.820892
0.097528 -0.222392 1.169337
0.488940 0.379684 -3.092464
0.497163 -0.030221 -0.617956
-0.052512 0.254754 -1.026375
0.064913 -0.166406 0.919415
-0.395917 0.316467 0.693747
-0.149270 0.103802 0.173153
-0.005823 0.017647 -1.132935
-0.417983 -0.290137 -2.956519
0.362026 -0.223544 3.138231
0.174571 -0.463977 -2.126591
-0.037286 -0.050653 -1.034974
0.290818 -0.028114 -0.716255
0.415741 -0.431862 -2.628271
-0.287280 -0.350757 -0.866119
0.199874 0.106507 -2.877899
-0.233720 0.018061 -0.740296
0.114808 -0.112751 -0.200684
0.339431 -0.063841 -0.338961
0.072578 -0.051514 2.325476
-0.431423 0.471343 0.942195
-0.159244 0.092947 1.071688
0.405181 0.024941 1.914513
-0.474887 0.213188 1.502397
0.462665 0.042700 -0.072687
-0.412514 -0.130761 1.692036
-0.446108 -0.306239 -0.861318
0.070256 -0.039813 1.652911
-0.358862 -0.325710 0.770603
-0.433158 0.419620 -0.908295
-0.042707 0.463543 -0.684020
0.447107 -0.062763 1.176806
-0.180843 -0.105058 -0.022604
-0.086990 0.168815 -0.113227
0.122171 0.250316 -2.124787
0.030655 0.062793 0.104469
0.307399 -0.083661 0.666991
0.073817 -0.178779 -1.531294
-0.002067 -0.154293 -2.309178
0.216382 -0.272555 -1.433375
-0.013027 -0.259777 2.933224
-0.126894 -0.304489 2.899734
0.132239 0.124201 1.547848
0.175453 -0.475276 -3.132473
-0.482818 -0.406248 -1.050662
-0.112055 0.425561 -1.967789
0.479350 0.431357 0.872539
-0.012154 0.193104 -0.316924
0.139016 0.268865 -1.481634
0.262261 -0.058928 -2.300606
0.159249 -0.315342 0.777509
-0.136218 -0.146774 2.653310
-0.472622 -0.293282 -1.005114
0.240783 -0.088025 -1.961073
-0.073713 0.433372 -1.298573
-0.490014 -0.300504 -0.282070
0.156455 -0.229207 -0.316803
0.304956 0.322231 0.428818
0.327334 0.204997 2.008759
0.162456 -0.394539 -2.202331
0.372453 0.386177 -2.928126
-0.049505 -0.381824 -1.429146
0.067330 0.007313 -2.626255
-0.489960 -0.396030 0.094829
0.396094 -0.340327 1.948337
-0.236436 0.357150 -0.680650
-0.120922 -0.434081 -2.063717
0.002344 -0.385008 -1.876147
0.210493 -0.160571 -0.091597
0.161950 -0.488219 -1.192620
-0.027608 -0.289555 0.767057
-0.498795 0.159409 -1.666194
-0.072289 0.072161 0.350506
0.005896 -0.279993 -1.605695
-0.494520 -0.108052 -0.314379
0.046979 0.010342 1.555043
0.159344 0.071125 0.008820
-0.405381 0.482188 -1.472991
0.413994 -0.019055 -0.413062
0.022470 0.257113 1.027296
-0.103077 0.305116 1.157643
-0.365860 -0.032591 2.157241
0.008293 0.423238 -0.156842
-0.075114 -0.372486 2.620057
0.423609 0.200957 2.602981
-0.333315 0.153566 -0.419406
-0.027706 -0.203471 1.868143
0.205643 -0.110755 -2.952320
-0.121913 -0.389931 1.515996
-0.101472 0.429039 -0.937252
-0.304863 0.241208 0.489071
-0.393482 0.020691 -1.556679
-0.278853 -0.025098 0.964960
0.295738 0.474076 1.970140
-0.471153 -0.113598 -2.021406
-0.001776 -0.071517 -3.082329
0.159698 -0.293842 -0.182351
-0.337385 0.391978 1.230093
0.362671 0.167664 -2.874324
-0.278621 -0.053530 0.509614
0.464033 0.217797 -1.114794
-0.292525 0.032016 -2.955804
0.004003 0.266717 0.164528
0.087508 -0.167137 1.874882
0.363606 0.498413 3.129981
-0.208825 -0.374504 3.062849
0.478140 -0.124084 2.266507
0.051431 0.157753 -2.288077
-0.343974 -0.114570 -2.225529
-0.289599 0.321638 0.709158
0.013507 -0.445268 0.044988
-0.020898 0.044176 1.436246
-0.116415 0.256777 2.535886
0.063826 -0.044233 -3.011932
0.084664 -0.485041 -1.569419
-0.265771 -0.354238 2.078023
0.016941 0.043563 -0.635662
-0.448575 0.201441 1.343604
0.125038 -0.201921 0.577098
0.068992 -0.015702 -2.266363
-0.124596 0.173650 0.050936
-0.248110 0.072890 -0.066831
0.449204 0.321620 -0.110009
0.143071 -0.102075 2.750820
-0.376501 0.028284 0.170493
0.334174 0.085933 -1.224392
0.413371 0.449406 1.942208
-0.047295 -0.224424 0.232957
0.146866 -0.476801 -2.483081
-0.480004 0.155514 2.317222
0.202215 -0.454857 1.786830
-0.136961 -0.472053 -0.311440
-0.291633 -0.427205 1.044932
-0.090627 0.454244 -2.815634
-0.053226 -0.038552 -1.981032
-0.298652 0.405275 -2.412577
-0.127595 0.168638 -1.075185
-0.105468 -0.142264 0.789994
0.173884 0.268414 1.143959
-0.030831 -0.228467 -1.310301
-0.277453 0.075827 -1.353232
0.051887 -0.339507 0.140468
-0.352192 -0.238337 1.032603
-0.191504 0.219058 2.578171
-0.333250 0.109628 2.512515
-0.111642 0.418508 0.317834
0.076304 0.356303 2.624369
0.427382 -0.110553 -2.675783
-0.033841 0.488690 1.575688
-0.115132 0.078800 -1.801036
0.238624 -0.457263 -1.058143
0.268168 0.242086 2.012587
0.409913 -0.459587 -2.586636
-0.189310 -0.459317 2.702582
-0.480332 0.367212 -1.756107
-0.308999 0.469919 -1.475448
-0.028082 0.294612 -0.475351
-0.218031 -0.038212 -0.578076
-0.318315 -0.061004 -0.672852
-0.351230 -0.102068 2.874232
0.164369 -0.193303 -0.195846
0.008010 0.420718 -2.385376
0.241568 0.428368 -1.480188
-0.215769 0.115512 2.828901
0.103500 -0.141295 -0.094827
0.348088 -0.036726 -2.890490
0.213405 -0.496099 -2.167727
-0.320257 -0.423813 0.055813
-0.404795 -0.261824 -1.154775
-0.122311 0.104102 0.225394
0.363209 -0.137688 0.851293
0.201866 -0.263064 -3.028217
0.309459 -0.386485 -1.248633
0.450476 0.053406 -1.845911
0.078517 -0.454163 0.018442
-0.330440 0.279165 -2.921453
-0.209321 0.491619 1.849794
-0.300716 0.073653 1.120880
0.415358 -0.397999 -1.142662
0.207617 0.361750 -1.104221
-0.081701 -0.063570 -1.017874
-0.247762 -0.392527 -2.661422
0.486787 0.476822 -0.317353
0.010760 0.371784 0.612627
0.072990 -0.154512 -1.109826
-0.427377 -0.001267 1.843043
0.265194 0.435687 -1.271919
-0.401770 0.373689 -1.779626
0.103224 -0.337113 2.894515
0.343931 0.418432 0.673581
-0.063401 0.357933 -1.248832
-0.154946 -0.171268 -2.585941
0.233607 0.167584 -2.406747
-0.230851 -0.078198 -2.103288
0.366131 -0.173318 -0.332192
0.079530 0.269638 -0.711888
0.346221 -0.393930 -2.600929
0.154677 0.258369 -0.913352
-0.063870 0.479781 -2.539411
0.481347 0.136861 -1.897526
0.025632 0.481761 -2.155709
-0.493292 0.001657 2.069237
-0.362794 0.090128 -2.325528
0.281263 -0.295315 -2.469434
0.151225 -0.410397 0.590917
0.166973 0.299320 1.899460
-0.128539 0.302815 1.744625
0.334035 0.044254 -1.877826
0.311484 0.272242 3.079873
-0.274525 -0.104704 -0.696453
-0.067834 0.098219 -1.834936
-0.041500 -0.234099 -1.446594
-0.106934 -0.411349 -1.020376
0.379307 -0.080133 0.441473
0.227201 -0.125352 -0.757044
-0.039198 -0.414570 -2.585595
-0.193330 -0.087982 2.893277
0.470413 -0.342329 -1.431603
0.389505 0.149396 2.090858
-0.367912 -0.009927 -0.389064
-0.011397 0.493679 0.940543
0.046280 0.298172 2.443545
-0.063127 -0.234466 0.684010
-0.335693 0.053284 0.038152
0.392582 -0.094573 -2.004550
-0.278660 0.490174 2.151703
0.278581 -0.048650 2.067929
-0.405039 -0.334711 0.972604
-0.395741 -0.480171 0.842007
-0.229986 0.427325 -2.916889
0.408088 0.398673 -1.540129
0.461067 0.367386 0.917579
-0.189314 0.477506 -2.451256
-0.264765 -0.018686 -0.127185
-0.116949 -0.177515 1.465150
-0.275189 0.464071 -2.394276
0.019187 0.262400 2.370697
-0.459303 0.198513 -3.035392
0.377868 -0.106479 0.014997
-0.099425 0.058160 2.981611
-0.165877 -0.060245 2.759521
-0.312576 0.420134 -1.095472
0.493849 -0.376196 -1.630048
-0.090040 0.306600 -1.440622
-0.290569 0.356104 -1.287792
0.450865 0.007277 -2.612833
-0.482185 0.333850 1.174574
0.046611 0.391777 -1.741110
0.230841 -0.093471 1.251229
-0.437529 -0.331386 2.332158
-0.059251 -0.080729 -0.489676
0.249259 -0.430566 -2.102878
-0.454815 -0.058849 0.323328
-0.008563 0.255939 -2.337985
0.466074 -0.219106 2.337029
0.192755 -0.176103 -2.176285
-0.265089 -0.013323 -1.526161
-0.242009 -0.252850 1.104074
0.375404 -0.134493 1.867224
-0.321314 0.350537 2.502537
-0.341309 -0.055157 -3.036567
-0.426084 -0.147845 2.488449
0.271276 -0.049728 -2.061498
0.264575 0.460277 1.878611
-0.156262 0.085530 -1.751247
-0.057027 -0.428149 -3.084376
-0.423146 -0.439185 -0.046005
-0.483715 -0.149580 -1.738026
-0.382503 0.423894 -1.032862
-0.016567 0.262225 3.000179
0.404932 0.054094 -0.908808
-0.277770 -0.344563 1.773087
0.272156 0.038030 -0.625731
0.187272 -0.091240 3.114463
-0.424752 -0.133900 0.118600
-0.281132 -0.235128 -2.071681
-0.271270 -0.081244 -0.051362
-0.239682 0.356249 2.215561
0.061637 -0.079609 -0.504978
0.070633 -0.138905 2.036747
0.437178 0.150613 0.824005
0.171725 0.364958 3.129284
0.142397 0.424960 -2.606544
-0.467301 -0.371687 1.392335
0.402370 -0.101527 -0.122638
0.243623 0.439396 1.657755
-0.051325 0.068145 2.324192
-0.111677 0.267779 2.343192
-0.138001 -0.184320 -0.321546
0.270497 0.317409 -1.832545
-0.350786 0.323278 2.474712
-0.049169 0.279177 1.830752
0.344072 0.138122 -2.053436
-0.039232 -0.341131 1.808266
0.126972 0.040199 2.541018
-0.053593 -0.343042 -0.059102
0.411830 0.252508 1.347839
0.369165 0.397180 0.026846
0.275239 -0.343240 -0.195470
0.403570 0.361866 -2.924833
-0.117087 0.066877 1.670717
0.230720 0.100111 -1.728278
0.264846 -0.306302 -1.865999
0.096589 0.146294 0.294476
0.425540 0.215454 -0.955671
-0.149811 -0.486220 -3.121004
0.104643 -0.287736 -2.463949
-0.333463 -0.004496 -1.844665
-0.135671 -0.135570 -0.967060
-0.056011 0.225389 -0.026601
-0.338656 -0.470377 -0.430387
-0.426682 -0.195816 -0.517989
-0.424293 0.465486 0.916991
-0.397368 0.244146 -1.083068
-0.367105 0.441266 -1.484305
0.339190 0.254553 -1.202682
-0.490282 -0.149509 2.198288
0.218642 -0.391921 1.147215
-0.351020 0.377893 2.912798
-0.103315 -0.366909 1.689520
0.028923 0.061294 -2.861205
-0.425005 -0.318306 -2.590406
0.164765 -0.431652 -1.809976
-0.220248 -0.335882 1.745219
-0.311327 -0.462901 1.685305
-0.288239 -0.109286 -0.621477
0.366542 -0.387612 2.373211
0.417650 0.162626 -1.344669
-0.301584 0.106913 1.921475
-0.035157 0.419462 2.891513
-0.192989 0.211853 -2.301210
0.465892 0.300320 1.794403
0.178984 0.099669 2.586117
-0.120489 0.159681 1.772484
0.141412 -0.087702 1.609640
-0.186364 0.088132 -0.696058
-0.383867 0.292985 0.966188
0.406927 0.408923 0.317531
0.027001 -0.117335 0.464376
0.214191 0.256356 -1.436017
-0.197957 0.249536 1.309758
0.376014 0.190489 1.048976
0.289101 -0.141983 -1.098411
-0.035889 -0.365478 -0.815379
-0.483806 0.358733 -2.795653
-0.431434 -0.115710 -2.991826
0.346061 -0.355969 -2.015733
-0.065354 0.057950 0.100430
0.427502 0.395156 -2.869467
-0.419620 -0.205781 -0.080345
-0.220697 -0.307601 2.594103
-0.133160 -0.386921 0.202424
-0.423723 -0.194868 -2.809054
0.441062 0.209456 1.965868
0.050599 0.237608 1.343398
0.449992 -0.474821 2.942002
0.037310 0.471437 2.727620
-0.237376 0.145213 0.017039
0.231777 -0.177599 1.643481
0.426374 -0.243433 0.876571
0.455627 0.228669 2.579155
