0.016824 0.046145 0.884907
-0.496833 -0.318856 2.285737
-0.288491 0.039688 -1.124808
0.234817 0.169399 -2.033413
0.393995 -0.446061 1.637178
0.360007 -0.113250 1.834679
0.206510 -0.229653 -0.334676
0.385073 0.081815 0.597479
0.295315 -0.469600 0.935253
0.045598 -0.473553 2.357748
-0.099324 -0.056691 0.731559
-0.268584 -0.004132 2.286308
-0.112639 0.204360 2.957852
0.256431 -0.194817 -2.867640
0.395499 -0.379590 -1.217736
0.389025 0.087182 -0.227252
0.246730 0.474466 -0.004059
0.082530 0.223536 1.206203
0.048694 0.296264 -0.337093
0.056085 0.221316 -2.550439
-0.456358 -0.054792 -0.102675
-0.068167 0.037202 -2.176370
0.064275 0.001192 0.721534
-0.153505 -0.092114 2.797140
-0.219149 -0.275321 1.073415
-0.020156 -0.159168 -1.414815
0.223876 0.285104 -1.922079
0.450865 0.378457 -1.459154
0.159430 0.430562 -0.384307
0.027418 0.192550 -2.310953
-0.497358 0.308559 0.934920
0.088856 0.449439 -1.147222
-0.113673 0.013983 -0.547610
-0.302229 -0.459801 2.716884
0.175335 -0.039689 -2.881186
0.368030 -0.495936 2.725594
-0.190922 -0.098524 -1.639396
0.209969 0.335005 -1.136852
-0.068034 0.052205 1.716456
0.343633 -0.098181 -1.784889
-0.478181 0.472817 0.168495
-0.232820 0.301858 2.227707
0.120600 0.398033 -0.242402
0.330721 0.320252 0.238806
0.425393 0.457889 -0.942043
0.010101 0.318432 2.224224
0.130218 0.309478 3.109321
-0.085585 -0.454996 -2.422111
-0.416769 -0.086770 -0.660178
0.097697 -0.394757 -0.607572
-0.294195 -0.160484 0.387066
0.460469 -0.284397 1.075224
-0.141237 -0.305802 1.007696
0.155999 0.231226 -2.811514
0.449655 -0.275150 3.104309
-0.057426 -0.456748 -0.299781
0.025951 0.231260 -3.112117
-0.144158 -0.442627 -0.448067
0.426407 -0.054085 -3.032132
-0.187261 -0.022486 -1.741967
-0.103875 -0.210229 -1.428046
-0.088688 0.056647 -2.628952
0.193576 -0.113704 1.615634
-0.062758 0.222189 1.693904
-0.263568 -0.039901 -1.180801
-0.379387 0.320723 -1.987491
-0.172925 -0.497900 2.833783
-0.291957 -0.426724 1.683026
-0.194458 0.363476 -1.358002
0.222868 -0.496358 -0.560054
-0.131908 -0.390802 1.950755
-0.464362 0.286624 1.071559
-0.139226 0.194489 0.298275
0.005610 0.127955 0.056867
0.148066 -0.145617 1.241669
-0.124605 0.210569 -1.648659
-0.204095 -0.414824 -0.134150
0.371390 0.322383 -0.432388
0.006026 -0.490084 1.711075
-0.042170 -0.457155 -3.126131
0.168873 -0.452678 -1.049123
0.099994 0.227621 -2.969286
0.321004 0.082369 -1.201366
0.383691 -0.198196 1.787652
0.046478 0.179127 3.050962
-0.204821 -0.077887 1.009560
0.421200 -0.305126 2.053850
0.315601 -0.368763 -1.507972
-0.418751 0.116425 -1.795483
0.412024 0.076198 0.570084
-0.200026 -0.066823 0.950920
0.232619 0.137777 -0.668864
-0.012245 0.166725 -1.651361
-0.204622 0.171289 2.404607
0.013157 -0.016432 -1.656150
0.382841 0.481697 0.456666
0.454863 0.410593 0.993513
0.048748 0.148209 0.140301
-0.145733 0.157107 -2.362442
0.373920 0.071990 1.848494
0.303919 -0.042679 0.187977
0.122576 0.303891 -1.364210
-0.172629 0.135101 2.771917
0.374199 -0.106734 2.494704
-0.485003 -0.449820 -1.434723
0.042646 0.272631 0.936435
0.453557 0.147439 1.552406
0.308131 -0.489216 -1.226915
-0.267342 -0.483549 -1.458780
-0.470876 0.260536 1.783729
0.347597 0.036464 2.794818
0.011548 -0.264910 1.170849
-0.446035 -0.072371 -1.400741
-0.265805 -0.133027 2.480433
-0.140867 -0.460881 -0.158654
-0.069127 0.467588 -1.659476
-0.053527 0.339901 -0.986672
0.333882 0.244622 3.033046
0.042409 -0.312749 -0.123386
-0.309082 0.074299 -3.107819
-0.024847 -0.249989 1.596272
-0.289015 -0.411544 0.656156
0.353465 -0.297713 -2.745933
0.288423 0.343393 1.744641
-0.247500 0.347426 0.191757
-0.059398 -0.113242 -2.826837
0.071164 -0.121123 -0.627120
-0.497985 0.124397 3.002193
0.214682 0.040183 -1.335991
-0.478736 0.164819 1.242091
0.010051 -0.398808 -1.317840
-0.232629 0.271823 2.406896
-0.135137 -0.157503 1.385891
-0.230925 -0.144550 0.591567
0.283688 0.318479 -2.105445
0.097848 -0.271242 -2.323147
-0.086467 -0.296891 -2.269902
-0.416262 0.125669 1.775483
-0.295980 -0.244334 -1.006348
0.308131 -0.314880 -0.596655
-0.452272 0.193749 -2.630188
0.041868 0.119498 -2.938006
0.161537 -0.432959 2.294904
-0.455868 0.474567 3.130880
-0.161782 -0.245625 -2.584233
0.114948 -0.123431 2.177714
0.287658 0.413118 -1.562399
-0.445910 -0.345505 -1.652204
-0.420087 0.487050 -1.390065
-0.115209 -0.372032 0.344750
-0.324458 -0.221420 -0.145076
0.073947 0.253178 -0.040593
0.254890 -0.391296 -2.601678
0.067165 -0.382067 -2.180741
-0.060087 0.276107 -0.774407
-0.129979 0.327647 -1.233534
-0.232403 0.069824 2.435911
0.081451 0.454252 -0.671148
0.280814 -0.315090 2.929324
0.272443 -0.061781 0.096956
-0.320503 0.034220 -2.267915
0.340861 -0.282300 0.182778
-0.408811 0.284250 0.232377
0.252197 0.053200 -0.214919
0.302679 0.261747 0.232688
0.045776 0.316412 2.838339
0.026613 0.198227 -0.888723
0.084779 -0.190685 -0.097987
0.340218 -0.105286 -2.726198
-0.116940 0.104174 -3.110164
-0.093691 0.312223 -1.271484
0.141622 -0.312227 -2.587287
0.302338 0.471815 0.596148
-0.025774 0.200770 -1.125242
-0.034226 -0.470473 1.234134
-0.243378 -0.130049 -2.896389
0.257487 0.090610 -2.407365
0.187036 -0.169268 1.677807
-0.430156 0.136189 -2.228093
0.154315 0.321107 -2.384610
0.295255 0.314383 1.044862
-0.280222 0.128314 1.154015
0.007637 0.250307 1.892758
-0.064804 0.189295 1.904535
-0.025008 -0.161034 3.116421
0.253606 0.299726 -0.091199
0.202471 -0.496316 -2.949457
0.046236 -0.068622 -0.106999
-0.071783 -0.279585 2.343927
0.375356 0.006285 -1.613536
0.346440 0.007583 2.964730
-0.098492 0.449706 -1.563207
0.115933 -0.081330 -0.247253
-0.481098 0.407304 -2.902680
-0.401326 0.381335 1.195378
0.005646 -0.052106 1.028454
0.219227 0.479130 -0.280578
-0.027642 -0.478154 -0.681217
0.295674 -0.485406 -1.339355
0.455035 0.270156 1.164100
-0.242109 0.103157 1.461867
-0.250360 0.334589 1.189720
-0.384340 -0.191707 -1.226354
0.071036 0.433654 1.921685
0.151000 0.237108 -0.357620
0.208445 0.068500 -0.352953
0.244063 0.139662 0.288954
-0.479549 0.088602 0.429832
-0.233463 -0.462351 1.089269
0.168015 0.157577 0.366545
0.464787 0.126251 2.811818
0.404472 0.072508 2.199060
0.329451 0.020126 -1.516882
-0.369467 0.379271 -0.089156
0.275900 0.310477 2.599519
0.157752 0.320765 2.106251
0.221260 -0.434232 0.209104
0.140162 -0.110115 -2.159254
-0.482383 0.233829 -1.871923
-0.243627 -0.469268 1.227128
-0.402318 -0.436971 -0.738874
0.277916 0.240841 2.885840
0.037939 -0.178152 0.897792
-0.202077 -0.141681 0.827494
-0.117658 -0.253540 -1.848197
-0.375566 0.341930 -2.862162
-0.483422 0.337814 1.924472
-0.082910 0.445206 0.209896
0.171501 0.456444 -2.970915
0.104707 -0.049474 -3.132376
0.482755 0.121545 -2.510900
0.278039 -0.477063 0.286055
-0.029192 -0.030792 3.050376
-0.076283 -0.355847 -2.230231
-0.160818 0.460323 -0.332989
0.459131 -0.322319 1.566985
0.275412 -0.120138 1.791531
-0.187659 -0.442924 2.168537
0.436032 -0.373340 -2.257175
0.296579 -0.464649 -1.586812
0.441242 -0.138498 2.663720
0.122769 0.442384 -0.177668
-0.370740 0.221911 0.256621
0.371224 0.451071 2.814674
-0.352468 0.271445 -0.565502
0.438338 0.157939 0.379211
0.276434 -0.045394 2.994833
0.145538 0.048451 0.444322
-0.130218 -0.259559 -0.793861
0.438628 0.190243 0.256444
-0.469068 -0.200518 -2.420657
-0.294879 0.487050 1.180507
-0.297612 0.389432 0.725022
0.362972 -0.206012 0.557250
0.240276 -0.446710 3.037646
0.494941 0.033764 -0.299617
-0.137115 -0.450462 2.475562
0.196655 0.325363 1.602561
0.425578 0.005145 -2.298235
-0.474879 -0.272283 2.974037
-0.194548 -0.115958 0.295438
-0.045248 -0.439447 1.991627
0.291086 -0.483237 -2.595223
-0.291784 -0.486747 1.903034
0.460196 -0.138523 1.825052
-0.062017 -0.011866 1.044528
0.146947 0.286815 1.532167
-0.306092 0.276627 3.063415
-0.151285 -0.127923 -1.650396
-0.004240 -0.070752 1.552553
-0.192455 0.484132 0.136747
-0.107323 0.491094 0.397684
0.428413 -0.164847 1.102937
0.433818 0.075008 3.049681
-0.288276 -0.201519 -1.910310
0.383191 0.014513 -0.378284
0.103296 0.003296 -0.823978
-0.258742 -0.063008 -2.766661
0.081854 -0.128391 2.274306
-0.031225 -0.120935 0.692007
-0.309108 0.075069 1.868294
0.234420 0.157451 -2.650624
0.243008 -0.310890 -0.577372
-0.276101 0.377657 2.460946
-0.254525 -0.171153 1.857301
-0.304523 -0.250836 2.079741
-0.153764 0.370738 2.613183
-0.293757 0.466080 -2.407075
0.375631 -0.085530 -0.284005
-0.075211 -0.442743 1.961848
0.494938 -0.448800 1.993234
0.337097 -0.170617 1.876867
0.201897 -0.398365 2.887901
-0.134600 0.083192 -0.894857
-0.197307 -0.133986 -2.317998
0.171661 0.383105 -1.365711
-0.358768 -0.062106 -2.104844
0.404821 0.127875 1.277496
0.020068 -0.311279 -2.190255
-0.400257 -0.243166 -2.722168
0.488795 -0.220837 0.948472
0.062382 -0.009813 0.892302
-0.031158 -0.289924 0.893959
-0.179677 0.090269 0.701373
0.032489 0.245921 -0.917501
-0.122194 0.447061 1.943943
-0.117734 -0.372533 1.249871
-0.385755 0.051704 -1.791626
0.376050 -0.133776 1.081456
-0.153879 -0.289532 -2.020312
-0.179415 -0.144118 -0.137369
-0.245052 -0.109902 -0.910743
-0.009493 -0.183566 0.875600
-0.035675 -0.118524 -1.188910
-0.216067 -0.422347 -2.558669
-0.316215 0.371580 -0.319490
-0.453639 -0.167114 2.347449
-0.025961 -0.065295 -1.679253
0.203251 0.356704 1.350011
0.453809 0.031349 -0.956675
-0.041347 -0.077852 2.481622
0.076785 -0.148996 -1.360029
-0.175332 0.122189 0.788297
-0.026683 -0.014968 2.304300
-0.045531 0.247257 1.099198
0.047462 -0.185036 -0.762796
0.109449 -0.141303 1.463757
-0.214559 0.340254 -2.975150
0.486266 -0.047624 -1.537206
0.049826 0.442919 -2.656189
-0.048816 -0.005312 1.496746
-0.071955 0.090829 2.806279
0.231754 0.407699 2.157608
-0.148419 -0.275133 -1.113259
0.393405 0.280021 -2.377321
-0.158871 -0.054036 -0.729249
0.142327 0.470956 -1.331844
-0.382421 0.399020 -3.016634
-0.092650 -0.191944 0.279843
0.426625 -0.205009 2.474351
-0.370801 0.274459 0.050782
0.264428 -0.143087 -1.104272
0.363811 -0.069307 2.372588
0.031799 -0.389441 -1.446028
-0.495502 0.225903 -1.000723
0.433165 0.145199 -0.646012
0.317021 -0.135158 -1.635497
-0.136935 -0.277115 -3.136748
0.315523 -0.420746 -2.111481
0.175390 0.306425 -3.062895
-0.479583 0.462444 -1.327682
0.062921 0.250240 -3.080279
-0.187199 -0.285909 2.326035
-0.433724 0.368055 -0.353410
0.123749 0.345522 1.218807
-0.163348 0.348887 -2.182181
0.233957 0.241180 -2.244085
-0.430674 -0.288746 -2.952190
0.107631 -0.004423 3.029796
-0.254031 0.272446 0.363239
-0.394794 -0.139075 -2.367754
0.295954 -0.394290 0.644094
0.303369 -0.178666 1.027230
-0.467450 0.418397 0.955186
-0.215290 0.489292 -0.231738
-0.234168 0.342507 -0.906039
0.279357 -0.234031 1.446317
0.328710 0.366010 -1.837381
0.475750 0.081505 2.952353
0.046922 0.111363 -2.206103
0.092423 0.035059 -1.079693
-0.305290 -0.031662 -0.234455
0.057562 0.288737 2.885382
0.425851 -0.126315 2.701639
0.008927 -0.165974 1.529938
-0.390143 0.085696 1.301041
0.336398 0.404245 0.790002
0.176460 -0.074668 0.709691
-0.145967 0.102080 2.495154
-0.005135 -0.037948 0.646251
0.321427 -0.090428 -2.582934
0.321806 0.254438 0.679034
-0.337390 -0.108275 -2.525272
0.417241 0.072551 -0.985273
0.283943 0.223775 -1.364552
0.358941 -0.274265 -0.286776
0.185713 -0.044879 1.915628
-0.139615 -0.409293 -0.965887
-0.218264 -0.117836 -1.302482
0.340290 0.258861 0.309437
-0.419159 -0.451986 0.840775
-0.416140 -0.146063 2.556119
-0.001190 0.354030 -0.964149
0.066124 0.014710 0.799476
0.323649 -0.158087 1.128808
0.127214 0.259182 -0.675158
-0.000224 -0.467238 -2.089146
0.098225 -0.125668 -0.197692
0.146651 -0.241552 0.302736
-0.131078 -0.216589 0.419351
