0.290474 0.172434 -3.123842
-0.479727 -0.144211 0.836883
-0.260208 -0.112612 0.502668
0.285329 0.282733 1.282544
0.251624 0.336479 -3.033673
0.200818 0.081657 -1.438864
0.052153 -0.104840 0.518950
0.461378 -0.000289 0.387981
0.484986 0.420209 1.823198
0.047005 -0.446527 -1.056896
-0.026019 0.029293 -2.963197
-0.078369 0.141878 0.752089
0.372945 -0.073244 2.661577
0.172018 0.256719 1.613485
0.282535 -0.206023 -0.437146
-0.433042 -0.274706 2.644031
0.110936 -0.028881 2.235268
0.160309 0.418435 -0.402562
0.200926 0.445348 -1.001078
-0.315303 0.052785 -2.216300
-0.489158 -0.328033 -0.639651
-0.282259 -0.226309 1.189629
0.184437 -0.085662 1.467272
-0.412217 -0.118762 -0.402001
-0.268859 0.073708 -0.091105
-0.166021 0.022786 2.282355
0.134212 0.347890 0.539538
-0.142347 0.207115 -0.870894
0.221124 0.269381 0.030107
0.027455 0.013595 -2.930290
0.393004 -0.415185 1.420736
0.250043 -0.311766 1.829635
-0.060922 -0.170388 -1.520797
0.457913 -0.474737 0.873738
-0.131825 -0.309281 1.279657
0.412653 0.184263 -0.805921
-0.332781 0.007674 -3.056806
0.444960 0.163718 -0.470522
-0.240951 0.085933 -1.503406
0.272841 -0.221881 -2.536391
0.323626 0.408476 -0.253362
0.472498 0.260357 -0.387797
0.305600 0.449000 2.545488
0.386267 -0.489935 -2.054741
0.156363 0.413060 2.353461
0.127154 0.370522 -0.677323
-0.105092 -0.272001 -1.268508
-0.115562 -0.472285 2.512466
-0.242961 -0.288877 -0.134454
0.160286 0.492249 -0.980398
-0.315068 -0.215842 -2.838254
-0.446678 -0.271895 -3.008494
-0.175929 -0.164668 1.949082
0.221562 0.084994 -0.418911
0.091361 -0.107678 1.904445
-0.012999 -0.170157 1.418560
0.030026 0.062783 -0.112001
-0.081780 0.372181 2.721429
-0.038258 0.145236 2.838128
0.063617 0.101031 -1.194151
-0.172289 0.276130 0.514514
-0.460941 -0.034688 1.840913
-0.082660 -0.113738 2.843927
-0.012009 -0.370443 0.036781
-0.277533 -0.244476 0.752250
-0.254679 0.315344 -2.837991
-0.281549 0.490151 -0.287639
-0.083972 -0.373733 -1.313706
-0.113293 0.377839 -1.741150
0.223471 0.258512 -2.450148
0.135088 -0.264052 2.979501
-0.309792 0.052113 2.115522
-0.206304 0.128603 -2.849784
-0.324913 0.048662 -2.627664
0.053745 0.242000 2.725736
-0.042963 -0.222007 2.994795
0.040782 -0.425500 2.000438
0.474579 -0.368052 0.215589
-0.155879 0.245662 -1.237917
0.037942 -0.331563 -0.331438
-0.000759 -0.475438 2.768241
0.141050 0.339318 1.124510
0.248214 0.237466 -0.536314
-0.497878 -0.097527 -0.067334
0.128971 0.329302 -1.303603
-0.058535 -0.056746 2.017813
0.211126 -0.180689 -1.510036
0.318893 -0.448208 -0.048162
-0.215265 0.074829 -0.370954
0.142832 0.422395 -0.588458
0.426188 -0.234436 -2.793298
0.142102 0.148136 2.056729
-0.003603 0.329581 -1.594183
-0.327535 0.473669 0.086455
-0.134026 -0.222112 -2.099047
-0.325743 0.023264 -1.354988
0.303901 -0.206500 2.135563
0.114505 0.138954 -2.227407
-0.078652 0.208912 2.609790
-0.280146 0.053242 0.851287
0.344216 -0.069186 1.273359
0.045493 -0.066439 -0.777315
0.227792 0.305612 2.272815
0.117636 -0.144805 2.099489
0.408436 -0.467625 -1.605536
0.310891 -0.318980 0.651356
0.410033 -0.481491 -2.142294
-0.496158 -0.228573 -0.879658
-0.411969 0.498898 -1.385435
0.494011 0.182805 1.482962
-0.298864 0.081441 -0.914832
-0.005804 -0.467333 -1.269132
0.312604 -0.370664 2.882442
0.119951 -0.034057 1.303161
-0.404963 -0.183407 -1.105243
-0.363901 -0.421607 -0.605357
-0.079523 -0.024856 2.083309
0.343471 0.217109 -0.921706
0.331338 -0.169602 1.608231
-0.030846 0.134430 0.093284
-0.024676 -0.100441 -1.798682
-0.296611 -0.380130 -0.461509
-0.486395 0.203979 1.997351
-0.148318 0.279100 1.357442
-0.345187 0.170218 -2.627178
-0.128507 0.041431 1.090641
-0.277697 -0.330748 -2.171753
-0.409589 0.208566 1.975473
0.320499 0.177971 2.734787
-0.204407 0.249273 2.178924
-0.476549 -0.301762 -0.571505
-0.069577 -0.085467 0.321042
0.061287 -0.185749 -0.882766
0.412936 -0.138137 0.631929
0.325104 0.317842 0.646498
0.272974 0.303950 0.993305
-0.126613 0.358327 2.724040
-0.027725 -0.027564 2.795929
-0.177592 0.473875 -2.214404
0.406369 -0.392526 1.472892
-0.420852 0.300768 -0.433036
0.234407 0.001741 1.571006
0.208517 0.432857 1.453292
-0.383276 -0.269268 -2.007304
-0.040002 -0.126970 0.100164
0.357767 -0.321079 -2.937618
-0.153742 0.244344 -1.867727
0.374823 -0.292899 0.540387
-0.187753 -0.492142 2.644704
0.487558 -0.323067 -2.635618
-0.214155 -0.144997 2.896586
0.113878 0.256445 1.395904
0.109717 0.330964 -2.237722
0.006701 -0.228102 -1.496585
0.112472 -0.127623 1.795796
-0.234639 -0.187430 2.653916
-0.059392 -0.026667 1.171143
-0.167001 -0.417090 -1.831683
-0.391051 -0.446563 -1.383649
0.329360 -0.116530 -0.132027
-0.287099 0.015595 -0.701165
0.414626 0.441499 -1.229698
0.300612 0.111508 -1.993535
0.044562 0.083213 1.124468
0.204997 0.157578 -1.264358
-0.092197 0.242382 -1.284643
-0.036555 -0.066792 2.470788
-0.119071 -0.367631 -3.015042
-0.295893 0.277020 -1.492366
-0.188948 -0.110633 -0.674664
-0.255000 0.203935 1.997211
-0.073106 -0.220912 2.337844
0.119456 -0.467919 1.074988
0.051647 0.086414 -2.076983
-0.355242 0.491236 -0.415589
0.333025 0.384534 0.427665
0.211629 0.234844 -3.126011
-0.436942 0.234120 -0.565997
-0.228691 -0.126044 0.653360
0.216401 0.372428 -2.235881
0.429366 0.432820 2.247453
-0.398168 0.209552 0.314881
-0.150930 0.288411 -0.726732
-0.093992 0.347672 -2.883140
-0.147490 0.055844 0.329762
0.480218 -0.116019 2.702658
0.377746 -0.334121 -1.060616
0.194493 0.303719 1.622925
-0.049547 0.435475 -0.588456
-0.410476 0.030763 1.976015
-0.318392 -0.136251 0.579980
0.030757 0.499051 1.484161
0.114210 0.055675 -0.423974
-0.483920 0.261350 -0.882983
-0.197727 0.311208 0.739025
0.234188 -0.024451 1.976857
-0.189971 -0.302721 -2.733481
0.171063 0.317505 2.665250
0.250851 0.354052 2.112106
-0.455283 -0.264393 -0.196468
-0.095452 -0.061101 -1.413911
-0.005544 0.375243 -1.579998
-0.303670 -0.314497 1.331145
-0.444303 0.223218 -0.272375
-0.300905 0.334611 1.944630
-0.012915 -0.198414 0.600166
0.127539 -0.001329 0.276276
-0.242775 -0.081417 -2.355027
0.429198 -0.490706 -0.188494
0.153625 0.435482 -1.518395
0.465675 0.135076 -2.407147
0.329567 0.388462 1.429863
0.298445 0.099402 1.408229
-0.449947 -0.463360 2.351679
0.141853 0.267051 1.703569
-0.229986 0.107097 2.253792
0.065665 -0.436895 2.763691
-0.082027 -0.197944 -2.336835
0.156808 0.446623 -1.711068
0.426815 0.352618 2.915470
-0.363247 -0.202179 -1.245667
0.280707 0.340324 1.349003
-0.219011 -0.062700 -1.023410
-0.022297 -0.339733 -3.064992
-0.139460 0.326602 2.930075
0.203087 0.448851 -2.448697
0.279958 0.473167 -0.934947
-0.006338 0.483333 -0.833555
0.355105 0.494767 0.932160
0.252724 0.119860 3.024507
0.420537 0.152086 0.233498
0.215899 0.290140 2.013555
-0.033681 -0.322235 3.037573
0.125358 -0.341715 -2.291679
-0.027916 -0.330573 1.915537
0.478338 0.490295 0.315202
0.243739 0.006709 -0.721745
0.020311 -0.133480 -2.505858
0.394450 0.271809 1.137151
0.056137 -0.126449 -2.330505
0.309337 -0.006030 0.544305
-0.097479 -0.374782 1.091698
-0.329234 0.345496 -2.924745
0.157933 0.202879 1.849033
0.128461 0.021458 -2.518258
-0.301839 0.455386 0.736352
0.276946 0.055349 -2.032381
-0.121168 0.007740 -0.865974
-0.384218 -0.056658 2.237985
-0.449741 0.114570 -2.295835
-0.316825 0.106036 -0.075154
0.479515 0.463175 -0.108807
-0.462892 -0.353507 1.404046
0.412013 -0.083249 2.701123
0.281381 -0.155130 1.086262
0.461856 0.130297 0.035083
-0.278550 -0.436514 -0.444840
0.016048 0.350347 -1.279058
0.373361 0.002975 -2.596031
0.462758 -0.122362 0.173017
-0.131323 -0.237894 -0.480910
-0.201081 -0.335212 -1.953157
0.120507 0.433542 2.895948
-0.192277 0.376443 -1.049239
0.394400 -0.446790 -1.360360
-0.140584 0.433588 2.434639
-0.239885 0.214069 3.053322
-0.131192 0.226536 2.937724
-0.338675 -0.093260 2.493331
0.279255 0.141296 0.133178
0.015784 -0.297923 -0.747648
-0.295988 0.296824 2.707468
0.177787 0.026470 -2.448600
0.094515 -0.493520 1.347692
-0.181772 -0.146875 0.745350
0.296598 0.070469 -2.816657
0.110106 0.017762 -2.746433
0.453637 0.208855 2.747753
0.171266 0.414577 2.522168
0.019001 -0.216612 1.311573
-0.288671 0.359021 -2.700598
0.142802 0.159727 -3.101405
-0.441477 -0.032757 1.216503
-0.405556 -0.431097 2.503653
-0.218966 0.173394 -1.512116
-0.266064 -0.398206 -0.303095
-0.480399 0.349163 -1.947453
-0.388721 -0.183757 -2.205937
0.202410 0.179215 2.002683
-0.172771 -0.485119 0.564272
0.458285 -0.053271 -2.777848
0.361617 -0.286219 3.112027
0.070889 -0.156832 1.920232
-0.274039 -0.296947 -1.440221
0.082164 -0.112139 1.732579
0.213760 0.120119 2.100899
0.056453 0.065722 1.541103
0.419696 0.231724 -2.959859
0.033147 0.118753 0.513082
0.294759 -0.377849 0.343452
0.151556 0.086151 2.794910
0.082771 0.021054 2.432015
-0.021855 -0.013770 1.514843
-0.110770 0.144918 -1.365644
0.277269 0.285455 2.342539
-0.292236 -0.391248 0.109184
-0.214662 -0.226794 1.517830
-0.445169 0.255275 -2.104498
0.234977 -0.418411 -2.588627
-0.392732 -0.387931 1.426746
-0.171883 -0.326645 -2.687741
0.056040 -0.028384 -0.511014
0.054238 0.248088 -1.284090
-0.086570 -0.446460 2.444506
-0.136019 -0.135971 -1.764174
-0.286045 -0.090096 0.391141
0.440364 -0.277688 1.001151
-0.191758 -0.348014 1.626599
0.429803 0.151084 -0.103604
-0.333768 0.080455 -2.304704
0.092930 0.103836 0.409956
-0.092873 -0.088869 0.066302
-0.137528 0.004277 -0.175285
-0.178233 0.072530 1.027882
-0.295217 -0.058838 -0.447057
0.085063 -0.375071 -1.277093
0.300085 0.356680 2.246370
-0.408537 0.293301 1.756079
0.330189 0.111114 1.820372
-0.062556 0.128547 -3.087799
-0.121717 -0.119693 0.251790
-0.209819 0.008649 -1.337884
0.298706 -0.331779 2.846110
0.163896 0.446859 0.144416
-0.016783 0.218809 0.049171
-0.333235 0.131952 -0.413754
-0.152468 0.220066 -1.340311
-0.462283 0.383903 2.474951
0.245390 -0.187341 2.288562
-0.221980 0.136192 -3.079300
-0.332454 0.045975 -0.528590
-0.470650 -0.051629 -0.384702
0.289186 -0.123492 -2.814130
0.260797 -0.309465 -2.357304
-0.270690 0.080668 -2.938440
0.313371 -0.328776 0.482594
0.057846 -0.028157 2.218174
0.497439 -0.229982 -0.100439
0.162899 -0.205510 -1.628300
0.331118 0.335456 2.390501
-0.371443 0.430213 -1.931818
0.045441 -0.372185 1.045036
-0.451266 -0.139109 2.815247
-0.160811 0.158147 0.814145
0.192977 0.028579 -0.332429
0.478302 -0.307929 -1.243205
-0.459559 0.054922 -2.702143
-0.204931 0.176468 0.947624
-0.435148 0.272869 1.912124
-0.151158 0.380103 -0.164337
0.264248 -0.227410 -2.288768
-0.423001 0.353772 -2.048202
0.364035 -0.091298 -0.285939
0.426183 0.471844 2.965037
-0.202754 0.254235 -0.554200
0.115251 0.333011 -2.939168
0.086380 -0.051251 -0.580641
0.246998 -0.254131 1.666964
-0.407468 0.171532 1.277145
-0.186029 0.234484 3.041724
0.327341 0.012451 3.086278
-0.413645 0.087088 0.588340
0.032354 0.258396 3.120760
0.446962 -0.097937 2.889361
-0.143736 -0.151980 -2.672479
0.435646 -0.130339 1.722584
-0.393452 0.426603 -0.109329
0.149675 -0.088978 -0.226772
-0.080057 0.348451 -1.395303
0.097363 0.269061 -1.244130
0.025892 -0.248717 -0.617146
0.067037 0.248817 0.819953
-0.362976 -0.041472 1.149611
0.457231 -0.138306 1.395000
0.356895 0.234953 -0.787842
0.433370 -0.264368 -0.846914
0.208849 0.337266 -2.186213
0.027299 0.449174 0.468142
-0.008436 -0.247116 1.217323
-0.456830 0.351522 0.216805
-0.440865 -0.094775 2.751078
-0.124302 -0.056523 2.451119
-0.034196 -0.081447 -2.666974
-0.075403 0.307100 1.606442
0.003115 -0.212945 -2.618047
0.098967 0.377535 1.564699
0.304188 0.338528 -0.404988
0.073050 -0.214086 -2.039620
0.248334 0.044905 2.688858
0.370723 0.013933 -0.833733
