0.111226 0.326362 1.870409
0.467005 -0.416443 0.868840
0.044066 0.328391 2.064249
0.024180 0.129721 1.419523
-0.333283 -0.025987 1.168109
-0.307833 0.105381 1.364975
-0.368153 0.277307 1.487134
-0.371308 0.111750 1.254371
0.043577 0.107717 1.329393
-0.177117 -0.177385 1.317165
-0.334904 -0.087051 1.266373
-0.223194 -0.159371 1.313350
0.035336 0.096096 1.277352
-0.336809 0.038704 1.518847
0.123665 0.271180 1.938558
-0.060931 0.129722 1.256774
-0.394003 -0.007779 1.292563
-0.362498 0.234677 1.484078
-0.333388 0.070915 1.390547
-0.039939 0.111903 1.222568
0.113890 0.327820 2.184337
-0.322026 0.183171 1.084707
-0.217755 -0.212009 1.366608
-0.309215 0.073431 1.391588
-0.350237 0.086516 0.855973
0.086535 0.332869 1.962865
-0.311243 0.005108 1.313510
0.056857 0.261023 1.997348
-0.197402 -0.293580 1.377632
-0.161479 0.347667 1.814214
-0.320390 0.132669 1.278144
-0.152042 -0.227302 1.164791
0.016725 0.097036 1.048137
-0.274925 0.372503 2.051811
-0.117608 -0.174034 1.535420
-0.356293 0.049682 1.462561
-0.279011 0.315202 1.809429
-0.050164 0.318129 1.710102
-0.392145 0.099026 1.102900
0.024113 0.069897 1.102774
0.046909 0.285777 1.731136
-0.334977 0.346657 1.586619
-0.190384 -0.304675 1.328205
-0.189278 -0.363519 1.376500
-0.148922 -0.283177 1.203467
-0.223764 -0.219576 1.045035
-0.293190 0.129493 1.629119
-0.234695 0.101830 1.072625
-0.275721 -0.288995 1.204917
-0.185203 -0.276437 1.294000
-0.142879 -0.210843 1.509267
-0.351031 0.215319 1.499958
-0.210500 -0.300286 1.137736
0.086926 0.320497 2.058403
-0.374297 0.103508 1.277086
-0.196887 -0.133997 1.537937
-0.345262 0.037897 1.257046
-0.041194 0.385227 1.666446
-0.230643 0.049595 1.392251
-0.136693 -0.248454 1.087450
-0.261770 0.059014 1.492584
-0.285600 0.151273 1.393965
-0.236084 0.144013 1.375043
0.016259 0.195163 1.529959
-0.389683 0.232941 1.760564
-0.226961 0.470051 1.865986
-0.293424 0.095790 1.607911
-0.314353 -0.027543 1.363564
0.128068 0.229684 1.767428
-0.279380 -0.482960 1.519376
-0.026386 0.341365 1.868200
-0.331903 -0.114499 1.391955
-0.337133 0.329333 1.729854
-0.060532 0.354480 1.984881
-0.340431 0.051374 1.488018
-0.210672 0.361400 1.745588
-0.206316 -0.255477 1.271690
-0.174612 -0.195422 1.414967
0.374289 0.043025 1.739120
-0.350938 0.011875 1.393491
-0.028802 0.146988 1.173369
-0.338689 0.175133 1.300385
0.076626 0.292537 2.050533
-0.087113 0.104820 1.268696
-0.321726 -0.060904 1.337370
-0.376156 0.141544 1.009501
-0.331241 -0.008347 1.304830
0.091984 0.307806 1.914428
-0.369758 0.278232 1.635367
-0.335766 0.180314 1.264836
-0.014680 0.256828 1.888796
-0.137339 -0.117890 1.527877
-0.237999 0.047667 1.394709
-0.375603 0.086125 1.304465
0.282912 0.110394 1.161697
-0.164011 -0.208409 1.261115
-0.220619 -0.180653 1.275241
-0.262849 -0.301806 1.404540
0.450075 0.155271 1.452775
-0.272133 0.356720 1.792658
-0.025305 0.268439 2.002226
-0.193346 -0.209340 1.296913
-0.311313 -0.092820 1.048483
-0.023389 0.100724 1.074746
-0.402731 0.153224 1.268274
-0.309258 0.281059 1.956881
-0.300669 0.043883 1.324494
-0.142153 0.101847 1.428424
-0.212703 -0.175101 1.474781
0.341039 0.112928 1.564652
0.093240 0.288629 1.947845
-0.038302 0.108364 1.126235
0.047232 0.122182 1.572564
-0.199252 -0.273229 1.379014
0.437043 -0.395317 1.321675
-0.351086 0.252786 1.686469
-0.280888 0.155332 1.259634
-0.216260 -0.257658 1.249043
-0.383029 0.263180 1.539156
-0.373381 0.012789 1.303069
-0.303711 0.107266 1.310680
-0.199055 -0.174451 1.311310
-0.338710 0.151179 1.476804
-0.318317 -0.111453 1.359278
0.067535 0.331537 2.041009
0.061731 0.313996 2.110751
-0.249232 -0.153584 1.054733
-0.082123 0.310288 2.048434
0.106447 0.312055 1.938518
0.064181 0.282558 1.639304
-0.159015 -0.243838 1.164991
-0.224119 0.330198 1.843667
-0.347354 0.086643 1.234234
-0.180748 -0.170569 1.414227
0.020242 0.306568 1.923631
-0.200123 -0.281723 1.116566
-0.166986 0.121436 1.400754
0.040551 0.305068 1.901036
0.376633 0.233775 1.398616
-0.154012 -0.181065 1.222852
-0.180185 -0.241351 1.017593
-0.254464 -0.330258 1.134208
-0.246843 0.325141 1.900125
0.043946 0.098464 1.055864
-0.138386 -0.242583 0.957189
-0.339776 0.346575 1.903842
-0.357378 0.251361 1.479884
-0.335593 0.081569 1.341804
-0.167031 -0.234711 1.185586
0.012215 0.132616 1.166161
-0.166974 -0.258610 1.342493
0.205284 0.220629 1.768818
-0.160787 -0.281033 1.314855
-0.343148 0.046911 1.389479
0.106320 0.297969 1.849813
-0.308354 0.004660 1.127457
-0.201791 0.379780 1.598944
0.022490 0.232178 1.932242
-0.104688 0.128047 1.159353
0.012427 0.291929 1.993616
0.140651 0.241608 1.857144
-0.164350 -0.256747 1.439804
-0.251121 -0.242909 1.078615
0.080408 0.298273 1.914817
0.100038 0.328188 2.157325
-0.181963 -0.285184 1.170773
-0.223119 0.347070 1.748726
-0.257875 -0.187415 1.289155
-0.198358 -0.141755 1.425632
-0.396650 0.136442 1.200683
0.397441 0.071822 1.630173
-0.318955 0.118300 1.614722
-0.015405 0.075484 1.420907
0.025000 0.135614 0.911231
-0.378420 0.036385 1.147792
-0.340767 0.284479 1.573197
-0.316516 0.289257 1.585431
0.026880 0.055395 1.228846
-0.191060 -0.326216 1.261742
-0.097282 0.130071 1.147291
-0.380376 0.154871 1.369729
0.091054 0.192248 1.872004
-0.360151 0.125390 1.394623
-0.153549 -0.269200 1.261374
-0.178902 -0.220461 1.116491
-0.090812 0.062292 1.539855
-0.216699 -0.205216 1.080391
-0.165203 -0.175719 1.463929
-0.372107 0.114736 1.301621
-0.001607 0.235714 2.144086
-0.272029 0.109719 1.375711
-0.171399 -0.262793 1.446525
-0.262918 0.335707 1.831393
-0.368512 0.227171 1.627496
0.259922 0.092068 1.583225
-0.348842 0.056524 1.495829
-0.041556 0.101035 1.132092
-0.299634 0.047808 1.522562
-0.192236 0.038069 1.328073
0.000925 0.113913 1.336808
-0.311966 -0.142807 1.268415
0.021444 0.094222 1.108412
-0.288057 0.046209 1.192666
-0.195040 -0.251890 1.264933
-0.236774 0.365119 1.866368
-0.108414 0.149876 1.168543
-0.019072 0.332275 1.715872
-0.071168 0.127948 1.317625
-0.350216 0.110416 1.382882
0.045026 0.280995 1.993990
0.294233 0.243055 1.611916
0.461417 0.174333 1.371782
-0.423834 0.015688 1.310802
-0.370852 0.273813 1.628032
-0.288552 0.347939 1.910558
-0.282283 -0.072011 1.004264
-0.023365 0.094283 1.052860
-0.272738 0.061638 1.442943
-0.397815 0.304817 1.922440
-0.314673 0.327094 1.835130
-0.386851 -0.001489 1.084444
-0.278750 0.161602 1.148667
-0.320080 0.098200 1.419375
-0.251079 -0.163496 1.062575
-0.216376 0.107899 1.526636
-0.216689 0.300404 2.157605
-0.216995 0.370342 1.924059
0.100367 0.311250 1.926486
0.049631 0.286617 2.047480
-0.041741 0.305007 2.066711
-0.208642 0.093668 1.516612
-0.270037 0.104459 1.362795
-0.215028 -0.488876 1.991798
0.034000 0.278395 1.916342
-0.009862 0.130875 1.479291
-0.200271 -0.208838 1.039706
-0.220143 0.131619 1.239564
-0.167255 -0.250895 1.191524
-0.185818 -0.298042 1.398040
-0.181754 -0.242059 1.197816
-0.172179 0.141287 1.395081
0.032252 0.296085 1.829371
-0.205226 -0.137646 1.366178
-0.140960 -0.141515 1.441363
-0.395876 -0.022007 1.108256
-0.365043 0.189857 1.423385
-0.072507 0.136212 1.132454
-0.045335 0.317764 1.757658
-0.246118 0.078457 1.275434
0.330385 0.205882 1.643926
-0.330475 0.058600 1.476399
0.030452 0.249110 2.169019
0.085913 0.332991 2.213590
-0.318584 0.339033 1.917929
-0.086940 0.263768 1.906994
0.028084 0.092907 1.057369
0.127978 0.310329 2.170336
-0.341327 0.096994 1.440514
-0.185828 -0.290866 1.409941
-0.323506 0.154890 1.262645
-0.105682 -0.144760 1.402490
-0.368483 0.175054 1.486634
0.208806 -0.250471 2.241385
0.404047 0.153641 1.427233
-0.342991 -0.059910 1.314311
-0.325181 0.147990 1.649778
-0.178779 -0.331822 1.222810
-0.341213 0.070747 1.238471
-0.194524 -0.217846 1.256020
-0.221392 -0.180881 1.484211
-0.191474 -0.302801 1.275101
-0.053458 0.295751 1.988015
-0.183605 -0.251411 1.327950
0.034005 0.297874 2.171117
0.028114 0.198344 1.343696
-0.229598 -0.159507 1.246921
0.076251 0.319963 2.012436
-0.146261 -0.280589 1.216017
-0.176756 -0.106810 1.520514
-0.305611 0.056402 1.351800
0.422019 0.157734 1.227127
-0.231125 -0.185904 1.286151
-0.243457 -0.276406 1.197444
-0.243042 0.102242 1.445060
0.421433 0.195163 1.413103
-0.212791 -0.165273 1.227302
-0.192860 -0.164766 1.406061
-0.287329 0.081024 1.338886
-0.310540 0.136588 1.333528
-0.160032 0.054577 1.439379
-0.190654 -0.266952 0.985382
-0.239105 -0.145662 1.440344
-0.393911 0.076001 1.389973
-0.153241 -0.273148 1.524357
-0.151809 -0.264185 1.224331
-0.309910 0.085991 1.412588
-0.225919 -0.316486 1.041868
0.000388 0.161318 1.233305
-0.268037 0.095437 1.665479
-0.158758 -0.305877 1.387830
-0.353497 0.173282 1.302137
0.113630 0.242712 2.039023
-0.065392 0.283475 1.868288
-0.107072 0.121666 1.319805
0.006353 0.279283 1.834055
-0.350100 0.038446 1.181288
-0.037733 0.244879 2.182049
-0.172505 0.392183 1.986668
-0.360501 0.154261 1.328461
-0.330273 0.077764 1.312423
-0.403587 0.162196 1.292983
-0.117426 -0.132364 1.343608
0.102010 0.319902 2.125453
-0.289693 0.175791 1.158997
0.038584 0.320320 1.868728
0.051057 0.270330 2.180177
-0.234097 0.443154 1.705975
-0.066327 -0.148275 1.395650
-0.347575 0.122725 1.594531
0.418829 0.124838 1.261322
0.008035 0.301650 1.960142
0.022901 0.109113 1.394830
-0.324381 0.096366 1.331630
-0.336050 0.088015 1.250613
-0.108873 0.104436 1.300771
0.016601 0.067827 1.197355
-0.397081 -0.287880 1.450650
-0.341227 -0.018666 1.203770
-0.175764 -0.264062 1.146175
-0.383999 0.085783 1.238804
0.069703 0.302024 2.018852
-0.280594 0.172483 1.456139
-0.193296 -0.199967 1.240318
-0.180417 -0.334364 1.280301
-0.196856 -0.145963 1.398074
0.362894 0.178365 1.351850
-0.294106 0.144211 1.332965
-0.077242 0.123548 1.275309
-0.007995 0.340112 2.067956
-0.208754 -0.301769 1.273385
-0.242030 0.106839 1.340919
-0.418796 0.152566 1.411519
-0.297510 0.105442 1.481308
-0.258324 0.029407 1.224232
0.197726 -0.250421 2.038913
-0.027416 0.055764 1.002419
-0.375084 0.086005 1.226324
-0.201212 -0.310721 1.086591
-0.143487 -0.151913 1.335369
-0.039184 0.271054 2.143217
-0.385195 0.146467 1.287310
-0.098509 0.118339 1.240992
-0.200929 -0.239751 1.385471
-0.353252 0.015590 1.226574
-0.149566 0.019978 1.264849
0.036234 0.163413 1.363287
0.064422 0.234401 2.171722
-0.269690 0.166676 1.313176
0.049190 0.305772 1.938365
0.096579 0.309693 1.838165
-0.390691 0.052560 1.304009
-0.241925 -0.487527 2.003251
-0.112363 -0.170380 1.382224
0.060671 0.312109 2.093023
0.099309 0.313148 2.114649
-0.317601 0.230649 1.715253
0.061655 0.278007 1.898302
-0.286589 -0.129550 1.372718
-0.221311 -0.191750 1.317117
0.042310 0.326015 1.816574
-0.017153 0.261467 2.188575
-0.193561 -0.272409 1.051493
-0.291445 0.104813 1.352780
-0.233922 -0.330830 1.448833
-0.382242 0.068244 1.209113
0.001329 0.102402 1.316993
-0.262273 -0.303198 1.426915
-0.350320 0.011830 1.154772
0.346833 0.220581 1.837712
0.368608 -0.266238 1.328579
-0.322879 0.234857 1.454037
-0.124804 0.085370 1.431152
-0.110892 -0.250296 1.217576
-0.420189 0.154288 1.536314
0.047960 0.078405 1.078749
-0.001001 0.262330 1.831754
-0.336465 0.005738 1.276161
-0.173960 -0.333760 1.202393
-0.122495 -0.243412 1.301728
-0.354380 0.030119 1.250485
-0.105593 -0.292638 1.449973
-0.265049 0.312810 1.955584
0.325260 0.204595 1.640614
-0.239510 0.375827 2.123130
-0.285105 0.143340 1.170756
-0.036221 0.260800 2.017863
-0.195078 -0.295886 1.066766
-0.197760 -0.210439 1.158388
-0.263173 -0.490159 1.904739
0.117565 0.224442 2.065313
