0.247810 -0.429613 1.650288
-0.177317 -0.266475 1.498879
0.035236 0.372838 1.516610
-0.007653 0.128100 1.959068
0.190343 -0.097044 1.630677
-0.040646 0.123809 1.760973
-0.176596 0.368913 2.029304
-0.216827 0.304890 1.665815
0.035310 0.158492 2.173112
-0.163326 -0.254490 1.861878
-0.118790 -0.170625 1.688736
-0.393213 -0.014312 2.035021
0.070877 0.170230 2.329219
-0.422167 -0.000634 2.233815
-0.186264 -0.283463 1.585568
-0.044556 0.164316 2.037150
-0.038771 -0.111767 1.428546
-0.238626 0.319499 2.083365
-0.070458 0.250228 2.022991
0.067081 0.115701 1.859420
0.123807 0.428004 1.663928
-0.023222 0.214125 1.684654
-0.133373 -0.093818 1.715770
-0.106991 0.200889 1.925637
0.117048 0.250361 1.911419
0.048335 0.355190 1.816792
-0.037872 -0.098746 1.638002
0.009958 0.385650 1.712330
-0.203975 -0.197787 1.515919
-0.200706 -0.260181 1.614161
-0.058151 0.310929 1.876760
-0.165446 -0.285590 1.662374
-0.067896 0.307275 1.921480
0.274712 -0.350086 1.992578
-0.124986 -0.024500 1.591568
-0.124703 0.161907 1.882205
0.342622 -0.357248 1.700539
0.026379 -0.313599 1.903160
-0.337594 0.259442 1.695269
-0.008468 0.082213 2.183686
0.110153 0.376697 1.809809
0.015691 -0.313582 1.677172
0.159367 -0.154095 1.680887
-0.075553 -0.236348 1.526690
-0.143210 -0.175867 1.499238
-0.118774 -0.126426 1.692294
-0.040179 0.232200 1.754251
-0.020791 0.105239 1.815937
-0.187527 -0.223232 1.570214
-0.205942 -0.180595 1.431665
-0.167566 -0.262048 1.581377
-0.023966 0.292043 1.651548
-0.227514 -0.228458 1.194764
0.099500 0.415373 1.771011
-0.193551 0.278550 1.927745
-0.066233 -0.203196 1.578219
-0.117468 0.171060 1.901824
-0.196577 -0.225441 1.566882
-0.099904 0.132905 1.685223
-0.257873 -0.137409 1.462650
-0.043481 0.173349 1.721491
-0.016331 0.162572 2.241132
-0.036694 0.187240 1.829444
-0.166835 0.329608 1.966649
-0.030510 0.257065 1.965150
-0.151590 -0.282391 1.605843
-0.103884 0.336022 2.002169
0.177746 -0.085688 1.686821
-0.220102 0.351422 2.020881
-0.195632 -0.275881 1.761837
0.373175 -0.369610 1.516657
-0.191031 -0.223770 1.342706
-0.159702 -0.253479 1.653046
0.054480 -0.288966 1.983990
-0.068792 0.242407 2.034388
0.179790 -0.397175 1.518652
-0.182574 -0.141240 1.485686
0.040914 -0.259117 1.831005
-0.053858 0.260651 2.215375
0.396468 -0.051408 1.519168
-0.248637 0.245642 2.180971
0.197757 -0.391734 1.555522
0.138392 0.385081 1.593908
-0.006295 0.105278 1.831869
0.420784 -0.091271 1.730826
-0.027339 0.276072 2.010743
0.386104 -0.070398 1.640090
0.196608 0.419880 1.709193
-0.161891 0.380918 1.846199
-0.038296 0.216465 1.897234
0.083024 0.359520 1.811155
-0.004713 -0.119040 1.613498
-0.112095 0.131047 1.925518
-0.229396 0.285276 1.708199
-0.128130 0.333190 2.052953
0.450214 -0.067304 1.588221
-0.079597 -0.083994 1.534034
-0.203794 -0.239435 1.592675
-0.125713 0.328742 1.716481
0.199288 -0.458655 1.513838
-0.007701 0.306749 1.863244
0.394997 -0.098932 1.457910
-0.037692 -0.160568 1.633681
0.023086 0.110681 1.893986
-0.085769 0.311123 1.654666
0.115937 0.328075 1.865156
-0.097109 0.158991 1.920193
-0.012661 0.086801 1.960359
-0.140014 -0.247311 1.567029
-0.174618 0.325738 1.939310
0.214076 0.339582 1.701400
-0.017015 0.126468 2.066169
-0.047267 0.167075 1.735241
-0.077484 0.026452 1.876010
-0.083804 0.266835 1.663834
-0.199272 0.335329 1.968189
-0.040381 0.197851 1.662055
-0.054134 0.064217 2.071925
-0.229509 0.323978 2.160382
0.037467 -0.049864 1.433228
-0.065605 0.278334 1.720657
0.114485 0.304988 1.868386
-0.044479 0.193705 1.722064
0.417023 -0.156449 1.556207
0.201364 0.377391 1.594512
0.225539 0.388665 1.529280
-0.134103 -0.226188 1.189785
0.371221 -0.356249 1.594759
0.089610 0.347756 1.773700
0.267514 -0.412501 1.746694
0.381770 -0.122382 1.820067
0.241083 -0.377569 1.625807
-0.073649 0.271196 1.941068
0.499672 -0.062110 1.573541
0.098948 0.408249 1.577998
-0.185963 -0.216189 1.214493
0.066804 0.135726 1.696955
0.251114 0.394512 1.611536
-0.010473 0.297923 2.089256
-0.211578 -0.239451 1.567529
-0.256181 -0.161663 1.270319
-0.084167 -0.025400 1.851641
0.000308 -0.299475 1.663026
-0.037439 0.120710 1.942892
-0.222516 -0.260165 1.328393
0.258461 -0.373750 1.630579
-0.201058 0.348067 1.772149
-0.090434 0.257575 1.901471
0.455960 -0.104280 1.768181
-0.035428 0.197988 1.942299
-0.154022 0.237156 1.875622
-0.216218 0.359402 1.994524
-0.058749 -0.138139 1.866702
-0.161292 0.168652 2.022073
0.106574 0.368075 1.547037
0.322751 -0.082928 1.678240
0.448006 -0.101025 1.414488
-0.192116 0.368208 2.073693
-0.043550 0.178632 1.656772
0.213881 0.381692 1.431100
-0.230793 0.337924 1.915477
0.439817 -0.142043 1.575633
-0.055411 -0.000685 1.859028
0.172672 0.384733 1.385899
0.183990 0.453036 1.336404
-0.190512 -0.243320 1.344255
0.220248 -0.406094 1.742717
0.380369 -0.086838 1.726966
-0.008779 0.056720 1.988117
-0.206353 0.316323 2.204802
-0.239399 0.259658 2.085353
-0.034352 0.308315 1.614747
0.173992 0.263928 1.802153
-0.356671 0.268914 1.686700
-0.079369 0.217156 1.930833
0.066878 0.329508 1.725952
0.158501 0.341645 1.722561
0.043717 0.077692 1.863368
-0.023796 -0.219175 1.741297
-0.007031 0.133061 2.201445
-0.035296 0.338629 1.620066
-0.192062 0.341188 1.783186
-0.076979 0.340213 1.829626
-0.201424 -0.180588 1.614478
0.469024 -0.103353 1.700531
0.014445 0.087556 1.672990
0.435725 -0.097389 1.637937
-0.174039 -0.242428 1.248507
0.076619 0.172753 1.695021
-0.208721 0.390665 1.889385
-0.058055 0.316064 1.715810
0.428762 -0.167728 1.683061
0.204014 -0.492269 1.599000
0.231602 -0.312474 1.496418
-0.234832 0.305651 2.062281
-0.097419 0.156722 1.891536
0.112299 0.121768 2.087234
-0.046190 -0.068288 1.600361
-0.073502 0.173751 1.879832
-0.028751 0.138867 1.453424
0.486121 -0.043647 1.780808
-0.034988 0.122280 2.047020
-0.117754 0.182632 1.914286
-0.099364 -0.106659 1.763205
0.052296 -0.311176 1.783115
-0.000745 0.149963 1.771467
0.487335 -0.474919 1.629305
-0.083624 0.226111 1.770596
-0.232262 0.304468 1.794186
0.090586 0.351369 1.965167
-0.170188 0.380511 2.114344
-0.201274 0.344144 2.065156
0.155133 -0.051815 1.836967
-0.219243 0.353654 1.637720
0.285908 -0.367833 2.059026
0.460718 -0.129262 2.034181
-0.023731 0.118276 2.089277
-0.076640 0.179214 1.801593
0.072673 0.344842 1.882664
0.253715 -0.368391 1.881614
-0.058936 -0.104215 1.606797
-0.060362 0.224321 1.952966
-0.027989 0.334063 1.748021
0.450099 -0.061046 1.706065
-0.089675 0.212669 1.881264
-0.478603 -0.478910 1.739760
-0.130808 -0.201523 1.469147
0.172869 0.395128 1.563639
0.230952 0.385632 1.535606
0.068042 0.389477 1.654642
-0.015479 0.087648 1.965382
-0.131003 0.191559 1.987145
-0.173169 -0.254023 1.532782
0.048839 0.347065 1.757676
-0.017216 0.102599 2.073237
0.357811 -0.076830 1.458418
0.013671 0.120097 2.129448
-0.228462 -0.174226 1.320685
-0.048223 0.020993 1.846313
-0.220269 -0.157140 1.734232
0.025359 0.161392 1.996154
0.118517 0.393680 1.554382
-0.101780 -0.193831 1.514764
0.136241 -0.154621 2.024716
-0.495569 -0.092118 1.501348
-0.051339 0.219172 2.011929
0.027510 0.154496 2.133073
0.063145 0.369781 1.702463
-0.104349 0.215200 1.761236
-0.196593 0.349399 2.025678
-0.047333 0.248404 1.939062
-0.155906 0.387384 1.967007
0.041884 0.353614 1.833350
0.218498 -0.410770 1.836409
0.314889 -0.385343 1.362753
0.141080 0.265364 1.666159
0.121709 0.353838 1.454112
-0.160405 0.336385 1.948120
-0.228226 -0.209215 1.465367
-0.034727 0.155118 1.993763
-0.070503 -0.171425 1.386788
-0.056795 0.205423 1.533900
-0.203284 0.252758 2.139075
-0.263536 0.315070 1.922717
0.379663 -0.106286 1.625101
-0.096823 0.306388 1.746865
-0.177431 -0.255403 1.549267
-0.095131 0.209705 2.007316
0.411062 -0.087317 1.493695
-0.313395 -0.024330 2.158419
-0.131788 -0.238095 1.291766
0.118689 0.371720 1.633892
-0.018108 -0.169953 1.789029
0.049640 0.352181 2.095896
0.134895 -0.463170 1.713814
-0.062637 -0.225779 1.562200
0.048912 0.361060 1.994822
-0.155749 -0.162412 1.531953
-0.030630 -0.171475 1.729456
-0.097422 0.193608 2.012962
-0.064510 0.326581 2.007751
-0.186694 -0.249214 1.426751
-0.245387 -0.194789 1.582560
0.000715 0.110050 1.986115
-0.152420 0.348105 1.922285
-0.174967 -0.237088 1.426706
-0.039282 0.224011 1.889187
-0.099510 0.191921 1.898374
-0.022223 0.358754 1.775861
0.018306 0.093470 2.002199
-0.243415 -0.194644 1.553159
-0.171886 -0.233109 1.589916
-0.298396 0.254963 1.938028
-0.212733 -0.199984 1.480991
0.450028 -0.147878 1.738185
-0.056169 0.256295 1.777358
-0.234612 -0.219570 1.605960
0.034689 0.137052 2.009141
-0.067815 0.243741 1.908713
-0.223395 -0.203178 1.508251
-0.060385 0.230403 1.870063
0.100400 0.257370 1.824544
0.097417 0.369473 1.633543
-0.117897 0.164720 1.617785
0.021966 0.321712 1.832750
0.465169 0.126756 1.592248
0.102496 0.297624 1.930969
-0.060669 -0.250169 1.322357
-0.103526 -0.259006 1.322465
-0.073242 0.183095 1.747975
-0.064217 0.357113 1.940505
-0.109807 0.017132 1.739163
0.135748 0.416071 1.522783
-0.009002 0.337450 1.588599
0.094389 0.412212 1.437156
0.151460 0.380604 1.490177
-0.167733 -0.290014 1.316173
-0.062326 -0.195622 1.670096
-0.054961 0.306768 1.691126
-0.010675 0.154599 1.763230
0.223561 0.408604 1.539552
-0.003736 0.098975 1.944826
-0.058669 0.322887 1.793219
-0.003954 0.098995 1.970378
-0.003876 0.153553 1.889400
0.040304 0.091317 1.958294
0.166772 -0.080652 2.014694
0.195013 -0.088158 1.826940
-0.074806 -0.192604 1.389838
-0.279379 0.303966 1.930102
0.210553 0.469431 1.509151
-0.235614 0.329502 2.115460
0.466350 -0.088114 1.710499
-0.160910 -0.266345 1.923742
-0.031309 -0.199277 1.339844
-0.210061 0.308654 1.899016
-0.201944 0.344112 1.804807
-0.032045 0.135639 1.858272
0.263663 -0.387030 1.763042
-0.204349 -0.215192 1.329144
-0.016678 0.125961 1.972499
-0.029770 0.300723 1.778861
-0.053672 0.296493 1.743365
-0.429846 -0.019881 1.893356
-0.051960 -0.079198 1.337549
0.001589 0.083963 2.174069
-0.231772 0.255653 1.867878
-0.169111 -0.211443 1.298806
-0.079951 0.276074 1.991983
0.134280 0.312653 1.603596
0.106180 0.303789 1.878233
-0.009956 0.128360 1.991882
-0.176985 -0.171465 1.411271
-0.093281 0.046204 2.032151
0.434904 0.161458 1.545440
-0.186301 0.290323 2.030422
-0.240925 0.354388 1.609953
0.002332 0.156629 2.035013
0.046370 0.356295 1.659998
0.063591 0.408845 1.768528
-0.104436 0.236046 1.957183
0.028813 -0.279886 1.521367
-0.107912 -0.011199 1.655313
0.141829 0.385015 1.296952
0.089966 0.354580 1.687276
-0.240848 0.331856 1.935898
0.034222 0.386658 1.955250
-0.199346 -0.189653 1.731859
-0.454199 -0.005656 1.814006
0.196167 -0.446125 1.810642
0.012548 0.325178 1.836893
0.009299 -0.281471 1.624527
-0.029245 0.305733 1.776348
-0.226641 -0.244442 1.418103
-0.019122 0.102524 1.970199
-0.026239 0.132295 1.834786
-0.054744 -0.220556 1.710764
0.486142 -0.046984 1.670586
-0.008716 0.349401 1.968320
-0.498238 -0.087101 1.774019
-0.237557 0.355984 2.103244
0.002913 0.117531 2.003573
0.417640 -0.128235 1.410307
-0.194829 0.306493 1.764463
-0.204104 0.271099 1.934268
-0.006968 0.305529 1.676112
0.467553 -0.067926 1.970866
-0.132454 -0.285874 1.507115
-0.106715 -0.093324 1.596115
0.373361 -0.073201 1.651554
-0.226347 -0.189175 1.517077
0.495813 -0.465311 1.594558
-0.233643 0.349381 2.314107
-0.247182 -0.266942 1.489695
0.007929 0.156571 1.992388
0.132026 0.316274 1.469339
-0.163881 -0.242698 1.546197
-0.128657 -0.094522 1.824900
-0.180714 -0.263986 1.660080
-0.214010 0.347178 1.756790
