0.237425 -0.341773 1.521972
-0.105722 -0.171781 1.470272
-0.158261 0.448840 1.835306
-0.285450 0.180869 1.652381
0.188705 -0.031600 1.510961
-0.384551 0.151124 1.689694
0.397097 0.381492 1.839364
0.404072 0.335777 1.996634
-0.298177 0.203824 1.812775
-0.120805 -0.157011 1.637037
-0.095931 -0.074349 2.066913
0.334484 0.039863 1.870618
-0.300908 0.192598 1.774250
0.293720 0.045553 1.746195
-0.120227 -0.182474 1.574344
-0.349754 0.219187 1.952243
0.021732 -0.015703 1.639508
0.374350 0.350918 1.949162
-0.434325 0.282540 2.128014
-0.263567 0.154112 1.723756
-0.034113 -0.485844 1.746802
-0.369872 0.254567 2.005110
-0.048525 0.002404 1.506179
-0.490922 0.231810 2.060709
-0.098547 0.325348 1.834187
-0.186476 0.426384 1.594241
-0.006869 -0.003657 1.621699
-0.245434 0.450337 1.674563
-0.202206 -0.101139 1.914643
-0.167427 -0.162062 1.727101
-0.481337 0.316215 2.001308
-0.135345 -0.183045 1.443885
0.496492 0.313071 1.954240
0.286395 -0.256671 1.508137
0.407538 -0.044824 2.195875
0.496506 0.192526 2.145001
-0.384696 -0.328673 0.952653
-0.077339 -0.232007 1.471901
0.352639 0.310860 2.100936
-0.312098 0.129600 1.824099
-0.081644 0.456619 1.724071
-0.044254 -0.224054 1.372633
-0.021379 -0.095711 1.653841
-0.046369 -0.142813 1.536120
-0.163973 -0.077714 1.782296
-0.079767 -0.030262 1.609867
-0.412158 0.266170 1.866089
-0.326405 0.159463 1.770115
-0.151332 -0.122517 1.463457
-0.216031 -0.088349 1.630562
-0.099320 -0.163593 1.785127
-0.278839 0.363614 2.025859
-0.178538 -0.133418 1.623884
-0.051691 -0.499428 1.773870
0.408302 0.305525 1.896188
-0.137992 -0.105210 1.338223
-0.479222 0.209011 2.191225
-0.143523 -0.132855 1.537199
-0.436294 0.180884 2.105126
-0.272217 -0.041632 1.325872
-0.413422 0.210518 1.882793
-0.340116 0.207378 1.593161
-0.378716 0.231642 1.958581
0.418032 0.346633 1.940415
-0.343945 0.306802 1.971609
-0.116004 -0.190646 1.612845
0.471485 0.346640 1.710559
0.191029 -0.012966 1.936153
0.379256 0.369241 2.080701
-0.146306 -0.180876 1.487228
-0.321918 -0.353332 0.844488
-0.136838 -0.120380 1.483082
-0.123255 -0.157700 1.613208
-0.013314 -0.198645 1.460668
0.492089 0.244743 2.135364
0.228301 -0.306041 1.692464
-0.160059 -0.043596 1.844271
-0.084988 -0.168204 1.666779
-0.473322 0.276245 2.303377
0.182005 0.023224 1.788853
0.440731 0.296125 1.694612
0.233067 -0.295717 1.588218
-0.020260 0.473464 1.750486
-0.314436 0.153639 1.624518
0.249255 -0.004915 1.678155
-0.364834 0.325223 1.953679
0.201151 0.009971 1.570851
0.078899 -0.495773 1.479792
0.428207 0.404743 1.678822
-0.368850 0.262079 2.087972
-0.117395 0.433241 1.798125
0.028485 -0.023696 1.671237
-0.492079 0.164061 2.082121
0.428393 0.329772 1.919843
0.454384 0.350944 2.039321
0.266359 0.012491 1.600518
-0.011165 0.015316 1.639194
-0.178141 -0.137977 1.374418
0.464353 0.348023 2.027632
0.244376 -0.366803 1.581254
-0.178074 0.395311 1.719026
0.279364 -0.007901 1.631348
-0.024054 -0.060329 1.503981
-0.292285 0.159911 1.671447
0.473762 0.315779 1.785339
-0.051092 0.415004 1.650555
-0.485111 0.187470 1.900219
-0.325313 0.135026 1.763338
-0.067614 -0.151554 1.659621
0.413585 0.341017 1.941659
0.123446 0.420116 1.574900
-0.330555 0.167856 1.508219
-0.342718 0.222881 1.653116
0.430621 -0.001623 2.219714
-0.471877 0.291823 1.990033
0.392260 0.352214 2.064478
-0.360992 0.247196 1.694167
-0.390695 0.103875 1.590400
0.376007 0.347776 2.234429
0.145935 0.019601 1.823696
-0.439904 0.303480 1.945755
-0.110111 0.376655 1.786040
-0.375342 0.241957 1.938229
0.212391 -0.075772 1.535496
0.107281 0.464463 1.457277
0.121142 0.479015 1.761661
-0.098130 -0.136751 1.476241
-0.316854 -0.361853 0.704962
-0.173902 0.415415 1.904450
0.404045 -0.329061 1.230186
0.238804 -0.030527 1.799307
0.251349 -0.277482 1.697163
-0.478244 0.283761 1.974020
0.310941 0.019936 1.730257
-0.080567 0.490344 1.648242
-0.103857 -0.127813 1.587389
-0.278465 0.168182 1.404867
0.136335 0.479493 1.886147
-0.308013 0.351319 1.958645
-0.143767 -0.139006 1.382447
-0.212511 -0.062226 1.602116
0.434043 -0.049809 2.090304
-0.056255 -0.212263 1.524395
-0.345844 0.172747 1.628551
-0.144584 -0.163833 1.453981
0.288379 -0.272850 1.459274
0.411892 0.380422 2.005417
-0.452849 0.284068 1.837740
0.279636 -0.018609 1.736273
-0.362023 0.249248 1.772335
0.479095 0.270630 2.004543
0.348315 0.372377 2.082694
-0.100194 -0.041496 1.437090
0.450564 0.190925 2.234320
-0.025753 0.457162 1.714562
0.185920 0.009838 1.683181
0.255090 -0.016673 1.888420
0.400992 0.388406 1.891473
-0.384515 0.219393 1.830153
0.139053 0.470090 1.498003
0.355973 0.358484 1.724715
0.308977 -0.048360 1.965364
0.467396 -0.011923 2.122936
0.000370 0.457400 1.824765
0.122640 -0.460996 1.716020
-0.153847 -0.145140 1.374459
0.230043 -0.306371 1.710933
0.214042 -0.008497 1.672214
-0.359732 0.090417 1.430255
0.397090 0.337393 1.838503
0.423507 0.303713 1.726632
-0.334809 0.363678 1.894508
0.385387 0.287109 2.041866
0.350727 0.312857 1.974067
-0.491690 0.230983 2.040625
-0.158433 0.401482 1.708092
-0.012655 0.423361 2.025457
-0.274473 0.121362 1.639118
-0.066076 -0.124172 1.344619
-0.336605 0.171512 1.780787
-0.352264 0.390801 2.193042
0.405168 0.362179 2.054219
0.474562 0.331168 2.048330
-0.193764 -0.080846 1.667151
0.329707 -0.011671 1.520741
-0.303514 0.130966 1.715884
0.306222 -0.006921 1.638010
-0.135950 -0.143847 1.464732
-0.273638 0.206429 1.844410
0.380268 0.409523 2.116084
-0.422077 0.347687 2.017011
0.271814 -0.078429 1.789726
0.238124 -0.391356 1.747542
0.070674 -0.235703 1.928827
0.346913 0.323088 2.152773
-0.458408 0.197262 1.932827
-0.247523 0.139245 2.133136
0.024306 0.025549 1.640081
-0.450418 0.210491 1.978926
-0.342982 0.188500 1.665662
0.297905 0.036969 1.718263
-0.323779 0.172544 1.912868
-0.488187 0.213378 1.997248
-0.015843 -0.013614 1.592948
-0.005901 -0.225239 1.315112
-0.301627 0.200196 1.763975
0.228261 -0.417042 1.902448
-0.416598 0.269509 1.759552
0.370470 0.329705 1.901378
-0.153081 0.416372 1.757610
0.396269 0.388440 2.026971
0.387269 0.365034 1.843329
0.181438 0.021490 1.688672
0.402459 0.388646 1.995765
0.298317 -0.271390 1.520716
0.310755 -0.040860 1.507577
-0.342128 0.160941 1.659455
-0.455565 0.209208 2.130377
-0.140365 0.417267 1.734448
0.320630 -0.276185 1.284117
0.001268 -0.013537 1.530770
-0.360527 0.273646 1.827340
-0.410214 0.359559 1.849940
0.308541 0.027517 1.742348
-0.448733 0.250381 1.972813
0.258678 -0.430260 1.889510
-0.108004 -0.104653 1.616896
-0.018663 0.472472 1.838818
0.156666 0.476366 1.494664
-0.108996 0.469238 1.819444
-0.336702 0.129060 1.734651
-0.454243 0.236592 2.102724
-0.160971 -0.153523 1.376664
-0.145927 0.427952 1.860804
-0.317395 0.157808 1.634489
0.197644 0.003353 1.611380
-0.321660 0.162622 1.689492
-0.226028 -0.073262 1.531496
0.434673 -0.011286 2.013196
-0.227716 -0.058111 1.620797
-0.283092 0.207998 1.936966
-0.051237 0.480638 1.844225
-0.075244 -0.101476 1.839447
0.031709 -0.087831 1.536269
0.321838 -0.009907 1.452145
-0.397952 0.262335 2.020867
-0.298797 0.193358 1.473798
-0.160013 0.447396 1.377899
-0.452411 0.254149 2.029322
0.403693 0.375091 2.030086
-0.418996 0.276707 2.208705
0.408015 0.399352 1.764909
-0.152532 0.429384 1.667119
0.228988 -0.318620 1.506275
-0.449312 -0.337379 1.406744
0.354216 0.278770 1.960368
-0.042473 0.431480 1.532542
0.442629 0.358740 1.808504
-0.185869 -0.109241 1.678617
-0.350106 0.199687 1.759831
-0.068967 -0.075423 1.365725
-0.360814 0.263776 2.181995
0.479431 0.304199 2.316684
0.336984 0.343540 2.018977
0.236565 -0.018753 1.841552
0.499995 0.317092 1.998678
-0.161246 -0.156887 1.624639
-0.490200 0.229156 2.196714
0.281560 0.007535 1.663067
0.401435 0.025357 2.157758
-0.063533 -0.143419 1.480712
-0.075082 0.446763 1.791404
0.009624 -0.071453 1.619297
-0.173590 0.422463 1.437255
0.488821 0.371160 2.206985
-0.096219 -0.126103 1.419611
-0.183784 0.434348 1.523765
-0.136983 -0.060169 1.432986
-0.060125 -0.070267 1.726702
-0.474735 0.222348 1.936558
-0.486762 0.330410 2.262456
-0.148709 -0.151223 1.543593
-0.232773 -0.097003 1.666655
-0.320930 0.159776 1.885467
0.416444 0.357950 1.772237
-0.131134 -0.135122 1.870162
-0.368704 0.265788 1.996016
-0.479317 0.220731 2.034379
-0.355944 0.400442 2.129714
-0.301611 0.135048 1.473011
-0.225607 -0.096185 1.573189
-0.105316 -0.134671 1.339221
0.367982 0.301619 1.917598
-0.207255 -0.098969 1.615186
0.301633 -0.056183 1.708092
-0.439680 0.285403 2.280133
-0.229315 -0.118915 1.626854
-0.276051 0.182189 1.423716
-0.493733 0.252728 1.953438
-0.194388 -0.102916 1.427600
-0.407451 0.268104 1.900402
-0.073987 0.340880 1.676446
-0.156650 0.438215 1.619813
-0.391862 0.225971 1.999553
-0.205660 0.395045 1.550167
-0.006931 0.028009 1.416290
-0.048194 0.383971 1.996584
-0.029721 -0.154597 1.422066
-0.034484 -0.164024 1.451664
-0.414242 0.227191 1.695624
-0.429651 0.380987 1.988527
0.415716 -0.001310 2.167877
-0.026510 0.497183 1.590700
-0.247578 0.409797 1.643149
-0.039579 0.497382 1.696398
-0.002763 0.462037 1.733885
-0.109985 -0.195364 1.449325
-0.087337 -0.096677 1.353694
-0.462157 0.323437 2.126113
-0.312067 0.207459 1.597022
0.114047 0.499802 1.408356
-0.302489 0.149060 1.543986
0.490661 0.318826 2.103781
-0.331831 0.142771 1.487566
-0.333974 0.199507 1.619283
-0.270144 0.136890 1.597392
0.147802 0.000736 1.694618
0.189177 -0.012120 1.875591
-0.081781 -0.094813 1.343573
0.313572 0.325743 2.141012
0.145160 -0.459032 1.559097
0.390033 0.363293 1.798696
0.300814 -0.000418 1.721645
-0.094132 -0.173129 1.829618
-0.055853 -0.109983 1.833758
0.412042 0.340769 1.848077
0.385955 0.363952 1.905068
-0.313105 0.187606 1.848253
0.350311 -0.293317 1.447686
-0.209794 -0.117998 1.453346
-0.375827 0.159607 1.642383
-0.379648 0.337665 1.927968
-0.453889 0.314270 2.032926
0.326680 0.037490 1.762749
-0.007876 0.018091 1.531513
-0.318072 0.117579 1.590408
0.402897 0.289533 1.747422
-0.161237 -0.118252 1.168594
-0.478870 0.292654 2.243674
-0.028897 0.399959 1.626222
-0.131102 0.366624 1.619839
-0.328437 0.173839 1.336415
-0.191021 -0.072026 1.585614
0.443727 0.036510 1.971768
-0.030266 0.052429 1.628011
0.411245 0.316210 1.795827
0.372265 0.380667 1.978114
-0.315005 0.207677 1.973279
-0.139389 0.436953 1.761933
-0.119523 0.493178 1.702080
-0.476391 0.265889 2.059459
-0.090860 -0.192219 1.416096
0.407299 -0.036544 2.194976
-0.011083 0.474653 1.700397
-0.145504 0.423581 1.436285
0.349010 0.348495 2.069247
-0.192655 0.453092 1.698561
-0.146444 -0.095501 1.624919
0.265129 0.051471 1.625604
0.242013 -0.347787 1.663396
-0.215848 0.400567 1.577445
-0.100930 -0.192012 1.513836
-0.330044 0.358100 1.686217
-0.204499 -0.148985 1.347184
-0.289688 0.162492 1.448422
-0.328749 0.178709 1.753839
-0.077751 -0.124329 1.248478
0.301688 0.029097 1.825864
-0.255235 0.416233 1.905733
0.315808 -0.000910 1.583738
0.337856 0.371694 2.134688
-0.335384 0.154991 1.533843
0.261814 -0.041599 1.841406
0.397373 0.327693 1.752811
0.396891 0.296336 1.720132
-0.183744 0.392166 1.634278
0.276254 0.014204 1.741251
-0.104539 -0.185693 1.697183
-0.031998 0.003708 1.504702
0.211630 0.016041 1.598508
-0.203288 -0.093172 1.651390
0.242068 -0.409658 1.809992
0.334713 0.358517 1.870575
-0.190729 -0.177043 1.756953
-0.327681 0.199863 1.424082
-0.047698 0.397464 1.536086
-0.082018 -0.146453 1.540170
-0.038439 -0.001638 1.926840
-0.142794 -0.166989 1.533192
0.380966 0.363913 1.995231
