0.214162 -0.342832 1.187439
-0.072900 -0.161269 1.499586
-0.210192 0.459414 1.270214
-0.460880 0.177447 1.862013
0.002684 -0.040608 1.491042
0.454049 0.147074 1.829096
0.082922 0.341189 2.151056
0.061793 0.285862 1.974701
0.493241 0.193986 1.733046
-0.086461 -0.142333 1.427311
-0.064220 -0.077865 1.709416
0.097940 0.025721 1.862481
-0.471994 0.186451 1.987107
0.050146 0.022044 1.518760
-0.101079 -0.170183 1.606184
0.451856 0.210419 1.819451
-0.017151 -0.008493 1.845446
0.025676 0.296527 1.895665
0.178942 0.213975 2.012576
-0.355415 0.158091 1.727284
0.038773 -0.479271 1.776127
0.397627 0.236588 1.796083
-0.240084 -0.009704 1.706867
0.001018 0.101213 1.925613
-0.124133 0.312463 0.911828
-0.270020 0.433825 1.692933
-0.089522 0.003899 1.584330
-0.487019 0.415986 2.148561
-0.296334 -0.095535 1.676488
-0.271956 -0.159657 1.539215
0.078635 0.225057 1.683674
-0.092336 -0.173925 1.644895
0.037696 0.210122 2.052522
0.303356 -0.252840 1.585433
0.085282 -0.093306 1.774868
-0.031761 0.051573 2.115883
-0.002553 -0.446167 1.508989
0.158340 -0.250397 1.487794
0.006388 0.259839 2.139955
0.492496 0.121688 1.931223
-0.050413 0.467324 1.549230
0.228779 -0.256325 1.179652
-0.034326 -0.086126 1.498225
0.293514 -0.200227 1.402653
-0.263469 -0.076393 1.946364
-0.240908 -0.032409 1.828807
0.228603 0.210391 1.950862
-0.486951 0.155079 1.993375
-0.059699 -0.116062 1.769687
-0.311334 -0.086101 1.696429
-0.062234 -0.156188 1.581806
0.368910 0.306082 1.816463
-0.289660 -0.134352 1.687008
-0.013409 -0.491564 1.702825
0.079663 0.258946 2.139192
-0.104677 -0.097967 1.727860
-0.030291 0.057474 1.787674
-0.121125 -0.121178 1.459738
0.076662 0.054059 1.679514
-0.328031 -0.070184 1.773386
0.264331 0.161226 2.140077
0.487961 0.199592 1.724661
0.379055 0.211314 1.838098
0.079127 0.300076 2.104003
0.373369 0.272312 1.421608
-0.127116 -0.185318 1.821135
0.072503 0.269064 1.860431
0.020306 -0.021878 1.591525
0.067144 0.327818 1.990728
-0.168855 -0.178156 1.894081
-0.000880 -0.445946 1.552746
-0.110967 -0.107762 1.716689
-0.121235 -0.150259 1.899045
0.266052 -0.247941 1.328289
-0.060000 0.091513 1.983731
0.171135 -0.307601 1.149714
-0.284167 -0.049725 1.894266
-0.044405 -0.158051 1.520360
-0.002589 0.128103 2.010951
-0.004838 0.013629 1.890778
0.057666 0.229781 1.802282
0.207109 -0.300783 1.204736
0.002605 0.483132 1.569731
-0.483929 0.144332 1.906305
0.021580 -0.022463 1.785888
0.308828 0.274002 1.738158
0.029290 -0.001434 1.663906
0.037844 -0.491261 1.682365
0.064745 0.344707 2.056973
0.393128 0.242766 1.659510
-0.185533 0.438884 1.666200
-0.048388 -0.021382 1.466272
0.059458 0.052980 1.963666
0.068421 0.272070 1.986527
0.101937 0.299258 1.736595
0.058416 -0.001621 1.570365
-0.070621 0.022537 1.587319
-0.253372 -0.131791 1.623635
0.090839 0.290967 1.757990
0.074768 -0.369833 1.841491
-0.303522 0.396019 1.620211
0.063167 -0.027508 1.759123
-0.022173 -0.050551 1.308420
-0.452590 0.159350 2.023016
0.081090 0.245964 1.714955
-0.063672 0.419970 1.607094
-0.024012 0.038734 1.790471
0.482487 0.126073 1.935989
-0.037577 -0.141049 1.601961
0.105745 0.303662 1.970423
0.083056 0.388277 2.083489
0.487317 0.154174 1.804584
0.466243 0.212072 1.846996
0.102087 -0.064948 1.722683
0.051922 0.182039 1.874658
0.073199 0.309901 1.946190
0.423921 0.234167 1.863669
0.417785 0.090662 1.903545
0.055416 0.305914 1.790159
0.011827 0.021415 1.839370
0.109624 0.209690 1.956562
-0.174201 0.382623 1.429779
0.379950 0.219291 1.752869
0.060678 -0.090829 1.623769
0.223954 0.460407 1.375818
0.259071 0.469948 1.290769
-0.042557 -0.127091 1.452800
-0.036234 -0.471663 1.492796
-0.309179 0.408938 1.741615
-0.372107 -0.353058 1.631480
0.058340 -0.038569 1.794301
0.240774 -0.278892 1.434612
0.087085 0.191760 1.976933
0.119190 0.015625 1.695558
-0.046613 -0.499455 1.481281
-0.088956 -0.114024 1.519530
-0.486742 0.154581 1.792098
0.295670 0.470377 1.371511
0.352191 0.287194 1.959111
-0.056127 -0.128218 1.548429
-0.288585 -0.053085 1.535112
0.096958 -0.114302 1.771123
0.194269 -0.234489 1.259357
0.479904 0.166004 2.134942
-0.133813 -0.162477 1.591083
0.278820 -0.276521 1.395663
0.062266 0.326995 1.760483
0.127051 0.200329 1.969625
0.086293 -0.027624 1.674635
0.406396 0.231645 1.776873
-0.028253 0.143012 1.841780
0.037261 0.333377 1.955183
-0.234296 -0.040406 1.565169
-0.022735 0.047901 1.716563
-0.031810 0.460692 1.500040
0.016820 0.008292 1.618487
0.034246 -0.034673 1.638649
0.106351 0.352398 2.170142
0.363034 0.195356 1.718124
0.421486 0.423494 1.167581
0.019383 0.309024 1.913775
0.089728 -0.060629 1.530966
0.113020 -0.084339 1.923845
-0.008503 0.458275 1.719234
0.046846 -0.456620 1.448252
-0.112823 -0.135054 1.679428
0.239088 -0.316138 0.917752
0.048575 -0.013729 1.801159
0.466660 0.083659 1.912567
0.051897 0.287562 2.055210
0.023834 0.228144 1.740317
0.264281 0.282893 1.909297
0.007217 0.217278 2.232169
0.047792 0.277429 1.877606
-0.053464 0.068770 1.793642
-0.188328 0.409548 1.612301
-0.018226 0.424408 1.550948
-0.368631 0.130304 1.433477
-0.036018 -0.112825 1.376017
0.469373 0.163967 1.904033
0.153118 0.273570 2.250276
0.081924 0.313912 1.905800
0.091422 0.267496 2.009697
-0.273568 -0.081689 1.560950
0.109367 -0.026357 1.789157
-0.489049 0.125182 1.986495
0.100801 -0.019537 1.892604
-0.150611 -0.134273 1.502683
-0.465732 0.189128 1.749748
0.052664 0.364730 2.030102
0.152660 0.265939 1.996623
0.114441 -0.086714 1.910170
0.036452 -0.401578 1.525914
0.236431 -0.273933 1.278082
0.045832 0.281635 2.098134
-0.001882 0.049778 1.770787
-0.352808 0.143449 1.842867
-0.043807 0.033098 1.678403
0.020167 0.064677 1.828115
0.492804 0.183945 1.618520
0.087552 0.022283 1.576679
0.494937 0.168478 1.914800
-0.034740 0.058615 2.075646
-0.106622 -0.005902 1.580334
0.219983 -0.246747 1.427066
0.488854 0.190600 2.065424
0.049981 -0.429420 1.432927
0.249588 0.225665 1.941507
0.042163 0.287155 1.890911
-0.266555 0.420983 1.913485
0.069933 0.344122 1.946539
0.071360 0.319066 1.844350
0.024956 0.019158 1.608361
-0.000681 0.317843 1.514667
0.264626 -0.265583 1.541773
0.116602 -0.049821 1.675586
0.474061 0.155650 1.925014
0.010750 0.066240 2.101125
-0.154162 0.427083 1.483633
0.299709 -0.271012 1.870636
-0.062067 -0.005552 1.459673
0.374761 0.241944 1.465914
0.142261 0.256590 2.048084
0.074722 0.010517 1.577803
0.049866 0.124707 1.970151
0.044890 -0.444876 1.308208
-0.076833 -0.090716 1.757758
-0.013573 0.477178 1.682608
0.430584 0.407819 1.388367
-0.069555 0.476079 1.479032
0.486590 0.123446 1.821611
0.040479 0.113346 1.922906
-0.144371 -0.144485 1.702500
-0.219241 0.433616 1.502200
0.499906 0.153455 1.671172
-0.000618 -0.005954 1.879064
-0.491204 0.160442 1.755568
-0.288342 -0.065932 1.567942
0.129051 -0.062674 1.972938
-0.315431 -0.051282 1.687789
-0.496235 0.191385 1.757950
-0.011656 0.489834 1.652747
-0.058584 -0.092874 1.445497
0.049222 -0.102232 1.744944
0.048540 -0.041965 1.653538
0.399115 0.249198 1.581472
-0.485046 0.187386 1.640078
-0.279760 0.449085 1.749359
0.217621 0.206936 2.136834
0.088106 0.334638 1.711273
0.202675 0.213719 1.810698
0.101196 0.363525 2.107320
-0.214472 0.440293 1.626054
0.224162 -0.313220 1.306658
-0.038826 -0.496110 1.528686
-0.028312 0.211316 1.927222
-0.067334 0.437138 1.213397
0.070611 0.298210 1.897948
-0.318304 -0.108047 1.922990
0.466456 0.192090 1.426537
-0.031813 -0.066081 1.717430
0.386449 0.240664 1.921942
0.042791 0.216222 1.820311
0.008970 0.299268 1.925616
0.036977 -0.032690 1.684079
0.093569 0.236535 2.119545
-0.296150 -0.157071 1.644286
-0.040116 0.076287 2.013186
0.031731 -0.013121 1.728811
0.107743 -0.017587 1.727460
-0.074451 -0.134052 1.458281
-0.040673 0.444813 1.414521
0.027776 -0.084798 1.853060
-0.246614 0.425772 1.735875
0.116451 0.301660 2.049959
-0.055210 -0.117447 1.441051
-0.265431 0.442264 1.621125
-0.242983 -0.064847 1.599256
-0.040586 -0.064891 1.476329
-0.018049 0.074684 1.708917
0.101348 0.249188 1.787458
-0.109524 -0.143371 1.616758
-0.291098 -0.086022 1.534496
0.494394 0.146979 1.878603
0.056066 0.301459 1.741204
-0.098479 -0.126799 1.953578
0.346745 0.237107 1.411039
-0.013112 0.081148 2.119784
0.172130 0.289244 2.129398
-0.465051 0.126894 1.818864
-0.296856 -0.089835 1.695575
-0.054620 -0.126373 1.589831
0.025681 0.250222 2.070018
-0.300466 -0.093989 1.490902
0.104016 -0.069064 1.606317
0.124472 0.188934 2.038942
-0.337785 -0.118098 1.610024
-0.446236 0.176174 1.889684
-0.001175 0.125470 1.914524
-0.333037 -0.104784 1.669365
0.344043 0.241320 1.776153
-0.053810 0.336312 1.762449
-0.271464 0.439573 1.187639
0.377106 0.207299 1.785891
-0.292005 0.402299 1.714701
-0.079211 0.029437 1.357730
-0.104532 0.387885 1.430050
0.328604 -0.220981 1.205002
0.293429 -0.228057 1.344412
0.248852 0.167731 2.344374
0.162430 0.302096 2.083314
0.077887 -0.067024 1.803037
-0.034380 -0.492530 1.325582
-0.455887 0.387151 2.254635
-0.043500 -0.492413 1.478749
0.038156 0.466020 1.682464
-0.033611 -0.183355 1.284723
-0.059300 -0.085362 1.645650
0.100509 0.232544 1.547303
-0.488943 0.199040 1.777592
0.197130 0.496098 1.459521
-0.478775 0.139539 1.652189
0.049150 0.226115 1.879076
0.437036 0.126580 1.503317
0.433780 0.183132 2.130257
-0.329258 0.144578 1.674327
-0.003746 -0.002488 1.735377
0.027629 -0.013599 1.768207
-0.032932 -0.089550 1.744932
-0.036814 0.268059 1.733025
0.032599 -0.452742 1.378904
0.052876 0.315179 2.041860
0.088695 -0.012960 1.748853
-0.026973 -0.165363 1.599743
-0.028216 -0.100878 1.628032
0.078684 0.291979 1.912962
0.036538 0.315747 2.198696
0.493566 0.182706 2.096572
0.371780 -0.316261 1.316211
-0.309299 -0.111103 1.666277
0.404516 0.141642 1.861152
0.155463 0.232665 2.021419
0.108581 0.225955 1.865188
0.083202 0.016362 1.682333
-0.085833 0.023693 1.461087
-0.491711 0.106434 1.566625
0.023639 0.221227 2.068109
-0.267999 -0.120818 1.463536
0.034409 0.179385 2.039538
-0.033315 0.406187 1.497302
-0.150891 0.377095 1.579609
-0.473398 0.170661 2.161241
-0.311081 -0.068129 1.742459
0.110133 -0.014739 1.676223
-0.124909 0.051189 1.071805
0.043786 0.253385 1.754708
0.053508 0.338112 2.097180
-0.486262 0.205982 1.860903
-0.215889 0.447011 1.674571
-0.051915 0.499179 1.396062
0.018337 0.141026 1.964251
-0.024315 -0.183731 1.645244
0.098568 -0.090949 1.854272
0.082008 0.481864 1.549149
-0.217751 0.432402 1.915153
0.018203 0.304471 1.923142
-0.468843 0.424073 2.000432
-0.080495 -0.089152 1.724342
0.042182 0.026262 1.971908
0.132107 -0.344594 1.314668
-0.334405 0.399570 1.751226
-0.074510 -0.181221 1.840762
0.264469 0.276406 1.924004
-0.283200 -0.142879 1.726103
-0.474218 0.150800 1.620937
0.455512 0.162477 1.682853
-0.025840 -0.116682 1.905895
0.053674 0.012766 1.748229
-0.482617 0.382974 1.953429
0.142305 -0.003502 1.823282
-0.035046 0.308379 1.541370
0.465431 0.141869 1.632590
0.037551 -0.059755 1.879152
0.075956 0.285967 1.917219
-0.011286 0.217143 1.846053
-0.313103 0.394278 1.570338
0.059416 -0.000856 1.648727
-0.092248 -0.178376 1.814736
-0.156895 0.004703 1.604417
0.015325 0.001021 1.779880
-0.272643 -0.088822 1.833769
0.024067 -0.428483 1.437398
0.019909 0.320692 1.640780
-0.270744 -0.173748 1.778235
-0.497803 0.191143 1.912988
-0.106126 0.392879 1.662951
-0.032069 -0.139780 1.606101
-0.238434 -0.012278 1.833190
-0.124094 -0.154800 1.618107
-0.014576 0.297635 1.801814
