-0.214673 0.090203 -0.726014
-0.478408 -0.444151 2.675782
0.152921 -0.465721 0.427854
-0.353985 0.491191 2.712828
0.276105 0.178865 2.209337
-0.124836 0.211694 -2.279506
-0.256834 0.202641 0.311689
-0.497268 0.438086 1.925534
-0.322062 0.184741 2.437277
-0.146699 -0.335827 0.567422
0.059764 0.480066 1.873971
-0.038735 -0.251417 -2.671922
-0.363360 0.104853 -0.136474
-0.141759 -0.319208 1.213522
-0.493572 -0.477936 2.530596
-0.139901 -0.102658 2.307572
0.218938 0.168816 -0.046545
0.175775 -0.191973 2.828706
0.206700 -0.214036 1.673628
0.149983 0.365280 0.531202
0.019893 -0.387764 -2.524392
-0.030856 -0.351100 0.474484
0.394782 -0.002441 -1.669873
0.042694 0.155721 -0.784845
0.262149 0.041759 -1.705724
0.300435 -0.077080 -1.777992
0.089155 -0.074907 0.688450
-0.136522 -0.037840 -2.150289
0.054940 0.110296 -0.282535
0.333782 0.441153 2.441777
-0.320292 0.290142 -0.531522
0.165942 -0.459573 2.491944
-0.083682 0.010291 0.379640
0.285574 -0.149898 1.183888
-0.357290 -0.486762 -0.266807
0.173262 0.280241 -2.992034
0.035081 -0.452560 0.152747
0.179861 -0.162657 1.897383
-0.064904 0.358091 2.540322
-0.448790 -0.047344 -2.341504
-0.368609 0.359679 -1.545930
-0.221069 0.321028 -0.955646
-0.284377 0.004746 2.042749
-0.250808 -0.206613 0.324478
-0.316254 0.282192 2.059046
-0.302545 0.378521 -2.091043
0.236712 -0.342359 -2.420852
-0.305627 0.133324 -1.172745
-0.007124 -0.326117 0.782967
-0.432860 -0.464750 -2.427919
-0.307445 -0.367574 -0.624804
0.301844 0.403880 2.521914
-0.347373 0.357399 1.104475
-0.468568 0.004771 1.985691
-0.477463 -0.190045 1.743730
-0.172742 -0.083985 0.638169
0.004490 -0.411422 1.805198
0.154433 0.335509 2.523790
0.425694 0.113747 2.411414
-0.218451 0.143421 -2.920427
-0.281666 0.344162 0.056787
0.098218 -0.353806 2.244659
-0.068823 -0.404958 0.820161
0.341353 0.124526 1.204527
-0.187357 -0.151810 -1.613979
0.031328 0.187881 -0.771333
-0.036947 0.019526 2.343097
-0.360915 -0.128973 -2.660623
0.145027 -0.341337 -2.212443
0.287124 -0.311710 -0.171228
0.281256 -0.238635 -2.603652
-0.130870 -0.357025 2.608098
-0.122143 0.430259 -2.251187
0.241694 -0.011960 1.148850
0.154348 0.271973 2.669881
0.071033 -0.173602 -0.576912
-0.282239 -0.341633 -2.809619
0.277299 0.431987 -2.637009
-0.472731 -0.093250 2.721240
-0.360580 -0.151650 0.167775
-0.008478 0.148925 1.915775
-0.186850 0.373531 -0.917605
0.075283 -0.055901 0.932457
-0.029580 0.041357 2.048740
0.286077 -0.205580 -2.527934
0.138425 -0.266476 1.782187
0.351045 -0.099907 0.239018
-0.104510 -0.066394 2.200749
-0.150695 -0.080358 -0.251713
-0.011368 0.402434 2.781016
0.263456 -0.482700 2.101270
-0.211951 0.231105 0.263376
0.194706 0.014079 -0.876803
0.365896 -0.184257 -1.576699
0.296653 0.072221 1.283566
0.424127 -0.076575 1.551901
-0.466337 0.004655 -1.081548
0.304519 0.046456 -1.569573
-0.374475 0.276671 -1.101014
0.292387 -0.139809 -1.218044
-0.368992 -0.274050 -1.921119
0.207143 -0.046163 0.890139
0.091498 0.427014 1.936181
0.293992 -0.194083 0.332234
0.297637 -0.085277 0.945501
-0.301402 -0.220773 -2.121362
0.280942 0.472420 -0.740821
-0.290455 -0.422258 -2.145205
0.107700 0.296002 2.631971
0.304679 0.074403 -0.722895
0.454742 -0.074047 -3.078761
0.004312 0.341604 -0.052268
-0.035398 0.225604 -0.918096
-0.363779 -0.488886 0.002315
-0.399930 -0.246742 -1.327653
-0.140951 0.396374 2.631991
-0.237032 -0.169952 -2.335283
0.269295 -0.286394 -0.071715
-0.292843 0.260951 1.970621
0.408298 0.187753 2.734245
-0.173192 -0.180634 1.976721
0.399635 -0.470400 -0.018554
-0.364599 0.320873 -0.015554
0.127365 -0.271361 1.555418
-0.171047 0.044241 1.882796
-0.477875 -0.128690 1.587412
-0.109408 -0.276092 1.934749
0.185382 -0.235597 -1.740118
-0.124031 -0.008978 0.252182
0.436407 0.224885 1.305878
0.015992 0.194569 2.356503
-0.170041 0.376195 -3.084484
-0.306287 0.267740 -0.961410
-0.496165 0.074459 1.476557
-0.189222 -0.183079 -1.016136
-0.086697 -0.485814 -3.071898
0.386755 -0.268209 1.884326
-0.099884 -0.462181 0.471836
0.067119 0.043832 2.642795
-0.245796 0.472338 0.305004
0.204591 -0.210124 -0.274730
-0.323149 0.066958 -3.030730
-0.314220 -0.137249 2.097248
0.452462 -0.052324 -0.431063
0.313950 0.496054 0.948213
-0.351105 0.015284 -2.864128
-0.365696 -0.325438 -1.640302
-0.018812 -0.454413 -0.989587
-0.347333 -0.485666 2.656440
0.016017 -0.171037 -0.664868
0.120989 0.226268 0.681582
0.143829 -0.390197 -1.965906
-0.029574 0.182676 -2.049765
0.260326 0.170322 0.078830
-0.223317 0.204179 2.624944
0.296189 -0.129596 0.944239
0.414838 -0.089856 -0.551762
-0.336841 -0.278441 2.660277
0.034226 -0.148676 -2.125873
0.172664 -0.268619 1.214844
-0.362954 0.113589 -1.087588
-0.464476 0.360720 -1.743471
-0.434608 -0.008500 2.509097
-0.473125 0.393285 -1.033817
0.194926 -0.426846 3.111178
-0.426214 -0.253274 -0.654358
0.278534 0.193800 0.699063
0.069472 0.342813 -0.768504
0.040045 0.086365 -1.325251
0.335359 0.428222 -2.834630
0.427895 -0.403824 -2.968480
0.461692 -0.035488 -0.401599
0.457384 -0.073918 -0.352790
-0.334767 -0.308113 -1.447542
0.146824 -0.132317 0.533904
0.276474 0.215947 3.091199
0.209924 -0.346894 -1.222773
-0.298544 -0.089134 0.913270
0.456055 -0.091059 1.742345
0.327237 0.342198 -1.259359
-0.357838 -0.222779 -0.007217
-0.389739 0.422323 2.770637
0.221222 0.229923 -2.543595
0.272097 0.329637 1.508726
-0.487575 -0.384903 2.814991
0.227767 -0.389736 0.500789
-0.193535 0.064839 -2.285140
0.084541 -0.380417 -0.300452
-0.447765 -0.273639 0.137888
-0.478669 -0.490737 -1.402299
-0.243702 -0.428419 -0.045300
0.315772 -0.124278 0.564952
0.063044 -0.448509 0.563302
0.030441 0.475865 -1.162717
0.190441 -0.279898 0.568524
0.113066 -0.300093 -0.690298
-0.481788 -0.211745 -2.919205
0.175423 0.297387 -2.679957
-0.068806 0.469575 1.218769
-0.281458 0.405841 2.537770
0.478351 -0.475148 -2.038213
0.474742 -0.135862 0.995604
0.186113 0.359777 1.837949
-0.216652 -0.412153 1.985280
0.392575 -0.081004 1.113314
0.176465 -0.252528 0.418672
0.369909 -0.254166 0.462042
-0.148392 -0.369436 -2.049524
-0.487602 0.065628 -0.585255
0.166294 0.121148 -2.132010
-0.230621 0.471935 2.203923
0.012463 0.247174 0.442962
0.402073 0.170355 2.999015
0.175982 -0.479701 0.942337
0.230880 0.262619 -0.803055
0.162857 -0.450782 1.291763
-0.206521 0.287068 0.111761
0.483270 0.000496 1.903036
0.265005 0.434635 1.274136
0.243535 0.159254 1.218607
0.181662 0.335473 0.011788
0.330169 0.081106 -2.744364
0.215266 0.141054 -2.674843
0.478700 0.301858 0.689561
-0.469536 0.008644 1.626059
-0.457294 0.358029 0.425487
0.476701 0.155610 0.690993
0.342240 0.350068 2.982895
-0.059836 0.304155 0.122107
0.227198 0.063763 0.068935
-0.099854 -0.037083 2.027623
-0.209540 0.063800 -1.835412
0.222262 0.496734 1.407082
0.247868 -0.497973 2.731119
-0.306224 0.172857 -2.796546
0.300116 0.187724 2.817812
0.160679 -0.477538 -0.355359
-0.040262 0.246852 2.582524
0.180385 -0.461082 2.788156
-0.243242 0.099199 2.519362
0.473601 0.395197 2.038860
0.327606 -0.395077 0.541477
-0.227282 -0.328265 -0.852428
-0.334794 0.248908 -2.608437
0.479650 0.283313 0.213710
-0.442832 0.133325 -1.593393
0.153593 0.331380 2.749311
0.242784 0.175510 2.337293
0.252265 0.152470 -2.358430
0.196883 -0.201483 -1.893655
0.309958 0.186356 0.593022
-0.428862 0.248682 1.848644
0.232556 0.400587 -0.441132
-0.142188 0.355754 0.237423
0.403997 -0.099758 1.999087
-0.097318 0.486457 0.387062
0.257511 -0.285037 0.435867
0.423432 0.030226 -2.919602
0.497022 0.161010 -0.708630
0.353024 0.479749 0.297569
0.090232 -0.154525 0.908867
0.265745 -0.020954 -0.157548
-0.190965 -0.427321 2.442566
-0.317000 0.116094 0.559321
-0.073431 -0.046765 -0.114399
-0.051532 0.285195 2.710180
-0.267041 -0.297425 -0.013388
0.383072 -0.448914 -0.557118
-0.144290 -0.017300 2.797963
0.073099 0.079387 -3.084835
-0.153073 0.188378 -1.372792
0.104309 -0.205373 -0.116513
-0.317411 0.361949 -1.612950
0.327003 0.148514 -1.586130
-0.457393 -0.276475 2.544246
-0.328153 -0.024412 -3.111681
0.229659 0.174831 1.737914
0.230326 0.227985 -2.661005
0.159575 -0.225721 1.431653
0.475206 -0.011431 -0.683367
0.287541 -0.360134 0.372283
0.012334 0.430042 -1.061835
-0.273164 0.048126 2.793472
0.341584 -0.491039 0.114833
0.307849 0.351644 -0.586517
0.386475 0.017654 0.088178
-0.298714 -0.465343 -0.269672
0.411276 0.086234 -2.704934
-0.338970 0.086798 1.133180
0.269696 0.325701 -1.173237
-0.402661 0.104596 -0.350201
-0.373671 0.421089 -2.154833
0.025292 -0.117859 -1.921539
-0.275059 -0.094472 0.394296
0.442458 0.301777 -1.546720
-0.052229 -0.345004 -2.676214
-0.454629 0.138068 -0.174446
0.131891 -0.021652 -2.505682
-0.115665 0.269224 -1.522732
0.482755 0.487853 2.029313
-0.350432 0.397720 1.979744
0.413955 0.196559 2.977871
0.422610 0.166881 -1.702074
0.273949 0.431055 1.320852
-0.080934 0.064940 1.950099
-0.365628 0.325022 2.562126
0.022139 0.142448 -1.743231
0.314570 -0.439366 -2.540323
-0.145741 -0.094701 -0.567356
-0.056777 0.069825 2.110361
0.399722 0.100516 -0.726900
0.401187 0.443817 2.037002
-0.024171 -0.356283 1.211667
-0.221517 -0.471490 -1.268655
-0.095788 -0.459199 -2.822727
0.095046 -0.148179 0.634468
-0.243740 0.098657 2.184244
-0.158403 -0.177783 0.805105
0.117530 0.207502 0.546292
0.186343 -0.201567 -3.121487
0.470370 0.432008 2.789576
-0.014971 -0.339223 -0.078095
0.105297 -0.294925 -1.498846
0.016246 -0.070267 1.472209
-0.190205 0.364802 -0.640860
-0.469192 0.006618 -2.033708
0.364404 -0.484615 -1.797077
-0.328677 0.455278 0.693662
0.252089 -0.407992 2.296613
-0.268946 -0.121146 0.599726
-0.462019 0.071711 -1.996437
0.279883 0.008916 1.112259
-0.479244 0.467712 -0.086062
-0.035945 0.263649 1.532492
-0.125239 -0.476151 2.536862
0.143043 0.200589 -0.760289
0.282858 -0.039049 2.054808
-0.440095 -0.450136 0.333046
-0.373905 0.392090 0.928194
0.259726 0.452491 -3.082751
0.276527 -0.402780 -0.611177
-0.149009 0.286814 2.605299
0.390696 -0.181243 2.760420
0.163128 0.455629 -2.771816
-0.243067 0.269391 1.122512
0.362421 0.228637 0.722743
-0.380902 0.433992 2.440846
-0.078765 -0.275138 1.360539
0.317959 0.409569 1.126261
0.353227 -0.470739 -2.923223
0.243105 -0.355181 2.958358
0.129716 0.425488 -2.773500
0.222116 -0.434910 2.565900
0.074244 0.322404 0.986950
0.005818 -0.162602 1.668365
-0.476604 -0.276115 -2.711596
0.005231 -0.437962 1.129611
0.148388 -0.160206 -0.159230
0.490521 0.213655 -1.613106
-0.175580 0.372910 -0.771691
0.028940 -0.359524 -0.463551
0.353484 0.443660 0.298216
0.262245 0.398005 0.494399
-0.172757 -0.204325 0.597735
0.476227 -0.141447 1.950180
-0.005873 -0.078816 -0.613775
0.159303 -0.095362 1.644842
0.167583 -0.057539 2.486494
-0.184278 0.070453 -2.472997
-0.016732 0.263174 2.723014
-0.294699 0.065069 -0.544385
-0.211267 0.413963 3.063156
0.153312 -0.449977 0.976635
-0.126456 -0.383144 -1.755452
-0.482263 -0.222301 -3.092898
-0.175857 0.429345 2.885558
0.259075 -0.294926 -1.939336
-0.252554 0.390189 -1.782421
-0.018348 -0.254505 -2.097806
-0.264006 -0.404902 -0.518031
0.054799 -0.404867 -2.459458
0.096232 -0.310774 -0.620769
0.429494 -0.065633 0.339783
0.049292 -0.197257 0.343838
-0.292314 -0.305797 2.478124
-0.015690 -0.108827 1.160519
-0.266521 -0.076187 2.691138
-0.297364 -0.300937 -2.717905
-0.286153 0.203142 -0.791633
0.125038 -0.202490 -0.120824
0.370906 0.257083 2.101627
0.346857 0.421166 1.622940
0.144299 0.248174 1.126320
-0.365956 0.473812 2.851800
0.091614 -0.043350 -0.315424
0.432130 0.346392 2.658565
0.125458 0.189530 -2.494258
0.302759 -0.033805 -1.522536
0.329793 0.414162 0.974964
0.481709 -0.371826 -0.058260
