-0.172668 0.345384 2.699750
0.059384 -0.094562 2.259436
-0.201010 0.314047 -1.377582
-0.154495 -0.295212 -0.449940
0.265294 0.459518 1.069564
0.160690 0.136287 0.675911
-0.391440 -0.004850 -3.127680
0.321578 0.299776 0.568724
-0.243734 -0.445310 1.643028
-0.469686 -0.258815 1.324161
-0.127369 -0.165423 -0.385338
0.035859 -0.362441 1.141632
-0.292498 -0.255692 -1.112074
0.126650 0.054577 1.054323
-0.332411 0.005394 1.249169
0.110869 -0.069426 -2.513891
-0.436305 -0.053711 -2.598098
-0.391209 0.318996 2.017933
0.246526 0.055844 -2.281137
0.302825 -0.088081 -0.478964
-0.174839 0.052984 -2.665552
-0.037961 0.104576 -0.723887
-0.086176 0.228683 2.075185
-0.476739 -0.229685 -1.035930
0.479517 0.358579 0.074890
0.164728 0.430867 -0.284160
-0.288970 -0.195998 1.749349
-0.360079 -0.179234 -2.732927
0.446288 0.272327 0.029754
-0.401995 0.033048 -2.242975
0.308859 -0.352893 2.294700
-0.215746 0.008849 0.935257
0.012179 0.311166 -2.749562
0.428731 0.212061 2.092310
-0.099117 0.070518 2.644401
0.176632 0.376797 -1.825614
0.053367 0.485473 2.067441
-0.274393 0.390474 1.858569
0.152465 0.414082 1.724435
-0.292643 0.391655 -2.122127
-0.128457 0.385960 -1.359329
-0.228765 -0.400201 -0.777676
-0.378207 -0.284505 -0.443829
-0.188113 -0.079307 -1.203739
0.128563 0.270768 -1.534366
-0.151606 -0.187454 -1.793133
-0.124985 0.265663 1.946234
0.407304 -0.079824 -0.852349
0.080922 0.007115 -1.531202
-0.465662 0.155371 -0.993370
-0.474276 -0.420858 0.095979
-0.218265 0.490576 2.870124
-0.044077 -0.315578 1.545854
-0.413051 0.216020 -1.220889
0.228339 -0.468933 1.087743
-0.085808 -0.160087 -0.614550
0.206067 0.084963 1.247856
-0.350555 -0.368134 0.455579
0.484089 -0.444903 2.500939
-0.084126 0.205634 0.973250
-0.064511 -0.319682 2.629830
0.243138 0.276290 -0.898187
0.189130 0.248010 -1.405479
-0.405546 -0.260436 1.611711
-0.407973 0.301935 -0.958289
0.481613 -0.358346 1.475824
0.349016 0.095773 -2.150512
-0.072322 -0.207091 -1.234122
-0.073448 0.184168 -2.914140
-0.499456 0.238742 -0.743132
0.478447 -0.245406 -2.241030
-0.232005 -0.179120 -3.049053
-0.451061 0.363418 -1.100792
0.496698 -0.240056 -1.982296
0.468123 -0.130835 -1.641800
0.280227 -0.120498 0.966567
-0.345510 -0.078526 -1.868642
0.332519 -0.037392 2.038328
0.124807 -0.002570 2.022219
-0.092182 0.450214 -2.609124
-0.089461 -0.004621 -1.177830
-0.333700 -0.172512 -2.078677
0.208178 -0.442113 -0.090607
-0.055131 0.437095 1.271132
0.480818 -0.331454 0.308268
-0.120063 -0.451670 -2.488902
0.470727 -0.213265 -1.433309
-0.222639 0.497381 2.276591
-0.291019 0.156031 -2.973788
0.392889 0.329027 -1.905373
-0.410779 -0.187360 -0.646454
-0.111348 0.346089 -0.624213
-0.219351 -0.223676 -2.892772
-0.197714 -0.073178 -3.035454
0.268430 0.370638 -0.141713
0.427849 0.314427 2.901005
-0.095034 0.296169 -0.396533
0.147541 -0.307091 -0.675465
-0.443181 -0.344561 -1.324487
0.305682 -0.339426 2.760192
0.367578 0.442418 -3.118121
-0.386672 -0.317159 -0.764583
0.412372 -0.219817 2.618948
-0.053651 0.265653 1.469332
-0.382705 -0.404313 -2.668959
-0.248733 -0.139246 -0.020081
-0.037734 -0.401624 -2.134038
0.213316 0.378284 -2.121226
-0.351804 -0.318499 -2.825488
-0.175263 0.292032 2.480737
0.323141 -0.424630 0.192652
-0.022691 -0.256306 2.920311
-0.086496 -0.093623 -2.574360
-0.346758 -0.341796 1.573773
-0.236471 -0.322319 -0.179280
-0.257717 -0.448944 1.561450
0.274071 0.039506 3.132062
-0.014028 -0.348608 -0.075718
0.418789 -0.471724 1.350509
-0.076645 0.454255 -2.276876
0.427177 0.419171 -1.946022
0.185636 -0.049583 -1.008353
0.311268 -0.240359 -0.240605
0.467952 0.069619 -0.180746
0.090171 -0.126348 3.109476
0.183139 0.156704 0.391122
0.003447 -0.093865 -0.142610
-0.058723 -0.496078 -1.111136
-0.194186 0.234205 2.977236
0.140236 0.229079 -0.936703
-0.340988 0.259571 -1.043292
-0.076990 0.229152 1.399314
0.171715 0.331719 -2.494570
-0.309018 -0.198513 -1.195318
-0.311941 -0.127682 -1.032970
-0.484876 -0.417033 2.147577
-0.113583 -0.094659 2.962937
0.381307 -0.169896 0.128680
-0.031691 -0.243227 -1.656777
0.008952 0.304339 2.640888
-0.266140 0.232660 -0.182040
-0.344110 -0.072601 1.207776
0.191712 -0.400913 1.993736
0.061662 -0.029700 -0.125818
0.462835 0.202783 -0.269592
-0.075385 0.207810 1.401491
-0.322654 0.142344 -1.950492
0.217754 0.229398 -0.869829
-0.220608 0.207508 1.975851
-0.281847 -0.196290 -2.018117
0.278404 0.442600 0.488410
-0.178599 -0.273166 -0.290496
0.107238 0.451877 -1.885295
-0.151115 -0.075680 -0.330133
0.279895 0.300609 2.256337
-0.431408 0.380679 1.746088
-0.226209 -0.394076 0.384683
0.359077 -0.136641 2.320052
-0.282426 0.029834 -0.031946
-0.443042 0.192071 2.056320
-0.289058 -0.498284 2.864063
-0.276990 0.186265 -0.307005
0.108562 0.330577 2.368729
-0.185591 0.034026 -2.272679
0.391397 0.123661 1.563496
-0.074913 -0.037689 1.247125
0.165625 0.355403 -0.057992
0.131382 0.443575 -2.615660
-0.299928 0.341195 -1.454360
0.131803 0.339014 -1.699682
-0.270599 -0.369539 3.053485
0.427509 -0.077921 -0.501020
-0.320090 -0.289324 -2.671561
-0.186350 -0.489774 2.022377
0.305339 0.108256 -2.427574
0.350736 -0.480046 3.085173
-0.474202 0.008615 -0.017311
-0.376147 0.198685 -0.506782
0.453690 -0.087201 2.229383
-0.127608 -0.109521 -2.978760
0.065300 -0.381048 1.207679
0.244407 0.143575 -2.631560
0.167660 -0.188699 3.071437
0.282098 -0.181715 -1.424505
0.178272 0.031853 2.127056
0.007527 0.066467 -0.837496
-0.280928 -0.254628 -3.070293
-0.292271 0.395147 -2.107344
0.451510 0.284641 -2.550223
-0.439392 -0.164639 -1.071754
0.069658 -0.347716 -3.057590
0.228556 0.249564 0.948751
0.368646 -0.494442 -0.577823
0.282317 -0.157840 -1.149133
0.110020 0.074448 1.341197
0.227745 0.448754 -1.142151
0.246519 0.228333 0.809073
-0.077128 -0.450555 0.740326
-0.424225 -0.433467 -3.050059
0.372537 -0.298893 0.024740
0.102445 0.110915 0.041804
-0.219425 0.049141 -1.585698
-0.475019 0.066493 2.301970
-0.152697 0.251076 -1.633392
-0.343652 -0.025515 -0.630206
-0.235103 0.029158 -1.044743
-0.343746 0.297505 0.828337
-0.088082 0.237881 -0.255243
-0.078532 -0.257935 0.947664
-0.021963 -0.053078 -0.400491
0.391077 0.455381 -0.753474
0.319899 -0.181634 -1.240226
0.186464 0.042038 -1.930012
0.275587 0.122534 2.337847
-0.158752 0.471315 1.052326
-0.016176 -0.224019 0.248476
-0.459276 0.232549 -1.447679
-0.095097 -0.467650 -0.394520
0.040299 0.182842 1.640297
0.118633 0.103420 2.772562
-0.337511 -0.240717 -0.461253
-0.227817 -0.253015 1.296294
0.149480 0.353500 -2.450690
-0.377574 0.106957 -0.835368
-0.427252 -0.275540 3.092874
0.296610 0.026060 0.806406
0.434242 -0.392002 0.346852
0.337854 0.380916 -1.600617
-0.273970 0.309717 -0.050266
-0.011740 0.366410 2.596756
-0.219096 0.425510 1.793049
0.215363 0.241108 1.467269
0.272091 -0.376236 -3.012546
0.146216 0.023380 -2.051987
0.087268 0.183802 0.447020
-0.287645 0.428356 0.615591
-0.229445 -0.416853 -2.658613
-0.191058 0.441474 2.412582
0.068931 0.183747 2.489130
-0.254716 0.377029 -1.830070
-0.246542 -0.117725 0.252119
-0.441650 -0.143070 1.150393
0.406736 -0.354628 -1.529057
0.326244 0.054793 -2.276458
0.091316 0.102667 2.021357
0.326389 0.457744 -2.743230
0.111750 0.346142 -2.912399
-0.423555 0.281754 0.670966
-0.245435 0.157070 0.697948
0.340769 0.275742 1.554101
0.100872 0.338632 -1.620000
-0.396069 -0.017754 1.580706
0.277340 0.047197 -3.130618
0.223720 0.155358 0.693810
0.448421 -0.442180 1.932291
-0.139889 -0.127429 -0.466910
0.287731 0.059471 -1.240101
0.243273 -0.455557 0.035004
0.229537 0.181391 -0.158408
0.343466 0.359708 1.907332
-0.398626 -0.263475 0.928752
-0.149201 -0.191691 0.375773
0.374712 -0.259824 -0.664935
0.091728 0.279453 1.416106
0.308061 0.289185 -0.533250
-0.334765 -0.496580 2.948227
0.291418 0.398461 1.682127
-0.278619 -0.048284 1.021679
0.306729 -0.125925 1.939575
0.324126 -0.065622 -2.373634
0.213164 -0.310953 -1.382308
0.396693 -0.080026 -0.920704
-0.058324 0.334611 -2.478892
-0.074168 -0.072116 -1.560710
-0.126478 -0.432152 -3.068874
-0.342471 -0.364590 -1.731964
0.496030 0.262410 -2.809561
-0.001020 -0.259071 -2.979820
0.133454 0.057045 -3.119725
-0.021557 -0.015662 1.812789
-0.130053 0.169583 -0.465956
-0.427813 -0.334387 -2.900190
0.116725 -0.342480 -0.845201
-0.322508 -0.298368 -0.420019
-0.363457 0.471638 0.324683
-0.335511 -0.153070 -0.909079
0.120712 0.222124 -0.673976
0.281583 0.391348 1.858249
-0.070320 -0.010735 2.002948
0.414609 -0.270998 -0.572891
0.260449 0.086311 -1.758090
-0.350313 -0.307878 1.290398
-0.052370 -0.387966 -2.451146
-0.419337 0.262195 1.289485
-0.168658 0.487375 2.550772
0.265253 -0.384768 -0.305454
0.405513 0.083144 0.719231
0.468847 -0.233450 1.147951
0.197895 -0.391368 -1.006088
-0.225024 0.131044 -2.311363
0.438634 -0.402216 0.497530
0.338315 -0.225366 -2.492257
0.044590 0.083971 -0.934191
0.253411 0.248584 1.417408
0.017931 -0.401540 -0.120339
0.164786 0.256486 3.015241
0.333928 -0.254077 -2.269550
-0.218264 -0.396407 1.930712
-0.459211 -0.067683 -0.244435
-0.384684 0.000214 2.200270
-0.233858 -0.136717 -2.780902
0.256653 -0.185120 0.268491
-0.015951 0.230693 -2.807497
-0.373753 -0.311380 0.555614
-0.106584 0.190743 -2.102363
-0.409261 -0.044262 -1.201870
0.024458 0.244906 -2.144165
-0.138277 0.324223 0.442718
0.485297 0.158987 1.358758
-0.323949 -0.261226 -1.237618
0.248568 -0.092873 -2.745995
-0.323572 0.377080 1.028640
0.128429 0.425646 -2.347606
-0.154068 0.258075 0.223450
0.129221 -0.060426 2.576287
0.234650 0.229107 1.125902
0.276274 0.215219 -0.701953
0.167845 0.422955 0.061154
-0.212585 0.216085 2.176095
-0.155609 -0.475017 -0.193160
0.265200 0.112710 1.112820
-0.017106 -0.150859 -0.380569
0.219349 -0.289272 0.190058
-0.188614 0.223419 0.712798
0.373305 -0.122159 -0.490026
-0.386455 0.302287 -1.029829
0.354633 -0.446816 0.917871
-0.233283 0.269576 0.127108
-0.475154 -0.234402 -1.714915
-0.144302 0.169805 -2.652953
-0.054638 -0.434599 -0.358144
0.498589 0.261665 1.877254
-0.402804 -0.482911 -0.457277
0.037321 0.123132 -1.132233
-0.310990 0.232041 -1.188573
-0.398655 0.311253 2.621338
-0.453936 -0.374229 0.321853
-0.213500 0.256678 2.971084
-0.376767 0.414391 1.734004
0.098981 -0.466129 -1.050180
0.376634 0.039637 0.032128
0.089418 0.162162 2.643031
-0.464967 0.349508 1.462272
0.023081 0.437277 -1.665735
-0.346815 0.403592 -0.665372
-0.048588 0.495245 2.205415
0.222268 -0.122382 2.422862
-0.352362 -0.304987 2.630527
-0.399487 -0.077367 1.321197
0.459496 0.006809 -2.444116
0.184368 -0.096422 1.435874
-0.087855 -0.243037 0.545474
-0.224830 0.011267 0.740981
-0.074040 -0.117452 2.887923
-0.251824 0.002589 0.463562
-0.094295 -0.472225 -1.928672
-0.223203 0.341934 2.293850
-0.260195 0.154288 1.770215
0.249113 -0.302727 -1.483081
0.406943 -0.484526 1.058035
-0.086791 -0.438851 -0.227474
0.181983 -0.349911 -1.526873
0.234309 0.243861 1.045057
-0.334464 -0.390417 2.059568
-0.010486 0.176703 2.562036
0.086036 -0.075824 -2.596197
0.343445 -0.331957 -0.779188
-0.408197 0.158752 -1.108554
-0.496788 0.158056 -2.616686
-0.385285 -0.005896 1.045784
0.127330 -0.415269 1.316860
0.438024 0.419600 2.160643
-0.398908 0.066384 0.358231
0.348325 0.005833 1.871769
-0.468571 0.422081 -2.488597
0.404871 -0.337486 2.529655
0.239690 -0.370889 0.727273
0.240918 -0.037434 0.105123
-0.077134 0.176728 2.691494
0.365866 -0.294791 -0.815808
-0.003295 0.041905 3.116613
-0.480971 -0.279063 -1.114100
-0.387444 0.283907 2.927165
0.164465 0.379167 -2.739805
0.218639 0.346151 1.645270
0.156282 0.213122 -2.456151
-0.133429 0.463530 -1.152892
0.250919 -0.313957 -0.307562
-0.295834 0.232463 -0.535430
0.456996 0.175747 -2.696915
