-0.290360 -0.350237 0.505558
0.187126 0.382346 -0.743048
-0.440595 0.210408 -1.577969
-0.309310 0.163167 -1.266695
-0.067099 -0.342699 0.605073
0.147125 -0.431140 0.836237
0.422473 -0.018628 2.365700
-0.182596 0.175959 1.986206
-0.013912 0.361980 0.034594
-0.410796 -0.142723 2.636817
0.237072 0.321142 1.313330
-0.028363 0.181380 -1.162384
0.481733 0.314129 -1.196898
-0.093417 -0.424143 -0.240318
-0.170782 -0.192785 1.889173
-0.411994 0.413119 -1.448524
-0.439301 0.032456 2.239456
0.007661 -0.251625 -1.595179
-0.352291 0.012076 1.723318
0.190176 -0.202535 -0.497002
-0.112204 -0.285722 1.449601
-0.255227 0.425579 -0.827959
-0.233536 -0.218584 1.614945
-0.011501 -0.089484 0.130434
0.185105 -0.010141 1.631565
-0.433078 0.215628 -2.619092
-0.441486 -0.222160 -1.293561
-0.103226 -0.082769 0.924953
0.063187 0.256953 -0.506513
0.207677 -0.144199 -0.020529
-0.436640 0.169376 -2.609323
0.427401 0.164909 -1.111320
-0.127225 -0.091321 1.569345
-0.140772 0.149600 -2.395045
-0.198122 0.167894 -1.886099
0.207260 0.208917 -1.518493
0.194087 -0.396703 2.486439
-0.432359 0.025018 2.060122
0.422797 -0.379335 -0.013303
0.086876 -0.051026 2.628136
-0.311501 0.122177 -0.894874
-0.055867 -0.106910 1.070073
0.411033 -0.197441 -0.205781
-0.488232 0.092973 -2.973067
-0.054910 -0.429239 -1.199310
-0.055068 -0.126299 0.330309
-0.268082 0.233345 1.424759
-0.041724 0.010241 2.560366
-0.184295 0.302409 1.788088
-0.079271 0.147930 -1.501218
-0.310585 -0.380237 -2.123363
-0.299413 -0.394900 -2.447541
0.226775 -0.340517 -0.006075
-0.238935 -0.463870 -1.844566
0.037771 0.263874 -2.654072
0.059275 -0.153947 1.444944
0.423079 -0.150194 -0.696816
0.466945 -0.099668 0.922075
0.070145 0.079898 -1.021139
-0.015680 0.179973 -0.315973
0.044144 0.290553 2.578616
-0.061741 -0.097170 1.623315
-0.321281 0.233304 -1.325413
0.205666 0.332453 -2.100522
0.005893 -0.145187 1.739248
0.258689 -0.404079 2.546430
-0.399682 0.140605 0.573389
-0.045826 0.413252 -0.451606
-0.304215 0.186236 1.005881
-0.169536 0.106396 1.417755
-0.172278 -0.022966 2.889906
0.084197 0.300063 0.356691
0.070954 0.390038 0.641349
0.295061 0.147046 1.653396
0.214142 -0.491176 1.108720
0.222809 0.403512 0.027868
0.356420 -0.254437 -1.434922
-0.166524 0.170980 2.026435
0.277195 0.231996 1.731488
0.322537 0.093717 2.662210
-0.337158 -0.460933 -2.727790
0.399855 -0.112918 0.063487
-0.451118 0.093162 0.440137
-0.165882 0.312915 0.753356
0.044035 -0.299223 2.183749
0.436830 -0.052468 -2.738853
-0.432897 0.310308 1.156111
-0.296681 -0.242415 -2.376350
-0.042994 -0.061824 -2.274019
-0.176206 -0.054976 -0.461528
-0.222057 0.414455 -0.205805
0.358169 -0.032663 1.094217
0.091030 0.224793 0.335610
-0.392457 -0.291166 -1.679084
0.495655 -0.156781 0.380243
-0.028842 0.338048 2.358178
0.248589 -0.014306 -0.654388
-0.155346 -0.250248 -1.172155
-0.411401 -0.482922 -2.778514
0.076379 -0.168624 1.799808
-0.085677 -0.073394 1.247181
-0.049272 0.170773 -0.559534
0.194638 0.389304 -2.432033
-0.288416 -0.252266 0.917958
-0.107426 -0.446309 -0.567399
-0.390027 -0.198975 0.115628
-0.076082 0.481971 2.113567
0.270216 0.492961 3.011869
0.386786 0.074066 0.458731
0.459422 0.353330 1.530546
0.219123 -0.355617 2.429466
-0.179951 -0.330970 1.349299
-0.001528 -0.198878 0.839535
-0.441994 0.360650 -2.632417
-0.456447 -0.137668 1.742969
0.466777 0.117999 1.330949
-0.480388 -0.372572 0.536242
-0.293117 -0.067189 0.899976
-0.470750 -0.298379 0.801445
0.274789 0.322655 -1.966929
-0.092562 -0.211882 1.848480
0.069512 -0.233657 0.495853
-0.294805 -0.275228 2.525068
-0.280904 0.101496 -0.121794
0.428094 0.372562 0.255759
0.204237 0.467107 -2.513854
-0.280187 -0.308676 0.424518
-0.122558 -0.132292 2.362736
0.033424 0.302847 -3.136523
-0.235756 -0.124433 -1.180945
0.384358 0.126243 0.715840
-0.241645 0.337374 -0.188056
-0.295922 -0.074212 -3.137932
0.335455 0.460285 -1.449332
0.416621 -0.261102 0.863840
-0.045420 0.332533 -1.820056
0.032715 0.136134 -0.411727
-0.227069 0.232961 2.537726
0.284538 0.278080 0.162772
0.291866 -0.382794 2.648780
-0.359636 -0.384038 -2.097406
-0.289224 0.250981 0.259300
-0.187593 -0.134634 -0.875434
-0.133774 -0.496739 0.501979
0.256331 0.081757 -1.012496
0.219602 -0.202340 0.346632
0.400914 0.397238 0.999156
-0.408963 -0.268749 -2.096308
-0.265634 0.210142 0.248131
0.417229 0.103151 0.661705
0.163646 -0.041168 0.666044
-0.192938 0.176533 -2.193999
0.456665 0.234005 2.309488
-0.451868 -0.005468 2.841220
0.466564 -0.354307 1.990582
-0.388252 -0.257317 0.449156
0.094634 -0.325724 -3.048777
-0.466395 0.224804 -2.951270
0.410610 0.069765 1.258492
-0.357738 -0.394493 -0.573123
-0.216380 -0.430010 -2.603198
-0.215273 -0.026545 1.660493
0.011675 0.109153 -0.564512
-0.025828 0.448868 -2.053455
0.497329 0.181168 3.070783
0.087701 0.251978 1.266661
0.241314 -0.099745 0.017200
0.312524 0.240698 -2.499792
0.025661 -0.202826 1.467135
-0.484412 0.325223 -1.483037
0.168250 -0.210531 -0.870768
0.220672 -0.316118 -1.639481
-0.164394 -0.173373 -1.506851
-0.395197 0.074592 0.607383
0.083649 -0.390723 -2.879262
-0.411501 -0.265944 -2.225223
-0.426996 0.210539 -1.849715
-0.094294 -0.062929 2.211315
-0.090723 -0.194451 -1.051999
0.169383 -0.458187 -2.015103
-0.102274 0.023642 2.682083
-0.290766 -0.184870 0.888402
-0.267780 -0.122213 1.281546
0.016216 0.352808 2.674517
-0.335363 0.304156 2.368989
0.062286 0.142448 0.299157
-0.086704 -0.410884 2.494177
-0.154464 0.153394 1.953915
0.476390 -0.380276 -2.951397
-0.405890 0.112643 -2.307415
0.098586 -0.361464 -0.575973
-0.057566 0.345693 0.313268
-0.407486 0.175641 2.495237
0.456597 0.233371 -0.149575
0.147281 0.397311 -2.134972
0.184352 -0.227698 1.468153
0.213664 -0.136326 -0.273736
-0.141405 0.100353 2.160607
-0.144395 0.181910 -2.535076
0.481180 -0.481614 -2.171324
-0.148400 -0.444429 -2.923780
-0.226751 0.350841 -0.926621
0.498394 0.092835 0.727813
-0.354263 0.072443 -1.374802
0.064446 -0.383418 -3.082717
-0.466058 -0.213189 2.399872
0.112965 -0.447633 -3.021253
-0.350236 0.208859 -2.826060
-0.465822 -0.263068 -0.562491
0.417008 0.044626 2.989292
0.066006 0.429956 -0.275574
0.301253 -0.469272 -2.706604
0.169069 0.490918 1.305549
0.372311 -0.238579 0.977043
0.401688 0.180813 -2.559221
-0.270034 -0.087809 2.780815
0.370554 0.197655 -3.068887
0.360246 0.377975 1.849579
-0.494175 -0.190789 -2.046633
0.430413 0.315478 -2.969531
-0.010689 0.125879 -0.598621
0.413565 0.394084 -1.157910
-0.386904 -0.423662 0.857909
0.278801 0.276708 -2.345068
0.425891 0.023721 2.004327
-0.429302 -0.305518 -2.292633
-0.498955 -0.137587 1.553453
-0.339109 0.316309 0.999961
-0.224063 -0.089468 2.952516
0.304178 -0.001768 1.373276
-0.111895 -0.141994 1.596329
0.307068 0.328453 2.912563
-0.159023 0.319299 1.072266
0.261274 0.174029 2.397155
-0.314068 -0.175398 -1.358915
0.437307 -0.051202 -2.935819
-0.315873 -0.283615 -0.850928
0.025972 -0.327322 -1.391698
-0.162394 0.168091 0.186858
-0.225266 0.112174 1.114669
0.128064 0.451233 -0.436785
0.393524 -0.472548 -2.196550
-0.484736 0.350515 -2.441066
0.189547 -0.240816 0.168655
-0.292805 -0.312106 2.403038
0.036000 0.229295 -0.403755
0.207421 -0.067818 2.278114
0.242644 -0.222065 -0.187252
-0.117310 -0.299595 1.790041
0.126781 0.170702 -2.309489
-0.075904 0.346885 2.203752
-0.262600 -0.492966 2.873908
-0.290318 -0.405623 2.208801
0.123458 -0.295339 -0.558190
-0.160380 -0.494868 -3.091364
-0.013114 -0.389901 -0.840650
-0.124497 0.114188 2.426378
0.066183 -0.097886 1.472915
-0.326457 0.057639 -1.500563
-0.095780 0.356835 0.030774
0.174021 0.481067 1.063396
0.196894 0.184144 -1.902457
-0.145380 -0.405465 -1.120075
-0.476861 -0.383927 -2.577651
0.190204 0.487119 2.585347
-0.455582 -0.096550 1.451780
-0.483603 0.355138 -2.522544
-0.199506 -0.034694 2.022404
0.245872 0.296151 -1.767219
-0.060817 0.410747 -0.525564
-0.292560 -0.148763 2.938637
0.487779 0.094125 2.256978
0.352785 -0.414604 -0.576346
0.049329 -0.018033 0.371612
0.065354 0.473323 1.691147
0.098497 0.446304 -2.498085
-0.385294 0.408133 -2.131395
0.287609 0.357631 0.613798
-0.415214 -0.184374 -3.115674
-0.362012 -0.127336 -1.253021
0.380645 0.181384 0.471011
0.350925 -0.489575 1.186366
0.452009 -0.202906 2.259951
-0.115695 0.131558 -0.860623
-0.475414 -0.285596 -0.723135
-0.213224 0.046589 1.077169
-0.472253 0.446276 1.116967
-0.163073 0.302215 -2.735279
0.448826 -0.280529 -0.651766
0.170468 -0.231929 1.949373
-0.348601 0.467436 -2.477079
-0.321480 0.335055 1.182447
-0.396367 -0.366421 0.503400
-0.316408 0.152070 0.179317
-0.387764 0.407014 2.061620
0.169711 -0.294586 2.411245
0.488283 0.389201 -1.031630
-0.052659 -0.019254 1.901145
0.255340 0.370868 -0.676355
0.330670 0.297815 0.796975
0.216743 -0.320380 -1.748652
-0.024425 -0.478045 1.093780
0.216546 -0.370498 2.553671
-0.046135 0.176522 3.076727
0.096275 -0.022266 2.713290
0.120397 -0.171865 1.538759
0.400073 0.079511 -2.261911
-0.011877 -0.485110 2.591733
-0.390833 -0.189645 1.704128
-0.308690 -0.487921 1.639217
0.444802 0.017795 -1.602503
0.252175 0.270936 -2.744968
0.369955 -0.210198 -1.879735
-0.454519 0.290506 -2.851226
0.447873 -0.189729 -2.513327
0.232264 0.219310 0.511807
-0.444671 0.162346 2.517093
-0.327950 -0.026917 2.858994
-0.050591 -0.122733 2.154542
0.189989 0.162433 -1.623037
-0.254099 0.115781 2.491879
-0.147969 0.475339 2.542095
0.227077 -0.242723 0.561159
-0.113124 0.288948 -1.736687
-0.110784 0.408584 -3.107765
-0.163740 -0.410450 0.396985
0.300706 0.463155 0.563391
0.163127 0.449758 -2.457379
0.471142 0.391394 -0.494384
0.432297 0.077334 1.265833
0.162949 -0.463168 2.027977
-0.333190 0.069018 -0.468228
0.393300 -0.027546 2.882922
0.368585 0.125241 -1.035148
-0.451306 -0.154128 1.056277
0.236325 -0.266435 -3.123950
-0.200174 0.193443 2.039786
-0.079653 0.236726 -2.623513
0.469198 -0.278084 2.927321
0.436242 0.039828 0.721455
0.230806 -0.156501 1.171321
-0.432142 0.253336 -1.783813
-0.473121 -0.388502 -1.065022
0.016580 0.392987 3.035374
0.300002 -0.171455 2.298546
-0.362019 -0.443185 -1.871969
-0.346175 0.484798 1.040199
-0.230524 0.444354 -1.253704
-0.111710 -0.225291 1.185640
-0.012692 -0.013507 -1.022016
-0.377068 0.008553 -2.650556
-0.321933 0.010296 2.958951
0.163305 -0.437055 -2.168233
0.343714 0.097542 1.717439
-0.233186 0.481214 -3.100946
0.475881 -0.263027 2.438958
0.495235 0.364174 -0.576931
-0.149253 0.206795 1.703821
0.194161 0.070213 1.210196
0.067033 0.436902 0.855199
-0.492600 -0.212610 -3.085913
0.325678 0.397663 -0.331289
0.255766 -0.168068 -1.838900
-0.067879 -0.424238 2.024406
0.463407 0.295968 -1.895680
-0.242911 -0.139625 -3.124919
-0.406152 -0.231274 3.049041
0.141583 0.444802 3.085629
-0.339459 -0.316308 0.906725
-0.214449 0.291049 -1.179061
0.430396 -0.011056 2.689602
0.128701 0.147307 -1.235531
-0.139875 0.212959 -1.906126
-0.499755 0.232274 3.028055
0.012431 -0.205919 0.727647
0.362979 -0.431368 1.239600
-0.455858 -0.094934 1.116138
0.350433 0.074284 -1.516558
-0.136056 -0.032997 -2.017876
-0.051226 -0.105091 -1.141478
-0.435188 0.070763 0.216301
-0.447743 0.370995 -2.234214
0.362453 -0.225020 -1.849944
0.401996 0.159558 -1.785585
-0.095699 -0.246866 2.214052
-0.132213 0.198766 1.394838
0.246728 0.039963 -1.910252
0.354441 0.005786 -0.082620
-0.143686 -0.265951 -2.755126
-0.306521 -0.403260 3.081801
0.046317 0.351918 -1.636633
0.496932 -0.070101 1.177085
-0.340335 -0.280794 -1.019498
0.071502 -0.361056 0.808125
0.214567 -0.397436 1.920881
-0.399482 0.019799 1.527590
0.274581 0.180348 -1.015837
-0.157455 0.189893 2.868525
0.409192 0.213413 -3.139529
-0.355520 -0.499563 0.875356
