-0.366405 0.339269 -0.997770
0.468676 -0.341959 1.522139
0.399442 0.295995 0.336710
0.108946 -0.327834 -1.583169
-0.145133 0.397716 2.276465
-0.292918 0.381476 -2.960344
-0.288510 0.441083 1.363848
-0.162261 -0.403788 0.392944
0.259349 0.359076 -1.431172
-0.104920 0.139899 -1.692334
-0.146911 0.438595 -1.193116
0.199592 0.229896 -0.968496
-0.394417 0.137517 2.463561
-0.184841 0.169906 3.037822
-0.082329 -0.414748 0.380169
-0.146679 0.185023 2.941135
-0.320184 -0.122312 -0.576848
-0.374129 -0.104137 -2.955470
0.150147 0.013436 -0.479713
-0.156190 -0.179794 0.365125
-0.459510 0.378836 2.496682
0.489666 0.335329 -0.451696
0.351632 0.480651 -2.042706
0.099510 0.161431 -1.213090
0.278858 -0.051703 -2.029472
0.048772 -0.296853 -1.791094
0.251285 -0.197717 -2.576200
-0.359510 0.260168 1.340940
0.227101 -0.403287 2.423538
0.445668 0.244183 2.484191
-0.344712 -0.033006 0.539028
-0.472270 -0.274486 2.276644
-0.285047 0.074671 -2.255333
0.463605 -0.077859 -2.279149
0.387728 -0.090506 2.325169
-0.228158 0.315120 -0.932343
-0.433458 0.216630 0.176561
-0.476787 -0.168399 -1.700004
0.130702 -0.424191 0.065186
0.411828 0.341212 -1.893007
0.402443 -0.432674 -0.612460
0.024878 0.309645 2.015996
0.494427 -0.260913 -3.105685
-0.037261 0.329445 0.509383
0.177471 -0.301477 -3.048273
-0.196568 -0.463823 1.093195
0.378749 0.070254 -1.392769
0.357387 0.199464 0.021043
0.308609 -0.057371 -1.642024
0.087627 0.278605 0.441808
-0.487964 -0.232920 0.955477
0.280339 -0.384042 1.064578
-0.201626 0.210539 1.472061
0.113617 0.480500 1.603308
-0.268770 0.250244 1.486983
0.496814 -0.427269 0.466751
-0.148848 0.078200 -0.593695
0.188909 0.046220 -1.726827
-0.318813 -0.350039 1.918792
0.386843 0.394143 1.429915
0.424526 0.014705 1.769951
-0.230844 0.223473 -1.915534
0.157650 -0.385086 1.806332
-0.315221 0.146034 -1.126056
0.193966 -0.463474 1.957536
0.227226 0.129777 -2.722374
0.163028 0.020145 -2.378771
-0.306049 0.007564 0.131365
-0.322109 -0.003123 -1.864798
0.074585 -0.319394 0.631914
0.439634 0.061448 0.473636
0.403479 -0.146225 -2.220805
0.422806 0.221817 -0.053150
0.180545 -0.337582 -1.600100
0.028827 -0.427473 0.315781
0.098154 0.397898 1.865899
-0.382828 -0.326471 -1.807643
-0.259455 -0.210484 2.528603
0.372144 -0.255026 1.109967
0.351197 -0.300625 2.253585
-0.106652 0.079679 1.975226
0.405055 0.486582 -1.520160
-0.422018 0.017218 -2.080538
-0.436733 -0.449468 3.049675
-0.021259 0.419363 -1.247164
-0.006204 -0.491498 1.375556
0.312585 0.176636 -1.196944
0.229225 0.077107 -2.920900
-0.194239 -0.318180 0.940214
0.266334 -0.176123 0.646929
0.051436 0.478872 2.051470
-0.111432 0.369099 -2.603686
0.019955 -0.350417 3.099702
0.232491 -0.203015 -1.427178
-0.319202 -0.126587 -0.707116
-0.066004 0.438883 -0.458807
0.159691 0.476547 2.414672
0.369667 0.346885 1.515484
0.071982 -0.014190 -1.382588
0.474381 -0.301675 1.472890
-0.243703 -0.261852 1.186520
0.157988 -0.078070 -2.713783
-0.259770 -0.382533 -2.762887
0.220291 0.369849 1.947494
-0.244335 0.220752 0.070547
0.362129 0.459377 1.667685
-0.089600 0.243751 2.098599
0.043514 0.128593 2.860928
0.008305 0.279101 0.668314
-0.038390 0.175336 1.356045
0.120456 -0.135522 2.411182
0.415670 0.388809 0.253946
-0.035751 -0.318952 -2.096749
-0.218437 -0.054741 -0.331865
0.286419 -0.149889 -0.557719
-0.394964 -0.396270 -1.276400
-0.459877 -0.447072 -0.825127
-0.389131 -0.130529 -0.628658
-0.499351 0.106321 -2.757845
0.444679 0.009525 0.227778
-0.391596 0.238980 -2.153781
0.109276 0.349606 0.678232
0.480597 -0.373032 1.500292
-0.421337 0.085652 -2.954261
-0.264203 0.230171 -1.359703
-0.161623 0.068210 -0.944785
-0.367511 0.388205 -1.310622
-0.110360 0.223980 1.453481
0.103014 0.471325 1.257267
0.317515 -0.161528 -1.929531
0.084652 0.241829 -2.153824
0.162745 0.210296 -1.258970
0.125540 0.307242 1.525866
-0.238252 0.253427 0.239425
0.006627 0.303164 3.030493
-0.445736 0.490765 3.130538
0.467626 0.357464 -0.375835
0.384722 0.209090 0.579817
-0.049005 0.327204 2.126412
-0.015689 -0.098131 2.966563
0.118642 0.056586 -1.848182
-0.145475 0.345970 2.611279
-0.214350 0.470519 -2.861235
0.096117 0.347417 -1.985011
-0.314078 0.141514 -0.539552
-0.348894 -0.364514 -2.753399
0.468002 -0.142602 -1.765465
-0.291573 -0.403009 1.174546
0.176665 0.320729 0.912955
0.259562 -0.499103 0.167169
-0.029891 -0.108992 2.833377
-0.308691 -0.446718 -3.049607
0.361376 0.291519 -0.086178
0.375347 0.318500 1.976699
0.431887 -0.495785 2.129140
0.336324 0.039277 1.448868
0.098321 -0.357246 -2.389730
-0.382337 -0.154450 2.437734
-0.104052 0.123638 -3.067354
0.384500 -0.418498 -2.387116
-0.248464 0.290524 -2.851076
0.004345 -0.209699 -0.882425
0.210608 0.019271 0.036282
0.037588 -0.386588 0.261384
-0.363004 -0.385413 0.579748
0.281478 0.483440 2.763253
0.312887 -0.438772 1.351347
-0.231457 -0.443602 -1.955565
-0.327144 0.140404 0.923597
-0.079227 -0.454184 -2.117631
-0.399012 0.036844 -2.193741
-0.389611 0.443648 1.027229
-0.436790 0.019452 2.692277
0.319369 -0.461726 2.333086
-0.015716 -0.102151 -1.215994
-0.018390 -0.315639 0.465043
0.025658 0.311113 -2.691382
-0.255635 0.114447 0.289073
0.100988 -0.191998 -1.237032
-0.118293 0.440667 -2.907278
-0.156540 0.290706 -2.825728
0.410691 -0.479820 1.713576
-0.139736 -0.319081 0.666366
0.480260 0.427354 2.682839
0.299754 -0.389335 2.851909
0.359976 -0.137405 -1.032918
-0.076830 0.181171 -2.718104
-0.271594 -0.179536 0.681749
-0.038279 -0.041094 -1.779063
-0.394741 0.212030 2.454183
-0.011182 0.125255 -1.343629
-0.091096 0.193069 1.467470
0.078517 0.012311 3.131433
-0.438601 -0.123215 -2.998716
-0.355698 -0.051613 -0.968948
0.276025 0.451848 0.427665
0.098362 -0.453796 0.402989
0.353333 0.149400 0.223781
-0.001658 -0.179692 -2.796826
0.375427 -0.097624 -1.693917
0.185962 0.235696 -0.545584
0.156858 -0.393494 -0.448993
-0.062610 0.156834 -3.103630
0.015174 -0.270665 2.379534
0.424126 -0.435474 2.484628
-0.269079 -0.265857 -1.028459
0.050737 0.057434 1.791148
-0.308659 -0.360545 1.283773
0.303093 0.107864 -1.241725
0.254319 -0.189594 3.044222
0.457525 -0.025438 2.604353
-0.036144 -0.472213 -2.185736
-0.484164 -0.245432 -2.194917
-0.129400 0.185598 1.964248
-0.032914 -0.290868 0.597238
-0.384968 -0.287087 2.820380
-0.037761 0.344757 0.838365
-0.304073 0.288148 0.957668
0.404541 -0.357101 -1.374443
0.171322 -0.228313 1.091459
-0.238953 -0.288783 1.209932
-0.272789 0.392489 -1.261421
0.369072 0.449622 2.139598
-0.162581 -0.402337 -2.539835
0.185575 -0.465302 -1.650200
-0.469276 0.281173 2.833167
-0.326867 0.096520 -0.464993
0.144903 -0.243213 0.281261
0.298462 -0.132779 2.404275
0.038776 0.233950 3.001201
-0.192711 0.484866 -2.968744
-0.448777 -0.309287 -1.825273
-0.027677 0.085700 0.144053
-0.166733 -0.120761 -2.812532
0.474802 -0.287230 -2.528467
-0.371704 0.024629 1.626809
-0.128959 -0.406966 0.181481
-0.374787 -0.243943 -1.712656
-0.260327 -0.136817 -2.931134
-0.282490 -0.178494 1.384662
0.362748 0.077415 -1.229681
0.270534 -0.472266 -0.434067
-0.140167 -0.360003 1.027489
0.165087 -0.435784 -2.538222
-0.158755 -0.091292 1.949141
-0.004436 0.218353 -2.743405
0.494955 -0.247171 -1.146966
-0.386751 0.421113 -0.493136
0.246682 -0.379686 0.579357
-0.288359 0.237382 0.241443
-0.070098 -0.450522 -1.611061
0.111789 0.496201 1.531600
0.458837 -0.197666 2.902356
0.170659 0.353915 -2.004260
-0.399982 -0.116988 -2.988207
0.303373 -0.492040 -2.167726
-0.308659 -0.163509 0.508784
-0.300911 -0.276700 2.579032
0.140095 0.121072 2.157685
-0.050876 0.497749 -2.215157
0.067418 -0.212969 -1.002882
0.185044 -0.051277 -1.268441
0.075407 -0.321538 -1.995163
-0.252068 0.343981 -2.172722
-0.150321 0.150959 0.306981
-0.088101 0.019763 -0.148671
-0.069087 0.446057 -0.327415
-0.148933 -0.096719 -2.667512
-0.093102 0.072114 -1.432018
0.474696 0.348313 2.118520
0.309060 0.352305 0.096858
0.418018 -0.486081 -1.434073
0.362323 -0.402528 -1.081692
0.496539 0.060714 0.023471
-0.371400 0.105699 -0.621002
0.222827 -0.364688 -0.342130
-0.209811 -0.412355 1.469072
0.096340 0.315509 -1.971820
-0.387683 0.470007 -0.843080
0.098501 0.209572 -2.913926
0.202635 -0.175013 -1.771664
-0.035363 -0.280401 2.049355
0.488554 -0.355459 2.519200
0.292263 0.220646 -1.331475
-0.488194 0.107331 -1.379884
0.451447 -0.198416 -2.178258
-0.335156 0.234256 0.495718
-0.393010 0.236311 -1.187184
0.132013 0.020796 0.509200
0.151566 0.005878 1.949749
0.471141 -0.025778 -2.732890
-0.235228 -0.456226 -1.266022
-0.061108 0.075199 -1.203426
-0.373065 -0.494279 -0.239448
-0.120929 -0.022101 2.135199
0.128456 0.042126 2.979774
0.105303 -0.287794 -2.923705
0.383315 0.353805 -2.454813
-0.239801 0.214717 -1.186368
0.322343 0.323942 3.075893
-0.481626 -0.321436 2.039550
0.077665 0.075716 0.138240
-0.238643 -0.234611 0.235209
-0.363383 -0.089155 -2.928732
0.318972 -0.493919 0.143666
-0.362816 0.489928 -3.043381
-0.128024 0.204433 0.746878
-0.156472 0.448767 2.558809
0.333729 -0.278132 1.527810
0.478465 -0.487452 3.029575
0.113435 0.105322 0.701704
0.275650 -0.268662 2.069417
0.325744 0.339068 2.073237
-0.374540 0.376613 -0.538450
0.449982 -0.124359 -1.036490
0.003457 0.341876 2.939965
0.055595 0.159213 -1.466647
0.454750 0.309197 -2.920440
0.312439 -0.130169 -0.987182
-0.157248 0.444011 -2.213942
-0.395493 -0.160884 -0.143453
-0.134242 -0.447297 -0.488657
-0.284205 -0.241594 1.440704
-0.202405 -0.489312 -1.490154
-0.260156 -0.380964 0.180897
0.377775 -0.157343 1.921736
-0.409247 -0.421922 1.253346
0.326494 -0.241599 2.057152
0.254141 -0.446876 -2.229482
0.224861 -0.140818 1.690977
0.183972 -0.461388 2.627502
-0.458777 -0.397439 -0.046961
-0.134806 -0.298826 1.096405
-0.477047 0.458704 -1.104633
0.066236 0.429268 -0.191733
0.339926 -0.367499 -1.471145
-0.209593 0.336022 2.868959
0.223931 0.139837 -2.253350
-0.497988 0.288486 -0.565384
0.466881 0.150261 0.629478
0.468059 0.393676 -2.923149
0.140765 0.427416 -0.080525
-0.427406 0.055802 -1.352036
0.100643 0.078993 -0.318374
0.293629 -0.382299 1.464431
0.238754 0.069310 1.668571
0.448437 -0.343575 -0.200800
0.312800 -0.099988 -0.355288
0.327668 0.215564 -1.302315
0.056863 0.494733 1.246796
0.047373 0.180955 0.135157
-0.363669 -0.164215 -1.228747
0.419776 -0.131497 1.660675
0.300797 -0.057099 0.164304
-0.098110 0.420291 -0.832362
0.158067 0.205227 -2.639619
0.135211 -0.316775 1.730568
0.209791 -0.387777 0.474492
0.308032 0.220766 -1.567716
0.328294 -0.492828 -0.847389
-0.088338 0.474258 1.302494
-0.100530 0.008426 2.328820
0.044595 -0.375056 -1.298353
0.223852 -0.369648 0.021267
-0.107145 0.435562 -0.668055
-0.290767 -0.428389 -2.807514
0.146792 0.089815 1.910441
-0.235548 -0.322012 -1.233319
-0.230267 -0.259051 -0.771442
-0.036601 -0.420312 -2.108422
0.397180 0.093408 0.497932
0.162422 -0.115732 -2.728274
-0.477121 0.471326 2.106740
-0.411730 -0.011123 -2.388874
-0.004374 0.104286 -2.914992
0.142737 0.029712 -1.070766
0.405325 0.133687 -1.873639
-0.136544 -0.396745 1.112099
-0.123102 -0.009537 -2.871667
-0.482284 0.295824 -1.297120
-0.272405 -0.474064 -0.319585
-0.295768 -0.029373 -1.304126
0.494291 -0.098852 -0.495616
0.409585 -0.127997 -1.272543
0.414073 0.049703 -1.476724
-0.380912 -0.018542 2.615364
0.233900 0.201859 2.601722
0.370820 0.011859 2.338211
0.069406 0.073507 2.561966
-0.464332 -0.412821 0.334309
-0.287341 -0.339519 1.748199
-0.108722 -0.138846 -2.789496
0.412621 -0.115614 0.296770
-0.232843 0.280591 2.182619
0.309964 0.427316 -0.031510
-0.357918 -0.469522 2.192690
0.470281 0.023712 0.851588
-0.232491 -0.491499 1.508684
0.359298 0.329314 1.741973
0.194902 -0.078384 0.951875
