-0.488677 0.332669 -0.314395
0.302325 -0.220446 -0.866579
0.355079 -0.230192 -2.999379
0.437443 0.059614 3.092676
0.286110 0.142633 -1.477646
0.080788 -0.062823 1.655621
0.022613 -0.229575 -2.941970
0.296499 0.487457 -2.644375
-0.185126 -0.180145 1.128273
-0.454784 -0.436245 -1.028571
0.015547 0.422495 1.137055
0.450240 0.451077 -0.631173
-0.196353 0.301679 -2.973164
0.267073 0.400084 -2.028605
0.460608 0.051314 0.750515
0.094306 0.147881 -2.027548
-0.450359 0.257327 -1.159737
0.194083 -0.044781 1.137236
-0.483880 0.031534 -1.071637
-0.070391 0.288415 -1.995889
0.206772 0.220148 -1.876778
0.302358 -0.459157 1.791630
0.412191 -0.282856 -1.449483
0.160483 0.174150 -1.090255
-0.130679 0.314927 2.278776
0.290345 0.291412 -2.123648
0.267445 0.183608 -3.076927
0.085243 0.047977 -0.927705
-0.141533 -0.340273 2.175856
0.009746 0.281932 -1.365190
0.165357 -0.247396 0.203347
0.259083 -0.452396 1.110051
-0.234274 -0.384345 -0.957642
-0.426531 0.404370 -1.379723
-0.440377 0.067860 -2.449392
0.317639 0.432266 -0.682742
-0.375021 0.460036 -1.668158
0.450166 0.365539 0.539511
-0.191832 0.367600 0.351005
-0.382218 0.439298 -0.736426
-0.011905 0.201539 -1.831156
-0.143183 0.157437 2.462459
-0.292433 0.415275 1.630597
-0.280764 -0.235326 -0.578895
0.043546 0.126599 1.917820
-0.329992 -0.215565 -2.950147
-0.449130 0.215039 2.005537
0.220559 0.249210 0.305814
-0.352919 0.035248 -0.995049
-0.234569 -0.201744 -0.546462
0.324493 -0.441157 2.188790
0.059132 -0.387081 1.563436
0.107437 -0.053922 -0.417649
-0.160773 -0.245347 -1.453966
-0.011525 0.238978 0.161416
-0.425264 0.306282 1.279052
0.203547 0.244297 0.566766
-0.491234 0.355490 -2.423180
0.373163 0.205835 1.662600
0.297550 -0.466449 1.223579
-0.108022 0.074826 1.823007
0.426664 0.174864 -2.340704
0.015959 0.132993 -0.984862
-0.319218 -0.273900 -2.167663
0.035949 0.309406 -1.395796
0.180185 0.314534 -1.250239
0.006049 0.434110 -2.925399
0.098865 -0.131384 -0.116718
0.123906 -0.179662 -2.627946
-0.406772 -0.159247 -2.021731
-0.358365 0.442782 -0.686975
0.037550 0.321963 0.904514
0.243138 -0.179278 1.348534
-0.083266 -0.151634 -1.865322
-0.025264 0.342859 0.136839
0.397860 0.019629 1.442977
0.192213 0.492444 -0.316289
0.295729 0.199854 -2.498138
0.214681 0.003895 -2.108279
0.227328 -0.412259 -2.490119
0.399059 -0.210592 -2.954883
-0.048732 -0.015424 3.036077
-0.388666 -0.226248 2.981847
0.399031 -0.410368 -0.089704
0.372267 -0.008342 -1.108897
0.174968 -0.460023 -1.139051
-0.462987 -0.487382 -1.842072
0.154038 -0.435976 -2.269383
-0.222119 0.487392 -2.712260
0.154070 -0.413354 2.870056
0.134839 -0.027114 -1.447864
-0.453197 -0.273321 0.467005
0.037056 0.098281 -2.951490
0.473269 -0.449637 -2.540594
-0.372952 0.450960 -2.836190
-0.067661 -0.220473 1.861981
-0.093224 -0.355897 -2.519678
0.143001 -0.411541 -1.573797
0.263476 0.443245 -1.562850
0.303710 0.474690 2.973839
-0.185510 0.450294 -2.274429
-0.383420 0.154224 -2.557542
0.197894 0.471076 -2.908765
-0.260277 -0.027697 -0.651796
0.424876 -0.184490 -0.668309
0.058953 0.321929 1.703740
-0.071083 0.028742 2.689037
0.243057 0.183326 1.814387
-0.209464 -0.296955 -0.031924
0.125040 -0.272012 -3.101278
-0.410564 -0.405502 1.034740
0.003243 -0.128670 -2.216142
-0.011808 0.177277 -0.051789
0.180218 -0.371453 -1.605010
0.482345 0.351203 1.053469
0.093842 0.325089 -0.921643
-0.481696 0.310837 2.031073
0.270889 -0.241381 -3.137656
0.077488 -0.071146 -1.721800
-0.050808 0.079476 -2.029897
0.091345 -0.026085 0.433837
-0.265992 0.404009 -1.904320
0.236078 -0.250004 -3.005751
0.230480 -0.287704 -2.679385
-0.471334 0.097510 1.546714
0.001230 0.422826 -0.802081
0.354938 -0.258332 1.991181
0.325263 0.396744 1.629561
-0.145871 -0.281032 -2.350628
0.139926 0.057859 -2.422800
-0.288174 -0.250507 -0.965155
0.395694 -0.045437 -0.103773
0.092544 0.462029 -2.629826
-0.010070 0.421841 2.945262
0.009292 -0.205630 -2.839539
-0.291457 0.480555 -2.956707
-0.333353 0.192841 3.002990
-0.274284 0.425167 -0.653158
-0.452500 -0.106588 1.903079
0.240175 0.198950 1.733746
-0.180114 0.186943 -3.007230
0.291229 0.116843 -0.941635
0.162241 0.073443 -0.201233
0.165829 -0.430580 1.443857
0.018824 0.158188 2.952749
0.026287 0.154309 2.641773
-0.299901 -0.436153 -2.696831
0.295397 -0.371304 1.083228
-0.380135 -0.495438 -2.358506
-0.011809 -0.253421 -0.583426
-0.208701 -0.481838 -0.052724
0.137834 0.323722 -1.807223
-0.125789 0.254542 0.434511
0.453772 -0.132778 1.056315
0.390088 0.423135 0.059078
-0.140801 -0.245954 -2.159227
-0.342066 -0.249294 1.100646
-0.316354 -0.167703 -1.731892
0.328613 -0.493172 -0.501363
0.246580 0.241347 0.360805
-0.045574 0.329276 2.865922
0.307640 -0.210297 0.286854
0.011299 0.192932 -1.667036
0.413888 -0.154939 0.918793
0.318247 0.246821 0.171627
0.048507 -0.106949 0.405274
-0.143569 -0.038200 1.945471
0.144826 -0.462056 2.184966
-0.073445 -0.108776 -2.741463
0.422929 -0.468321 2.477379
-0.007234 0.382198 -2.920995
0.477542 -0.471648 -0.160490
0.246039 -0.193682 2.882586
0.354138 -0.260891 2.433490
-0.348063 -0.087469 0.972383
-0.192028 0.428482 -2.187416
-0.291813 0.163005 -1.603674
0.150286 -0.395176 0.860451
0.008684 0.075145 1.080135
0.481508 -0.389494 -0.116395
-0.462473 0.207734 -0.210123
-0.347711 -0.373830 -1.336708
-0.073335 -0.118386 1.264606
-0.266451 0.192798 -0.651389
0.168438 0.037271 -0.509430
-0.327258 0.328471 2.917652
-0.112798 -0.153624 1.218367
-0.230550 -0.212368 -2.515793
0.060177 0.130864 -1.350146
-0.063503 0.487552 0.519515
0.481989 -0.071895 -1.582299
0.164020 -0.391991 1.234058
0.436661 -0.209246 2.614836
0.210165 -0.054889 2.914207
0.383164 -0.142423 0.041972
-0.234561 -0.373870 -1.724415
-0.280699 0.157177 1.741987
-0.372258 0.252015 -1.635706
0.457570 -0.252045 2.846788
0.105049 0.248389 0.191487
0.365826 0.053695 0.471533
0.114703 -0.173760 -0.265978
0.392971 -0.207371 1.585956
0.164038 -0.488301 2.834514
0.412094 0.134683 -1.109316
-0.258046 -0.449970 2.933962
-0.266413 0.103527 2.466837
0.275589 0.038743 -0.840138
0.060035 0.160614 1.406698
0.016584 0.239821 -1.788309
0.159580 0.396174 -2.568009
-0.278658 0.149554 0.722822
-0.265905 0.301477 2.760182
0.333487 0.164089 0.716781
0.391536 -0.071655 1.436024
0.373773 0.448303 -0.530419
0.059342 0.095874 2.225656
-0.030773 -0.097561 2.867356
0.463743 0.044055 3.094963
-0.205758 0.231621 -2.215612
-0.419937 0.371018 0.606969
-0.324075 0.203277 2.125400
0.480112 -0.068907 -2.883026
-0.281191 0.232649 -1.124910
-0.397679 0.363461 -2.198009
-0.194558 -0.053233 1.544168
0.430090 0.069129 1.352851
0.114666 -0.317822 -2.404538
-0.115975 0.226619 -2.921940
0.274730 0.375610 0.371728
-0.097392 0.405514 2.779316
-0.171069 -0.301918 -0.395661
0.218238 0.155620 -1.545533
0.279147 -0.444544 -2.993309
0.304083 0.139359 -2.031988
0.324880 -0.453658 -0.278344
-0.129932 0.244123 -3.028607
-0.258622 -0.041210 -3.098082
-0.123546 0.221458 -1.660939
-0.009735 0.202948 -1.141791
0.080207 -0.038583 -2.923538
0.306260 0.275613 -1.030639
0.193852 0.379677 0.065891
-0.387124 0.116288 1.910559
-0.396828 0.293735 1.302867
-0.174704 0.471918 1.378752
0.376373 0.131302 -2.634884
-0.314372 0.228187 2.851090
0.203661 -0.495456 -1.663978
0.209224 -0.056440 2.948861
0.387589 0.075716 0.997799
-0.344498 -0.133029 -2.517419
0.061824 -0.031136 1.936788
0.171257 0.117309 -0.812129
0.053856 0.104004 -0.061824
0.232049 0.207758 1.050660
-0.048490 0.042664 0.905920
0.158780 0.344321 -2.029956
-0.254814 0.008129 1.912495
0.477809 0.084431 -0.173317
0.064528 0.354692 1.062848
-0.039366 0.379549 1.789189
-0.481127 -0.214615 1.125792
0.280940 -0.356035 -2.633082
-0.367316 -0.380583 -1.444381
0.430304 0.293833 -2.493799
0.144206 -0.064674 -1.346169
0.269057 0.494374 -1.858516
0.309391 -0.191747 -0.951854
-0.454371 -0.099039 0.760629
0.155920 -0.094213 -0.947073
-0.184474 0.199066 -2.703057
-0.287668 0.167086 3.033891
-0.325449 0.024332 2.031850
-0.028695 -0.487537 0.364991
-0.363638 -0.047485 -1.020222
0.412487 -0.325375 -0.985414
0.244541 0.275586 2.596311
0.334038 0.214119 -2.860271
-0.473801 -0.174650 -2.803227
0.220301 -0.353397 1.078503
0.393438 -0.283104 -0.755691
0.484110 0.285155 2.771291
0.290635 0.173846 0.163009
-0.236179 -0.163139 -1.203085
-0.405678 -0.314518 -0.466707
0.320678 -0.178465 0.106684
-0.157121 -0.143205 1.248382
-0.277935 0.124877 2.902498
0.450873 0.219286 -0.000252
0.100495 0.286720 -0.093910
0.012357 -0.246364 -0.623305
-0.096108 0.219899 -0.915838
0.173131 0.340331 -1.682738
0.329441 -0.435974 -1.587870
0.363037 0.026429 -2.994717
-0.127698 -0.415226 -2.470534
0.245992 -0.128327 -0.410145
0.261676 -0.195829 -1.283379
0.359481 0.217412 0.298615
0.277616 -0.453634 -3.101329
0.201707 0.400518 0.310887
0.247091 0.104918 -0.265361
-0.193113 -0.025781 -3.096510
0.197872 -0.440653 -2.303765
-0.091775 -0.058424 -2.671204
-0.192058 0.028770 0.530807
0.181794 -0.000171 -2.763467
-0.178911 0.116319 2.107134
-0.487944 -0.222974 -2.293387
0.454625 0.171574 2.246283
-0.208165 -0.463563 -1.555893
-0.044579 0.199965 -1.465290
0.465976 0.260008 -0.166655
-0.069884 0.383209 -0.903427
0.316711 0.026311 -0.912410
-0.291690 0.208267 0.366065
0.220510 -0.208565 0.824924
0.417649 -0.042544 0.295327
-0.180678 -0.387532 -1.236884
-0.214595 0.058910 -1.249145
-0.355107 0.336444 1.150162
-0.036098 0.138406 -0.807364
0.350247 -0.068330 0.856023
0.242247 -0.451521 -1.140187
0.096409 -0.407969 -3.029292
-0.033125 -0.102591 -2.113835
0.179914 -0.274772 -2.343017
0.405228 -0.473662 -2.760019
0.178811 -0.008729 -2.551454
-0.350774 -0.371740 -0.561863
-0.245800 -0.239703 -1.677901
0.156328 0.121915 2.152906
0.287156 0.298244 -1.319418
-0.398321 0.413590 3.003750
0.486525 0.027325 1.390540
-0.492605 -0.447085 -2.887048
-0.233847 -0.467298 -0.965272
0.038925 -0.085788 1.664393
-0.001174 -0.062599 0.164547
-0.066201 -0.082536 0.056239
0.226215 -0.363914 -3.086584
-0.280095 -0.141157 1.949892
-0.421081 0.076583 -1.175418
-0.107523 0.453921 -1.536752
-0.343804 -0.148176 -2.086469
-0.465225 0.212526 2.357115
0.343931 0.295645 2.727005
0.275168 0.021557 1.097851
-0.417967 0.029626 -3.031399
0.371742 -0.135792 -2.824009
0.408109 0.107967 -1.190619
0.012684 -0.009746 1.189266
0.171289 -0.165582 1.209666
0.210148 -0.348297 2.541455
0.459034 -0.071063 2.273283
-0.119382 0.061836 -0.306295
0.319277 0.155145 0.422239
0.497775 -0.127857 -1.444120
-0.264751 -0.249763 -2.435576
-0.257391 -0.105422 -2.983112
-0.491226 0.239883 -0.926979
0.349711 -0.047217 -2.627020
-0.141140 -0.217134 1.640368
-0.229149 0.287030 0.179245
0.317787 -0.024369 -2.305464
0.240652 -0.473398 0.829192
0.259658 -0.158508 -1.255380
0.448144 0.409133 2.088164
0.019738 -0.240230 -1.409627
0.063657 0.025490 3.132041
0.419578 -0.177954 -2.082224
0.030539 -0.337179 -1.470028
0.379977 -0.294608 1.546290
0.042019 0.255989 -2.660530
0.443727 -0.419281 -1.857017
0.141996 0.133889 -3.005344
-0.242750 0.039717 -0.103436
-0.051044 -0.401567 1.760767
-0.088857 -0.060864 0.954847
0.429617 0.002582 -0.176839
0.014769 -0.408210 2.338982
-0.083610 -0.306987 1.284661
-0.180141 -0.063150 0.292148
-0.354254 0.264878 1.455008
-0.018453 0.398500 -0.624131
-0.467943 0.143807 2.004964
0.080296 0.007461 -3.010564
0.340370 0.094843 -2.097948
0.227478 -0.426953 -2.722764
0.446393 0.142227 -1.266465
0.494186 -0.410793 -1.862159
-0.190754 -0.354188 -1.117599
0.133249 0.346483 -2.062289
-0.200268 -0.295951 -2.204031
-0.150002 -0.499365 1.247479
0.060098 -0.420558 1.266702
0.149171 -0.309950 0.307125
0.190652 -0.122770 -2.528002
0.009535 0.238472 -1.558491
