-0.205645 0.328640 2.887001
-0.455559 -0.099608 2.772721
0.398350 0.345409 1.808958
0.237740 0.408423 -1.401890
0.294247 0.022841 -2.001434
0.428203 0.041343 2.584397
-0.082366 0.336741 1.864351
-0.078611 0.305684 1.200842
-0.295167 -0.395414 0.843681
0.368388 -0.231830 -2.066723
-0.105510 -0.240386 -0.275945
0.114157 -0.396066 0.174195
-0.447233 0.355979 -3.037579
0.052581 -0.486389 1.730421
0.018829 0.254546 -0.349666
0.117892 -0.042123 -2.505018
0.083069 -0.494301 1.576668
0.394037 0.456041 -3.129545
0.362741 0.018105 -1.900544
-0.185379 0.047251 2.465111
-0.038963 0.152833 -1.869699
-0.287235 -0.136654 1.296060
0.026423 0.122513 -2.540239
0.230349 -0.441855 1.433749
0.340316 0.025492 -2.119604
-0.069025 0.267388 1.188954
-0.237357 -0.030366 -0.798425
0.002529 0.288005 2.442878
0.270915 -0.412131 0.330296
-0.160247 -0.398687 -1.192780
-0.372215 -0.405394 2.529486
-0.398233 -0.029923 -2.281563
0.458449 0.337257 2.069094
-0.162527 -0.235165 1.988240
0.286464 -0.286899 1.860061
-0.253329 -0.425601 0.942141
0.162877 -0.156056 -0.178590
0.105511 0.033868 -0.514031
-0.262762 0.177173 2.382015
0.132426 0.309941 -1.758618
0.224259 -0.250021 0.803645
-0.419038 -0.066016 -2.275434
-0.145073 0.068133 1.171459
-0.057734 0.374502 0.321489
0.172695 0.268400 -1.958081
-0.031448 0.229941 0.260897
-0.351847 0.212636 2.511810
-0.042531 -0.171308 1.245183
0.099668 -0.000157 -1.917795
0.284283 -0.177764 0.828784
-0.207839 -0.343753 0.599059
-0.316672 -0.308164 2.914804
-0.437598 0.140707 -0.942987
0.145631 0.082212 1.554175
-0.152068 0.068465 0.752944
0.415102 -0.192105 0.188173
0.301913 -0.244827 0.183137
0.440304 0.094442 -0.203535
0.050539 0.109705 2.248525
0.300994 0.023385 -0.217413
-0.321401 0.114221 -3.024196
-0.179189 0.209636 -0.637965
0.059092 -0.398219 1.054134
0.475830 -0.476440 -1.613077
-0.383207 0.291020 -2.721629
0.355814 0.403139 0.150891
-0.439874 0.206683 -0.141903
-0.468963 0.224159 0.324503
0.251181 0.340286 -1.752129
0.234837 0.356227 1.305577
-0.001361 0.201282 2.807935
0.147136 0.120946 -2.057341
0.133397 0.192585 0.483002
-0.444752 -0.038698 1.059107
0.078392 0.194462 -1.604656
-0.485569 -0.450244 1.848375
0.474951 -0.332551 0.973361
0.264227 -0.360221 1.727526
-0.366939 0.489857 -1.147682
-0.003703 -0.110454 1.417491
0.159441 0.481215 -0.079505
0.120434 -0.498714 -2.230530
0.355723 -0.342574 -1.091279
-0.092112 0.144054 -2.980539
0.109284 -0.367679 0.406691
0.452743 -0.493941 0.897205
-0.324776 0.241443 -2.927496
-0.136796 -0.231164 -1.303381
0.356350 -0.308849 2.130979
0.016854 0.297443 1.859735
0.147833 -0.270108 3.114235
-0.357450 0.383823 -2.200979
-0.486159 0.000491 1.362603
-0.353351 0.380067 0.879676
0.272439 -0.385765 3.001755
0.141202 -0.347011 -1.618187
0.143557 0.251385 1.548311
-0.440939 0.203139 0.814012
-0.437697 -0.037060 -2.652748
-0.382422 0.343751 -0.078188
0.329575 -0.137226 0.869510
-0.372357 0.339440 1.481386
0.200666 0.181511 -1.091183
0.298925 0.479277 1.181861
0.174095 -0.338763 -1.053559
-0.302385 0.223511 1.400824
-0.358376 -0.125036 2.047676
0.464625 0.081354 3.113429
-0.102529 0.478390 2.669228
-0.062492 0.050014 1.432328
-0.273266 -0.126286 1.111624
0.391453 -0.224739 -0.793663
-0.212739 0.007775 -1.199201
-0.425383 0.287910 -1.649239
0.066223 -0.062414 -1.143241
0.280663 0.337950 0.089541
0.066948 0.395082 0.275736
-0.322251 0.296268 -0.228100
-0.266586 -0.347081 2.597217
0.225574 -0.411127 -0.399922
-0.178177 0.309172 2.469527
0.495082 -0.495823 2.981050
0.197718 0.276440 2.585158
0.186073 0.281973 -2.371338
0.119109 0.274345 0.364451
-0.215577 0.209225 -0.856989
-0.018087 -0.258437 3.123347
-0.060244 0.003934 -2.822491
0.125256 0.061369 -0.403499
0.185070 0.007665 2.383582
-0.442049 0.382837 -2.074760
0.363114 0.087027 -2.337922
-0.485487 0.138571 -1.559623
0.101309 -0.387129 -1.410701
-0.424689 -0.038707 2.141801
0.194288 -0.137996 -1.710012
0.076286 0.182455 2.500860
-0.213094 0.140822 1.731500
-0.133292 0.456532 -1.901836
-0.243092 0.319785 -1.925357
-0.006233 -0.248445 -0.137611
-0.409383 -0.096947 2.614674
-0.114193 0.459399 -1.792709
-0.476309 -0.388300 -1.573867
-0.199906 -0.451399 -0.948741
-0.211520 -0.270753 1.481526
-0.399873 0.206292 2.994336
-0.447610 -0.493287 0.404930
0.197432 0.442874 1.595030
0.329085 0.456915 1.159630
-0.460516 0.117273 -0.400885
0.485053 0.071651 1.545571
-0.364239 0.178611 -2.416272
-0.091048 0.090705 0.734205
0.331928 -0.018833 -0.286099
-0.013066 0.482255 2.220956
0.154039 0.320865 -1.804550
-0.096774 0.106179 -0.594424
-0.021745 0.380279 2.829803
-0.023250 -0.198655 1.583596
0.103434 0.094744 -2.633296
0.459468 0.060676 0.279288
0.177041 0.147060 -0.298714
0.264232 -0.196563 0.135066
0.465145 0.485296 1.623190
0.462615 0.383731 2.857503
0.413025 0.129984 0.326837
0.281320 -0.020383 2.860914
-0.227232 -0.417217 -1.150840
-0.099681 0.331902 2.850122
0.021812 -0.210937 -1.629616
-0.193179 0.210676 2.143441
-0.051880 -0.186423 -1.532154
0.098528 -0.378236 0.465091
-0.113805 -0.473099 2.813447
-0.226913 0.293509 -1.864748
0.323368 0.410111 -2.695057
0.272433 0.303386 1.791900
-0.461753 0.125757 -0.881868
-0.057281 0.362078 -1.952245
0.171524 0.175382 3.035859
0.467612 0.119044 1.157349
-0.498550 -0.197098 -0.574890
-0.202241 -0.011568 3.046227
-0.398053 0.290558 -2.348303
0.206130 -0.048030 -1.034599
0.354095 -0.050879 -2.180925
0.212458 0.302549 1.779779
0.034204 -0.125199 -0.478566
0.344069 0.089379 2.019478
-0.306942 -0.055467 -2.870371
-0.107434 -0.225826 -0.430443
0.119389 0.045222 -1.616314
-0.302348 0.354828 -2.613603
-0.181656 -0.036631 -2.547666
-0.423294 0.300973 -0.667249
0.317539 0.428852 1.520220
0.180226 0.452890 -3.096089
0.425413 -0.224591 1.134093
-0.378311 0.165836 -1.258935
0.473193 -0.391725 0.863814
0.039672 -0.086833 1.145235
0.274011 0.154268 -2.938123
0.124350 -0.096645 -2.396712
0.050105 0.447227 -0.551400
0.480271 0.462543 -1.179754
-0.494390 0.115781 1.794221
-0.419779 0.087729 -2.740818
-0.233060 -0.023787 2.557788
0.359378 -0.235709 2.735412
-0.251963 0.470839 0.020921
0.429599 -0.264622 0.428210
-0.045543 0.036782 -2.428423
-0.018419 0.192982 -2.885128
-0.192828 0.195696 1.187366
-0.040882 -0.284520 -2.832045
0.146584 -0.069658 -0.040063
0.393369 -0.377384 -0.723210
-0.076094 0.002552 -1.302208
-0.196193 -0.082090 2.165468
-0.212479 0.087338 3.078108
-0.037911 0.123435 2.807034
0.256283 0.345250 2.067176
-0.377543 -0.298349 -2.870900
0.208220 0.497523 -0.914959
0.147167 -0.455706 2.787698
0.004235 -0.325836 -0.812125
-0.241023 0.079327 1.476913
-0.407420 0.402592 2.858432
-0.142847 0.326619 -2.303640
-0.404621 0.065186 -2.659729
0.222819 0.420438 -0.897214
0.195343 0.280291 -1.430613
-0.205483 0.427290 0.273260
0.470061 -0.229582 -0.938056
0.182141 -0.210294 -1.374096
-0.130638 0.223628 -1.499863
0.239284 -0.069768 -2.558080
0.317748 -0.008281 2.050395
0.477441 -0.166159 0.087481
-0.344066 0.324080 0.074306
-0.085552 -0.187697 0.010379
0.257676 0.387794 1.478604
-0.298746 -0.118222 -2.266353
-0.223439 -0.226514 2.203585
0.131535 0.186529 2.722703
-0.341280 -0.041438 1.223476
-0.232542 -0.075981 0.926134
0.363051 0.425478 0.717484
-0.354340 -0.417236 -0.609185
-0.010290 -0.373073 -1.879354
-0.248501 -0.052158 -0.436630
-0.281867 0.439507 -3.123207
-0.245244 -0.319891 -1.637484
0.267339 -0.425847 -1.012554
-0.376120 -0.120191 -1.049230
0.021260 0.221813 1.115549
0.290172 0.390614 0.505124
-0.224922 0.241617 1.110037
-0.005968 0.182649 3.012458
0.032584 -0.288312 1.258365
0.185208 0.094891 -1.508466
0.339999 0.272016 2.538607
-0.378902 -0.183890 -2.374194
0.491533 0.459944 1.756500
-0.225331 -0.160310 0.715304
0.277441 -0.417981 -1.800041
-0.190832 0.060720 1.256774
0.153928 -0.023807 0.507288
-0.220615 0.010673 2.212541
0.176997 0.350176 2.783330
-0.397688 0.160072 0.801407
0.097615 0.345787 2.330266
0.012240 0.250144 -1.527278
-0.385451 -0.280125 3.060701
0.162857 0.357498 -2.462005
0.317601 -0.067551 0.984050
-0.484429 -0.004810 -1.221786
-0.365294 -0.416203 0.511740
0.373973 -0.304610 -0.692750
0.229164 -0.270549 -1.806744
0.472690 0.041318 -2.378773
-0.480499 -0.485719 2.701757
-0.051024 -0.450615 1.665572
0.005736 -0.118934 -1.885804
-0.354032 0.144992 -2.885908
-0.207383 0.308252 2.420239
-0.038888 -0.084664 -2.514087
-0.499131 -0.488409 1.902547
0.190796 0.022087 -0.325018
-0.255716 -0.195073 3.104424
-0.315177 0.478878 2.808344
-0.048368 0.087049 -1.538923
-0.437819 -0.148088 0.745586
-0.132245 -0.393172 3.060208
0.230108 -0.227500 -2.677019
-0.026694 0.383525 0.874652
-0.318420 0.399730 -2.149872
0.176311 0.346079 -2.233851
0.086540 -0.394169 1.692711
-0.366548 -0.395678 1.094105
0.134651 -0.239534 1.098221
-0.192586 -0.242676 -0.945156
-0.349300 0.466865 -0.201527
-0.045282 0.492757 -0.125960
-0.480507 0.405289 2.493243
0.055652 -0.086977 2.132277
0.029483 0.335881 2.979776
0.226042 -0.070702 -2.914031
0.492598 0.463170 -2.683666
0.321403 -0.041697 -0.185873
0.098112 -0.490768 1.978185
0.347777 0.173692 0.759521
-0.373881 0.025601 -0.343959
0.448021 0.088340 -0.644486
-0.343827 0.323221 -2.259780
0.490410 0.252553 0.679199
0.150020 -0.234827 -2.440471
-0.077835 -0.424182 -1.317282
0.077589 -0.280064 -2.173924
0.224646 0.110800 2.400353
0.311135 0.386412 1.557395
-0.128462 0.421670 -1.023035
-0.482445 -0.213113 -2.314089
0.129010 -0.109744 1.715050
0.038540 -0.218596 1.725335
-0.481008 0.462325 -0.908695
-0.283260 0.297361 0.228682
-0.231242 -0.031634 -1.200398
0.146359 0.475304 -1.647831
-0.355654 0.002897 1.826664
0.326533 -0.017171 -1.345782
0.359149 0.426195 -0.508545
-0.290018 0.355401 2.418100
0.441465 -0.031043 1.581474
0.460364 -0.313044 -0.207657
0.007236 -0.259581 -0.199939
0.316517 0.162452 2.678650
-0.166324 0.061167 1.772031
-0.095175 0.235385 -3.002377
-0.384051 -0.022792 2.095091
-0.100834 0.472235 -0.251369
-0.307540 -0.163292 -0.130097
0.321313 0.120429 -2.928037
-0.359725 0.292414 1.125597
-0.346230 -0.098562 -0.696746
-0.250502 0.107654 -2.697978
-0.468318 0.395437 0.049586
0.126915 -0.492372 -1.236271
0.051538 0.120681 2.052090
-0.080120 0.124171 0.540294
-0.145666 -0.241692 -0.838029
-0.436982 -0.020345 0.984347
0.109730 0.395518 -2.803033
0.319108 0.496089 -2.137195
-0.053943 0.191046 2.699981
-0.177350 0.254515 3.006051
-0.318668 -0.054097 0.128122
-0.229890 -0.042896 0.189152
0.400571 -0.127211 -3.076638
-0.490747 0.225051 0.285235
0.103917 -0.290063 -2.085551
-0.395286 -0.410529 -2.717268
-0.321969 -0.000853 1.265804
0.144773 0.160949 -0.622555
-0.105382 -0.455310 3.090051
-0.060674 -0.114786 1.222294
-0.117083 -0.421736 -1.688881
-0.055069 0.006565 -2.256633
0.102655 -0.289309 -1.875359
0.058190 -0.475557 -0.106622
0.029148 -0.490461 -2.844766
-0.401366 0.371936 -2.470991
0.349203 -0.285064 2.065908
-0.047683 -0.042057 1.436979
-0.315873 -0.077846 -1.065818
0.153005 0.435320 -2.582151
-0.192092 0.438575 1.158951
0.250733 -0.244007 3.021548
0.278575 -0.465923 0.027164
0.119869 0.181254 -2.607805
0.073493 -0.333629 -2.918679
0.395336 0.373814 2.960777
0.070186 -0.155605 -2.295666
0.253495 0.194911 -2.620232
0.103294 0.087665 -1.239754
0.020052 0.000274 -2.737647
0.259763 0.025196 2.714616
0.316543 0.187552 3.090717
-0.023187 -0.446560 -1.589976
-0.055682 0.483989 1.775096
-0.010732 -0.370576 -2.559841
-0.346773 0.060225 -1.455359
-0.061938 0.385184 0.914942
0.295479 0.364853 0.107310
-0.377685 0.303919 0.428281
-0.208866 -0.249837 2.356759
-0.062140 0.372597 0.777449
0.241231 0.443282 -2.293379
-0.205072 -0.112175 0.529412
