-0.460281 -0.278319 1.376322
-0.429109 0.422134 -2.717414
0.094049 -0.233953 -0.161627
-0.188812 -0.026411 2.199560
-0.483210 -0.224011 2.479176
0.364949 0.455425 -2.659439
-0.451227 -0.268887 1.205596
-0.014881 0.264302 2.335124
0.076648 -0.056448 2.682404
0.498614 0.300792 1.352642
0.019280 0.453168 2.003033
0.157283 0.190222 -2.554418
0.321112 -0.367879 -0.784108
-0.106954 -0.476210 1.761226
-0.111751 0.261911 1.919342
0.434808 -0.239640 1.448994
-0.387628 0.393014 -1.852431
-0.366093 -0.425746 1.981992
-0.248407 -0.367952 2.268654
-0.106629 -0.000432 1.007359
0.221897 0.095209 -2.774852
-0.428901 0.382144 1.061396
-0.032709 0.254430 -0.735869
-0.204224 -0.147493 -1.080284
-0.224092 0.327644 -0.133177
-0.022547 0.032873 -1.390604
-0.020719 -0.095510 -0.395213
0.082736 0.467447 3.128963
-0.067491 0.068057 0.372477
0.284498 0.290468 1.431587
0.483176 0.125786 0.483938
0.207748 0.413200 1.057251
-0.170541 0.178437 0.685543
-0.302093 0.244879 2.200491
-0.454551 0.257665 -0.985642
-0.363372 -0.167364 -1.063617
-0.043999 -0.222870 1.065058
-0.288885 -0.303075 1.587198
0.012512 -0.346892 1.729739
0.069345 0.106349 -1.802236
-0.071087 -0.194068 -2.528601
0.460230 -0.355562 -0.458212
-0.153082 0.009023 -2.807917
0.408953 0.417654 0.524888
-0.120316 0.148670 0.753669
-0.446340 0.423312 -1.609434
0.354404 -0.387693 1.849975
0.099044 0.246824 -1.586961
-0.368782 0.390285 0.550633
0.315905 -0.177537 -1.152922
0.365665 0.246906 0.601248
0.413893 -0.195060 2.362294
0.340728 0.025291 0.454113
-0.034146 -0.204160 -0.851549
0.382571 -0.233905 2.053834
-0.244789 0.127865 -0.042239
-0.143937 -0.451798 1.527978
0.133076 0.249242 2.120607
0.266410 0.040889 1.209258
0.092668 -0.484513 -1.716813
0.284023 0.072262 1.216188
0.361712 -0.061838 -2.866233
-0.432899 0.322478 0.186596
0.490351 0.029247 1.937534
-0.128695 -0.120893 -1.520216
-0.072979 -0.103486 -0.981425
0.225742 -0.213442 -2.363600
-0.277684 -0.481519 3.096572
0.464305 -0.025970 -2.233799
0.024544 0.075401 -0.424738
-0.448616 0.143711 -1.939371
0.056306 -0.022655 -2.638525
-0.413991 -0.459573 -1.369167
-0.059426 -0.395644 -2.737650
-0.385738 0.038258 1.926247
0.042830 -0.295454 -0.185621
-0.078209 0.162649 -2.832851
-0.451688 -0.166814 3.095982
-0.335761 0.323899 2.924605
-0.485864 0.248660 0.138215
0.340328 -0.211912 -3.055894
0.339361 -0.412241 -1.166701
-0.145234 0.464075 0.351365
-0.028076 -0.035201 1.124135
-0.430773 -0.309538 2.836141
-0.470163 -0.429714 0.580141
0.176201 0.411418 0.072783
0.321250 -0.372650 3.138526
-0.401678 0.486715 -1.708474
0.178166 -0.148094 -3.089368
0.402000 0.377291 -0.563236
-0.235362 0.277151 0.297119
0.322955 0.131186 -1.822055
-0.101305 0.308176 0.183701
-0.184135 -0.132532 0.713276
-0.026054 -0.231482 2.554441
-0.418012 0.034189 -2.229075
-0.407380 0.121485 2.518967
0.385317 0.349335 -2.139190
-0.244567 0.258034 1.722435
-0.007877 -0.003523 -2.684245
0.049107 -0.070020 -0.602785
-0.084340 0.313628 1.074774
0.266429 -0.119250 0.043386
0.135396 -0.032019 -0.775097
-0.304583 -0.149262 -2.097315
-0.481243 -0.167365 -3.065184
0.135278 -0.161505 -1.645980
0.353394 -0.352312 -2.643632
0.490659 -0.376447 2.312733
-0.231199 0.179071 -0.507567
-0.242129 0.004657 -1.391572
0.406601 -0.206396 3.068462
-0.433662 0.359042 0.303230
0.092349 -0.054230 -0.465899
0.051400 -0.153961 2.802108
0.022763 0.195347 -3.029106
0.233079 -0.425107 -0.092470
-0.113016 -0.427842 -2.764745
0.438696 0.199236 -2.701428
0.049264 0.307673 2.472803
0.004244 0.233154 1.377346
-0.446044 0.016811 -0.276011
-0.042300 -0.334546 0.958634
0.144663 -0.139807 0.541988
-0.333350 -0.281740 -0.836725
0.071474 -0.342026 1.505841
-0.281548 -0.045215 -2.438083
-0.175280 0.085558 -0.389290
-0.395952 0.132270 0.722516
-0.392832 0.058204 2.499941
-0.140595 0.277674 -3.093663
0.324512 -0.419559 -0.056875
0.114081 0.011868 -0.769166
0.278767 -0.038774 -0.978648
-0.284556 -0.013710 1.059438
-0.048728 -0.404054 1.627625
0.156258 0.377908 1.497825
-0.215125 0.442816 -0.763490
-0.356678 -0.126587 0.679472
0.143670 -0.478788 -0.427819
-0.265353 -0.127078 2.901734
-0.070435 0.257526 -2.892847
0.376840 -0.355570 -0.428723
0.018075 0.148914 0.316610
-0.311219 -0.123453 -2.948350
-0.472775 -0.280774 -1.561419
-0.303705 -0.276755 2.315303
-0.180010 -0.144375 -1.830995
-0.152013 0.355243 -1.070635
-0.418157 0.077069 1.066706
0.420599 -0.221706 -0.922590
0.192406 -0.330748 -2.297745
-0.266398 -0.422779 -2.078636
0.423072 0.056326 1.590815
0.378677 -0.186373 1.757207
0.340964 -0.355078 0.106349
-0.219160 -0.108481 2.418221
0.400774 0.320517 -3.022479
0.448938 -0.344383 1.573040
0.434641 0.362735 -2.853095
0.010406 -0.347642 -0.720673
-0.310075 -0.165883 -2.998966
-0.153977 0.482069 -1.172415
0.057773 0.481968 1.757227
-0.236854 -0.191296 -1.455249
-0.318079 0.035698 1.716982
-0.495597 -0.414992 -1.883426
0.348389 -0.303847 -2.642416
-0.496071 0.080517 -1.879813
0.475812 0.375636 -3.139084
-0.013656 0.263508 0.494674
-0.252764 0.057098 -1.591688
0.192884 -0.434487 2.705561
0.103604 -0.033777 -0.528030
-0.395076 -0.324352 -2.019417
-0.009024 -0.365905 0.200484
0.054016 -0.243036 0.875313
-0.123893 -0.399895 0.717217
-0.430260 0.394188 -1.437253
-0.399778 -0.089034 0.207448
-0.223797 -0.355790 -2.939488
-0.271746 0.419179 -2.316166
0.489136 -0.400315 -1.924021
-0.022271 0.332565 1.468429
0.033814 0.495021 -0.876304
0.436328 -0.397299 2.713837
-0.360346 -0.066649 -1.730556
0.370702 0.187127 0.772453
0.337042 -0.444627 -1.498345
-0.475732 0.066024 -1.111518
0.091125 -0.458044 -1.279452
0.384750 0.395349 1.429688
-0.073392 -0.454436 -1.919947
-0.240953 0.423154 0.319384
-0.194148 0.252801 0.167202
-0.383538 -0.327395 -0.695447
-0.302304 -0.464978 -0.986404
-0.140497 0.404504 1.187676
-0.170556 -0.246527 -2.720345
0.418398 -0.326300 -0.351360
0.136119 0.483966 -0.209789
-0.038305 0.269642 2.615713
-0.352939 -0.488236 1.807434
-0.357661 -0.205991 1.300617
0.129561 -0.343402 -0.622605
0.260600 0.154405 0.412980
0.051952 0.221124 -3.081647
0.388469 -0.370607 -0.314289
-0.271554 0.274420 -2.285215
0.223497 0.262275 1.776987
-0.031617 0.392538 0.229146
-0.379338 -0.281124 -1.689298
0.086833 0.015211 -2.060855
-0.330300 -0.354892 3.044580
0.001469 -0.496718 1.610533
-0.334324 -0.493337 -0.600902
-0.092334 0.015169 -0.903683
-0.021415 0.206973 2.649971
-0.435157 0.072145 0.953337
0.072633 -0.331665 0.776208
0.366390 0.160437 3.085312
-0.497881 0.480002 -2.270793
0.136031 0.029143 0.338048
-0.017834 -0.182862 2.271618
-0.495364 -0.460908 0.269701
0.020773 -0.140085 0.319125
0.421058 -0.466575 -2.991497
-0.119854 0.095053 -0.105825
-0.418939 -0.208847 2.170011
-0.356050 -0.104021 2.012849
0.428159 0.383869 2.960755
-0.214609 0.255700 2.077568
0.376077 0.174766 -2.601873
0.273919 -0.405051 1.131260
-0.463968 0.088390 0.762216
-0.400054 -0.180996 -1.393745
-0.309299 0.105306 1.908376
0.475487 0.107709 -2.528914
-0.112171 0.359059 2.974033
0.238942 0.294792 1.159414
0.199846 -0.162944 -0.684893
0.326959 -0.113829 -1.102829
-0.213226 -0.108495 -2.377610
0.329039 -0.252384 0.562058
-0.000763 0.328580 -1.328790
0.394357 -0.086146 2.354347
-0.354233 -0.199750 1.024659
-0.429845 0.446432 -0.665547
0.410826 0.394229 -3.123801
-0.360175 0.463384 -2.923996
0.423938 0.204378 1.379703
-0.475081 0.045576 1.842837
-0.249239 0.281309 0.201796
-0.236870 -0.364126 2.286258
-0.324092 -0.000799 1.231151
0.086554 0.201625 0.046408
-0.043973 -0.482635 2.159687
0.117428 0.420045 -0.698711
0.319283 0.425760 -0.451694
-0.051516 0.077126 0.002295
0.118112 -0.435633 -0.032257
-0.227746 0.226545 0.508516
0.436570 -0.378925 1.806728
-0.121632 0.045478 0.170063
0.031180 0.191307 -2.319934
-0.384055 -0.127132 1.131171
0.238867 0.154497 -0.286525
-0.071200 0.254882 2.687362
0.275904 -0.390340 -1.988342
-0.156400 0.228441 -1.038020
-0.022700 -0.466309 -0.309541
-0.063442 -0.207512 -2.110845
0.001485 0.233455 -2.153300
-0.428656 -0.190885 -3.086944
-0.297919 0.083919 -2.837483
-0.446069 -0.460379 -1.456052
0.310457 -0.005614 1.885212
-0.480788 -0.315015 1.170017
0.401709 -0.264567 -0.601031
0.232943 -0.178597 -0.623115
0.152498 0.484646 -1.762924
-0.242549 0.040309 -3.088876
0.027049 0.121492 0.922023
0.131956 -0.369912 -3.011879
0.358009 -0.060148 -0.237411
0.132025 -0.262569 -1.001751
0.130719 0.243059 -2.100989
0.398715 -0.301032 0.246679
0.010248 -0.240423 -0.133362
0.374299 -0.479313 -0.253425
0.029620 0.185610 2.063101
0.365722 0.409337 2.878738
-0.058246 -0.177887 1.452330
0.191892 0.491650 2.982910
0.421276 -0.079379 -1.654589
0.471715 -0.067164 -0.267719
0.312636 0.493556 -2.902601
-0.105410 0.296348 -1.737152
-0.133182 0.224249 0.209513
-0.476534 0.357753 2.382501
0.490648 0.004748 -2.610061
-0.289025 0.261887 -1.081261
0.058808 -0.095875 0.413966
-0.405488 -0.029128 1.378155
-0.319698 0.433486 2.334016
0.324272 0.230975 -1.531863
-0.475362 0.034221 2.994495
-0.217200 -0.115036 -0.583078
0.300264 -0.354264 2.979664
0.207289 -0.453035 -0.468509
-0.380671 0.176849 0.627748
0.240947 -0.452210 1.516528
0.306842 -0.254555 -1.324942
0.060304 0.058494 -2.476394
-0.201346 -0.334614 -1.936814
0.089902 0.477072 -2.936679
-0.405302 0.434041 0.766205
-0.175765 -0.113989 0.362696
0.395039 0.241743 -2.607244
-0.315661 -0.473350 -2.010717
-0.478208 0.069911 1.722347
0.014369 -0.268684 -1.431102
0.162622 -0.175912 0.585053
-0.428753 -0.208812 -0.380338
-0.157596 -0.286795 2.283417
0.203536 -0.444544 -1.306851
-0.394641 0.385138 1.668308
0.320308 -0.175483 2.833548
0.394954 -0.421053 0.477028
0.497631 0.105778 -1.672463
-0.194708 0.129660 -0.834790
0.476245 0.345532 -0.136649
0.440064 0.448928 -1.263356
0.341675 0.317013 2.559793
-0.108109 -0.384813 -1.524011
0.008796 -0.109418 1.809234
-0.189601 0.353595 1.828817
0.355600 0.018864 1.230573
0.313621 0.194811 -2.651573
0.314225 -0.333499 -1.247683
0.029080 -0.313699 1.857522
-0.471697 0.221209 2.607003
0.281090 -0.354998 -2.766890
0.472626 -0.026337 -0.988572
-0.033429 -0.034268 0.964598
-0.141325 0.303326 1.425429
0.222549 -0.355056 1.259054
0.005771 0.002896 0.382083
0.446651 -0.262747 2.633666
0.290827 -0.224518 2.599761
-0.289511 -0.183457 -0.874983
-0.409169 0.312637 2.251731
-0.024810 -0.472317 -0.102743
0.100906 -0.194491 1.122526
-0.151719 -0.224894 1.499036
-0.294216 0.206548 0.793848
0.125907 -0.137460 -0.367917
-0.328011 0.254180 -1.434938
-0.284168 0.134119 -0.385766
-0.269022 0.010056 -0.689279
0.251056 0.349446 -0.730622
0.215246 -0.483055 0.190032
-0.486327 0.355822 2.700189
-0.443538 -0.234551 1.547057
-0.293824 0.270543 -0.971797
0.492139 -0.242133 0.475513
-0.481052 -0.340321 2.420707
0.116099 0.389406 -1.180951
-0.392214 -0.003198 1.192955
0.424237 0.374086 0.370932
-0.149775 0.216327 -2.681741
-0.070448 0.100110 0.455623
0.079634 0.189918 -3.121671
-0.357634 0.175863 2.366554
-0.119166 0.389856 2.727692
-0.405177 0.003233 -2.246686
0.190706 -0.405597 -2.447776
0.314036 -0.225762 2.544631
-0.081598 -0.292429 -0.761954
0.288661 -0.060019 2.290540
-0.397036 -0.137109 -0.854159
0.030740 -0.347627 1.193879
-0.163889 0.356841 0.880304
-0.060786 0.019240 -2.531459
-0.090755 -0.168291 1.784617
0.120558 -0.360790 2.080153
0.162005 0.024409 -1.532431
0.024418 0.279791 -1.439351
-0.047639 -0.459414 -0.466463
0.246388 0.221635 1.391545
-0.066843 0.038000 0.335470
0.368938 0.184657 1.044270
-0.298562 -0.229048 2.647979
0.248697 -0.341635 2.070372
-0.349188 -0.324452 2.596428
0.286876 -0.286896 -2.443722
-0.467937 0.102492 -1.707190
-0.043059 0.143021 0.266738
-0.093561 -0.182330 -1.142454
