-0.150013 0.056798 0.735667
0.283084 -0.379602 -0.684786
-0.355320 0.230182 -2.091929
0.170469 0.041454 -2.495533
0.085738 0.127029 1.277383
0.193558 -0.495707 -0.325281
0.150287 0.218292 1.818096
0.075706 0.212485 2.426685
0.276684 -0.370252 1.288504
0.436114 -0.450920 -1.729982
0.390954 0.276830 1.827828
0.198624 0.178938 -1.632704
0.130244 0.266439 -0.642285
-0.087957 -0.126763 0.019868
-0.371142 -0.458263 -1.889643
-0.222266 -0.262545 -0.235424
0.282741 0.242820 2.479026
0.045001 -0.192841 -1.595072
0.336092 0.083588 1.041188
0.321670 -0.222512 0.575620
-0.040949 -0.399326 -0.443744
0.165007 0.150470 2.855284
0.176968 -0.183051 2.525819
0.070776 -0.480465 0.776117
0.250473 -0.325464 0.731902
0.259694 -0.221415 2.233323
-0.026857 -0.459173 -0.376743
-0.377936 -0.048594 1.056863
0.138827 0.205747 0.752234
0.236027 -0.463496 0.733453
0.242697 0.300262 1.884416
-0.381066 0.075610 -2.403668
-0.408348 -0.026239 0.834854
-0.283693 0.020594 1.697156
0.391634 0.099028 -0.910585
0.001723 0.255683 -1.306444
-0.065403 -0.010762 0.568228
0.381028 0.353416 2.531059
0.408648 -0.372245 -0.666992
0.124022 -0.056886 -2.519608
0.410501 -0.045794 -2.914762
0.246399 -0.293288 -0.104210
0.405655 -0.482342 0.513401
0.366008 -0.418917 -1.993166
0.069819 0.462771 2.438784
-0.493082 -0.009589 1.808615
-0.036275 -0.108221 -0.631806
-0.448183 0.183605 1.947076
0.166310 0.207644 -0.911799
0.430479 -0.016204 -2.183987
0.172964 -0.434449 -1.936384
-0.455601 0.137104 -2.352204
0.185998 -0.485427 0.340717
-0.178544 -0.410691 -1.762304
-0.344546 0.026043 -1.575157
-0.432109 -0.048593 1.726876
0.461283 -0.283997 -0.415135
0.130131 -0.085512 0.814048
0.075125 0.219758 0.392648
0.264356 -0.173881 0.154111
-0.155443 -0.256810 -0.268813
0.171071 -0.108332 2.164242
0.060437 0.021644 -2.354537
-0.360009 0.303851 -1.774104
-0.067639 -0.204015 1.106139
0.045866 0.150057 2.462631
-0.435604 -0.061833 0.518927
-0.281360 0.345445 -1.657270
-0.198062 -0.261324 0.222348
0.229502 0.169561 2.378378
0.452247 0.191682 2.109184
0.096070 0.480917 -0.484138
0.302049 0.490533 2.680311
0.194895 0.187823 2.699160
0.462976 0.495808 1.990073
0.272228 0.292214 -0.343338
-0.398767 0.472817 -1.100705
0.073478 0.138743 1.823000
-0.093001 0.404407 2.344092
-0.023078 -0.473361 -0.416117
0.316133 0.281513 -2.898415
0.357271 -0.047431 -0.036687
0.371712 0.298246 1.917684
-0.318168 0.356654 0.581341
-0.053150 0.179056 2.655768
0.433163 0.320550 -2.710140
0.387586 0.361276 1.058289
-0.454322 0.402407 -2.612450
0.485287 -0.137365 -1.756227
-0.417193 -0.133884 -2.278444
0.105837 -0.061622 1.431831
-0.410812 -0.372641 -0.850762
-0.043727 0.388728 2.418563
-0.218754 -0.339726 -2.529528
-0.068516 0.030156 0.927838
0.190705 0.366954 2.109022
0.345218 0.483455 -0.675773
0.128406 -0.492159 -0.492207
-0.247765 -0.067579 0.722881
-0.234755 0.150841 2.808656
0.232886 -0.026386 2.314451
-0.494565 0.021873 -1.557073
0.208135 0.446552 2.755205
-0.248720 0.314945 0.508351
-0.300376 0.497849 -2.382544
-0.163203 0.185753 1.097617
-0.472514 -0.074426 0.012482
-0.105134 0.161599 0.299357
0.480525 0.149540 1.873891
-0.335233 0.309746 1.826071
0.133131 0.302061 -2.992150
-0.367599 -0.366400 1.402634
-0.413944 -0.253906 -2.251222
0.346136 0.235235 -1.319626
-0.006551 0.280378 1.430925
0.143458 0.145573 2.630330
0.027953 -0.188834 1.759750
0.171221 -0.339928 -1.548743
-0.310424 -0.372965 -0.856209
-0.065508 0.112938 -1.959984
-0.322173 0.191538 -2.634286
0.487955 0.064480 1.450327
-0.228145 -0.235204 1.376640
-0.160952 -0.364953 1.302499
0.492941 -0.228537 -0.689243
0.086910 -0.330586 -2.994737
-0.049163 -0.033827 1.201678
-0.367185 0.387176 -1.792903
0.018292 -0.340073 -2.769042
0.311565 -0.180334 -1.014693
0.412927 -0.252210 0.608236
-0.436171 -0.219455 2.246266
-0.327226 -0.072216 2.221595
0.021230 -0.224532 3.037987
0.056387 -0.350611 -2.522228
-0.417410 0.053065 -2.802503
0.049437 0.402048 -0.735034
0.200030 0.272509 1.650794
0.239322 0.372330 -0.624842
0.316193 0.411246 -2.915200
-0.165332 -0.387835 -2.052034
-0.290497 -0.097851 0.434468
0.038818 0.491513 -1.156559
0.133436 -0.403512 -1.111693
-0.341343 -0.040410 -0.723963
-0.445663 -0.011051 1.045516
0.216853 0.375748 1.704246
-0.485401 -0.264330 -0.897221
-0.315248 0.106236 0.007866
0.434327 0.129983 2.011340
-0.477336 0.114567 1.012306
0.415582 0.088316 -1.248206
0.223892 0.351089 0.462030
0.354515 0.256154 2.721044
0.127599 -0.227799 0.929814
0.080253 -0.156256 1.699520
0.066101 -0.013260 -2.548357
0.459532 -0.223623 2.635154
0.495267 0.132381 2.672836
-0.364584 -0.365650 -0.132086
-0.223708 -0.231805 2.931089
0.260194 0.262797 -0.540925
0.108498 0.455633 -0.254161
0.170769 0.465798 -2.299875
0.363279 -0.334857 -2.454542
-0.339251 0.286737 1.104362
0.286683 0.056065 -1.130068
0.185772 -0.189295 -2.600910
0.382936 0.048844 0.928603
0.290376 0.366542 -1.301591
0.381528 -0.217198 -1.805873
-0.208090 -0.498916 -2.577353
0.461762 -0.192579 -1.033732
-0.109514 0.276073 1.159913
0.482373 -0.436198 -1.799620
-0.084384 0.372286 -0.450074
0.321858 -0.141064 -2.889008
-0.342598 0.196855 2.396521
0.123071 -0.264088 -2.520693
-0.063060 0.446860 -0.552443
-0.421285 0.294815 2.158804
0.291496 -0.162521 1.476842
0.071883 0.160168 -0.258201
-0.309882 -0.419705 1.917320
0.306720 -0.162402 -3.034223
0.258943 0.457111 1.224506
-0.112009 -0.214526 3.030099
0.230362 0.389262 0.258366
-0.001392 -0.188495 2.329572
-0.049046 -0.074702 -0.925852
0.447855 0.253362 1.647019
-0.063401 -0.480931 0.431263
0.179629 0.382074 1.386580
-0.284214 -0.405913 0.719420
0.419956 0.408248 -1.878779
-0.179944 -0.001723 1.947085
0.172545 -0.237756 0.457421
0.333397 0.169465 1.814246
-0.140749 0.057290 2.523957
0.399383 0.436137 -1.522511
-0.160901 -0.496262 -2.339230
0.344211 -0.216513 1.735828
-0.239343 -0.476402 -0.224914
-0.457937 -0.000221 -0.646754
0.005042 0.059529 3.038011
-0.157088 -0.225445 1.759020
0.120583 0.231799 2.614355
-0.387855 0.153530 2.263339
0.186037 -0.356029 -1.163897
-0.001604 0.274938 1.850592
0.051740 0.292485 1.515321
0.254210 -0.064428 -2.654997
0.380823 -0.160782 -0.099699
0.395631 -0.279392 1.865715
0.380375 0.328541 -1.638959
0.382344 -0.049431 1.641388
-0.214493 -0.013203 -2.415913
0.336597 0.339719 1.747608
-0.446484 0.118679 -0.086823
0.203086 0.042907 -2.281236
0.296922 -0.075652 -1.297609
-0.260449 -0.122174 -0.080780
-0.080554 -0.156416 0.517853
0.109834 -0.123101 -2.113209
-0.045543 -0.312869 -0.772564
-0.045272 0.214077 1.060189
-0.046056 -0.022731 2.164426
-0.010767 -0.483392 0.916555
-0.263060 -0.413203 1.932218
0.436075 0.445058 0.541661
0.109899 -0.099850 1.864945
0.319957 0.204607 2.979343
-0.024773 -0.282095 0.691386
0.145525 -0.377286 3.032287
0.340205 -0.169229 -1.061268
0.317966 -0.489561 -2.159724
0.123408 -0.395749 -2.570711
0.210540 -0.341378 -2.463169
0.026725 -0.477298 1.391369
-0.318761 0.292278 -3.100130
0.293105 -0.141712 0.453359
0.343466 -0.012133 3.088849
-0.206213 0.365110 -1.732446
0.368730 0.117335 -1.721872
-0.323966 0.354898 2.840152
0.050158 0.284515 -0.942837
-0.412129 -0.048676 1.786013
-0.326417 -0.384789 -1.111464
0.331292 -0.218882 1.151420
0.071887 -0.344757 -2.675098
-0.134967 0.244773 -2.671627
0.068581 -0.461090 2.265365
0.296022 -0.299896 2.483723
0.141476 0.009487 0.324450
-0.100379 0.380963 -3.007440
-0.193933 -0.395160 -1.629676
0.362493 0.194254 1.816112
-0.041576 -0.019487 2.458836
0.298338 -0.128195 -2.370253
-0.129485 0.105979 -0.037544
-0.028280 0.486964 2.314529
0.091908 -0.413479 -1.961046
0.248250 0.416220 -0.364313
0.379179 0.237023 -2.199531
0.157883 0.090377 2.532247
0.161897 0.042508 0.743373
-0.439442 -0.499666 3.136283
-0.401642 0.377926 2.963194
0.414698 0.222602 -0.582833
0.147223 0.143644 0.008307
0.482891 0.354167 -3.061469
0.427415 -0.324997 2.861802
0.163317 0.453653 -2.010231
-0.002859 -0.088178 -0.075282
-0.176959 -0.107704 -2.427292
0.110981 0.427130 2.442029
-0.464984 0.162339 -0.973980
-0.291901 -0.342516 1.871832
-0.127377 0.213170 0.808371
-0.188697 0.140881 0.516000
0.416905 -0.167540 0.416700
-0.421020 -0.161254 0.282792
0.194728 -0.043903 0.247177
0.076113 0.204734 1.414916
-0.270686 0.394279 -0.502063
0.023797 0.101616 2.557367
-0.258555 -0.187856 0.768817
-0.490678 -0.086799 -1.085982
0.418100 -0.245000 -0.226124
0.394214 -0.269071 1.437678
-0.184713 0.347289 -1.085284
-0.364699 0.334365 1.761603
-0.214722 0.244325 1.654546
-0.343968 -0.114836 0.216792
0.188323 -0.453065 1.586223
-0.006696 0.207678 1.724856
-0.285663 0.353246 -1.589533
-0.291739 0.301946 2.606935
0.259447 0.243866 0.230772
-0.495561 -0.306465 0.754286
0.401623 0.250313 -0.699007
0.340395 -0.270143 1.038847
0.202730 0.353992 -2.436118
0.007466 0.210037 3.043896
0.102383 -0.203669 2.649463
-0.365370 0.079850 1.426249
0.159606 -0.225888 -2.784096
-0.020442 -0.313290 0.688152
0.354615 -0.202541 0.820903
0.121670 -0.264859 0.445754
0.050394 -0.011537 -0.923550
0.260265 0.283402 3.002603
-0.172053 -0.325028 1.772710
-0.455869 0.291680 2.642600
0.207144 0.494547 -2.988042
0.454695 -0.497604 0.889295
0.480953 -0.494169 -2.905311
0.033972 -0.396915 -0.977229
-0.255857 0.186465 2.471462
0.150904 0.381724 -2.493603
-0.406801 -0.401945 2.084451
-0.173675 0.478734 -1.857345
0.351999 0.227069 0.001671
-0.285856 -0.342881 3.054820
0.458870 -0.410178 1.615244
-0.345767 -0.102739 1.838181
0.335202 0.334759 -0.226073
0.195124 -0.322427 -2.736817
-0.372193 -0.043415 0.879607
-0.069401 0.212142 1.730589
-0.174495 -0.266465 2.012246
-0.428639 0.044708 -1.959195
-0.105598 0.091046 1.958398
0.333804 0.261195 0.026366
-0.231245 -0.481443 0.002608
0.271250 -0.455050 3.132237
-0.178619 0.051196 -2.896159
0.184812 -0.018272 -0.838539
0.470644 0.481050 2.178552
-0.221261 0.421760 0.041447
-0.371903 -0.014325 0.745963
-0.014509 -0.004029 0.214630
-0.271811 0.240911 -0.399947
0.071269 0.428733 -2.784284
0.202458 0.314981 2.234486
-0.440637 -0.392945 -1.415640
-0.009898 -0.337080 1.010499
-0.180933 0.437278 -0.685862
0.185613 -0.222059 1.606328
0.338323 -0.189720 -0.435523
-0.417725 0.350254 -2.343008
-0.292390 -0.180047 2.760359
-0.354930 0.340353 0.050494
-0.182393 0.142434 1.825035
-0.291716 0.309532 3.116613
-0.361986 -0.286175 1.275092
-0.349792 0.242882 1.302670
0.494968 0.381127 0.560428
-0.155637 0.090893 0.674219
0.476862 -0.368911 1.598978
-0.469613 0.081981 -2.915688
-0.402054 0.139304 -0.894663
0.177046 -0.130434 -1.883505
-0.088959 -0.318813 0.670575
0.224867 0.038013 -2.260062
0.176377 0.186302 3.034245
-0.177759 -0.193131 1.475483
0.231971 -0.400855 1.297155
0.422457 -0.245022 1.841142
-0.031922 -0.038211 -1.154651
0.412564 -0.439260 2.803438
-0.003851 0.201447 -1.743313
-0.129677 0.393968 2.828912
0.312088 -0.425839 1.893735
0.114384 -0.040375 -0.952575
0.427118 -0.482008 1.458052
-0.140536 -0.108378 1.763247
-0.408262 0.095667 -1.261511
-0.211635 0.423017 3.131693
0.209115 -0.126068 -1.257905
-0.417262 0.301228 -0.503516
0.382204 -0.085422 -2.623670
0.217837 0.190490 3.117928
-0.281712 -0.129418 -0.057314
-0.124799 -0.170158 -3.121000
0.415096 0.246804 0.715808
0.350681 0.058432 -1.012116
-0.475454 0.412235 -1.549720
-0.341595 0.244274 2.420153
-0.282200 -0.370360 1.261764
0.415211 0.071054 -0.661833
0.114018 -0.059892 1.666906
-0.141952 -0.288632 -2.343513
0.135408 -0.386428 1.807597
-0.142519 0.402534 2.317407
0.343568 0.342960 2.239482
-0.286685 -0.414434 -2.393587
-0.115609 0.418119 3.118244
0.264932 -0.376013 2.169992
0.194141 -0.430616 1.328593
