0.253195 0.037114 2.170270
0.389924 0.473786 2.189182
0.287923 0.462688 2.050977
0.346081 -0.460717 2.215801
0.334945 0.073166 2.170137
0.437834 -0.479597 2.198092
0.427702 0.231623 2.037976
0.333621 0.023154 2.241723
0.421430 -0.470911 2.232009
0.347899 0.328787 2.032070
0.395700 -0.493488 2.358430
0.335055 0.385648 2.214530
0.421793 -0.470432 2.333405
0.418270 0.455217 2.250341
0.412907 0.189330 2.168532
0.206877 0.115571 2.147920
0.181812 0.076265 2.163913
0.242743 0.349144 2.215360
0.375682 0.229347 2.019071
0.409219 -0.050197 2.333534
0.448862 0.307250 2.517244
-0.310032 -0.314543 2.402170
0.393909 0.396996 2.441879
0.411436 0.345099 2.144858
0.418084 0.342422 2.244467
0.376604 0.061840 2.393389
0.358109 0.270396 2.052853
0.363085 0.001490 2.299961
0.440649 0.481095 2.501189
0.281268 0.477600 2.067082
0.329095 0.215396 2.212991
0.355289 0.223505 2.275717
0.467271 0.134028 2.515259
0.409385 0.041053 2.473114
0.413273 0.059123 2.209797
0.423555 0.179285 2.144004
0.387326 0.337988 2.262015
0.413217 0.261498 2.106270
0.419041 -0.077381 2.449226
0.420373 0.111852 1.827809
0.322681 0.306634 2.032239
0.368419 0.281039 1.990718
0.436290 0.436330 2.584375
0.308703 -0.088016 2.434830
0.478618 -0.485766 2.127341
0.289625 -0.273658 2.808194
0.397294 0.393713 2.411464
0.356195 0.482027 2.301544
0.421982 -0.494592 2.317208
0.400277 0.045532 2.292945
0.438159 0.224355 2.463807
0.464530 0.291885 2.062328
0.396569 0.428980 2.204799
0.352854 0.154452 2.177447
0.136338 -0.106396 2.144852
0.404096 0.219802 2.208697
0.439686 -0.484686 2.344943
0.385826 -0.482652 2.291209
0.431336 0.173781 2.320537
0.355285 -0.046271 2.417452
0.395855 -0.468777 2.180812
0.499677 0.139736 2.286605
0.112690 -0.000149 2.273701
0.308209 -0.431625 2.219070
0.403590 0.380626 2.152291
0.326876 0.124565 2.305336
-0.099829 0.173913 0.682231
0.364863 0.212081 2.120040
0.291265 -0.429927 2.256004
0.417634 -0.489175 2.559286
0.391046 -0.378396 2.171419
0.402759 -0.474694 2.224647
0.355244 0.193330 2.191061
0.413208 0.241930 2.205183
0.301960 0.460919 2.420937
0.338862 0.015462 2.504943
0.442116 0.254741 2.101865
0.405717 0.052370 2.254684
0.391123 0.440306 2.326680
0.380879 -0.449007 1.950936
0.499414 0.179167 2.084916
