0.054717 -0.400906 -0.304492
-0.140101 -0.045299 0.503571
-0.425793 0.036373 0.693445
-0.421823 0.078861 2.308617
0.054236 -0.428515 -2.749217
-0.134776 -0.095138 1.015944
-0.273290 -0.472199 -3.165496
0.403530 -0.166717 0.563164
-0.114966 -0.004209 -5.182909
-0.162581 0.128206 1.722988
-0.357548 0.012345 1.895464
-0.285245 -0.410052 4.303006
0.490182 0.001471 2.717814
0.396719 0.101464 1.940493
0.228917 -0.256348 -3.362045
-0.107258 -0.394083 2.927557
0.265542 -0.261315 5.875687
0.270017 -0.315406 -0.615008
-0.045113 -0.493167 2.568977
0.244849 -0.278359 -2.469429
-0.011846 -0.391955 5.193396
-0.077898 -0.066530 -5.747259
-0.398134 -0.007141 3.244428
-0.026510 -0.480507 -3.752993
0.059286 0.098012 0.699007
-0.480439 -0.015099 2.563635
-0.019546 -0.048279 2.325829
-0.361587 0.039475 2.715711
-0.336096 -0.458210 0.394955
0.112354 -0.209629 6.173829
-0.471647 -0.356919 0.120617
-0.327551 -0.202991 -4.008376
-0.203335 -0.175499 -4.445800
-0.250538 -0.295697 2.087028
0.160869 -0.491566 3.743156
-0.251329 -0.452790 2.516936
0.462836 -0.028826 -1.352590
0.096596 -0.434525 -6.274194
0.120203 0.042184 3.800304
0.236281 -0.291582 -5.374916
0.047058 -0.312680 0.865042
-0.487280 -0.059882 2.019764
-0.473098 -0.016217 2.340409
-0.027792 -0.041878 1.043737
-0.363067 -0.102258 0.259640
-0.003367 0.207763 1.296216
-0.295029 -0.405548 4.350103
-0.282026 -0.478184 2.822495
-0.438466 0.036017 0.850943
-0.485427 -0.333993 3.203480
-0.419275 -0.490348 7.020911
0.299887 -0.458429 -2.329705
0.106704 -0.443965 2.164951
0.000443 -0.132897 5.390788
0.128924 -0.450559 -3.401620
0.372880 -0.497143 -2.928725
0.339780 0.159865 -4.224823
0.093000 -0.004266 2.661614
0.218992 -0.213265 -2.905717
0.166135 -0.065670 2.338457
-0.422084 -0.219516 1.577114
0.057769 -0.313976 0.764429
-0.022310 -0.360884 0.258784
0.221818 -0.038358 0.423059
-0.199831 -0.254032 1.081928
-0.479853 -0.149744 -5.060129
-0.404230 -0.236629 1.398291
-0.458110 -0.397753 2.988526
0.038053 -0.247030 -0.397412
0.360269 -0.154181 1.387711
-0.057815 0.241746 2.863113
-0.461875 -0.017708 2.094276
0.089200 -0.247725 1.161943
-0.364499 0.005163 5.291124
0.378725 0.255221 0.802241
-0.106479 -0.225806 3.010306
-0.170841 -0.253965 2.648370
0.238198 0.088977 0.441833
0.157229 -0.312445 -3.116608
0.392639 -0.428418 -3.404645
-0.426545 -0.371784 3.623769
-0.106874 -0.346569 2.786887
0.208448 -0.236547 2.252629
-0.321487 -0.235389 -0.961585
-0.334052 0.020494 1.845190
-0.255755 -0.452790 0.912504
-0.041194 0.272656 2.853626
-0.387938 -0.200511 0.813720
0.008153 -0.421461 -1.122485
0.098514 -0.476088 -2.550021
-0.424685 -0.455306 4.685630
0.010590 -0.119941 5.254892
-0.191515 -0.395578 3.404534
0.255004 0.244793 1.434869
0.484882 -0.294589 2.491996
-0.061631 0.233379 3.524693
-0.045800 -0.223776 -2.912396
-0.252405 -0.205175 3.105645
0.204817 -0.351848 -5.891386
-0.112377 -0.376453 3.127384
-0.496911 -0.250280 -1.271797
-0.392076 -0.395182 5.953310
-0.435337 0.170244 2.038765
0.216250 -0.310040 -5.204638
0.037130 0.330625 0.965547
-0.403800 0.175413 3.722264
-0.364240 -0.478173 0.190430
-0.346359 0.021943 5.699493
-0.019860 -0.111602 -4.902745
0.072240 -0.331237 2.222570
0.033263 -0.398196 -1.163275
-0.325099 0.266233 2.388437
-0.499718 -0.311826 3.350933
0.062967 -0.288767 0.807242
-0.311404 -0.308093 2.054571
0.153933 0.303947 1.862571
0.085195 -0.429426 -6.225110
0.392766 -0.219115 1.660415
0.277775 0.197565 -3.338950
0.342817 0.359267 1.900907
-0.365781 0.111349 5.621377
-0.471519 -0.339435 -0.429323
-0.377047 -0.021507 2.815575
-0.460665 0.429125 1.042291
-0.465289 -0.475190 -5.507572
-0.202365 0.373684 0.941860
-0.495040 -0.426826 -3.927639
-0.180130 -0.108798 -0.548453
-0.423129 -0.077818 0.628029
-0.055102 0.448094 2.041639
-0.278089 0.104301 2.452161
-0.068920 -0.493780 3.094739
0.399834 0.026285 -3.122370
-0.099383 0.105517 2.725072
0.407231 -0.363688 4.388887
0.005519 0.360201 2.478813
-0.203395 0.130502 2.419379
0.110971 -0.462900 0.254421
0.161752 -0.301105 -3.019578
0.205980 -0.451398 -3.875745
0.020268 -0.239981 0.532802
-0.006815 -0.116211 6.277694
-0.248508 -0.000297 1.202122
-0.484148 0.222497 -5.028095
-0.488980 0.348249 0.515985
-0.229922 0.498642 3.559644
-0.410081 0.016414 2.185910
0.483876 -0.308881 5.939858
0.456172 -0.328913 -3.066196
-0.226738 0.465093 1.523218
-0.469382 -0.051757 3.325399
-0.496237 -0.354434 4.022448
0.354704 -0.245136 1.596704
-0.040565 -0.493656 2.331942
0.112201 -0.291359 -4.187024
-0.152732 -0.405332 2.687019
0.252375 -0.366917 -4.479099
-0.256065 -0.118457 2.958096
0.493822 -0.285496 2.627515
0.113851 0.085664 2.176602
-0.342117 -0.325440 1.742169
0.117061 -0.241796 0.424974
-0.488795 0.208916 -4.919238
-0.480804 -0.453885 2.345011
-0.045445 0.490549 5.114165
-0.449013 0.319776 0.431950
-0.404512 0.127107 -5.526549
-0.309284 0.010518 -0.144929
-0.437623 0.286205 1.202315
-0.374287 -0.366815 3.913489
0.121551 -0.370076 -2.871986
0.257138 -0.308283 -3.595259
-0.223444 -0.164081 3.116469
0.057844 0.222374 -0.703243
-0.085380 -0.471586 1.236876
0.124632 0.071033 -5.056370
-0.112801 -0.165252 2.500056
0.047216 -0.281344 -2.590003
0.439561 -0.386792 4.376674
0.047629 -0.423254 -2.290348
-0.192825 0.412818 3.796751
-0.266491 0.119780 3.906729
-0.128489 -0.344115 5.539124
-0.259221 0.418536 -6.271015
-0.470914 -0.348648 -0.485100
-0.294786 -0.222805 -0.300529
-0.395901 -0.479514 2.629474
0.062419 -0.338066 -4.534282
-0.276370 0.455703 3.936561
-0.377526 -0.444519 2.943198
-0.491392 0.330247 0.974017
-0.029716 0.350372 5.564254
-0.123819 0.246443 1.466913
0.079340 0.411983 2.831746
0.170975 0.023770 2.766254
0.166022 -0.222168 1.492474
0.183722 -0.349366 -4.666695
0.090902 0.346713 0.921324
-0.058606 -0.357138 4.411033
-0.115615 0.028336 -3.972379
-0.287779 0.381077 -6.100383
-0.190383 0.408105 3.889391
-0.127219 -0.451374 0.652693
-0.487504 0.036295 -0.835034
-0.160161 -0.348030 0.788075
-0.199937 0.239028 -5.661418
-0.216623 0.380456 3.837162
-0.459750 0.477698 1.075174
-0.150733 0.073944 1.459463
-0.135179 0.490143 -5.817350
-0.371368 -0.365084 4.627201
-0.115735 -0.440513 2.251710
-0.166890 -0.443590 2.724118
-0.326166 0.273808 2.725631
0.076379 0.382563 0.513423
0.137785 -0.402040 -3.130909
0.075988 0.488785 3.112351
0.118744 0.427829 2.119278
-0.110756 -0.241503 3.120350
0.018909 -0.371527 2.331178
-0.158524 -0.201978 -0.114295
-0.334911 0.296912 -0.829385
-0.052052 -0.140990 -6.263435
-0.349366 -0.159788 0.301398
0.348772 0.206440 0.101739
-0.406663 0.173918 3.706631
-0.348903 0.469419 5.911640
-0.212042 -0.162348 -0.452646
-0.104009 -0.236431 1.581909
-0.315614 -0.423862 3.673543
0.040354 -0.369523 -3.936689
-0.257255 0.002607 3.001993
0.194586 0.486820 -0.385560
-0.412903 0.312201 3.303329
0.255478 0.379645 3.471401
0.225741 -0.358900 -3.750065
0.190391 -0.157311 3.524370
0.027510 0.397600 4.276578
-0.058494 0.169200 5.644800
-0.028441 -0.283925 3.790699
-0.327093 0.090553 -3.585816
-0.492158 -0.026180 2.566823
0.044618 0.122409 -6.036112
-0.433901 0.421394 -5.390461
-0.356638 0.335956 -0.072602
-0.243135 -0.160814 6.282930
-0.398183 -0.025720 -6.239614
-0.481888 -0.356404 3.172214
-0.396668 0.165143 -6.269323
-0.395665 0.492219 4.549294
-0.461211 0.335619 4.671669
-0.258973 -0.024764 3.163994
-0.435140 0.416103 3.136220
-0.042357 -0.261942 4.190921
-0.037378 0.442400 -1.441615
0.024868 0.214856 -5.866816
-0.216424 0.073990 1.335922
-0.221588 0.053239 2.736431
0.476639 0.497033 1.173843
0.476203 0.226185 4.155728
-0.344734 0.221554 4.696985
-0.238534 -0.153219 6.003575
-0.288509 0.413913 -6.179529
-0.447872 -0.140142 4.340306
-0.424075 0.415912 -5.281609
-0.341454 0.393214 0.367403
-0.188223 0.185365 0.476108
-0.258168 0.347932 6.210375
-0.153160 0.334862 0.914143
-0.260045 0.470363 2.495474
0.114493 0.327989 0.606115
0.177902 0.331402 -0.349310
-0.348054 0.389275 -2.167747
-0.463940 0.187053 3.581224
0.355036 0.326643 5.859474
0.021253 -0.283177 -0.051960
0.341796 0.413363 -3.000466
0.438108 0.462632 -0.970907
-0.175214 0.389868 3.866131
-0.090553 0.433863 2.512371
-0.309833 0.343606 2.917029
-0.354295 -0.307086 -1.125589
-0.285481 0.407204 6.203007
0.138879 -0.001363 3.562560
-0.495912 -0.337325 3.613229
-0.303431 0.115908 -0.282436
-0.316733 0.342264 5.775074
-0.411064 0.441595 -1.338591
0.006111 0.464387 -2.299650
-0.371942 0.219520 -5.818229
-0.410333 -0.224345 3.788028
-0.181974 -0.361160 4.245449
-0.122024 0.417120 3.598149
-0.181906 -0.237475 3.749039
-0.034793 0.198990 1.992142
0.109771 -0.000184 -2.781673
0.203089 0.175210 3.963199
-0.070681 0.223467 2.733192
0.421829 -0.045163 0.254084
0.177860 -0.303976 5.010203
-0.351107 -0.054497 3.560478
-0.436906 0.477608 11.235509
0.021322 0.205160 1.705001
-0.180237 0.473550 4.988196
-0.265158 -0.073916 -4.263144
0.006072 0.133026 5.707197
-0.451677 0.412865 1.602459
0.383272 -0.090003 5.601662
-0.396713 0.348963 -0.522082
0.409032 -0.176760 5.122629
-0.475762 0.443385 -2.027001
-0.105480 0.458302 -5.491059
-0.238433 0.358623 -1.963650
-0.164446 -0.263427 3.692949
0.069834 -0.022561 3.583975
0.428384 0.464683 -2.378984
0.094309 0.375580 2.067437
-0.165849 0.372272 2.631405
-0.162080 0.155240 3.482287
0.007596 -0.134449 3.339046
-0.212754 0.297477 2.691017
-0.278852 0.144559 -0.588677
-0.276157 0.022084 5.138256
-0.092216 0.358802 4.626696
-0.235458 0.430606 -5.519049
-0.351888 0.345499 -0.394236
-0.456752 0.448431 1.851830
0.287873 0.327735 3.686478
-0.223386 0.256326 2.624021
-0.317904 -0.029190 5.385788
-0.246269 -0.168788 3.589549
-0.337454 -0.084815 4.812481
0.013920 0.150932 4.201543
-0.023349 -0.257232 3.861693
0.061292 0.234040 -0.846618
0.429462 -0.039920 -0.777889
0.336615 -0.250296 4.496914
0.341787 -0.260665 4.404138
0.065865 0.068006 -2.638601
-0.039866 0.342413 5.682156
-0.421604 -0.032137 -1.091904
-0.443719 0.407456 1.500361
-0.372128 0.253158 4.285610
0.203764 0.451075 -0.422376
-0.019920 0.212983 4.168198
-0.273364 0.370724 -5.838709
-0.342258 0.464147 -1.467652
-0.192345 0.262133 5.861119
0.174559 -0.096594 3.801298
-0.179798 0.335088 -2.447007
-0.480534 0.332658 -1.413999
0.175395 -0.133945 3.880492
-0.040537 0.269945 -1.241505
0.270764 0.202503 -3.216212
0.220129 0.466985 -5.520723
-0.250019 0.460928 -0.343506
0.167890 0.043490 -5.142502
0.292824 0.452721 -0.248436
0.031182 0.409570 -3.564211
0.023085 0.456048 -2.242313
-0.332844 -0.006746 4.635658
-0.368926 0.477168 1.850252
-0.385255 -0.071380 3.873370
0.096068 0.351553 0.529709
0.340527 0.445303 6.268379
-0.252796 0.365190 -6.210666
0.037513 0.195090 -5.891107
-0.185573 0.256810 5.835745
0.440143 0.471294 3.189008
-0.233124 -0.061890 3.591951
-0.147324 0.352362 4.017015
-0.174454 0.445478 -1.839582
0.267110 0.219180 3.631598
-0.222836 0.073824 3.514569
0.063109 0.310247 5.154386
0.148050 -0.077874 3.980075
0.056742 0.450460 -3.566937
0.251083 -0.073373 4.185178
0.110692 0.005684 -3.042821
0.325660 0.411367 2.757577
-0.205245 0.454437 -2.221289
-0.293133 0.226795 -5.667032
-0.042547 0.321386 5.773233
-0.396051 0.247458 3.626162
0.111505 0.043861 -0.732160
-0.144459 0.494755 -3.310006
-0.432355 0.279765 0.271960
-0.182786 -0.116207 3.859686
-0.395636 0.112904 -1.512882
0.423291 0.164938 -1.605314
-0.106318 0.248428 -1.972810
-0.120494 0.499047 4.471066
0.157190 0.104786 2.297904
-0.201610 0.470071 -1.082972
0.421352 -0.007559 4.606464
-0.018133 -0.078987 -1.929463
0.307830 0.207839 -2.060189
0.029351 0.201989 3.787170
0.419147 -0.130135 4.295607
0.201550 0.173779 4.185761
