0.148833 0.135673 -5.781192
-0.215206 -0.017286 -4.303615
0.081313 0.310543 -0.357370
-0.421093 -0.453294 -4.017535
0.056006 0.331207 0.815991
-0.388275 -0.049457 4.881222
0.273922 0.438939 2.195195
0.344564 0.218205 -3.977646
-0.397134 -0.208863 -5.002516
0.285348 -0.199447 -3.165635
-0.208941 0.057933 5.347660
0.496883 0.111619 -0.357997
-0.084698 -0.170156 3.368365
-0.215001 -0.251762 -5.957162
-0.499150 0.005404 3.731774
-0.368883 -0.226866 -0.375556
-0.070106 0.419828 5.500546
-0.167410 0.366344 -0.782420
0.098700 0.352191 -5.192474
-0.237915 0.103391 0.062094
-0.326967 -0.334155 -1.948650
0.445841 0.103744 -4.459736
-0.432308 -0.441296 -3.722685
-0.408270 0.152907 4.396498
-0.345771 0.146528 -3.121568
0.005632 0.051251 -4.057146
-0.090211 -0.133328 2.919566
0.478358 0.151449 -1.718886
0.196580 -0.257867 -4.372347
0.042117 -0.279500 -0.279529
0.355183 0.457863 -1.494322
-0.043329 0.077455 6.219788
0.468301 0.130678 -3.711287
-0.225728 -0.196036 -2.230093
0.105006 0.205044 -2.565009
-0.379259 0.453842 3.016062
0.123447 0.020350 -5.860170
-0.113566 -0.421745 4.433768
0.119509 -0.087402 -3.919358
0.361016 -0.041945 -4.291993
0.491179 0.085199 5.604781
0.393338 0.322191 4.542063
-0.215437 -0.403354 -5.259072
0.405816 -0.024059 -4.365775
-0.373015 0.343222 -4.905124
0.338427 -0.130399 -0.915636
0.386745 -0.187831 3.587380
-0.201273 0.161514 5.264058
0.399555 -0.451082 -0.595565
-0.470614 -0.487340 5.318990
0.087996 0.430517 -4.965997
0.297290 0.013818 1.281272
-0.452972 0.490099 -6.156445
-0.016724 -0.248307 4.504441
0.430549 0.232069 -6.101008
-0.471188 0.174557 0.052057
0.073088 -0.409101 -0.302980
-0.483858 0.027326 -0.689011
0.385795 0.321584 3.746662
-0.229978 0.024280 -4.412834
0.230841 -0.096382 -4.775071
0.429428 0.191329 -2.177017
-0.422521 0.225012 3.667498
-0.317932 0.017969 2.723975
-0.026985 -0.300952 -0.377791
-0.197421 0.027769 -4.454551
-0.189490 -0.232209 -2.405323
0.260746 -0.324375 1.486617
-0.308039 0.398906 4.648789
-0.076316 -0.098579 -4.629584
0.166501 0.114400 -2.398557
-0.275177 -0.044321 0.533425
-0.205971 -0.286620 -5.007811
-0.322408 0.248281 -3.935549
-0.336599 0.265429 -1.595987
-0.273826 0.217876 -1.766174
-0.043123 0.065798 0.091010
0.465169 0.203359 3.947088
-0.018351 -0.113935 0.191209
-0.129547 -0.342216 2.171682
0.154390 -0.493073 1.596874
-0.238947 -0.162839 -5.418436
-0.449430 -0.059470 4.981232
-0.028304 -0.136397 -5.264186
0.131273 0.238225 -3.005390
-0.385338 0.087938 4.586943
-0.258566 -0.264213 -4.921862
-0.383617 -0.449304 -2.651071
-0.208581 -0.023732 -4.884030
0.009314 0.458703 5.359821
0.438743 0.210241 -2.157860
0.009579 0.494868 5.705454
-0.131802 0.136335 3.311142
0.130996 0.131892 -2.637550
-0.456342 0.019495 -6.050670
0.112835 -0.245861 -4.464768
-0.092931 0.437038 2.269037
-0.202471 -0.442880 2.077804
-0.259040 0.096449 5.123263
0.443712 0.380296 0.289929
-0.126232 0.256517 -4.784511
0.029659 -0.183337 5.571522
0.081184 0.014526 -1.364059
-0.474261 -0.339865 1.453531
-0.341941 -0.030644 4.683416
-0.191130 -0.109278 1.098262
0.176067 -0.327626 -3.817819
-0.376605 -0.118337 -4.723370
-0.123402 0.337813 -3.459590
-0.137858 -0.124251 5.046710
0.068043 -0.327632 -1.759424
-0.315075 0.069906 5.099254
-0.054537 -0.277148 -5.937783
-0.244652 0.129537 5.240815
-0.037430 -0.443921 5.172569
0.053832 -0.023866 -3.874855
0.138108 -0.050429 -5.974373
-0.191470 0.237096 -0.075723
-0.213800 0.045635 -5.565101
-0.118124 0.143133 5.909946
-0.262740 0.254588 5.765159
-0.037946 -0.196711 4.051308
-0.085466 -0.336661 2.207788
0.072431 -0.324335 -1.886981
-0.261677 0.089109 -5.335495
0.359190 0.250847 4.093577
-0.274413 -0.135340 -1.137180
-0.052599 -0.342776 -1.446682
0.498831 -0.463915 8.231127
-0.114501 0.082748 -1.794167
0.039645 0.450452 1.410589
0.003622 -0.217797 4.655118
0.191377 0.061214 0.316541
0.477553 0.448424 -0.237893
0.222337 -0.353993 0.016708
0.024678 -0.484997 -3.317747
-0.248107 0.407697 -1.447272
0.364807 0.036863 -5.027995
-0.484308 0.113427 3.766460
-0.294190 -0.020147 5.101072
-0.041323 -0.034590 0.693532
0.250086 0.486500 3.678594
-0.320881 -0.333542 5.331000
-0.408397 0.444534 3.000452
0.124971 -0.232132 4.138571
-0.322178 -0.202073 0.345571
-0.241830 -0.161727 -1.852139
-0.191918 0.475630 -5.075143
0.192197 -0.092888 -4.731188
-0.164922 -0.392344 3.038202
-0.062280 -0.202611 3.974412
-0.352364 0.497413 12.226807
-0.079051 0.117672 -4.804948
0.336939 -0.024977 -2.828100
-0.210675 -0.293758 -4.317732
-0.228852 -0.213952 -5.598663
-0.140691 -0.310925 -5.275620
0.080016 -0.323409 -4.561051
-0.203469 0.073421 -5.879127
0.227254 -0.111657 -1.948950
0.146211 0.309758 2.615863
0.068527 -0.108038 -5.088316
0.098944 0.386018 0.282110
-0.356513 0.495895 -5.612006
-0.099622 -0.437850 -2.073465
-0.399502 0.190741 4.682992
-0.430704 0.433514 0.312978
-0.067608 -0.249769 1.752794
0.157706 -0.040050 2.038969
0.212170 0.424586 -5.514459
-0.053511 0.355271 -2.624965
-0.410094 0.488321 2.885603
0.161072 0.219782 5.643660
0.149535 -0.388132 2.314776
0.494600 0.197856 1.192320
-0.004921 0.030200 -3.837123
-0.443776 -0.106413 -5.423066
0.174142 -0.249544 -6.109225
0.154187 0.355382 -3.841467
0.235989 0.394346 2.677417
0.358980 0.453461 5.486404
0.085682 -0.102725 3.323896
0.371634 0.304017 -5.252164
0.110872 -0.076939 1.571021
-0.336154 0.140061 -3.601275
0.099619 0.284495 -5.702609
0.054366 0.432901 -4.795549
-0.102412 0.177182 -0.426402
0.070646 0.456911 -1.006244
0.087050 0.427723 1.156998
-0.488830 -0.380039 2.114393
0.152882 -0.195219 -4.646682
-0.121241 0.265893 -3.278082
0.159725 0.252344 -5.154963
0.437243 0.236594 -6.113582
0.124397 0.341079 -4.054042
-0.095242 0.451991 1.565677
-0.458017 -0.342020 4.700857
0.170639 -0.236616 -3.745354
-0.057271 -0.144331 -6.219240
-0.285385 0.004543 3.126605
-0.193633 -0.423445 -5.353868
-0.283529 0.008657 3.337699
0.118901 -0.214451 3.119038
0.126361 0.187600 -6.177268
0.035450 -0.222559 5.327005
0.364782 -0.220956 -2.949142
0.051627 0.495315 -5.655661
-0.195090 -0.309637 -0.290498
-0.029300 -0.046948 -2.813559
0.271262 -0.479453 -0.693138
0.093053 -0.082436 -3.115516
-0.290078 0.349556 -1.137438
0.478887 0.236770 3.315190
-0.326725 0.151488 -2.907262
0.279093 -0.095595 -2.148710
0.487827 0.240589 -6.036702
0.085958 -0.210614 3.150225
0.379641 -0.142168 -5.674052
-0.377056 0.403611 4.118457
0.439374 0.289994 2.642791
-0.298768 -0.249570 5.408541
0.257409 0.024968 -4.100986
0.324208 -0.031898 1.835467
-0.258693 0.343259 -3.442459
-0.288759 -0.369207 2.631163
-0.152038 -0.153977 -5.554718
0.176758 0.362319 0.888925
-0.322022 0.466983 -3.408100
-0.417964 -0.342924 -1.728681
0.150597 0.174964 -6.048648
-0.279099 -0.290731 0.140518
-0.399861 0.181766 -0.983104
0.475906 0.185793 7.751344
-0.320572 0.161746 4.645969
-0.052897 0.459487 1.897026
-0.165474 -0.422517 -5.337662
0.065852 0.349304 -5.663519
0.224619 0.190659 1.158851
-0.231921 0.193785 5.102375
0.495326 -0.074573 -0.408129
0.182983 -0.010453 2.358543
0.185281 -0.302153 0.909396
0.328929 0.457392 -1.482406
0.047486 -0.376353 -5.110212
0.362710 -0.179450 5.736371
0.339576 -0.121063 -4.619429
0.462605 0.284320 -3.534062
-0.456677 0.490345 12.104458
0.073691 0.034643 -3.732724
0.355179 -0.311156 4.453925
-0.101357 -0.359799 -5.333045
-0.219202 0.469074 -5.455059
0.332071 -0.123489 -5.607763
-0.007995 -0.446087 3.663884
-0.351475 -0.293839 5.053862
0.138349 -0.079105 6.226776
-0.284400 0.405156 5.574861
0.383425 -0.178124 3.295362
0.014293 -0.114023 6.131345
0.467298 0.124014 -2.461780
-0.255214 -0.396778 -5.576216
-0.007525 0.438624 0.910004
0.151011 -0.312883 0.819487
-0.061596 -0.420186 1.307762
0.106506 0.384338 -1.915496
0.072754 -0.410512 -0.725805
-0.027280 0.431232 -0.556737
0.222521 0.121088 -5.102431
-0.282153 -0.291359 -1.389789
0.028807 0.350304 -2.229140
-0.109873 -0.376028 -1.017607
0.100222 0.371392 4.431147
-0.174325 0.059398 0.376187
-0.058745 0.387875 -0.569131
0.326854 0.464708 3.124343
-0.253629 0.223292 -1.763872
-0.058488 -0.250578 4.805878
-0.214668 -0.138744 -5.375654
-0.287252 0.034035 -0.536112
-0.494968 -0.178098 -4.582330
0.404019 -0.454360 -4.384987
0.083027 0.191860 -4.047970
-0.351762 -0.098874 -5.170123
0.010822 -0.343021 -4.571589
0.059427 0.178204 -2.657054
-0.247187 -0.415117 -5.344242
0.428109 0.003936 2.420313
0.236635 -0.108818 -1.873260
-0.136705 -0.309347 -0.666856
-0.196753 -0.110958 -5.122188
-0.052208 -0.220043 4.966200
0.455834 0.348902 0.625774
-0.348755 -0.326393 6.232619
0.400372 -0.309554 3.381517
0.490259 0.282763 3.283773
0.121167 -0.060787 5.785881
0.369387 0.285834 2.039053
0.139941 -0.024855 0.737657
0.472523 0.182468 -4.650916
-0.446656 0.499279 4.638271
0.454420 0.077994 -0.491017
-0.006151 -0.443458 3.695749
0.112820 -0.090397 -3.848513
0.019952 -0.377597 3.377023
0.465453 0.001885 0.494553
-0.120766 -0.347002 5.435040
0.147414 -0.473012 1.324136
0.426707 0.173227 -5.132853
0.393573 -0.441623 -0.695869
0.317553 -0.158269 -5.772105
-0.002599 0.384099 -0.476513
0.247229 -0.143069 3.819271
0.251769 0.493980 3.609765
-0.042795 -0.351191 4.471935
0.110020 -0.052749 2.007469
0.490018 -0.359275 8.146003
0.027340 -0.103053 1.006271
-0.422039 0.159801 -1.448131
0.108307 -0.196910 -4.947489
-0.455471 0.000300 3.914075
0.208421 -0.485805 4.618040
0.147377 -0.077446 1.412702
-0.245947 0.235958 -1.951335
-0.476105 0.017245 -5.363611
0.018783 0.371036 0.575112
-0.053158 -0.258724 -5.964359
-0.211704 -0.218573 5.422195
-0.326584 -0.214838 -3.850064
-0.150261 0.306251 4.217551
-0.159576 -0.243127 -0.846707
-0.168382 -0.422859 1.998280
-0.430054 -0.376444 4.756769
0.003235 -0.076214 2.144210
0.054146 0.450670 -4.199403
0.278489 -0.025175 -2.447424
0.002059 -0.339647 -4.966946
0.398091 0.339893 -5.704317
0.215816 -0.012891 3.285147
0.450766 0.151916 -5.154989
0.345746 0.454197 -3.105442
0.216919 0.473122 -0.410844
0.358123 -0.124010 4.867121
-0.331381 -0.277913 5.536586
-0.115999 0.209370 -3.446427
-0.080396 0.446989 1.853371
-0.125215 0.101407 2.973689
-0.062721 -0.360082 -2.574958
0.416988 -0.382463 2.368792
0.121841 -0.164403 3.062070
0.417042 -0.039057 2.693949
-0.069311 0.403002 -2.219253
-0.487161 0.121983 6.994100
-0.351361 -0.259134 -3.536836
-0.280165 -0.260812 5.081860
0.057812 -0.376074 -5.227358
0.211012 0.131792 -5.581923
-0.117675 -0.230743 4.898595
0.353461 -0.490306 4.296448
0.099876 0.276645 -3.184358
0.266045 0.435561 2.078373
0.439129 -0.418744 2.321703
-0.309220 0.168879 5.028188
-0.435821 -0.496739 4.742431
-0.063671 0.134705 -1.488553
-0.122604 0.052637 -5.021340
0.071357 0.287852 -4.489705
-0.354688 -0.245502 -3.882145
0.418576 0.067477 -4.306332
-0.338866 -0.360875 0.241905
-0.089038 0.451303 1.202501
-0.092687 -0.270432 -4.854337
0.228467 0.199484 -2.427607
-0.112876 0.304873 -4.540984
-0.235930 0.049428 -4.560503
-0.373630 0.283858 -5.915867
-0.232351 0.291773 5.695321
-0.159766 -0.304357 -0.415185
-0.435880 -0.350299 4.649785
-0.151150 0.282494 5.430470
-0.231375 0.183287 2.603030
0.391019 -0.160149 -1.687985
0.353932 0.217249 -4.082807
-0.074960 -0.463964 -2.328120
-0.337636 0.450357 -2.591944
-0.248560 0.346745 3.894878
-0.440381 -0.442807 2.339583
0.495698 -0.386993 -4.729877
-0.202278 -0.075837 0.784294
0.354493 -0.015926 2.125514
-0.055591 -0.377976 -2.871989
0.001938 0.044187 -3.562717
-0.282994 0.295277 -3.439989
-0.412451 -0.122436 1.472746
0.158244 -0.474448 6.041065
0.301478 0.026085 3.126233
-0.359188 0.342812 -1.759589
-0.474194 -0.421722 -4.171872
-0.181433 0.346853 6.112902
0.283687 -0.476764 -0.718841
