-0.181127 -0.015007 -3.444137
-0.324164 -0.200029 0.043227
-0.140857 -0.435653 0.739170
-0.258963 0.221004 -4.719358
-0.262598 -0.098097 3.469657
-0.217489 -0.347886 1.721302
0.271493 0.388364 -5.721021
0.227380 -0.320508 3.703228
0.318592 0.183378 5.983208
-0.195528 -0.071975 1.096508
-0.178697 0.054979 -3.458489
-0.463580 -0.436887 6.005634
0.227850 0.047400 -5.330357
-0.329922 0.102498 -4.580781
-0.370373 -0.297387 5.582679
0.186015 0.103678 1.939450
0.133862 0.216509 4.148821
0.272892 -0.193187 -0.692406
0.399807 0.107837 1.077755
0.047500 -0.381443 -0.871708
0.016288 -0.174460 3.845474
0.439173 -0.207372 1.794155
0.021037 0.153315 -0.595331
0.452975 -0.017295 0.621715
0.184301 0.473030 -6.151498
-0.059106 -0.244102 4.280131
-0.233950 0.187256 -1.325974
-0.293995 0.359453 -2.569055
-0.296662 -0.261590 3.292958
-0.263064 0.475920 11.113232
-0.097900 0.372133 0.223509
-0.156412 -0.288181 -2.626285
0.050874 0.373906 -0.658150
-0.200463 -0.071051 1.055616
-0.046344 -0.424796 1.802510
0.059812 0.491352 -3.564303
-0.403957 0.494744 12.262102
0.420722 0.375494 -4.132616
0.452715 -0.206700 1.853712
0.082976 0.128614 2.042668
0.330412 0.141708 1.819491
-0.217574 0.190461 4.175720
-0.460001 0.037823 -1.436750
0.262723 -0.345697 4.860315
0.350130 0.456192 2.544173
-0.398128 -0.299299 -2.942774
0.132802 0.064874 0.077463
-0.031741 -0.083461 2.189665
-0.154358 -0.092314 1.019171
-0.155190 0.482307 -4.071542
-0.105320 0.141766 -3.561790
0.345036 0.148520 1.157602
-0.206731 0.361246 -0.415548
-0.135981 -0.257175 0.520431
0.208407 -0.046388 -1.472084
-0.329716 -0.125939 3.710879
0.051992 0.124105 3.574443
-0.411365 -0.072125 1.827119
-0.367739 0.449082 3.733609
-0.038747 -0.275866 3.291599
0.314108 0.335471 -5.846219
-0.044864 0.470383 -3.658077
-0.359621 0.064763 -4.440913
0.425729 -0.256961 -2.718667
-0.184391 0.177911 -3.399368
0.184753 0.447273 -1.901269
0.293892 -0.044848 0.242229
-0.465297 -0.455714 -4.096406
-0.466908 -0.232270 3.469471
-0.174595 0.354968 -2.287822
0.447505 -0.335741 2.460392
0.336097 -0.289074 -1.591883
-0.379116 0.143174 -2.859360
0.229337 0.460536 -0.142298
0.243606 0.131942 -3.097101
-0.253679 0.060215 3.187232
-0.249300 -0.491348 2.413789
0.223770 -0.389628 -2.110398
0.199571 0.317233 -5.681935
-0.165274 0.368210 -1.350373
0.277826 -0.232047 -1.427364
-0.361148 0.091406 4.722342
-0.320596 0.136624 3.953561
-0.475852 0.090903 -3.889992
-0.442289 -0.449921 -3.985719
-0.457079 -0.490424 0.980861
0.054193 0.052018 -3.065301
-0.439701 -0.187807 -0.493244
-0.481709 0.296289 -2.852494
-0.322268 -0.188137 -3.724987
0.476894 -0.120053 -6.077143
-0.286749 0.488615 12.471851
-0.419467 -0.245109 -2.970834
-0.423639 -0.137578 2.083692
0.343239 -0.248530 -5.015331
0.389253 0.230971 -1.663739
0.385496 0.329885 -3.560648
-0.109963 0.023540 -1.714893
0.219685 -0.172936 1.310214
0.295398 -0.399074 4.631270
0.302181 -0.157271 0.535598
-0.143154 0.267763 0.501871
0.057686 0.223056 1.002132
-0.337468 -0.371297 -1.783846
0.345114 -0.432370 -3.748453
-0.280786 0.269332 5.094889
0.371460 0.324094 -5.007714
-0.112380 -0.390580 -2.395071
-0.306802 0.499082 11.842674
-0.091752 0.245991 -1.853291
0.449961 0.216625 -5.238777
0.247161 0.104385 3.092989
-0.404411 0.003039 -5.150556
-0.052989 -0.254939 3.908554
-0.273056 0.292840 -3.791222
-0.210057 0.340830 -1.354205
-0.291112 0.267736 0.412701
0.220768 0.492164 11.512002
0.285768 -0.056062 2.386525
-0.032144 0.444377 -4.031561
0.478764 -0.336439 8.773248
-0.489222 0.287049 4.646506
0.008822 -0.180737 0.626347
0.093139 0.382444 -5.334149
-0.189970 0.466553 0.907048
0.398892 -0.163582 -3.352016
0.355522 0.286738 -0.998951
0.287521 0.256985 -4.946123
0.243075 -0.339382 -3.344221
0.015600 0.086822 -3.397413
0.075372 -0.374541 0.580197
-0.417823 -0.438306 2.682198
0.444590 0.003795 4.855063
-0.108160 -0.359713 -0.569689
-0.038758 0.072531 -0.797784
0.493120 -0.470288 3.793355
-0.108750 -0.082233 4.536988
0.285655 -0.058182 -2.148386
-0.109590 -0.245089 5.794624
-0.343878 -0.497503 -2.288172
0.459315 0.033318 -3.692782
-0.379139 0.269103 2.562476
-0.438692 -0.491852 -2.966852
0.307846 0.427499 1.551027
-0.457913 -0.240014 -6.074577
-0.311319 -0.140431 3.967279
-0.027274 -0.053473 -5.861211
-0.383227 -0.387483 5.235665
-0.439446 -0.495146 -2.626443
-0.162009 0.383320 -4.368415
-0.237608 0.252126 2.405681
-0.404889 -0.484643 -3.722265
-0.105268 -0.099517 -1.817894
-0.395189 0.227755 3.823976
-0.246791 0.024324 2.839837
0.050819 0.066298 3.398279
0.230849 -0.036211 -2.010498
-0.118124 0.156301 1.492144
-0.079618 -0.467434 -2.441528
0.000704 -0.125155 2.181773
-0.094198 0.015909 0.465311
0.126862 0.050974 0.070472
-0.110629 0.414784 -4.520321
-0.137793 0.260138 5.594369
0.365589 -0.364698 1.088243
-0.243863 0.468482 2.097213
-0.405952 0.334324 1.372805
-0.313475 0.317958 -4.992319
0.125158 -0.192656 5.225197
-0.238515 -0.008853 -5.635720
0.117717 -0.383634 -5.699533
-0.388826 0.295993 3.666416
0.107497 0.240434 -0.225416
-0.411282 0.106018 -0.277872
-0.311506 0.259149 0.804699
-0.398057 -0.010044 -1.949765
0.078054 -0.245083 4.441504
0.044872 -0.256457 5.251282
-0.340755 -0.485738 6.299779
0.399367 -0.086493 3.840068
0.177174 -0.345655 -5.845053
-0.278305 0.164969 2.357762
0.228275 0.015740 5.460744
0.191158 0.407403 3.412539
0.416460 -0.228738 -2.675216
0.373492 -0.402779 2.741363
-0.102888 0.172356 -3.705547
0.051417 0.111606 -6.087276
-0.113601 -0.173484 -5.129797
0.382060 0.496286 4.960179
-0.488451 0.459327 6.717982
0.321878 0.206118 5.620805
-0.351890 0.071835 -2.475919
0.016433 0.469659 -4.262067
-0.077146 -0.190109 5.708603
0.231816 0.462868 -3.440939
0.109626 0.103096 -0.577482
-0.238022 -0.127982 3.636806
-0.205195 -0.394039 2.664430
0.083241 -0.457599 -2.359912
0.410125 0.409910 0.922741
-0.314027 0.122602 6.009225
-0.419840 0.203245 0.143333
0.243570 0.460951 -1.294584
0.252415 0.486554 -5.311289
-0.026629 0.199980 1.461535
-0.135627 0.408441 3.280829
-0.371444 0.057450 -1.998058
-0.051081 -0.290990 3.601642
-0.393362 0.144333 -0.229431
0.355824 0.317450 -4.828576
0.227440 -0.413194 -4.722898
0.443775 -0.392149 -0.646195
-0.493154 0.133722 -4.477015
0.475793 -0.307674 9.196497
-0.015583 -0.375389 -4.056393
0.174257 0.025053 1.080009
-0.200503 -0.480097 -1.691803
-0.169937 -0.390357 2.131361
-0.410951 -0.000264 -2.063021
0.328892 -0.064689 4.697635
-0.232223 -0.403170 0.395848
-0.276647 -0.319618 3.694206
0.263183 -0.380985 2.306662
-0.357221 0.417402 4.627295
0.277535 0.115102 2.062591
0.263267 0.230748 1.987144
0.300096 0.475299 0.136313
0.155210 -0.034826 2.852352
0.213016 -0.483682 5.973998
0.183523 -0.331590 4.909899
-0.290675 0.491691 -5.498733
-0.019419 0.490648 5.079965
0.070641 -0.456238 -2.062683
-0.092553 0.481310 5.403707
0.054625 0.457362 -0.060274
-0.408003 0.309644 3.805947
0.087183 0.137598 -1.483944
-0.053640 0.193178 -2.821335
-0.366602 0.351950 -0.415051
-0.460970 -0.411948 -3.001189
0.176532 0.143316 5.423781
-0.003343 0.499662 5.249826
0.045697 0.138196 3.320782
-0.152468 0.407503 -4.687563
-0.487185 0.386719 -2.784391
-0.323327 0.342610 1.009014
-0.383141 0.233317 5.126896
-0.456135 -0.264518 5.535782
-0.042932 -0.209780 2.811463
-0.344188 0.476766 10.841794
-0.344547 -0.445631 0.850289
-0.435059 -0.391873 3.851878
0.135359 0.367786 -5.456695
0.024442 0.027527 0.864738
0.340117 0.000164 -5.964749
-0.340794 0.004892 -4.424165
0.137592 -0.488758 -0.757819
-0.294586 0.162375 -3.182931
-0.244807 -0.002457 1.855904
0.370936 0.186640 0.338565
-0.057298 -0.420406 1.770237
-0.439932 -0.486212 -2.680708
0.217789 0.062345 -4.593239
-0.157478 0.030830 -4.035987
-0.308802 -0.165373 -2.594225
-0.181815 0.481381 1.430851
-0.078440 0.461768 -1.436893
-0.464967 0.331116 -2.673999
-0.046151 -0.450217 3.438497
-0.471474 0.367884 -1.900295
0.475970 0.446175 -1.303780
-0.367995 0.072754 -4.768721
-0.440442 -0.455393 -3.134125
-0.450965 0.098358 -4.143542
-0.221706 0.075260 -2.819452
-0.337287 0.045134 -4.928228
0.011282 0.130861 -1.879791
0.289901 -0.459794 -1.487616
0.083150 -0.249029 4.002966
0.011811 0.103945 6.248680
-0.141708 0.451653 5.582368
0.463361 -0.148266 4.544777
-0.440092 -0.441869 0.764133
-0.140299 -0.337099 1.486733
-0.372046 0.393087 -1.815590
0.380474 -0.406081 -5.231423
0.431429 -0.019157 5.515021
0.123884 -0.213910 5.608717
0.091925 0.192052 -0.367700
-0.359424 -0.152985 -0.090095
-0.411905 -0.466175 5.258354
-0.407347 -0.130329 2.140155
-0.074223 -0.187592 2.662790
0.495386 0.490413 -4.583625
-0.167616 0.002570 1.496870
0.390794 0.261338 1.725210
0.340027 0.275805 -0.719561
-0.469863 0.084500 -0.386102
-0.295040 0.089579 3.743020
0.226851 0.438886 0.313280
0.185803 0.368792 -2.359228
0.041603 0.337185 3.058304
-0.278709 0.279089 -3.453206
-0.119323 0.272356 -1.549480
0.343481 0.271345 2.319414
0.373537 0.349463 -4.238828
-0.190203 -0.134479 1.229094
-0.125665 0.460145 1.174620
-0.358360 -0.009236 1.563891
0.386687 -0.423968 -3.123656
-0.390431 0.398157 1.884642
0.132361 -0.483414 -0.749486
0.023194 0.200568 3.254526
-0.301352 0.017739 0.383563
-0.123592 0.397422 -4.426128
-0.478877 -0.279908 6.106243
0.067879 0.396868 -1.530434
-0.140448 -0.390328 -2.183166
0.281791 -0.004404 4.676420
-0.274252 0.495173 -5.757144
0.326288 0.260111 1.684253
0.163082 -0.401607 -4.765874
0.048012 0.028910 6.011506
-0.432154 -0.226363 -3.065285
-0.458047 0.356688 -3.590260
-0.345078 0.094882 -6.137837
0.209578 -0.040923 -1.220310
-0.157661 0.228228 -3.177372
-0.324005 0.366513 1.735979
0.361471 0.455013 2.179573
-0.173075 0.161948 -5.300981
-0.220101 0.367543 4.890037
-0.117369 0.484747 12.089325
-0.492119 0.375735 4.965433
0.053933 -0.220157 3.739338
-0.310319 0.317537 -5.219181
-0.145022 0.278094 5.596636
0.066209 0.408118 -1.768352
-0.216853 0.352259 -5.396473
0.199773 -0.380176 -2.029896
0.258627 -0.394214 -5.599298
-0.351571 -0.456453 -5.389989
-0.131055 -0.430937 6.243240
-0.452377 -0.223238 -0.426191
-0.415674 0.094929 -1.823880
-0.246588 0.152593 5.084152
0.364394 0.115515 -3.294242
0.050506 -0.330764 0.378102
-0.072449 0.467084 -1.204930
-0.406992 0.093976 5.043750
-0.366755 0.201378 -3.666314
0.167367 0.144369 5.836301
0.190305 -0.345412 -4.804154
0.463049 0.183510 -4.669086
0.395349 0.049024 1.695384
0.269315 0.338602 5.109460
-0.167288 0.112903 -3.159085
-0.166448 -0.245093 -3.451596
0.136816 0.120840 5.262488
0.039064 0.391439 -0.143156
0.136314 0.147196 1.912361
-0.231265 -0.321486 1.536936
-0.341888 -0.480316 3.759393
0.403909 0.178129 4.012414
-0.302244 0.319712 2.753593
0.139158 0.078699 -2.006477
-0.477864 0.490784 6.546056
-0.465131 -0.263373 5.835332
-0.016889 -0.128718 2.557318
-0.190097 -0.018831 6.019701
0.052373 0.175100 1.018197
-0.338311 -0.218932 -3.476378
0.416538 -0.020694 0.652502
-0.185822 0.386380 -0.515016
-0.274798 0.478596 -6.052705
0.004635 -0.105750 -1.335867
0.400289 0.256621 1.576336
0.092220 0.103233 -2.093992
-0.268560 0.069060 4.716546
-0.202869 0.456230 -4.023445
0.038270 0.073411 -5.812843
-0.333059 -0.460034 -0.041632
0.184676 0.113031 -0.509805
0.346454 -0.457454 4.717184
0.068522 0.028323 -5.663342
-0.102439 -0.481446 -1.437118
-0.207142 -0.007459 -5.534584
-0.088161 -0.297551 -0.434525
-0.424310 -0.403480 3.836086
-0.475418 -0.305972 6.502144
0.189216 -0.396503 -6.096098
-0.059694 0.313040 -1.463974
0.423089 0.393759 1.710816
-0.389243 0.490118 10.057298
0.365587 0.243168 -5.257611
-0.158476 -0.100656 4.944383
-0.161372 -0.235453 -2.499696
0.086067 0.092258 5.226421
0.213881 0.412365 -3.686595
