-0.083008 -0.386031 -4.548385
0.253030 -0.483866 8.830476
-0.050322 -0.212749 5.436942
-0.421759 0.212735 5.788873
-0.308733 0.498585 -5.540344
-0.373010 0.300976 -5.076552
0.290161 0.407813 -0.955865
-0.418121 0.176155 5.158984
-0.042299 -0.485876 0.795155
-0.360109 -0.463312 4.509362
-0.180418 -0.072360 -0.528340
0.073446 -0.084758 0.671020
-0.057351 0.392307 -0.893638
-0.155886 -0.356378 5.974197
0.098025 -0.301861 -1.998724
0.391910 0.121173 -4.839176
0.035320 -0.078324 -2.836572
0.017285 0.386126 1.357402
0.338903 -0.275401 0.642861
-0.247692 -0.257014 6.133804
0.431758 0.390472 -5.143046
0.331560 0.471879 -2.107327
-0.199683 0.200690 0.244854
-0.469468 0.278171 2.544516
-0.466815 0.368585 -1.258633
-0.498200 0.470630 2.259862
0.311835 0.341342 1.640561
0.301624 0.374437 -3.782307
-0.181985 -0.385019 -5.438190
0.341035 0.499745 9.427170
-0.491312 0.092014 -0.592789
-0.307291 -0.178560 2.724322
-0.490563 0.361329 -4.359515
0.071296 -0.297097 -3.983719
0.478239 0.369416 -4.505161
0.427950 0.453273 2.989934
0.397652 0.430704 -2.371767
0.468655 -0.168797 -0.280674
-0.424534 -0.441570 5.236917
-0.312911 0.155051 -0.551478
0.157780 -0.263812 -5.860709
-0.183664 0.196869 0.252799
0.153341 -0.055430 1.577622
-0.003579 -0.466647 5.344495
-0.452863 0.001908 -5.611912
-0.436413 -0.016043 -1.197737
-0.396108 0.291017 5.079445
-0.401712 0.352649 -6.268583
-0.267643 -0.354180 3.326225
0.456377 0.356526 0.312509
0.456045 0.418399 5.361098
0.130156 0.342861 2.146436
0.258637 -0.482966 -3.145872
0.051044 0.003967 4.666676
-0.227470 0.008911 0.411141
-0.265378 -0.401920 1.995845
-0.315580 -0.061013 -5.843367
-0.171097 -0.052450 -0.158460
0.301875 -0.078968 -3.706843
-0.016149 0.269087 -3.536824
-0.040955 -0.344225 0.372485
0.454015 0.369602 -3.100288
0.324948 -0.461511 5.764119
0.265793 0.357316 1.908708
-0.248221 -0.406434 0.447879
-0.248360 -0.389008 -1.974628
-0.480850 0.208926 2.905073
0.004767 -0.376524 5.764800
-0.230014 0.194320 -1.201842
0.494192 0.044214 1.944045
-0.016655 0.357680 -3.724523
0.473294 -0.322649 1.925122
-0.374446 0.211644 -1.837371
0.444130 0.324215 -3.157803
-0.194033 -0.212413 1.477425
-0.157543 -0.074206 -1.427579
0.116725 -0.488405 -1.676177
0.398389 0.368228 -0.569337
-0.131368 0.401079 -4.598216
0.351248 -0.236220 -3.417640
-0.435798 -0.410916 -2.561619
-0.158896 0.498657 -3.080667
-0.472695 0.052731 -5.643286
-0.136053 0.091864 -2.450104
0.215562 0.278766 -0.384458
0.431817 -0.459207 -0.956503
-0.314854 -0.184510 -4.025747
-0.425804 -0.429153 -2.215393
0.313079 0.221630 -5.876793
-0.304886 0.459377 -5.229328
0.476777 0.460740 9.049979
0.254297 -0.447830 -4.390526
0.227125 -0.093386 1.013608
0.456145 0.315786 -3.382983
0.374391 0.219126 -4.554892
0.450370 -0.088635 -5.059572
-0.009974 -0.403901 0.660937
-0.374425 0.166161 -2.379826
-0.419909 0.448627 -1.064114
-0.228788 0.248657 2.772582
-0.016321 0.286957 -3.859214
-0.387005 0.194554 -3.806735
-0.476885 0.307986 -0.043899
-0.468126 -0.190620 1.513467
0.188093 -0.018635 -4.312307
0.315400 0.471377 3.743761
-0.389049 -0.454656 4.302828
-0.257397 -0.396335 -0.689687
-0.141291 -0.035350 5.662370
0.465515 -0.111501 -4.523642
-0.483147 0.061480 3.615421
-0.081240 -0.403609 3.834674
0.123634 0.201309 1.926414
0.249088 0.320047 2.600546
-0.139575 0.089610 -5.403927
-0.039912 0.269742 5.057029
0.040312 -0.401434 -5.137312
0.180040 0.131589 2.583532
0.311211 0.420036 -4.637722
0.069514 0.196095 3.594314
-0.473883 -0.004497 3.785651
0.413830 0.398217 5.204880
-0.115716 0.472115 2.246559
-0.014151 -0.418070 5.793120
0.083887 -0.000644 4.379032
0.157836 -0.489287 -1.199790
0.209477 0.220317 2.412460
0.458540 0.174087 -4.439714
-0.286592 0.340356 -3.316892
-0.281752 -0.291357 -2.928546
-0.205044 -0.410874 -1.689295
0.316494 0.375148 4.507568
-0.284551 -0.084785 6.145967
-0.273660 0.285594 2.883209
0.392808 -0.441170 0.855678
0.317148 0.418785 -3.896318
-0.151490 -0.422490 -1.779517
0.483712 0.186994 -4.221808
-0.034370 -0.169375 1.606473
0.370651 0.342140 1.543635
-0.126160 0.427388 -3.133099
-0.274654 -0.386052 5.810736
0.081995 -0.197757 -5.775882
0.313152 0.130441 -0.064673
0.226395 0.437383 0.815586
0.361082 0.320414 2.622202
0.267620 0.356593 0.496303
-0.176331 0.229948 2.284097
-0.435033 -0.032158 4.088427
-0.335034 0.499710 0.330184
0.036847 0.468949 -1.717073
-0.125855 0.470193 2.347504
0.052891 0.312111 4.203789
-0.049979 -0.074425 -5.440105
-0.093816 0.068256 -5.980071
-0.174810 0.156063 -2.303161
0.463689 0.350752 3.281701
-0.484124 -0.375303 -3.185289
0.146874 0.355689 2.033268
-0.464972 -0.227194 -5.416535
0.432805 0.383284 0.125068
0.478286 0.169303 -0.608255
0.304156 -0.263581 4.988439
-0.052935 0.274970 1.251192
-0.308687 -0.309837 4.233995
-0.453084 0.196919 -5.186238
-0.380973 0.181190 -4.900995
-0.403805 -0.244817 -4.279156
-0.371451 -0.343855 -6.229446
-0.243590 0.213454 0.791064
-0.291693 0.054409 -5.708967
-0.068059 -0.041164 2.882871
0.284882 0.462264 2.508828
0.336347 0.220249 3.325652
-0.370507 0.236012 5.149794
-0.382470 -0.298759 -1.039003
0.317308 -0.150124 2.846953
0.342793 0.315705 -5.523078
0.123256 -0.066181 3.986478
-0.461218 0.283932 -5.722407
-0.060192 -0.495389 0.256652
-0.293282 0.062042 -5.950649
0.485404 -0.391811 5.422728
-0.405539 0.195412 -5.015580
0.399955 0.150019 3.543167
-0.205725 -0.020464 0.484545
-0.195707 0.241658 0.021761
0.446522 0.375020 -5.652904
-0.390117 0.287449 5.542409
-0.232664 -0.217643 3.801497
0.419623 0.461560 3.508180
-0.049668 -0.064456 2.571403
0.073775 -0.189523 3.183091
-0.063534 0.203878 -2.843984
0.260351 -0.363399 4.249061
0.121055 0.399126 2.883977
-0.340302 -0.042308 -5.899558
-0.373532 0.191442 5.317331
-0.264363 -0.181559 3.778628
-0.449191 0.059345 4.538353
-0.122104 -0.347434 2.311187
-0.406709 0.461022 -1.038403
-0.243097 -0.009670 -1.628707
-0.261856 -0.030122 -0.451595
-0.429695 0.357051 -1.946870
-0.216193 -0.418364 -1.176679
-0.483376 -0.037844 -0.527626
0.058404 0.190453 0.626591
-0.204035 0.349229 -3.719025
-0.373340 0.197774 -5.212321
-0.230348 -0.276437 -5.331786
-0.031641 -0.020536 4.720191
-0.333878 -0.269067 3.217313
0.113849 -0.499774 -3.129187
0.091986 0.115282 -0.018739
0.187044 -0.396214 -6.232817
0.345276 -0.425572 -6.097470
-0.136964 0.407830 -4.333452
-0.130404 -0.151525 -4.478617
-0.295709 0.068483 0.630951
-0.024053 -0.090150 -4.050418
-0.375419 0.080628 -5.664082
-0.358195 0.005745 -0.993777
0.250491 0.123834 4.767871
-0.079140 0.148676 -4.045289
0.280167 -0.152388 -3.325425
-0.056877 -0.430946 0.196673
-0.433389 -0.408024 -5.838658
-0.264403 -0.254334 0.712588
-0.019601 0.279141 -3.913477
-0.010085 -0.120675 -5.726032
-0.270893 0.317962 3.137983
0.147777 0.374839 0.868449
0.364344 0.447013 -6.073081
0.469477 -0.247956 3.139282
-0.448183 -0.243930 -5.641289
0.478936 0.165240 -0.392704
0.283078 0.091797 0.543933
0.015318 -0.131994 4.313932
-0.328097 0.117070 -0.101458
0.130213 -0.480452 -2.349642
0.402842 0.124266 -5.128461
0.264652 0.208789 -1.453032
-0.311058 -0.321831 4.100716
-0.254401 -0.184638 1.551688
-0.490723 -0.067747 -1.233303
0.489844 -0.216335 -1.348427
0.028061 -0.248016 3.555277
0.430928 -0.383268 1.109473
0.471808 0.352800 -5.491260
-0.199612 -0.162922 -4.221454
-0.059883 -0.347259 -5.902269
-0.158312 -0.176989 4.170491
-0.105151 -0.482880 -6.104869
0.269579 0.334204 -3.308127
-0.132264 -0.479502 -3.516554
0.475520 0.034645 5.440600
0.439293 -0.110077 5.785247
-0.339835 0.455023 -0.025297
-0.026949 -0.124079 4.440190
0.156542 -0.252579 4.997346
0.301773 -0.080623 -3.317452
-0.407506 -0.432821 4.123283
-0.022298 0.185663 -5.305580
0.486823 -0.412271 5.700464
-0.333523 0.109154 -5.325433
0.042430 -0.207139 -5.638960
0.401979 -0.066371 -4.974087
0.107991 0.043003 -2.898273
-0.476097 0.019191 -5.535578
-0.110124 0.072095 1.078314
0.004344 -0.150379 2.253342
-0.453946 0.162247 5.584232
-0.409148 -0.459121 -1.387645
-0.459623 0.453113 1.020550
0.459982 0.119925 -1.429396
-0.083559 -0.188323 -0.417270
-0.157574 -0.074987 -1.430916
0.282034 0.323619 4.258905
-0.429895 0.162389 -2.854641
0.358807 0.164247 -1.218968
-0.398930 0.088688 -5.864322
0.178895 -0.439298 4.456366
0.186942 0.229295 -0.411755
0.344187 0.465093 -3.902999
-0.455341 -0.386359 -3.369110
-0.301226 0.173422 -1.271683
0.108823 -0.168695 1.876139
0.365459 0.132309 4.719673
-0.356608 0.122451 -2.151324
-0.023360 -0.490429 3.760935
-0.220028 -0.416530 2.347384
-0.128876 0.429063 -4.936019
-0.471819 -0.266290 -5.793371
-0.467751 -0.317858 -5.590390
-0.091612 0.370356 -4.401082
0.418237 -0.140310 0.629137
0.176042 0.171666 2.546511
0.091322 0.099661 4.306504
0.008280 -0.065418 -4.322916
-0.202009 0.182607 -5.533420
0.436682 0.436502 1.570659
-0.016496 -0.080008 4.496610
0.348870 0.285220 1.636027
-0.284299 -0.251574 -3.040267
-0.263458 -0.005614 -3.441193
-0.441115 -0.150036 3.666270
-0.384484 0.044122 0.237355
0.256206 -0.062278 4.392268
0.082259 0.495107 4.776299
-0.339271 -0.278640 2.919127
0.410071 0.214932 -0.409345
-0.391553 0.074018 -1.914463
0.360659 -0.233493 3.831192
0.046838 -0.487427 -0.812235
0.359285 0.103763 5.827003
0.121678 0.169892 -3.925638
-0.325877 -0.269747 -6.144624
-0.084310 -0.432481 -1.743000
0.020845 -0.140152 1.981386
-0.207482 -0.410024 -1.417838
-0.174184 -0.389855 2.105090
0.347359 -0.075839 1.020778
0.197813 -0.109433 -3.139601
0.376382 -0.357597 5.083552
-0.116410 -0.342874 2.195644
0.118009 -0.229020 3.997438
0.026670 -0.162180 -5.102495
-0.145661 0.434967 3.824779
-0.254124 -0.016265 -5.668307
-0.346287 -0.307027 0.346578
0.132840 0.454393 -1.251486
0.351957 0.461749 -4.125499
0.372222 0.321797 -0.245111
-0.222709 0.165545 -2.472837
-0.089713 0.129634 5.097501
0.413172 0.377104 -0.920559
0.092828 -0.105097 -0.361835
-0.031790 0.386521 2.178566
-0.446840 0.203908 -4.990960
-0.474882 0.490161 -5.860946
0.329232 -0.261120 4.686945
0.474970 0.167187 -4.563549
0.454460 -0.336490 2.283552
-0.316631 -0.086062 -5.923622
-0.060451 0.311026 4.059638
0.103179 0.267849 2.346710
0.352964 0.270704 -0.181784
0.398628 0.291990 1.307200
0.099494 0.345440 1.738184
-0.448288 -0.375407 -5.863196
0.362176 -0.101876 -4.083512
-0.091378 0.153787 -5.330845
0.313655 -0.047847 1.451130
-0.324448 -0.258196 -6.153427
0.114279 0.312826 1.843198
-0.249147 -0.373453 -0.293238
-0.310596 -0.177486 -3.886670
-0.249367 0.487538 11.155646
-0.175372 0.347117 4.203842
-0.145329 -0.231934 -6.029765
-0.084522 -0.401191 2.574423
0.196530 0.446358 0.112778
-0.286312 -0.284153 -3.089084
0.485864 -0.427557 5.577819
-0.396467 0.281075 -4.246177
-0.445145 -0.051578 3.283619
0.468320 0.496570 11.899879
0.032768 -0.281704 2.846301
-0.065480 -0.361282 1.054510
-0.457743 -0.060568 -3.264647
0.283173 0.120202 4.266889
-0.194099 0.143565 6.020277
0.307865 0.051285 0.472305
0.288814 0.132940 -5.706268
-0.063471 -0.345527 3.875954
0.098830 0.335108 -2.191120
-0.039937 0.301478 4.311593
-0.267722 -0.005325 -5.686786
0.120666 -0.231775 0.694204
0.245407 0.374156 -2.682888
0.016101 -0.118677 1.892923
-0.186693 0.222441 2.390635
0.491548 0.473290 -6.085653
0.151298 -0.188894 -0.794012
-0.435262 0.054685 5.904917
0.134764 -0.252912 3.812543
-0.453830 -0.372539 3.638554
0.480815 0.331404 2.289350
-0.171049 -0.096199 -1.761310
0.221235 0.094104 -3.959827
0.299610 -0.009740 3.449844
-0.037122 -0.459330 -4.809207
-0.418305 0.236537 -4.326727
0.189830 0.084449 -4.880638
-0.112186 0.074381 1.014058
-0.182218 0.025103 -0.639131
-0.439961 0.157271 -4.595261
0.060644 -0.476640 -0.492070
0.355706 0.463105 3.229961
