-0.182936 0.030049 3.152938
-0.439496 -0.300221 5.917417
0.034448 -0.034527 0.809094
0.487865 0.278063 4.428449
-0.352079 0.047343 -5.474102
-0.298818 -0.161309 2.809176
0.435475 -0.403487 3.370289
-0.112292 -0.373477 -0.650518
0.088898 0.236515 -5.279701
-0.299421 -0.285614 3.462226
-0.141065 -0.411211 -0.400185
-0.214713 0.070370 -5.924126
-0.241790 -0.433285 -2.378806
-0.493169 0.477799 3.020554
-0.222138 -0.203338 4.545893
-0.465710 -0.282498 -5.350496
-0.432203 0.297663 5.448238
-0.177539 -0.196975 4.268155
0.149045 0.012274 -5.984491
-0.158725 -0.187563 3.329255
0.048662 0.375470 4.497291
-0.042867 -0.280069 2.940943
0.358719 0.029934 -5.814465
0.145412 0.281236 2.758995
-0.295036 -0.493205 1.399034
-0.035139 0.488562 10.542166
-0.298640 -0.041265 2.085608
-0.303654 -0.146045 3.642735
0.420479 0.132284 -1.714499
-0.165903 -0.037052 3.326636
0.335514 -0.109995 0.938444
-0.069926 -0.069663 1.615870
-0.437779 -0.066049 5.147426
0.220304 0.373104 2.751338
0.342626 -0.499850 9.265016
-0.274107 -0.452362 3.751158
-0.026804 -0.460464 0.225816
-0.366266 0.318267 -3.203799
-0.372880 -0.340097 -5.469311
-0.324024 -0.249565 5.745792
-0.243181 -0.204221 5.948498
0.345204 0.133111 -1.619992
0.298737 0.044990 2.474806
0.257246 0.132229 -5.500139
-0.396780 -0.093703 -0.713803
-0.267137 -0.031063 -1.008708
-0.010896 0.466991 -0.477811
-0.376930 0.292584 -3.212560
-0.337965 -0.277672 -4.160895
0.067710 -0.297370 0.409504
0.129759 0.055050 5.820668
-0.317850 0.382947 3.881397
0.300504 -0.043794 -5.708450
0.102473 0.452997 5.624130
-0.022457 -0.062904 1.582343
-0.497965 -0.303805 6.853753
0.094572 0.125689 -2.608062
-0.047113 -0.479276 2.081286
-0.239829 0.275172 -5.573364
-0.343019 0.068038 3.279536
0.007942 0.203702 4.246778
0.263951 -0.304443 -1.335351
0.303189 0.099468 2.616410
-0.499977 0.286746 -1.942632
0.254265 0.320463 -2.437688
0.327298 -0.236818 2.782061
0.454279 -0.208821 -0.840398
0.152227 -0.157363 5.914522
0.202698 0.390591 -5.416372
-0.037943 0.151831 0.919017
0.100163 -0.243179 3.120721
0.227945 -0.038945 -5.936381
0.107378 -0.391739 0.781922
-0.206523 0.345523 3.227036
0.439372 0.317206 0.690454
0.009374 -0.365280 -3.892532
0.009942 -0.143828 -1.404444
-0.407544 0.322162 4.948423
0.065080 -0.404790 0.697515
0.291695 0.038668 2.502847
-0.291902 0.362388 0.308229
-0.065641 0.288842 -2.981983
0.218183 -0.137709 -0.088497
-0.345724 -0.152220 -1.019156
0.382633 0.429307 5.998861
-0.147033 -0.135395 4.016069
-0.295634 0.111384 3.500402
-0.223473 -0.030529 3.611760
0.471474 -0.055986 3.599766
0.001022 -0.198768 3.580119
-0.498881 -0.298010 -2.077670
-0.208578 0.186257 -3.464447
0.480921 -0.146135 8.128600
0.392552 0.066014 3.766308
-0.470003 0.189094 -5.579039
-0.477534 0.496152 -0.389042
0.381136 -0.140560 1.706161
0.097669 -0.003505 2.350957
0.326667 0.148173 -2.074831
0.251820 -0.189583 6.136657
-0.442331 0.116070 3.967268
-0.397310 -0.058803 1.073644
0.013015 0.350537 3.645624
-0.430678 -0.013499 -3.315346
0.200395 -0.163156 -6.041399
-0.282531 -0.206159 -5.724480
0.385665 0.266048 -1.352265
0.458795 0.434434 2.302417
0.075993 0.328448 4.065752
0.463256 -0.364133 0.681983
-0.043677 0.333763 6.192444
-0.284141 0.329411 2.014885
-0.176858 -0.005045 3.466392
-0.365299 -0.270831 -3.380002
0.497537 0.000519 2.086797
0.369647 0.158369 3.780999
0.140713 -0.454501 -1.595000
0.029141 -0.022877 2.609270
-0.446485 0.060586 3.624741
-0.037477 0.497240 10.232755
-0.259595 -0.453775 3.780761
0.153897 -0.379829 -2.393105
-0.124336 -0.175637 3.489079
-0.163970 -0.206403 3.316115
0.072798 -0.054800 1.429127
-0.023206 0.124300 -3.761275
0.346602 0.464700 0.989585
0.436047 -0.467820 -5.453141
0.136580 0.104459 -1.944147
-0.449276 -0.068630 1.034325
-0.363884 -0.434280 -5.708728
0.274568 0.498140 10.618612
-0.371770 -0.288281 -4.251182
-0.442989 -0.261984 4.191491
0.102409 -0.337013 -2.243264
0.168597 0.180060 -5.962999
-0.439092 -0.233193 5.849120
-0.227633 -0.161160 3.963485
-0.488118 0.487696 -3.152364
0.078126 -0.126464 0.712186
-0.205245 -0.444696 -1.864326
-0.194527 -0.204520 0.722440
0.319509 0.086868 -4.650256
0.219835 -0.250939 4.371516
0.397061 0.456953 -1.618737
0.329823 0.062731 -1.109690
0.083708 0.139581 4.554685
0.107030 -0.156283 0.528797
-0.044871 -0.328490 -6.175904
0.147306 0.441213 2.296967
0.044653 -0.400751 -2.326948
0.198049 0.006901 4.482917
0.403674 -0.283479 5.668511
-0.175672 -0.162652 3.366756
0.382276 0.022652 2.394096
0.127980 -0.019328 6.166503
0.453263 -0.120259 -4.699011
-0.278981 0.092605 -5.155000
0.204855 -0.292212 -6.075308
-0.497364 0.221872 4.059972
0.098123 0.361830 -2.287277
0.121916 -0.499571 4.842393
0.056010 -0.265340 2.777763
0.326555 -0.467751 3.220348
0.394662 -0.191905 1.399635
0.220498 -0.294560 -1.511136
-0.204731 0.099905 4.646461
-0.354323 -0.364537 1.126590
0.315101 -0.072718 -4.235895
0.327757 0.245578 -1.871550
-0.348087 -0.143497 -6.236415
0.480957 -0.365699 3.400050
0.257066 -0.338726 -0.780522
0.126525 0.040184 -1.587838
-0.289100 0.403781 -5.706015
0.359299 -0.188657 2.465960
-0.114182 -0.080122 3.773309
0.456788 0.453339 -1.679965
0.110342 0.066095 0.189919
0.392102 0.423348 5.382487
0.103689 -0.173929 -1.273670
-0.262640 -0.054500 3.279655
0.175845 -0.238151 4.277258
-0.316252 -0.328141 -3.979005
0.453537 -0.432906 -3.325104
-0.102270 -0.465856 1.024900
-0.434234 0.021571 5.840511
-0.374865 -0.155015 -3.937628
-0.303722 -0.148195 3.070488
0.062714 0.466906 -5.956990
-0.321141 -0.208864 4.604994
0.145504 -0.459580 5.400365
-0.343872 -0.203971 -2.571231
-0.361830 -0.327904 3.872208
0.062083 -0.302097 6.176772
-0.461399 0.316889 4.008800
-0.496234 0.398137 -2.025003
0.122991 -0.474811 -1.632846
0.110687 -0.029008 5.665955
0.202560 0.104806 -0.269675
0.250876 0.053289 3.460480
-0.045975 0.029443 -5.828097
0.204896 0.420341 -2.975140
0.490163 -0.364219 -5.903894
0.217450 0.300540 -3.947646
-0.179951 -0.189611 4.629848
-0.376711 -0.300461 3.855982
-0.268956 -0.106820 -0.916930
0.038309 -0.148074 0.052571
0.387305 -0.294003 2.386867
-0.363716 -0.168899 -0.540421
-0.429506 0.311462 -4.479109
-0.271639 0.359862 -2.261997
0.050181 -0.194132 -1.174552
0.260914 0.371032 -4.902143
-0.395847 0.031439 -2.807179
0.400800 -0.214187 -2.498138
-0.311393 0.086485 4.362975
0.105106 -0.303956 1.292860
-0.146003 -0.436154 0.934827
0.366183 -0.146430 0.870354
0.278279 0.053252 -0.751872
-0.163503 -0.366530 3.265270
0.491627 -0.358740 -6.067370
0.126125 -0.132112 5.113905
-0.499318 0.232573 -0.944251
0.102275 -0.103053 2.598037
0.209532 -0.461776 -4.969180
-0.346367 -0.080875 3.468579
-0.237373 -0.012573 4.088458
-0.256355 0.317590 1.371847
-0.438063 -0.226949 6.038730
-0.132183 -0.130053 4.382424
0.337709 -0.272906 5.112886
-0.008975 0.052158 -0.616745
-0.211578 0.326043 3.560354
-0.349172 -0.283217 -0.603016
-0.095560 -0.023449 2.466730
0.312099 0.250474 -5.467149
0.097748 0.398397 4.057161
-0.398827 0.039232 -4.713334
-0.352410 -0.127866 -5.052412
0.482402 -0.309726 0.261509
-0.226254 -0.492498 2.043866
0.153870 0.027312 2.741254
-0.296259 0.411941 -5.643692
-0.049398 -0.298252 0.032660
-0.031736 -0.414645 -3.619367
-0.360827 -0.480435 -3.546896
0.435689 0.013198 1.496969
0.445812 0.472534 0.778736
-0.353337 -0.195392 -0.240608
0.474537 -0.232117 6.101152
-0.163526 0.142727 3.063988
-0.133142 -0.162914 3.745867
0.476657 0.224900 2.521975
-0.275416 0.327536 1.003322
0.238144 -0.139413 1.319992
0.135460 -0.019763 2.470174
0.203676 -0.050144 4.246433
0.079393 -0.302520 6.035017
0.077584 -0.116317 3.228209
-0.451086 -0.065102 1.208661
0.425138 0.486376 0.715276
-0.041750 0.493690 10.431793
0.283179 -0.405234 -2.686957
-0.373788 0.161010 -3.686674
-0.382346 0.006643 -2.705353
0.192491 0.082387 -3.415412
-0.497893 0.376696 3.457283
-0.177513 0.405475 -1.583883
0.453790 0.152641 -4.498996
-0.302832 0.077271 4.382938
-0.034327 -0.394110 -4.132308
-0.453472 -0.375097 -2.903100
-0.064946 -0.402879 0.141056
-0.460141 -0.289595 -4.347329
-0.157509 -0.043524 3.282409
-0.159185 -0.379742 3.219063
-0.286725 -0.214033 5.518019
0.438353 -0.033532 3.150809
-0.249281 0.415212 -1.868875
-0.172854 -0.191433 3.204535
0.342146 0.280331 4.065091
-0.185020 -0.227665 3.870559
-0.022555 0.069493 -0.715685
-0.104331 0.175053 3.171141
0.426482 0.445362 -2.021855
0.192053 0.275565 -4.111972
0.123775 0.257020 -5.530262
-0.231771 0.412391 -0.426883
-0.105427 -0.095287 4.060466
-0.045966 -0.306107 3.202243
0.226731 -0.431631 1.162729
-0.400930 -0.054113 3.759669
0.434953 -0.099022 -0.939035
0.437207 -0.395880 3.686470
0.033265 -0.276251 0.711735
0.004916 0.183891 4.081704
0.179815 0.097457 2.366592
-0.499008 -0.341586 5.320239
0.022610 0.326786 3.780030
-0.098915 -0.496962 4.242377
-0.005888 -0.189365 4.087178
0.398278 0.150112 -5.174808
0.185652 0.477478 2.650802
-0.160493 -0.329513 0.285743
-0.374363 0.498685 12.159810
0.445307 0.299151 -0.995206
0.447199 -0.083693 -1.316433
-0.107350 0.244688 -0.737029
0.094254 0.254092 2.614118
-0.385487 0.244699 1.977614
0.497172 -0.471174 -5.512124
0.405844 -0.310154 5.226828
-0.352885 0.281869 -6.001103
0.021683 0.439087 -0.640045
-0.075368 -0.492729 -1.722932
-0.069173 -0.482698 -3.410701
-0.400878 0.107613 2.321054
-0.274427 0.420521 4.630085
-0.177241 0.268448 1.581534
-0.452531 0.006128 6.172258
0.473713 -0.151190 -4.816152
0.389675 -0.379334 5.402461
-0.338051 -0.370443 -5.213042
-0.412934 -0.329071 -1.019861
0.377868 -0.109710 5.416111
0.144308 -0.414471 4.104018
-0.199557 -0.074003 -3.645326
0.475565 0.105890 -2.099712
0.427011 0.095877 5.661781
0.308349 -0.443082 -2.667993
0.383949 0.470829 -1.710914
-0.431016 0.190091 -4.920110
-0.371024 -0.185452 -0.244110
0.417358 0.225441 -2.490346
-0.026380 -0.035575 -2.120497
-0.484882 0.308304 -4.062911
-0.310657 -0.477411 -0.317632
-0.448999 -0.446053 -2.362036
0.069613 0.457109 -6.055887
-0.045746 -0.495724 -4.037544
-0.429371 -0.243291 5.644035
0.198162 -0.329874 3.977024
0.271598 0.369164 4.284375
-0.089378 -0.330754 5.818309
0.108336 -0.028877 5.578452
0.146599 -0.430295 3.856831
-0.208939 0.336696 -2.051260
0.454888 0.139081 -4.905314
-0.225166 0.054026 -5.349040
-0.475841 -0.342544 5.563835
-0.394118 -0.200247 -3.890685
0.091981 -0.040964 -3.778399
0.141727 0.007862 -5.749416
0.251575 0.435331 -3.144429
0.166653 0.108592 -5.806573
-0.339642 -0.419489 -3.397793
-0.348954 0.447305 -0.004647
0.448838 -0.062411 4.250926
0.122482 0.080961 -1.553197
0.455053 0.035438 5.715841
0.293157 0.455113 -2.751236
-0.410584 -0.092973 -6.082763
0.110184 -0.367389 0.017487
-0.375764 0.325661 -4.401080
-0.480924 -0.191791 -3.526731
-0.086686 0.028688 2.347245
0.095286 0.128775 -2.608966
0.375472 -0.300170 2.354089
-0.108854 -0.052627 -4.675943
0.037590 -0.093325 4.158613
0.430011 -0.403016 -1.262894
0.097364 0.248037 2.818241
0.398287 -0.126627 1.157029
0.469897 -0.105804 -3.104543
0.024715 0.354511 4.065623
-0.262918 -0.410761 -2.237840
0.255679 -0.316256 -0.255901
0.182279 -0.108259 5.860993
0.161424 0.062891 -4.474315
-0.348058 0.042153 3.289058
-0.064000 0.321850 -3.186242
0.457576 0.033160 5.627516
0.194078 -0.019474 4.866541
0.134686 0.265865 -2.800308
-0.484535 0.304626 1.597894
0.331027 0.484132 -3.281643
0.219893 0.339355 -2.023840
-0.180856 0.250571 -4.054743
0.396243 0.425861 -0.962572
-0.292234 0.441335 0.321972
0.493721 -0.305265 -4.781058
-0.234293 0.429398 4.177807
-0.267909 -0.395311 4.282169
-0.314832 0.071859 4.555519
0.236441 0.035551 -1.149719
-0.232758 -0.283789 4.057157
-0.077677 -0.478166 10.660061
