0.349474 -0.435491 3.610716
0.349778 -0.196598 2.114093
-0.396086 0.005802 3.375455
0.170846 0.210364 3.108967
-0.477548 0.138958 0.003790
0.228203 -0.434195 0.349148
-0.063130 0.151005 3.215527
0.331349 -0.352363 1.924582
0.047492 0.326520 5.469162
0.329837 0.461662 1.875067
-0.457709 -0.488693 5.269613
-0.245634 -0.298007 4.149643
0.243908 0.193784 2.475238
-0.394611 -0.034987 3.049751
-0.256559 0.106069 3.426874
0.256821 0.486849 1.934151
-0.475975 0.155184 3.658693
-0.064042 0.370016 4.068622
-0.483854 0.334366 3.310006
0.018845 0.357235 3.016866
0.265842 -0.066563 2.528096
-0.365561 -0.405945 3.967286
0.079504 -0.232899 0.939448
0.044031 0.180339 0.849712
-0.431592 0.405094 5.166226
0.455757 0.003817 3.477318
0.177679 0.270920 2.792094
0.225284 -0.042919 3.085391
0.321971 -0.463425 0.872643
0.278695 0.442566 3.800881
-0.248878 -0.425388 5.073673
0.302571 0.438483 4.616990
0.413949 -0.372781 4.653807
0.449295 0.153003 2.716636
0.429681 0.236384 3.710194
0.351922 0.080716 6.108652
0.073050 0.115255 3.907049
0.450818 0.393843 2.053273
0.148739 -0.160063 3.866760
-0.436590 -0.115861 4.522473
-0.158559 -0.015056 3.856891
-0.254555 0.119606 3.894089
0.212553 -0.418000 3.273495
-0.487951 -0.104139 4.576626
-0.098081 -0.385406 1.283178
-0.190890 -0.437910 3.053169
0.181322 0.108550 5.240478
0.109031 0.110189 -3.300610
0.498061 -0.050658 2.887194
-0.299213 -0.229403 1.134887
-0.200723 0.023702 4.163815
0.049140 0.142721 3.853018
-0.465201 0.407609 -0.481454
-0.495451 -0.188137 1.032024
0.429782 -0.215311 3.959285
0.342875 0.336272 2.237748
-0.057453 -0.393355 1.212033
-0.046493 -0.022840 3.750101
-0.190927 -0.333235 4.156187
-0.409635 0.146938 2.440359
-0.406506 0.156313 2.920570
-0.015839 0.144470 0.829015
0.199744 -0.011747 0.928358
-0.311546 0.447099 5.396422
-0.451351 -0.150666 5.586418
-0.441136 -0.325091 1.215250
0.333037 -0.206448 1.853696
0.367875 -0.014996 3.389432
-0.495944 0.388895 4.759403
0.177205 -0.182831 3.806045
0.168386 -0.131749 3.461940
-0.024072 -0.449386 2.853686
-0.068518 0.177790 1.530507
-0.140941 0.095856 2.201374
-0.208374 -0.248668 3.825294
-0.160075 -0.005408 5.071422
0.045389 0.320459 3.536778
0.365223 -0.380280 3.373754
-0.230160 0.072916 4.124886
0.162558 -0.462089 2.149636
-0.375244 -0.281377 3.367538
-0.460261 -0.433018 0.120765
-0.327136 -0.421390 1.457152
0.443356 -0.218795 2.397179
-0.263520 -0.288846 4.172922
0.253160 0.285300 2.460774
0.184769 0.293196 2.610733
0.485846 -0.404272 4.098875
-0.225926 0.018613 2.791362
-0.408127 0.034077 3.041758
0.270433 -0.416828 2.572603
0.006677 -0.245007 1.902586
-0.233302 -0.253701 0.685174
-0.357997 -0.204202 3.956122
0.271680 -0.404319 2.632905
0.261721 0.007487 2.981645
0.186275 -0.029956 0.433504
-0.425677 0.353385 5.114220
0.338625 -0.428138 3.470171
-0.188560 -0.215834 4.894582
