-0.453077 -0.469531 3.114195
-0.432496 -0.487023 2.894312
-0.420487 -0.383026 2.992522
-0.361141 -0.287572 -2.877572
-0.156337 -0.195830 0.875518
-0.495191 -0.464846 -3.096047
-0.481178 -0.452246 3.100642
-0.446579 -0.397771 -2.910280
-0.378471 -0.421795 -3.034334
-0.070237 -0.181393 -0.683384
-0.469306 -0.413397 2.929513
-0.491773 -0.442186 3.100134
-0.491109 -0.438347 0.189403
-0.477787 -0.444751 3.130839
-0.479489 -0.494503 2.797097
-0.474730 -0.471084 3.129436
-0.474137 -0.457269 3.029182
-0.478871 -0.452804 3.130311
-0.433074 -0.432462 -3.016621
-0.267185 -0.208924 2.595800
0.042077 0.053823 2.587200
-0.471507 -0.428764 2.956952
-0.460465 -0.446680 2.989871
-0.458345 -0.464183 3.135121
-0.473487 -0.431210 2.870015
-0.318962 -0.244669 2.581729
-0.457766 -0.453183 2.824994
-0.420005 -0.404989 3.009761
-0.454575 -0.438145 3.073286
-0.434421 -0.466390 -3.056868
-0.459142 -0.455945 3.063797
-0.350986 -0.266577 2.804429
-0.457461 -0.420492 -2.830835
-0.406898 -0.316737 2.383423
-0.491672 -0.475515 -2.872263
-0.496196 -0.486890 -0.134819
-0.466208 -0.471412 3.122331
-0.269562 -0.286239 2.489528
-0.488768 -0.445460 2.957881
-0.286617 0.405883 1.366764
-0.474785 -0.436081 2.848808
-0.368694 -0.321752 2.412150
-0.477005 -0.443330 3.087030
-0.453668 -0.472311 3.131018
-0.363403 -0.302143 -3.114643
-0.402521 -0.442494 2.972478
-0.480175 -0.440281 3.002357
-0.498261 -0.464879 -3.058427
-0.498915 -0.469277 3.043566
-0.401209 -0.251320 2.181196
-0.361201 -0.299331 2.924653
-0.047738 -0.081855 -0.294513
-0.392610 -0.195431 1.127091
-0.461451 -0.415193 3.085971
-0.080530 -0.446161 2.241585
-0.427822 -0.446663 2.960442
-0.474408 -0.443682 -3.050876
-0.466808 -0.432345 3.121379
-0.261122 0.210315 -0.905321
-0.303944 -0.232942 2.440438
-0.379718 -0.324282 2.520019
-0.458553 -0.433587 2.759341
-0.491515 -0.466914 2.916726
-0.039915 -0.095205 -0.541986
-0.498566 -0.443121 3.105695
-0.458219 -0.459837 3.094202
-0.470392 -0.499475 -3.029384
0.003655 0.025235 -0.581549
-0.464483 -0.434144 3.131753
-0.309553 -0.347198 -2.917319
-0.429854 -0.379227 2.914074
-0.175452 -0.130978 -1.528408
-0.225954 -0.118362 -2.025555
-0.315572 -0.260823 2.525056
-0.455633 -0.444972 -3.120591
-0.372188 -0.310844 2.444494
-0.446841 -0.460172 3.077911
-0.445179 -0.437341 -3.071744
-0.429539 -0.453477 -3.052423
-0.479112 -0.487294 -3.070021
-0.477312 -0.486086 -3.094370
-0.473841 -0.438619 2.948181
-0.449099 -0.474486 2.838493
-0.411509 -0.463209 -3.134356
-0.442685 -0.411961 3.125095
-0.488027 -0.262089 -1.405697
-0.109623 -0.215937 2.044931
-0.481391 -0.420830 2.825477
-0.365094 -0.350533 2.714892
-0.073875 -0.114838 -0.677055
-0.473626 -0.483851 3.058332
-0.459217 -0.418181 3.119293
-0.475009 -0.481523 -3.141013
-0.261656 -0.391587 -2.955491
-0.478798 -0.446749 2.994954
-0.468011 -0.444377 2.966348
-0.471933 -0.471503 3.128903
-0.456830 -0.403421 2.852222
-0.487478 -0.490017 2.936073
-0.478482 -0.450751 3.090038
-0.449814 -0.477687 -3.121814
-0.486079 -0.472511 3.131190
-0.488026 -0.407932 -3.057900
-0.462712 -0.461945 2.941390
0.338332 0.236696 -0.821795
-0.471585 -0.461974 2.967220
-0.446442 -0.390970 -3.039757
-0.439614 -0.428654 -3.140523
-0.484331 -0.444569 2.810212
-0.472738 -0.461265 2.963974
-0.399247 -0.311786 2.523770
-0.353523 0.139453 2.726391
-0.072947 -0.141776 -0.351991
-0.472124 -0.462437 3.131583
-0.235814 -0.489248 -2.755095
-0.457881 -0.234035 -0.811775
-0.473640 -0.441407 2.817127
-0.499734 -0.451149 2.848594
-0.468197 -0.476552 2.996920
-0.488056 -0.458130 2.803249
-0.482840 -0.469284 3.052109
-0.476939 -0.442284 2.903053
-0.491690 -0.466033 2.969442
-0.474930 -0.447253 3.000222
-0.326217 -0.320540 -2.844661
-0.401964 -0.320790 2.519259
-0.484881 -0.443854 -2.954646
-0.454526 -0.455708 3.140196
-0.489021 -0.450428 -3.136446
-0.477154 -0.435055 -2.984166
0.491471 0.494216 2.000261
-0.476020 -0.463521 2.940410
-0.455956 -0.448534 -3.124599
-0.433331 -0.456060 2.935910
-0.495121 -0.457449 0.080379
-0.484187 -0.463995 2.989415
-0.455160 -0.453917 -2.941261
-0.446622 -0.465595 3.111627
-0.480037 -0.416346 2.951280
-0.474782 -0.414953 2.836280
-0.484121 -0.458528 2.820737
-0.368587 -0.303031 3.085974
0.129571 0.081943 1.759951
-0.471335 -0.472665 2.885953
-0.463420 -0.468372 2.983091
-0.477878 -0.445254 -3.069425
0.154260 0.058945 -0.556787
-0.471128 -0.456068 2.847809
0.046652 -0.169871 -0.335217
-0.476068 -0.428486 3.019150
-0.499859 -0.462632 0.088469
0.137835 0.089936 2.403915
-0.438231 -0.440232 3.141017
-0.428095 -0.453647 -3.069150
-0.470571 -0.437753 -3.051642
-0.423116 -0.380827 2.659186
-0.429167 -0.422514 3.109846
-0.484544 -0.417320 3.097587
-0.465728 -0.435148 2.974918
-0.489106 -0.437798 2.947400
-0.469258 -0.451672 3.084422
-0.499346 -0.452759 -0.051381
-0.484986 -0.456859 -2.879899
-0.476016 -0.447811 3.128370
-0.430230 -0.386204 2.959663
-0.453588 -0.471477 3.020074
0.027707 -0.066339 -1.325605
-0.475912 -0.475388 2.848433
-0.413304 -0.485397 -2.601908
-0.356088 -0.329255 2.519557
-0.486593 -0.496037 -2.978360
-0.481354 -0.404027 2.958122
-0.463986 -0.434700 2.856867
-0.493754 -0.499878 2.993710
0.204960 0.123960 1.615591
-0.352533 -0.300723 -2.968057
-0.427385 -0.443402 3.132011
-0.105221 -0.248968 0.846221
-0.471418 -0.424501 2.938480
-0.232597 -0.026138 1.528553
-0.445810 -0.438011 -3.106007
-0.469425 -0.442563 2.966165
-0.449160 -0.447220 3.048305
-0.425386 -0.481545 -3.134802
-0.493633 -0.456845 3.119542
-0.489729 -0.478823 2.920499
-0.454449 -0.435555 3.075822
-0.490895 -0.452583 2.863778
-0.458729 -0.431975 3.034494
-0.381986 -0.311790 2.560380
-0.490641 -0.484102 -0.086121
-0.492258 -0.486433 3.013025
-0.040120 -0.468356 2.553420
-0.487511 -0.451988 2.834805
-0.439121 -0.439831 -3.081807
-0.467225 -0.430640 3.029220
-0.488228 -0.484553 -2.953226
-0.478212 -0.437646 2.990275
-0.493634 -0.485619 2.982761
-0.339899 -0.233186 1.806738
-0.468297 -0.487932 3.133420
-0.057277 -0.103954 -0.255200
-0.437472 -0.411190 -2.995728
-0.446312 -0.433426 -3.139043
-0.480823 -0.442296 2.940965
-0.473104 -0.433490 2.706213
-0.467877 -0.473288 -3.093228
-0.470738 -0.461582 3.076912
-0.462848 -0.438744 3.001750
-0.455866 -0.452582 -3.106936
-0.494159 -0.442298 3.080423
-0.488299 -0.475491 0.047515
-0.415269 -0.478139 2.944316
-0.455728 -0.442490 3.120407
-0.473427 -0.444747 2.758402
-0.484288 -0.274873 -2.098135
-0.486318 -0.444050 2.993724
-0.483042 -0.444859 3.063310
-0.482226 -0.457326 2.931890
-0.439745 -0.462970 -3.030196
-0.492321 -0.441958 2.801660
-0.477618 -0.384516 2.982724
-0.488239 -0.481710 3.036439
-0.243708 -0.256825 2.725475
-0.463735 -0.441439 2.963255
-0.462153 -0.430151 2.863476
-0.474445 -0.448288 2.900183
-0.457258 -0.435620 -3.084270
-0.087248 -0.020965 -0.980024
-0.482001 -0.468072 -2.885816
0.140959 0.357633 -0.259048
-0.294893 -0.282268 2.395201
-0.344029 -0.323060 2.549032
-0.488986 -0.492361 -3.040015
-0.289600 -0.223669 2.783073
-0.454496 -0.492432 2.855470
-0.484860 -0.475882 -3.013721
-0.432642 -0.456435 3.126321
-0.484190 -0.429585 3.087758
-0.483096 -0.480739 3.057046
-0.382925 -0.249675 0.402163
-0.401392 -0.442877 -2.941166
-0.471731 -0.451478 2.937497
-0.448851 -0.471509 3.001845
-0.449044 -0.453520 3.013528
-0.319141 -0.271676 2.135149
-0.485378 -0.418101 2.979211
-0.473993 -0.396827 2.916653
-0.479285 -0.475532 2.944689
-0.487527 -0.471276 2.939504
-0.363469 -0.193679 1.311255
-0.462174 -0.483225 3.005003
-0.483441 -0.434150 3.078431
-0.177516 -0.463619 -2.989313
-0.484188 -0.480068 2.986219
-0.449981 -0.482443 -3.030312
-0.485492 -0.424852 2.963554
-0.284529 -0.291882 2.005436
-0.478297 -0.456919 -3.008771
-0.468369 -0.472900 -3.012458
0.432737 0.134672 1.769952
-0.050781 -0.101885 -0.715125
-0.477052 -0.485615 3.025325
-0.489819 -0.463772 2.687115
-0.436780 -0.454334 3.060691
-0.453407 -0.450898 3.061439
-0.468006 -0.451218 3.074526
-0.484346 -0.446152 2.851639
-0.494386 -0.474808 3.032185
-0.368174 -0.421631 -3.083194
-0.469750 -0.418215 3.023707
0.484277 0.287538 0.840441
-0.463386 -0.405957 3.064675
-0.444504 -0.440034 -2.899197
0.333495 0.245613 1.722410
-0.472863 -0.467860 2.784154
-0.451200 -0.409901 2.901642
-0.170240 -0.489433 -2.559852
-0.450753 -0.418428 3.123504
-0.467351 -0.490369 2.831432
-0.464387 -0.467097 -3.084414
-0.360608 -0.315775 2.841389
-0.450871 -0.436041 3.024915
-0.446771 -0.376940 3.072158
-0.338070 -0.287448 2.123215
-0.477943 -0.444378 2.987614
-0.463725 -0.452568 2.983020
-0.457503 -0.448605 2.757507
-0.474057 -0.435085 -3.130561
-0.454398 -0.462318 -3.081567
-0.076314 -0.192796 2.498436
-0.493604 -0.488125 3.070472
-0.483584 -0.439496 2.878323
-0.466820 -0.469522 -3.071852
-0.428771 -0.442776 2.932460
-0.210020 -0.337554 -2.855594
-0.365947 -0.299761 0.262952
-0.388911 -0.302013 2.537890
-0.415061 -0.024778 1.807631
-0.490210 -0.467544 -0.121983
-0.465992 -0.440648 3.099783
-0.408909 -0.369215 2.644296
-0.447365 -0.466324 2.848238
-0.467219 -0.419907 2.955667
-0.457428 -0.437230 2.935648
-0.472061 -0.464843 -0.188365
-0.499985 -0.450359 -0.118247
-0.318439 -0.260131 2.747809
-0.450350 -0.429253 -3.136275
-0.480102 -0.478088 3.029727
-0.318538 -0.280836 2.899724
-0.463684 -0.465951 3.088550
-0.454359 -0.481230 2.900754
-0.481677 -0.466872 2.917746
-0.470150 -0.463450 2.985185
-0.015581 -0.279796 0.574022
-0.490577 -0.429267 -0.021477
-0.102780 -0.045922 -0.027463
-0.477639 -0.465365 3.105043
-0.489364 -0.466636 -3.034556
-0.407556 -0.414243 -2.991607
-0.375576 -0.296119 2.941441
-0.466773 -0.443012 -3.099778
0.103324 -0.017670 -0.733054
-0.449286 -0.432283 -3.082767
-0.436026 -0.390266 3.026930
-0.489129 -0.475099 -0.051184
-0.486967 -0.463084 3.049571
-0.467760 -0.433015 2.843157
-0.463018 -0.437247 3.008562
-0.428437 -0.480781 2.946756
-0.015856 0.288944 0.215353
-0.342205 -0.313684 2.124103
-0.425078 -0.373761 2.719654
-0.454786 -0.437143 -3.078084
-0.451905 -0.481124 3.044717
-0.459096 -0.468402 3.030947
-0.435935 -0.461373 -2.932386
0.235608 0.127214 1.203030
-0.480869 -0.484483 2.968471
-0.376445 -0.458567 2.747974
-0.484366 -0.441591 -0.221327
-0.433314 -0.353718 -3.025587
-0.325593 -0.395357 2.636639
-0.311147 -0.238606 2.481862
-0.454855 -0.446022 3.095341
-0.483085 -0.484055 3.130340
-0.379998 -0.268351 2.469139
-0.263377 -0.238550 2.848612
-0.475159 -0.461333 -3.133630
-0.430606 -0.452408 -3.073909
0.057273 -0.308938 -0.314015
-0.360795 -0.286568 2.900162
-0.113768 -0.195478 1.809329
-0.053114 -0.193228 -0.313739
-0.460270 -0.396750 2.896968
-0.456072 -0.414237 2.952413
-0.319084 -0.256521 3.104252
-0.481137 -0.450854 3.095068
-0.453774 -0.441710 2.980455
-0.360332 -0.395654 2.769768
-0.432303 -0.479753 -2.785582
-0.469817 -0.470966 2.894296
-0.488830 -0.476393 3.087431
-0.064682 -0.111880 -1.082068
-0.456163 -0.495803 3.087031
-0.454799 -0.474425 2.997339
-0.459770 -0.437861 -2.855405
-0.255356 -0.498985 2.780866
-0.484394 -0.456616 2.981777
-0.459087 -0.474438 3.133758
-0.388227 -0.345895 2.474918
-0.480028 -0.480961 -0.042255
-0.450325 -0.477592 3.023728
-0.478831 -0.480936 3.063694
-0.468117 -0.462780 3.085329
-0.498749 -0.428066 -3.121242
-0.495624 -0.475325 -3.001883
-0.497567 -0.466618 -3.108998
-0.463824 -0.468069 3.049873
-0.213189 -0.273171 2.742332
-0.414568 -0.495825 2.889505
-0.474901 -0.463328 3.077444
-0.465651 -0.445827 -3.073627
-0.475748 -0.464532 -2.997687
-0.459839 -0.450983 2.971706
-0.109399 -0.124893 -1.174284
0.007038 0.415252 1.978041
-0.377560 -0.317713 2.335219
-0.460978 -0.478918 2.943279
-0.455099 -0.438625 -2.968889
-0.346799 -0.274989 -2.907278
-0.492040 -0.450457 3.035740
-0.465107 -0.485226 -3.129264
-0.471638 -0.436252 2.952432
-0.397194 -0.438218 2.612692
-0.483526 -0.476278 3.102070
-0.192936 -0.475800 -2.663724
-0.402132 -0.389456 2.893995
-0.047236 -0.078468 -0.736363
