0.082492 0.349396 -0.312331
0.254941 0.486422 -0.296773
0.070696 0.431585 0.177168
0.060888 0.335741 -0.024892
0.050923 0.408674 0.307410
0.074189 0.438911 0.251357
0.034275 0.475300 -0.091111
0.066697 0.415181 -0.293587
0.298485 0.332653 -2.224960
0.380013 -0.082507 -0.531785
0.016718 0.491694 0.053585
0.055472 0.323876 -0.215750
0.071551 0.395774 -0.030319
0.036395 0.331641 -0.123631
0.086653 0.387604 -0.278265
0.109735 0.420804 -0.258507
0.079521 0.450211 0.068084
-0.013807 0.285806 -0.427440
0.373388 0.301555 -1.728718
0.053419 0.424231 -0.009085
0.159969 0.368179 -0.090528
0.390504 -0.109526 -0.606368
0.222062 0.476505 0.011521
0.072766 0.419947 0.083623
0.084391 0.423884 -0.358150
0.106159 0.397660 0.023025
0.310239 0.467585 -0.065194
0.046699 0.408941 0.074933
0.107408 0.407121 -0.022309
0.372965 0.496562 0.142526
0.484355 -0.035613 -2.418722
0.084750 0.409676 -0.090346
0.399362 0.121770 -1.307251
0.124978 0.398686 -0.063464
0.058549 0.410001 0.014173
0.154981 0.377660 0.035384
0.039421 0.307402 -0.704393
0.054256 0.406407 -0.209311
0.287582 0.489598 -0.043828
0.351000 0.430039 -1.689937
0.125140 0.434073 -0.481088
0.049400 0.329033 -0.583151
0.245988 0.499538 -0.098502
0.091440 0.407789 -0.022232
0.041276 0.299752 -0.333878
0.446787 0.274627 -1.824195
0.480191 0.312785 -1.603469
0.120692 0.406627 -0.103113
0.231846 0.468169 -0.103106
0.032446 -0.450698 -1.184234
-0.046681 0.208640 -0.932309
0.056014 0.384806 0.164194
-0.207061 -0.457342 0.337806
0.469594 0.344279 -1.880189
0.079205 0.426725 0.381852
0.432921 0.150694 -2.021077
0.039773 0.302834 -0.180859
0.029099 0.467096 -0.147674
0.087646 0.409742 0.102696
0.117853 -0.421204 0.890318
0.342965 -0.110003 -0.490223
0.308990 0.463633 0.090872
0.078397 0.422478 0.172674
0.054250 0.398250 0.110427
-0.183137 -0.485436 2.657359
0.095999 0.390202 -0.185203
0.054195 0.461814 0.155562
0.357860 0.475817 -0.079425
0.346266 0.449949 0.026201
0.432947 0.312940 -1.709336
0.048290 0.338854 -0.779400
0.059273 0.439793 0.205653
0.114096 0.348537 -0.209120
0.385403 0.485089 1.014149
0.141413 0.415967 -0.208733
0.163757 0.421214 -0.362257
0.352846 0.495671 1.234195
0.087788 0.418908 0.003122
0.403686 0.157370 -2.117152
0.392995 0.483047 0.554219
0.405515 0.290918 -1.583460
0.043837 0.460303 0.084237
-0.069317 0.191065 -0.651493
0.052803 0.376327 -0.161259
0.387540 0.338716 -1.898915
-0.012138 0.281584 -0.354569
0.240803 0.454108 -0.063622
0.179370 0.415877 0.131934
0.404295 0.476516 0.590598
0.093220 0.360141 -0.222320
0.097761 0.422413 -0.242455
0.207790 -0.029882 -0.990675
0.352635 -0.116586 -0.801763
0.048386 0.468434 0.237248
0.455887 -0.436024 1.828001
0.035067 0.411289 0.260712
0.435133 0.296319 -1.921406
0.269602 0.018227 0.257780
0.141997 0.416622 0.105523
0.078433 0.430928 0.243370
0.401160 0.120219 -0.929574
0.489593 0.324135 -1.788925
0.084593 0.420189 0.002532
0.095370 0.427253 -0.122103
0.062947 0.393466 -0.069004
0.080224 0.393780 -0.010022
0.053707 0.316894 -0.208027
0.188047 0.428092 -0.283264
-0.138726 -0.434770 2.138398
0.073127 0.373479 -0.040728
0.185007 0.463336 -0.185498
0.202236 0.459709 0.067906
0.451651 0.313326 -1.877109
0.090551 0.430801 -0.262085
0.047732 0.332576 -0.535552
0.321466 0.483033 0.045671
0.374217 0.474902 -2.539168
-0.475252 -0.288217 -0.196341
0.471352 0.285189 -2.461502
0.273950 0.478389 0.059208
0.059551 0.393282 -0.085993
0.027338 0.329082 -0.416836
0.125072 0.386349 -0.188596
-0.291942 0.125542 -0.711243
0.058372 0.455868 0.015762
0.266013 0.497081 0.143614
0.041061 0.472943 0.168989
0.370449 0.452535 -0.099741
0.350309 0.083849 -2.837733
-0.259426 0.097774 -1.435844
0.035870 0.458926 0.101814
0.059867 0.393796 0.098694
0.288989 0.038720 0.610617
-0.366322 0.088587 -1.691513
0.390503 0.472697 0.457583
0.425992 0.494488 -0.104433
0.284255 -0.141917 -0.485150
0.352191 0.494084 1.363085
0.472234 0.209213 -0.476744
0.050611 0.305607 -0.413919
0.336519 -0.124700 -0.804066
0.386905 0.430957 0.174587
0.054264 0.451153 0.015797
0.249301 -0.280146 2.661392
0.035730 0.301072 -0.629233
0.117961 0.377802 -0.092423
-0.050910 -0.337057 2.745967
0.072904 0.373587 -0.285385
0.087372 0.426381 -0.280163
0.117478 0.394559 -0.081643
0.068033 0.328232 -0.142269
-0.466908 0.058957 -1.424853
0.368757 0.137216 -1.576605
0.174913 0.379145 -0.025290
-0.270414 -0.021505 0.593603
-0.048678 -0.433973 -2.149953
0.052440 0.418043 -0.038734
0.308851 0.493834 0.293755
-0.016473 0.425392 -0.407169
0.085598 0.371803 -0.144598
0.104929 0.375522 -0.297830
0.456915 0.350176 -2.057059
0.078064 0.411561 0.083122
0.478392 -0.428502 -1.038263
0.030229 0.456979 -0.055441
-0.447232 -0.439875 -2.269139
-0.053136 0.240980 -0.707801
-0.211234 0.116178 -0.678403
0.031866 0.433901 0.053297
0.056794 0.388729 -0.022707
-0.393009 0.104195 -1.607030
0.480383 0.305202 -1.539488
0.105410 0.397655 -0.102770
0.198876 0.422142 -0.234369
0.079186 0.432914 0.014820
0.377198 0.490567 -0.214605
-0.072577 -0.441798 -1.521671
0.241509 0.498310 -0.334259
0.401847 -0.114890 -0.628965
0.081195 0.440708 -0.647602
0.399335 0.431596 -0.240289
0.252062 0.487856 -0.033263
0.211353 0.455364 -0.070801
0.189629 -0.269308 -0.202036
0.457765 -0.445778 -2.669575
0.096859 0.409030 -0.172057
0.399363 -0.056959 -0.510809
0.376008 0.337524 -1.904292
0.039443 0.410176 -0.319089
0.401449 0.476782 0.327614
0.093093 0.371946 -0.038245
-0.028011 0.221500 -0.944622
0.107989 0.414526 -0.185081
0.114726 0.411858 -0.532702
0.219504 0.435641 -0.009877
0.067146 0.374007 -0.187651
0.307020 0.256995 -2.644458
0.091312 0.357517 -0.116532
0.086726 0.337529 -0.180364
-0.050325 0.222664 -0.714316
0.435299 0.334636 -1.526990
0.064294 0.405032 0.084606
0.107842 0.422558 -0.195548
0.054771 0.445305 0.140737
0.061207 0.330254 -0.273591
0.087210 0.426730 0.068645
0.070436 0.377626 -0.024655
0.414004 0.162946 -1.502992
0.107153 0.437913 -0.354148
0.060562 0.446863 0.132949
0.066713 0.408505 0.009976
0.320264 0.489926 0.162435
0.102711 0.420961 -0.148909
0.130444 0.390769 -0.158097
0.101072 0.371585 -0.176570
0.073728 0.373954 -0.283388
0.111595 0.394035 -0.405011
0.379956 0.177375 -1.947992
0.038086 0.363371 0.074033
0.251901 -0.323407 -0.742846
0.287582 0.482983 0.049733
0.391310 0.459125 0.117116
0.317014 0.415607 1.634530
0.274961 0.423855 -1.538396
0.084539 0.340086 -0.574651
0.279136 0.495613 -0.014874
0.174394 0.428963 -0.115470
0.480699 -0.027515 -2.334896
0.093054 0.395826 -0.155186
-0.261406 0.075417 -1.266074
0.413322 0.431454 -2.519297
0.082201 0.418468 0.162129
0.430538 0.340687 -1.633848
0.085424 0.377599 -0.260507
0.063243 0.341122 -0.256555
0.040686 0.333745 -0.605683
0.012607 0.296840 -0.397016
0.136605 0.443337 -0.137740
0.376358 0.080222 -0.604576
0.139422 0.412063 -0.343958
0.010873 0.288909 -0.383626
0.047225 0.438970 0.199122
0.261116 0.488578 -0.067006
0.172844 0.439481 -0.137507
0.291066 0.345525 -2.760398
0.097579 -0.484804 0.277851
0.444829 0.338469 -1.606684
-0.285223 0.153161 -1.487395
0.480076 0.315656 -1.670340
0.449908 0.330078 -1.617238
0.057791 0.366041 -0.225209
0.023427 0.299291 -0.645689
0.101110 0.438764 -0.840875
0.099302 0.423362 -0.531467
0.063514 0.440604 0.352188
-0.341851 -0.425811 -2.144502
0.193528 0.470874 0.114598
0.041380 0.436461 0.192979
0.039722 0.315080 -0.577101
0.229896 0.463369 -0.333097
0.059960 -0.419234 2.034631
-0.369971 -0.263256 -0.530335
0.181611 0.433326 0.059292
0.223677 -0.427482 -3.107879
0.254935 0.488376 0.152522
0.057217 0.476803 0.292211
0.183369 0.466382 -0.282950
0.197642 -0.358315 3.055127
0.145222 0.434690 -0.044693
0.459889 0.195403 -0.728568
0.113543 0.386165 0.256874
0.354975 0.414838 -2.797729
0.111576 0.421417 -0.602528
0.403958 0.490476 0.632416
0.099394 0.430023 -0.449438
0.056778 0.423592 0.069248
0.060416 0.443477 0.160365
0.044786 0.447045 0.165543
0.372408 0.252509 -1.484913
0.092581 0.383903 0.109950
-0.431152 -0.384655 -2.412348
0.014194 0.277365 -0.632659
0.402986 0.064117 -1.836195
0.050389 0.344678 -0.120453
0.078984 0.435429 0.240025
0.057425 0.373179 -0.401757
0.218093 0.454164 -0.074313
0.114365 0.427963 -0.177549
0.086199 0.370354 0.039260
0.093968 0.401173 -0.348976
0.043349 0.457948 0.380455
-0.203936 -0.450486 2.228738
0.473729 0.301245 -1.570022
0.495070 -0.039385 -0.848215
0.479962 0.333670 -1.894549
0.173629 0.407043 -0.385784
0.089320 0.410319 -0.086531
0.056461 0.330492 -0.391742
0.053347 0.351965 -0.262306
-0.239938 0.088350 -1.163894
0.408880 0.236996 -1.500401
0.351636 0.380872 -2.987643
0.085570 0.412704 0.092443
0.281075 0.499065 -0.045926
0.489499 0.322455 -1.550201
0.477798 0.327481 -1.728753
0.042876 0.355946 -0.278554
0.060999 0.377643 -0.201978
-0.341477 0.101862 -1.208199
0.414190 0.164971 -0.970023
0.115679 0.417145 -0.510110
0.067497 0.338785 -0.303311
0.458381 -0.498183 0.698815
0.113834 0.417912 -0.284192
0.050870 0.390402 -0.027473
0.330745 0.460203 -0.036584
0.276678 -0.054879 -0.545694
0.188079 0.461335 -0.161483
0.298879 0.486833 -0.843997
0.413955 0.455726 0.617144
0.381319 0.488721 0.137483
0.461542 0.293586 -1.687722
0.198645 0.432760 -0.073285
0.095838 0.426010 -0.030517
0.266039 0.037374 -0.191292
0.129594 0.381286 -0.127345
0.112668 0.422895 -0.448725
0.039510 0.299746 -0.615530
0.089493 0.402615 0.012185
-0.211826 0.101566 -0.885882
0.288629 0.492314 0.221520
0.068593 0.392326 0.085611
0.004321 0.439635 -0.493625
0.057184 0.399258 -0.247705
0.113189 0.400607 -0.140883
0.059557 0.353134 -0.427997
0.478428 0.302071 -1.462541
0.084727 0.380263 0.078673
0.043644 0.407046 -0.356028
-0.357298 0.071499 -1.115172
0.057711 0.381043 -0.061573
0.080205 0.394548 0.083467
0.099492 0.363409 -0.318707
0.373741 0.465498 -0.303554
0.486258 0.230870 -0.635667
0.039129 0.448535 0.324273
0.069197 0.338639 -0.327038
0.378625 0.455446 -2.458160
0.131394 -0.129233 -2.827178
0.492939 0.181596 0.606747
0.276732 0.130229 -3.099025
0.048487 0.364100 -0.426102
0.181374 0.417340 -0.185429
0.038948 0.457879 -0.047011
0.025741 0.315532 -0.485023
0.051409 0.345869 -0.333481
0.074715 0.335942 -0.439017
0.151695 0.441432 -0.193423
0.080885 0.387462 0.006041
0.125960 0.412635 -0.320108
0.184369 0.442235 -0.081952
0.271260 0.499220 0.022848
0.088761 0.413560 0.084601
0.055444 0.431546 0.280597
-0.299201 0.101982 -0.804694
0.344912 -0.139033 -0.832272
0.179157 0.431467 -0.054576
0.341809 0.405006 -3.092765
0.048265 0.335091 -0.595886
0.233476 0.488952 0.028166
0.115919 0.405212 -0.020685
0.048851 0.371378 -0.399098
0.075854 0.445368 -0.013477
0.109207 0.341788 -0.264403
0.433791 0.164659 -2.305392
0.062499 0.342067 -0.216011
-0.089868 0.171552 -0.627288
0.198297 0.382313 -0.190131
0.025251 0.334153 -0.342812
0.056127 0.444400 0.204617
0.108055 0.372981 -0.064908
-0.005162 0.269888 -0.713438
0.244905 0.487008 -0.530760
0.235696 0.481276 -0.652591
0.495323 0.163958 0.596515
-0.487355 -0.233498 -2.379313
0.072875 0.405946 -0.117545
0.120642 0.408743 -0.404718
0.105795 0.416850 -0.339797
-0.350809 0.095521 -1.235425
0.406633 -0.479480 -2.084297
0.142149 -0.397058 1.727788
0.126501 0.400995 -0.233942
-0.064257 0.183357 -0.617648
0.151203 0.390711 -0.207346
0.040835 0.461252 0.027427
0.090241 0.431533 -0.550037
0.479629 -0.019698 -2.643665
0.078376 0.354571 -0.089352
0.196075 0.495172 -0.046435
