0.484247 -0.041413 -1.198184
-0.362317 -0.330012 -3.133219
0.311538 -0.356928 2.674711
0.477424 -0.138149 -0.856886
0.483767 0.189760 -1.051804
-0.045999 -0.467282 2.753211
0.482424 -0.041496 -1.872825
0.468072 -0.038247 -1.137026
0.494405 0.264286 -1.415832
0.100188 0.267402 -2.288506
0.022166 -0.429912 -2.651303
0.447371 -0.169970 -0.893246
0.468761 -0.188410 -0.414459
0.437462 0.052125 -1.735944
0.263660 -0.427584 -2.490715
0.463397 0.015619 -1.710044
0.470090 -0.079783 -2.768077
0.073341 -0.496383 2.970297
-0.117572 -0.094325 0.200203
0.390974 0.066608 -1.494510
0.460273 -0.073472 -1.576616
0.331980 -0.266864 -1.351504
0.467481 -0.028092 -1.007314
0.214934 -0.437670 -2.452392
0.443995 0.289763 -1.851178
0.427407 0.192272 -2.068229
0.469004 0.032222 -1.724697
0.466584 -0.057452 -1.410887
0.413968 -0.015287 -1.414421
0.485826 0.181584 -1.329254
0.446282 0.351587 -2.133116
0.370185 -0.246561 -0.608556
0.160150 -0.468370 2.811828
0.423016 0.224710 -1.407301
0.423112 0.064924 -1.426389
0.437114 -0.058890 -1.562557
0.408766 0.354670 -1.824777
0.498399 -0.056589 -1.224242
0.497792 -0.008801 -0.746491
0.139013 -0.395335 -1.033292
0.417461 0.043262 -1.481970
0.456486 0.459369 1.188159
0.399003 0.214428 -1.699645
0.476664 0.273340 -2.109800
0.462906 -0.074099 -1.525088
0.401533 0.317967 -2.250269
0.340138 0.408712 -2.331851
0.427301 0.222888 -1.959750
0.063801 -0.474186 -2.540402
0.359404 0.398158 -2.567654
0.351190 -0.252125 -0.600817
0.481100 -0.042370 -1.503319
0.444696 -0.195400 -0.818623
0.399578 0.209425 -1.221092
0.240638 -0.458024 -2.752225
0.009276 -0.464091 -2.840988
0.401943 0.013202 -2.085186
0.049936 -0.492957 2.100945
0.436605 0.415650 -2.614232
0.490793 -0.034389 -0.941496
0.382035 -0.173521 -0.540525
0.464375 -0.060744 -2.001274
-0.058431 -0.498591 2.053177
0.413792 0.021082 -2.088800
0.490543 0.289181 -1.983811
0.459609 -0.035905 -0.925854
0.200702 -0.319633 -1.425642
0.472723 -0.422356 -1.183409
0.466578 -0.033072 -0.678654
0.482845 -0.038244 -1.496768
0.483855 -0.065815 -1.563496
0.142292 -0.322827 -0.501959
0.259468 -0.329154 -2.621522
0.460320 0.331731 -1.800738
0.440185 0.107113 -0.361263
0.183742 -0.265133 1.374176
0.413891 0.081522 -0.905053
0.356939 -0.234238 -1.716965
-0.454976 -0.428080 -0.649763
0.380624 -0.433058 2.250843
0.219359 -0.367359 -0.045097
-0.048742 -0.448001 -2.423618
0.337720 -0.250556 -2.176911
0.473557 -0.035724 -0.902881
0.443892 -0.066278 -1.953709
0.145505 -0.497239 1.396617
0.459385 0.190635 -1.167332
0.420911 -0.186264 -1.309520
0.149048 -0.307119 -1.369983
0.260750 -0.460347 3.079717
0.117031 -0.488838 -3.058498
0.434887 0.446784 2.243431
0.478881 -0.054333 -1.361342
-0.023314 -0.466356 3.000572
0.291803 -0.397214 -3.071820
0.264276 -0.257897 -2.669779
0.429051 0.465279 2.186369
0.134671 -0.492756 2.907375
-0.002975 -0.483163 2.974501
0.243505 -0.393026 -2.416357
0.454876 -0.069720 -2.313473
0.458418 -0.154295 -0.563797
0.470120 -0.030880 -0.839486
-0.025132 -0.490515 -3.141018
-0.019359 -0.471660 -2.965961
0.274665 -0.383962 -2.529953
0.361384 -0.229783 -0.923761
0.495611 -0.062969 -1.248435
0.396570 -0.137904 -0.799153
0.440937 -0.186931 -0.810491
0.455790 -0.099938 -2.762212
0.459401 -0.047945 -1.298096
0.484343 0.206868 -1.001182
0.038001 -0.426727 -2.690190
0.481464 0.243136 -1.504541
0.491857 0.019880 -0.752369
0.490192 -0.021480 -1.577656
0.473198 -0.033572 -1.209863
0.479321 -0.005353 -2.214741
0.377316 0.485238 2.936147
0.490608 0.016654 -1.683668
0.481303 -0.039204 -1.411601
0.447127 -0.168311 -0.584793
0.494673 -0.005945 -1.155051
-0.057754 -0.469825 -2.896647
0.479456 -0.144462 -0.601877
0.323901 -0.375305 -1.867320
0.489496 -0.119167 -2.922939
-0.020002 -0.482849 1.747810
0.446449 -0.056995 -1.374359
-0.037683 -0.458386 3.133853
0.460604 0.060246 -1.596925
0.438009 0.416653 2.301637
0.108669 -0.455427 -1.257446
0.253291 -0.411195 -2.615311
0.465955 -0.043879 -1.043167
0.495282 0.221387 -0.757805
0.436265 -0.029391 -1.307652
0.494955 -0.109051 -2.530999
0.237485 -0.382734 -2.839315
0.463861 -0.042320 -1.249959
-0.050751 -0.460497 1.565669
-0.007777 -0.436317 2.845740
0.253650 -0.407392 -1.952157
0.005843 -0.482871 -2.984033
0.478217 -0.065767 -1.315327
0.434976 -0.032741 -1.390705
0.379550 0.409937 -2.293955
0.386060 0.356776 -1.590310
0.461385 -0.113803 -2.268224
0.347966 0.206205 -1.654585
0.471402 0.298524 -2.051693
0.405476 0.325220 -2.072360
0.434913 -0.260805 -2.128284
0.494173 -0.105518 -2.545706
-0.111543 -0.242426 -1.029395
0.477029 0.331094 -1.946829
0.459203 -0.050569 -1.559068
0.255361 -0.425927 3.059926
0.427494 0.362980 -1.786832
0.478214 -0.034506 -0.981623
-0.073322 -0.259300 -0.758246
0.360898 -0.138694 -1.571136
0.026935 -0.480804 3.104280
0.274373 -0.205582 -1.368884
0.485638 0.220462 -1.816470
-0.002933 -0.427714 2.871392
-0.043832 -0.468312 -2.602864
0.475650 0.344828 -2.117676
0.494143 -0.105271 -2.554314
0.223149 -0.422879 -1.796375
0.498007 -0.031907 -1.643162
0.388076 0.037022 -1.911448
0.006670 -0.219557 -0.723558
0.440383 0.029355 -1.578540
0.488906 -0.009198 -1.488490
-0.030336 -0.404165 3.005104
0.497039 -0.022373 -2.147658
0.449122 0.049042 -1.819880
0.485088 -0.025087 -1.800926
0.480663 0.061227 -1.444286
0.307939 -0.262147 -2.353347
0.326400 -0.292564 -2.441969
0.431228 -0.289436 -2.464638
-0.008995 -0.479872 3.040968
-0.139717 -0.254513 -1.921819
0.490749 0.206620 -1.125996
0.461856 -0.065627 -1.673823
0.494656 0.084630 -1.262894
0.386462 0.370784 -2.177307
0.490637 -0.158984 -0.583417
0.495331 -0.040615 -1.271826
0.454704 -0.053857 -1.579763
0.496025 -0.123801 -0.609235
0.474488 -0.038028 -1.955811
0.396168 0.047883 -1.628293
0.254717 -0.370067 -3.112429
0.416421 0.372287 2.539504
0.490202 -0.096723 -2.123456
0.235359 -0.325071 -0.999834
0.457791 -0.264723 -1.025595
0.494615 -0.103601 -2.290597
0.497093 -0.044502 -1.966670
0.266813 -0.351940 -2.577086
0.227433 -0.328317 -1.450617
0.404316 0.342139 -2.112961
0.491752 -0.032004 -2.005635
0.413455 0.364632 -1.964084
0.434293 -0.043937 -1.384478
0.069643 -0.451765 -1.350033
0.364913 -0.399510 -1.538259
0.159127 -0.395601 -0.632774
0.402819 -0.118240 -0.197735
0.486637 -0.025208 -1.625644
0.248476 -0.356426 -2.443366
0.482146 0.297026 -2.040750
0.457516 -0.042419 -1.312923
0.002443 -0.498449 2.468669
-0.027704 -0.478367 -2.112605
0.313834 -0.485467 2.359701
-0.392716 -0.456649 -0.840719
0.436916 0.309744 -1.795873
0.467821 0.034329 -1.681994
0.499548 -0.142876 -0.372415
0.488524 -0.124988 -0.549526
0.475900 -0.070214 -0.596782
0.472642 -0.122258 -2.628986
0.205850 -0.480882 -1.044868
-0.016163 -0.471957 -2.898877
0.467188 0.381493 -2.119509
0.498704 -0.122696 -0.458418
-0.007296 -0.464132 2.576074
0.489166 -0.044753 -1.998359
0.482217 -0.031369 -1.896491
0.447993 -0.080285 -1.710477
0.476221 -0.030169 -0.814133
-0.019952 -0.487995 -2.807671
0.361047 -0.224812 -2.917717
0.441862 0.068441 -1.741234
-0.336912 -0.434843 -1.080195
0.496370 -0.139403 -0.723984
0.499599 -0.149762 -0.349565
0.481177 -0.034376 -1.085073
0.485756 0.118435 -2.074631
0.016227 -0.495284 -1.945565
0.284359 -0.425768 3.016462
-0.416411 -0.384954 -0.876048
0.477306 0.292521 -1.215188
0.404146 0.354268 -1.800355
0.270388 -0.439581 -2.005336
0.358958 0.409343 3.141554
0.430810 0.088589 -1.623363
0.457819 0.268919 -0.339795
0.407021 0.369663 -2.269446
0.014931 -0.417601 2.982776
0.498523 0.208362 -0.940157
0.488459 -0.049376 -1.400866
0.052409 -0.367027 2.758573
0.418731 0.447417 2.360506
0.378378 0.400269 2.411170
0.344162 -0.427995 -2.340796
0.491794 0.012606 -1.740003
0.487731 -0.081533 -0.847943
0.199517 -0.468875 2.633161
0.358288 0.450620 1.508596
0.385163 -0.251890 -2.129766
0.495082 -0.015092 -1.173551
0.481516 -0.065764 -1.468603
0.308586 0.372406 1.854694
0.496391 -0.132142 -2.649393
0.453969 0.326785 -1.949920
0.324763 -0.414473 -2.423938
-0.023122 -0.495409 -2.342227
0.134580 -0.322196 -1.402837
0.479697 -0.046099 -1.736803
0.458714 -0.047064 -1.423148
-0.022496 -0.441276 3.042486
0.264047 -0.392355 -3.017481
0.315962 -0.289187 -2.545477
0.381280 0.488696 2.112984
0.363739 -0.171399 -2.226478
0.413392 0.355229 -1.988503
0.361494 0.099337 0.576790
0.443503 0.188185 -1.474589
0.248835 -0.443076 -2.033270
0.495957 -0.126259 -2.662870
0.472611 -0.066980 -1.484093
0.465045 0.087074 -1.642686
-0.025209 -0.487672 2.978817
0.436348 0.029084 -1.725790
0.135726 -0.492630 -3.090863
-0.203552 -0.428599 2.961773
0.425763 -0.330227 -2.425588
0.046927 -0.486100 3.030048
0.447045 -0.004069 -1.512527
0.499475 -0.116869 -2.680072
0.439810 0.248646 -0.693715
0.492965 0.214363 -1.401149
0.416348 0.336420 -1.908597
0.335048 -0.123563 1.804122
-0.022275 -0.483881 3.100372
0.431194 -0.182261 -1.192063
0.465276 -0.040378 -1.595082
0.408072 0.341571 -2.065443
0.078171 0.228731 -1.456593
0.116425 -0.446378 -1.706514
0.462270 0.257546 -1.806057
0.470318 -0.057465 -1.365748
0.236824 -0.349421 -2.869834
0.434073 -0.169943 -1.933594
0.442890 -0.036246 -1.408413
0.466246 0.075317 -1.443532
0.220261 -0.451876 -2.163190
0.360659 0.466775 2.676707
0.469318 -0.065378 -1.882519
0.497228 -0.010261 -0.369766
0.468647 -0.051141 -1.912624
0.444720 -0.172742 -0.933600
0.437031 -0.039277 -1.413210
0.345357 0.447538 2.248453
0.438217 0.048323 -1.513980
0.484937 -0.025538 -1.120554
0.486834 -0.096265 -2.822725
0.483647 -0.059308 -1.516320
0.152077 -0.291896 -1.164564
0.439461 -0.190156 -0.719694
0.460634 -0.040985 -1.433902
0.496414 -0.022507 -1.876643
0.477610 0.256915 -0.927126
0.051945 -0.214819 0.272372
0.482539 -0.054534 -1.202872
0.467063 0.000619 -2.020556
0.437382 0.070786 -1.611101
0.455458 -0.047449 -1.358082
0.498793 0.265322 -1.260777
0.495722 0.075061 -1.774332
-0.020341 -0.490496 -3.005224
0.484230 -0.002778 -1.743280
0.454022 0.081311 -1.460951
-0.011248 -0.471222 -1.631410
-0.006256 -0.439527 2.953306
0.490163 -0.057266 -1.213060
0.424543 0.179016 -1.593341
0.312944 -0.378816 2.234607
0.281413 -0.446209 3.047335
0.166720 -0.480816 2.616022
0.389850 0.309101 -2.194509
0.361422 -0.354252 -2.122852
0.492002 -0.040721 -1.479275
0.414079 0.021710 -2.074384
0.295062 -0.296740 -2.466415
0.435515 -0.037035 -1.403529
0.438078 0.327085 -1.935427
-0.435037 -0.491895 2.200189
0.490467 -0.131814 -0.855312
0.466795 0.194462 -0.916068
0.465739 0.037165 -1.465271
0.437917 -0.057576 -1.818970
0.496677 -0.038348 -1.335379
0.444721 0.145063 -1.360583
0.497142 -0.015278 -0.611959
-0.450601 -0.386464 1.641215
0.285159 -0.429111 -2.203242
0.083561 -0.437276 -1.036345
0.274074 -0.437064 -2.319177
0.422384 0.228077 -1.109750
0.473732 0.269293 -2.147446
-0.200105 0.133413 1.629791
0.399844 0.059385 -1.426018
0.433172 0.312298 -1.907048
0.442867 -0.030593 -1.298550
0.473632 0.034593 -1.786607
0.432382 -0.059303 -1.668920
-0.010094 -0.457588 3.019853
0.486042 -0.036210 -1.374987
0.486916 -0.145639 -0.643865
0.104663 -0.316990 -1.390829
0.446165 -0.042593 -1.216663
0.498316 -0.133486 -0.527256
0.476004 -0.004322 -2.135641
0.495147 -0.068459 -1.473862
0.466206 -0.026129 -1.130783
0.379165 -0.259688 0.136297
0.375752 0.381840 -2.213313
0.374512 -0.390321 -1.823904
0.174999 -0.398303 -1.880111
0.494375 -0.086758 -1.745941
0.441106 0.181020 -1.640110
0.496743 -0.001040 -1.967255
0.466869 -0.059128 -1.483810
0.381441 -0.239633 -1.331279
0.275534 -0.365754 3.097380
0.489334 -0.049119 -1.496769
0.449962 -0.036753 -1.261588
0.487956 -0.100911 -0.744126
0.011207 -0.469586 -2.387645
0.466234 0.265045 -0.862832
0.149550 -0.488299 -2.326243
0.488722 -0.038979 -1.982048
0.085948 -0.459955 -2.476958
