-0.341778 0.231491 -0.798533
-0.488118 0.165746 -1.424840
-0.489007 0.162951 -1.646331
-0.491553 0.148197 -1.420100
-0.046722 0.430139 -0.448329
-0.471496 0.157204 -1.497042
-0.478290 0.208004 -1.472756
-0.371122 0.246635 -1.114261
-0.438846 0.192086 -1.205037
-0.408890 0.335973 -0.967830
-0.493895 -0.211824 -2.272893
-0.498414 0.162063 -1.607137
-0.470345 0.183991 -1.498813
-0.497033 0.138467 -1.844405
-0.496874 0.139917 -1.572778
-0.489148 0.128287 -1.426427
-0.255829 0.490534 0.197456
-0.395893 0.358140 -0.822067
-0.475203 0.230521 -1.447071
-0.491380 0.121833 -1.520820
-0.495895 0.143504 -1.580467
-0.476436 0.213366 -1.363150
-0.479071 0.164974 -1.252235
-0.474517 0.174272 -1.474299
-0.459005 0.181937 -1.319855
-0.429081 0.237896 -1.472671
-0.496747 0.140632 -1.682416
-0.430971 0.284590 -1.405695
0.458141 0.244433 2.463445
-0.471457 0.183467 -1.437388
-0.463780 0.227058 -1.663190
-0.480785 0.188744 -1.347501
-0.498124 0.191165 -1.563106
-0.484345 0.141782 -1.516252
-0.469678 0.178271 -1.521290
-0.207308 -0.012880 2.363009
-0.255551 0.407721 -2.871834
-0.491149 0.135499 -1.704790
-0.355948 0.403037 -0.586551
0.080756 0.042897 1.188346
-0.490729 0.142818 -1.533773
-0.476920 0.184951 -1.344841
-0.468967 0.166727 -1.521061
-0.420336 0.191770 -1.396836
-0.486573 0.139121 -1.715758
-0.499894 0.124586 -1.389825
-0.138681 -0.399382 2.817203
-0.495981 0.180563 -1.477142
-0.435775 -0.015001 -2.977943
-0.492406 0.130167 -1.788029
-0.493852 0.179961 -1.777735
-0.147681 -0.411332 2.998703
-0.453224 0.189025 -1.531762
-0.455235 0.188249 -1.488075
-0.499526 0.139362 -1.703792
-0.476704 0.178799 -1.359480
-0.460652 0.172761 -1.703767
-0.309566 0.436887 -0.452508
-0.482934 0.159578 -1.457887
-0.312254 0.280779 -1.161362
-0.402610 0.243651 -1.249247
-0.491206 0.140116 -1.491071
-0.246534 0.484208 -0.365282
-0.295073 0.286696 -0.897873
-0.492955 0.135655 -1.781182
-0.493407 0.160310 -1.624196
-0.179035 0.374213 3.044943
-0.490503 0.132981 -1.697540
-0.462190 0.172264 -1.355998
-0.178261 -0.128978 -1.234657
-0.465921 0.219609 -1.311543
-0.267737 0.488954 0.113105
-0.475112 0.242008 -1.741424
-0.487248 0.145782 -1.607185
-0.411076 0.209611 -1.241930
-0.498195 0.128226 -1.583410
-0.409324 0.353158 -0.694737
-0.222751 0.443043 -2.537195
-0.418661 0.227639 -1.411866
-0.498390 0.130559 -1.688882
-0.119614 -0.378413 2.997463
-0.386779 0.250062 -1.463773
-0.479161 0.197921 -1.216417
-0.490324 0.176091 -1.408514
-0.495924 0.136085 -1.381538
-0.486221 0.171714 -1.522924
-0.487115 0.171099 -1.504832
-0.468252 0.248447 -1.754325
-0.405944 0.076826 2.891986
-0.483676 0.148662 -1.672002
-0.422325 0.186944 -1.614456
-0.481159 0.224529 -1.407182
-0.384989 0.305380 -1.198359
-0.270206 0.315916 -0.596381
-0.426995 0.211962 -1.668072
-0.062653 0.097914 2.852531
-0.332481 0.385310 -0.494924
-0.267664 0.485878 0.252208
-0.497957 0.136180 -1.436883
-0.477978 0.129913 -1.546902
0.287625 -0.028924 0.935059
-0.228036 0.352555 -0.483758
-0.470406 0.199966 -1.347818
-0.458239 0.229209 -1.565427
-0.301317 0.307029 -0.654078
-0.496603 0.167239 -1.398697
-0.294622 0.319444 -0.825489
-0.498610 0.141976 -1.467736
-0.497363 0.154658 -1.594464
-0.455200 0.210353 -1.547903
0.111024 -0.179763 1.881730
-0.465326 0.186811 -1.513150
-0.484608 -0.016036 -1.113880
-0.282929 0.421523 -1.111131
-0.459136 0.179215 -1.580672
-0.492172 0.125708 -1.535888
-0.318450 0.285644 -1.032737
0.173777 -0.266486 -0.624021
-0.498050 0.129504 -1.361029
-0.495452 0.161313 -1.916918
-0.485274 0.185372 -1.429506
-0.345736 0.378941 -0.401064
-0.481005 0.142805 -1.432524
-0.380961 0.241840 -1.118954
-0.473064 -0.179735 -0.669556
-0.325434 0.291910 -0.729359
-0.468184 0.107418 2.695989
-0.232797 -0.033621 2.813456
-0.290473 0.242221 -1.735058
-0.472324 0.170134 -1.614437
-0.417144 0.208743 -1.372351
-0.490703 0.142049 -1.707235
-0.494289 0.149464 -1.662796
-0.496761 0.144597 -1.581405
-0.287887 0.381572 -0.339995
-0.302627 0.314703 -0.900635
-0.345286 0.290850 -0.931528
-0.411198 0.217452 -1.497400
-0.301898 -0.017509 -2.284121
-0.309837 0.476414 0.008072
-0.413673 0.280325 -1.197196
-0.491202 0.173284 -1.635940
-0.493044 0.171017 -1.552372
-0.482367 0.194953 -1.568080
-0.463523 0.280383 -1.147016
-0.486265 0.111850 -1.587682
0.379794 -0.051386 0.591695
-0.343914 0.022724 -0.471367
-0.168061 -0.116653 1.801985
-0.468116 0.178895 -1.463662
-0.424000 0.217399 -1.351946
-0.485574 0.126192 -1.485938
-0.497585 0.131317 -1.407925
-0.433758 0.230403 -1.655920
0.246885 -0.150541 -0.015067
-0.425089 0.193641 -1.415425
-0.490248 0.180081 -1.592355
-0.395191 0.212357 -1.125800
-0.490140 0.134904 -1.488136
-0.472072 0.250333 -1.620249
-0.485848 0.161576 -1.559394
0.024277 0.385376 1.731684
-0.495549 0.200889 -1.466315
-0.483760 0.151297 -1.390525
-0.490087 0.124095 -1.566760
-0.485633 0.194841 -1.454914
-0.494803 0.126435 -1.483453
-0.499452 0.133791 -1.652997
-0.431969 0.343542 -1.329085
-0.496244 0.171903 -1.593616
-0.465111 0.172453 -1.666289
-0.461091 0.291421 -0.967731
-0.488508 0.141046 -1.577349
-0.491657 0.120852 -1.587339
-0.444325 0.293285 -1.126204
-0.486497 0.145328 -1.808956
-0.496274 0.128796 -1.718912
-0.496428 0.250243 -1.704651
-0.494235 0.133433 -1.317788
-0.378596 0.387029 -0.748754
-0.428498 0.190538 -1.222270
-0.245540 0.214076 2.105501
0.186504 -0.139682 0.983404
-0.089417 0.178563 2.061182
-0.481094 0.137031 -1.626333
-0.350786 0.201219 2.696720
-0.444279 0.196320 -1.389063
-0.491227 0.128717 -1.518030
0.169035 -0.293968 2.068100
-0.437605 0.178346 -1.289669
-0.461206 0.238414 -1.549446
-0.314350 0.453694 -0.303390
-0.151820 -0.466880 -3.044252
-0.176449 0.147396 -0.817392
-0.484811 0.205865 -1.299183
-0.384940 -0.357946 -0.371027
-0.485348 0.164604 -1.581759
-0.074351 0.066875 2.411927
-0.467432 0.254384 -1.752944
-0.499230 0.134071 -1.488618
-0.437970 0.192988 -1.306921
-0.487352 0.127106 -1.574807
-0.487298 0.146627 -1.568005
-0.312249 0.387657 -0.800622
-0.489993 0.130723 -1.440042
0.049760 -0.314113 1.545861
-0.497273 0.170738 -1.560602
-0.439599 0.211043 -1.515340
-0.495036 0.150732 -1.608619
-0.291161 0.334344 -0.592382
-0.460125 0.199286 -1.349025
-0.221909 0.425390 -0.401318
-0.494615 0.122812 -1.464551
-0.468025 0.164621 -1.566249
-0.306275 0.307623 -0.866354
-0.459735 0.197320 -1.283283
-0.447777 0.222216 -1.660471
-0.323888 0.276806 -1.220291
-0.450070 0.169007 -1.580071
-0.303240 0.291209 -0.709756
-0.342258 0.285046 -1.090245
-0.487838 0.191302 -1.391146
-0.498048 0.129604 -1.840761
-0.490930 0.144594 -1.556749
-0.491068 0.191490 -1.182194
-0.481608 0.141060 -1.139168
-0.314140 0.419753 -0.613721
-0.339910 0.269053 -1.252476
-0.334754 0.295381 -0.893100
-0.309693 0.434273 -0.169287
-0.242943 0.447981 -0.360997
-0.485355 0.127635 -1.501345
-0.188595 -0.130944 -2.594745
-0.494019 0.131607 -1.478198
-0.496488 0.131656 -1.540104
-0.460883 -0.234250 3.044403
-0.474126 0.217365 -1.598026
0.375492 -0.244235 2.033122
-0.481538 0.116945 2.802468
0.411193 -0.190373 2.024641
-0.472280 0.119560 -1.795254
-0.376793 0.204542 -1.065472
-0.462327 0.224164 -1.576076
-0.380754 0.215814 -1.175114
0.360194 -0.275633 2.316088
-0.410234 0.215922 -1.211959
-0.458047 0.152538 -1.783546
-0.372675 0.223229 -0.983084
-0.366050 0.222115 -1.079870
-0.493986 0.135514 -1.486423
-0.361492 0.278883 -1.034827
-0.394017 0.448718 -1.315680
-0.484561 0.172198 -1.540793
-0.493011 0.128648 -1.545693
-0.139392 -0.464487 3.005523
-0.388689 0.196166 -1.244246
-0.199407 0.089938 2.588174
-0.498926 0.149649 -1.422999
-0.410101 0.197879 -1.078400
-0.490584 0.150205 -1.517377
-0.332429 0.313845 -0.759692
-0.412195 0.206634 -1.219722
-0.306687 0.422118 -0.375555
-0.471967 0.231324 -1.603349
-0.395217 0.215628 -1.193117
-0.403368 0.214741 -1.391085
0.094506 -0.395906 2.776612
-0.481534 0.185585 -1.273201
-0.496395 0.126131 -1.393019
-0.436750 -0.445057 -0.582264
-0.202169 0.206578 0.270795
-0.414382 0.185900 -1.317258
-0.424208 0.219966 -1.426988
-0.371183 0.433428 -1.550909
-0.378910 0.267611 -0.983644
-0.437334 0.110995 -2.769696
-0.495401 0.168467 -1.560321
-0.427186 0.190856 -1.301404
-0.483765 0.189858 -1.482106
-0.393131 0.055534 -0.937708
-0.475809 0.129490 -1.671103
-0.491451 0.152734 -1.753025
0.425721 0.204633 1.962617
-0.140424 0.032036 2.425272
-0.488879 0.178926 -1.500452
-0.497302 0.150708 -1.422257
-0.307136 0.256304 -1.013287
-0.483122 0.161793 -1.516174
-0.493357 0.144984 -1.461862
-0.448574 0.018297 -1.880810
-0.493182 0.140282 -1.517568
-0.326872 0.288720 -1.063344
-0.486431 0.173160 -1.770298
-0.493417 0.151671 -1.780209
-0.495868 0.126336 -1.306628
0.270190 -0.154044 -0.053645
-0.494398 0.182744 -1.473125
-0.094074 0.010796 -2.570133
-0.314730 0.041869 -1.139169
-0.460744 0.192453 -1.191137
-0.426620 0.209048 -1.463542
-0.487808 0.157787 -1.784433
-0.498330 0.130510 -1.584008
-0.447381 0.225080 -1.757787
-0.472001 0.167535 -1.408601
-0.486757 0.148609 -1.642373
-0.488010 0.149780 -1.430529
-0.498786 0.159799 -1.437685
-0.361520 0.226961 -1.248027
-0.464278 0.208185 -1.533638
-0.300765 0.257636 -0.868826
-0.488851 0.152579 -1.643913
-0.489211 0.138478 -1.496052
-0.485974 0.179179 -1.810053
-0.496787 0.139258 -1.553649
-0.490622 0.133906 -1.701440
-0.493931 0.141557 -1.555080
-0.328825 0.457936 -1.561780
-0.378277 -0.130380 -2.757565
-0.487874 0.165269 -1.654042
-0.437853 0.228165 -1.576184
-0.488773 0.169132 -1.234672
-0.491973 0.197612 -1.367534
-0.299130 0.236282 -1.183838
-0.485267 0.225093 -1.464993
-0.423253 0.241898 -1.469217
-0.376189 0.248541 -1.569029
-0.483966 0.171789 -1.563247
-0.493047 0.179104 -1.245253
-0.049551 -0.027938 -1.688183
-0.496125 0.148082 -1.697692
-0.492735 0.188423 -1.292305
-0.499621 0.133301 -1.432492
-0.495196 0.132015 -1.544837
-0.496883 0.130671 -1.564796
-0.484450 0.213976 -1.332305
-0.491849 0.137545 -1.656869
-0.480638 0.203970 -1.607218
-0.480806 0.183106 -1.354659
-0.497942 0.180317 -1.676311
-0.227955 0.474059 -0.189569
-0.475385 0.162211 -1.497438
-0.497378 0.192396 -1.451169
-0.277298 0.295186 -0.672922
-0.494834 0.340205 -1.712916
-0.443488 0.318431 -1.325646
-0.496362 0.143957 -1.432321
-0.437472 0.191270 -1.240823
-0.310824 0.339006 -0.621022
-0.259617 0.447737 -1.561077
0.126818 0.220345 2.059045
-0.332683 0.231088 -1.101823
-0.498570 0.131160 -1.878297
-0.138987 -0.399735 2.616021
-0.494838 0.143232 -1.583009
-0.489357 0.124716 -1.224012
-0.491754 0.151509 -1.848525
-0.483893 0.258491 -1.195173
-0.496605 0.133286 -1.512778
-0.488388 0.132443 -1.559346
-0.380402 0.208817 -1.084677
-0.465998 0.186910 -1.371822
-0.480540 0.218195 -1.784617
-0.475113 0.179192 -1.274096
-0.354980 0.255554 -1.115772
-0.494088 0.125476 -1.622493
-0.475754 0.221846 -1.691420
-0.469998 0.245660 -1.354198
0.343742 -0.282974 -2.316184
-0.398021 0.241900 -1.315615
-0.437426 0.199732 -1.230261
-0.256605 -0.348046 0.924340
-0.189442 0.050480 -2.976157
-0.438068 0.220618 -1.464934
-0.497271 0.147394 -1.755131
-0.496960 0.184928 -1.520425
0.361262 -0.111342 0.002910
-0.390327 0.011284 -2.645026
-0.455144 0.185261 -1.350352
-0.129933 0.011303 -1.912423
0.364857 -0.306840 0.608485
-0.459819 0.137210 -3.013881
-0.470949 0.232299 -1.624412
-0.407307 0.212710 -1.374564
0.238738 0.383365 -0.929464
-0.465577 0.177867 -1.457832
0.143977 -0.300958 -1.016083
-0.106436 -0.344976 2.962989
-0.332820 0.335353 -0.438258
-0.463336 0.182619 -1.585115
-0.493501 0.140229 -1.696451
-0.475113 0.195913 -1.249881
-0.489742 0.139111 -1.553036
-0.494264 0.141482 -1.469890
0.042903 -0.462743 3.023272
-0.386766 0.230550 -1.076668
-0.238906 0.494774 -0.427158
-0.349367 0.387398 -0.927369
-0.494755 0.127048 -1.419826
-0.488725 0.143529 -1.657765
