0.486157 0.041393 1.687893
0.407381 0.025869 1.648719
0.409137 0.420444 0.665910
0.412199 0.035618 1.596559
0.364256 0.384888 1.134426
0.362973 0.402951 0.701384
0.211532 0.436991 -0.345710
0.317848 0.271846 1.039156
0.494514 0.131511 1.085348
0.482009 0.093566 1.211667
0.397346 0.149603 1.673294
-0.066786 0.494950 -0.490319
0.347929 -0.026319 1.564805
0.317073 0.493192 0.792997
0.462939 0.127099 0.913994
0.465172 0.080087 0.930290
0.258549 0.479748 0.045198
0.367412 0.313265 0.981447
0.482316 0.153647 1.556977
-0.187940 0.380033 -0.667314
0.496679 0.130243 1.246559
0.489695 0.305230 -1.776894
0.378457 0.413036 0.861293
0.113190 0.496070 0.008535
0.383329 0.387842 0.892275
0.491314 0.149355 1.582047
0.466245 0.055491 1.389626
0.393980 0.400243 0.724259
0.392000 0.390395 0.729944
0.120881 0.477147 -0.004628
0.387020 -0.012130 1.556988
0.421259 0.445453 0.936979
0.385940 0.192692 1.333836
0.311372 0.392416 0.997248
0.467650 0.071339 1.353546
0.488059 0.185233 1.567408
0.390257 0.369853 0.773087
0.265759 0.499132 -0.780471
0.416956 0.435484 0.769407
-0.184795 0.351638 -1.110253
0.388408 0.421347 0.937711
0.457587 0.113026 1.330539
-0.148616 0.444033 -0.362379
0.397234 0.391533 0.921439
0.366851 0.416904 0.695500
0.260631 0.473659 0.007330
0.329924 0.321618 1.031167
0.325821 0.340216 0.329745
0.342729 0.400892 1.058610
0.369610 0.354338 0.648944
0.390668 0.393904 0.688412
0.428835 -0.153804 1.640529
0.268292 0.477975 0.082791
0.114574 0.471002 -0.421684
-0.255602 0.387375 -1.316508
0.350147 0.350632 0.315486
0.265093 0.483781 0.728359
0.379506 0.006059 1.623114
0.277656 0.007640 1.990767
0.106738 0.429018 1.450518
-0.377666 0.287064 -1.647635
0.358337 0.395219 1.014995
0.398672 0.380051 1.033679
0.145785 -0.397905 2.573241
0.443544 0.267527 1.424919
-0.381700 0.282108 -1.830811
0.249942 0.498944 0.428149
0.327024 0.399998 0.723091
0.110018 0.474474 0.010926
0.280015 0.385474 1.012504
-0.008033 0.485826 -0.336572
0.419118 0.347006 0.767952
0.490068 0.224944 1.719721
0.467891 0.288431 1.226072
0.367522 0.371569 0.777496
0.383897 0.195931 1.314616
0.336893 0.372459 0.586253
0.466206 0.294282 1.527450
0.490802 0.208522 1.591357
0.335015 0.382994 1.028160
0.128260 0.398657 -0.218600
0.361255 0.384201 0.614706
0.338073 0.229966 0.932738
0.295805 -0.009028 1.717904
0.473573 0.049275 2.007058
0.471148 0.129931 1.363328
0.328392 0.344837 0.226785
0.401878 0.239896 1.540211
0.392214 0.407106 0.577261
0.270531 -0.433892 -2.140902
0.144221 0.394767 0.142545
0.430862 0.427347 0.629912
0.490943 0.101300 1.497653
0.373122 0.385167 0.888031
0.368796 0.399571 0.805781
0.492445 0.076005 1.777956
0.267858 0.470401 -0.035664
0.254362 0.440491 0.857562
0.497243 -0.216186 1.380155
0.407062 0.413298 0.861027
0.218241 0.447855 -0.412958
0.385801 0.371708 0.716403
0.392444 0.448803 0.988925
0.421832 -0.004296 1.959635
0.159617 -0.468723 -2.894129
0.134742 0.436055 -0.496492
0.360430 0.376218 0.808289
0.376042 0.385821 0.733350
0.098038 0.426733 -0.333257
0.406426 0.016101 1.885304
0.114499 0.446509 0.063733
0.075910 0.484532 0.076619
0.361490 0.325245 1.016190
0.377178 0.375055 0.621994
0.209476 0.491490 0.030350
0.262881 -0.199106 2.545616
0.115264 0.487203 0.067337
0.304636 0.495228 1.090423
0.220144 0.416927 -0.377674
0.029641 0.485321 -0.216450
0.340736 0.368437 0.827956
0.393060 0.370168 0.850608
0.285385 0.399154 1.277642
0.402634 0.377343 0.920380
0.081690 -0.404750 2.577735
0.477570 0.094231 1.848742
0.375536 0.392307 0.820634
0.481156 0.027545 1.103552
0.366994 0.393527 0.802409
0.122039 0.455713 -0.031627
-0.482487 0.411606 -1.860983
0.188709 0.486844 -0.236804
0.114825 0.468190 -0.094423
0.476542 0.311559 0.605697
0.076659 0.432477 -0.281127
0.402634 0.363597 0.660979
-0.001612 0.486958 -0.541560
0.412461 0.377993 0.919728
0.390071 0.397255 0.675185
0.149233 0.380365 -0.165333
0.053550 -0.495655 -2.898028
0.355001 0.354136 0.636480
0.487732 0.211261 1.596454
0.398098 0.386056 0.729983
0.496643 0.031772 1.535486
0.482704 0.269972 1.390180
0.493257 0.132116 2.053196
0.263527 0.383195 1.068183
0.413722 0.482480 0.352830
0.383845 0.393344 0.738501
0.454692 0.098147 1.312676
0.472033 0.137524 1.703189
0.148115 -0.366405 2.622611
0.155894 0.405922 -0.102884
0.096483 0.433464 -0.199100
-0.131075 0.494229 0.281017
0.484235 0.272443 1.374357
0.475602 0.237115 1.641224
0.307162 0.383763 0.948154
0.089638 0.460454 0.002186
0.219021 0.423776 -0.332427
0.444879 0.060180 1.491736
0.483336 0.250965 1.617494
0.319911 -0.157726 1.642832
0.368315 0.029730 1.759796
0.499629 0.258660 1.480885
0.341090 0.354881 0.946234
0.362072 0.369627 0.684312
0.190040 -0.471102 2.766396
-0.372033 0.440976 -2.077541
0.343267 0.387931 0.695955
0.374174 0.394608 0.575446
0.423140 0.177589 0.889029
0.375433 0.367955 0.682236
0.371149 0.397649 0.828354
0.116496 0.441006 -0.465890
0.292089 0.203531 2.073196
0.469285 0.137354 1.268954
0.483021 0.114362 1.225083
0.396299 -0.336567 0.682418
0.393721 0.362022 0.730788
0.095692 0.435606 -0.107963
0.348743 0.380291 0.807947
0.374498 0.401993 0.720803
0.412744 0.087519 1.417347
0.189776 0.458866 -0.332370
0.363782 0.348483 0.742455
0.497005 0.244465 1.347925
0.387371 0.349586 0.812668
0.388974 0.437314 0.801040
0.478579 0.225852 1.647104
0.344303 0.360666 0.864189
-0.407179 0.362559 -2.691103
0.386256 0.356624 0.923767
0.437753 0.150749 1.560568
0.110603 0.482383 0.137687
0.472977 -0.004828 1.492276
0.381183 0.382872 0.777528
0.283757 0.441894 0.675873
-0.139038 0.457947 0.598854
0.492165 0.139145 1.374645
0.405790 0.229849 1.676815
0.242011 0.445568 0.714028
0.370402 0.476119 0.999726
0.316265 0.491588 -1.197564
0.176461 -0.465183 2.647110
0.383952 0.378601 0.737009
0.380067 0.378483 0.944399
0.264434 0.478728 0.583780
-0.438377 0.440574 -1.344419
0.254418 0.458197 0.055875
0.413581 0.397363 0.986125
0.316014 0.356553 0.763170
0.374763 0.345624 0.801645
0.463706 0.024715 1.887536
-0.447034 0.063749 -1.189166
0.460075 0.068317 1.272244
0.447100 0.263399 0.608498
0.290368 0.461586 0.388791
-0.032937 0.455459 -0.977925
0.334278 0.474123 1.039634
-0.134271 0.394105 0.073642
0.274310 0.488893 -0.239915
0.461446 0.327668 0.707656
0.480767 0.016248 1.150363
0.360698 0.379510 0.984361
0.380986 0.370779 1.095506
0.369712 0.370292 0.728036
0.176290 -0.364798 2.120321
0.260158 0.460224 0.423773
0.333289 0.352410 0.715677
0.402692 0.408428 1.068820
0.341331 0.357439 0.600008
0.352942 0.322060 0.687668
0.111295 0.410235 -0.273913
0.060480 -0.416872 2.775329
0.415435 0.405253 0.750888
0.474011 0.161889 1.463810
0.456641 0.295106 1.585001
0.472420 0.288370 1.501561
0.438944 0.392241 0.715715
0.169334 -0.249444 2.313562
0.100380 0.491980 0.264487
0.022614 0.488124 -0.816810
0.227364 0.431890 -0.529405
0.232405 0.433575 0.681918
0.294946 0.484945 0.907639
0.381114 0.390482 0.767869
0.342387 -0.030688 1.798019
0.369320 0.377351 0.557647
0.392844 -0.063735 1.800012
-0.313568 0.393223 -0.887115
0.420793 0.176047 1.258256
0.222944 0.425911 -0.228245
0.430263 0.451408 0.629789
0.036800 0.398231 -0.377498
0.475746 0.141151 1.410378
0.455174 0.178775 1.745941
0.358002 0.356708 0.766817
0.347322 0.410871 0.670585
-0.444665 0.437254 -0.690246
0.330799 0.366943 0.695465
0.075903 0.497875 0.040783
0.358758 0.376378 0.811527
0.365961 0.381969 0.682576
0.351655 0.353480 0.907847
0.094940 0.417598 -0.385504
0.367943 0.378236 0.782179
0.247839 0.474036 -0.239901
0.295865 0.075910 2.373356
0.081321 0.443595 0.249950
-0.451942 0.495496 0.440075
0.140315 0.430072 -0.033186
0.380406 0.389404 1.055830
0.487584 0.085788 1.378884
0.396005 0.355346 0.614874
0.440357 0.413738 0.771027
0.437118 0.449816 0.945681
0.259043 0.448340 0.536197
-0.177302 0.369671 -0.690825
0.472235 0.130117 1.468594
0.253468 0.495562 0.062666
0.349124 0.342110 1.029037
0.178318 0.387820 -0.618948
0.358439 0.381111 0.728631
0.381566 0.325723 0.648121
0.364002 0.400887 0.594519
0.499540 0.123196 1.370884
0.488969 0.124750 1.315644
0.454914 0.063933 1.596663
0.494586 0.141189 1.310549
0.139923 0.431276 0.087547
0.344524 0.385279 0.807089
0.373687 0.418916 0.436435
0.491425 0.131084 1.244525
0.485589 0.093763 1.950729
0.003753 0.438138 -0.244562
0.415922 0.051330 1.491904
0.440308 0.042127 1.873469
0.325849 0.359445 0.738140
0.248349 0.466220 -0.041006
0.431598 0.434823 0.657976
0.480487 0.064418 1.614076
0.351157 0.357181 0.735846
0.480669 0.121438 1.401387
0.279471 0.480291 -0.919909
0.383284 0.373937 0.670447
0.404409 -0.027154 1.567802
-0.255427 0.333371 -2.941690
0.387023 0.364777 0.643991
0.494142 0.107248 1.044765
-0.445856 0.468341 0.131540
0.496193 0.265781 1.371205
0.374161 0.401857 0.847199
0.395920 0.361913 0.668905
0.275603 0.490443 0.200315
0.452088 0.026247 1.838970
0.143025 -0.430407 -3.120779
0.376513 0.369333 0.670331
0.466365 0.229383 1.528637
0.286548 0.384564 0.968638
0.365744 0.387662 0.864589
0.322312 0.381211 0.938921
0.488097 0.122307 1.159724
0.471932 0.241391 1.707509
0.391219 0.381008 0.914661
0.243564 0.454558 0.170144
0.128129 0.448739 -0.299746
0.380309 0.395512 0.731331
0.469184 0.184647 1.481170
0.475448 0.207577 1.871637
0.081195 -0.406504 2.987747
0.371548 0.388990 0.860906
0.379050 0.350075 0.559593
0.327805 -0.004697 1.438323
0.368747 0.440784 0.642481
0.432665 0.035204 1.743693
0.184484 0.421127 -0.196430
0.474613 0.102322 1.340466
0.362961 0.366977 0.848380
0.499249 0.049219 1.567676
0.410946 0.426261 0.815500
0.095940 0.468604 0.202724
0.480818 0.269867 1.686577
0.241427 0.414426 -0.664875
0.327036 0.400141 0.960710
0.396466 0.418454 0.848845
0.416891 0.206706 1.165891
0.278219 0.466650 0.615194
0.351888 0.378597 0.403756
0.215055 0.482855 -0.120654
0.382679 -0.192501 1.498749
0.427697 0.205918 2.108155
-0.460872 0.227317 -1.382358
-0.297034 0.297385 -1.241518
0.154777 0.445763 -0.391442
0.383186 0.439431 0.850716
0.412904 0.409806 1.009534
0.399856 0.408666 0.780512
0.414750 0.003076 2.003451
-0.252820 0.484507 -0.589875
0.456617 0.151242 1.454405
0.371785 0.414294 0.620071
0.403870 0.029093 1.823311
-0.418717 0.410004 -1.378765
0.432669 0.141645 1.145333
0.464882 0.255231 0.815995
0.465109 0.116596 1.430469
0.468552 0.102169 1.059210
0.289004 -0.273406 1.946319
0.485544 0.275642 1.527374
0.413926 0.047212 1.901183
0.348170 0.235082 1.164318
0.116706 0.445590 -0.153321
0.490776 0.066488 1.674941
0.481777 0.133871 1.233388
0.146379 0.409138 -0.051737
0.424509 0.150545 1.262881
0.472343 0.201363 1.676888
0.192564 0.434568 -0.232682
0.198793 -0.481417 -2.967037
0.416375 0.379037 0.819719
0.280023 0.495415 -1.320309
-0.035134 0.451093 0.800154
0.373833 0.394001 0.719430
0.384196 0.370059 0.868768
-0.125576 0.424714 0.291916
-0.436937 0.349265 -2.041240
0.497064 0.116816 1.376564
0.440384 0.104552 0.442568
0.252275 0.470298 -0.122562
0.471026 0.258339 1.072998
0.393566 0.397914 1.097088
0.418057 0.425107 0.690415
0.202098 0.458622 -0.047673
0.439128 0.060719 1.458198
0.463166 0.277897 1.254058
0.400379 0.401055 0.893896
0.488756 0.116793 1.299500
-0.068523 0.478247 0.751907
