0.499948 0.305821 1.337669
0.372659 0.290737 1.442858
0.477512 0.472791 -1.731164
0.382891 0.298611 1.337403
0.493361 0.457167 -2.925052
0.486651 0.439815 -0.016091
0.475240 0.454315 0.044042
0.459483 0.481269 0.246579
0.484858 0.394563 1.394307
0.493028 0.359931 1.246495
0.364333 0.415705 0.115648
0.187054 0.410122 -0.436079
0.423628 0.226164 0.942212
0.447330 0.497828 0.528645
0.492987 0.383448 1.942457
0.499475 0.340427 1.718725
0.477095 0.492479 -3.114984
0.485347 0.486669 0.452377
0.493729 0.421046 1.504931
0.047856 0.258281 -0.140015
0.493587 0.396156 1.420448
0.481202 0.449567 1.673101
0.473711 0.438105 0.139572
0.379843 0.475684 -0.297402
0.451930 0.487796 -0.716107
0.496817 0.414436 1.506234
0.494809 0.318662 1.544065
0.470859 0.497513 0.256116
0.433544 0.491547 -0.189630
0.388901 0.475333 -0.352885
0.411701 0.252163 1.213240
0.478784 0.497459 -1.407682
0.461627 0.427322 0.308695
0.483641 0.494629 -3.073982
0.499590 0.335043 1.530404
0.488731 0.453194 1.697561
0.482898 0.438524 0.202623
0.495990 0.485536 -2.657474
0.482057 0.472445 -1.078787
-0.062366 0.117968 -1.641329
0.485265 0.441692 0.092834
0.496576 0.369853 1.326494
0.094268 0.333107 -0.557044
0.431956 0.463927 -0.212495
0.443254 0.457596 -0.783880
0.495755 0.495960 2.831295
0.463076 0.493320 0.773871
0.490195 0.490475 -0.032937
0.435022 0.490800 -0.608964
0.495077 0.453151 -0.163428
0.437800 0.476422 -0.918136
0.493109 0.101399 0.877777
0.463484 0.468893 1.588002
0.376119 0.416383 0.043578
-0.088615 0.183086 -0.609813
0.478830 0.475229 -0.542934
0.498741 0.474230 -0.808898
0.415089 0.269402 1.162685
0.221014 0.266174 1.844739
0.344800 0.449161 -0.378723
-0.279640 0.051137 -1.275518
0.488298 0.462872 -1.797936
0.445441 0.480620 -0.736217
-0.040000 -0.207762 2.193335
0.484100 0.470854 -1.153107
-0.485585 0.038093 -2.310254
0.496695 0.456888 -0.226134
0.458821 0.480103 0.768253
0.374154 0.484735 -0.282660
0.490715 0.497757 -0.294153
0.259651 0.471628 -0.037282
0.448849 0.475747 2.482209
0.479490 0.489864 0.559485
0.480351 0.452086 -1.158573
0.498023 0.468947 3.017693
0.445063 0.426063 0.111748
0.450487 0.463162 3.041163
0.484431 0.447708 0.333710
0.492970 0.473185 1.748498
0.449622 0.497075 -1.899524
0.393393 0.356363 -0.183650
0.478387 0.437631 0.883931
0.463073 0.452416 0.336945
0.223113 0.247135 1.885853
0.457251 0.311307 1.612306
0.494463 0.391742 1.603515
0.490159 0.490824 -0.022186
0.472742 0.458710 0.075302
0.462064 0.483447 0.641209
0.183145 -0.313594 1.952947
0.403940 0.343981 0.010408
0.486142 0.469718 -1.142526
0.497544 0.369799 1.646473
0.478566 0.467125 0.050666
0.491643 0.453558 -0.871771
0.482847 0.341177 1.727806
0.472894 0.499523 -1.966365
0.498244 0.494289 -2.768549
0.497474 0.049729 1.466050
0.467056 0.494064 -1.278734
0.477156 0.410049 0.062164
0.474165 0.455903 0.346342
0.446768 0.452788 -0.919533
0.383359 0.258072 1.591013
-0.106951 -0.469989 -3.087603
0.398939 0.418153 -0.288378
0.486116 0.456892 -2.982122
0.491242 0.483462 -2.707346
0.362387 0.380079 0.621301
0.402404 0.277367 1.454984
0.378445 0.433745 -0.031766
0.324501 0.432577 -0.843586
0.459138 0.487432 0.358348
0.490925 0.461591 0.077527
0.475018 0.457223 0.155198
0.066993 -0.020165 2.686549
0.382049 0.481676 -0.036757
0.478767 0.484623 0.248641
0.469476 0.402471 0.406943
0.282150 0.407737 -0.306676
0.460743 0.454849 1.635443
0.458429 0.498899 0.078875
0.499550 0.486687 -0.686772
0.473347 0.478067 -0.346132
-0.148572 -0.267213 2.381105
0.489656 0.356156 1.525831
0.488550 0.476251 -0.682975
0.485394 0.293589 1.902920
0.442283 0.489298 -0.117847
0.386753 0.420982 -0.310063
-0.412071 0.170430 -0.665847
0.454362 0.450524 0.148594
0.380823 0.451256 -0.128578
0.474510 0.471357 3.055612
0.337629 0.412090 0.329782
0.494332 0.443535 -2.595274
0.251997 0.403953 -0.229164
0.489353 0.498666 -0.449495
0.457849 0.470349 -0.068790
0.416309 0.373622 0.650581
-0.207919 -0.446012 3.037089
0.459158 0.454908 -0.257199
0.499817 0.476431 1.793953
0.472914 0.462919 -3.039383
0.495561 0.299392 1.836166
0.474975 0.469340 -1.559786
0.496928 0.395926 1.806766
0.492258 0.477810 -0.006649
0.473333 0.480760 0.493402
0.435883 0.477356 -0.880715
0.495037 0.356763 1.493209
0.491762 0.398248 1.387724
-0.077229 -0.223557 2.707541
0.424231 0.390936 0.449104
0.360119 0.398275 0.181689
0.128659 0.442089 -0.561150
0.498686 0.466373 -2.779837
0.463858 0.490698 0.011497
0.488120 0.491124 -3.040024
0.357827 0.443836 -0.333274
0.483592 0.390670 0.090943
0.471359 0.324762 1.488047
0.481267 0.490876 -0.680660
0.363004 0.097789 0.803571
0.368871 0.297013 1.223069
0.499606 0.474074 -1.283546
0.472112 0.475478 0.572821
0.487210 0.445995 -2.284613
-0.071957 -0.417843 -2.943606
-0.240815 0.272332 -0.110222
0.461836 0.494661 -0.268803
0.471638 0.455666 0.229487
0.492614 0.428253 1.625049
0.484716 0.456785 2.992917
0.451816 0.498730 0.099669
0.380044 0.426984 -0.246159
0.278046 0.457513 0.446824
0.481907 0.398639 1.283773
0.495981 0.379074 1.708801
0.422522 -0.138385 2.647995
0.470087 0.449176 -2.876354
0.361455 0.413910 -0.256193
0.481492 0.469352 2.650464
0.454680 0.464876 -0.771655
0.414300 0.355781 1.741531
0.447458 0.379464 -0.324843
0.490670 0.454095 -0.911951
0.497856 0.488531 -2.653752
0.485931 0.466719 -3.079795
0.476723 0.452035 -0.353051
0.474436 0.490070 0.271708
0.454001 0.462744 2.416640
-0.357179 0.237184 -0.121225
0.478505 0.435289 -0.679072
0.466247 0.416865 1.530479
0.375230 0.490033 -0.196183
0.479625 0.264702 1.690805
0.481004 0.429559 -0.157786
0.465391 0.478622 -0.720518
0.111302 0.448642 -0.450418
0.495198 0.405902 1.374348
0.474646 0.468274 0.262670
0.496918 0.486544 -2.525378
0.471491 0.472206 -0.200040
0.480280 0.469189 -0.873334
-0.082258 -0.403911 2.765327
0.473457 0.442908 0.404363
0.496180 0.479416 -0.890338
0.480104 0.492633 -2.979695
-0.250146 0.257678 -0.374996
0.481089 0.491613 -2.208223
0.475680 0.478857 0.237451
0.470586 0.483109 0.688450
0.487095 0.451475 -0.923243
0.480178 0.290561 1.636590
-0.401311 -0.198217 -1.453663
0.493436 0.330038 1.440455
0.494392 0.490519 -0.661745
0.450278 0.493170 1.571876
0.046920 0.205764 -1.530538
0.445427 0.478491 0.456730
0.128018 0.404588 -0.006676
0.468333 0.468774 0.508499
0.453556 0.468575 2.196316
0.488463 0.281114 1.885574
0.491005 0.458629 -1.356359
0.494620 0.449321 -0.101501
0.463385 0.439340 -1.022762
0.037254 -0.137004 2.039195
0.479484 0.488051 -1.503460
0.465770 0.478469 0.849790
0.448129 0.489045 0.461207
0.452466 0.478218 0.970825
0.475386 0.492325 -0.050083
0.377544 0.394445 -0.092615
-0.195324 -0.332599 2.745917
0.460264 0.483113 1.368047
0.482372 0.428702 1.516290
0.496856 0.445140 -1.492908
0.476917 0.451916 1.106337
0.486871 0.477017 2.126337
0.035928 -0.016396 1.871247
0.364941 0.477295 -0.492755
0.275131 0.430982 -0.130331
0.485916 0.427696 0.234377
0.493626 0.433463 0.508283
0.451957 0.488101 0.983757
0.446094 0.486345 -0.507558
0.423053 0.216700 0.765689
0.492827 0.447329 -3.047998
0.305326 0.190420 1.784502
-0.110196 0.220247 -0.597282
0.486506 0.433724 1.653316
0.489280 0.392168 0.233315
0.476926 0.477359 -3.039993
0.287847 0.302842 -0.580536
0.485472 0.407659 1.518550
0.494417 0.443281 1.371740
0.473895 0.448800 -1.299050
0.489963 0.453746 -1.266849
-0.240672 0.264044 -0.562169
0.451500 0.489821 1.864232
0.336290 0.455779 -0.571945
0.488281 0.464309 3.065414
0.494201 0.444177 -2.822229
0.456442 0.473608 -1.262467
0.351611 0.413107 0.342554
0.482528 0.462764 -2.204565
0.488533 0.474347 -2.996318
0.092626 0.252129 2.465370
0.344158 0.425677 -0.348372
-0.226955 0.370091 -1.245305
0.408132 0.425494 -0.151756
0.447697 0.493629 0.108696
0.477910 0.352690 1.669695
0.488937 0.478918 3.093636
0.464522 0.492324 -0.210600
0.475462 0.499726 -1.057604
0.490285 0.495318 3.077074
0.048988 0.234421 -0.151428
0.472638 0.393321 1.328100
0.482864 0.488432 -3.104428
0.464518 0.469752 -0.720849
0.439191 0.365024 -0.385746
0.473460 0.491480 -0.138825
0.488894 0.471940 -2.240414
0.485818 0.467098 -1.617802
0.488635 0.381307 1.630380
0.494068 0.389515 1.325479
0.452393 0.331058 1.498701
0.497160 0.399042 1.907761
0.408644 0.442701 -0.472199
0.499573 0.485744 -0.104080
0.464916 0.468143 -1.635764
0.492927 0.395307 1.721597
0.489910 0.356183 1.405522
0.259371 0.454013 0.301157
0.365044 0.311989 1.483198
0.386150 0.294014 1.260433
0.473282 0.491217 -1.484540
0.488777 0.483833 -2.929351
0.472312 0.491259 0.159188
0.496035 0.330187 1.530697
0.482223 0.458532 -0.497653
0.492945 0.386685 1.815235
0.490104 0.493263 -0.625642
0.474975 0.439043 0.433914
0.387706 0.239264 1.237990
-0.476607 0.347248 0.046795
0.490077 0.440435 -0.097115
0.489382 0.371269 1.582455
-0.194203 0.447352 -0.606254
0.483128 0.469925 -1.684410
0.457207 0.490489 -0.524674
0.489706 0.443062 -3.116160
0.458914 0.486151 0.663518
0.418316 0.288731 1.179925
-0.126386 -0.424527 2.884666
0.491988 0.447748 -0.053664
0.468476 0.496929 -0.256374
0.494121 0.491801 0.097586
0.497770 0.480734 -2.593723
0.469351 0.496910 1.636857
0.489582 0.386069 1.346991
0.462231 0.494407 -0.046089
0.478553 0.447027 -3.088672
0.492001 0.496656 -2.973854
0.392633 0.425058 -0.086047
0.438073 0.471184 -1.007026
0.491152 0.445270 1.481975
0.463518 0.470642 0.865396
-0.178121 -0.346470 2.656276
0.479916 0.464543 0.213490
0.477279 0.472167 -2.196840
0.304055 0.262110 1.563806
0.490207 0.446864 -1.573085
0.416705 0.301591 1.580964
0.452414 0.431866 0.071534
0.489920 0.363589 1.583457
0.487863 0.471444 -2.901378
0.496008 0.314449 1.674381
0.490970 0.465408 -2.257694
0.360441 0.470243 -0.220566
0.488526 0.466667 -1.940690
0.489706 0.380172 0.487319
0.464897 0.492690 1.825399
0.476054 0.438751 0.196350
0.455987 0.468076 0.909312
0.465275 0.476245 1.098056
0.478744 0.473885 3.032871
0.480781 0.481572 0.708244
0.359522 0.070022 1.924584
0.432892 0.447306 0.028126
-0.396999 -0.033672 -1.401432
-0.247688 0.035010 -1.653382
0.412246 0.423289 0.214561
0.462306 0.439921 0.423725
0.456514 0.496625 -0.736293
0.481275 0.473570 -0.662055
0.403237 0.258918 1.461662
-0.029171 0.339336 -0.269058
0.488583 0.416561 1.596882
0.457172 0.464390 -1.575742
0.381053 0.279970 1.513570
-0.450237 0.146066 -1.562001
0.467245 0.404597 1.198452
0.492061 0.485429 -0.537026
0.492942 0.373683 1.663279
0.486745 0.356741 1.573870
0.227486 -0.015838 1.209849
0.490801 0.459480 -1.554010
0.356709 0.307890 1.411906
0.475614 0.460944 0.168775
0.381348 0.432826 -0.134386
0.481337 0.330990 1.513184
0.489507 0.396987 1.377468
0.414791 0.406960 0.937456
0.466386 0.409096 1.484010
0.499310 0.461437 1.601217
0.457722 0.394112 -0.251472
-0.057793 -0.439106 2.758561
0.477255 0.488239 1.183194
0.498133 0.472271 -0.044422
0.127321 0.339590 -0.636276
0.461583 0.475132 0.082567
0.495049 0.432117 -0.656782
0.132526 0.381740 -0.274243
-0.490093 0.086552 -1.661798
0.499767 0.381934 1.396717
0.477627 0.332259 1.552700
0.484935 0.474659 3.140171
0.493688 0.486619 0.309415
0.455226 0.461293 -0.810939
0.498113 0.486361 0.090765
0.470722 0.443909 0.130267
0.401496 0.325123 1.432687
0.496367 0.467407 -1.456168
0.477245 0.472689 -1.038717
0.496656 0.380830 1.472516
0.140449 0.361501 -0.466414
