0.216793 -0.191478 2.711717
0.095004 -0.182553 3.630980
0.365622 -0.221215 1.794787
-0.471066 0.491575 5.089483
-0.076446 -0.339856 3.710170
0.291156 -0.427482 2.900644
0.246811 -0.450499 2.646131
0.313738 -0.228585 2.897616
-0.076950 -0.277188 4.347178
0.277839 -0.399305 2.427332
-0.465208 0.397003 2.899998
0.117383 0.164489 2.373423
0.131909 -0.372569 4.464467
-0.102628 0.376559 5.022676
-0.314518 -0.482014 0.618478
-0.386607 -0.162435 4.840548
0.207242 -0.202648 3.418602
-0.076711 0.199032 0.250043
-0.030326 0.332509 4.883664
0.233967 0.058704 3.427467
-0.386129 -0.357532 3.029265
-0.499509 -0.017466 2.391107
-0.134270 0.335369 1.968780
-0.498509 0.493213 3.371636
0.262477 0.235137 4.012633
0.255842 0.002703 3.799799
0.059497 0.058277 -6.072067
-0.492087 -0.161838 3.017070
0.430190 0.247550 3.271574
0.076012 -0.429530 5.757813
0.304260 -0.091334 2.326504
0.330426 -0.400145 2.338643
0.489615 0.495178 6.151994
0.466550 0.113293 5.517058
0.082272 -0.224201 3.051512
-0.191217 -0.411441 3.926618
-0.022130 -0.183922 2.945637
-0.371953 0.323296 -6.224539
0.465915 -0.464913 2.940357
0.355512 0.416470 2.228686
-0.113967 -0.384314 4.148514
0.265551 -0.479541 2.365873
-0.489164 0.484404 3.134943
0.214096 0.201556 1.388911
0.213108 0.442774 4.175281
0.131765 -0.320272 3.785342
-0.160034 -0.260480 1.814609
-0.079335 -0.395208 3.110737
-0.318118 -0.425577 4.851086
0.462767 0.216190 2.095844
0.084376 0.364286 3.519436
0.310361 0.209525 5.927490
-0.354576 0.366671 4.649486
-0.075113 -0.262508 1.399600
0.071677 0.185409 0.139215
-0.373191 0.430395 5.069631
0.025439 0.023512 2.577596
0.236362 0.248221 5.066666
0.027503 -0.219180 3.116009
-0.487769 0.158340 1.918669
-0.149498 0.013958 4.060651
0.104926 0.165284 1.292219
0.119653 -0.470952 3.943986
0.170461 0.000029 1.990862
0.411332 0.443505 3.623102
0.367164 -0.115698 5.772244
0.097235 0.401158 5.067609
-0.458337 -0.053417 4.233991
-0.060613 0.100038 3.474189
0.113941 0.325810 -5.693881
0.443029 0.068841 4.173808
0.393491 0.000184 0.985802
-0.317806 -0.486810 4.321942
0.130434 0.330170 4.740215
0.148894 0.415523 5.582160
-0.206379 0.008381 0.346063
-0.088822 -0.025398 4.382081
-0.110812 0.253028 5.741902
0.134688 -0.293298 2.473304
-0.269349 0.148291 1.814497
0.297808 0.399342 4.406055
-0.085407 0.301264 2.476390
0.391766 -0.480192 3.105185
0.181544 -0.497257 3.046572
0.068356 -0.300642 3.275749
0.253137 0.420393 5.544506
0.204993 -0.498146 5.301195
0.439512 0.357826 1.058356
0.208810 -0.093171 4.873397
0.122858 0.381598 2.351048
-0.346152 0.219553 1.112430
0.225483 0.049688 1.616879
0.250368 0.065158 3.833557
0.238256 0.436808 2.201156
0.349923 0.035633 5.318596
0.369996 0.383265 3.704092
0.374889 -0.257765 1.052381
0.341375 0.493652 2.768137
0.084883 0.487079 0.629645
-0.071895 -0.149947 0.783527
-0.017491 0.395486 5.120753
-0.127266 -0.010310 0.568956
-0.253871 0.146885 5.545684
-0.129158 -0.254814 2.558061
-0.109153 0.040833 2.254385
-0.018239 -0.335005 4.007035
-0.488542 0.195656 2.651486
-0.488499 -0.011386 3.625465
0.285545 -0.038495 2.148293
-0.069951 -0.404661 4.457356
-0.385944 -0.400545 5.994544
0.190323 0.142642 0.313984
-0.493346 -0.270388 4.618163
0.400153 0.157257 2.325514
0.041552 0.431631 3.160887
0.200891 -0.348886 2.839803
-0.168012 0.104603 2.714899
0.313850 0.277269 4.905267
-0.032335 0.005704 1.654465
0.103669 -0.186465 5.835388
0.124426 0.392829 5.727485
-0.314145 0.357793 4.120233
0.422642 0.428636 2.954385
0.018638 -0.035266 0.838093
-0.199372 0.030902 3.420752
-0.019498 0.222104 2.162430
0.411057 0.368238 5.569864
-0.405876 -0.458882 0.588490
-0.133197 0.110803 3.841368
-0.031174 -0.487132 1.951112
-0.143626 -0.309100 2.323636
0.088292 0.068030 1.130194
-0.479542 -0.282388 1.581571
-0.494016 -0.230516 -4.418100
0.093472 -0.039541 4.293830
0.101853 0.154093 0.196392
-0.094614 0.009055 4.550025
0.127139 0.382099 4.680667
0.379811 -0.421116 5.227466
-0.030895 0.205290 3.832743
0.390805 -0.164961 3.370488
-0.267565 0.005031 3.753674
0.358267 0.119530 5.070807
-0.130815 0.343860 3.192213
0.036517 0.426241 3.044605
-0.173736 0.214010 2.751137
0.484193 -0.092248 4.160927
0.156762 -0.410529 4.222918
0.159724 -0.396682 2.345194
0.253435 -0.149471 0.744151
-0.435369 0.367128 1.666821
0.116313 0.010280 1.923850
-0.270565 0.339398 3.124471
-0.266830 -0.410607 4.591168
0.452055 0.370776 0.817121
0.320975 0.051089 1.645345
0.027026 0.282551 5.443271
-0.117552 -0.450915 3.239190
-0.324817 -0.332299 3.092615
-0.439027 -0.393167 4.458646
0.405029 0.022448 3.436014
-0.435780 -0.181842 4.558215
-0.046588 0.134560 4.673862
0.396115 0.175150 3.569458
-0.182851 -0.030539 4.481267
0.141680 0.171400 3.221050
-0.306889 -0.089097 0.888482
0.423986 0.245142 3.086108
-0.436433 0.330115 2.543441
0.209113 -0.265131 3.803129
-0.000478 0.231717 2.193597
0.233946 -0.346832 4.406538
0.286424 -0.373571 3.855405
-0.172221 0.480563 -5.277901
0.007648 0.030428 2.084398
-0.377535 0.002348 2.763118
0.292936 0.155642 4.098766
-0.278842 -0.459586 4.212340
0.008482 -0.109962 5.583403
-0.439649 0.017222 5.184161
-0.148900 0.051566 2.918415
0.102218 -0.400697 -5.919914
0.435414 0.151914 1.856971
0.328369 -0.199041 3.848069
-0.043556 0.381209 3.150130
-0.234482 0.245167 3.997652
-0.276199 0.269041 3.079421
0.259172 0.275992 2.294712
-0.433871 -0.147012 1.779449
0.079202 0.419584 -5.590748
-0.020313 0.106536 2.501332
-0.364844 -0.385419 5.837304
-0.088245 -0.332532 1.379245
-0.494819 -0.438371 2.693150
0.121559 -0.155922 5.131190
0.319605 -0.258134 5.187945
0.398706 -0.073486 3.745572
-0.214426 -0.350661 6.158146
-0.215996 0.132809 3.432620
0.261238 -0.095463 3.105569
0.292826 0.084762 1.963211
0.419597 0.145386 3.323227
-0.054245 0.452567 1.845838
0.309137 -0.224267 5.711153
-0.451610 -0.134957 2.642821
0.425660 -0.005161 3.064382
0.277652 0.497252 2.793059
-0.376466 -0.127228 5.153642
-0.471630 0.460109 2.977132
0.370625 -0.255405 4.181091
-0.137096 -0.273022 3.534004
0.092888 -0.234814 6.206052
-0.288558 0.242305 1.494746
0.269309 -0.424118 4.193585
-0.070273 0.076239 2.283707
0.193341 0.467043 3.888849
-0.278664 -0.454132 1.230215
0.498819 -0.260785 1.742148
0.430477 0.226962 1.583996
-0.220901 0.147802 6.270933
0.340883 -0.422112 4.240800
-0.428427 0.220796 5.437604
-0.087954 -0.497893 4.177585
-0.468364 -0.245095 6.060137
0.157078 0.312843 2.422983
-0.151862 -0.444724 3.393721
0.449190 0.039660 5.261335
-0.037104 0.477838 2.225788
0.462042 -0.370734 3.267696
-0.329486 -0.079470 5.128985
0.313603 -0.288601 3.941733
-0.065066 0.490319 2.188469
-0.038472 0.153599 2.797635
-0.180115 0.040372 5.112993
0.383406 0.131466 2.574533
-0.025053 0.102758 2.929184
0.015101 0.459459 4.549094
-0.281214 0.458875 4.649856
-0.251035 -0.033094 2.859445
-0.342708 0.441642 3.191586
-0.131303 -0.375021 3.211481
-0.181434 -0.290359 3.479652
-0.253013 0.230991 2.405693
-0.139495 0.174804 4.045433
-0.034482 -0.084089 3.656385
0.310817 -0.474214 5.902798
0.381591 0.105946 4.151098
-0.391034 -0.437674 2.149760
-0.279710 0.044427 3.793302
-0.141606 -0.082691 1.673261
-0.438436 -0.410270 2.923899
0.174816 -0.399723 3.406345
0.323566 0.183637 3.080496
0.016780 -0.149145 5.202637
0.163700 0.118071 -5.106650
0.285903 -0.243356 2.552450
0.015271 0.136917 4.033218
0.486152 -0.031143 3.859570
-0.464479 0.431461 4.574940
0.281689 0.171964 3.094298
-0.353509 0.496813 2.361725
0.395665 0.225218 2.954607
-0.325903 0.068839 2.680258
-0.144778 -0.393960 -6.017771
0.108294 -0.187602 2.689229
0.076261 0.041911 1.947097
-0.438256 0.374733 0.573795
0.149177 0.487730 3.694971
0.310855 0.433071 2.628973
-0.457963 0.438875 5.345706
0.174715 -0.194530 3.507870
0.066591 -0.346224 1.955008
0.108639 -0.201547 3.285327
0.395341 -0.026077 3.859726
0.280934 0.423236 1.788483
-0.488635 -0.288323 5.058301
0.395423 0.082641 -4.824763
0.132421 0.481968 1.402761
-0.230264 -0.223198 1.431161
-0.325110 0.153426 5.064313
-0.495475 0.170129 4.181749
0.296756 0.262193 1.409597
0.398779 0.422487 3.670747
-0.290948 -0.447315 3.095485
-0.181507 -0.458830 3.769331
0.478382 -0.455136 3.702828
-0.427737 0.452184 1.387030
-0.422432 -0.290805 1.220374
0.174789 0.139558 4.747931
-0.427159 0.469623 4.836970
-0.176763 0.205555 1.758927
-0.457489 0.403638 2.328576
-0.045816 -0.186209 5.773453
-0.200771 0.020461 1.047950
-0.428921 -0.479339 4.087396
0.017646 -0.133763 2.347499
-0.128477 -0.278639 4.018494
0.225459 0.100827 0.541952
-0.193251 0.475275 -5.194210
-0.100947 -0.265925 4.511532
-0.439010 -0.485249 5.521391
0.492477 -0.032968 3.666478
0.282067 -0.138169 4.309866
0.081828 -0.023923 1.300045
0.058367 -0.024712 2.329389
-0.181365 0.326959 1.029292
-0.397848 0.420723 2.875146
0.281331 0.202868 -5.766027
-0.354906 0.396969 2.732487
0.374833 0.360515 4.909497
0.121229 0.133464 5.073835
0.112608 0.444006 5.088812
0.435116 0.383037 1.676781
-0.035077 -0.371493 2.169887
0.216115 0.071757 2.696164
0.361697 0.409418 4.919154
-0.001946 -0.334276 4.010723
0.289308 0.278860 2.775371
-0.159953 0.299036 5.219637
0.245018 0.385077 4.638385
-0.355700 0.174798 3.929616
0.287746 0.199791 2.609809
0.118133 0.181823 0.318200
0.442104 0.158585 3.436213
0.289533 0.267093 4.418155
0.435238 0.227155 2.996057
0.420753 0.165136 5.638783
0.489450 0.463263 4.049298
-0.403144 0.476406 3.535663
0.342513 -0.491439 4.620905
0.254641 0.400643 1.065772
0.297567 0.465233 4.010911
0.434576 0.220833 3.323361
0.084462 0.111369 0.385418
0.487470 0.192463 2.883727
-0.133596 0.038438 3.390295
0.231158 -0.256031 2.981505
-0.163302 -0.251951 1.095335
-0.244221 0.196748 1.553207
0.396692 0.116870 -5.154861
-0.410688 -0.499405 3.456327
0.436150 0.078405 4.251332
0.263165 0.119251 2.514292
0.043255 0.499694 2.703760
0.037002 0.215615 2.730753
0.147507 0.210390 5.277058
-0.374436 -0.371911 5.106104
0.007805 0.455047 3.542769
0.077507 0.025767 2.747609
0.155033 0.033886 2.244508
-0.366066 -0.062134 3.009826
-0.420249 0.249211 2.884370
-0.023777 -0.141016 5.331208
-0.091257 0.448494 0.742879
-0.335926 -0.360072 3.629414
0.122005 -0.042373 3.948079
0.439918 0.473088 2.705872
-0.125607 0.073112 2.448342
-0.090177 -0.472329 -6.021886
-0.007787 0.005581 4.703443
-0.029979 -0.393137 5.793381
-0.098107 0.228268 0.429580
0.098794 0.448309 4.992189
0.424321 -0.050244 2.844989
0.495882 0.420349 0.684764
0.238947 0.074306 3.916308
0.004948 -0.283584 2.062527
-0.044884 0.437754 4.067744
0.279691 0.154345 5.701206
0.034362 -0.154668 3.994739
0.444265 -0.357722 2.877675
-0.098988 -0.166276 4.064743
0.018476 -0.151337 2.646527
0.119606 -0.245796 3.225946
0.214976 -0.348329 3.813949
0.401001 0.102949 2.537177
0.111659 0.081953 3.682965
-0.053154 -0.286671 5.730256
0.208117 -0.189829 5.895748
-0.028355 -0.124298 1.043438
-0.068895 0.412560 3.541373
-0.079522 -0.310753 4.806208
-0.158584 -0.447982 2.290685
-0.440707 0.413470 6.060683
0.037567 0.074466 2.427993
0.195399 0.371054 1.780768
-0.470493 0.455026 1.632481
0.469541 -0.459801 4.282001
-0.107691 -0.195271 3.406724
0.381331 -0.228986 2.843639
0.142131 0.267288 2.789779
-0.024804 -0.311063 1.003667
-0.068358 0.065662 1.783908
0.473918 0.205159 2.305921
0.403882 -0.481619 3.738720
-0.266431 0.372895 2.833196
0.376371 0.337227 3.390359
-0.030000 0.076896 2.507621
-0.327025 0.267318 -4.120389
0.325967 0.194118 4.309906
0.090847 0.478526 5.407921
0.168639 -0.422794 3.382115
0.207875 -0.226447 1.857393
-0.162077 -0.487128 3.245123
-0.192941 -0.032608 2.982484
0.420551 -0.233952 2.444422
0.445328 -0.398422 3.913106
-0.169708 -0.349548 4.907714
0.016006 -0.406695 2.939591
0.443486 -0.462160 -6.204322
0.004048 0.347092 -6.208190
-0.222540 -0.256570 2.763146
0.055208 -0.325964 1.885734
-0.038023 -0.163392 4.289844
0.448113 -0.089666 5.074686
0.275748 0.251512 2.051815
0.133551 0.137602 3.677972
0.066486 -0.386168 3.360584
0.234653 0.211697 3.523972
-0.398425 -0.385373 1.282268
-0.326661 -0.024354 2.118727
-0.327482 0.387646 3.797897
-0.073550 0.349004 2.560392
0.227040 -0.282811 2.966893
0.024308 0.430608 4.558427
-0.472906 -0.074493 1.581314
0.013954 0.285814 5.632327
-0.394921 -0.120226 3.474540
0.225268 -0.032623 3.982228
0.202199 0.463059 2.455378
-0.024657 -0.315625 3.777418
-0.313029 0.412382 3.827884
0.300426 -0.479258 2.852350
0.018454 0.193935 1.383491
-0.168921 -0.410270 3.324037
-0.046330 0.188204 1.982389
-0.176919 0.216031 2.729076
0.297552 0.119365 3.764008
0.269145 0.366280 -5.771676
-0.414817 0.182134 5.052723
0.132154 -0.256316 2.686264
0.493180 0.044064 5.097653
0.214900 -0.083857 0.617546
-0.298698 0.434145 -5.801659
0.225397 0.421540 5.680910
-0.363815 0.463707 4.230312
-0.089065 0.036126 5.494614
-0.352163 0.465693 3.483642
0.211028 0.163322 3.452317
0.438636 0.217161 1.979174
-0.037643 0.492054 6.243496
0.074277 -0.198076 5.079421
-0.245718 -0.083404 4.122668
0.467556 0.498579 3.948385
-0.451243 0.460651 2.473275
0.015687 -0.365606 4.297833
0.106063 0.231183 0.738139
0.035831 0.018032 2.820914
0.433182 -0.139102 4.089252
0.278149 0.033676 1.238384
0.020414 0.234075 5.772325
0.061383 -0.405629 5.185064
-0.270973 -0.287348 5.671497
0.348761 0.153803 2.506875
-0.166363 -0.132710 3.514556
0.415646 0.467865 2.392725
-0.243497 -0.453173 0.571086
0.499506 -0.490866 3.570814
0.458781 0.208171 1.921472
0.030821 0.032035 2.726357
-0.122832 -0.165320 5.855225
-0.127477 0.214368 2.459977
0.418379 -0.468647 5.019780
0.271169 0.234371 2.004700
0.018334 0.243985 2.061419
-0.157630 0.081721 4.319733
0.038790 -0.089945 0.784974
0.037160 -0.402541 2.632676
0.273329 0.299008 2.905106
0.324518 0.440982 1.177698
-0.193478 0.034603 3.229707
-0.126179 0.342411 2.172257
0.497068 -0.320790 0.951766
0.473469 0.246164 4.525488
0.413146 0.206526 0.314023
-0.460302 0.183845 3.528478
0.098391 0.461461 4.194281
-0.178178 -0.235499 4.843619
0.129339 0.397730 -5.143673
-0.226245 -0.045977 5.867805
0.341706 -0.427655 2.771891
0.075960 0.064460 2.538912
-0.352445 0.495125 5.573210
-0.168759 0.048139 3.639659
-0.433120 0.285463 1.541808
-0.070079 -0.183011 4.325305
-0.391389 0.476404 4.386870
-0.007898 -0.159910 2.327724
0.010690 -0.055461 5.640903
-0.012565 -0.255534 3.101178
0.094389 0.298692 1.917948
-0.035891 -0.099956 4.078184
-0.436684 0.400221 3.168743
0.272649 -0.248472 4.526230
0.385895 -0.321363 2.019363
-0.030545 0.071928 2.024239
-0.010929 0.250672 2.207034
0.466396 0.254524 2.460841
-0.066809 -0.339048 3.019077
0.110343 -0.448192 5.807858
-0.106063 -0.125779 -5.718184
-0.112154 0.324676 3.385382
0.430178 -0.431301 3.982923
0.202810 0.208150 4.700930
-0.211951 -0.200220 1.263996
0.064663 0.297996 1.567869
0.447339 0.090831 2.086650
-0.066442 0.283975 5.300269
0.144941 0.450556 1.602735
0.005320 0.068629 2.783572
0.176517 -0.112589 2.720959
-0.455895 -0.454691 5.281941
0.095158 -0.427516 2.637380
-0.222947 0.342632 2.473262
-0.195531 0.456874 -5.774879
-0.187128 -0.452628 6.123120
0.363418 -0.390521 5.301254
-0.467552 0.008288 2.689578
-0.383238 0.131840 1.785816
-0.124683 0.073539 1.798260
0.255449 -0.439165 3.291892
0.490851 0.361422 2.043226
-0.372169 -0.252152 0.556209
-0.105963 0.166530 4.769267
-0.217259 -0.260987 2.524454
-0.111571 0.090755 4.337953
-0.032938 0.029822 1.700150
0.292633 0.232528 2.513469
-0.472522 0.405851 1.150020
-0.462574 0.290592 2.863904
0.062222 -0.180476 4.547966
-0.467474 -0.213516 3.518160
-0.204882 0.095589 2.877068
-0.130220 -0.361471 5.407358
-0.350490 -0.067693 2.870114
0.094043 -0.094895 4.652334
-0.031441 0.215686 1.887111
0.314710 -0.464709 0.569585
0.101695 0.102348 3.717451
0.312151 0.388562 3.572175
-0.334444 0.038296 1.571777
0.327636 -0.296956 -5.923023
0.162514 -0.219546 0.617268
-0.461431 0.415966 1.129125
0.474034 -0.442268 -5.933774
-0.240459 0.079195 2.320980
-0.137690 -0.396143 4.856977
0.149165 0.345553 4.026930
0.223451 0.303364 6.232691
0.415977 0.121135 5.870516
0.365189 -0.377351 3.084219
-0.331483 0.037492 2.948307
-0.120015 0.342778 0.844599
0.131462 0.371082 5.189328
0.172101 -0.357294 4.631045
0.105604 0.421359 5.624965
-0.033817 0.164547 1.352337
-0.189700 0.431097 -5.172125
-0.287936 -0.072502 0.375592
-0.031525 -0.053168 3.306510
0.329999 -0.424246 2.885061
-0.369834 -0.468212 5.075983
0.146699 -0.211966 2.618688
0.160162 -0.493674 2.863754
0.325545 0.099183 1.068919
-0.009796 -0.250321 2.619596
0.262316 0.272723 0.669797
0.267529 -0.118592 3.871996
0.206578 -0.303458 2.454564
-0.008076 -0.308380 1.973619
0.210349 0.035155 4.297692
0.105650 -0.235700 4.393487
0.417735 -0.007043 2.456484
-0.418809 -0.121754 1.591228
0.178549 -0.366855 3.255289
-0.468358 0.439226 3.680275
0.274997 0.053453 2.486121
0.448137 -0.394137 0.174426
-0.211609 -0.221730 4.372985
0.009049 0.481945 3.845874
-0.202136 -0.145382 5.015186
0.411103 0.495862 6.124417
0.459800 0.073571 3.740855
-0.209929 0.165715 3.133017
0.224238 0.115590 4.876811
-0.046282 0.025860 0.427527
-0.476075 -0.463232 4.589935
-0.025525 -0.099709 3.335282
-0.139451 0.309154 1.631160
-0.012468 -0.257831 3.823773
0.015056 -0.410226 1.563070
-0.111663 -0.311449 2.072696
0.012441 0.161388 1.573965
-0.010344 -0.088793 2.603768
-0.018253 0.123152 0.355006
0.476106 0.481686 4.521672
0.371622 -0.339817 4.537524
0.480535 -0.166046 2.302618
0.000446 0.347841 5.869280
0.260180 0.357010 3.444836
-0.432529 0.495295 -5.566050
0.430542 -0.440496 5.681191
-0.342973 0.005220 5.616138
-0.041048 -0.402126 2.983270
0.433120 0.215176 1.525733
-0.466501 0.482920 5.412159
-0.117097 0.447035 1.835156
0.207608 -0.221380 4.196918
-0.257615 0.369637 2.918485
-0.023322 -0.007606 2.623553
0.226841 0.293655 3.373010
0.077432 -0.060900 -6.198550
0.100401 0.389165 3.936888
0.230906 0.380308 6.165726
-0.071686 -0.063987 2.203600
0.096700 -0.422198 4.490828
-0.057873 -0.408137 2.289965
0.128287 0.427545 3.294539
0.287965 0.196292 5.320597
-0.439421 0.492596 3.834690
-0.147476 0.115233 2.986362
0.254205 0.483538 4.036627
0.469705 0.418506 1.783025
0.265540 -0.095968 6.150203
0.237058 -0.024913 3.091945
0.245415 -0.229450 0.205449
-0.258245 0.070051 2.854077
-0.028221 0.246723 3.944119
0.328316 0.427866 2.798773
0.481500 0.012435 2.574083
-0.054727 -0.170975 3.111728
-0.300962 0.143616 2.484876
0.100811 0.187931 1.836145
-0.180003 -0.353227 3.783394
-0.452418 0.384166 2.659513
-0.380789 -0.252299 2.269176
0.013641 0.024627 2.006400
-0.385702 -0.343185 -3.200848
0.355814 -0.423860 3.699196
-0.079155 -0.192371 -5.468147
-0.491522 -0.217909 -4.687532
-0.454725 0.335750 0.719931
-0.048885 -0.497181 4.845293
0.361253 -0.404929 2.681067
-0.193472 -0.031262 2.926857
-0.036176 -0.009523 2.793744
0.148118 0.401172 1.541082
0.232599 0.282183 5.004771
0.353585 -0.273585 5.139034
0.116372 0.260123 5.227480
-0.006256 0.213590 5.116335
-0.023135 0.363104 4.659404
0.022605 -0.498938 4.640628
0.307458 -0.126988 1.449873
0.151107 -0.182125 3.559302
0.124504 -0.146285 4.586766
-0.399129 0.398532 4.853234
0.252696 0.340628 4.522661
0.096124 -0.185080 5.865324
-0.024678 0.486804 4.694288
-0.087154 -0.041026 0.192251
-0.002660 -0.164671 3.621200
0.496075 0.416428 3.636476
-0.488986 -0.458752 1.548487
-0.453445 0.015771 3.050901
0.121231 0.218423 5.343617
-0.016300 0.450628 1.628697
0.214287 -0.484545 4.866951
-0.128372 0.263861 1.106071
0.081061 0.069712 3.459269
-0.067935 0.084705 3.713735
-0.026728 0.463147 4.591193
-0.367660 -0.399448 3.093933
-0.161668 0.245755 4.052798
-0.099840 0.234737 1.697531
0.475650 0.425186 3.321644
0.075473 -0.368766 5.354968
-0.383600 -0.149454 4.282821
-0.005538 0.433863 2.895048
-0.225104 -0.157919 5.985213
0.493901 0.388552 1.796772
0.274362 0.237478 2.594465
0.081348 -0.327970 3.937751
-0.380083 0.187716 1.554072
-0.039530 0.281185 5.663766
-0.446120 -0.354699 3.536425
-0.115236 0.468795 3.484133
0.310167 -0.085587 4.969384
-0.116280 -0.433521 2.537299
-0.494603 -0.481363 2.569494
0.449090 -0.124266 1.424786
0.423466 -0.472297 4.490781
0.134197 -0.418229 -4.893235
-0.013689 0.037763 1.904563
-0.300693 -0.276801 5.358885
0.414886 0.049553 1.291239
0.082691 0.326355 4.085562
0.497349 0.355164 3.616675
-0.479650 0.431595 1.603750
0.259997 -0.322142 3.075769
-0.288278 -0.039126 1.131797
-0.254864 0.224628 1.641637
-0.279454 -0.221870 2.738790
0.352371 0.480202 4.888010
-0.132708 -0.442573 -6.060490
-0.055282 -0.257250 1.505548
0.227535 0.316313 1.412022
0.413408 -0.467415 6.148838
-0.470239 0.185766 1.414044
-0.212951 0.022864 3.844395
-0.059133 0.365852 1.970721
-0.423334 0.405858 1.756511
-0.148348 -0.186959 1.988775
-0.176504 0.076194 3.974565
0.207274 0.287070 6.145146
0.121759 0.198656 5.959656
-0.142269 0.042880 2.738634
0.133269 0.483302 1.311745
0.027045 0.300770 -4.964221
0.151540 -0.242453 2.145758
0.042865 -0.188262 -4.989178
-0.257038 0.187224 2.708544
-0.115670 -0.351038 2.521871
0.394796 0.223673 3.340445
-0.258474 0.077843 2.722525
-0.057274 0.360369 2.250015
0.205030 0.108193 1.526838
-0.492158 -0.375646 3.242858
0.453843 -0.484748 4.305396
-0.249552 0.064705 -6.016521
0.210957 0.180117 4.673401
-0.458646 -0.094452 2.742923
-0.426406 -0.239871 2.262082
0.172734 -0.269032 1.306659
0.068388 0.283833 3.855928
0.211750 0.173794 3.571513
0.137801 0.406686 1.172960
-0.197653 0.391491 2.940225
0.351650 0.245578 3.248844
0.138943 0.096064 3.097013
0.224645 -0.257526 3.561873
0.026581 0.471222 -5.208003
-0.495795 0.040621 5.353029
-0.432492 0.345737 2.733165
0.491067 -0.247115 2.102108
0.415102 -0.471234 -5.986308
-0.492680 0.186942 4.590793
-0.030618 0.436854 0.690433
0.359045 0.395587 5.243648
-0.190851 -0.199051 3.219817
-0.340285 0.469275 4.320046
0.422791 -0.495823 2.586513
0.316621 0.119720 3.505797
-0.259557 -0.314593 -6.039330
-0.364309 0.455008 5.408257
0.150322 -0.346901 2.632338
0.453762 0.100975 -5.516058
-0.283555 0.169157 2.585443
0.124975 -0.131954 2.748593
0.464768 -0.003044 2.161809
0.110139 0.445244 4.583143
0.111375 0.201457 3.299584
-0.122587 0.257247 2.845566
0.174074 0.036593 0.438841
0.082331 0.165870 1.491020
0.331721 0.337716 -3.814283
-0.140330 -0.460532 6.074431
0.236620 -0.234869 3.195527
-0.059995 -0.190213 3.285974
-0.211064 0.497425 3.227885
0.232866 0.434347 4.676581
0.031157 0.416382 2.927306
-0.079021 0.000755 4.598220
0.302498 -0.241007 4.589311
0.282671 0.480113 0.746980
0.110729 0.267625 5.248862
-0.369413 0.146402 4.369825
0.140929 0.145612 2.036765
0.492061 0.368406 2.733368
-0.087894 -0.248654 2.121122
0.116337 0.096725 1.523486
0.016211 0.309100 2.451951
-0.078099 -0.233700 1.893589
-0.021166 -0.196470 2.699206
-0.007465 -0.276561 3.836989
-0.312282 -0.079951 3.346730
0.176270 0.174645 3.674822
-0.307110 -0.428271 3.804241
0.221355 0.219231 5.953189
-0.165889 0.287836 1.013001
-0.112248 0.017475 0.208987
0.275384 0.263450 2.923542
0.301324 0.044143 4.517662
-0.496800 0.248997 4.145071
-0.442113 0.430184 1.672102
-0.141949 0.160323 1.631869
-0.460566 0.262432 4.990445
-0.155178 0.288183 5.548889
0.383307 -0.361968 4.090190
-0.128703 -0.083144 2.552648
0.184713 0.028186 3.309254
0.210960 -0.224999 2.818152
0.183650 -0.255365 2.121106
0.001270 0.230964 4.209939
0.124023 0.302979 1.057785
0.017450 -0.254854 2.404643
0.115137 0.232144 0.099504
0.459693 0.211376 0.505078
-0.384793 0.386739 1.274765
-0.017353 -0.266000 1.942521
0.428319 -0.460789 2.315296
0.417439 -0.427626 3.657454
-0.331877 -0.153179 5.639164
-0.308235 0.467143 5.547046
-0.220361 0.334643 2.510812
-0.189100 -0.495343 1.321424
0.478042 -0.442041 4.551945
-0.348724 -0.079626 1.668602
-0.468138 0.204766 1.543619
0.207416 0.174236 3.664268
-0.461114 0.331303 4.929395
-0.049679 -0.392495 2.259300
0.469614 0.493316 4.841529
0.007024 -0.310354 4.524072
0.477992 -0.483072 5.334879
0.457938 0.330762 1.026600
-0.098827 0.035062 3.837325
0.033281 -0.124909 1.919842
0.186394 0.051888 4.848601
-0.385640 0.405731 3.976999
-0.483855 0.440161 3.606676
-0.069371 0.167051 2.238680
-0.024426 -0.453987 4.179545
0.106423 0.196118 2.952427
-0.243603 0.172165 3.490909
0.051874 -0.203847 2.319427
-0.029638 0.467765 4.152684
-0.406792 -0.037654 5.359907
0.468462 0.091881 1.730290
0.447353 -0.120197 2.140165
-0.493677 0.318918 3.717921
0.176305 -0.052157 3.591936
-0.280446 0.455461 4.481127
-0.131551 0.140941 4.317934
0.173207 0.082602 1.898899
0.170058 -0.287615 3.357879
0.061084 0.476399 4.954497
0.186107 -0.469280 3.771857
0.460478 0.401481 1.814762
0.020705 0.277735 0.961433
-0.292229 0.480184 5.110175
-0.443818 0.290817 2.444682
-0.000263 -0.426230 0.623039
0.334881 0.071529 3.352728
0.168781 -0.296493 2.383843
-0.009634 0.041092 2.966221
0.497020 -0.018833 3.010871
-0.481282 -0.146480 4.318147
-0.255026 -0.313681 5.106561
-0.134489 -0.421551 5.332431
-0.068836 -0.484565 4.886188
-0.087000 -0.464245 4.706166
-0.098891 0.364746 2.927681
0.149363 0.385639 4.480172
-0.019416 0.119498 2.073258
0.261665 0.209198 5.338801
-0.197219 -0.452588 5.958582
-0.067614 -0.492408 1.779578
-0.024773 0.149856 0.854640
0.373297 -0.471765 4.697642
-0.332763 -0.135239 3.877874
0.097646 -0.442722 3.988406
0.320029 -0.399859 4.590327
-0.051300 -0.314507 1.617251
-0.026992 -0.346592 2.113855
0.389196 0.205383 1.992990
0.016087 -0.395691 5.533698
-0.182004 0.316030 3.469449
-0.418501 -0.433843 3.464290
0.371442 -0.363035 4.955861
-0.392245 0.424364 3.345558
0.421456 0.446504 1.575296
0.406211 -0.457374 2.513246
0.066077 0.370395 -6.040518
0.085992 -0.327967 4.262492
0.215496 0.070858 3.304442
0.028897 0.005053 0.828244
-0.322688 -0.215051 3.581628
0.143843 -0.488403 5.902384
0.095912 0.042581 6.215864
