-0.194546 0.060398 4.343926
-0.306505 0.048011 4.763093
-0.387614 0.129534 4.398696
0.254442 -0.404738 4.409097
-0.443766 0.136275 5.057038
-0.402574 0.103379 4.101582
0.104275 0.482214 4.217030
-0.446568 0.087972 4.312528
-0.012970 0.178285 4.728863
-0.411108 0.067940 4.354137
-0.318206 0.058129 4.572418
-0.267040 0.075360 4.451527
0.431081 0.170718 4.261939
0.118310 0.162347 3.969922
-0.074469 0.042470 4.896830
0.088727 -0.440393 4.187446
-0.206021 0.042116 4.713510
0.117027 -0.479811 3.944342
-0.287459 0.028342 4.962962
-0.241659 0.043065 5.052826
-0.101354 0.063349 4.720643
-0.281980 0.086637 4.642420
-0.294089 0.003197 4.574804
0.163119 0.488774 4.219296
0.121218 0.460189 4.424849
-0.005912 -0.444098 4.580665
0.364110 0.173341 4.727234
0.458882 0.160602 4.242128
0.107384 -0.489273 4.274370
-0.202522 0.073944 4.664005
-0.304687 0.082724 4.504805
0.116435 -0.464138 4.493587
-0.418438 0.097751 4.601837
-0.256712 0.030766 4.467010
0.133959 -0.460140 4.179002
-0.243049 0.049415 4.720998
-0.202248 0.102806 4.656629
0.142841 0.459862 4.341401
0.483315 0.073018 4.093499
-0.460038 0.054537 4.519267
0.104458 -0.462308 4.398114
-0.032114 -0.410093 4.273195
-0.341744 0.090469 4.507257
-0.371346 0.068594 4.530302
-0.366724 0.057452 4.631074
-0.191171 0.111578 4.308720
-0.199886 0.079035 4.534335
0.108877 -0.471398 4.280527
0.084727 -0.492855 4.506276
-0.114053 0.064062 4.676904
-0.219798 0.075247 4.439492
-0.262854 0.090776 4.657099
0.249554 -0.474152 4.457368
-0.259049 0.062568 4.694911
-0.282879 0.053394 4.791855
-0.211653 0.032734 4.441162
-0.334908 0.075388 4.507997
-0.388464 0.088864 4.332337
-0.201844 0.069866 4.682503
0.221394 -0.481586 4.416224
-0.262909 0.072336 4.573465
-0.266266 0.074333 4.455771
-0.367525 0.059959 4.548389
0.477705 0.148091 4.017917
-0.472270 0.121517 4.063519
0.480076 0.097656 4.379771
-0.125217 -0.254972 3.427744
-0.202290 -0.008248 4.658826
-0.390884 0.078596 4.505269
-0.466964 0.085199 4.414853
-0.354533 0.079435 4.514704
-0.346969 0.046784 4.503106
0.121105 -0.491612 4.252254
-0.091363 0.064210 4.887190
-0.230851 0.077648 4.498699
-0.487118 0.052599 4.570931
-0.211200 0.088031 5.267965
-0.267385 0.083458 4.629588
-0.277615 0.076751 4.271249
-0.229405 0.088080 4.542655
-0.025034 -0.492515 4.090224
