0.099590 0.215149 -0.006194
0.157304 0.425972 0.183876
0.158461 0.422954 0.167981
0.124146 0.428992 0.420803
0.160556 0.323222 0.486398
-0.116846 -0.081447 -0.222891
0.032505 0.339637 -0.094951
0.072566 0.434156 -0.214620
0.080773 0.434630 -0.129746
0.064420 0.369581 -0.584911
0.485283 -0.268465 0.060516
0.067963 0.414725 0.491744
0.171694 0.324281 -0.011661
0.144046 0.424666 -0.094917
0.300107 0.347736 0.248228
0.140677 0.338267 0.311032
0.241434 -0.264346 -0.606412
0.286015 0.362356 0.102147
-0.094670 -0.097944 -0.109858
0.187443 0.377429 -0.015073
-0.010757 0.458594 0.264963
0.115007 0.432203 0.313027
0.309061 0.225483 -0.419627
0.155104 0.412048 -0.088318
0.128010 0.352157 0.444907
-0.109215 0.193978 0.181282
-0.013821 0.349341 0.165490
0.168385 0.313752 0.439875
0.208259 0.352966 -0.298569
0.140493 0.316145 0.091690
0.187205 0.325790 0.303758
-0.191499 0.004075 -0.005872
0.131631 0.415307 0.079300
-0.144826 -0.000998 -0.880185
0.162371 0.302042 0.518374
0.054277 0.443503 0.254609
0.044631 -0.472522 0.304124
0.192414 0.314960 0.404643
0.013030 0.376744 0.195863
-0.146007 0.172890 0.012937
0.392846 0.451624 0.588822
0.121587 0.320948 -0.201673
0.130997 0.310829 0.104754
-0.093226 -0.081227 -0.334738
0.109653 0.433229 0.202852
0.146060 0.405588 -0.136999
-0.063311 0.300337 -0.419431
0.097375 0.429317 0.289556
0.117841 0.411012 0.240429
0.199206 0.405692 0.232336
0.157126 0.318962 0.240781
0.104945 0.414300 -0.185597
0.078675 0.381447 0.203337
-0.499105 0.241534 0.154809
0.070429 0.391204 -0.171289
0.120535 0.405319 0.152794
0.310625 0.130266 -0.713932
0.127649 0.428636 0.211662
-0.308471 -0.338086 -0.864042
-0.025957 0.486781 0.434574
0.145162 0.409434 0.438931
0.470139 -0.301698 -0.171299
0.205043 0.418685 -0.087948
-0.146151 -0.164969 -0.648277
0.038675 0.432418 0.460627
0.039992 -0.472878 0.093647
0.104202 0.269700 -0.000047
0.131104 0.325287 0.170715
0.198298 0.346130 -0.379454
0.137228 0.423748 0.228189
0.105752 0.296021 0.165276
-0.396341 -0.315587 -0.950682
0.126000 0.412870 0.371657
0.312965 -0.073811 -0.344558
0.146810 0.418054 0.107314
0.126676 0.429224 0.298384
0.121279 0.341793 0.091797
-0.024925 0.043624 0.181609
-0.223861 -0.321162 -0.509245
0.114868 0.434921 0.161972
0.372104 0.057098 0.043096
-0.206755 -0.362785 -0.023082
0.159562 0.310902 0.296905
-0.050087 0.120244 -0.262174
0.112343 0.434734 0.418871
0.140016 0.322826 0.036322
0.167529 0.332043 0.131067
-0.101252 -0.363696 0.611635
0.326831 0.050168 -0.597741
0.150985 0.314711 0.037923
0.040430 0.137536 -0.525168
0.249353 -0.092575 -0.619529
0.283626 0.214255 -0.167355
0.145961 0.332117 0.412689
0.019909 0.404971 0.404772
0.155466 0.432278 0.010821
0.015378 0.002063 -0.159751
0.135093 0.292627 0.044281
0.241702 -0.423166 -0.263019
0.162540 0.428670 0.521761
0.107438 0.402008 -0.051353
0.190840 0.325156 0.159462
0.435593 0.436228 0.914973
-0.011159 -0.107036 -0.855289
0.346302 0.174873 -0.803716
0.220208 0.373837 -0.105568
0.157912 0.432988 0.089835
0.201865 0.388618 -0.216662
0.213538 0.403801 0.040952
0.177046 0.316119 0.093038
0.059063 -0.495890 0.319085
0.184062 0.393717 -0.102804
-0.083477 -0.460518 0.885580
0.074727 0.434876 0.121988
0.207627 0.358957 -0.043864
0.006731 -0.456747 0.374492
0.025265 0.452959 0.371009
0.024616 -0.490490 0.022315
-0.186752 -0.037657 -0.196427
0.380421 0.297428 0.439011
0.181876 0.431214 0.107688
-0.268113 -0.100675 -0.337406
-0.169167 0.104762 -0.339264
0.129500 0.427886 0.228795
-0.038486 -0.144292 -0.294453
0.215914 0.408408 -0.010082
0.126975 0.314809 0.241863
-0.045666 -0.071686 -0.476131
0.188107 0.385296 0.119045
0.135952 0.416060 0.261930
0.181080 0.433085 -0.068668
0.202842 -0.101445 -0.473890
-0.193648 0.222818 -0.507146
-0.346651 -0.290938 -0.613086
0.281153 -0.249216 -0.238497
0.037071 0.365655 -0.238844
0.218881 0.358407 -0.089823
-0.432402 0.230658 -1.296385
-0.093012 -0.039881 -0.359084
0.104006 0.420347 -0.049219
0.090517 0.307222 -0.208394
-0.114616 0.471472 0.551816
-0.483193 -0.229255 0.049617
-0.091580 0.088137 -0.260961
-0.284817 -0.001025 0.117202
-0.090546 -0.113934 0.000482
0.178724 0.304585 0.267114
-0.346604 -0.200714 -0.909469
0.164343 0.417283 -0.039961
0.207338 0.402378 0.202055
0.114519 0.417648 0.235981
0.222544 0.374174 -0.154446
0.143366 0.321762 0.158992
0.202240 0.415297 0.209874
-0.165914 -0.045124 -0.166405
0.078010 0.440378 0.150688
-0.054011 0.072427 0.354804
0.040987 -0.470227 0.140531
-0.241755 -0.089876 -0.354197
0.483555 0.124031 -0.242751
-0.115745 -0.068137 -0.134955
0.135822 0.320145 0.321267
0.118728 0.418230 0.202879
-0.267191 -0.168610 -0.814471
0.061796 0.414500 0.040706
0.328640 -0.477328 -0.499131
-0.066690 0.088401 -0.664094
0.063902 0.428243 0.028687
-0.433560 0.195267 -1.195210
-0.036211 -0.330912 0.843308
0.144712 0.306287 -0.072339
0.240236 -0.408061 -0.413164
-0.082469 0.175392 0.029942
0.127812 0.428094 0.389655
-0.108425 -0.077584 -0.252729
0.098716 0.427137 0.015737
0.211763 -0.149735 -0.865280
0.117168 0.420343 0.123888
-0.166744 -0.018562 0.284710
0.194596 0.356672 -0.205352
0.230601 0.415154 0.028016
0.101351 0.431796 0.128032
0.102501 0.424059 0.427170
-0.491891 -0.307988 -0.208208
-0.222395 0.124443 0.611766
0.255210 -0.060109 0.944800
0.185976 0.411004 0.021627
0.080738 0.154581 -0.257814
-0.456925 0.417421 0.771319
0.187622 0.303349 0.471554
-0.258725 -0.046443 -0.342138
0.100075 0.309180 -0.232507
0.285645 0.445713 -1.157595
0.082890 0.393523 -0.294545
-0.001509 -0.460945 -0.107346
-0.260170 -0.152504 -0.798906
0.251405 0.353201 0.104422
0.177818 0.425444 0.214213
0.068480 0.446898 0.107231
-0.122173 -0.066851 -0.211187
-0.092510 -0.386958 0.561020
0.029190 0.367443 -0.061581
0.264337 0.367275 -0.137034
0.389583 -0.432295 0.244303
0.055836 0.421661 0.396009
-0.295078 -0.242821 -0.510877
0.035114 0.349559 -0.047190
-0.234124 0.481753 -0.348706
0.152524 0.324168 0.136749
0.149704 0.316450 0.298080
0.196470 0.348576 -0.381581
-0.227831 -0.291491 -0.378616
0.317689 -0.066043 -0.806069
-0.227051 -0.183661 -0.999798
0.073591 0.382877 -0.244350
0.163918 0.399331 0.132042
0.197105 0.363806 0.127959
0.258951 0.469407 -1.167476
-0.257565 -0.217865 -0.031231
0.043366 -0.052699 -0.466711
0.302584 -0.493860 -0.839540
0.150279 0.323408 0.139466
0.127343 0.420267 -0.110919
0.013034 -0.445617 0.511257
0.274486 0.307440 0.284157
0.175688 0.341852 -0.320998
0.065467 0.441329 0.432325
0.185615 0.410626 0.312043
0.386014 -0.248370 -0.979567
0.227786 0.355258 -0.108725
0.142004 0.406746 0.048234
0.244580 0.376553 -0.218084
-0.077790 0.413807 0.365365
-0.038184 0.123099 0.012321
0.011656 0.477073 0.253040
0.066031 0.410756 0.325998
-0.162766 -0.061038 -0.167345
0.118394 0.420808 0.006219
-0.026520 0.035238 -0.007902
0.043774 0.370580 0.056891
-0.337944 -0.310038 -0.330929
0.154159 0.314413 0.612926
-0.127150 0.158590 -0.454197
0.154058 0.428055 -0.093684
0.217537 0.360576 -0.199009
0.219263 0.410133 0.201511
0.052115 0.439812 0.127134
0.139168 0.354642 0.164479
0.482866 0.378551 -0.891286
0.051744 -0.191761 -1.757651
0.122968 0.435605 0.241202
-0.020575 -0.484629 0.526674
0.192875 0.433935 0.265988
-0.194968 -0.381276 -0.449909
0.230783 -0.328492 0.530909
0.330413 -0.065584 -0.770390
0.202024 0.418849 0.314100
0.170397 0.443761 0.087410
-0.027245 -0.446634 0.796513
0.214888 0.353252 -0.046021
0.171978 0.357755 -0.051635
0.153628 0.416727 -0.232014
0.412184 0.091719 0.266486
0.155250 0.412122 -0.168089
0.101418 0.422509 0.110587
0.111662 0.286881 0.192007
-0.170601 -0.216786 0.021855
0.266967 0.159430 -0.774579
0.055358 0.364232 0.063984
0.072352 0.435649 0.319529
-0.016650 -0.479469 0.049352
0.116179 0.432970 0.308237
-0.067614 -0.130466 0.570615
0.135084 0.330544 0.357739
-0.319546 0.429577 0.589818
0.114468 0.317786 0.072449
-0.035890 0.422850 -0.569718
0.180724 0.384063 0.364980
-0.173175 -0.150348 -0.595694
0.041195 0.438227 0.538913
0.151415 0.485653 -0.213162
-0.461322 0.283548 0.786546
0.147238 0.429337 0.164541
0.254152 0.358491 0.341406
0.131334 0.232449 -0.335172
0.374709 0.163448 -0.140319
0.158451 0.340813 0.185766
0.132050 0.427038 0.062105
-0.256188 0.464084 -0.716257
0.440955 -0.475279 0.373427
0.450600 -0.113359 0.771474
0.336019 -0.090689 -0.772642
0.087403 0.027035 -0.665057
0.222780 0.354871 -0.165279
-0.226897 -0.383346 -0.130644
0.156772 0.424968 -0.023644
0.090350 0.435601 0.018921
0.139372 0.433461 -0.037786
0.137079 0.435858 0.128967
0.446673 -0.253651 0.046582
0.100125 0.448185 0.105671
0.009777 0.326423 0.179144
-0.444342 -0.204050 -0.792163
0.338291 0.077043 -0.022798
-0.033586 0.106339 -0.338057
-0.435668 0.128038 -0.798206
0.083167 0.432510 0.143888
-0.308482 -0.245442 -0.540486
0.089355 0.437525 0.140051
0.121236 0.425502 0.092993
0.131735 0.159944 0.029589
0.086839 0.426236 0.210076
0.091337 0.286567 0.154435
0.171386 0.346870 0.090507
-0.297907 0.428388 -0.734954
0.047355 -0.135196 -0.009284
0.033114 0.000449 0.002986
0.124072 0.412649 0.405014
-0.019461 0.485600 -0.341343
0.115169 0.436140 0.151126
0.181412 0.410183 -0.138477
-0.078364 0.192645 0.124607
0.197079 0.345784 0.032435
0.120469 0.426654 0.269031
0.017214 0.392972 0.060336
-0.026939 -0.092936 -0.015853
0.001992 -0.420633 0.216946
0.092435 0.432264 0.098908
0.045767 -0.128532 -0.270580
0.089608 0.160375 -0.579369
-0.238578 -0.076029 -0.633174
0.109640 0.414822 0.161343
0.125087 0.415621 0.326785
-0.003594 0.466700 -0.533720
0.144721 0.426186 -0.037729
-0.466127 -0.260652 -0.173664
0.158456 0.417708 0.039806
-0.024253 0.329407 0.083679
0.086491 0.372907 0.089853
0.145214 0.421116 -0.069166
0.095030 0.361508 0.380771
0.079669 -0.498232 0.119180
0.103834 0.429703 0.131904
0.168772 0.320432 0.277110
0.261641 0.346170 0.246978
0.052373 -0.063927 -0.219519
-0.246243 0.461124 -0.798201
0.129129 0.419073 0.197618
0.171188 0.303600 0.305584
0.194150 0.417283 0.232860
-0.033479 0.487294 0.553186
-0.207454 0.467694 -0.720679
0.149148 0.418274 -0.127017
0.192031 -0.430414 0.651884
-0.045694 -0.026846 -0.624937
0.042545 0.033777 0.226418
0.110615 0.442589 0.147386
-0.112125 -0.168108 0.213569
-0.130519 -0.099009 0.173592
0.131272 0.443556 0.343437
-0.138717 0.405573 0.311893
-0.196373 0.228065 -0.907325
-0.267812 -0.104805 -0.852496
0.088393 0.223048 -0.075760
0.173871 0.324826 0.204152
-0.140571 -0.134833 -0.734175
0.483514 0.420783 1.022656
0.241318 0.122871 0.911377
0.197443 0.414595 0.045159
0.124248 0.252636 0.101812
0.005834 0.446691 0.351913
0.022776 0.452362 0.604237
0.199689 0.364494 -0.115414
0.495065 -0.288092 -0.807700
-0.037467 -0.440500 0.142855
0.109661 0.428435 0.254116
0.165559 0.433337 0.214908
-0.010445 -0.418009 0.210177
-0.048289 0.274552 -0.165248
-0.282178 0.458990 -1.015903
0.078120 0.437462 0.280967
0.249226 0.368999 0.251988
0.218011 0.372177 0.027152
0.116479 0.407901 0.659963
0.062554 0.238521 -0.302476
0.060055 0.456132 0.258094
0.126731 0.415469 -0.122652
0.077526 0.441071 0.236996
-0.422101 -0.231351 -0.470228
-0.153064 0.370051 0.195831
0.088231 0.423096 0.007616
0.049595 0.434674 0.230745
-0.495964 -0.222118 -1.109652
0.376866 -0.407549 -0.019900
0.106300 0.308932 0.252015
-0.044508 -0.096661 -0.295561
0.100716 0.453018 0.403370
0.019850 0.053247 -0.043759
0.209664 0.359005 -0.248391
0.185216 0.409806 0.195223
