-0.280462 -0.452219 -0.075329
-0.482732 0.235948 -0.192643
0.418890 0.352427 -0.012050
0.085900 0.181561 -0.641708
0.477401 0.234141 0.067318
-0.181621 0.246868 -0.251298
-0.191558 -0.121169 0.237174
0.242500 -0.380769 0.509605
0.309225 0.021004 0.284647
-0.297546 0.433085 -0.502129
-0.411558 0.423036 0.000124
0.255604 0.369308 -0.256199
0.340638 0.035209 1.123142
0.476900 0.252699 -0.083153
-0.387489 0.261829 0.004398
0.437517 0.210097 -0.259584
0.399013 0.359342 0.132894
0.324722 -0.184316 0.279847
0.251663 0.127426 0.119579
-0.487716 0.177926 0.215553
-0.262014 0.376898 -0.657567
0.476807 0.172025 0.193350
-0.415552 0.251048 0.058938
0.451018 0.209114 -0.085681
0.336422 0.051610 -0.055844
-0.185619 -0.101638 -0.108972
0.399622 -0.057291 0.520224
0.448205 0.245269 -0.219616
0.474001 0.307686 -0.003541
0.256801 0.204647 0.547265
0.325424 0.046236 0.659300
-0.385499 0.257454 0.809723
0.377106 0.187182 -0.447237
-0.425204 -0.009188 0.151299
0.452812 0.397061 -0.113104
0.245742 0.165164 0.653462
0.296132 0.417948 -0.087189
-0.455606 0.225512 0.136516
0.326157 0.283697 0.191290
-0.254929 0.481063 -0.271729
0.439935 0.405211 -0.235975
0.419150 0.202184 -0.372210
-0.467350 0.222753 0.051375
0.018468 0.053829 -0.118610
0.410414 0.016089 0.620728
0.462617 0.245688 -0.378546
0.102628 0.152899 -0.154136
0.438437 0.186006 0.168777
0.466411 0.119401 -0.299636
0.429985 -0.173516 0.798246
0.464643 0.241546 -0.285840
0.265199 0.165407 0.036503
0.355904 0.312472 -0.154082
0.433647 0.206339 -0.265932
0.382024 0.140374 -0.484668
0.295314 -0.417514 -0.855840
0.434835 0.458331 -0.708644
0.300660 0.257682 0.244708
0.411076 0.367941 -0.048857
0.122433 -0.109020 -0.221867
0.375581 0.260355 0.091693
0.394968 0.203755 -0.246511
0.281634 0.066016 0.368859
-0.340816 0.411088 -0.730430
0.181028 -0.027396 -0.209097
0.232682 0.335116 0.620816
0.371592 0.231447 0.140632
0.387982 0.382218 0.290372
0.335624 0.477937 -0.011664
0.380620 0.188883 -0.000248
0.020933 -0.154291 0.133499
0.487172 0.227785 -0.012403
0.443397 0.236742 -0.225742
-0.387929 0.277040 0.180904
0.454170 0.333066 0.401962
0.355211 -0.440793 0.579651
0.457576 0.268867 -0.348617
-0.340769 0.325597 -0.881744
-0.462686 -0.132897 -0.829289
0.465734 0.243607 -0.175032
0.321898 0.055296 0.564529
0.429438 0.268537 -1.010364
0.318335 0.081135 0.354658
0.229066 0.237367 0.620468
0.378999 0.053444 0.909902
-0.496691 0.238122 -0.160962
0.464421 0.132077 -0.334412
0.342014 0.209149 0.040596
0.422621 -0.450923 -0.078614
-0.497875 0.192003 -0.112122
-0.122963 -0.270341 -0.269049
0.410919 0.235682 -0.151926
0.455427 -0.476591 -0.078884
0.454663 0.234890 0.009716
-0.075378 0.270709 0.266172
0.304824 0.072598 0.095640
0.153765 0.148629 -0.738393
0.406530 0.240289 -0.114586
-0.459890 0.216720 0.134101
0.475897 0.251574 -0.074031
0.440968 0.285562 -0.373967
0.347331 0.017187 1.127738
-0.434873 0.247632 -0.054892
-0.000332 0.296797 -0.688523
0.394614 0.223138 -0.006490
-0.420365 0.289566 0.095476
0.439897 0.228256 -0.190456
-0.414028 0.224110 -0.007545
0.498310 0.280726 -0.213948
0.497892 0.208057 0.285578
-0.120553 0.302626 0.840207
0.460562 0.192425 0.116664
-0.372913 0.237574 0.212906
0.062794 -0.231359 1.064068
-0.421305 0.235137 -0.065689
0.130860 -0.145235 -0.633382
-0.197517 -0.204738 -0.230660
-0.314225 -0.038874 -0.168168
0.397156 -0.146355 0.989775
0.497220 0.225226 0.165672
0.474465 -0.319983 0.520015
-0.385601 -0.087084 -0.233691
-0.194956 -0.169248 -0.103318
0.403095 -0.018775 0.714021
-0.295967 0.307591 0.809714
-0.475102 0.243478 -0.195719
0.409445 0.119604 0.042519
-0.460497 0.256474 0.066252
0.492940 0.173871 0.034114
0.291906 0.122387 -0.003759
0.437773 0.217186 -0.195837
0.477863 0.183975 0.225489
-0.475848 0.275050 -1.176721
0.236341 -0.011699 -0.212123
0.440151 0.358789 0.049972
0.328540 -0.412553 0.382531
-0.451091 0.265640 0.042917
0.027395 -0.169171 0.165922
-0.376401 0.422062 -0.720125
0.403704 0.272162 -0.012686
0.329693 0.233414 0.089512
-0.435466 0.319539 -1.609978
-0.363240 -0.236066 -1.472676
0.091074 0.165253 -0.093202
-0.158735 0.062704 -0.578949
-0.221451 0.485503 0.343953
-0.460179 0.267657 0.148337
-0.471520 0.260098 -0.059554
0.445287 0.454315 -0.272119
0.491963 0.239760 0.082365
0.407508 0.249172 -0.176360
-0.437549 0.250845 0.281990
0.251054 0.085667 -0.261580
-0.448275 0.233676 0.154904
-0.052349 -0.378473 -0.189956
0.367628 0.118495 -0.057419
0.073631 -0.271821 -0.277783
0.307618 0.219231 -0.316051
0.429733 0.358490 0.104256
0.464008 0.229030 -0.266480
-0.319197 0.061112 0.025520
0.441467 0.215289 -0.001988
0.412897 0.192173 -0.054515
-0.280821 -0.478129 -0.087784
0.375806 0.214646 -0.236260
-0.321354 0.320495 -1.043377
-0.143002 -0.201316 -0.254566
0.314469 0.404315 -0.033944
-0.021600 0.047341 -0.488054
0.078362 0.171415 -0.220320
0.218225 0.205338 0.940104
-0.469099 0.226993 0.238835
0.080798 -0.278644 -0.416364
0.416709 0.374621 0.216172
-0.290056 -0.300971 -0.975981
0.498280 0.235437 -0.042025
0.089890 0.119105 -0.621456
0.409231 0.191918 -0.371590
-0.068252 0.250662 0.314920
0.484277 0.209805 0.075312
0.428299 -0.044557 0.882992
0.038191 0.062628 0.324840
0.330136 -0.430792 -0.025845
0.382876 0.368761 0.196507
-0.454946 -0.209968 0.317242
0.430020 0.203865 -0.112643
0.405472 0.016764 0.905535
0.195993 -0.414200 0.057497
0.431619 0.242584 -0.258076
0.483490 0.229445 0.049683
-0.395860 0.392373 -0.161375
0.416207 0.267325 -0.269272
-0.470184 0.204048 0.254229
0.218353 -0.486961 0.273448
-0.441788 -0.202296 0.369405
-0.373943 -0.019426 -0.630126
-0.469896 0.249979 0.162447
-0.460757 0.207145 0.105284
0.344501 0.249115 0.234292
-0.364929 0.253990 0.318910
0.324482 0.133338 0.122335
-0.324870 -0.209033 -1.099307
-0.428420 0.241232 0.072982
-0.489539 0.242976 -0.198285
0.350337 0.039166 1.138003
-0.221026 -0.033276 -0.596427
-0.359341 0.259265 0.303899
0.496685 0.071944 0.925536
0.460193 0.257401 -0.097319
0.380847 0.208688 -0.048740
0.468738 0.347228 -0.031679
0.420935 0.011241 0.741805
0.454295 0.304851 -0.022203
0.415484 0.166989 -0.254516
-0.228969 0.461929 1.052510
-0.449477 0.224268 0.233411
-0.484442 0.228101 0.179064
-0.497249 0.201444 -0.097487
-0.426413 -0.251146 0.136246
-0.002518 0.462634 0.676443
-0.387092 0.246115 -0.093053
-0.479184 0.181853 0.061494
0.453216 0.254678 -0.474050
0.087210 0.166882 -0.389951
-0.420233 0.013171 -0.130100
0.465622 0.177996 0.488207
0.301864 0.255243 0.217251
-0.494279 0.266473 0.029686
0.410399 0.216555 -0.082642
-0.447864 0.211570 0.302727
0.326530 0.496375 0.014023
0.496949 0.233509 0.088154
-0.063116 -0.294036 0.164527
-0.197006 -0.010176 -0.684080
0.218324 0.070941 -0.164509
0.168162 -0.084757 -0.150781
-0.311749 0.049638 -0.128204
0.406377 0.229664 -0.022093
0.217000 0.200125 -0.042795
-0.016530 -0.040684 0.462315
-0.398121 0.242742 0.041519
0.486050 0.424810 -0.142358
-0.439129 0.052866 -0.209411
0.413493 0.383654 0.146528
-0.438500 0.254442 0.451668
-0.429205 0.236403 0.056274
0.190012 0.332332 -0.414924
0.480621 0.262634 -0.078400
-0.334401 -0.468744 -0.535764
-0.425451 0.258989 0.185299
0.268128 0.142333 -0.258491
-0.430204 0.228930 0.016705
0.495871 0.333404 -0.039911
-0.073095 0.208918 0.302877
0.378269 0.241420 -0.085149
-0.460666 0.202156 -0.066339
-0.461262 0.215907 -0.095668
0.492877 0.234630 0.229542
0.018389 0.175407 0.823763
-0.473928 0.253877 0.123808
-0.456733 0.265965 -0.071463
0.346939 0.030751 0.360283
0.446264 0.345266 0.062256
-0.467118 0.239883 -0.027260
0.359659 0.066653 0.098512
0.235811 0.465174 -0.681014
-0.106117 -0.375333 0.394938
0.335390 0.229776 0.109802
0.424644 0.263845 -0.228664
0.133559 0.114009 -1.003272
-0.306476 0.023162 -0.071286
0.416103 0.237694 0.114763
0.044051 -0.132974 0.027977
-0.473214 0.207541 -0.064338
0.435135 0.346799 -0.019514
0.199149 0.197467 0.730318
-0.353094 0.342507 -1.042349
0.363061 0.477265 0.054105
0.441485 0.346234 0.332831
-0.297751 0.057433 0.004903
0.481457 0.293458 -0.561621
-0.322294 0.053713 -0.055411
0.225162 -0.105785 0.513348
-0.465015 0.239772 -0.011587
0.311294 0.417948 0.113177
0.483996 0.206437 0.394850
-0.488754 0.260686 -0.136029
0.345470 -0.435134 0.328620
-0.404475 -0.209820 -0.659033
-0.470283 -0.170956 0.248061
-0.138204 0.365848 0.495871
0.439061 0.379153 -0.040054
-0.269004 0.434878 0.864911
-0.446151 0.234438 0.248427
-0.206736 -0.242408 -0.599183
0.354952 0.251800 0.377708
0.344439 0.221896 0.147063
0.432105 0.123738 -0.356683
0.439352 0.214409 -0.122264
0.343922 0.196762 0.155418
0.232270 0.304912 -0.927248
0.037740 0.115429 0.356332
-0.270349 0.391412 -1.164092
-0.437796 0.243975 0.324545
0.076412 -0.218471 0.524850
-0.281729 0.445025 -0.042621
0.163314 0.372964 -0.311516
0.057034 -0.223004 0.166940
0.395921 0.219412 0.032680
0.498229 0.245917 -0.102587
0.194567 0.241108 0.548501
0.357054 0.058442 0.598190
0.199321 -0.446133 -0.250349
0.471513 0.274761 0.142519
0.448846 0.391400 -0.042885
-0.177680 0.474768 0.722061
-0.083560 -0.406323 0.153920
0.381269 0.227743 -0.226765
0.095533 -0.127316 -0.147653
0.353488 0.330543 -0.700046
-0.470850 0.218020 0.066364
-0.064369 0.230840 0.416727
-0.430536 0.244331 0.476595
0.404535 0.201074 -0.061495
-0.181886 0.089887 -1.107453
0.035399 -0.319078 -0.238852
0.000260 0.106801 0.157789
0.459713 0.310823 -0.196366
-0.375617 0.261808 0.090685
-0.302375 0.320017 -0.961085
0.311345 0.144915 0.218303
0.299669 0.034804 0.359648
0.206628 0.191157 -0.245111
0.201937 -0.080785 0.830449
0.483099 0.352925 -0.002641
-0.426161 -0.078576 0.112094
0.477632 0.337300 0.054628
0.275444 0.248983 -0.812306
0.362731 0.255808 0.211742
0.381546 0.017823 1.193899
0.273686 0.033589 -0.250824
0.238453 -0.454079 -0.160304
0.367330 0.127615 0.101853
0.401009 0.273052 -0.040546
-0.485102 0.227081 0.196461
0.020483 -0.123645 0.080695
-0.464618 0.255263 0.222923
0.382473 0.275002 0.118353
-0.471177 0.232444 0.197661
0.492709 0.189847 0.218127
0.062553 -0.262028 -0.622407
0.352694 0.330897 -0.501121
0.469183 0.237089 -0.061440
0.404016 0.271457 -0.023193
0.455861 -0.224075 -1.213682
-0.124458 0.160870 -0.123931
-0.125023 0.288501 1.087474
-0.298008 0.395872 -0.636266
-0.220027 0.443540 -0.393113
0.402670 0.358342 -0.126882
-0.052118 0.212217 0.270197
-0.320407 0.250495 0.830481
0.410329 -0.035305 0.778869
0.008302 0.145860 -1.040224
-0.472913 0.228555 0.338340
0.479991 0.170283 0.237472
0.329538 0.055160 0.491860
0.375291 0.237753 -0.070948
0.480684 0.277653 -0.157964
0.353350 0.207842 0.094594
0.308706 0.318098 -0.379040
0.184449 0.238956 0.194874
0.337111 0.137667 -0.154418
-0.149328 -0.197755 -0.297041
-0.348804 0.202298 0.400133
0.430585 0.183087 0.068159
0.419014 0.265797 -0.582201
-0.469925 0.210639 0.108618
-0.212877 -0.098271 -0.443940
-0.282438 -0.388118 -0.098948
0.311555 0.269605 -0.156658
-0.443880 0.242016 0.215452
-0.436494 0.260440 -0.033082
0.316358 -0.463394 -0.082490
-0.199778 0.056380 -0.788101
0.253674 -0.491829 0.163131
0.159043 0.114926 -0.535339
-0.101881 0.238624 0.058721
0.497442 0.276841 -0.139363
0.375768 0.395033 0.085964
0.098426 -0.148943 -0.444676
0.165058 -0.447851 -0.297624
-0.488749 0.228210 0.291625
-0.436876 0.261429 0.295440
0.379498 0.144480 -0.733807
0.089002 0.154534 -0.466847
0.290244 0.303457 -0.054152
0.255098 0.156339 0.238179
-0.446911 0.209948 0.203225
0.456937 0.309496 0.011856
