0.216118 0.273083 0.338116
-0.446302 -0.172071 0.641201
-0.462187 -0.119576 0.928449
0.464443 0.255669 0.079111
-0.454919 -0.161020 0.725043
-0.440523 0.491658 0.201831
-0.396540 -0.499026 0.402739
-0.421043 -0.363399 0.600405
-0.343029 -0.415046 1.088386
-0.396902 -0.392550 0.323627
-0.415668 -0.413031 0.391993
-0.392342 0.486618 0.580163
-0.436132 -0.104799 0.332004
-0.158237 0.225838 0.849986
-0.477659 0.415411 0.034498
-0.493001 -0.165362 0.093869
0.321657 -0.129728 0.920778
0.413411 -0.451698 0.353860
0.097947 -0.067912 -1.201342
0.414831 -0.148500 0.621226
0.397678 0.448992 1.149869
0.445064 0.462315 0.688157
-0.460369 0.346130 0.821783
-0.453783 0.145717 0.700781
-0.414202 -0.402651 0.514898
-0.397812 -0.474042 0.362931
0.093159 0.275651 -0.346170
-0.383253 -0.370020 0.505901
0.469847 0.388695 0.886207
-0.401317 -0.385044 0.671252
-0.435153 -0.320496 0.241002
-0.459710 0.425256 0.970219
0.195276 0.342497 1.492513
0.431159 -0.295147 0.199797
-0.388755 -0.368561 0.335844
-0.339866 0.498866 1.711527
-0.482925 -0.204048 0.298033
0.457482 0.498939 0.576692
-0.410488 -0.047235 0.478073
0.487013 0.394025 0.758657
0.297260 -0.249214 0.973952
-0.441671 -0.183219 1.145009
-0.481253 0.435330 0.121016
-0.478067 -0.176554 0.338007
-0.366010 -0.343947 0.307006
-0.417505 -0.378577 0.761879
-0.402762 -0.079645 0.463653
-0.423216 0.448347 0.425740
-0.418949 0.480031 0.717722
0.416576 -0.118927 0.449002
-0.370590 -0.470782 0.387353
-0.227210 0.465648 1.139381
-0.196161 0.278898 0.939808
0.434029 0.471225 -0.052560
-0.394798 -0.458137 0.420888
-0.465495 -0.112160 0.285425
0.452321 0.451634 0.667227
-0.399641 -0.387873 0.390815
-0.389174 -0.464592 0.190909
0.157768 0.236538 -0.476782
0.233130 0.250366 0.125680
0.499954 -0.184434 0.175761
0.373951 -0.101822 0.457867
0.475356 -0.472509 0.188373
0.008151 0.049895 -0.818393
-0.388773 -0.394740 0.931071
-0.275717 0.001823 0.060796
0.177569 0.070589 -0.664519
-0.078525 -0.310048 1.366660
0.056120 0.497928 0.413005
-0.468040 0.426177 0.068974
0.176935 0.244557 0.033259
0.401322 0.241726 0.286443
-0.453557 -0.394787 0.890263
-0.201676 0.088327 0.089553
-0.380582 -0.376180 0.497595
-0.404380 -0.054917 0.751576
-0.420283 0.463083 0.346658
-0.119682 0.188324 0.395338
-0.484337 -0.164491 0.729269
-0.424977 0.499178 0.713237
-0.250156 0.049129 0.743833
0.391149 -0.429400 0.746893
-0.461575 0.458995 0.480619
-0.450872 -0.152779 0.744871
0.363141 0.426386 0.399955
-0.336153 0.203969 1.397758
0.373883 0.165689 -0.738734
-0.383864 0.470048 0.532948
-0.402898 -0.366656 0.844441
-0.415816 -0.464877 0.432973
-0.471194 0.476142 0.505337
-0.472374 0.452321 0.396446
-0.419489 -0.126354 0.592162
-0.408405 0.486984 0.391066
-0.414251 -0.236931 0.535682
-0.411637 -0.489286 0.502994
0.477293 -0.270708 -0.118917
0.410114 0.426966 0.983953
-0.407917 -0.059565 0.599589
-0.439512 -0.134413 0.693267
-0.440809 -0.120910 0.792227
-0.444191 -0.484851 0.309626
-0.480859 -0.183704 0.711267
-0.418409 0.473139 0.416101
-0.428399 -0.107454 0.617551
-0.433959 0.375696 0.869964
-0.014599 0.420301 0.860968
-0.404669 -0.340967 0.404405
-0.458538 -0.171023 0.740474
-0.316584 0.369918 0.414885
-0.142703 0.157857 0.539054
-0.408141 -0.078089 0.553529
0.430919 0.425368 -0.431985
0.431787 0.464311 0.662504
-0.415952 -0.496792 0.310384
-0.058183 -0.150152 0.176680
-0.277970 0.219855 0.804908
-0.175834 0.181477 0.995219
-0.273665 0.301965 0.262730
-0.424701 0.313400 0.486138
-0.081552 -0.110184 0.128800
0.458357 -0.066271 0.727679
0.490314 -0.492325 0.082953
-0.434865 0.435514 0.071621
0.477664 -0.499870 0.497634
-0.402284 -0.148255 0.648595
-0.416271 -0.367425 0.225983
-0.428746 0.472583 0.313596
-0.471186 -0.136773 0.468487
-0.421276 0.129365 1.192912
0.077901 0.454445 0.290409
-0.484069 0.449109 0.221789
0.073274 -0.397482 -0.000667
-0.059192 -0.177840 0.004931
-0.417280 -0.046700 0.716894
0.498335 -0.248249 0.244978
-0.401662 -0.497858 0.419914
-0.198067 0.451435 1.085582
-0.487090 -0.152896 0.798644
-0.404765 -0.231344 0.412390
0.112189 -0.484141 0.108740
0.377661 0.444003 0.547746
-0.395507 -0.368117 0.322663
-0.329398 0.417363 0.700918
-0.419933 0.488087 0.538016
-0.484190 0.460970 0.321406
-0.423916 -0.097620 0.396188
-0.443829 -0.150630 0.934670
-0.198736 0.159549 0.189146
-0.412026 -0.093869 0.378344
-0.413933 0.449756 0.269263
-0.464269 -0.140398 0.498949
0.459550 -0.490804 0.446776
-0.496908 0.372893 0.726364
-0.414027 0.467181 0.359928
-0.148284 0.111846 0.036402
-0.413245 -0.375508 0.464621
-0.421163 -0.127802 0.842218
-0.449895 0.477063 0.402974
-0.486810 -0.090551 1.004306
-0.388349 -0.397243 0.424868
-0.440723 -0.140520 0.560401
0.474949 -0.188989 0.513668
-0.493806 0.426248 0.982117
0.408355 -0.092038 0.635133
-0.465067 -0.357310 -0.122238
-0.189469 0.237558 0.933474
-0.418683 0.466200 0.454268
0.176652 0.491023 1.693526
-0.353274 -0.365607 0.571676
-0.448658 -0.133197 0.765466
-0.455911 0.460569 0.416116
-0.384141 -0.359086 0.469988
-0.462757 -0.138910 0.511129
0.449350 -0.494243 -0.011135
-0.439340 0.440655 0.337719
-0.390117 -0.496885 0.423666
-0.235948 0.058516 0.461353
-0.021289 -0.306935 0.061027
-0.450285 0.006081 0.968652
-0.454448 -0.190042 0.518387
-0.433440 -0.383667 0.624459
-0.252448 0.207403 0.087190
-0.347293 0.039898 0.507914
0.465044 -0.290949 0.030908
-0.449200 -0.149324 0.753837
-0.387817 -0.487571 0.180387
-0.376465 -0.364443 0.321748
-0.459068 -0.184265 0.428010
-0.369420 -0.046989 0.437310
-0.361593 -0.427624 0.348935
-0.431069 0.479289 0.381105
-0.361707 0.097601 0.715412
-0.115344 -0.061110 0.188312
-0.463982 0.488625 0.398079
0.355157 -0.147676 0.643002
0.183972 0.222563 0.230909
-0.467492 -0.166646 1.284979
-0.445548 0.471373 0.318293
-0.437902 -0.401211 0.751025
-0.400774 0.497103 0.299817
0.127290 0.250122 -0.431434
0.441548 0.498740 0.351009
0.470165 -0.109145 0.620905
-0.435815 -0.115003 0.798316
-0.469342 -0.163304 0.737713
-0.424640 -0.101798 0.113218
-0.272103 -0.487535 0.877108
-0.498525 0.263802 -0.022282
-0.485394 -0.390233 0.922916
-0.031623 -0.159034 0.426302
-0.420796 -0.113283 0.532644
-0.393469 -0.316465 0.479078
-0.403802 0.495018 0.204479
-0.411004 -0.157156 0.922560
-0.218522 0.357077 0.268871
-0.438767 -0.494654 0.593940
-0.403927 -0.481498 0.286037
0.490580 -0.144252 0.587652
-0.472512 -0.295957 0.462613
-0.423035 -0.082150 0.354839
-0.466430 -0.176959 0.771396
-0.413579 0.484275 0.387976
-0.204756 0.177555 0.377327
-0.447022 -0.496899 0.560246
0.360360 0.330307 -0.319098
-0.418170 -0.108361 0.885192
0.439914 -0.498847 0.449932
-0.400824 -0.048280 0.497200
-0.472546 -0.163528 0.545898
0.460677 -0.472928 0.461940
-0.393419 -0.115510 0.939371
-0.427233 0.479321 0.605002
-0.415703 -0.471038 0.058683
-0.103876 -0.415267 -0.502128
-0.160792 0.192529 1.000034
-0.423523 -0.180746 0.763282
0.466769 -0.494745 0.306950
-0.224579 0.094747 -0.010573
-0.404869 -0.484953 0.393138
-0.094918 -0.050315 -0.114088
-0.448295 0.484348 0.096517
-0.432137 -0.102926 0.243492
0.162053 0.181540 0.420902
0.427790 0.058456 0.826792
-0.456163 -0.381080 0.674510
0.498670 -0.171804 1.023628
-0.167908 0.198449 1.089495
0.427998 0.490033 0.407519
-0.319507 -0.364111 0.970448
-0.407382 -0.085136 0.637172
-0.175614 -0.291733 1.236174
-0.156322 0.210161 0.810312
-0.328711 -0.036972 0.656519
-0.452071 0.442720 0.204280
-0.390924 0.081618 0.181366
0.468178 -0.299245 0.014293
-0.342655 -0.062639 0.215910
-0.302008 0.213185 1.147649
0.447104 -0.479063 0.262366
-0.373947 -0.377731 0.514457
-0.364317 0.180924 0.727820
-0.368535 0.087898 0.715133
-0.495666 -0.128407 0.634244
-0.383421 -0.404563 0.479123
-0.423264 -0.088876 0.390594
-0.247622 0.271305 0.665704
-0.369614 -0.471291 0.405250
0.350540 0.163048 -0.356272
-0.492298 -0.350189 0.747775
-0.137836 0.217536 0.663096
-0.398667 0.492912 0.435230
-0.397306 -0.401442 0.789996
-0.420403 0.485904 0.754768
-0.464160 -0.148784 0.962683
-0.405902 -0.493820 0.405829
0.461991 -0.498993 0.565376
-0.433017 0.378191 0.344630
-0.391229 -0.116071 0.520606
0.439980 -0.013692 0.956518
-0.366480 0.109015 0.683254
0.452518 -0.184931 0.871923
-0.295357 -0.172123 1.346460
-0.384671 -0.414946 0.834948
-0.006511 0.441256 0.971827
-0.256374 0.068681 0.474493
-0.427588 0.478451 0.450746
-0.416198 0.499482 0.470149
-0.126570 0.203848 0.869492
-0.415432 0.476623 0.530994
-0.429694 0.022301 0.722437
-0.432817 0.313559 0.141857
-0.109202 -0.403662 0.702917
-0.425290 0.439095 0.082591
-0.111426 0.115657 0.590584
-0.405422 -0.444400 0.156270
-0.189091 0.197126 0.607852
-0.421439 -0.112787 0.595827
-0.457736 0.421124 1.074174
-0.470905 -0.155129 0.730293
0.116222 0.325049 0.059340
-0.386926 -0.482413 0.185485
-0.057290 -0.355226 -0.253808
-0.426511 -0.481986 0.214780
0.232034 0.153917 -0.355440
-0.189706 0.291889 0.452462
0.421719 0.499212 0.458535
-0.470425 -0.482465 0.710251
0.405932 0.393666 0.607866
-0.494847 0.455727 0.707994
-0.213750 0.286303 0.481771
0.489714 -0.181893 0.475668
-0.058944 0.274169 2.758650
-0.433843 0.147434 0.661743
-0.422186 0.478628 0.200848
-0.390748 -0.499019 0.599191
-0.053977 0.012252 0.414979
-0.419957 -0.403004 0.759902
-0.368377 -0.385334 0.428102
-0.443052 -0.121216 0.759451
-0.227627 0.205368 0.677532
-0.405144 -0.132900 0.393450
-0.446551 -0.145468 0.729888
0.317572 -0.318839 0.964047
-0.245776 -0.322515 0.509493
-0.435566 0.464014 0.324537
-0.402746 -0.094811 0.543771
-0.383633 -0.471178 0.196913
-0.386955 0.471232 0.585591
-0.432712 0.485032 0.318093
-0.426572 -0.067293 0.493879
-0.210778 0.293453 0.868759
0.409329 -0.492433 0.504284
0.366151 0.430603 1.184642
-0.462909 0.419721 0.901107
-0.430033 0.393860 0.607494
-0.494756 -0.197086 0.698249
-0.386120 -0.491803 0.457743
-0.398182 -0.066979 0.626621
-0.431720 -0.476324 0.317917
-0.395201 -0.469122 0.258460
-0.442953 -0.153655 0.525498
-0.234284 0.079512 0.395146
-0.420931 0.492370 0.247068
-0.408130 -0.422432 0.500948
0.237647 -0.074944 1.324067
-0.457634 -0.133753 0.496269
-0.378275 -0.382122 0.646940
-0.426491 -0.171026 0.658881
-0.024898 -0.239276 0.488410
-0.377676 -0.477602 0.384338
-0.448030 -0.150716 0.983959
0.446007 -0.489773 0.444220
-0.422821 0.250452 0.742445
-0.222721 0.281551 0.699062
-0.403097 -0.361102 0.643931
-0.487263 -0.206723 0.493378
-0.385998 0.482854 0.506996
-0.384261 -0.377328 0.343913
-0.238739 -0.082191 0.587958
0.456682 0.491694 0.375076
-0.210334 0.083131 0.124393
-0.338296 0.425599 1.136014
-0.450618 0.053817 -0.494720
-0.466804 -0.111044 0.598759
-0.466159 0.245529 0.824635
-0.428601 0.468844 0.368674
-0.405271 -0.178895 0.763341
-0.393278 -0.435387 0.561661
-0.424395 0.495320 0.386837
-0.446138 0.458905 0.406100
0.421235 0.421785 0.846662
-0.412482 -0.105401 0.785053
-0.447255 0.425712 0.796642
0.114727 -0.426464 0.076327
-0.131637 0.295352 0.815743
-0.468817 0.385485 0.804800
-0.483659 -0.153176 0.839783
-0.481083 -0.413138 0.288936
-0.226171 0.208985 0.790527
-0.112280 -0.136792 -0.042039
-0.403944 0.474418 0.257098
-0.412766 0.468966 0.379490
-0.368125 0.499209 0.429614
-0.396337 -0.457384 0.378225
-0.180922 0.307986 1.346669
-0.392137 -0.419251 0.758996
-0.082706 -0.182609 -0.270709
-0.415888 0.142679 0.383802
-0.436498 0.468858 0.276559
-0.477089 0.144860 0.678634
-0.415055 -0.430218 0.315513
-0.422545 -0.109734 0.279221
-0.450563 -0.161696 0.927385
-0.423927 -0.459151 0.364556
-0.301740 0.421404 0.937146
-0.243346 0.077770 0.351140
-0.262685 0.036181 0.343626
0.422095 -0.495082 0.576610
