0.396615 0.378383 -0.017107
-0.218968 0.347052 -0.136168
0.068935 0.135222 0.010935
0.373882 0.406927 0.387205
0.074209 -0.010566 0.681236
0.425900 0.385560 0.010032
0.330738 0.151649 0.149755
0.399568 0.210729 -0.286279
0.474337 0.417510 -0.039145
0.160932 -0.477166 0.116996
-0.021786 -0.430847 0.199528
0.179847 -0.438798 0.305538
-0.195610 0.194472 -1.114826
0.047090 -0.349823 0.411975
-0.465560 -0.256870 0.027435
0.332042 0.111120 0.077261
-0.011146 -0.450135 0.104952
0.439042 0.376232 0.332855
0.275544 0.210069 0.353316
0.176578 -0.468532 0.046717
0.313879 0.496973 0.608889
0.246422 -0.443826 -0.087866
0.077105 0.265288 0.198678
-0.273926 0.327609 -0.358290
0.452116 -0.332350 0.008015
-0.039295 -0.461769 -0.113599
0.418519 0.392949 -0.266709
0.179999 0.186176 0.119286
0.193021 -0.288148 0.220830
0.438729 0.386345 -0.019518
-0.397499 0.307733 0.603326
0.397950 0.246760 -0.440508
0.051640 -0.149617 0.337935
0.147935 -0.117708 0.105043
0.206055 -0.439231 -0.591483
-0.340948 0.317014 0.092968
0.475110 0.413573 -0.089308
0.255724 0.351612 -0.314413
0.473928 -0.283209 0.003117
0.339090 0.411397 -0.061934
-0.297610 0.215860 -0.460291
0.037044 -0.430996 -0.063322
0.205238 -0.294195 -0.325954
-0.478466 -0.130133 -0.398690
0.024114 -0.479170 -0.101260
0.049328 0.468269 -0.031067
0.257346 -0.422762 -0.187930
0.451740 0.441928 -0.166849
0.484528 -0.018184 0.375832
0.455685 0.441995 -0.287317
0.131284 -0.418642 0.475884
0.210810 -0.418160 0.294003
-0.047504 -0.418094 0.124760
-0.008994 0.001946 -0.109740
-0.358014 -0.032641 1.003230
0.331190 0.145697 -0.115479
-0.292078 0.124053 -0.916487
0.288259 0.059745 1.518413
0.298260 -0.414260 0.504698
0.375881 0.475324 0.409254
0.357647 0.440495 0.150494
0.220464 -0.298494 0.001767
0.283408 -0.413679 -0.009391
0.377845 0.405974 0.029107
0.114420 0.289512 0.017368
0.406536 0.374435 0.177683
-0.091110 -0.479265 0.018796
0.428491 -0.311584 0.276814
0.190840 -0.106006 0.166647
0.314747 -0.401729 0.465047
0.481660 -0.068978 0.321593
0.211076 -0.453879 -0.018443
0.101241 -0.016574 -0.130049
0.323820 -0.400046 0.151301
-0.018831 -0.442692 0.288597
-0.153370 -0.366915 0.254916
-0.062814 0.485708 -0.146589
0.358858 0.405571 0.587105
0.078065 -0.478876 1.348328
0.038908 -0.449005 -0.532240
-0.048553 -0.357104 0.505177
0.014217 -0.377608 0.415751
-0.113719 -0.372826 0.357951
0.430376 0.301527 0.011841
0.399459 0.174410 -0.136876
-0.028014 -0.399113 0.242102
0.225784 0.334086 -0.062841
0.374872 0.436871 0.196067
-0.036649 -0.474849 0.266019
0.240827 -0.268145 -0.157153
0.238084 0.446296 -0.327287
0.021143 -0.429311 0.500455
0.132840 0.329883 -0.031237
0.121057 -0.034143 0.341174
0.316827 0.051551 -0.211914
0.029751 -0.453134 -0.137626
0.290769 -0.413794 0.054121
-0.002449 -0.067729 0.474879
0.237729 -0.427251 0.008887
0.069534 -0.235845 0.179745
0.022272 -0.487850 0.034403
-0.096095 -0.356436 0.654953
0.313253 -0.412965 -0.023350
-0.431653 -0.343795 0.108562
0.253152 -0.240781 -0.650612
0.246506 -0.370319 0.099602
0.150173 0.115209 0.572120
0.395566 0.395569 0.127847
0.260287 -0.401634 -0.184916
0.207374 -0.315068 0.012672
0.442153 0.397495 0.029154
0.242056 0.339109 -0.019406
0.361732 0.140796 0.107274
0.387688 0.478818 0.344280
0.310874 -0.458163 0.405808
-0.050689 -0.399725 0.722797
0.179070 0.030112 0.334522
0.004742 -0.450403 0.345579
0.445425 0.383706 -0.057876
0.061978 -0.170597 0.235160
0.185576 -0.324423 -0.098041
-0.013525 0.006900 0.610861
0.387702 0.491933 0.343365
-0.177834 -0.086098 -0.262797
0.368190 0.143503 -0.645119
-0.462672 0.416195 0.650782
0.001155 0.403415 0.354236
0.226228 -0.258013 0.067057
0.274787 -0.413036 0.047441
0.130773 -0.491009 1.112102
0.327640 0.011442 0.094806
0.149734 -0.083372 0.371749
0.339586 0.416778 0.389596
-0.496553 -0.258123 0.525359
0.164480 -0.059642 0.237758
0.293405 0.197282 0.495028
0.182667 -0.077517 0.667817
0.261555 0.241518 0.189270
0.232647 -0.427688 0.170881
0.439952 0.407664 -0.212668
-0.145275 0.297070 0.325906
0.098468 0.012169 0.535976
-0.102490 -0.378041 0.032915
0.422463 0.368212 0.011780
0.432022 -0.167060 0.040557
0.384153 0.384675 0.010358
0.331788 0.442114 0.653836
0.325592 0.451415 0.525827
0.010344 -0.455457 0.299903
0.289517 0.079018 0.101056
-0.001277 -0.446854 -0.093633
0.313428 -0.417935 0.452951
0.304412 -0.369370 -0.693535
0.302033 -0.383623 0.306169
0.384315 0.393697 0.205824
-0.011388 -0.378606 0.284529
0.400221 0.386658 0.168748
-0.121229 -0.067382 0.153773
0.033581 -0.048934 -0.153909
0.134805 -0.196742 0.340394
0.398264 0.429240 0.044836
-0.091501 -0.391421 0.470440
-0.071452 -0.448600 0.036438
-0.120379 0.207311 0.074025
0.028601 0.474716 -0.309110
0.132767 0.312932 -0.452963
0.408787 0.247447 -0.071732
0.238965 -0.397496 -0.029211
0.284746 -0.387658 0.184797
0.079360 -0.214736 -0.448903
-0.043938 0.438668 0.132874
0.112581 -0.149678 -0.141280
0.319653 0.130598 -0.034005
-0.075137 0.443637 -0.121697
0.445857 0.395492 0.385180
0.283925 0.328292 0.351677
0.386335 0.399627 0.159472
0.148702 -0.022669 0.305326
0.326374 -0.431035 0.400509
0.262122 0.284496 0.530488
-0.486905 -0.421199 0.359564
0.348507 -0.287931 0.002041
0.391273 0.384860 0.043916
-0.024328 0.494686 0.015503
-0.497895 -0.290606 -0.860849
-0.068223 0.268787 0.812720
0.422585 -0.219309 0.649289
-0.268542 -0.404868 0.415311
0.314179 0.166229 0.017830
0.205739 0.266282 0.245320
0.234739 0.299274 0.926467
-0.161443 -0.360757 0.107045
0.304804 -0.403211 0.239844
-0.122095 -0.369638 0.373504
0.250577 -0.434834 0.042729
0.136065 0.481306 0.986862
0.292880 -0.414520 0.314339
0.329043 -0.486420 -0.132796
-0.111323 -0.073818 0.238342
0.292204 -0.418738 0.287259
-0.334034 0.143416 0.251250
0.488326 0.480725 -0.597332
0.356155 0.490338 0.536864
0.261755 0.218568 0.214470
0.327443 -0.398729 0.282961
0.126806 -0.024206 0.436948
0.279508 -0.396050 0.182084
0.050976 -0.338765 -0.656859
0.119434 -0.073118 0.168690
0.014633 -0.049323 0.234793
0.151464 -0.045371 0.334842
0.056660 0.165413 -0.682045
-0.160916 0.265510 -0.285246
0.293538 0.445119 0.496951
0.433736 0.401475 0.015353
0.344862 0.421029 0.048272
0.142116 -0.456340 0.524527
0.282336 -0.420160 -0.294919
0.358318 0.446677 0.488705
0.237351 -0.370880 0.587949
0.381605 0.414787 0.331592
0.275497 -0.424326 0.198589
0.273076 -0.429610 0.074999
0.472551 0.404588 -0.107827
0.247676 -0.408188 -0.357361
0.189983 -0.398297 -0.087285
0.263727 -0.447198 -0.235320
0.213104 -0.096766 0.330868
-0.033623 -0.435640 0.283724
0.201709 -0.428958 0.067302
0.320989 0.475759 0.510567
0.212259 -0.430801 -0.059428
0.438429 0.385511 -0.226768
-0.187692 0.349161 0.734286
-0.170629 -0.016638 0.370592
0.405592 -0.325380 0.309436
0.364269 0.365401 -0.601647
-0.028893 -0.257052 0.407929
-0.118794 -0.043133 -0.169563
0.112529 -0.027791 0.222993
0.379040 0.471435 0.279101
0.224930 -0.417020 -0.084113
0.283385 -0.434407 -0.009331
-0.029394 -0.303590 0.207025
-0.005961 0.157155 -0.096837
0.309954 -0.388577 -0.815266
0.331108 -0.422462 0.268089
0.249886 -0.412666 -0.183885
0.224147 -0.482688 -0.354125
0.372486 0.438657 -0.004247
0.220803 0.320548 0.695392
0.378988 0.324622 0.186559
0.144820 -0.491710 0.206800
0.362187 0.399923 0.216758
-0.371314 -0.024967 0.875697
0.258536 -0.460764 0.492746
0.320892 0.122694 -0.148449
0.247626 -0.085827 0.389705
-0.242644 0.170201 -1.257909
0.352617 0.137846 -0.523871
0.271932 -0.431897 0.172957
0.434403 0.478378 0.186229
0.210903 -0.442457 -0.066627
-0.142154 -0.307499 0.384480
-0.465747 -0.271795 -0.291855
-0.241722 -0.185297 1.494204
0.179293 -0.379586 -0.159781
-0.144209 0.278134 -0.288277
0.012934 0.471931 -0.534844
0.426990 0.394222 0.245552
0.281328 -0.415602 0.421361
0.006848 -0.022790 -0.947197
0.339456 0.413865 0.380332
0.325844 -0.410049 0.401106
0.465374 -0.279481 0.237343
0.003072 -0.459897 0.317999
0.370560 0.409718 0.288753
-0.033288 -0.113939 -0.064140
-0.011138 0.466299 -0.324473
-0.336463 -0.089443 0.532701
0.259666 -0.410013 -0.119621
0.374339 0.376486 0.277038
0.292172 -0.197127 -0.167538
0.033016 -0.479636 -0.006046
0.497855 -0.431076 0.401518
0.022723 -0.344838 0.094902
0.280956 -0.417603 0.283907
0.384093 -0.397669 0.195773
-0.161432 0.326644 0.019124
0.124106 -0.268408 0.129515
0.090600 -0.253217 0.274666
0.061990 -0.071097 0.654466
0.359607 -0.494230 0.257173
0.287943 -0.408545 0.389800
0.010710 -0.493570 -0.168492
-0.243617 0.098567 -0.623372
0.260755 -0.393228 -0.117733
-0.013760 -0.414447 0.323155
-0.380756 0.198409 1.051259
-0.496795 0.422444 -0.024397
0.390925 0.055638 0.550735
0.153519 -0.101009 0.102647
0.053098 -0.367500 0.077373
0.291661 -0.407167 0.419047
0.339993 -0.417688 0.594541
0.417715 0.383868 -0.279326
-0.001372 0.049934 -0.624478
0.380761 0.405140 0.264560
0.022838 -0.237859 -0.008878
0.169758 -0.478275 0.821927
-0.090070 -0.383279 0.575734
-0.201234 0.070391 0.419417
0.181334 0.493340 0.299483
0.194177 0.493820 0.039244
-0.070573 -0.459605 0.138558
0.401373 0.388982 0.178550
0.341645 -0.404876 0.335775
0.157758 -0.400990 0.033832
0.178869 -0.434828 -0.057159
0.012891 -0.042375 0.774431
0.300279 -0.413739 0.362804
0.289716 -0.400388 0.041156
0.394191 0.396593 0.323170
0.232017 -0.169975 -0.302914
0.026691 -0.440841 0.007612
0.219510 -0.093145 -0.369088
0.239582 0.376899 0.121031
0.019861 -0.448984 -0.023284
0.403863 0.383422 0.171312
0.376914 0.392343 0.196198
-0.225113 0.154130 -0.694437
-0.339626 -0.433770 0.091159
0.231751 -0.246944 -0.290745
0.191947 -0.482693 0.185825
0.002852 0.052911 0.285663
-0.094899 -0.079251 0.279105
-0.086583 -0.368068 0.109487
0.465741 -0.242847 0.605745
-0.124264 -0.395549 0.212737
0.464741 -0.415707 -0.171915
0.466731 0.311167 1.447256
0.268010 -0.414925 -0.406904
0.034299 -0.186521 0.233628
0.002472 0.160989 -0.310949
0.241646 -0.427912 0.051642
0.306353 -0.396155 0.414213
0.368181 0.386784 0.602085
0.117457 -0.010477 0.532724
0.318493 0.451108 0.769132
-0.108976 0.292574 0.528422
0.346338 0.440076 0.376165
-0.179927 -0.191211 0.628087
0.189702 -0.088847 -0.602786
0.390411 0.379449 -0.039197
0.310189 0.494258 0.669842
0.394272 0.403055 -0.075011
0.437818 0.421049 0.139740
0.079355 0.039442 -0.484665
-0.147035 0.364409 0.660564
0.417776 0.398464 0.200545
0.389998 0.378620 0.217424
0.138523 -0.453484 0.620031
-0.378379 0.201575 0.706483
0.113950 -0.454289 -0.114133
0.327673 0.143310 0.035595
0.243056 -0.425151 0.043566
0.445631 0.435849 0.017987
0.499720 -0.090927 1.638026
0.201634 -0.464559 0.134438
-0.143833 -0.284090 0.501889
-0.332560 0.335850 0.050041
0.153323 -0.122399 0.170430
-0.331484 -0.181332 -0.166787
0.423954 -0.436464 -0.887920
0.287261 -0.405328 0.031840
0.177079 0.490328 0.447721
0.050324 -0.355336 0.234323
0.222587 -0.416657 -0.382559
0.127640 -0.194199 0.034471
0.418088 0.380008 0.468729
0.226537 -0.424526 0.089986
0.331455 0.484473 0.540942
0.369417 0.447263 0.034281
-0.406730 -0.498667 0.720935
-0.061523 -0.434401 -0.018922
-0.050137 0.448472 -0.602593
0.407286 0.394879 0.189155
0.410180 0.412544 0.276961
0.344627 0.329313 -0.589496
0.459575 0.490344 0.018110
0.148393 -0.024550 0.395242
0.406972 0.393459 -0.078249
0.245614 -0.416187 -0.610624
0.139754 0.000508 0.275727
0.041293 -0.218744 0.094829
0.407123 0.379784 0.055986
0.432175 0.383523 -0.027997
-0.253668 -0.195020 1.128715
0.270287 -0.401999 -0.086928
0.191115 -0.016091 -0.296992
