-0.052062 0.335530 1.526470
0.406093 0.141866 1.487918
-0.384748 0.327905 1.317378
-0.301918 0.304837 0.956160
0.352957 -0.490221 0.851820
0.137135 0.203677 1.424683
-0.057806 0.384131 1.779409
-0.429098 -0.205449 1.851608
0.327302 0.115874 1.651945
0.422511 0.200115 1.429011
-0.314571 0.307319 0.879555
-0.150891 -0.447121 1.806424
0.420247 0.156649 1.028795
0.419917 0.177070 1.153337
-0.085313 0.426344 1.412267
0.425298 0.167314 1.229430
-0.299792 -0.276673 1.423156
0.040010 0.236761 1.392355
-0.077772 -0.476359 1.505726
0.082768 0.221833 1.576651
-0.316513 0.349305 1.399998
-0.005479 0.401252 1.315144
-0.079507 -0.454507 1.621255
-0.071497 -0.475753 1.431543
-0.299191 0.369119 1.809305
-0.299189 0.242985 1.394588
-0.066069 -0.151876 2.313307
-0.096323 -0.422614 1.565962
0.107273 0.248569 1.704717
-0.006985 0.115808 2.049229
-0.101671 0.300048 2.144549
-0.445775 0.205109 2.177010
-0.034691 0.356267 1.389552
-0.317500 0.299415 1.163348
-0.448499 0.239827 1.125631
0.285504 -0.289978 1.750472
-0.272906 0.260706 1.353101
-0.216087 0.380865 1.786196
-0.020735 0.367655 1.251685
-0.332878 0.034234 0.895350
0.347618 0.124442 1.844002
-0.036880 0.034738 1.357643
-0.318881 0.369492 1.791104
0.409449 -0.134837 1.846864
0.161878 0.178930 0.856930
-0.024551 0.336187 1.225527
-0.306546 0.348919 2.074563
0.069136 0.281564 1.369329
-0.292685 0.399292 1.664050
0.483698 0.251888 1.403186
-0.357906 0.481100 1.224028
-0.074669 0.478883 1.277054
0.288243 0.475534 1.492444
0.329526 -0.006026 1.104020
-0.318870 0.249723 1.623180
0.018085 0.282028 1.369437
-0.312446 0.275891 2.003597
-0.095967 0.360921 2.037813
-0.114393 -0.453086 1.391859
-0.011057 0.433904 0.877490
-0.033946 0.478348 1.546707
0.284484 -0.014568 1.010320
0.006500 0.320980 1.043546
-0.430295 0.266897 1.658439
-0.062310 0.477419 1.792655
0.422094 0.192714 1.373933
0.462141 0.456260 1.185194
-0.418316 0.244661 1.966308
0.049733 0.194533 1.894925
0.415850 0.182966 1.586063
-0.098314 0.355682 1.658029
-0.091895 -0.465713 1.433572
-0.182856 -0.476143 1.894788
0.419761 0.155377 1.340950
-0.284631 0.375207 2.005665
-0.070965 -0.442700 1.345474
-0.212210 0.338677 1.587990
0.382187 -0.486227 1.553928
0.083326 0.277039 1.215031
0.390616 0.225310 0.942599
-0.089085 -0.487744 1.524381
-0.487400 -0.471498 0.792335
-0.289804 0.280282 1.580691
-0.247770 -0.298988 1.607387
-0.222457 0.219727 1.249552
0.171426 0.126219 1.244516
-0.005626 0.375931 1.197279
-0.211721 0.362601 1.510628
-0.039862 -0.470758 1.306945
0.274184 -0.006852 0.645525
-0.303645 0.372297 2.125644
-0.041859 -0.494153 1.587193
-0.067046 0.324423 1.866109
-0.288380 0.284629 1.777777
-0.236178 -0.118691 0.275130
-0.277373 0.263478 0.487509
0.073405 0.280938 1.110635
-0.079022 -0.485249 1.388602
-0.482366 0.407662 0.566353
0.409214 0.451802 0.888726
0.014949 0.376650 1.228455
0.437447 -0.029705 0.887211
-0.023700 0.465491 0.912747
-0.442060 0.207243 0.844831
0.050743 0.282485 1.340093
-0.387715 0.348905 1.158769
-0.056425 0.483956 1.677456
-0.081375 -0.437095 1.534432
-0.315192 0.313187 1.178070
0.048096 0.177081 1.912627
-0.072486 -0.418425 1.488909
-0.173750 0.392371 1.648555
-0.063684 -0.484210 1.392613
-0.367114 0.377471 1.748805
0.004635 0.377528 1.418511
-0.342101 0.329287 1.273697
-0.038244 0.471269 1.103161
0.417442 0.208199 1.747542
-0.089519 -0.456591 1.475359
-0.420571 0.277259 1.547159
-0.045614 -0.472987 1.666810
-0.011193 -0.024747 2.013525
-0.342269 0.071581 0.657461
-0.011481 0.346682 1.420727
-0.341488 0.394431 2.408103
-0.013028 0.403576 1.558693
0.082908 0.304116 1.218737
-0.265952 0.486846 2.415015
0.290770 -0.001742 1.181392
0.495937 -0.042115 1.936846
0.110205 -0.010355 1.636315
-0.326009 -0.279753 1.298446
-0.302173 0.329611 1.506775
-0.059242 0.496888 1.486719
-0.059083 -0.469981 1.507542
0.417135 0.195814 1.533427
-0.213435 0.266833 0.909804
-0.022258 -0.183578 1.287621
0.373689 0.241196 0.916508
-0.324285 0.343137 1.501186
-0.320743 0.329468 1.361208
0.054483 0.158052 1.765924
0.034557 0.277617 1.206213
-0.047791 0.445824 1.119157
-0.232729 0.351637 1.512139
-0.056134 0.365345 1.519227
-0.058453 -0.461738 1.463672
-0.036901 -0.468278 1.560086
-0.325342 0.338225 1.581755
-0.306912 0.332013 1.472666
-0.084827 -0.484252 1.514114
0.357770 0.135232 0.767930
-0.466262 0.212139 2.223773
0.024679 0.249017 1.437501
-0.055793 -0.486148 1.190221
0.391152 0.190171 0.958510
0.062054 0.277952 1.418678
0.263905 -0.192458 1.349097
-0.285532 -0.279267 1.074995
0.289411 -0.084772 1.892492
0.082032 0.210435 2.100854
-0.049301 -0.499796 1.545224
0.416914 0.140050 1.203509
-0.105218 0.422365 1.487488
-0.316227 0.342631 1.706490
-0.346150 0.340964 1.467128
-0.391752 0.080271 0.801571
0.275677 0.179263 1.758242
0.061368 0.196592 1.552396
-0.387005 0.102706 1.440322
-0.191358 0.357862 1.715356
-0.172156 0.144684 1.390676
0.434670 -0.438714 1.176577
-0.437522 0.471942 1.008050
-0.375943 0.105837 0.952675
-0.029720 -0.497335 1.880161
0.125646 0.200986 1.556464
-0.377750 0.313782 1.928653
0.411565 0.203988 1.450317
0.438881 0.105720 1.183859
-0.020055 0.421369 1.473636
-0.431677 0.080698 1.384032
0.490131 0.093351 1.085932
0.009527 0.357155 1.174420
0.006491 0.395619 1.448981
-0.041511 0.381992 1.510392
0.108104 0.241514 1.218659
0.302013 -0.207439 1.491296
-0.029878 0.487024 1.499991
0.397432 0.158564 1.510119
-0.040637 -0.490776 1.561773
-0.032898 0.182475 1.254107
-0.217592 0.399745 1.867158
-0.096721 -0.453477 1.044874
-0.196340 0.409844 1.779615
0.409700 0.164327 1.162802
-0.183845 0.309761 2.302877
-0.315500 -0.278736 1.660351
-0.315630 0.477646 0.971423
-0.288736 -0.261774 1.352339
-0.030198 0.346425 1.307102
0.061884 0.249808 1.672450
0.009347 0.266575 1.655501
-0.313359 0.320520 1.385835
-0.031417 0.324978 1.149820
-0.420385 0.237995 1.903803
0.241690 0.318301 1.168784
-0.315845 0.373419 2.255212
-0.106175 0.446000 1.522991
-0.014169 0.296487 1.324927
0.060157 0.302853 1.309761
-0.159119 0.404584 1.600654
-0.108532 -0.394887 1.058379
-0.236843 0.252864 1.326510
-0.080181 0.490021 1.092352
-0.323511 0.320622 1.545515
-0.066868 0.476532 1.649538
0.481898 -0.472187 1.022338
-0.329370 0.472675 1.128720
-0.067546 0.468781 1.548040
0.004443 0.439016 1.332327
-0.098033 -0.484878 1.584358
0.058677 0.341325 1.564811
-0.316453 0.334766 1.140371
0.076788 0.278580 1.294798
-0.253559 0.462000 2.545371
0.331735 0.086670 1.224301
-0.310258 0.266654 0.851616
0.001228 0.385442 1.332539
-0.005133 0.435055 1.631976
0.070432 -0.130669 1.652853
-0.046504 0.463202 1.535606
-0.055070 0.477226 1.676923
-0.059877 0.379291 1.114563
0.371918 0.055985 1.787971
-0.339132 0.335163 1.654402
-0.002686 0.389189 1.478829
-0.444906 0.259017 1.203374
0.484653 -0.468509 1.232887
-0.371621 0.389150 0.862154
0.318690 0.188436 1.169111
0.086729 0.271501 1.353819
-0.021460 0.392882 1.581472
0.482934 0.199771 1.170203
0.100483 0.234897 1.424437
0.312555 -0.357626 2.081160
-0.096451 0.395780 1.514069
-0.082166 -0.481737 1.456917
-0.010516 0.411797 1.642171
-0.045861 -0.491310 1.414383
-0.419250 -0.291362 1.864032
-0.388601 0.473545 1.671769
0.012239 0.293157 1.433843
-0.159612 -0.402907 1.969819
0.069965 0.333042 1.602018
0.010280 0.418073 1.515253
-0.049118 -0.469625 1.591452
-0.436775 -0.284466 1.350550
-0.069135 0.440602 1.363116
0.399500 0.152146 1.615343
-0.040968 0.470188 1.443727
0.497960 -0.446164 0.893452
-0.056392 0.421651 1.196299
-0.186597 0.376200 1.888805
0.417303 0.201125 1.473199
-0.006487 -0.151178 1.460477
0.429039 0.121052 0.956211
-0.304189 0.368236 2.070566
0.421117 0.198820 1.538480
-0.330702 0.370042 1.469845
-0.430575 -0.224148 1.584007
-0.423479 0.391628 1.557214
-0.064136 -0.486157 1.728512
-0.054023 0.490907 1.757425
-0.017901 0.405046 1.701973
-0.015235 0.384163 1.467257
0.225595 0.093258 1.399555
-0.157685 0.361134 1.401127
0.007608 0.437161 1.521178
-0.012986 0.397316 1.306433
-0.306813 0.321686 1.468860
0.132755 -0.464432 1.454362
-0.282017 0.296026 0.932626
-0.011027 0.371653 1.277510
-0.336410 -0.215455 2.102465
0.040735 0.249757 1.796493
0.490323 0.483896 1.225913
0.019655 0.419417 1.536312
-0.260574 0.308806 1.521675
0.061932 -0.370945 1.471294
-0.041978 0.392155 1.457873
-0.304640 0.290374 1.009118
-0.263697 -0.305175 1.224337
-0.033671 0.371700 1.414680
0.035408 -0.199524 2.713547
-0.016642 0.359706 1.341960
-0.498905 -0.334953 1.047891
-0.042139 0.404950 0.977043
-0.357852 -0.338615 1.474246
0.122901 0.256643 1.482559
0.062404 0.203561 1.577353
-0.446857 0.259551 1.127501
-0.463607 -0.495540 0.559266
0.025156 0.114652 1.451636
-0.053594 0.480078 1.630196
0.325447 0.015792 1.555114
-0.077628 0.398715 1.679670
0.383170 0.254801 1.103235
-0.121349 0.378873 1.504591
0.436304 0.114546 1.041987
0.414750 0.229680 1.923139
-0.117035 0.391783 1.413759
0.349779 -0.300040 1.333940
-0.334005 0.332249 1.100410
-0.357573 -0.300174 1.536851
0.257691 0.259797 2.157229
0.472900 0.290875 1.146358
0.468375 0.076071 1.316898
0.400312 -0.397016 2.252480
-0.072269 -0.487965 1.322305
-0.298672 -0.053480 -0.090631
-0.238035 -0.035824 0.750754
0.447236 0.038337 1.076597
-0.451099 0.218697 1.927782
-0.491795 -0.022845 0.720468
0.007753 0.316282 1.650580
0.057799 0.174743 1.757726
0.189074 -0.021970 1.526851
0.423456 0.135821 0.984923
-0.004599 0.451516 1.180598
-0.155923 0.026701 1.801357
-0.135781 0.240400 1.755524
-0.020519 0.472449 1.477381
-0.018775 0.417890 1.434429
-0.217308 -0.011538 1.250817
-0.362870 -0.417784 1.588963
0.308599 -0.232959 2.525989
-0.476800 0.212140 1.324468
-0.045071 0.345297 1.792371
0.065376 0.148354 1.680714
0.095867 0.280589 1.365721
-0.031000 0.255435 1.856893
-0.459082 0.242309 1.280916
0.447452 0.029604 0.959899
-0.344992 -0.269480 1.537977
0.063715 -0.444324 1.693796
-0.015629 0.444346 1.320127
-0.001384 0.302409 1.289684
-0.341380 -0.250841 1.408516
-0.497846 0.233927 1.384942
-0.327006 0.337037 1.471115
0.066233 0.121252 1.572299
0.222573 0.136506 1.242216
-0.002205 0.309006 1.202547
-0.334579 0.350182 1.703923
0.413389 0.170680 1.177512
0.480670 0.062296 1.119813
0.149735 0.041366 1.204269
0.386732 0.184139 1.701281
-0.378539 -0.332172 1.756855
0.393311 -0.445749 1.705692
-0.346369 0.340987 1.413916
-0.387613 -0.465271 2.012680
-0.424748 0.102453 1.405259
-0.087087 -0.271491 1.525008
-0.087679 0.198714 1.539434
-0.085459 0.484098 1.383299
-0.389389 0.095315 1.669087
0.097966 0.244320 1.614873
-0.039284 0.485280 1.464951
-0.341893 0.302835 1.326883
-0.334950 0.492630 1.975971
-0.005809 -0.488988 1.583391
0.002122 0.342462 1.036420
-0.313599 0.312798 1.264538
-0.168468 0.135865 1.741658
-0.088278 -0.433616 1.447838
-0.028134 0.328866 1.617158
-0.463168 -0.240921 1.441994
0.399505 0.332385 1.388453
0.076234 0.312947 1.122172
0.071026 -0.127030 1.343590
-0.349505 0.314603 1.334513
-0.043874 -0.471927 1.714674
-0.341891 0.344598 1.406619
0.278229 0.396626 1.469345
-0.037316 0.328739 1.522718
0.166297 0.364863 0.340154
-0.275423 0.373002 1.693226
-0.026571 -0.481809 1.139831
0.087546 0.259257 1.431603
-0.051648 0.359449 1.300786
0.397560 0.169213 1.265736
-0.107081 0.472062 1.527412
-0.384112 0.304020 1.920803
0.068206 0.334492 1.647515
-0.025209 0.390970 1.543127
0.062182 0.296275 1.409677
0.422786 -0.287831 1.724521
-0.171213 -0.352608 1.837395
