0.234105 0.284663 1.331382
-0.206981 0.447629 0.603960
0.012907 0.278167 1.589871
0.158727 0.271139 1.391231
0.334953 0.110502 1.223935
0.383884 0.039560 1.428958
0.208008 0.366073 1.154386
-0.195061 -0.346097 0.752505
0.311670 0.153647 1.318132
0.172134 -0.061649 1.417022
0.018479 0.290219 1.671938
0.096235 0.342852 1.372989
-0.409567 -0.249958 0.944985
-0.249206 -0.382379 0.732081
0.147165 0.388524 1.326974
-0.317188 -0.303585 1.119553
-0.201662 -0.376970 0.663073
0.224820 0.206521 1.527783
-0.032324 -0.435360 1.827707
0.153172 0.254190 1.465199
0.041795 0.330664 1.247278
0.145618 0.393084 1.282303
-0.253895 -0.474750 1.032193
0.216745 -0.496426 1.418267
0.190185 0.334578 1.310172
0.060414 0.207416 1.860134
0.247575 -0.482207 1.412738
0.222091 -0.449722 1.023568
0.179748 0.256260 1.393727
-0.202889 -0.358400 1.153162
0.165657 0.254080 1.474612
0.206382 0.007050 1.737234
0.150280 0.305913 1.547578
0.002846 0.244527 0.764375
0.372655 0.025672 0.882415
0.298764 -0.352052 0.902158
-0.058371 0.255010 2.093075
0.149786 0.348849 1.092367
0.217099 0.363575 1.233146
0.088075 0.397317 0.603272
0.092610 -0.079544 1.218068
0.253516 -0.128874 1.465644
0.196530 0.326382 1.507727
-0.179532 -0.348411 1.042998
0.261644 0.128692 1.185697
0.268131 0.271427 1.001569
0.153969 0.294122 1.257804
-0.295063 0.060968 1.450806
0.115958 0.349557 1.344020
0.485332 -0.039102 0.988790
0.159878 0.413479 1.497075
0.267243 0.469486 1.498504
0.248546 0.423952 0.938156
0.260523 -0.469705 0.999910
0.461739 0.024136 0.942435
0.267415 0.281062 1.983468
0.159760 0.189830 2.070047
0.136648 0.298051 1.265024
-0.020951 -0.431533 2.260036
0.149358 0.432241 1.291173
0.200046 0.477597 1.625148
0.490789 -0.040135 2.062443
0.246577 0.301124 1.483613
0.291811 0.107177 1.069259
0.220977 0.467615 0.974966
0.279533 -0.131757 1.540942
0.199859 0.329463 1.508245
0.312512 0.055643 1.314820
0.270616 0.111866 1.439669
0.290892 -0.080028 1.676424
0.085582 0.323141 1.234131
-0.032393 -0.433315 1.448050
0.136964 0.343297 1.242044
-0.465842 -0.011281 2.451973
0.153220 0.335883 1.263936
0.071441 -0.424010 1.627291
0.147516 0.301583 0.720338
0.270102 0.439404 1.543940
0.471221 0.238233 1.314546
-0.389970 -0.195992 0.661644
0.280320 0.470545 1.564224
0.156743 0.401910 1.138363
-0.063877 0.271616 1.849216
-0.448735 0.492893 1.203566
0.340808 0.044520 1.124063
0.395120 0.119552 1.286137
0.305545 0.343874 1.232555
0.148595 0.334313 1.102276
0.243467 -0.499044 1.417696
0.351593 -0.190980 1.322847
0.122310 0.302334 1.368551
0.215149 0.464127 1.401270
0.192193 0.311245 1.374227
0.158046 0.238949 1.288198
0.136146 0.481725 1.473827
0.431344 0.020760 0.947285
0.231796 0.285163 1.605739
-0.089225 -0.460945 1.383645
0.179866 0.273671 1.351435
0.137684 0.235446 1.378105
0.293595 0.330841 1.124612
-0.314364 0.405778 0.830480
0.292540 0.434512 1.268671
0.328993 -0.012959 1.247363
0.238165 0.301083 1.238118
0.149510 0.317134 1.482023
0.229779 0.484648 1.465659
-0.017064 -0.404723 1.505897
0.167308 0.263583 1.367876
-0.293449 -0.271516 1.195250
-0.011598 -0.410048 1.856609
0.193226 0.392705 1.363385
0.237741 0.490084 1.441295
0.150868 0.337503 1.119514
0.204915 0.357136 1.536546
0.170218 0.251105 0.513092
0.246681 0.447947 1.527773
0.263412 -0.012323 1.120200
-0.012815 -0.450748 1.698567
0.118555 0.222904 1.111265
0.221095 -0.476093 1.133801
0.161308 0.233771 1.380323
-0.308564 -0.233147 0.983597
0.148243 0.327651 1.388844
0.053662 0.318856 1.659939
0.134912 0.399811 1.204779
-0.489004 0.239403 1.079602
0.281848 -0.068822 2.344740
0.443140 -0.004490 1.212200
-0.068344 -0.471223 1.147829
-0.128934 -0.387811 0.831937
-0.203410 0.346761 1.024012
0.125601 0.304654 1.432031
0.277138 0.472224 1.302476
0.221325 -0.478277 0.657962
0.294250 -0.012972 1.153968
0.178549 0.219392 1.707616
0.150568 0.343446 1.150877
0.306876 -0.025049 0.943989
0.095759 0.314985 1.100600
0.151926 0.285856 1.248519
-0.178811 0.407613 0.866119
-0.279153 0.072171 1.335526
0.181891 0.428320 1.536380
0.192613 0.349276 1.572663
0.084260 0.329634 1.650633
0.276406 0.491160 1.287020
0.253507 -0.498983 1.191381
0.193865 0.275066 1.495473
0.200641 0.313944 1.551359
0.154897 0.377287 0.957349
-0.312746 -0.388035 1.011375
-0.293298 0.215397 0.494247
-0.285596 0.224757 2.555186
0.282428 0.485271 1.631161
0.189652 -0.052142 1.954783
0.113729 0.275164 1.472828
-0.346852 -0.362852 1.103920
0.240054 0.477588 1.457102
0.327887 -0.473341 2.112567
0.401724 -0.003284 1.447588
-0.036655 -0.466610 1.796923
0.007928 -0.023877 1.096533
0.152912 0.393661 1.385438
0.149560 0.313788 1.337545
0.053498 0.312454 1.239718
-0.267762 0.288974 0.432145
0.238909 -0.463117 1.549494
0.138036 0.219172 1.578036
0.378401 -0.482585 1.914816
0.056777 0.348309 1.565043
-0.251543 -0.301648 1.003915
0.272015 0.472778 1.390339
0.223208 0.362527 1.410491
0.310514 -0.077109 1.443947
0.221768 0.465212 2.075634
0.465047 0.001591 1.018413
-0.038398 0.270916 1.589320
0.252014 -0.080126 2.298412
-0.181626 0.385152 0.545870
0.259522 0.411150 1.608569
-0.283269 -0.260270 1.101341
-0.324391 -0.278742 1.235863
0.204467 0.327871 1.374386
0.271635 0.389032 1.180269
0.195242 0.373043 1.392101
0.469480 0.221284 1.284542
-0.485750 0.496389 1.687536
0.179583 0.410602 1.291216
0.274422 -0.071608 1.008198
0.217338 0.490243 1.512997
0.304504 -0.022172 1.578073
0.137508 0.374293 0.817554
0.241650 -0.479167 1.082465
0.154190 0.353571 1.139464
0.468744 0.041645 1.133008
0.323453 0.162967 1.551123
0.303257 -0.488318 1.286206
0.180124 0.401446 1.442796
-0.258378 -0.289091 0.846094
0.222110 0.329810 1.508093
0.402142 0.231329 1.433991
0.138035 0.262236 1.131468
0.108487 0.293666 1.326882
0.190350 0.291433 1.479832
-0.499385 -0.028646 1.022342
0.297437 0.040681 1.151599
0.138008 0.337872 1.407734
0.155192 0.429790 1.301167
0.216528 0.279160 1.387103
0.209139 0.332517 1.267085
0.153370 0.380510 1.267454
0.200072 -0.442448 1.403167
0.311944 0.127896 1.216695
0.250567 0.478282 1.197298
0.176657 0.282289 1.619087
0.323966 0.413794 1.335010
0.173471 0.404959 1.415410
0.133417 0.379063 1.392425
0.259138 0.453791 1.625663
0.265086 0.393534 1.123824
-0.064208 -0.472532 1.529297
0.215784 0.353267 1.448297
0.191358 0.286915 1.418694
0.157026 0.265862 1.343711
-0.001501 0.306002 1.379494
-0.227613 0.049680 1.471529
0.335625 0.064444 1.119631
0.191872 0.360526 1.633467
0.238783 0.434051 1.285118
0.341255 -0.263060 1.707524
0.121663 0.379801 1.353674
0.261823 0.451205 1.440457
0.237666 0.310760 1.371112
0.319426 0.035285 1.005875
0.154404 0.258579 0.954617
0.246321 0.364804 1.113554
-0.216155 0.082704 2.571909
-0.099618 0.448884 1.517627
0.118960 0.346192 1.070652
-0.488927 -0.320892 1.065693
-0.495111 0.187705 0.900466
0.214926 0.380886 1.552496
0.223561 -0.469347 1.266261
0.176851 0.229765 1.231226
0.070453 0.253926 1.522000
0.137248 0.381298 1.289672
-0.030505 -0.442179 1.386944
0.212375 0.386614 1.631429
0.257217 0.499479 1.418829
0.006670 -0.352198 1.885261
0.058381 0.348210 1.783984
0.185492 0.244941 2.060616
0.165395 0.301736 1.341144
0.174345 0.330310 1.529311
0.148709 0.413690 1.307311
0.227415 -0.487752 1.465180
0.254200 -0.402748 1.530088
0.265103 0.439446 1.461577
0.188329 -0.121070 1.558117
0.203009 0.439481 1.900146
0.157403 0.421090 1.243243
0.283053 0.400482 1.229752
0.142219 0.364817 1.583387
0.330297 0.000314 1.036090
-0.229117 -0.298628 0.988338
-0.189865 0.481238 0.699554
0.110024 0.351575 1.413036
0.325805 -0.056554 1.309104
0.043265 0.332943 1.366716
-0.304968 -0.267821 0.962815
0.068796 0.146151 0.138475
0.259431 -0.496546 1.081905
0.152750 0.416073 1.441101
0.176848 0.402911 1.554629
0.199965 0.344026 1.451291
-0.168744 0.008322 1.182075
0.077233 0.355605 1.468889
0.291725 0.318502 2.211772
0.202558 0.374106 1.527533
-0.009760 0.261686 2.280511
0.226503 -0.482630 1.099034
-0.088807 0.225144 1.941013
0.244156 0.321410 1.509728
0.049727 -0.328873 2.456767
0.218471 0.245029 1.549950
0.097005 0.379001 1.382994
0.136536 0.368401 1.229141
0.162190 0.275105 1.313370
0.169880 0.202686 1.104378
0.311483 0.356328 1.092925
0.166272 0.220632 1.438189
0.228513 0.486449 1.204664
0.114685 0.354214 1.177185
0.175580 0.491322 1.711939
0.209429 0.341108 1.294760
-0.028921 -0.424333 1.605456
0.213326 0.385175 1.627801
-0.169506 0.425700 0.889769
0.456211 0.213088 1.520935
-0.498506 -0.067465 0.464297
0.446595 0.039782 1.020905
0.143290 0.358309 1.467442
-0.186817 0.434059 0.988630
-0.103923 0.486969 1.479919
-0.351851 -0.007409 1.960053
0.147629 0.382562 1.412117
0.369593 -0.018386 1.526752
0.265352 0.323867 1.255307
-0.257782 0.464141 1.319149
-0.291296 -0.392713 0.559173
0.166718 0.370799 1.194678
-0.237862 -0.334246 1.070185
0.047786 0.322778 1.665555
0.343103 -0.440685 1.037790
0.491901 0.177247 0.966599
-0.482029 0.202401 2.327124
-0.166657 0.455593 1.739672
0.227330 0.460627 1.489257
0.172400 -0.468999 1.511710
-0.468048 0.451218 1.538889
0.424328 -0.334369 1.435198
0.205575 -0.121642 1.573461
0.335311 0.022155 1.052503
-0.358711 -0.105375 1.908620
0.379630 0.226675 1.806364
0.300191 0.071216 1.316463
-0.332458 -0.297530 0.956848
-0.126951 0.369211 0.740414
0.167850 0.455113 1.201520
-0.233749 -0.248440 1.208789
-0.065273 0.176268 2.209304
0.267005 0.436169 1.535405
0.122628 0.399924 1.067190
0.353712 -0.442165 2.272202
0.252267 0.183052 1.015691
-0.064752 -0.436504 1.676297
0.196298 0.111317 1.555425
0.266518 0.298851 1.276480
0.236004 -0.231054 0.988583
0.238970 0.254845 2.084660
0.172508 0.222070 1.460008
0.457167 0.013528 0.762068
-0.495402 -0.474945 1.308442
0.333358 -0.380037 0.751309
0.047000 -0.430226 1.161086
0.161248 0.453410 1.248026
0.145216 0.285678 1.243724
-0.189847 -0.320010 0.709022
0.318927 0.010359 1.060534
0.152280 0.273063 1.209399
0.229670 -0.332602 1.410108
0.427263 0.014217 2.566032
0.210971 0.275282 1.451832
0.152628 0.314938 1.313761
0.288836 -0.060268 1.624140
-0.363052 -0.297079 0.979486
-0.179991 -0.342127 0.945684
0.192385 -0.007533 0.964745
-0.374121 -0.362492 1.542232
-0.085124 0.464074 1.294507
-0.010636 0.318434 1.505637
0.153305 0.377479 1.022829
-0.388122 -0.226048 0.882827
0.042172 -0.489060 0.490419
0.324995 0.025746 1.330479
0.197974 0.431715 1.353647
-0.055897 -0.430703 1.143043
0.162148 0.251965 1.361573
0.477096 0.380596 1.059487
0.019465 0.293694 1.530081
0.135220 0.428007 1.411805
0.251635 0.482729 1.596807
0.194371 0.296094 1.259055
0.124239 0.296004 1.231306
0.303704 0.007727 0.877709
-0.003814 -0.416961 1.332027
0.172401 0.298615 1.201094
-0.215936 -0.341268 1.133356
0.246315 0.491379 1.444980
0.232504 0.324085 1.530149
0.126693 0.412224 1.600591
0.054875 0.295788 0.987832
-0.033989 -0.449890 1.709862
0.134144 0.316710 1.148036
-0.410960 0.346778 0.771013
0.226736 0.313644 1.597647
0.332489 -0.019998 1.127587
0.160149 0.336204 1.165579
0.247858 0.495733 1.550164
0.179190 0.279033 1.378677
0.188518 0.318148 1.413639
0.495632 -0.179886 1.131555
0.141429 0.418962 1.391247
-0.240738 0.204845 2.042949
0.220768 0.336316 1.397775
0.118495 0.394993 1.450265
0.204463 0.309638 1.413263
-0.403585 -0.490618 1.768736
0.193221 0.403777 1.485629
