0.399676 0.117680 -0.132915
-0.180817 0.120558 0.418800
-0.192585 0.206727 -0.232413
-0.344230 0.081658 -0.085438
-0.204175 0.108873 0.078773
0.398954 0.076722 0.519362
0.462736 0.281239 -1.151998
-0.338394 0.120873 0.353601
-0.282076 -0.035689 -0.376152
0.490256 -0.446213 -0.403270
-0.246017 -0.410088 -0.583733
-0.284729 0.271881 -0.248526
-0.186778 -0.293023 -0.504588
-0.205218 0.093186 0.264379
-0.061363 0.327156 -0.156672
-0.208031 -0.019357 -0.279099
-0.216056 0.184191 -1.206068
-0.012801 -0.075005 -0.531253
-0.401904 0.130478 0.365631
-0.165170 0.157639 -0.271596
0.234057 0.062017 -0.125454
-0.225223 -0.003806 -0.200535
-0.075449 0.250448 -0.561711
-0.181571 -0.009676 0.285564
-0.241053 0.320655 0.368222
0.347475 -0.177978 -0.587537
0.291538 -0.050485 0.272991
-0.200250 -0.023220 -0.061892
-0.113713 0.268251 -0.384560
-0.222034 -0.356703 0.181792
-0.196666 0.174529 -0.300008
-0.016917 -0.115339 -0.082875
-0.258014 -0.036311 -0.403767
0.214125 0.175671 0.041283
-0.212174 0.157664 0.481600
-0.369259 0.111602 -0.015129
-0.310797 -0.022532 -0.316551
-0.119420 0.238430 -0.510804
-0.326301 0.197632 0.083948
0.207602 0.038280 -0.308249
-0.189098 0.153266 0.184971
-0.266062 -0.007001 -0.392275
-0.153960 0.071856 0.124032
0.413384 0.124762 -0.000582
-0.229528 -0.352092 -0.486813
-0.176573 0.203320 -0.797756
-0.408085 0.277969 -0.100088
-0.256766 -0.011477 -0.410751
-0.213150 0.123767 0.298731
-0.103534 0.088844 -0.173071
-0.198802 -0.047380 0.085143
-0.394185 0.131863 0.672533
-0.304160 0.030331 -0.323332
-0.196424 -0.291077 -0.166126
-0.298984 -0.034976 -0.151805
-0.253329 0.168843 -0.022698
-0.086465 0.030872 -0.012423
-0.325632 0.345600 -0.763521
-0.251987 0.167106 -0.265481
-0.087517 0.331772 -0.339851
-0.258481 0.009946 -0.012187
-0.209084 -0.310854 -0.543791
-0.112910 0.046063 -0.105902
0.110446 -0.328880 -0.527239
-0.379315 0.260107 -0.124594
-0.395547 0.178798 -0.358058
-0.280291 0.010579 -0.042153
-0.258520 0.037936 -0.623721
-0.207638 0.169949 -0.176777
-0.276664 -0.033677 -0.175978
0.475764 0.248307 -0.575268
-0.182700 -0.185532 -0.042070
-0.238707 0.000484 0.022703
-0.040130 0.266488 -0.287179
-0.207095 0.137550 -0.107254
-0.263710 0.221958 0.059502
-0.209871 0.121057 0.035231
-0.453645 -0.053583 -0.032086
0.039250 0.433263 0.085741
-0.203026 -0.008206 -0.296497
-0.193772 0.300014 -0.388504
0.173224 -0.175109 -0.250234
-0.200554 -0.337273 -0.420881
-0.364576 0.162678 -0.135712
-0.260355 0.026291 0.073184
-0.170369 0.091439 -0.332221
-0.224269 0.005398 -0.026667
-0.323749 -0.011306 -0.094146
-0.210628 -0.368614 -0.303795
-0.144035 0.029854 0.009675
-0.334236 -0.036305 -0.149134
-0.243918 -0.019884 -0.239167
-0.098201 0.099605 -0.267970
-0.217525 -0.033343 -0.002385
-0.494619 0.063905 -0.078586
-0.223079 0.158716 0.207265
-0.422415 0.119223 0.468905
-0.235952 -0.034519 -0.430886
-0.150055 0.095113 -0.072776
-0.208038 0.112191 -0.196363
-0.217835 0.183061 -0.219143
-0.189217 -0.045955 0.177583
-0.108751 0.115399 -0.229541
-0.465668 0.122686 -0.697264
-0.271055 0.008021 0.037361
-0.070787 0.266425 -0.250715
-0.208926 0.060480 -0.447866
-0.111642 0.073690 -0.350936
-0.117700 0.261110 -0.612057
-0.206200 0.034593 0.017602
-0.261516 0.231402 0.155919
-0.117676 0.175475 -0.441585
0.352505 0.276872 0.261711
-0.362250 0.003212 0.056183
-0.093564 0.238398 0.025689
-0.413622 0.336034 -0.111964
-0.427380 0.032133 0.563019
0.250389 0.282692 -1.310723
0.467502 0.488078 -0.101924
-0.177543 -0.144549 0.187092
-0.157804 0.135642 0.462251
-0.025223 0.016457 1.563862
0.347942 0.323737 -1.424025
-0.269963 -0.022636 -0.432779
0.472972 0.083772 -0.471476
-0.104798 0.048684 0.082976
-0.246305 -0.029059 0.017990
0.338959 -0.223625 -0.655113
-0.191094 -0.063035 0.072105
-0.372989 0.024596 0.527079
-0.081548 -0.239417 -0.111404
-0.163798 -0.161945 -0.150117
0.271857 -0.310497 -0.740165
-0.089406 -0.189928 -0.863052
-0.183206 0.179583 -0.923723
-0.283777 0.010805 -0.118833
-0.109683 0.282635 -0.324591
-0.489147 0.123590 -0.797731
0.158230 0.249303 -0.230575
-0.242607 0.054902 -0.072438
-0.356453 0.144871 0.253044
0.210220 -0.139406 0.052085
0.292932 -0.049495 -0.022585
-0.487688 0.356890 0.161903
0.289925 -0.430681 0.029825
0.288351 -0.053802 -0.218284
-0.146259 0.088516 0.013705
-0.131173 0.325580 -0.545549
-0.201203 0.181350 0.050717
-0.120620 0.021624 -0.185085
-0.264194 0.032593 0.109778
-0.129114 0.151988 0.031350
-0.319233 0.317727 -0.851222
-0.127463 0.168942 -0.403434
0.445127 0.236469 -0.586533
-0.307141 0.080730 0.393634
-0.421761 0.131621 0.248838
-0.284227 -0.124743 0.657468
-0.115266 0.378942 0.233596
-0.179120 -0.191796 0.159707
0.235880 -0.149287 -0.233497
-0.246181 -0.008261 -0.072305
-0.243060 0.049031 0.013971
0.131254 0.480571 0.002373
-0.284525 -0.010639 -0.018181
0.357768 0.247799 -1.969012
0.429325 0.140486 -0.092270
-0.258355 0.281784 -0.392034
-0.284925 -0.040540 -0.583797
0.439238 0.016175 0.051437
-0.447154 0.189547 0.056121
-0.149182 0.167588 -0.654577
0.453227 0.142141 0.107448
-0.227467 0.192231 -0.049159
0.367964 0.176246 -0.241567
-0.200656 0.115153 0.284237
-0.319975 -0.018730 -0.333849
-0.282109 -0.001635 -0.313743
0.419167 -0.147147 -0.308031
-0.173050 -0.077295 0.054214
-0.067153 0.289752 -0.185409
-0.323829 -0.024417 -0.420229
-0.225878 0.167398 0.344390
-0.003091 -0.242925 -0.488685
0.153964 0.156203 0.305642
-0.247192 -0.071398 0.121083
-0.081077 0.356129 0.282158
-0.412588 0.331079 0.122216
-0.068406 -0.325122 1.030788
-0.168567 -0.073210 -0.240543
0.220604 -0.064768 -0.472942
-0.217860 0.169826 -0.139441
-0.155504 0.117264 -0.021016
-0.302387 -0.022580 -0.562671
0.122605 0.417921 0.356427
0.193913 0.155789 -0.602575
-0.142462 0.151012 -0.299426
-0.134597 0.116389 0.032741
-0.312567 0.086711 0.453018
0.298054 -0.442534 0.315174
0.012707 0.340271 -0.022277
0.365268 -0.102221 -0.107660
-0.095517 0.084575 -0.249097
-0.174743 0.081091 -0.077978
-0.302230 -0.056106 -0.065086
0.260668 0.048731 0.075787
0.314806 -0.327617 -1.420186
0.168670 0.454265 0.127538
-0.212740 0.011569 -0.121579
-0.284886 0.025508 0.018311
-0.159686 0.174309 -0.382289
0.091807 -0.466705 -0.552720
-0.218561 0.124912 0.185881
-0.241311 -0.069019 0.636606
-0.310846 -0.047686 -0.333583
-0.140316 0.101459 -0.183884
-0.149967 0.208303 -0.530311
-0.189340 0.133372 0.026233
0.089525 -0.097516 0.325670
-0.453809 0.163810 -0.029945
-0.057577 0.273252 -0.285463
-0.184451 0.087610 -0.190513
-0.215171 0.002551 -0.094238
-0.362194 0.179841 0.038748
-0.067509 0.130245 -0.871920
-0.153254 -0.207079 0.048212
-0.357418 0.195787 0.076823
-0.172434 0.170934 -0.637004
-0.248971 -0.028737 -0.285100
-0.128992 0.106006 -0.183546
-0.227720 0.428188 -0.466108
-0.094951 0.302149 -0.109381
0.407337 0.071454 0.450167
0.485123 0.074998 -0.217168
0.031158 0.181776 -0.052383
-0.422362 0.103502 -0.068596
0.429664 0.015394 -0.272630
-0.209934 0.088116 -0.403383
-0.450115 0.176866 -0.382363
-0.439572 0.176240 0.100900
0.080137 -0.433924 -0.411333
-0.195358 0.161264 0.127618
-0.042671 -0.051461 -0.207835
-0.206736 0.144707 0.143308
-0.102372 0.245595 -0.474702
-0.121307 0.119959 -0.101499
-0.335195 -0.024534 -0.211954
-0.190384 0.150254 0.388280
0.157600 -0.183414 0.144598
-0.086203 0.218579 -0.135047
-0.378787 0.213433 -0.208397
-0.100223 0.137305 0.008551
-0.146325 0.186935 -0.396516
0.437427 0.376627 -0.535354
-0.272746 0.038557 -0.110100
-0.088752 0.211535 0.139394
-0.160531 0.135954 0.418964
-0.176322 0.101022 -0.144956
0.384912 0.195162 -0.225919
-0.113995 0.084139 -0.249125
-0.135022 0.089996 -0.273376
-0.222476 0.248376 0.040979
-0.051055 0.035502 -0.367921
-0.158543 0.103047 -0.044848
-0.239148 -0.325481 -0.262109
-0.236987 0.190278 0.145127
0.268421 0.001664 0.171897
-0.228883 -0.316780 -0.494124
0.316303 -0.324120 -1.100520
-0.261385 0.170004 0.176411
0.184987 0.138334 -0.761074
-0.242068 -0.015990 -0.156345
0.466022 0.106205 -0.605460
-0.172168 0.094269 -0.173543
0.088739 -0.471598 0.625929
-0.400250 0.086254 0.030708
-0.497922 0.451236 0.167644
-0.143984 0.272768 -0.876032
-0.073512 -0.219133 -0.626148
0.485876 0.177942 0.329836
-0.201988 0.114795 0.017385
0.102400 -0.482849 0.321179
-0.281020 0.255267 0.473399
-0.173876 0.117959 -0.087682
-0.404847 -0.200472 -0.170231
-0.190185 -0.048225 -0.072482
-0.183473 0.124850 0.188695
-0.215972 0.190699 -0.123084
0.116811 -0.191137 0.059498
0.002834 -0.274416 0.103294
0.258472 -0.013084 0.208272
-0.213380 0.188819 0.023436
-0.397200 -0.258885 0.949301
-0.133292 0.076156 0.206386
0.225379 0.007697 0.263664
-0.276315 0.011197 0.139381
-0.282932 -0.032444 -0.306420
-0.263149 -0.014933 -0.093905
-0.216385 -0.153432 0.222166
-0.097812 0.060175 0.140841
-0.250237 0.201248 -0.182547
-0.424326 0.202562 -0.002795
0.165732 0.320261 0.438347
-0.075634 0.212372 -0.060562
-0.393788 0.108796 -0.090107
0.174977 -0.075974 0.136619
-0.407567 0.152400 0.001289
0.237122 0.144249 0.196615
-0.272966 -0.009976 -0.170907
-0.197103 0.119048 0.156120
-0.378455 0.201346 -0.062743
-0.265106 0.003902 0.092804
-0.336192 0.068909 0.234985
-0.205873 0.005811 -0.095117
-0.051021 0.272267 -0.223273
0.463530 0.011482 -0.773745
0.472136 -0.197908 -0.321692
-0.241744 0.151327 -0.284181
0.426788 0.064346 0.136999
-0.283947 0.039539 0.197870
-0.149564 -0.168765 0.051742
-0.453784 0.202265 -0.265360
-0.094246 0.274774 -0.483149
-0.252345 0.007280 -0.220845
-0.347988 0.085869 0.413051
-0.476318 0.243774 -0.216824
0.389644 -0.067236 -0.303567
-0.232224 0.037419 -0.162770
-0.031688 0.075462 0.236212
0.295825 0.333153 0.967716
0.305938 -0.035795 0.309624
-0.262954 0.274945 0.383622
-0.429091 0.062490 -0.381308
-0.429944 0.167155 -0.448226
-0.189927 0.087194 -0.104104
0.154213 0.356454 -0.153350
-0.156350 0.161108 0.125248
-0.300335 0.028004 0.623434
-0.333048 0.168122 0.003702
-0.257604 -0.137089 0.258946
-0.309183 -0.028855 -0.130703
-0.313089 0.050079 0.275536
-0.275918 -0.036460 -0.134766
-0.244831 -0.014015 -0.140244
-0.105401 0.050462 0.120515
-0.339906 0.389323 -0.345772
0.173400 -0.185304 0.159118
-0.256078 -0.023085 -0.380413
-0.155301 0.102064 -0.152192
-0.078399 0.294902 -0.500009
0.474181 0.215878 -0.539374
-0.021868 -0.024851 -0.009552
-0.196300 0.107353 -0.244555
-0.178230 -0.188309 -0.208567
0.307804 -0.266771 -0.923609
-0.472560 0.188499 -0.162704
-0.295176 -0.044528 -0.395047
0.331130 -0.113334 -0.019193
0.181515 -0.183148 0.099610
-0.237149 0.237483 0.038098
0.419278 -0.051082 -0.436757
0.130722 -0.470652 0.237810
-0.043536 -0.373227 -0.206636
-0.422194 0.201299 -0.215151
-0.161169 0.097724 -0.198592
-0.173270 -0.057464 0.380924
-0.191484 -0.341890 -0.499887
-0.227327 0.118729 -0.140754
-0.095211 -0.441327 -0.108259
-0.256536 -0.017058 -0.472763
-0.363931 0.224959 -0.052728
-0.415740 0.195187 -0.434490
-0.267114 -0.054947 0.391731
-0.036092 -0.071687 -0.264361
0.076582 0.261236 -0.182382
-0.261460 -0.009158 -0.104291
-0.158477 -0.173229 -0.163648
0.489693 0.055354 -0.083080
0.493731 0.116553 -0.177715
0.169839 -0.484768 0.088371
-0.338524 0.165871 -0.071698
-0.120157 0.066565 0.266458
-0.085681 0.129388 -0.779153
-0.240966 0.162137 0.323758
-0.453409 0.351191 -0.111105
-0.319823 0.079089 0.756295
-0.211359 0.188366 0.012072
-0.260897 0.186933 0.168411
0.069037 0.082188 -0.788562
0.342177 0.234212 0.565092
-0.406656 -0.252219 -0.513058
-0.392591 0.100413 0.235714
-0.066017 0.114466 -0.169685
-0.131088 0.099843 0.139690
-0.256465 0.000108 -0.509864
-0.482438 0.141737 0.309379
-0.274007 -0.073889 0.176795
-0.374835 0.191071 0.347231
-0.081516 0.279782 -0.470238
-0.180283 -0.019856 -1.018420
