-0.239728 -0.432979 0.645374
0.142026 0.459545 -0.226589
0.139075 -0.455849 0.095188
0.045007 0.448100 -0.030929
0.106681 0.446583 -0.193359
-0.143608 -0.280390 -0.511139
-0.135077 0.199161 -0.833304
0.016666 0.357614 -0.246141
0.070190 0.444408 -0.339513
-0.113886 -0.163240 0.160777
0.234445 0.221107 -0.255669
-0.021781 0.303512 -0.126757
0.208215 0.215907 -0.347555
0.098247 0.453061 -0.209611
0.280882 -0.437643 0.455295
0.114896 0.409051 -0.211992
0.206001 -0.377742 0.173761
0.287076 -0.246823 0.003726
-0.092763 -0.184619 -0.238485
0.180822 -0.393079 -0.340068
-0.349297 0.161161 -0.245147
0.118006 0.411361 -0.466737
0.223417 -0.483220 -0.141870
0.139013 0.427279 -0.175057
0.074069 0.494496 0.006876
-0.169368 -0.331496 0.197903
-0.216877 -0.311913 -0.365478
0.153578 0.452249 -0.450170
0.208684 -0.384782 -0.093843
0.048844 -0.456808 0.038426
0.169848 -0.339727 -0.359695
0.389396 0.318342 0.132804
0.107784 0.436468 -0.143782
-0.429468 0.441552 -0.509795
0.100679 0.481858 -0.329962
-0.004512 -0.445098 -1.115413
0.048886 0.477688 -0.456673
0.194900 -0.493310 -0.190903
-0.061143 0.308466 -0.123861
-0.237638 -0.245354 -0.255874
0.207659 -0.398825 -0.005156
0.063841 0.413502 -0.018349
0.149129 0.385699 0.167855
-0.184476 -0.305884 -0.670356
0.084268 -0.481141 -0.015956
0.145684 -0.436717 -0.377211
-0.079604 0.166951 -0.165023
0.076117 0.397980 -0.097961
0.105042 0.462987 -0.009762
0.194290 0.440163 -0.224308
0.148544 0.446894 -0.215892
0.025887 0.379654 -0.464465
0.007969 0.340154 -0.805821
0.266283 -0.103245 -0.146692
0.042828 0.369739 -0.352136
0.114804 -0.477470 -0.425661
0.274006 0.252448 0.670622
0.091295 0.497718 0.005707
0.038633 0.397475 -0.221931
0.422491 -0.101866 0.549723
0.112176 0.455854 -0.101306
0.443627 0.295560 -0.592513
0.171888 0.201894 -0.525640
-0.253012 -0.330678 -0.517219
-0.007140 0.447161 -0.395541
-0.068067 0.316428 -0.277432
0.056943 0.441811 0.226502
0.069484 0.404725 -0.150633
0.178172 -0.362227 -0.265522
0.099201 0.452938 -0.207690
-0.140648 -0.227647 -0.423160
0.142377 -0.347564 0.422993
0.098331 0.416276 -0.327977
0.291710 0.499618 -0.255790
0.108449 0.476726 -0.661629
0.091279 0.476772 -0.058352
0.093246 0.415522 -0.264064
-0.038595 -0.175436 -0.383266
-0.353924 0.110837 -0.014568
0.114697 -0.299430 0.261324
0.185491 -0.350466 -0.178960
-0.490289 0.093954 -0.055320
0.124754 -0.473252 -0.081158
-0.080467 0.021003 -0.214111
0.068587 0.465816 -0.506507
0.141067 0.473853 -0.561732
0.126858 0.440739 -0.245192
0.072995 0.137251 -0.794241
0.234265 -0.249244 0.179419
0.178784 0.295567 0.055389
-0.039089 0.222797 -0.403344
0.218192 -0.245586 0.722639
0.217157 0.477788 -0.301297
0.096895 -0.141409 0.105077
-0.091563 -0.288375 -0.568199
0.159932 -0.408802 -0.449535
-0.084976 0.193047 -0.663565
0.106469 0.455001 -0.102013
0.236706 -0.412131 0.148590
0.165549 -0.386164 -0.169340
0.076225 0.415628 -0.225615
0.173334 -0.475217 -0.247637
0.238793 0.437138 -0.454370
-0.124316 0.220950 -0.545112
0.091448 -0.299194 0.505197
0.221083 0.498203 -0.261612
0.105830 0.454236 -0.362506
0.195810 0.413917 0.037937
0.215566 -0.412972 0.062872
0.144942 -0.466391 -0.227354
0.061539 0.476886 -0.375081
0.178887 0.451184 -0.128306
-0.236613 -0.281418 -0.525957
-0.030792 0.330730 -0.444574
0.214539 -0.414441 -0.240857
-0.076424 0.315426 -0.449328
-0.003674 0.449950 -0.324508
-0.081165 0.279540 -0.558269
-0.206367 -0.294342 -0.353637
0.235737 -0.121932 0.210100
0.183912 -0.421140 -0.222291
-0.347593 0.388670 0.576083
-0.212125 -0.220185 -0.065243
0.094084 -0.115085 0.235537
-0.083365 -0.252389 -0.488471
0.218055 0.459012 -0.486813
0.085726 0.410413 -0.500626
-0.089964 -0.268112 -0.246683
0.165937 0.450633 -0.274874
0.127017 -0.419935 -0.575680
0.187772 -0.363616 -0.217950
0.184971 -0.296921 -0.594710
-0.092123 -0.285037 -0.581472
0.452062 0.357091 0.125900
0.139771 -0.483491 -0.462514
0.051698 0.443866 -0.035462
0.177181 -0.434027 -0.280372
-0.110463 0.397442 -0.356658
-0.240303 -0.290085 -0.288661
0.083571 0.457049 -0.681732
-0.031628 0.009445 0.376050
-0.472449 0.109111 -0.190367
-0.423702 -0.077681 -0.408937
-0.131037 -0.305933 -0.989191
-0.319953 0.125557 -0.114047
-0.179940 -0.301013 -0.608036
0.165861 0.444835 -0.435921
0.483607 0.060291 -0.192848
0.156251 -0.454354 -0.044497
0.187490 0.433376 -0.113015
0.070126 0.422178 -0.108178
0.208835 -0.424197 -0.175582
0.086822 -0.467209 -0.220384
0.201133 0.488680 -0.428923
-0.200278 -0.301249 -0.707099
0.027861 0.454931 -0.176588
-0.040420 0.248419 -0.253494
0.038471 -0.457871 0.024057
0.157570 -0.471829 -0.048626
0.367431 0.341267 -0.693940
-0.173561 -0.285115 -0.915890
0.103720 0.421340 -0.393463
0.093783 0.450668 -0.366476
0.464149 0.313640 0.301005
0.060254 0.410335 -0.210646
0.215706 0.245739 -1.154835
-0.115449 -0.241726 -0.603267
0.022422 0.446541 -0.153206
0.069880 0.429890 -0.234783
-0.157717 -0.296616 -0.619023
0.145874 0.193962 -0.658218
0.208997 -0.400247 0.161251
-0.189840 -0.466473 0.398393
0.098550 0.446464 -0.230418
-0.185792 -0.287208 -0.692220
0.086438 0.398994 -0.344971
0.031866 0.425108 0.163912
0.081348 0.481206 -0.233677
-0.294350 0.020055 0.411204
0.178835 0.449238 -0.080066
0.231071 -0.395240 -0.162138
0.057509 -0.488999 -0.227580
0.080421 0.435970 -0.081026
0.421348 -0.120082 0.092023
-0.460000 0.214014 0.333102
0.097329 -0.277652 0.077227
0.194937 -0.370344 0.195781
-0.035167 0.441170 -0.430814
0.460513 -0.119526 0.758375
0.185030 0.446060 -0.071854
-0.403314 0.382315 -0.640652
0.090613 0.478155 -0.059960
0.203750 -0.394202 -0.499369
0.035683 0.417468 -0.213132
-0.103163 0.415246 -0.349242
0.489877 0.121135 0.364329
0.195083 -0.403067 -0.388862
0.165541 -0.487806 -0.108935
0.047956 0.471877 -0.293822
-0.182088 0.066742 0.733001
-0.299454 0.369747 0.713578
-0.138464 -0.300953 -0.627930
0.248919 0.449669 -0.330302
0.121866 0.413250 -0.143626
0.024125 0.357155 -0.267303
-0.467992 0.101459 -0.124787
-0.109745 0.240847 -0.279905
-0.432711 0.126831 0.761080
0.126607 0.423699 -0.153106
0.082665 0.450355 -0.445931
0.186753 -0.467488 -0.096977
0.492091 -0.337140 -0.080223
0.097295 0.451782 -0.142576
0.446423 0.016828 0.456509
0.054684 0.294787 0.347915
0.152088 0.448548 -0.080895
0.197770 -0.423045 -0.407504
0.155580 -0.407391 -0.162534
-0.472129 0.314626 0.025546
0.017304 -0.463743 0.038687
0.249084 0.479251 0.215769
0.123869 0.443906 -0.039755
0.123032 0.427519 -0.175138
0.004348 0.467674 -0.326564
0.280785 -0.447184 -0.309673
0.146018 -0.278334 0.158746
0.009048 0.369210 -0.280199
0.180847 -0.427468 -0.388172
0.108260 0.437067 -0.289957
0.232670 -0.420421 -0.060166
0.105642 0.495229 -0.119383
0.229308 -0.417112 0.085017
-0.189998 -0.333600 -0.780416
-0.091160 -0.231950 -0.553114
-0.087760 0.205692 -0.393518
-0.004547 0.377430 -0.302944
-0.248610 -0.247891 0.025862
0.094115 0.428750 -0.204093
-0.050812 -0.240483 -0.151709
-0.115059 0.207853 -0.568197
-0.482740 0.121853 0.005587
0.118858 0.484401 0.023325
-0.155510 0.086302 -0.159882
0.143195 -0.437885 -0.236054
0.195884 -0.487405 0.019382
0.247557 -0.414145 0.078279
0.035668 0.461739 -0.294663
0.113441 0.471179 -0.282937
-0.336726 0.151328 -0.061747
-0.381627 -0.253556 0.332014
-0.078250 0.069004 0.459463
-0.471456 -0.024176 -0.152698
0.196936 -0.407064 -0.167091
-0.197651 -0.303159 0.267003
0.120324 -0.280095 -0.318727
0.242845 -0.382554 -0.574953
0.204260 -0.389678 -0.045916
0.129711 0.476386 -0.240369
-0.177529 0.090031 -0.083328
0.185876 0.444851 -0.192299
0.159781 0.458703 -0.056964
0.122117 -0.483505 -0.206813
0.378186 -0.482188 0.312970
0.137573 -0.496045 -0.258085
0.075438 0.019543 -0.489965
0.059106 0.454738 -0.055310
-0.459764 -0.075902 -0.081681
0.082278 -0.042729 -0.333740
-0.105230 0.192503 -0.561457
0.044124 0.410308 -0.053486
-0.484206 -0.051356 -0.067685
0.091902 -0.111549 0.602661
-0.130044 -0.347172 -0.500024
0.132898 0.458498 -0.100893
-0.483620 -0.135567 -0.520450
0.033164 0.493382 -0.231869
-0.162448 -0.274549 -0.962683
0.169678 -0.317509 -0.320599
0.403956 -0.259531 0.486866
-0.072413 0.306619 -0.428954
0.105655 0.419399 -0.117035
-0.494325 0.281833 -0.066076
0.113372 -0.292197 0.082023
0.144322 0.183744 -0.487306
-0.072655 0.418083 -0.243678
0.329562 -0.434501 0.725580
0.114517 0.462418 -0.175443
0.120196 -0.452183 -0.419199
-0.333445 0.165724 -0.192269
0.375889 -0.235283 0.424081
-0.456606 -0.063907 -0.208233
0.142926 -0.356194 0.013870
-0.002412 -0.422338 -0.025913
0.211539 0.451406 -0.310026
-0.486495 -0.283129 0.104291
0.147171 -0.418161 -0.234759
0.064285 0.454558 0.016686
0.112551 0.451975 -0.092956
0.123543 -0.328166 0.262449
0.360924 -0.173192 0.591341
0.041956 0.436636 -0.023439
-0.106902 0.204294 -0.425255
0.470953 0.256434 -0.034259
0.226039 0.468646 -0.119040
-0.063970 0.045998 0.175560
0.442891 -0.150227 -0.024128
0.018578 0.404259 -0.246797
-0.485165 0.206927 0.449856
0.013184 0.047585 0.068677
0.105655 0.464847 -0.284307
-0.054424 0.428794 -0.477344
0.072108 0.418497 -0.200973
0.027226 0.333302 -0.286347
0.133539 0.430447 -0.033485
-0.447898 -0.027488 -0.048752
-0.114081 0.402235 -0.347193
-0.086573 0.318531 -0.120418
0.083551 0.496736 -0.123092
-0.147984 -0.254840 -0.805540
0.060474 0.443360 -0.445265
0.176826 -0.335018 -0.088489
-0.102718 0.307244 -0.579410
0.201689 -0.412848 -0.200065
0.101393 0.472800 -0.306788
-0.043464 0.310359 -0.755877
-0.067276 -0.230838 0.003353
-0.116341 -0.246378 -0.748360
0.079845 0.410061 -0.371302
0.348307 -0.110111 0.512298
-0.008653 -0.448143 -0.125138
-0.286182 -0.443273 0.151923
0.076203 0.462054 -0.145002
-0.059927 0.051930 0.963694
-0.025188 -0.349501 0.283251
0.121612 0.453789 -0.142952
0.489790 0.370046 -0.011085
0.167658 -0.415303 -0.518040
-0.008278 0.283808 -0.377631
0.002767 0.335031 -0.810839
0.065597 -0.031885 0.402328
0.053321 0.440107 -0.403396
0.071632 0.411996 -0.421497
0.062724 0.403111 -0.147446
0.096128 0.455101 0.096316
0.215012 0.427936 -0.136755
-0.027939 -0.427590 -0.063588
-0.447421 -0.242928 0.170371
0.091129 0.389636 -0.358021
0.148579 0.440994 -0.059276
0.207708 0.467482 -0.105603
-0.145041 -0.295772 -0.775465
-0.339643 0.025029 0.269345
0.117216 0.468344 0.162998
0.151831 -0.325834 0.066573
-0.101261 -0.241559 -0.722397
-0.026327 -0.207666 0.001675
0.077912 0.407261 -0.274029
-0.202712 -0.323102 -0.597960
-0.267704 -0.449104 -0.399881
0.097235 0.483993 -0.134109
-0.168077 -0.328233 -0.139534
0.474846 0.295750 -0.158653
0.430808 0.034513 -0.008763
0.034340 -0.054561 -0.022205
0.156671 -0.468572 -0.139739
0.370693 -0.441677 -0.344062
0.095704 -0.374202 -0.411653
0.085723 0.428814 -0.213371
0.201384 -0.339223 0.076686
0.077643 0.450168 -0.076068
-0.054518 0.202436 -0.673897
-0.073644 0.290858 -0.442567
0.195993 -0.377331 0.122254
0.325744 -0.033014 -1.092334
-0.389685 -0.265253 -1.536401
0.075712 0.448303 -0.176790
0.152749 -0.353298 -0.066672
-0.026774 -0.186880 -0.008771
-0.126383 0.227410 -0.495855
-0.494830 -0.134548 -0.435495
0.038401 0.492478 -0.264465
0.242992 0.479525 -0.312003
0.221940 0.498054 -0.137143
0.071865 0.426279 -0.080814
-0.136786 0.266392 -0.022830
0.001333 0.375276 -0.036094
0.105345 0.457123 -0.066313
0.054500 -0.466634 -0.190190
0.475236 0.142290 0.052904
-0.391346 0.058609 0.133737
0.053778 0.476735 -0.288619
0.021093 0.472454 -0.449128
0.289572 -0.477400 -0.151689
0.276761 -0.113153 0.271638
0.100409 0.440446 -0.180157
-0.086585 -0.220079 -0.463680
0.052246 -0.201584 0.708439
-0.028650 -0.452710 -0.166144
0.216889 0.491442 -0.170418
0.159236 0.419970 -0.149299
