-0.146106 -0.448408 1.118461
-0.116371 0.288312 0.755347
-0.104366 0.317216 0.822629
-0.365040 0.050537 0.634121
-0.105444 0.279382 0.490672
-0.199292 0.100603 0.624791
-0.095573 0.050316 1.077812
-0.074655 0.118949 0.276529
-0.060709 0.125184 0.479337
-0.043892 0.073876 0.762004
-0.106012 0.093540 0.858400
-0.157927 0.091103 0.435267
-0.069668 0.331787 1.122872
0.067520 -0.122418 0.797080
-0.220412 0.024363 0.684981
-0.113736 0.271878 0.792228
-0.132094 0.196785 0.674255
-0.326154 0.130438 0.450156
-0.454623 -0.451458 -0.478899
-0.145216 0.211371 0.712363
-0.261974 -0.060969 0.260408
-0.042322 -0.103949 0.799865
0.077413 -0.282421 0.279231
0.086202 0.427115 0.912267
-0.091846 0.137068 0.107958
-0.112483 0.068732 0.521044
0.446400 -0.098693 0.775052
-0.060770 0.122296 0.848951
-0.278915 0.014932 0.317707
-0.071142 0.104974 0.390662
-0.164277 0.250133 0.350004
-0.056465 -0.123933 0.938960
0.140543 -0.495944 2.454596
-0.268953 0.238011 0.310199
-0.075853 0.156217 0.851699
0.105353 -0.087846 0.734335
-0.137901 0.250415 0.855907
-0.319269 -0.369676 -0.209348
-0.064054 0.409092 0.030656
-0.250259 0.023953 0.644860
-0.357799 0.197363 0.436263
-0.100504 0.266752 0.744601
-0.221793 0.011060 0.714663
-0.098477 0.238452 0.621415
-0.056267 0.189108 0.465131
-0.082691 0.090052 0.630297
-0.030087 0.366325 1.453840
-0.197228 0.078098 0.263629
-0.183360 0.093544 0.462462
-0.165216 0.261765 1.117866
-0.029891 0.009051 0.878241
0.023939 0.247585 0.591897
0.075297 -0.149547 0.341466
-0.286495 0.066147 0.957214
-0.107845 0.099197 0.347751
-0.105970 0.314637 0.783452
-0.325897 0.097310 0.626026
-0.081480 0.115071 0.778798
0.129841 -0.158525 0.884595
0.427402 -0.447803 -0.423163
0.494846 -0.121419 0.843945
-0.146665 0.262164 1.211846
-0.406326 -0.364957 0.148151
-0.276763 0.127653 0.724202
0.333365 0.172817 0.569546
-0.086854 0.129545 0.214581
0.070930 -0.424796 -0.540476
0.429191 0.070456 0.343124
0.458442 0.021030 0.920645
0.255917 0.224442 0.785023
-0.224790 0.042982 0.667950
0.020473 0.482998 1.892948
-0.369340 -0.125663 0.281528
-0.090198 0.065583 0.669086
0.064043 -0.324769 0.571399
-0.102605 0.189076 0.475980
-0.017839 0.356759 1.046148
-0.167169 0.071580 0.808532
0.371141 -0.420377 1.413831
-0.094762 0.240151 0.753974
-0.161286 0.070662 0.502294
0.119043 -0.492199 -0.007762
-0.365652 0.171597 0.234698
-0.202733 0.049149 0.894224
-0.107583 0.292629 0.892216
-0.371795 0.165361 0.431094
0.045171 -0.353784 -0.015828
-0.459886 0.275318 0.548585
-0.126475 0.052003 1.010794
-0.080010 0.143989 0.379497
-0.126925 0.083206 0.796785
-0.219472 0.087951 -0.168585
-0.215482 0.019018 0.865523
-0.062480 0.304381 0.442477
-0.172069 0.081692 0.647100
-0.110817 0.263953 0.779963
-0.129577 0.077772 0.391443
-0.179596 0.235766 0.497616
-0.361878 0.088677 0.552529
-0.019827 0.368117 0.246440
-0.084611 0.302110 0.846640
-0.086280 0.326244 0.916892
-0.193478 0.151868 -0.356890
-0.090354 0.215354 0.537615
-0.183275 0.091278 0.781640
0.085331 0.231072 1.644591
-0.083708 -0.109608 1.444861
0.451494 -0.234109 0.492149
-0.080117 0.158216 0.573761
-0.099953 0.272761 0.723685
0.011960 -0.079351 -0.047682
0.064498 -0.143383 0.934001
-0.051950 0.358052 0.867488
-0.368711 0.152276 0.312253
-0.363410 0.184525 0.125382
-0.167166 0.085451 0.517527
0.381904 0.262697 1.344591
-0.451507 -0.441503 1.591518
0.047401 -0.155054 0.842719
0.076543 -0.223353 0.815365
-0.056724 -0.250366 0.774119
0.084283 -0.234716 0.321720
-0.105961 0.288323 0.807647
-0.182784 -0.003555 0.750000
-0.207827 0.061933 0.476833
-0.294960 0.123217 0.334175
-0.078098 0.320894 0.620336
-0.104455 0.148731 0.278140
-0.174132 0.053428 0.873734
-0.157489 0.433728 1.128594
-0.093167 -0.106555 0.165243
-0.188216 -0.288694 0.746700
-0.232417 0.045170 0.827345
0.382911 0.159253 0.512571
0.090223 -0.293207 0.262299
-0.127616 0.476983 0.603307
-0.123852 0.213853 0.792062
-0.104881 0.060793 0.690651
0.168944 -0.105389 0.958718
-0.137457 0.285170 0.968455
-0.051978 0.213072 0.781584
0.394525 0.160397 0.770052
-0.383427 0.077501 0.190260
-0.088722 0.181068 0.396703
0.051164 -0.103114 0.747079
-0.186546 0.097732 0.319529
-0.234932 0.054797 0.532963
-0.078244 0.339995 0.812376
-0.098009 0.305517 0.628362
0.018247 -0.142401 0.670768
0.015792 0.317678 1.692501
-0.197109 0.090563 0.459461
-0.113394 0.300124 0.537920
-0.335213 0.170525 0.377227
-0.292045 0.088612 0.458191
-0.213880 0.147615 0.316173
-0.231550 0.427011 1.571690
-0.081272 0.108214 0.782547
-0.046935 0.295241 0.929620
-0.185171 0.037442 0.684399
-0.098902 0.312957 0.741823
-0.063427 0.122627 0.723778
-0.095995 0.308985 0.656433
-0.107029 0.186839 0.461310
-0.246051 0.041932 0.424599
-0.222628 0.375786 1.022763
-0.253364 0.366150 0.090122
0.239429 -0.193104 0.981909
-0.180946 0.086688 0.427475
-0.153338 -0.275475 0.703701
-0.038297 0.138168 0.673601
-0.088840 0.292635 0.736970
-0.209635 0.067673 0.647404
-0.055152 0.143799 1.279047
-0.097951 0.297074 0.383399
-0.345185 0.180669 0.463644
-0.209309 0.075093 0.549137
-0.116120 0.078984 0.348599
0.030689 -0.339116 0.638160
0.273765 0.219338 0.443620
0.013011 0.362120 0.706295
-0.114568 0.271044 1.051505
-0.090306 0.087282 0.760001
0.042489 -0.198740 0.818625
0.205186 0.330896 1.031300
-0.300068 -0.475319 -0.330858
-0.058068 0.260223 1.044113
-0.097427 0.062263 0.986198
-0.097824 0.185696 0.560532
-0.088113 0.233211 0.760855
-0.096779 -0.439110 0.041643
-0.076917 0.114015 0.768024
-0.171586 0.059888 0.733005
0.179991 0.383067 0.945555
0.159338 -0.458849 0.554045
-0.212632 0.072634 0.625515
-0.212230 -0.440999 1.359240
0.363462 0.277400 0.556563
-0.108746 0.273468 0.633614
-0.227619 0.116133 0.516701
-0.118488 0.087906 0.914024
-0.163325 0.106439 0.717337
0.406678 0.023067 0.674984
-0.335876 0.136159 0.573391
-0.131001 0.298326 0.685896
-0.102940 0.341829 0.672645
-0.122183 0.298961 0.901931
0.097541 0.311176 1.040616
0.156854 -0.131070 0.827626
-0.336697 0.111666 0.051342
-0.129523 0.063023 0.729391
0.128273 -0.281275 0.441359
-0.093423 0.386491 -0.299703
-0.094882 0.196544 0.369659
-0.154439 0.096772 0.562736
-0.074266 0.298064 1.032190
0.071569 -0.103982 0.407780
-0.179205 0.093208 0.357469
-0.107113 0.066491 0.827843
-0.124253 0.278539 1.166328
-0.209967 0.328055 0.806914
-0.053669 0.350525 0.975739
-0.266920 -0.070149 0.247279
-0.174713 0.088217 0.630685
0.365212 -0.466949 1.966516
-0.187596 0.075493 0.612424
-0.300295 -0.086283 0.625969
-0.069840 0.338014 0.807150
-0.286335 -0.245588 -0.604696
0.052666 0.322421 1.285987
-0.121777 0.274542 0.941377
-0.287807 0.120560 0.338182
-0.057177 0.348639 1.196256
-0.181542 0.074782 0.636108
-0.160991 0.118288 0.448687
0.072271 -0.316498 -0.303723
0.089857 -0.217111 0.342024
-0.076421 0.256711 0.576678
-0.274674 0.095057 0.955709
0.041491 -0.335364 0.535513
-0.136656 0.087668 0.464646
0.168666 -0.361882 1.134957
-0.168189 0.044703 1.116528
-0.079350 0.346026 1.008059
-0.106342 0.396413 1.137978
0.024714 0.316212 1.628170
-0.080243 0.056205 0.775556
-0.124574 0.260085 0.903441
0.056063 -0.156892 0.790933
-0.331370 0.342324 -0.783797
0.004180 0.131661 0.949234
-0.085316 0.406903 1.006392
0.210032 0.114637 0.924049
0.048325 -0.116560 0.507713
0.251336 0.225528 0.987528
-0.195143 0.028242 0.962537
-0.229011 -0.003530 0.329135
-0.266063 0.271913 0.484967
0.082052 0.302078 1.064873
0.081644 -0.280653 1.141909
-0.329673 0.188397 0.301492
-0.093623 0.163622 0.612191
0.411093 0.416717 0.863701
0.184234 0.365804 1.260693
-0.113417 0.269506 0.881310
-0.090254 0.158646 0.408531
-0.044162 0.337801 0.671866
0.017736 -0.165525 0.274666
-0.064777 0.065867 1.165405
-0.343671 -0.412739 -0.944936
-0.243950 0.293129 -0.147560
0.089128 -0.142934 0.557487
-0.138909 0.078950 0.809565
-0.106178 0.135071 0.295553
-0.140686 0.041320 0.863104
-0.122544 0.308112 0.628965
-0.134095 0.075446 0.866649
-0.334896 0.178946 0.275346
-0.194001 0.030567 1.047874
-0.052051 0.334533 0.835960
-0.020576 0.305410 1.684860
0.207034 0.384285 1.472078
-0.233575 0.326435 0.159170
0.239246 0.122267 1.395694
0.173534 -0.130496 0.705853
0.271454 0.201664 0.361250
0.105112 -0.399958 -0.100262
-0.193960 0.097290 0.333418
-0.188865 0.115681 0.441182
0.038240 0.110193 0.606241
-0.157563 0.071399 1.026721
0.085281 0.359532 0.683505
-0.204952 -0.047492 0.449962
0.067386 0.387323 0.456762
-0.194851 0.094349 0.184415
0.103801 -0.224946 0.565376
-0.121739 0.097695 0.586293
0.031895 -0.130928 0.407880
-0.077075 0.334214 0.761867
-0.228204 0.059075 1.070784
-0.106691 0.296059 0.854463
0.458593 -0.160342 0.656830
-0.135729 0.092983 0.512099
0.167986 0.357946 0.517113
-0.146262 0.077295 1.122113
-0.455833 -0.236165 0.767072
0.053464 -0.085572 0.425331
-0.329301 0.166115 1.154412
-0.216489 0.093564 0.658906
-0.390625 0.154407 0.189599
-0.238155 0.028408 0.855871
0.057863 -0.173970 0.671519
-0.167462 0.258166 0.936689
-0.289304 -0.353468 0.739685
0.108842 0.439314 1.257615
-0.182251 0.101614 0.603690
-0.078743 0.043757 0.838697
0.201805 -0.370173 0.619560
-0.114129 0.115867 0.438780
-0.066431 0.121318 0.612975
-0.094581 0.321882 0.870329
-0.001748 -0.133540 0.589874
-0.080836 0.340115 0.902777
-0.100724 0.308113 0.716642
-0.348046 0.152069 0.689213
0.002233 0.263532 0.881145
-0.190268 0.066778 0.734944
-0.049839 0.345062 1.045964
-0.116348 0.091013 0.597517
-0.111835 0.054915 1.019819
-0.151689 0.049283 1.124386
-0.051013 0.347966 1.000161
0.067622 -0.170011 0.464103
-0.352151 0.137562 0.666101
0.017681 -0.329734 0.790931
-0.222254 0.085081 0.797295
-0.190928 0.022458 0.661976
-0.106624 0.211675 0.686235
-0.130249 0.089730 0.697393
-0.051998 0.385840 0.576832
-0.064356 0.006787 1.245164
-0.103919 0.107190 0.519018
-0.106666 0.325045 0.703900
-0.036162 -0.151365 0.584164
-0.140684 0.047937 1.286123
-0.099843 0.132208 0.315273
-0.247002 0.288872 0.341356
-0.111198 0.309166 0.828794
-0.099417 0.169398 0.303101
-0.098770 0.390567 0.873585
0.356830 0.175338 1.052881
-0.128126 0.105858 0.640526
-0.088353 0.277425 0.569024
-0.324548 0.141552 0.471399
-0.238441 0.064683 0.601808
0.026087 -0.134055 0.431056
-0.175759 0.265999 0.510716
-0.134141 0.272207 1.082496
-0.143486 0.095429 0.509215
-0.076529 0.129076 0.572925
0.038155 0.469946 0.464372
-0.254872 0.055966 0.562235
0.032129 -0.325334 0.383856
0.047971 -0.155780 0.540935
-0.125642 -0.262556 0.944872
-0.096571 0.313250 0.592374
-0.065166 -0.258388 0.619007
-0.151374 0.049252 1.299549
-0.082727 0.302321 0.668301
0.175141 -0.169702 0.701072
-0.129796 0.050173 1.292295
-0.203614 0.084330 1.175811
-0.283653 -0.052752 0.545676
0.028793 0.327409 1.248323
-0.196447 0.033124 0.708520
0.398089 0.138020 0.534133
0.202833 -0.212954 0.497341
-0.256406 0.150072 -0.310365
-0.083074 0.233643 0.822866
-0.281125 -0.308042 -0.647686
0.022420 -0.151675 0.747086
0.076449 -0.274831 0.789008
-0.162061 0.079030 0.297082
-0.180601 0.085830 0.431222
-0.083773 0.076981 0.632974
-0.136613 0.105518 0.629695
-0.085076 0.488282 1.330995
-0.127641 0.149916 0.561055
0.108556 -0.247019 0.414324
-0.081768 -0.278435 0.975935
-0.178802 0.044299 0.775698
0.195765 0.359993 1.223675
-0.086929 0.057102 0.881250
-0.076224 0.340411 0.911059
-0.103224 0.287234 0.577499
-0.140222 0.079038 0.549718
0.063808 -0.136118 0.351062
0.021301 -0.305803 0.233757
0.020132 -0.353743 0.556875
-0.260642 0.013488 0.545719
