-0.310099 -0.447562 -0.155841
0.487516 0.232098 0.128700
0.389072 0.349135 0.109950
0.061869 0.199519 -0.641787
0.447620 0.230523 0.120913
-0.210829 0.253717 -0.230333
-0.218262 -0.134840 0.473143
0.215457 -0.393756 0.447714
0.283062 0.006325 0.511275
-0.326888 0.439334 -0.209854
-0.441505 0.424812 -0.059245
0.225633 0.370630 -0.044103
0.329166 0.007489 1.178401
0.447008 0.255249 -0.085118
-0.415706 0.251641 0.346498
0.408213 0.216521 -0.215807
0.369059 0.357679 0.055468
0.296021 -0.193048 0.295351
0.221821 0.124352 0.102637
0.482404 0.180606 -0.089435
-0.287733 0.392342 -0.540789
0.446836 0.170703 0.044085
-0.445014 0.245394 0.189575
0.421028 0.209895 -0.026028
0.306864 0.046481 0.171797
-0.215590 -0.102973 0.044522
0.376766 -0.076723 0.704593
0.419217 0.237541 0.260533
0.444179 0.310953 -0.109123
0.233122 0.186227 0.661133
0.308761 0.021288 0.981942
-0.404988 0.234647 0.863672
0.351409 0.202663 -0.542207
-0.454175 -0.016981 0.262775
0.423728 0.404418 -0.247766
0.218797 0.151974 0.455235
0.267454 0.426757 -0.298000
-0.485205 0.220625 0.163635
0.300244 0.268581 0.528069
-0.282170 0.493631 -0.432270
0.410409 0.399899 0.177995
0.391038 0.212660 -0.356691
-0.496987 0.218098 0.155795
-0.011436 0.051430 0.080059
0.382609 0.004824 0.384921
0.432744 0.248444 -0.091984
0.073452 0.159882 -0.234918
0.408464 0.184746 0.042030
0.436771 0.124035 -0.155102
0.399986 -0.173768 0.008378
0.436047 0.232474 0.307191
0.236215 0.157666 0.260964
0.326762 0.319594 -0.239678
0.403928 0.210432 -0.136839
0.355408 0.154214 -0.479490
0.269116 -0.402897 -0.508917
0.407741 0.471212 -0.443784
0.271516 0.250569 0.239364
0.381373 0.363732 0.140767
0.094773 -0.097403 -0.397616
0.346123 0.254679 0.190348
0.365330 0.199110 0.155470
0.260202 0.045023 0.775027
-0.365078 0.428733 -0.628824
0.151803 -0.020622 -0.227761
0.208281 0.317663 0.620907
0.341599 0.232083 -0.021189
0.358642 0.375962 0.210088
0.305743 0.475266 0.089172
0.352090 0.198158 -0.314329
-0.008312 -0.160979 0.224814
0.457175 0.228217 -0.014396
0.414104 0.243218 -0.217575
-0.416226 0.267077 0.338540
0.424577 0.337988 -0.164801
0.329296 -0.455905 0.527916
0.429487 0.279402 -0.358791
-0.357367 0.350588 -0.984534
-0.481666 -0.109664 -0.885803
0.436874 0.235414 0.276597
0.298506 0.036513 0.676531
0.436581 0.297675 -1.811194
0.290091 0.071021 0.343893
0.199238 0.234164 0.106977
0.358737 0.031321 0.829285
0.473417 0.240665 -0.084868
0.435125 0.138540 -0.217127
0.312047 0.210561 -0.047074
0.392675 -0.449122 -0.060065
0.472386 0.188051 0.132134
-0.151477 -0.261014 -0.316145
0.381165 0.239517 -0.128181
0.425833 -0.471676 -0.164605
0.424918 0.238797 -0.130589
-0.102081 0.257035 0.473263
0.274828 0.073084 -0.016204
0.128481 0.164776 -0.568364
0.376872 0.244806 -0.151156
-0.489884 0.217330 -0.020325
0.447338 0.242387 0.311222
0.411210 0.289362 -0.127033
0.340322 -0.011983 1.335003
-0.464244 0.241524 0.205060
-0.027009 0.310521 -0.475133
0.364639 0.224376 -0.041272
-0.448892 0.280280 0.314721
0.411977 0.239232 -0.374566
-0.443954 0.222009 0.070087
0.468494 0.277406 0.110891
0.468005 0.205459 0.086701
-0.142745 0.282439 0.738117
0.431152 0.186505 0.198639
-0.401954 0.230047 0.253615
0.044145 -0.254859 0.899992
-0.450229 0.227177 0.268537
0.105865 -0.128644 -0.586000
-0.225305 -0.193432 -0.386396
-0.344041 -0.035553 -0.110928
0.384207 -0.173417 1.124480
0.467221 0.225379 -0.005101
0.448229 -0.334532 0.506309
-0.414501 -0.079033 -0.271689
-0.224692 -0.165282 -0.132588
0.377576 -0.034548 0.553637
-0.318525 0.287814 0.719823
0.494899 0.243594 -0.003855
0.380610 0.127883 -0.279579
-0.490443 0.258274 -0.060035
0.462987 0.175556 -0.056214
0.262158 0.126264 -0.129600
0.411676 0.231981 -0.515762
0.448568 0.190442 -0.217290
-0.488207 0.302387 -1.146196
0.206358 -0.010674 -0.034172
0.410348 0.362218 -0.114533
0.299416 -0.419750 0.242281
-0.480950 0.262730 0.097169
-0.002182 -0.164151 -0.168131
-0.396584 0.444258 -0.832869
0.374581 0.279360 -0.242288
0.299827 0.230582 0.094523
-0.431124 0.349223 -1.716027
-0.368286 -0.206493 -1.401792
0.061182 0.167798 -0.084946
-0.186394 0.074321 -0.397638
-0.239981 0.461909 0.905054
-0.490167 0.268492 -0.027816
-0.499116 0.248332 0.403040
0.418072 0.466939 -0.434343
0.462145 0.236463 0.110122
0.377675 0.252337 -0.105702
-0.467261 0.246702 0.138543
0.221429 0.090395 -0.158231
-0.477745 0.228063 0.188201
-0.081362 -0.370843 -0.257169
0.337653 0.119729 -0.041156
0.044581 -0.264332 -0.252331
0.277654 0.220697 -0.048879
0.399999 0.354506 0.133208
0.434016 0.228348 0.022735
-0.348874 0.056719 0.146957
0.411467 0.215142 0.004926
0.383871 0.199757 -0.255574
-0.309569 -0.469554 -0.289875
0.346391 0.220542 -0.197817
-0.337100 0.346031 -1.018228
-0.172197 -0.194414 -0.232153
0.285116 0.410513 -0.208092
-0.049455 0.058482 -0.380460
0.051646 0.185064 -0.472346
0.195658 0.185571 0.719368
-0.498105 0.219336 0.258083
0.052293 -0.269293 -0.316986
0.386714 0.374120 0.016691
-0.305563 -0.275289 -1.027594
0.468303 0.234252 0.039492
0.066177 0.137481 -0.659246
0.383513 0.207364 -0.540841
-0.094743 0.236583 0.488489
0.454280 0.210227 -0.014081
0.403982 -0.062127 0.625703
0.008689 0.057185 0.182449
0.300332 -0.434215 0.114339
0.352942 0.370749 -0.066321
-0.483089 -0.220359 0.353691
0.400195 0.200623 0.108263
0.381750 -0.001601 0.658823
0.166063 -0.416247 0.068268
0.403630 0.253382 -0.368216
0.453896 0.234368 -0.164849
-0.425858 0.392777 -0.013475
0.387220 0.275055 -0.260621
-0.499930 0.200157 0.130075
0.188903 -0.492682 0.191902
-0.467143 -0.218331 0.563928
-0.397409 -0.000736 -0.672579
-0.498590 0.258731 -0.296052
-0.490704 0.205371 0.059185
0.314660 0.246030 0.103012
-0.393803 0.245847 0.274904
0.294489 0.132714 0.020797
-0.342112 -0.184483 -0.958506
-0.458236 0.237911 0.110917
0.480551 0.245294 -0.077341
0.332336 0.015166 0.927288
-0.241822 -0.011654 -0.804874
-0.386311 0.246128 0.453269
0.476590 0.049669 0.836812
0.430406 0.253833 0.119209
0.350974 0.205925 0.092227
0.439302 0.353019 -0.194238
0.391444 0.005735 0.184591
0.424421 0.307601 -0.091773
0.386063 0.172854 -0.196744
-0.242856 0.435337 1.089508
-0.479424 0.226064 -0.059891
0.486112 0.222360 0.192545
0.472764 0.202305 -0.028700
-0.456373 -0.249601 -0.051546
-0.029481 0.449481 0.453877
-0.417091 0.245797 0.010593
0.490877 0.179944 0.063658
0.423782 0.260475 -0.194457
0.060032 0.179584 -0.437172
-0.450231 0.012865 0.010197
0.436421 0.171122 0.231201
0.272575 0.248749 0.218175
0.476190 0.271753 -0.176929
0.380566 0.219718 -0.105639
-0.477696 0.208406 0.105662
0.296892 -0.498981 -0.155423
0.467257 0.237795 -0.143346
-0.091062 -0.304948 0.372264
-0.222020 0.006386 -0.584830
0.189343 0.078695 -0.261413
0.138396 -0.081020 -0.124891
-0.341746 0.049252 0.012875
0.376546 0.232839 -0.106032
0.187217 0.203721 -0.120165
-0.041763 -0.056911 0.571488
-0.426639 0.233428 0.315700
0.457102 0.416935 0.265623
-0.468809 0.057236 -0.146169
0.383849 0.388261 -0.154182
-0.467058 0.245253 0.311296
-0.457778 0.227257 0.309773
0.162722 0.344792 -0.428304
0.450995 0.267359 -0.158133
-0.358356 -0.450685 -0.645963
-0.455198 0.255099 0.130043
0.238650 0.136762 0.186798
-0.460204 0.228914 0.000514
0.465962 0.331078 0.077632
-0.102392 0.202459 0.217009
0.348930 0.235158 0.210279
-0.490568 0.199735 0.080776
-0.491262 0.215756 0.005042
0.463163 0.230500 0.138112
-0.003381 0.154765 0.758792
0.496522 0.248697 0.173542
-0.486403 0.270401 -0.148397
0.316958 0.031823 -0.035749
0.416520 0.349176 -0.130680
-0.496222 0.232604 0.245101
0.329781 0.069356 -0.090208
0.225811 0.493458 -1.230952
-0.132187 -0.390176 0.517590
0.305433 0.228183 0.053141
0.398388 0.278358 -0.504960
0.117514 0.139357 -1.006455
-0.335897 0.029030 -0.196867
0.387088 0.245318 -0.256967
0.014234 -0.136288 0.110675
0.496924 0.210408 -0.095734
0.405152 0.345763 0.034522
0.175479 0.179035 0.661627
-0.371926 0.365859 -0.892132
0.333693 0.471139 0.205661
0.413703 0.334913 0.386948
-0.327434 0.061785 -0.145569
0.451498 0.295038 -0.052684
-0.352198 0.051313 0.080091
0.200715 -0.123172 0.618222
-0.494531 0.234402 0.179988
0.282390 0.409914 0.271111
0.454735 0.199818 0.222459
0.481447 0.257224 0.115654
0.315555 -0.437397 0.075509
-0.428017 -0.191225 -0.668509
-0.499029 -0.179540 0.290208
-0.163949 0.350448 0.539074
0.409857 0.386017 -0.230840
-0.291983 0.415591 0.698290
-0.475999 0.231417 0.100875
-0.230789 -0.224479 -0.640535
0.325051 0.254238 -0.081331
0.314479 0.223435 -0.051297
0.402939 0.130762 -0.236302
0.409363 0.215242 -0.027776
0.313937 0.195796 0.032220
0.213471 0.328292 -0.893597
0.014724 0.134672 -0.696355
-0.276736 0.420724 -1.356231
-0.467781 0.243043 0.031056
0.058182 -0.242297 0.917686
-0.311724 0.444467 0.018598
0.135314 0.383734 -0.367193
0.027064 -0.224341 0.044560
0.366764 0.226476 -0.237707
0.468353 0.248637 -0.090803
0.173332 0.219916 0.784387
0.334979 0.038127 0.743916
0.169664 -0.441609 -0.151374
0.442277 0.268032 0.226217
0.418940 0.393774 -0.079209
-0.207612 0.476781 -0.067127
-0.113524 -0.407801 0.049278
0.351283 0.228657 -0.030468
0.065944 -0.122366 -0.165755
0.329003 0.347876 -0.616009
0.499242 0.215682 0.078016
-0.093404 0.223292 0.254331
-0.460417 0.241665 0.088999
0.375364 0.208076 -0.235573
-0.186628 0.119510 -1.412054
0.006371 -0.311501 -0.255333
-0.028546 0.098420 0.283129
0.430162 0.315992 -0.173182
-0.405575 0.260234 0.052508
-0.321283 0.343308 -0.888886
0.287441 0.126787 0.648830
0.274120 0.019080 0.551723
0.176781 0.194185 -0.101095
0.178929 -0.100036 0.696727
0.453127 0.354233 -0.043624
-0.456129 -0.077186 -0.046377
0.448093 0.342541 -0.175619
0.254060 0.270024 -0.777334
0.332829 0.258225 -0.080676
0.365381 -0.007449 1.001738
0.245459 0.043750 -0.345546
0.208597 -0.457014 0.097984
0.337337 0.126967 0.021587
0.371310 0.277292 -0.141775
0.484899 0.227350 -0.008977
-0.009035 -0.129003 0.179585
-0.494208 0.250321 0.165502
0.352538 0.273029 0.065793
0.499221 0.227570 0.163173
0.463965 0.181255 0.290439
0.044588 -0.238001 -0.928760
0.323133 0.336013 -0.171366
0.440610 0.246231 -0.309676
0.374983 0.279010 -0.254500
0.449864 -0.194681 -1.369529
-0.154304 0.163900 -0.101162
-0.139341 0.262138 1.073235
-0.323622 0.411489 -0.547524
-0.249591 0.448638 -0.170760
0.372697 0.359607 -0.042160
-0.080553 0.202656 0.324349
-0.346963 0.236539 0.483864
0.384810 -0.051078 0.553627
-0.012321 0.167648 -0.812877
0.497497 0.223613 0.165490
0.450158 0.167125 0.105461
0.304024 0.039378 0.553961
0.345684 0.232907 0.162224
0.450706 0.278801 -0.038259
0.324023 0.214162 -0.212269
0.279372 0.324382 -0.211019
0.154724 0.234902 0.135530
0.307745 0.143800 -0.205882
-0.176622 -0.185303 -0.428045
-0.375729 0.189068 0.456714
0.400595 0.183841 -0.025147
0.393191 0.281067 -0.534012
-0.497827 0.199615 0.376263
-0.241473 -0.089199 -0.307204
-0.312430 -0.388834 0.023871
0.286518 0.286131 -0.583426
-0.473391 0.236618 0.180926
-0.466487 0.261102 -0.022095
0.286619 -0.459449 -0.131896
-0.223844 0.074292 -0.639842
0.223857 -0.495136 0.110451
0.130085 0.122764 -0.264329
-0.131859 0.237463 0.038691
0.467462 0.277943 -0.036765
0.346118 0.390465 0.152888
0.070674 -0.137550 -0.389527
0.135498 -0.442735 -0.171368
0.481256 0.228747 -0.017901
-0.465626 0.252858 0.289728
0.354761 0.161453 -0.601365
0.064919 0.172423 -0.638876
0.260245 0.303142 0.010504
0.226136 0.148516 0.263822
-0.476906 0.210472 -0.017475
0.426942 0.308912 0.019452
