0.376287 0.233664 0.059331
-0.083284 -0.060516 -0.147956
0.122869 -0.053102 -0.388911
0.454246 -0.106011 1.135543
0.236026 0.361439 0.406170
0.480213 -0.051764 0.705333
0.305609 0.089870 -0.285723
0.381075 0.211404 0.035165
-0.476731 0.274367 -0.819259
0.212475 0.184263 -0.012359
-0.017837 -0.479176 -0.224835
0.239940 0.163510 0.344828
-0.109682 -0.290224 0.079115
0.272695 0.248290 0.219681
-0.088193 0.261699 0.588053
-0.320590 -0.218389 -0.760768
-0.007106 -0.307202 0.008478
0.438956 0.228004 -0.147988
0.335368 -0.190727 -0.225360
0.206990 0.187096 -0.066713
0.313294 0.186515 0.214015
0.252364 0.194536 0.013594
0.071254 0.122994 -0.885105
0.044186 -0.096834 0.295733
-0.101024 -0.169805 0.119182
0.100584 -0.095175 0.037246
-0.476800 0.363246 -1.256916
0.199131 0.154866 0.083059
0.495062 -0.241813 -1.910375
0.422037 0.230723 0.062301
-0.334436 0.430463 -0.561361
0.362391 0.257868 -0.037856
0.032177 -0.376226 -0.113282
0.242608 0.070322 -0.017843
0.016420 -0.479904 0.006868
-0.250523 -0.472069 -0.887473
0.468174 0.268209 -0.170903
0.298532 0.340020 0.445017
-0.329191 0.337862 -0.380663
0.329985 0.204045 -0.227238
-0.193935 -0.400087 -0.633495
0.137289 0.165415 0.071508
0.276646 0.348787 0.530583
-0.437355 0.307423 -0.155903
0.035269 0.401804 0.097359
0.034981 0.316326 -0.079979
0.285423 0.230114 0.041137
-0.183777 -0.340560 -0.181121
-0.260293 -0.171768 -0.530289
0.477993 0.209547 0.158236
0.218271 -0.010878 -0.253243
0.268361 0.180530 0.393458
0.013509 0.394174 -0.274762
-0.007439 -0.310211 0.143615
-0.066846 -0.044951 0.706127
0.306597 0.162083 -0.088857
-0.121294 -0.198744 0.357120
0.074811 -0.118990 0.068599
0.320868 0.215468 -0.092222
0.458583 0.329318 -1.045965
-0.244923 -0.150116 -0.637442
-0.372430 -0.168474 -1.009427
-0.375936 0.408258 0.189049
0.355940 0.255988 -0.330475
0.295711 -0.345579 0.413649
0.373238 0.256541 -0.109502
-0.036566 0.306538 0.120665
-0.462709 -0.414291 -1.026496
0.206655 -0.051397 0.119529
-0.410931 0.435492 -0.807786
0.241906 -0.295046 0.585286
0.278913 0.270381 0.113888
0.149205 0.036247 -0.147099
0.341252 0.267324 -0.065079
-0.030986 -0.262921 0.079630
-0.056465 0.006325 0.065614
0.125413 0.009526 0.324128
0.345732 0.174340 0.175195
0.336593 -0.364497 0.680172
0.160768 0.004895 0.257221
-0.035278 -0.349619 0.047015
0.023637 -0.375309 0.131361
-0.028427 0.035598 0.092621
0.386813 0.211165 0.016920
0.386699 0.197410 0.363726
0.140459 0.106256 -0.616838
0.203257 0.182462 0.048428
-0.226371 -0.149855 0.684923
-0.022347 -0.490966 0.332684
0.303999 0.256899 0.032304
0.433704 -0.199483 0.124895
0.072692 0.114149 0.690467
0.164229 0.099990 0.021922
0.176454 0.176075 0.098160
0.317613 0.232658 0.109358
0.358251 -0.222836 -0.262970
0.305041 0.241975 0.259458
0.017436 -0.324154 -0.467020
0.305974 0.286295 0.100182
0.245764 0.243111 0.307751
0.195493 0.222660 0.109879
0.105760 0.002363 0.681690
0.350222 0.228238 0.291207
-0.033370 -0.275475 0.091155
0.331212 0.261504 0.250808
0.311118 0.227914 -0.102434
0.155527 0.084360 -0.198976
0.362412 0.241449 0.281718
0.304146 0.198169 -0.096601
0.289300 0.328471 0.652913
0.433243 0.237856 0.005170
0.231486 0.194603 0.154740
0.345124 0.236394 0.127446
0.390192 0.202506 -0.071496
0.317566 0.240098 0.029758
-0.053479 -0.284747 0.080961
0.199991 -0.045263 0.172590
0.013653 0.457126 -0.041891
0.499096 -0.010130 0.587131
0.053055 -0.232898 -0.177251
-0.440680 0.306171 -0.070583
-0.006123 -0.359764 0.085082
0.383731 0.238084 0.071799
-0.131353 -0.302556 0.195336
0.365572 0.208212 0.100162
-0.369568 -0.403669 -0.476463
0.074460 -0.068993 0.226342
0.285328 0.358344 0.499451
0.298266 0.193631 0.052083
-0.366621 -0.274922 -0.511015
-0.301292 -0.206071 -1.214479
0.243869 0.391540 0.702742
-0.309951 0.263875 -0.147977
-0.148187 -0.099138 0.346457
0.223809 0.197564 -0.064855
0.278849 0.244663 -0.389499
0.284286 0.194342 -0.340424
0.243989 0.216250 -0.031214
0.276085 0.233753 0.004978
0.439421 0.244640 0.012939
-0.101269 -0.305194 -0.036092
0.202122 0.396453 0.305927
-0.086870 -0.313655 -0.185372
-0.460718 0.371023 -0.468388
-0.432554 0.276615 -0.503338
-0.229932 -0.073912 -0.674595
0.318348 0.204353 0.058286
0.309027 0.252389 -0.070179
0.010078 0.361262 0.120935
0.267301 0.072845 0.064800
0.119582 0.051429 0.732368
0.332692 0.236684 0.047923
-0.384368 0.194472 0.019618
0.347454 0.243303 0.211034
0.402651 0.220968 -0.279384
-0.031426 -0.191396 -0.196901
0.367302 0.213958 0.230596
0.418783 -0.246890 -0.037629
0.032802 -0.326779 -0.109616
0.224011 0.209110 -0.063589
0.378037 0.251625 0.121381
0.046066 0.121304 0.530188
0.110634 0.078792 0.147341
0.184676 0.413369 0.970015
0.024509 -0.425325 -0.100240
0.243149 0.371128 -0.420098
0.411661 0.248704 0.033298
0.458625 0.341781 0.070629
0.310642 0.182302 0.192854
0.324698 -0.150071 0.680287
0.014179 0.224102 0.627715
0.203059 0.427602 -0.080788
0.282986 0.231582 0.023959
0.016222 -0.373133 -0.151685
-0.472731 0.008740 0.571084
0.289135 0.333793 0.463284
0.370304 0.227806 0.203592
0.171551 -0.053041 0.092444
0.330901 0.251301 -0.016334
0.253780 0.190082 0.147871
-0.235725 -0.166377 -0.292168
0.451669 0.244897 0.598558
-0.477852 0.311707 -0.492310
-0.026061 -0.317678 -0.119712
-0.402875 0.354042 -0.191876
0.026702 -0.293636 -0.382378
0.472378 -0.385751 -0.367849
-0.112957 -0.322999 0.178427
0.283707 0.235533 -0.150979
0.229802 0.199271 -0.088684
-0.097877 0.204096 0.248967
-0.441937 0.491108 1.389928
0.339042 0.242091 -0.018760
0.063288 0.126851 0.569038
-0.420992 0.111777 0.141536
0.348129 -0.011050 -0.273231
0.322395 0.220640 0.072631
0.331223 0.183217 0.066906
-0.123635 -0.179309 0.580183
0.325631 0.221211 0.127448
-0.238573 -0.436539 -0.305732
-0.466465 0.268114 0.035631
0.344912 0.226019 0.161093
0.276152 0.249701 0.155168
-0.460395 0.318374 -0.116872
0.145798 0.099461 -0.552113
0.308015 0.210510 0.124377
0.166908 0.172030 -0.063931
0.251416 0.369694 0.609220
0.060326 -0.420834 -0.047081
0.217391 0.394595 0.748765
0.091870 0.041871 0.164652
0.024829 -0.438240 0.240007
-0.321753 -0.192691 -0.761896
0.406600 0.238414 -0.192008
0.320062 0.232369 -0.020166
0.320825 0.236956 0.307984
0.310864 0.183499 0.107914
-0.478248 -0.385123 -0.255891
0.291922 0.222776 0.039992
0.368041 0.206060 0.017403
0.301500 0.238486 0.066319
0.301825 0.192358 0.248208
0.465021 0.289991 0.219559
0.273063 0.154447 0.312472
0.254758 -0.076289 0.238141
-0.349954 0.356084 0.049812
0.276273 0.338762 0.251602
0.014982 0.089750 0.275999
0.227761 -0.377017 0.031977
0.408111 0.321485 -1.242587
0.229399 0.201630 -0.013732
0.411918 0.219958 0.170913
0.004021 -0.300680 0.172754
0.037962 0.103176 0.253687
0.495297 0.292845 0.562448
0.331444 0.185761 0.147493
0.194639 0.174492 -0.116876
-0.018526 0.460078 0.338497
0.195586 -0.407988 -0.201168
0.362674 0.237496 0.045821
0.274251 0.201801 -0.105202
0.304651 0.232725 -0.070455
-0.046718 -0.465762 0.036809
0.175753 0.471145 -0.135972
0.355785 0.234623 0.360461
0.350209 0.227007 0.474647
0.287145 0.200394 -0.410830
0.275823 0.331129 0.495662
0.361850 0.234304 0.125597
0.360632 -0.402212 0.514570
0.353575 0.188614 -0.066947
0.188413 0.180029 -0.055555
0.356274 0.236604 -0.104242
-0.005008 0.195645 0.596501
0.313799 0.196034 0.277903
0.317662 0.239936 0.094218
0.273526 -0.071856 0.242150
-0.129235 -0.362946 -0.353359
0.325865 0.149827 -0.190275
0.304336 0.150895 0.247082
-0.411737 -0.191533 -1.630357
0.243854 0.198702 -0.160319
0.063295 0.136680 -0.769077
-0.400923 0.184663 0.050456
-0.042119 0.271108 0.569750
0.414032 -0.163440 0.628074
-0.062165 -0.266525 -0.181213
0.033276 0.442609 0.085864
0.397490 0.239915 -0.046458
0.317169 0.241232 -0.275550
0.102905 -0.074277 0.145894
0.398204 0.005818 0.659561
0.343737 0.242578 0.125989
-0.299100 -0.305165 -0.468898
0.143987 0.054657 0.240295
0.353017 0.240823 0.302208
-0.043973 -0.382311 0.333224
0.017957 -0.381476 -0.132063
0.036374 -0.142935 0.082649
0.285062 0.238074 0.091284
0.359511 0.230315 0.279421
-0.361105 0.431839 0.392128
0.129075 0.190184 -0.263945
-0.459937 0.194574 0.501662
0.423797 -0.306743 0.083494
0.329268 0.235070 0.032078
-0.091499 -0.417955 -0.063849
-0.046593 0.323423 0.785722
-0.400980 0.279095 -0.407801
0.217076 0.348986 0.527982
0.186249 0.411041 0.452919
0.366209 0.188380 -0.238119
0.305491 0.260872 0.024577
0.040145 -0.368069 -0.128816
-0.145437 -0.182779 -0.117284
-0.252669 -0.189310 -0.605417
0.017771 0.033226 -0.172208
-0.282582 -0.029919 -0.081885
-0.497715 0.279124 -0.804130
-0.287763 -0.458367 -0.526103
0.176791 0.146261 -0.107333
0.174001 0.160465 -0.151613
0.334078 0.191208 -0.079952
0.407519 -0.301681 0.018202
0.388843 0.210364 0.010047
0.022607 -0.325439 0.265566
0.363063 0.189357 -0.184468
0.003755 -0.289662 0.010187
0.267197 0.064062 0.046496
-0.012720 0.428751 -0.242876
-0.083789 -0.446506 0.215528
0.233850 0.207002 0.207768
0.270873 0.324331 0.195520
-0.013072 -0.360765 0.028377
0.388992 0.262430 -0.106947
0.361405 0.180665 0.027487
-0.187076 -0.078102 -0.194016
0.191491 0.174620 -0.095246
0.025198 -0.297012 -0.457208
0.307503 0.264881 0.169110
0.326746 0.235622 0.144110
0.361444 0.242955 0.164176
-0.156560 -0.200002 0.017258
0.131301 0.000573 0.304614
0.229969 -0.054540 0.188178
-0.126736 0.339470 0.829875
-0.001498 -0.330029 0.442317
0.380350 0.211137 0.195439
0.356472 0.201767 -0.046123
-0.059344 -0.284949 0.177655
-0.034625 -0.275245 0.195978
0.249192 -0.010240 0.288706
0.253317 0.315885 0.036763
0.246914 -0.015210 -0.072507
-0.033260 0.469024 0.409979
-0.002251 0.198387 1.004083
-0.468000 -0.210486 0.131882
-0.077095 -0.296596 0.005041
-0.142314 0.483463 0.278785
-0.173003 -0.287325 -0.159351
0.291025 0.231636 -0.029885
0.005782 -0.316662 0.094292
0.153302 0.420017 0.475082
0.260978 0.349407 0.551284
0.341824 0.238366 0.042905
0.341728 0.108430 -0.319428
0.194739 0.208103 -0.392952
0.331085 0.190176 0.179734
0.244170 0.341251 0.807371
0.344576 0.240698 0.024500
-0.038812 0.290312 -0.106690
0.238481 -0.021246 0.137421
-0.036669 0.188070 0.819482
0.324540 0.231317 0.131643
0.374057 0.254126 0.109734
0.414657 0.250031 -0.057031
0.126432 -0.045599 -0.141631
0.155801 -0.031996 0.524758
0.389155 0.262015 0.132020
0.369004 0.238947 0.034330
0.386980 -0.137768 -0.258842
-0.246883 -0.142373 0.322820
0.165482 0.155648 0.157577
0.308850 0.234886 -0.035787
0.271697 0.230804 0.207882
-0.210083 -0.143504 0.133889
-0.165299 0.256818 -0.047921
0.282722 0.096322 -0.125471
-0.096620 -0.292333 -0.161242
-0.276918 -0.465584 -0.772873
0.234299 0.423185 0.095255
-0.216944 -0.488706 -0.577693
-0.437301 0.166759 0.137304
0.318044 0.241873 0.066486
0.210085 0.236494 0.078245
0.142254 0.183259 -0.293934
0.262832 0.226693 0.155653
0.235099 0.193023 0.475579
0.399726 0.224733 -0.097259
0.395210 -0.078211 -0.014726
0.330324 0.214564 -0.036357
0.356152 0.225889 0.158732
-0.368536 0.315090 -0.102721
0.075006 0.059066 0.754590
-0.045231 -0.308803 0.215402
0.382965 0.220437 0.127400
0.390505 0.244786 0.255638
0.322900 0.178508 0.096782
-0.485051 0.439658 -0.142586
0.184177 0.024448 0.099660
0.375652 0.243039 0.088898
0.287834 0.233952 0.124121
0.249536 0.346283 0.648453
-0.332397 0.256426 -0.404387
0.378794 0.239843 0.040364
0.415985 0.239515 -0.096060
0.027357 -0.046984 0.523736
0.317610 0.218698 0.255698
0.195735 0.193732 0.055675
