0.311258 0.376515 1.245314
-0.110770 0.148587 -0.126073
-0.126959 0.241018 0.389973
-0.161337 0.168604 0.100525
-0.148417 0.196754 -0.113127
-0.204345 0.111367 -0.142926
-0.204814 0.146846 -0.054571
-0.170482 0.102974 0.322680
-0.159542 0.143111 -0.033798
-0.174388 0.125424 -0.389367
-0.241856 0.249487 0.259570
-0.199238 0.163054 0.006419
-0.106668 0.214718 0.212326
0.136011 0.303281 0.516993
-0.329271 0.259964 -0.031615
-0.180675 0.134637 -0.247738
0.385464 -0.039688 0.256913
0.040361 -0.376670 0.437780
0.247963 -0.120052 -0.041688
-0.353122 0.086457 0.211755
0.067650 -0.382265 1.324359
-0.438563 -0.320657 -0.181020
-0.326452 0.039288 -0.366688
-0.338678 -0.104582 -0.250325
-0.170031 0.139552 -0.195994
-0.213091 0.303619 0.350556
-0.176713 -0.126566 0.247555
-0.140645 0.207909 -0.104087
-0.272311 0.476167 -0.731804
-0.175595 0.183858 -0.089555
-0.154350 0.168715 -0.202760
-0.215189 -0.150008 0.262433
0.082661 -0.184421 -0.616203
-0.253176 -0.021204 0.396184
-0.142638 0.237821 0.217481
-0.193496 0.097967 -0.189612
-0.174086 0.161358 -0.012681
-0.246885 -0.088828 0.323114
-0.191504 0.367980 -0.021217
-0.242913 0.368612 -0.560509
0.429649 -0.329219 1.174269
-0.164786 0.231138 -0.018344
-0.150470 0.190436 -0.150621
-0.199189 0.107015 -0.440276
-0.128383 0.160920 -0.011558
-0.179288 0.154895 -0.135148
-0.320585 -0.227275 0.446265
-0.218101 -0.131665 0.657547
-0.256960 0.212788 -0.119744
-0.226995 0.133930 -0.412078
-0.167857 0.200306 -0.022207
-0.150149 0.245750 0.393610
-0.194527 0.133834 -0.379738
-0.206176 0.492613 -0.302510
-0.186559 0.089663 -0.248579
-0.146982 0.275104 0.286003
-0.236358 -0.312340 -0.050134
-0.159475 0.169411 0.098741
-0.247577 0.247760 0.273224
0.406060 0.085069 0.571521
-0.361473 0.063575 -0.224454
-0.194658 0.152983 0.025014
-0.335599 -0.455243 -0.346118
-0.199352 -0.150632 0.171159
0.189263 0.293458 0.578810
-0.170477 0.170477 -0.052720
-0.168940 0.386481 0.084554
0.282709 -0.299564 0.393691
-0.202620 0.116775 -0.201681
0.419407 -0.350689 -0.436003
-0.388398 0.090804 0.094841
0.234698 0.029729 0.983748
-0.154622 0.146778 -0.062214
-0.249907 0.067054 0.347643
0.042154 -0.291815 0.291277
-0.137731 0.158186 0.111218
-0.189418 -0.413956 0.366219
-0.212684 0.085214 -0.543463
-0.238605 -0.040895 0.474659
-0.150751 0.157186 0.043484
-0.313418 0.268320 0.489801
-0.150726 -0.288741 0.405624
0.229611 0.146249 0.497982
-0.246095 0.077819 0.185553
-0.131853 0.223111 0.184030
0.256664 -0.291941 -0.193652
-0.178132 0.184203 -0.031094
-0.329482 0.028188 1.063804
-0.225106 0.100652 -0.445888
-0.155674 0.149692 0.106046
-0.211283 0.085199 -0.396836
-0.257288 0.010308 0.600256
-0.208840 -0.206632 0.045441
-0.144309 0.259600 0.298283
-0.194340 0.092373 -0.121607
-0.137027 0.244515 -0.047359
-0.204680 0.103411 0.255542
0.466238 -0.469142 -0.280713
-0.454306 -0.491911 0.414104
-0.101366 0.212523 0.456311
-0.167030 0.262849 0.111006
-0.116862 0.248138 0.154086
-0.235511 0.083835 -0.009233
-0.190085 0.017670 -0.118672
-0.356487 0.106840 0.146700
-0.110659 0.282473 0.266062
-0.141319 0.386062 -0.489441
-0.082674 0.283558 0.021938
-0.157672 0.246337 0.022506
-0.137359 0.247229 0.104056
-0.214618 -0.104475 0.714255
-0.106114 0.246665 0.186619
0.102021 -0.339833 -0.027502
-0.188647 0.233265 0.086946
0.295608 0.450704 0.787866
-0.213168 0.128801 -0.292147
0.360269 -0.459645 -1.218916
-0.247261 -0.344220 -0.012556
0.083098 0.379940 0.347176
-0.235642 -0.094926 0.233110
-0.419048 -0.004473 0.292087
0.273467 0.158712 0.656723
-0.277853 -0.025425 0.314749
-0.300993 0.064988 0.045713
-0.248564 -0.230672 -0.224683
-0.209044 -0.213292 -0.226859
-0.315646 -0.381180 0.284384
-0.179832 0.158098 0.064098
-0.208990 0.007000 0.449597
-0.128766 0.181101 0.057601
-0.106734 0.287995 0.037338
0.232216 0.173344 0.601289
-0.227876 -0.118340 0.540397
0.172663 0.167406 0.780117
0.023992 0.360929 -0.187296
-0.049131 0.193892 -0.384205
-0.391526 0.407606 0.619690
-0.219503 0.136863 -0.439393
-0.216008 0.116436 -0.159206
-0.167718 0.144595 0.026694
-0.116222 0.259797 0.384381
-0.451321 -0.369490 0.055334
-0.271003 0.258480 0.610332
-0.192551 0.091962 -0.050838
-0.205391 0.163490 0.290436
-0.284854 0.281542 0.288505
-0.283408 -0.324926 0.225995
0.205167 -0.254787 -0.093029
-0.118870 0.207902 -0.138664
0.138218 -0.190870 0.503394
-0.212039 0.472866 -0.386778
-0.234285 -0.181099 0.124237
-0.114616 0.223927 -0.026743
0.474136 -0.440767 -0.179735
-0.261604 0.104930 -0.213169
-0.225658 0.098320 0.062403
0.326906 0.118602 0.001442
-0.193520 0.234838 0.246301
-0.123212 0.244402 0.437801
-0.273711 0.089841 0.221087
-0.293788 0.197731 -0.363305
-0.159096 0.167718 -0.135805
-0.182812 0.284696 0.566908
-0.230675 0.084036 -0.096805
-0.248121 -0.382672 -0.093603
-0.243921 0.027958 0.288450
-0.224336 0.231327 0.211635
-0.257942 -0.016486 0.662008
-0.163722 -0.101661 0.338253
0.169557 0.407032 -0.730772
-0.123963 0.217154 0.088518
-0.205058 0.254868 0.168865
-0.264857 0.104490 0.062912
-0.131824 0.156104 -0.065320
-0.212687 0.249415 0.406280
0.451397 0.475967 0.217452
-0.167460 -0.097725 0.665806
-0.167130 0.167223 -0.081860
-0.228673 0.095392 -0.065629
-0.449888 0.146784 0.478272
0.358421 0.121791 0.528174
-0.178408 0.243751 0.378328
-0.166639 0.133835 -0.276887
0.153127 0.197794 1.135360
-0.040618 0.238900 0.181545
-0.338678 0.341222 0.590898
-0.120908 0.226059 0.112690
-0.176908 0.133890 -0.119001
-0.144364 0.189091 -0.211533
-0.128067 0.213615 0.023161
-0.023779 0.253863 -0.199989
-0.170482 0.269037 0.179541
-0.241115 0.083678 0.119897
-0.127121 0.083570 0.160508
0.289599 -0.151795 -0.315371
-0.206538 0.016663 0.263402
-0.408521 0.455005 0.432728
-0.009962 -0.037381 0.463742
-0.169674 0.142544 -0.271802
-0.222907 0.075377 0.162350
-0.216106 0.073958 0.043551
-0.198483 0.105144 -0.033417
-0.193148 -0.090047 0.157334
-0.297004 -0.311614 -0.248773
-0.162290 0.106990 -0.054482
-0.193804 0.390178 -0.252413
-0.179022 0.241181 -0.007173
-0.097332 0.280381 -0.037579
-0.156937 0.231452 0.165596
-0.162509 0.201051 0.335431
0.464937 -0.399243 0.271776
0.300389 0.221945 -0.098919
0.334275 0.020485 0.840647
-0.123915 0.158303 0.072250
-0.224056 0.182965 0.276700
-0.111461 0.224274 -0.160340
0.126078 -0.346239 -0.487801
-0.251389 -0.006429 0.425139
-0.226385 0.285724 -0.102679
-0.200522 0.289172 0.269499
-0.192574 0.113562 -0.007143
-0.078674 0.249231 0.055778
-0.155060 0.212602 0.132371
-0.195179 0.120530 -0.180182
0.302609 -0.410309 0.226230
0.475599 -0.450303 -0.159621
-0.425815 0.109614 0.082020
-0.083286 0.195187 0.219089
-0.280955 0.102209 -0.208967
0.245380 0.020927 0.413124
-0.141740 0.198431 0.171349
-0.340793 -0.424200 -0.346957
-0.083042 0.296527 0.233534
-0.219777 0.085500 -0.147886
-0.204458 0.141295 -0.167820
-0.161896 -0.269662 0.864946
-0.202854 -0.153801 0.076092
-0.112407 0.263189 0.166807
-0.281190 -0.000161 0.724533
0.292312 -0.263506 0.500321
-0.237900 0.094206 -0.067909
0.444290 -0.452845 -0.142376
-0.282300 0.122144 -0.055217
-0.089479 0.193200 0.045393
0.179288 -0.251652 -0.278006
0.140932 0.317083 1.568769
-0.198017 0.118694 -0.142246
-0.154042 0.103970 -0.152975
0.078667 0.292971 0.805735
-0.325627 0.144432 -0.254731
-0.150091 0.149822 -0.033184
-0.201155 0.464647 0.599435
-0.057515 0.233100 0.261479
-0.208694 0.108303 -0.199177
-0.368034 -0.328515 1.028727
-0.234697 -0.014624 0.373278
-0.057235 0.187700 0.136437
-0.331512 0.073756 0.521942
-0.224210 0.304307 0.626788
0.234624 -0.242480 0.773958
-0.127188 -0.499843 0.259640
-0.154562 0.245936 0.154253
0.402269 0.299605 0.254459
-0.130943 0.424235 -0.316545
-0.163307 0.168824 0.102214
-0.154339 0.165068 0.164798
-0.214472 0.276428 -0.147611
-0.243181 -0.226645 -0.415162
-0.194086 0.221773 0.030974
0.173133 -0.160700 0.262179
-0.213844 0.019382 0.243197
-0.241941 -0.229017 -0.430909
-0.189156 0.114312 0.080765
-0.171674 0.133937 -0.218282
-0.219417 0.124684 -0.618150
-0.158645 0.205086 -0.044405
-0.186778 0.086649 -0.113060
-0.282966 -0.004209 0.402439
-0.250947 0.466012 -0.831435
-0.104011 0.248067 0.344836
-0.375081 0.029706 -0.052988
-0.275747 -0.115189 0.244768
0.405650 -0.365309 0.503382
-0.083513 0.191639 0.000273
-0.165348 0.212748 0.185743
-0.071121 0.261315 -0.004496
-0.160175 -0.417000 0.410314
-0.302648 0.119625 -0.199234
-0.216000 0.112018 -0.250423
-0.276107 0.226596 -0.181439
-0.254230 0.017217 0.188005
-0.238176 -0.355036 0.232447
-0.264980 -0.341638 0.408746
0.170887 -0.337477 -0.481968
-0.221784 0.004758 0.573866
0.208844 0.393690 0.145108
-0.186203 0.151861 -0.162727
0.288977 -0.305342 0.550915
-0.131492 0.269228 0.129572
-0.210400 -0.134676 0.480856
-0.184133 0.118054 -0.043294
0.260183 -0.186621 0.149641
-0.250807 0.109595 -0.573786
0.276834 -0.176390 0.034807
-0.225436 0.139211 0.011752
0.026783 -0.214428 -1.153623
-0.165761 0.146910 0.177122
0.275785 0.017496 0.599861
0.355154 0.032064 1.092870
0.383658 -0.051683 0.513267
-0.317942 0.139903 0.367938
0.154512 -0.467000 0.712534
-0.185529 0.149466 -0.208690
-0.301702 -0.479534 -0.294467
0.423835 0.488014 -0.636571
-0.235436 0.066590 0.139468
-0.193552 0.143607 0.041686
0.209101 -0.236820 -0.542104
-0.213824 0.105571 0.042208
-0.171384 0.184113 0.174805
-0.107457 0.233368 0.137234
0.245500 -0.235442 -0.613299
-0.074461 0.263435 -0.166682
-0.155773 0.263176 0.384662
0.259250 -0.162099 0.325538
0.153336 -0.406380 -0.414961
-0.203861 0.040155 0.020448
-0.057561 -0.054921 0.358497
-0.175645 0.101410 0.543089
-0.146363 -0.047269 -0.285851
-0.241433 0.070517 0.170887
-0.189785 0.437909 0.007726
-0.133204 0.045899 0.804816
-0.291056 0.097183 0.081189
-0.444746 -0.474584 0.735271
-0.272601 -0.253405 0.028239
-0.115240 0.227411 -0.097841
-0.201487 0.115581 -0.232512
-0.187098 0.160331 0.046321
-0.129705 0.265155 0.019573
-0.218404 0.149928 -0.010104
-0.199922 0.100234 0.003040
-0.133474 0.226464 0.251291
0.143996 -0.496860 0.619733
-0.252812 0.090833 0.486510
-0.172188 0.151067 0.154398
-0.188571 0.058783 1.510920
-0.137418 0.199171 -0.177073
-0.135537 0.148677 0.184565
-0.104844 0.236629 0.134571
-0.485078 -0.057556 0.057048
-0.211812 0.268533 0.055425
-0.105646 0.169119 0.027472
-0.323904 0.450646 -0.321678
-0.091194 0.217233 0.309565
-0.193436 0.142169 -0.199092
-0.169052 0.266506 0.377647
-0.186036 0.133231 0.036687
-0.182296 0.117152 -0.057423
-0.142374 0.213074 0.212228
-0.207968 0.448645 -0.190160
0.451466 -0.455337 -0.215356
0.150520 -0.357280 -0.361383
-0.171746 0.046388 0.247219
-0.135247 0.242404 0.123516
-0.227666 0.124396 -0.443182
-0.247703 0.252639 0.440096
-0.258811 0.045837 -0.011372
-0.084048 0.290643 -0.022306
-0.184634 0.158030 -0.216419
-0.216271 0.081941 -0.126996
0.461791 -0.375449 0.499704
-0.092156 0.211933 0.383028
-0.496972 -0.104218 1.253689
-0.200203 -0.122378 0.272230
-0.286642 -0.332741 0.439776
-0.202793 -0.096918 0.413368
-0.323707 -0.316092 0.048214
-0.200246 0.112646 0.019783
-0.195766 -0.011765 0.073884
0.095637 -0.462459 0.325577
-0.274202 0.443835 -0.970478
-0.057278 0.252732 0.081594
-0.226128 0.069879 0.002101
-0.196899 0.173435 0.328253
-0.189917 0.163355 -0.192271
-0.161786 -0.098660 0.526425
-0.176993 0.188684 -0.113850
0.468639 -0.484864 0.382264
0.220543 0.133613 1.093957
-0.167766 -0.091506 0.185994
-0.202377 0.268923 0.326687
-0.198037 0.164674 0.202944
-0.243002 0.266290 0.208195
-0.165198 0.142993 0.063172
-0.214889 0.118789 -0.284440
-0.143013 0.144029 -0.122412
-0.233317 -0.368994 0.081535
-0.242253 -0.113396 0.549002
0.203525 -0.458546 0.244197
