-0.423368 -0.100801 1.996608
-0.035447 -0.449426 1.004454
-0.001260 -0.465848 0.692250
-0.231054 -0.292761 1.004264
-0.046462 -0.454779 0.797693
-0.049137 0.490292 1.107675
0.053831 0.270103 1.005764
-0.060454 0.476684 0.863060
-0.041436 0.459277 1.238302
-0.068307 0.439419 1.154679
-0.126905 0.471528 1.376174
0.114979 0.274731 1.184234
-0.027369 -0.403185 1.235367
0.026283 0.300320 1.021701
-0.216667 0.434162 1.302460
-0.074374 -0.429635 0.959245
-0.047613 0.471259 1.256989
-0.292453 -0.264506 1.235188
-0.377927 0.323935 0.799833
-0.051295 0.472062 1.127447
0.093619 0.131839 1.030402
0.207147 -0.020659 0.961980
0.075134 0.172202 0.830465
-0.088554 -0.367296 1.515349
-0.038891 -0.195569 0.661650
0.379206 -0.460953 0.943212
0.484650 -0.349199 0.298387
-0.059471 0.452539 1.277051
0.124981 0.047963 0.824441
0.036256 0.392386 0.663851
-0.022122 0.494633 0.933388
0.022526 0.269750 1.037742
0.053675 0.121280 0.547304
-0.386699 -0.063922 0.924192
-0.065081 -0.478342 0.920496
0.103809 0.230560 0.966502
-0.028775 0.476422 1.111687
-0.012273 -0.157301 1.620189
-0.240447 -0.191256 0.700466
0.081614 0.167123 0.741729
0.088223 0.116715 0.860834
-0.011855 -0.481284 0.887257
0.084183 0.124721 0.764257
-0.081140 -0.456712 1.170146
-0.027331 0.477583 0.848971
-0.135364 0.457909 1.163864
-0.372111 -0.495129 -0.651231
-0.072883 -0.301863 2.274692
-0.254371 0.018465 -0.124748
-0.031518 0.487533 0.753786
0.029420 0.334636 1.100652
0.260592 -0.165768 0.263835
0.095049 0.208379 0.642653
0.067033 0.148640 0.773467
-0.063981 -0.489639 0.694505
-0.276837 -0.439009 0.922488
0.063859 -0.335403 1.236892
0.178425 -0.270911 1.375653
0.143977 0.349298 0.490187
0.097872 0.307540 0.859528
-0.273297 0.249741 0.874691
-0.044062 0.498397 0.962238
0.080865 -0.195300 1.079556
-0.218001 -0.220585 1.230315
-0.085584 0.030081 1.103809
-0.094150 0.467330 1.018381
0.083691 0.179609 0.570428
0.138335 -0.176680 0.762033
0.235660 -0.334126 0.749399
0.445882 -0.394741 1.228457
0.215345 -0.002603 0.940309
0.403669 -0.304204 0.727257
-0.145024 0.177040 1.015261
0.063120 0.301393 0.578385
0.397165 -0.032379 1.373952
-0.013377 0.482432 1.065546
-0.000979 0.161283 1.152292
-0.112132 0.461363 1.224615
-0.397552 -0.108965 1.384362
-0.048149 0.497717 0.972222
0.060059 0.255893 0.970886
-0.194848 0.435584 0.446472
-0.059831 -0.439191 0.790709
0.291450 -0.121222 0.596140
-0.045289 -0.473962 0.902525
0.075740 0.104056 0.644360
0.088704 0.201549 0.636300
0.090347 0.104358 0.682604
0.196752 0.223775 1.231695
-0.047416 0.465077 1.037040
-0.297187 -0.177302 1.468045
-0.466547 -0.102619 1.597234
-0.379046 -0.257487 0.722605
0.011687 -0.419090 1.044354
-0.036845 0.420669 1.462930
-0.037848 -0.487192 0.999099
0.013508 -0.302480 1.887153
0.468953 0.205937 1.510415
0.056221 0.109403 0.694910
0.285755 -0.298999 1.300485
0.032729 -0.483282 1.346292
0.085191 -0.277846 1.644418
-0.064016 0.470564 0.622447
-0.032139 0.483665 1.084423
0.073650 0.250545 0.988849
0.018622 0.095513 0.575426
0.105085 0.176094 0.818978
0.363653 0.218876 0.533010
-0.105409 0.496950 1.084168
-0.037530 -0.437343 0.850089
0.092117 0.253372 0.956592
0.088598 0.287709 0.921476
0.329709 -0.341532 1.162382
0.019516 0.214378 1.143111
0.062549 0.175250 0.547512
-0.093446 -0.344307 1.131823
-0.235109 0.405979 1.525203
-0.363335 -0.088752 1.363478
0.212966 0.087328 1.496062
-0.080595 -0.170733 1.233368
-0.152329 0.436286 0.796833
0.024273 -0.241753 1.951395
-0.022988 -0.466066 0.904277
0.057119 0.218694 0.759844
0.320142 0.002313 1.087103
-0.178525 0.437438 0.156743
0.048370 -0.462491 1.556846
0.131241 0.323749 0.592403
-0.304082 -0.455780 0.873231
0.023093 -0.253682 1.738096
0.124984 0.295355 0.756918
0.026765 -0.043700 0.719533
0.069842 0.182326 0.600778
0.243824 -0.278355 1.341967
0.059875 0.123954 0.738310
-0.067417 -0.218012 1.359639
-0.379093 -0.237102 0.809350
0.048502 0.259923 0.771154
0.147084 0.319732 0.489722
-0.027123 -0.478632 0.924862
-0.011246 0.499060 0.963768
0.062606 0.090464 1.070265
0.060067 0.092218 0.988764
-0.045339 0.463826 1.209148
0.062858 0.234290 1.117205
-0.158345 -0.338856 1.384312
0.180393 -0.020696 0.634527
0.143747 -0.272596 1.062499
-0.014298 -0.475355 0.932779
-0.348461 -0.074763 0.743082
-0.489924 0.418733 0.415313
-0.002462 -0.144362 1.221511
0.236140 0.466443 1.332058
0.252780 -0.009717 1.930999
-0.431511 -0.050116 1.262134
-0.228125 -0.213807 1.186957
0.215117 -0.491270 1.163237
-0.079626 0.448542 1.152768
-0.034015 -0.159054 1.225762
-0.162893 0.491511 0.956470
-0.018713 -0.456117 1.034975
-0.035928 0.420496 1.384931
-0.009720 -0.464999 1.054273
-0.377345 0.354347 0.199556
-0.110520 -0.287631 0.788949
-0.064608 -0.445661 0.878229
0.154963 -0.305760 1.192385
0.237869 0.371546 1.132839
0.325462 -0.032515 1.159198
0.040019 0.107154 0.862272
-0.007062 -0.436948 0.733113
-0.018880 -0.455611 0.925746
-0.076471 -0.162768 0.550971
0.221977 0.297813 0.429891
-0.016603 -0.437141 0.994666
0.205594 0.006063 0.870431
-0.051183 0.471065 1.017978
0.035894 0.421236 0.945675
-0.286754 0.451483 0.914656
0.130191 0.032193 0.509378
0.105869 0.022614 0.792203
-0.013410 -0.492494 0.955678
-0.130734 0.463573 1.050957
0.054351 0.239834 1.212717
-0.374948 -0.474644 -0.292255
-0.247724 0.348412 0.445936
0.060139 0.497205 1.447774
0.108567 0.275370 1.794877
-0.156861 -0.295843 0.651273
-0.028124 -0.486194 0.876340
0.288220 -0.200104 0.429164
-0.490223 -0.230721 1.585840
-0.081723 0.388145 0.728810
0.124567 -0.132493 0.159917
0.068826 0.164630 0.595272
0.313545 -0.385877 1.376140
0.211935 -0.314834 0.952449
0.317075 -0.314239 1.010640
0.059964 0.090840 1.071956
0.078651 -0.294475 1.632483
0.095645 0.237141 1.110128
0.020193 -0.285349 1.174950
0.233097 -0.280868 1.119093
0.068373 0.235117 1.125019
-0.020996 -0.474691 0.962511
-0.027990 -0.444042 0.824674
-0.054829 -0.466840 1.038212
0.143551 0.044405 0.913449
0.071706 0.285683 0.896791
0.034878 0.089362 0.580285
-0.084962 -0.415489 1.092894
0.070974 0.307309 0.938373
0.230302 -0.105486 0.705852
0.005464 -0.312244 1.273108
0.199290 0.101013 0.763899
-0.020000 -0.422898 0.860786
-0.043591 0.498566 1.198924
-0.061296 0.402951 1.033368
0.093735 0.275652 0.958235
0.316737 -0.250650 0.122182
-0.116872 -0.221116 1.639887
0.364088 -0.337082 1.058943
0.098518 0.177240 1.005497
-0.223599 -0.224643 0.944578
-0.303615 -0.054384 0.933677
0.150428 -0.072953 0.600200
-0.008795 -0.401211 0.747344
-0.010534 -0.388391 0.822452
0.091187 0.146319 0.431176
0.382776 -0.388299 0.771947
-0.051485 -0.479110 0.932882
0.091951 0.151279 0.577430
0.009892 0.170713 0.769771
0.221077 -0.350261 1.176650
0.136797 0.314201 1.017924
-0.172919 0.394235 0.576699
0.070904 0.160622 0.614700
-0.029714 -0.460027 0.818832
0.072143 0.158955 0.926925
0.028700 0.188325 1.039773
-0.182296 0.462067 1.121995
0.061906 0.205544 0.909265
0.060413 0.211556 0.827611
-0.020130 -0.386447 0.897127
0.061783 -0.181964 1.462553
-0.371702 0.372274 0.726588
-0.076848 0.378754 0.908780
-0.052259 -0.476561 0.948018
-0.183162 0.462173 0.663202
0.273756 0.085935 0.730082
-0.042876 -0.484502 0.760674
0.245278 -0.108566 0.574810
0.410471 -0.392309 1.232149
-0.496905 0.070010 0.649243
-0.289372 -0.451347 0.952925
-0.005650 0.290761 0.559085
0.268781 -0.071695 0.858825
0.125751 0.325067 0.245959
0.382321 -0.283912 0.797998
0.201470 0.077098 0.612216
0.095038 0.190724 0.887816
-0.037649 0.438835 0.962753
0.081129 0.199348 0.670119
0.004423 0.244780 0.391939
-0.059235 -0.443636 1.099416
-0.044569 0.439981 1.146258
-0.018258 0.030811 0.069943
0.015449 0.283632 0.838530
-0.088008 0.439254 0.691252
0.024828 0.150000 1.043787
0.410504 0.182544 0.698868
0.292611 0.118685 1.737788
0.154626 0.347989 0.617541
-0.076235 0.450568 0.740648
0.061962 0.303695 1.139888
0.054148 0.168004 0.834182
0.300832 -0.410869 1.623232
0.108775 0.184056 0.653087
0.072097 0.227884 0.929440
0.063159 0.193760 0.823150
0.443115 -0.379071 1.237852
0.018105 0.072549 0.579315
-0.076966 -0.143472 0.486200
-0.467394 0.315833 1.021163
0.097897 0.285020 1.311252
-0.410315 -0.479711 -0.552956
0.060286 0.203326 0.646448
0.251472 0.045582 1.065856
0.285124 -0.251020 -0.099781
-0.089042 -0.428784 1.039487
0.077992 0.283896 0.863638
-0.363260 0.276098 0.781606
0.051472 0.128127 0.728698
0.018698 -0.069975 0.173801
0.045968 -0.276740 1.420676
0.090225 0.175552 0.742628
-0.071863 0.450339 0.856966
0.060015 0.270560 0.990205
-0.041069 -0.372994 0.890282
-0.168224 0.456746 0.984864
-0.038005 -0.465267 1.182934
0.091074 -0.438951 1.438003
-0.114103 0.367297 1.013827
0.078003 0.061616 0.657179
-0.062212 0.412723 0.984060
0.033690 -0.448998 0.972563
0.094752 0.267873 1.047903
0.058503 0.149662 0.656146
0.214988 0.487652 1.377503
0.026286 0.144110 0.637456
0.061602 0.297266 0.830884
0.052498 0.213326 0.867603
-0.074591 -0.486177 0.991043
-0.114246 -0.087402 0.988040
0.043225 0.129739 0.500379
0.195089 -0.282369 1.221088
0.099426 0.271770 1.224913
0.009716 0.182123 0.946511
-0.088701 0.431042 0.840506
-0.062645 0.458152 1.478122
-0.028109 -0.442079 0.807835
0.101094 0.173610 0.882997
-0.013535 -0.429200 0.858594
-0.021747 -0.451899 1.143523
0.074561 0.200647 0.970974
0.324379 -0.157057 1.047674
0.161668 0.493435 1.098942
-0.072445 -0.357441 1.063112
-0.062850 0.384633 0.836078
0.216664 -0.390476 1.565448
0.005779 -0.294320 1.360405
0.136512 -0.428008 1.478217
0.429039 0.103967 1.406708
0.127897 0.288628 0.951598
0.051289 0.127104 0.651722
0.237972 -0.315431 1.580899
0.077474 0.158829 0.586163
-0.027497 -0.487725 0.896987
0.243216 -0.294825 0.856015
-0.050966 -0.130307 0.645701
0.055995 0.267275 1.000609
-0.052895 0.398945 0.949412
-0.063719 -0.444273 1.296728
0.233291 -0.077958 0.952853
-0.379305 -0.181369 1.779261
-0.004054 0.384757 0.979872
0.132410 0.213663 0.962879
-0.014746 -0.492059 1.020708
-0.067995 0.495685 0.620138
0.369177 -0.412249 0.886097
0.065784 -0.149401 1.197154
-0.083308 0.420125 0.814562
-0.033577 -0.450371 0.838601
0.107590 0.072401 0.593078
0.029674 -0.327194 1.664649
-0.155277 -0.171339 1.008825
-0.028154 0.473163 1.266144
-0.043819 -0.489813 0.699675
-0.098566 -0.469283 1.200675
-0.051224 0.467122 1.261620
-0.189355 0.401630 0.954860
-0.422436 -0.229189 0.988711
-0.043458 0.207341 0.724187
0.043328 0.244035 1.054637
-0.220634 0.387839 0.987556
-0.023177 -0.448714 0.949576
-0.017131 0.323944 0.943449
0.061253 0.288301 0.830723
0.357902 -0.307687 0.840802
-0.062817 -0.125626 0.534787
-0.232736 -0.256069 1.152857
0.082661 0.234300 1.129021
0.094953 0.157057 0.713443
-0.131003 0.244883 1.110013
-0.458445 -0.079430 0.066254
-0.031802 -0.006168 0.269359
0.031723 0.463717 1.133630
0.020064 0.094686 1.191992
0.011226 -0.498876 1.048373
0.194623 -0.043909 0.536808
0.095305 0.184537 0.797077
-0.047730 0.321154 0.373139
0.080283 0.168084 0.994217
0.461175 0.149883 1.084727
0.147521 0.263088 1.465452
-0.187350 0.459797 1.142312
0.140827 -0.090856 0.454390
-0.015228 0.418429 0.946350
0.059146 0.229102 0.943161
0.407988 -0.389945 1.549345
-0.086192 -0.461386 -0.613613
0.040675 0.110181 0.962898
0.005867 -0.305273 1.898290
0.072191 -0.436388 1.241576
-0.046185 -0.446918 0.912708
0.477656 -0.127973 1.260748
0.094804 0.262903 1.003883
-0.321657 -0.426281 0.666557
0.007339 0.222631 1.203154
-0.483735 -0.200520 1.562542
