0.081604 -0.436039 -0.410102
0.442922 0.347191 -0.374302
0.449079 0.449976 -0.174147
0.335464 0.306013 -0.976883
0.411073 0.341997 -0.572988
0.117669 -0.455597 -0.152640
0.139102 0.125879 0.264994
0.299899 0.210956 -0.155074
0.365877 0.309276 -0.573536
0.206000 -0.104625 0.418636
-0.464465 0.111753 0.165891
0.298572 0.250062 -0.090109
0.475784 0.030446 -0.565381
0.403547 0.349452 -0.527079
-0.399765 -0.400149 -0.088431
0.427452 0.311529 -0.523365
-0.469934 -0.406183 -0.390224
-0.387133 -0.212173 -0.044286
0.235086 -0.189229 0.140138
-0.494867 -0.436893 -0.363175
-0.044045 0.068748 0.126007
0.420014 0.290204 -0.550421
-0.461423 0.434944 -0.223027
0.453179 0.341477 -0.829676
0.365603 0.356615 -0.614156
0.115239 -0.465784 -0.275910
0.080696 -0.444879 -0.679700
0.459707 0.345474 -0.684623
-0.465293 -0.417876 -0.159654
0.373823 -0.469591 0.080075
0.485285 -0.422530 -0.398992
-0.287455 0.270660 -0.293221
0.406291 0.305553 -0.599226
-0.149139 0.275410 -0.649328
0.401428 0.366340 -0.765136
0.292378 0.463165 -0.118513
0.324818 0.314762 -0.598327
-0.485226 0.435455 -0.534452
0.260411 0.247741 -0.007036
0.089611 -0.270795 -0.133355
-0.469989 -0.449102 -0.070821
0.365808 0.308247 -0.584039
0.463633 0.328120 -0.471222
0.108365 -0.440482 -0.647216
0.406041 -0.491890 0.276263
0.428703 0.404689 -0.046705
0.216307 0.034126 -0.203173
0.392166 0.325181 -0.566069
0.418435 0.378060 -0.339104
-0.488401 0.358906 -0.050996
0.454899 0.338538 -0.626976
0.293144 0.205436 -0.443431
0.294057 0.179983 -0.450399
-0.435215 -0.226365 -0.719966
0.333615 0.225868 -0.774087
0.433365 0.460496 -0.061585
-0.452632 0.377644 -0.560063
0.409381 0.433320 0.033276
0.354802 0.335308 -0.624787
-0.289815 0.055176 0.669538
0.410616 0.341625 -0.697673
-0.329470 0.060228 -1.003817
0.484034 0.132730 -0.113765
0.042962 -0.459923 -0.631238
0.277782 0.284454 -0.453014
0.248739 0.247006 0.028067
0.351652 0.319703 -0.795637
0.379711 0.315743 -0.694939
0.495290 -0.426766 -0.355914
0.395793 0.320703 -0.161705
0.108398 -0.426570 -0.247707
0.432303 -0.198698 0.409895
0.403905 0.308857 -0.376542
-0.398089 0.395245 -0.649758
0.404149 0.356388 -0.429946
0.380264 0.342772 -0.821842
0.406157 0.327305 -0.345579
0.266949 -0.184243 0.824372
-0.096326 -0.067770 -1.035548
0.412106 -0.163061 0.465168
-0.491071 -0.354716 -0.397228
-0.164087 0.093548 -0.065074
0.439227 0.438257 0.180495
0.238283 0.075600 0.031957
0.374728 0.358098 -0.704211
0.448640 0.377134 -0.528148
0.428491 0.328326 -0.619848
0.343283 -0.024741 -0.440322
0.498483 -0.058776 0.795164
0.495490 0.225065 -0.528117
0.278051 0.141591 -0.050570
0.424405 0.006052 0.390307
-0.478185 0.358981 -0.583130
0.392694 -0.008905 0.136826
0.158998 -0.479229 -0.542723
0.477307 -0.487076 -0.196302
0.197113 0.039609 0.161190
0.409643 0.333259 -0.455671
-0.448526 -0.474264 0.030527
0.480135 -0.466077 -0.804116
0.391810 0.332735 -0.666631
0.483908 0.424034 -0.539330
-0.458798 0.334031 -0.174747
0.163665 0.128529 0.395682
0.367251 -0.127491 0.380422
-0.456902 0.438153 -0.194911
0.414030 0.346005 -0.432105
-0.491965 0.337472 -0.221184
-0.473750 0.490104 -0.207880
0.446542 0.421655 -0.256865
0.335007 0.313350 -0.409075
0.496274 0.372263 -0.444779
0.044061 -0.447108 -0.965805
0.280743 0.242799 0.359773
-0.465468 -0.488189 -0.257605
0.243309 0.301626 -0.140417
0.321808 0.429566 0.187536
0.219487 0.153873 -0.529773
0.103499 -0.402167 -0.336641
-0.453091 -0.139012 0.146890
0.499102 0.487936 -0.087319
-0.029440 0.438514 -0.214078
0.110468 -0.168863 0.114944
0.407380 -0.033250 0.206522
0.131274 -0.493764 -0.300023
-0.471574 0.355963 -0.375577
0.394575 0.310847 -0.327742
0.150641 -0.481576 -0.250448
0.473037 0.346302 -0.765336
0.418850 0.461037 -0.089886
-0.485437 -0.374104 -0.083857
0.485351 -0.306835 0.580554
0.152974 -0.490441 -1.118669
-0.237924 0.417560 0.944477
0.461105 0.477404 -0.343794
0.343344 0.313830 -0.785683
0.482607 0.454923 -0.174307
0.210408 0.336341 0.067239
0.066549 -0.405130 -0.575723
0.379633 0.321564 -0.524009
0.253968 0.045179 -0.300234
-0.148894 0.071580 0.317653
-0.101181 -0.125104 0.055036
0.134373 -0.448135 0.028374
-0.002782 0.058472 -0.328548
0.109494 -0.449589 -0.530852
0.467224 0.330357 -0.569300
-0.221599 -0.034780 0.179607
0.439981 0.416551 0.130996
-0.492933 0.361091 -0.441437
0.375273 0.311165 -0.456820
-0.473945 0.490648 -0.112601
0.399253 0.461504 -0.111630
-0.480905 0.413693 -0.401048
0.078639 -0.456578 -0.362175
0.314373 0.303223 -0.490510
0.276014 0.163724 -0.289488
0.366914 -0.438058 0.156705
0.472302 0.444967 -0.288982
-0.435111 0.084024 -1.316566
0.099552 -0.459278 -0.326606
0.407270 0.314244 -0.750905
0.391769 0.316322 -0.391518
-0.227089 0.416484 0.345095
0.374546 0.327997 -0.529825
0.474905 0.085578 -0.295764
0.128425 -0.450576 -0.681892
0.339854 0.365792 -0.300404
0.365437 0.304057 -0.614374
0.122312 -0.464116 -0.183961
0.331386 -0.072298 -0.637068
-0.465645 -0.406959 -0.151963
0.117960 -0.441849 -0.332582
0.392540 0.318379 -0.697910
0.085611 -0.454404 -0.571774
0.402466 0.319722 -0.257719
0.325021 0.302366 -0.697530
0.365315 0.356040 -0.622939
0.022035 0.043957 -0.378638
0.481523 0.342994 -0.637612
-0.445170 -0.410230 -0.133309
0.370393 0.415656 -0.433239
0.391599 0.341983 -0.372612
-0.256308 -0.061690 0.017808
-0.147881 0.257175 -0.395572
0.387400 -0.155700 0.865472
-0.481614 -0.411389 -0.269603
0.218480 0.252576 0.118437
-0.234434 -0.108377 -0.111474
0.489260 0.336014 -0.676689
-0.158276 0.171627 -0.686620
0.395594 0.369158 -0.397445
-0.480462 -0.448933 -0.501704
0.322747 0.275124 -0.383357
0.200331 0.291506 -0.556999
-0.197496 0.171460 -0.520736
-0.486560 -0.469802 -0.350950
0.481006 0.437611 -0.342576
0.332893 0.319243 -0.983053
0.045473 0.301012 0.871266
-0.008352 -0.495399 0.358240
0.113019 -0.440182 -0.358989
-0.450404 0.339078 -0.277893
0.438883 0.339224 -0.411732
0.318094 0.218849 -0.280537
-0.141884 0.078108 -0.099220
0.173574 0.113514 -0.753376
-0.180521 0.262474 -0.214938
0.436730 0.334033 -0.610852
0.366983 0.296783 -0.452648
0.489559 0.428517 -0.523662
-0.197661 -0.268847 0.374614
0.391461 0.333168 -0.705277
-0.229443 0.040878 0.101916
0.363223 0.246599 -0.636523
0.462611 0.352684 -0.341391
0.491907 0.441689 -0.630030
0.474242 -0.480719 -0.538558
-0.148167 0.317685 0.437086
0.342112 -0.433816 0.214699
-0.434080 0.435194 0.044405
0.425900 0.336288 -0.459995
0.425606 0.315045 -0.341094
0.294916 0.315810 -0.850728
-0.395331 -0.461924 0.027993
0.455670 -0.183476 0.229974
0.267501 0.202443 -0.505725
0.475720 0.434536 -0.316036
0.410456 0.320876 -0.454039
-0.449677 -0.495092 -0.229414
0.429368 0.454113 0.021351
-0.448693 -0.469628 -0.106478
0.101118 -0.468904 -0.043890
0.178209 -0.421016 -0.529235
0.198383 0.055790 -0.413368
0.215811 0.177171 -0.589872
0.069132 -0.173962 0.151965
0.410030 0.353671 -0.460567
0.248912 -0.353320 -0.652087
0.176083 0.107881 0.576666
-0.174463 0.105300 -0.210351
0.436679 0.416362 -0.205491
0.166257 0.051339 -0.404817
0.438817 0.425978 -0.487586
-0.483774 0.450787 -0.467716
-0.433965 -0.475621 -0.032595
0.324114 0.309165 -0.604503
0.418635 0.362803 -0.711811
-0.011832 0.148623 -0.187018
-0.303263 0.036386 1.522218
0.219512 0.097542 -0.388894
-0.164507 -0.130747 -0.574036
-0.479232 -0.458282 -0.361967
0.123329 -0.308563 0.233322
0.442089 -0.283923 0.339919
-0.436392 -0.420760 -0.280466
-0.470575 -0.409953 -0.075871
0.436697 0.373736 -0.493203
0.094041 0.246978 1.293489
-0.493733 0.374737 -0.248880
0.478140 0.389186 -0.366394
0.438013 0.441695 -0.329563
-0.303127 0.483854 -0.156031
0.450434 0.406390 -0.206465
0.392941 -0.020770 -0.201905
0.365002 0.347358 -0.452175
-0.136557 -0.029661 0.108186
0.393982 -0.140501 -0.310389
0.191364 0.066983 -0.350166
0.355085 0.321510 -0.896547
-0.162258 -0.001313 0.167104
0.379680 0.013028 -0.341666
0.120520 0.458485 0.105018
0.430408 0.344739 -0.302314
-0.187403 -0.265653 -0.494722
0.292791 0.301617 -0.981834
0.116789 -0.414935 -0.356980
0.491412 -0.352310 -0.196971
-0.332955 -0.067519 0.642921
0.239932 0.224399 0.020791
0.414148 0.321673 -0.723409
-0.189980 0.165048 -0.480391
0.441138 -0.279344 -0.150920
0.445668 0.240886 0.660137
0.247226 0.427984 0.140895
-0.420982 -0.222050 0.961055
0.422091 0.357237 -0.437454
0.426365 0.444585 -0.200196
-0.017296 0.081205 -0.316740
-0.300844 -0.190868 0.194897
-0.134195 -0.046469 -0.114592
0.438675 -0.481953 -0.635859
0.323719 -0.397668 0.110099
-0.486131 0.335559 -0.579917
-0.158038 -0.286727 0.150777
0.400460 0.413961 0.014176
0.360893 0.330462 -0.647372
0.395545 0.347036 -0.793557
0.427821 -0.204699 0.377179
-0.361729 0.002175 0.617287
0.349338 0.336814 -0.646187
0.187703 0.090839 0.223580
-0.220634 0.171541 -0.371264
-0.450476 0.426233 0.053081
0.249698 0.052139 -0.072270
-0.233321 -0.198119 -0.412809
0.288439 0.221259 -0.193580
-0.168913 0.178072 -0.479331
0.339671 0.056290 0.138886
0.412341 0.365833 -0.426516
0.237463 0.288588 -0.249902
0.361393 0.286051 -0.306097
0.320341 0.194666 -0.310460
0.438753 0.327895 -0.491574
-0.164046 -0.163654 -0.623477
0.203296 0.317754 -0.474630
0.238864 0.313666 -0.284594
0.384256 0.377918 -0.460116
0.131560 -0.423745 -0.400727
0.352475 0.305334 -0.613667
-0.498416 -0.313151 -0.070923
0.198512 0.179659 -0.617413
-0.481955 0.499817 -0.326274
0.394630 0.359305 -0.316826
0.271960 0.244840 0.154494
0.208859 -0.398746 -1.080932
0.130911 -0.454740 -0.226696
0.390010 0.323079 -0.454696
-0.430649 0.129719 0.727290
0.317547 -0.453237 -0.052515
-0.015666 -0.269965 0.803215
0.384390 0.353727 -0.567018
0.249255 0.024617 -0.324372
0.280042 -0.260044 -0.260908
0.419465 0.339058 -0.269917
-0.181333 0.378534 -0.005138
0.460902 0.438632 -0.408226
0.294841 0.160011 -0.333201
0.283373 0.180014 -0.465999
0.382223 0.020622 -0.332746
0.355186 0.326975 -0.538125
0.383065 0.307030 -0.489804
0.374311 0.310296 -0.772954
0.393375 0.334058 -0.508493
-0.464500 0.359415 -0.275798
0.298797 -0.405780 0.054324
-0.121972 -0.217361 0.309763
0.400770 0.295253 -0.491516
0.459180 0.357083 -0.671376
-0.469641 0.462001 -0.275771
0.103205 -0.460499 -0.123328
-0.027595 0.112325 0.036138
0.425959 0.380407 -0.411108
0.474461 -0.275281 0.144646
0.125641 -0.470770 -0.352748
0.299113 -0.211352 0.671111
0.381332 0.291429 -0.390816
0.091065 -0.463315 -0.368115
0.027952 0.418127 -0.627495
0.407191 0.388926 -0.123817
0.127854 -0.465636 -0.274554
-0.218224 0.180243 -0.273956
-0.244421 0.065986 0.301899
0.355371 -0.116963 -0.032791
0.465946 0.429756 -0.271027
-0.450626 0.305605 -0.900013
0.411612 -0.459475 -0.150302
0.391994 0.334642 -0.693620
-0.475918 -0.387747 -0.349210
0.390993 0.363354 -0.409799
0.236665 0.054970 -0.454326
0.221338 0.150407 -0.315481
-0.478833 -0.392850 -0.347830
-0.422838 -0.183785 -0.255805
-0.198654 -0.475465 -0.352616
0.375806 0.317442 -0.750980
0.479285 -0.363552 0.138669
0.275679 -0.306399 -0.365902
0.183575 0.118753 -0.572452
-0.179497 -0.219860 -0.171272
0.311779 0.319835 -0.841396
-0.438916 0.426192 0.308055
-0.455960 0.450614 -0.143573
0.366903 0.324735 -0.549950
0.186172 0.318145 0.665594
0.312164 0.309934 -0.472101
0.407951 0.348627 -0.563604
0.377739 -0.497598 0.040527
-0.197999 0.153855 0.277283
-0.062826 0.070553 0.119286
0.326668 0.301581 -0.679750
0.310819 0.321121 -0.394996
-0.411544 0.398192 -0.081238
-0.401694 -0.057209 0.284552
0.393817 0.307613 -0.591378
0.226739 -0.310360 -0.112174
0.342821 -0.061272 0.634076
0.296160 0.492979 0.054287
-0.459291 0.453993 -0.078843
0.474749 0.343057 -0.647259
