-0.028741 -0.483993 0.180619
0.362754 0.266241 -0.281103
-0.363331 0.015681 0.081487
-0.068012 -0.466068 0.557827
-0.405766 0.157720 -0.559116
-0.002129 0.432722 0.159268
-0.293937 -0.452085 1.687315
-0.032617 0.190279 0.232521
0.060775 -0.485105 0.062484
-0.263447 -0.409897 -0.292161
-0.469155 -0.230544 0.632062
-0.276641 -0.208047 0.221482
0.062422 -0.339546 -0.383677
-0.416169 -0.138708 0.393085
0.080975 -0.055167 -0.123294
-0.084923 0.115832 0.427490
-0.432331 0.422462 -0.267098
0.019400 -0.489642 -0.145224
-0.355160 -0.347911 0.827606
-0.265747 -0.264681 0.565662
-0.152912 -0.263002 0.394647
-0.179678 -0.300732 0.482630
-0.346920 0.395540 0.369941
0.216505 0.001292 -0.416253
0.044730 -0.302460 -0.315313
-0.457053 -0.457761 0.400272
0.002049 0.471491 0.274421
-0.255357 0.358559 0.117867
-0.282917 -0.047998 0.051621
0.024885 0.438232 -0.145285
0.102149 -0.404418 0.065598
-0.078320 0.164835 0.316794
-0.361684 -0.051488 0.097868
-0.262210 -0.079769 0.019354
-0.238897 -0.403167 -0.550320
0.178703 -0.442382 0.469567
0.055388 -0.498161 -0.356927
-0.178577 0.464579 0.301752
0.065494 -0.294489 -0.225702
-0.085385 0.277684 0.225063
0.247510 0.013695 -0.487845
-0.369429 -0.384643 -0.020712
-0.204458 -0.273390 0.215429
0.089560 -0.057747 0.221008
-0.382083 -0.468517 -0.249219
-0.361316 0.406462 -0.240036
-0.169524 -0.306553 0.213477
0.033671 -0.466035 0.182325
0.001576 0.267117 0.623937
0.044438 0.497462 0.084059
-0.408576 -0.156076 0.235046
-0.266133 -0.143745 0.998197
-0.495216 -0.225338 0.959233
-0.445792 0.153319 0.025265
-0.070998 0.460566 -0.041551
-0.080548 0.170309 0.228432
0.070523 -0.295766 -0.290563
-0.334279 0.442005 0.134519
-0.135514 -0.263345 0.208683
-0.106555 -0.245303 0.361432
-0.132250 -0.281601 0.237445
-0.199020 -0.226712 0.361478
-0.164945 -0.228052 0.788348
-0.046026 -0.450348 0.345532
-0.310858 0.430949 0.112287
-0.002155 0.386559 -0.152385
0.467654 0.420701 0.504660
-0.068793 -0.004243 0.815914
-0.229680 0.023410 0.049348
-0.122914 -0.244260 0.104847
-0.031134 0.195548 0.153885
-0.213270 -0.314273 0.230334
-0.340201 0.165471 0.138297
-0.115458 -0.227084 0.597515
-0.425849 -0.422729 -0.403367
0.426857 -0.448697 -0.354091
-0.494040 0.410706 0.440154
-0.180013 -0.316917 0.148943
-0.386245 -0.317478 -0.145035
-0.378007 -0.407533 0.279141
-0.492654 -0.163007 0.316997
-0.408918 -0.368623 0.281767
0.443385 -0.201956 0.370149
-0.013286 0.453957 -0.027576
-0.038050 0.025425 -0.412005
-0.456458 -0.249437 0.459576
-0.198970 0.435327 0.595492
-0.150846 -0.255669 0.205847
-0.460570 -0.338045 0.289168
-0.179894 -0.231571 0.498496
-0.234079 -0.406137 0.394434
-0.390363 -0.352720 0.296740
-0.297815 0.456213 -0.223176
-0.376407 0.264968 0.172674
-0.234835 0.423097 0.515660
-0.381168 -0.389394 0.049069
-0.137175 -0.271196 0.089252
-0.430333 0.058240 0.171579
-0.228976 -0.232014 0.165031
-0.360653 -0.227913 0.261142
-0.388145 0.490743 -0.466905
0.467244 -0.240955 -0.040774
-0.123111 -0.278495 0.118785
0.153672 -0.381278 0.024486
-0.190720 -0.131901 0.687851
-0.191859 -0.220096 0.425722
-0.309741 0.347638 0.291428
-0.033409 -0.456912 0.053497
-0.203522 -0.212969 0.379100
-0.211424 -0.221229 0.133637
0.030434 0.471343 0.361384
-0.246930 -0.386914 0.527166
-0.048313 0.194221 -0.032815
-0.126004 -0.212112 0.359086
-0.120507 -0.285056 0.618730
0.497251 -0.227578 0.147404
-0.415821 0.447447 0.248625
-0.407005 -0.401160 0.022134
0.025491 0.453722 -0.120039
-0.391322 -0.024894 0.250625
-0.234879 -0.304870 0.087048
-0.439671 0.006337 -0.215233
-0.112749 -0.218935 0.484446
0.391320 -0.015326 -0.418532
-0.050499 0.152266 0.060698
0.081760 -0.416783 0.158453
-0.420753 0.381926 0.095749
-0.219954 -0.060179 0.792286
-0.169468 -0.279773 0.366272
-0.385973 -0.263750 -0.280462
-0.096150 0.118837 -0.062944
-0.381835 0.232490 -0.130991
-0.133037 -0.360077 0.542189
-0.183067 0.192143 2.042904
-0.264041 -0.046160 -0.490394
-0.165319 0.437865 0.590079
-0.283733 0.169060 0.476814
-0.279888 -0.395209 0.679414
-0.215802 -0.221766 0.285074
0.018294 -0.496507 -0.019400
0.365336 -0.463503 0.872587
-0.477724 0.399947 1.291748
0.465364 -0.228599 0.389656
-0.012966 -0.491192 -0.071010
-0.053748 0.097696 0.820135
-0.059860 -0.428333 0.159264
-0.135404 -0.302765 0.515760
-0.154084 -0.273263 0.001924
-0.406658 -0.335983 0.082406
-0.165645 0.308300 0.332378
-0.417993 -0.337465 0.039311
-0.138149 -0.227482 0.267867
-0.135475 -0.294016 0.443835
-0.139056 -0.217325 0.189417
-0.025166 0.419633 -0.108603
-0.471511 -0.152140 0.967561
-0.026992 -0.447052 0.345052
0.445457 -0.189906 0.075291
-0.405647 0.105807 0.058489
-0.291787 -0.224214 0.113364
-0.039918 -0.390896 0.658753
0.481464 -0.230568 0.374988
-0.491042 -0.392331 0.212745
0.200831 -0.205581 -1.015586
-0.389568 0.486932 0.067692
-0.319463 0.355071 0.623384
-0.029817 0.288475 -0.181477
-0.213321 -0.229643 0.103586
-0.151817 -0.246378 0.256290
-0.343774 -0.193358 0.186646
-0.454469 0.402665 0.118087
-0.321666 -0.008475 0.650536
-0.140477 0.334887 0.476006
-0.496748 -0.486771 0.525406
0.028212 0.499224 -0.045815
-0.191872 -0.420788 0.643291
-0.046645 -0.448015 0.189329
-0.356822 0.276982 0.146577
-0.109911 -0.255498 0.242214
-0.190132 0.467571 0.429691
0.084568 -0.395102 0.158764
-0.112988 -0.240176 0.194465
-0.030718 0.491463 0.086742
-0.445232 0.471902 -0.140125
0.067943 -0.393790 -0.127246
0.456374 -0.467561 0.713289
-0.150247 0.176402 0.598893
0.226151 -0.149832 -0.395239
-0.099373 0.230100 0.220703
-0.248534 0.378760 0.058647
-0.339920 -0.336410 0.038134
0.357634 -0.088307 0.851179
-0.117352 -0.278970 0.480098
0.450267 -0.227433 0.028693
-0.163486 -0.460159 0.291303
-0.427527 -0.169760 0.465649
-0.140123 -0.268703 0.277866
-0.155569 -0.217988 0.440457
0.455180 0.094248 0.475792
-0.129244 -0.311168 0.371956
0.207885 0.357243 0.426793
0.062842 -0.469016 0.026665
-0.122508 -0.228490 0.275284
-0.157519 0.295697 0.494294
-0.122222 -0.221678 0.483683
-0.328982 0.187220 0.268790
-0.159722 -0.223005 0.441773
-0.427708 -0.154977 0.934753
-0.329243 0.014022 0.105447
-0.405362 -0.070310 0.152299
-0.266989 -0.032494 -0.521440
-0.403215 0.069334 -0.064906
0.428546 0.306464 -0.031338
-0.238769 -0.220182 0.287802
0.023603 0.476748 0.120222
-0.068372 0.395443 -0.232201
-0.408357 -0.115288 0.089883
-0.138128 -0.330408 0.555608
-0.141088 -0.245349 0.359738
-0.197845 -0.218899 0.444925
-0.044930 -0.428947 0.378236
-0.140451 -0.367829 0.466062
-0.159206 -0.278756 0.392387
0.056114 -0.475807 0.026820
-0.195877 -0.274489 0.192488
-0.241164 -0.255868 0.082347
-0.152973 -0.344021 0.234112
-0.235244 0.071822 0.136343
-0.453365 -0.303578 0.478697
-0.242064 -0.246919 0.123568
-0.182312 -0.236167 0.215733
-0.210891 -0.291500 0.062761
-0.010789 -0.421508 -0.104028
0.212671 -0.245660 0.990067
0.389898 -0.040404 -0.004238
-0.110276 0.002848 0.841082
-0.052989 0.284584 0.050781
-0.472836 -0.059091 0.646886
0.428662 0.161301 0.513770
-0.311253 -0.097726 -0.730691
-0.122597 -0.237240 0.263758
-0.205114 -0.258649 0.297690
-0.151070 -0.306734 -0.014562
0.493011 -0.032808 0.755860
-0.419303 0.066859 -0.228908
-0.159169 -0.227796 0.541780
-0.112800 -0.255129 0.419903
-0.181738 -0.262215 0.248964
-0.194311 -0.459654 0.393823
-0.093752 -0.306353 0.816350
-0.262691 -0.395783 0.835634
-0.042162 0.320961 -0.265665
-0.318374 0.416696 -0.959477
-0.143335 -0.327151 0.736133
-0.033731 0.459137 0.355717
-0.188150 -0.255502 0.230832
-0.104082 0.182082 0.678382
-0.208211 0.096736 0.524376
-0.073879 -0.285949 0.402467
-0.062074 0.117102 0.021525
-0.164002 -0.262461 0.390229
-0.062869 -0.220930 0.881237
-0.242977 -0.238876 0.129679
0.412031 -0.090698 0.158750
0.104892 -0.419908 -0.040756
0.006233 0.341733 0.705053
-0.251972 -0.276575 0.344718
0.438377 0.221046 -0.521764
-0.409907 0.493377 -0.259274
0.006835 0.485749 -0.066357
-0.158207 -0.228676 0.199649
-0.426445 -0.151440 0.473382
-0.084754 -0.436714 0.513183
-0.118824 -0.219336 0.198888
0.057557 -0.215653 -0.025215
-0.405642 -0.417004 -0.402938
-0.038657 0.459703 -0.276906
-0.446217 -0.128551 0.341373
-0.421803 -0.494790 0.041644
0.227858 0.054374 -0.447498
-0.179966 -0.250311 0.152276
-0.034012 0.416530 -0.184773
-0.126695 -0.160853 0.546197
-0.373636 0.495783 -0.291062
0.068014 -0.354901 0.264983
-0.467068 -0.130803 1.404897
-0.155460 -0.259288 0.184870
-0.045711 -0.306589 0.088844
0.192261 -0.227785 1.251157
-0.296332 -0.257893 0.240362
-0.349350 -0.188971 -0.097494
-0.418840 0.010455 0.043486
-0.109474 -0.236683 0.281353
-0.153007 -0.225815 0.323014
-0.396504 -0.461889 -0.395477
0.287762 -0.127651 -0.354332
-0.186330 -0.219643 0.303948
-0.423069 -0.352029 0.502193
0.064958 -0.451764 0.112579
0.083854 -0.458848 0.193920
-0.049934 0.182948 -0.290075
-0.260894 -0.006982 -0.102930
-0.370801 -0.355650 0.158704
-0.152149 -0.231637 0.607095
-0.104379 -0.237587 0.275671
-0.001608 0.470453 -0.301250
-0.431813 -0.008236 0.325035
-0.031546 0.492363 -0.097726
-0.409974 -0.146584 1.082620
-0.280856 -0.263213 0.437483
0.436532 -0.125828 0.615366
0.383185 0.166957 0.257610
-0.324465 -0.187541 0.512542
-0.218847 -0.459113 0.198818
-0.495802 0.457708 -0.052613
-0.008022 0.415549 0.323414
-0.105765 -0.217410 0.498478
-0.365761 -0.070524 0.993310
-0.270737 -0.249609 0.268283
-0.444377 -0.160024 -0.393732
-0.137062 -0.262865 0.076502
-0.144672 -0.270708 0.024682
-0.037481 -0.459326 0.171266
-0.275084 -0.412933 -0.512189
-0.377266 -0.425998 0.008167
-0.235353 0.026655 -0.032567
-0.212978 -0.424669 0.295275
-0.388735 -0.417987 0.089384
-0.013825 0.484956 -0.243623
-0.033532 0.432189 0.105768
0.046184 -0.359690 -0.825890
0.248878 -0.458607 0.273463
-0.179861 -0.210589 0.230133
-0.232955 -0.334765 0.095038
-0.409385 0.087682 -0.103774
0.454929 0.114834 0.503850
0.474523 -0.209557 0.551816
-0.130052 0.193027 0.902998
0.448886 -0.280769 -0.380317
0.039033 -0.385015 -0.039334
-0.069859 -0.440174 0.135654
-0.165875 -0.335381 0.418910
-0.411426 -0.002333 0.195858
-0.424703 0.005674 0.085999
-0.192958 -0.269279 0.160661
-0.132841 -0.231175 0.061488
-0.058183 0.435965 0.345926
-0.326222 0.162720 0.357396
-0.217451 -0.207637 -0.086682
0.443972 0.471041 0.540020
-0.075676 -0.450230 0.292839
0.305765 0.150410 0.823676
-0.237882 -0.001069 -0.123847
-0.033353 0.428665 0.025828
-0.182543 -0.220836 0.182343
-0.024438 -0.494393 -0.085586
0.015186 -0.442201 0.394294
-0.341948 0.010802 -0.091063
-0.027274 -0.147148 1.090982
0.003182 -0.496284 0.324137
-0.040063 0.457587 -0.259325
-0.403127 -0.157376 0.042546
0.050597 -0.402424 0.213593
-0.329220 0.390411 0.375008
-0.121792 0.298729 0.088044
-0.221144 -0.186862 0.307421
-0.068197 -0.251489 0.650103
-0.254917 0.411849 0.483407
-0.244744 -0.247537 0.406927
0.279163 0.008088 -0.428352
0.232174 0.480141 0.793370
-0.258523 -0.152541 -0.309660
0.251555 -0.169883 -0.499283
-0.132132 -0.238753 0.268499
-0.146365 -0.252875 0.516007
-0.259377 -0.455324 -0.117672
-0.394259 -0.185112 0.593996
-0.212199 -0.277616 0.200678
-0.316034 -0.237345 0.495274
0.005341 0.453760 0.183580
-0.219737 -0.233972 0.455576
-0.147159 -0.229259 0.132265
-0.119019 -0.258755 0.423561
0.036351 -0.162662 0.798042
0.460576 -0.189945 0.140545
-0.495669 0.424739 0.511980
-0.018802 -0.442744 0.447866
-0.005115 0.491821 -0.022264
-0.126375 0.400049 0.488774
-0.017050 -0.245416 0.277964
-0.316275 0.184884 0.236362
-0.007023 0.483314 0.019751
-0.184234 -0.350638 0.365058
-0.349435 0.286152 0.513418
-0.374059 -0.200936 0.264328
-0.018452 0.491650 -0.149755
0.021869 0.464622 0.288039
0.024505 0.304641 0.583880
-0.162905 -0.265848 0.640474
-0.251598 0.062088 0.024578
