-0.060406 0.283035 0.276546
0.200015 0.175038 0.293201
0.196698 0.194217 0.433034
0.182244 0.165059 0.547192
0.191976 0.161931 0.017747
0.179882 -0.115823 0.558824
0.181961 -0.053306 0.400837
0.219888 -0.041745 0.605695
0.285233 -0.065684 0.385768
0.239117 -0.060539 0.415472
0.180990 -0.012772 0.577831
0.218823 -0.095809 0.517951
0.238146 0.207027 0.557632
0.439304 -0.358423 -0.030048
0.109633 -0.177528 0.516661
0.164703 0.166247 0.471514
-0.038263 -0.003121 -0.662140
-0.166559 0.102409 1.147738
-0.343070 -0.202358 0.309201
0.081346 -0.008932 0.307060
-0.197584 0.061622 1.145128
0.102037 -0.201413 0.453212
0.106297 -0.209077 0.566923
0.194899 0.492260 0.913924
0.209092 -0.017015 0.705596
0.188814 -0.030054 0.457113
-0.179530 0.261970 -0.336771
0.257377 -0.015708 0.744294
0.086295 -0.212339 0.389055
0.211965 -0.035904 0.544842
0.239942 -0.043187 0.607356
0.125740 -0.144035 0.681234
-0.489492 -0.068484 0.728029
0.126738 -0.133180 0.540483
0.281613 -0.059684 0.459334
0.184472 -0.017143 0.326157
0.158843 0.140076 0.592523
0.105703 -0.151957 0.356057
0.218983 0.323358 0.506958
0.063685 -0.186605 0.384913
-0.121696 0.191876 0.421718
0.167589 0.194109 -0.127520
0.120796 -0.148753 0.273684
0.153920 0.204937 0.155513
0.289816 -0.038866 0.958182
0.223403 -0.052605 0.383821
0.228267 0.299733 0.890857
0.148054 -0.084525 0.455840
0.151274 -0.052927 0.432270
0.106179 0.121982 -0.306950
0.262733 -0.089769 0.706555
0.318859 -0.083830 1.117983
0.261283 -0.145494 0.751568
0.083162 -0.215504 0.454265
0.184007 -0.018447 0.566920
0.192786 0.228208 0.408926
0.089718 -0.181617 0.856966
0.237835 -0.037843 0.688993
0.204903 -0.041536 0.605027
-0.170588 -0.072123 -0.649007
-0.045231 0.428693 0.281741
0.139028 0.159025 0.113123
0.061121 0.017854 0.743525
0.119975 -0.108154 0.532938
-0.419204 -0.119421 0.054609
0.238893 -0.036190 0.528895
0.287277 0.416264 1.446932
-0.142704 -0.006456 0.645292
0.289776 0.312951 0.968626
-0.430689 0.003778 0.838143
0.060374 -0.080624 0.869846
-0.146193 -0.488173 0.645083
0.123342 0.327628 0.258730
0.174179 -0.033163 0.561987
0.473270 0.351588 0.645867
0.249567 -0.031382 0.341746
0.197988 0.368389 0.929173
0.182305 -0.118796 0.333463
-0.494610 -0.461998 0.668446
0.147723 0.172476 0.182177
0.151108 -0.049860 0.574688
0.403588 0.317854 0.042970
-0.143381 0.102436 0.916186
0.152535 -0.126408 0.458797
0.204961 0.187223 0.456669
0.046046 -0.288480 0.540293
0.002540 -0.143800 0.839268
-0.073273 -0.314631 -1.327836
0.211501 -0.112072 0.523925
0.224540 -0.023960 0.715528
0.159000 -0.002857 0.585081
0.139162 -0.124896 0.438111
0.103005 -0.085279 0.882948
0.221308 0.237099 0.627730
0.189302 -0.086671 0.405398
0.193533 0.179446 0.244178
0.161911 -0.039340 0.817088
0.046586 0.057761 0.382983
0.045420 -0.213587 1.128459
0.256019 0.246113 0.614951
0.200155 0.212507 0.208627
0.214322 0.191964 0.449543
0.141413 -0.027332 0.667370
0.167329 0.132948 0.326386
0.152629 -0.073597 0.892407
0.229733 0.228470 0.390045
0.101456 -0.126655 0.721457
0.441328 0.005348 1.169014
0.248980 -0.029762 0.555314
0.184490 0.195233 0.503401
0.121011 -0.113651 0.129226
-0.434637 0.287600 -0.350529
0.248986 0.253874 0.511611
0.155963 -0.478687 0.733026
-0.170039 0.073033 1.281339
0.153367 -0.030138 0.516405
-0.356013 -0.133624 -0.200910
0.368105 0.419022 0.440109
-0.466245 0.256037 -0.123048
0.121381 -0.170969 0.813961
0.102840 -0.194599 0.189050
-0.360357 -0.103594 0.156371
-0.053881 0.371875 -0.128098
0.100094 -0.078703 0.958816
0.113194 -0.088157 0.427410
0.124853 -0.144967 0.521585
0.233695 0.220510 0.220212
0.223256 -0.048756 0.516533
0.169658 -0.102428 0.495181
0.192843 0.160615 0.256419
0.131672 -0.390496 0.681588
-0.193543 0.482424 -0.094128
0.122135 -0.130711 0.251650
-0.290042 -0.137199 0.055117
-0.366154 -0.191043 0.771481
0.251271 0.247943 0.619515
0.043944 0.167003 0.284785
0.175326 -0.053596 0.567605
0.415437 -0.149137 0.360854
0.140219 0.189398 -0.038849
0.203574 0.190292 0.579388
-0.190491 -0.262933 0.013326
0.031580 0.425718 -0.253220
0.199677 -0.043998 0.445148
0.164757 -0.036121 0.697045
0.158688 -0.049732 0.653242
0.118598 -0.116974 0.529920
0.032046 0.457132 0.447257
0.184487 0.222989 0.254848
0.470903 0.226620 0.323636
0.205502 0.301032 0.323400
0.172947 -0.114197 0.447942
0.184791 0.183830 0.364264
0.073393 -0.070548 0.323841
0.090042 -0.208516 0.332560
0.153145 -0.061682 0.437311
-0.420405 0.249382 0.254907
0.224595 -0.063427 0.747862
0.216716 0.226079 0.427084
0.128173 -0.064840 0.652721
-0.161028 0.453526 0.324331
0.250986 -0.041337 0.425521
0.194211 0.221037 0.478646
0.123650 0.125435 -0.239732
0.117856 -0.166176 0.440236
0.111856 0.060179 0.002467
0.174323 -0.045105 0.438302
0.350811 -0.283458 0.149989
0.162406 -0.097850 0.200211
-0.494564 0.114613 0.494849
0.302820 -0.040355 0.381557
0.192209 0.228161 0.363789
0.147798 -0.128537 0.395267
0.284327 -0.070773 0.610520
0.181207 0.230337 0.475857
0.109926 -0.167331 0.287148
0.162212 -0.149180 0.824390
0.211878 -0.076878 0.362986
0.365223 0.468142 0.420436
-0.336448 -0.121359 -0.193846
0.020960 -0.458550 1.025094
0.187986 0.177834 0.212281
0.218586 -0.077333 0.495734
0.464953 0.395812 0.246288
0.365036 0.231906 0.671933
0.090398 0.060880 0.377545
0.199160 0.191690 0.442346
0.222749 -0.077681 0.517627
0.264756 -0.042825 0.434720
0.192219 0.170584 0.341131
0.321850 0.178874 -0.080342
0.256255 -0.042555 0.688533
0.149828 -0.068289 0.462405
-0.045959 -0.329786 1.837574
-0.380707 -0.153739 0.085569
0.157364 -0.110627 0.476707
0.014279 0.169356 0.462207
-0.091119 0.316477 0.300779
0.150200 0.207536 0.239987
0.180864 -0.134985 0.565540
0.181180 -0.026431 0.598613
0.183107 -0.061166 0.329832
-0.197411 -0.038455 -0.798145
0.068004 -0.102147 0.203911
0.098162 0.284621 0.260490
0.218721 0.201992 0.428329
0.190918 0.142814 -0.044848
0.229758 0.226202 0.316015
0.382570 -0.224754 0.792690
0.186952 0.216356 0.403693
0.100467 0.020798 0.365439
-0.306372 -0.146110 0.352841
0.226741 0.232204 0.582616
0.269290 -0.039253 0.737264
0.215037 -0.106137 0.383630
0.219942 0.199760 0.622026
0.414215 -0.298550 0.052476
0.159475 -0.055969 0.686659
0.212527 -0.077637 0.541876
0.154964 0.180906 0.205772
0.148314 0.095021 0.615711
0.237461 0.221109 0.369772
0.169106 0.185498 0.245695
0.197030 -0.104466 0.684680
0.471871 0.487215 0.167381
-0.036719 0.113490 0.845766
0.088137 0.355927 0.444463
0.232613 0.224957 0.547146
0.005292 -0.138895 -0.190630
0.007750 -0.487191 1.201488
0.168434 0.193116 -0.041332
0.070617 -0.054214 0.872689
0.253332 0.226077 0.752875
0.152058 -0.071240 0.589541
0.176092 -0.036628 0.569206
-0.457434 0.277379 0.274947
0.470168 -0.460842 0.705220
0.202637 0.195065 0.547458
0.112240 -0.144342 -0.015088
0.459465 0.354316 0.647244
0.181857 -0.049256 0.607614
-0.364525 -0.017150 0.276969
0.142850 -0.084593 0.769948
0.225427 0.208408 0.260121
-0.193231 -0.478942 0.715326
0.045299 0.458847 0.287134
0.171417 -0.047990 0.578483
0.121725 0.189626 0.041613
0.477743 -0.487394 0.646012
0.006670 -0.135743 1.340039
0.331173 -0.103446 0.979393
0.173687 0.351273 0.996036
0.400172 0.062588 0.334286
0.468615 -0.437881 0.134517
0.203522 0.479777 0.974510
0.149911 -0.136511 0.466284
0.343998 0.154474 0.361933
0.041917 0.063725 0.682132
0.316096 0.180483 1.159409
0.069484 -0.152664 0.724486
0.062174 -0.062057 0.730066
0.258601 -0.025740 0.893100
-0.006697 -0.209109 0.844677
0.237457 0.484779 0.732414
0.170207 0.167419 0.282517
0.243034 -0.034241 0.606101
0.255835 0.188523 0.593997
0.386674 -0.382795 0.211213
0.234885 -0.052028 0.506391
0.001514 0.090840 1.158618
0.090789 0.018091 0.872965
0.459972 -0.354840 0.396515
0.165025 -0.043074 0.637375
0.234575 -0.064434 0.562860
0.159272 -0.058146 0.530084
0.168319 0.204090 0.315755
0.188055 -0.068476 0.105260
0.080599 -0.090959 0.369459
0.075361 -0.156326 0.332325
0.256180 0.225494 0.442084
-0.078296 0.493952 0.686668
0.169419 -0.438600 0.140643
0.053175 0.075668 1.063629
0.224734 0.263463 0.603455
0.248699 -0.054743 0.335342
-0.480049 -0.040033 0.973431
0.311449 0.493727 0.948611
0.149603 -0.065473 0.927901
0.186380 -0.087572 0.550285
0.264340 -0.175302 1.305985
0.198864 -0.131036 0.674553
0.246858 0.251582 0.412614
0.079587 -0.234648 0.660357
-0.491868 -0.008463 0.785256
0.150930 -0.117436 0.370844
-0.380908 0.170606 -0.424169
0.201570 -0.044057 0.342038
-0.468923 0.348515 -0.005556
0.148792 0.343960 0.922583
0.116715 -0.166406 0.363702
0.177867 0.186787 0.320296
-0.156436 0.247344 -0.177382
0.197359 -0.054006 0.521819
-0.489502 0.303276 0.722019
0.171780 -0.058385 0.457934
-0.131132 0.016540 1.127980
0.327245 -0.189252 0.904965
0.030619 -0.172599 -0.389733
-0.033879 0.119971 0.904083
0.084204 -0.398446 -0.208558
0.126874 -0.148594 1.043977
0.357536 -0.284515 0.420639
0.135681 0.168903 0.208578
0.106036 -0.150120 0.609955
0.166214 -0.443157 0.841117
0.157152 -0.096209 0.674690
0.216892 -0.091496 0.512719
-0.355856 0.048401 -0.357323
0.179200 -0.028875 0.706292
0.282548 -0.081752 1.074417
0.208389 0.217623 0.567121
0.446887 0.481688 0.636168
0.245311 0.207452 0.375344
0.189392 0.214608 0.205242
-0.376022 0.254719 -0.035227
0.313047 0.116910 0.291319
0.166569 -0.112321 0.298494
0.262427 0.225551 0.399771
0.200051 -0.030742 0.633752
0.193914 -0.091837 0.372666
0.163115 -0.093243 0.359182
0.234938 0.246610 0.383188
0.368147 -0.261589 0.268981
0.017030 -0.130931 -0.121464
0.061851 0.418077 0.050613
0.080986 -0.083217 0.630937
0.148920 -0.151149 0.583624
0.116942 0.163688 -0.120169
0.180881 -0.023522 0.593754
0.266167 0.267331 0.608355
0.164984 -0.050407 0.625129
0.182469 -0.008936 0.669928
0.190337 0.218834 0.252147
0.402611 0.454407 0.340922
0.185071 -0.103787 0.651349
0.218458 -0.055009 0.482258
-0.109885 0.084504 0.842207
0.205134 0.192942 0.608023
0.256301 -0.053697 0.700164
0.204671 0.196237 0.332327
-0.302419 -0.133742 0.041679
0.223947 -0.066600 0.670980
0.190459 0.207442 0.325793
0.032364 -0.060342 0.279029
0.153641 -0.309683 0.101292
0.314802 -0.208367 0.895191
0.248350 -0.019614 0.460252
0.133507 0.148060 0.639248
0.219011 -0.102751 0.411444
0.241894 -0.036788 0.497962
0.358203 0.279838 -0.134300
0.059792 -0.077826 0.316889
-0.482654 0.234045 0.148423
0.172870 -0.061341 0.417979
0.195744 0.263118 -0.178323
0.192324 0.220723 0.534959
0.180303 -0.425626 0.313770
0.129797 -0.076695 0.719200
0.210711 0.231110 0.421572
0.208546 -0.031634 0.837916
0.167188 -0.087700 0.296433
0.105347 -0.046428 0.785112
-0.311203 0.069938 1.956837
0.230404 0.246182 0.332966
0.131317 -0.113699 0.369070
-0.170339 -0.232922 -0.098392
0.334131 -0.134192 0.591987
0.096630 -0.146208 0.602672
0.158325 -0.022400 -0.236952
0.176110 -0.102165 0.196177
0.313354 -0.354030 0.090347
0.425024 0.158451 1.880013
0.237839 -0.157126 0.428404
0.181110 -0.096311 0.313287
0.221686 -0.063121 0.619845
0.192481 -0.017627 0.482485
0.132523 -0.058774 0.668577
0.229140 -0.041847 0.590831
-0.377150 -0.409440 -0.202363
0.181260 -0.442348 -0.110066
0.183533 -0.142150 0.465044
0.115942 -0.433380 0.737275
0.194785 -0.041282 0.540629
0.219725 0.212889 0.515002
0.192655 0.190992 0.609627
0.179855 -0.037165 0.595071
0.237476 -0.070093 0.554210
0.369407 0.464357 0.249813
0.277769 -0.482073 0.637798
0.054523 -0.113958 0.083102
