0.169648 -0.065462 -1.033039
0.023072 -0.477558 7.225393
0.263332 0.039657 -4.220142
0.338235 0.010426 3.861012
-0.306820 -0.161759 0.096754
-0.157730 -0.465356 -2.779618
-0.134541 0.095644 5.667885
-0.144920 0.341035 5.439755
0.068925 0.198607 -4.418589
0.426125 -0.458610 -3.962517
-0.099403 -0.062402 -5.027489
0.311764 -0.106141 2.473950
-0.408725 0.323079 1.344915
-0.153234 -0.481122 2.995036
0.486419 -0.355882 -1.687766
0.128412 -0.391119 5.005552
-0.379230 -0.205592 -2.701691
0.499333 0.248501 -4.862152
-0.253914 -0.405101 -4.472301
0.438467 -0.096430 -6.237868
0.414030 0.346408 -5.183133
-0.224143 0.340314 -3.917588
-0.395878 0.168711 2.282799
0.194059 0.371916 -0.354446
-0.342573 0.450847 3.344472
0.497742 0.342420 4.365523
0.093078 0.203524 5.100473
0.140134 0.347593 2.673265
-0.448146 0.383798 -5.826832
-0.172486 0.199136 -0.198962
0.104331 0.126876 1.399396
-0.428392 -0.045914 3.225425
0.365653 0.155529 -5.825278
-0.142133 -0.408189 2.816675
-0.042968 0.105222 4.740512
-0.085666 -0.415420 -5.213684
-0.486618 -0.384753 0.684751
0.307749 0.438244 5.963716
-0.424191 -0.369291 5.462277
-0.326610 0.445258 -1.357909
-0.241264 0.376373 0.925863
0.437770 0.191882 3.344942
-0.106931 -0.339512 3.640584
-0.456982 -0.304236 4.170514
-0.221625 0.105916 1.143571
-0.200925 -0.370739 -2.256983
-0.290001 0.063678 -0.513704
0.187176 -0.371918 4.133526
0.028460 0.130983 6.105059
-0.018010 0.374324 0.342626
-0.019283 0.105672 -3.037038
-0.162484 0.009370 -1.392885
-0.072431 -0.011719 4.701377
-0.000810 0.198095 -3.836720
0.025799 -0.332100 -5.993253
0.377887 -0.361077 6.211101
-0.452878 0.256844 3.209777
-0.017387 -0.126403 4.680762
0.219341 -0.366001 0.898002
0.270646 0.152574 -4.042762
0.000203 0.221621 -0.192281
0.461761 0.255822 -4.980548
-0.247434 0.303851 -3.216816
0.136948 -0.095962 -4.361791
0.348958 0.471833 -0.290041
-0.397454 0.363973 6.186633
-0.263354 0.075468 2.373509
-0.492060 0.162763 -4.245258
0.201249 0.303558 -5.757512
0.449000 -0.222147 -1.221643
-0.282382 -0.439636 1.062776
-0.265372 0.418260 2.105857
0.262006 0.066508 3.106909
0.447023 0.263292 5.827167
-0.056626 0.335285 5.856890
0.126331 0.279208 0.770330
0.188057 -0.388654 -0.274238
0.452965 0.290705 -3.779241
-0.454576 0.443181 2.129475
0.251312 0.284080 0.218307
0.187975 -0.380340 -0.105964
-0.435775 0.452559 2.952192
-0.309732 -0.135286 3.173313
0.093925 -0.481798 -3.194256
0.014568 -0.467795 -5.835809
-0.367074 0.449665 0.626269
0.037069 -0.457970 -1.425538
0.461953 0.019978 -3.099438
-0.392242 0.498246 5.607054
0.245646 -0.132108 2.403537
-0.279954 0.161422 -1.484195
0.353134 0.118431 -1.795966
-0.243856 0.194737 -5.399426
-0.376091 -0.274173 3.520948
-0.026117 -0.235326 6.015058
0.361619 0.163103 -5.284929
0.136753 -0.024667 -2.816056
0.034526 0.327738 5.427887
-0.368900 -0.161732 0.814517
-0.484847 -0.281296 -3.043919
0.465432 -0.407525 4.708588
-0.095502 -0.317626 1.229627
0.009734 0.306767 5.447816
-0.204438 0.035003 4.296776
-0.446447 0.367619 2.379487
0.066409 0.102713 -1.044907
0.264158 0.138041 5.502724
-0.172104 0.080812 -4.379463
0.360285 -0.245528 -4.902522
0.357486 0.437913 4.099065
-0.252189 0.159825 0.334287
-0.076110 0.346453 1.668526
0.353058 -0.054111 3.683708
0.111353 -0.451277 -0.486654
0.441396 0.184651 -0.088438
-0.439293 -0.063060 1.069773
0.039925 0.228977 -2.949864
-0.172585 -0.248255 -2.118984
-0.411310 -0.127351 -2.655622
0.000021 -0.331487 -3.764449
-0.343470 0.105285 -3.522405
-0.397033 0.441755 5.007262
-0.016559 -0.038423 1.435463
-0.306604 0.132744 -4.085957
0.262433 0.468917 -3.097737
-0.479451 -0.460514 6.303456
0.298567 0.144978 1.075582
-0.097938 0.374497 4.043124
0.432702 0.219750 2.851893
0.213384 0.309913 2.101860
-0.268408 0.123735 -0.108894
-0.149699 -0.023708 -5.805278
-0.309776 -0.078603 -4.981058
-0.177069 0.454878 -1.810066
0.029228 -0.041738 -2.938338
-0.396403 0.419967 6.214190
-0.224560 -0.489226 -1.719293
0.246467 -0.420809 0.319204
-0.230140 -0.390337 4.730298
-0.310510 -0.419549 -0.058835
0.076505 0.462421 -3.285319
-0.109520 0.285750 1.868811
-0.159533 -0.443032 2.924180
0.349613 -0.019007 4.011180
0.396316 -0.193483 -1.401393
0.136443 0.035063 -1.999138
-0.287662 -0.494742 1.743208
-0.265560 -0.383532 -2.690272
0.381405 0.495927 12.353335
-0.082066 0.173009 -1.567986
0.209042 0.277723 -5.984808
0.166802 -0.320591 0.604904
-0.392774 0.281049 -4.297231
-0.271964 0.172668 0.455531
-0.161214 -0.086693 5.133771
-0.127935 -0.058297 3.935491
0.175741 -0.353587 4.400088
0.139893 0.224787 4.691341
-0.022095 -0.299109 -4.386150
-0.483057 -0.064937 -6.006818
0.050353 -0.190963 -0.186661
-0.247397 -0.491363 2.779704
-0.038346 0.344019 1.616153
-0.323095 -0.216467 1.915800
0.456553 0.130766 3.037798
-0.456539 -0.129294 -0.947558
0.068907 0.493386 -3.100403
-0.465703 0.161835 -6.268911
-0.308404 -0.138538 3.159523
-0.127640 -0.008720 6.128585
-0.465490 -0.338919 5.314948
-0.135072 -0.203035 6.033465
-0.372304 -0.239534 1.960259
0.138355 0.227190 0.874619
-0.408858 0.235511 -6.148364
-0.431902 -0.450934 0.587728
-0.134650 -0.124964 -5.543603
-0.150807 0.404249 -2.976620
0.132678 -0.367309 -4.214301
-0.251273 -0.494270 3.613208
-0.395967 -0.188948 5.971518
-0.456365 0.438502 4.570645
0.088532 -0.467453 -3.138217
-0.442308 -0.389258 -4.697644
-0.296196 -0.063683 -3.563202
-0.162952 -0.398200 -2.050320
-0.424978 -0.456255 0.358365
0.224132 -0.401885 2.204157
-0.388578 0.045067 -1.593149
0.010973 -0.244819 -0.588043
-0.328878 -0.444829 0.854023
-0.018624 0.410530 -5.891166
0.293016 0.479234 -2.707449
-0.452700 -0.304968 4.193747
-0.381208 -0.396456 -3.593089
-0.368176 -0.236448 -5.576887
-0.228390 0.221395 -2.480099
-0.441920 -0.386668 0.663275
-0.427390 -0.109168 2.852439
-0.486751 0.438540 -1.472203
0.028049 0.152542 -5.934505
-0.366151 0.289810 5.021998
0.004557 0.203851 2.798724
-0.478711 -0.482809 6.235144
-0.068017 0.436613 3.901129
0.368411 0.485973 12.076575
-0.124077 0.400450 0.283110
0.025188 0.181189 -0.810449
0.469286 0.309297 -6.130184
-0.267368 0.379128 6.120835
0.438764 0.288190 2.553637
0.123505 0.325430 -4.922984
-0.448393 0.053497 -1.474569
0.003517 -0.348979 2.156792
0.485999 -0.292037 -0.354439
0.243349 0.146706 -2.401419
-0.445871 0.389063 3.444171
-0.006713 0.365495 1.472159
-0.022180 -0.119630 -3.083685
-0.411417 0.454728 -1.876717
-0.438209 0.349567 1.844887
-0.306823 0.290979 0.823906
0.082908 0.117860 -0.791893
0.243408 -0.085270 -3.249565
0.277978 -0.209930 3.483621
-0.206225 -0.125866 -4.342316
-0.227076 0.159832 -0.507368
0.077753 -0.089325 3.535424
-0.101742 -0.195837 -5.056120
-0.419902 -0.489293 2.976659
-0.172045 -0.481622 -6.051939
-0.168362 0.418067 0.112439
0.455795 0.366180 -6.006708
-0.176346 -0.286116 1.827430
-0.025282 0.358836 1.800650
-0.043802 0.369832 1.715623
-0.081014 0.327334 -1.765733
0.390888 -0.471584 -3.606511
-0.035720 -0.099725 -5.773233
0.371872 0.148629 -5.393031
0.285563 0.107081 0.099246
0.372202 -0.125942 -4.431965
-0.476055 0.447011 -1.394098
-0.307402 -0.477789 1.209854
0.203850 -0.403478 -1.167309
0.361750 -0.092639 6.196536
-0.446287 0.018136 -5.576038
-0.485443 0.180145 -3.297151
0.004844 0.116379 6.240141
0.324735 -0.019158 3.901340
-0.488224 0.470316 1.105375
0.003543 0.171623 -3.149908
-0.331501 -0.352835 -5.917253
-0.294420 -0.208262 -6.118970
-0.432648 0.465106 -2.997789
-0.051567 -0.398986 -2.771319
0.260186 0.476906 9.510974
-0.445717 0.492212 11.556365
-0.062722 -0.022998 1.068393
0.402780 0.263887 -6.247923
-0.110935 0.395225 5.544019
0.394568 0.252559 -0.058132
0.311271 0.403349 5.525150
0.042882 0.379427 -5.735611
-0.316438 0.212702 -0.943132
-0.389109 0.315393 2.092121
-0.325693 -0.214043 0.577502
0.066051 0.269223 4.718148
-0.484505 -0.019571 -0.522607
0.456618 0.319185 -4.697100
0.076667 -0.090170 3.128947
-0.479721 0.195903 5.944357
-0.462368 0.439808 -5.763499
-0.472504 -0.338865 5.447357
0.104414 -0.102703 2.241784
-0.477901 0.087912 6.553353
-0.434600 0.407668 1.508877
-0.195825 0.011374 -0.435670
-0.264782 -0.189298 2.180300
0.024559 -0.440609 6.231054
0.158653 -0.066404 -1.681409
-0.410997 0.032709 6.044019
-0.002515 0.108760 0.563291
0.220846 0.129825 -4.250908
0.069776 0.058886 -1.816688
0.409695 0.381602 2.507277
-0.415010 0.476508 9.767762
-0.429232 -0.072228 2.942564
-0.097240 0.256460 -1.184338
-0.251570 0.339254 -4.016163
0.421864 -0.192461 -2.520809
-0.306873 -0.131278 3.156038
0.045029 0.188451 1.931989
0.291586 0.322253 -4.359655
-0.328765 -0.447212 -4.511362
-0.126823 -0.275348 3.296172
-0.400750 -0.461791 0.534077
0.011976 0.042380 -6.152122
-0.087272 -0.429006 3.999240
0.435402 0.120291 -4.254451
0.430179 0.421760 4.198434
-0.191679 0.207920 5.675712
-0.067161 0.431781 3.275624
0.385229 0.297529 5.807323
-0.328142 0.169983 1.543039
-0.414197 0.315031 0.858136
0.030698 -0.427051 -1.016666
0.007616 0.244160 1.449097
0.001253 -0.044364 1.761151
-0.159439 0.258421 6.023177
0.355506 0.395925 -3.851647
0.185421 -0.074348 -4.472540
0.081572 -0.478279 -3.322221
-0.485636 -0.384924 0.853055
0.468468 -0.214928 -1.906701
-0.237621 -0.057953 -5.196974
-0.203103 0.084581 3.353489
0.358952 0.395262 -3.561360
-0.390118 -0.157920 -2.861017
-0.447462 -0.087238 2.629087
0.034256 -0.343180 -1.700009
0.180465 0.470013 -1.444191
0.154015 -0.083153 1.260744
0.248933 0.005132 -6.008087
0.389176 -0.193336 -0.447124
-0.169645 0.256871 -1.232028
-0.036674 0.011578 4.668522
-0.327664 0.210147 1.187207
0.392157 -0.330663 -2.916022
0.109962 -0.427403 -1.363867
0.090146 0.035674 5.350073
0.413604 0.354670 2.418560
-0.043433 0.429723 -3.702023
0.279106 0.212301 1.255335
-0.003710 0.204810 -5.710358
0.113818 0.230143 -4.229658
0.442060 -0.071528 -0.171243
-0.218531 0.400865 -3.923738
-0.372421 0.179501 -2.622536
-0.037404 0.022045 4.992860
0.229911 0.449135 -1.527619
-0.024119 -0.006396 4.857957
-0.434820 -0.057633 -5.005801
0.225938 0.482991 4.094547
0.171404 -0.402620 0.238070
-0.171866 -0.389828 4.871231
-0.469797 0.052891 -4.093336
0.473941 -0.432066 -3.697102
-0.466857 0.449619 -0.373661
-0.345781 -0.161633 -0.907766
0.058492 0.246427 2.278111
-0.038397 0.331611 -4.693950
-0.211846 0.173890 5.690805
-0.205128 0.171323 -5.603652
0.432813 0.490090 5.452279
-0.276268 0.004339 -4.296916
0.300642 0.015362 3.792967
-0.460788 0.231029 2.452176
-0.486824 0.258915 -0.559087
-0.370151 -0.356155 -3.762105
-0.340215 -0.278799 -5.739783
-0.362456 0.285388 4.660668
-0.480349 -0.419243 6.473358
-0.450748 -0.407175 -3.884519
-0.452073 0.343105 0.659319
0.410817 0.493956 4.908081
-0.335597 0.412137 -2.634801
0.170936 0.089872 5.737590
-0.201953 0.361857 -2.122827
0.350725 0.006540 3.876853
-0.327116 -0.148701 -1.589752
-0.459450 -0.119134 -2.446976
-0.485557 -0.064706 -6.265959
-0.310081 -0.055190 -3.670090
-0.413053 -0.178712 3.480953
0.314221 -0.196564 -0.629328
-0.243458 -0.236098 -6.277816
0.335216 0.104689 0.833836
0.483992 0.399673 4.407570
0.224181 -0.229006 -4.026001
0.298450 -0.270962 6.253718
0.100777 -0.279247 1.389196
-0.440849 0.408247 -2.378157
-0.000330 0.198734 4.108685
-0.051592 0.296679 1.550437
-0.086965 0.006051 0.250085
-0.005641 0.030142 4.929251
-0.182841 0.025809 -5.604983
0.421510 0.126282 -0.210214
-0.163785 -0.422955 -2.046060
-0.449984 -0.299029 2.424059
-0.020444 -0.439176 -2.629138
-0.397617 -0.312559 -4.773050
-0.249316 0.385964 0.854760
0.068803 0.224845 0.727713
-0.450897 -0.124342 -0.644800
-0.475138 -0.049999 1.345802
-0.288167 0.230565 -0.783028
0.017954 0.076302 -6.086614
-0.464027 0.268109 -1.190643
