0.124061 -0.263776 3.101686
0.226268 0.466233 -2.628744
0.457566 -0.008802 2.364314
0.450468 -0.079982 -1.567116
0.308294 -0.102552 2.441135
-0.317475 -0.131809 -0.859263
0.320462 0.224262 2.933725
-0.023248 -0.495151 2.824844
0.322758 0.235874 -2.844348
-0.047166 -0.435432 -2.876966
0.379392 -0.020075 -1.201786
0.291043 0.421165 -2.463909
-0.433511 -0.385158 2.350519
-0.277853 -0.464353 0.340733
-0.058500 -0.329792 -2.128842
-0.283618 -0.274160 3.135103
0.004312 0.194664 1.872324
0.243084 0.254992 -2.826118
0.187841 0.138108 -2.285425
-0.100279 0.100331 -1.624027
0.388187 0.040959 -0.875079
-0.443902 -0.468883 -2.682370
0.307597 0.341992 1.185044
0.048955 -0.414606 1.733281
-0.264547 -0.296268 -0.053084
0.442139 -0.068111 2.161963
0.454224 -0.287135 -1.692666
-0.353891 -0.439990 2.865581
0.010946 -0.050059 3.018242
-0.483310 -0.033189 1.571378
-0.438183 -0.181298 0.338565
-0.033705 -0.209605 2.745602
-0.358457 -0.384403 3.030530
0.243756 0.273781 -2.536552
0.497848 0.129985 -1.211417
-0.352505 -0.348132 0.373586
0.047957 -0.050054 -2.062455
0.027472 0.006446 2.023541
0.394597 0.053537 -0.739999
0.174006 0.239180 -2.518555
-0.279466 -0.101683 -2.911730
0.166885 0.247567 -2.282325
0.480945 -0.174853 -0.326492
0.494059 -0.133562 -0.086109
-0.334526 -0.427125 -2.926742
0.170909 0.331414 -2.756317
0.455322 -0.038980 1.357664
0.495737 -0.010821 1.211941
0.196402 -0.158794 2.324810
0.227526 0.311492 -2.671695
0.160031 -0.001817 2.623372
0.150201 0.492072 -2.660608
0.144642 0.431271 3.061512
0.056102 -0.056077 -2.046945
-0.224251 -0.259122 -2.820447
-0.219649 -0.250131 -2.328343
-0.475148 -0.151709 0.493339
-0.047309 0.393930 2.593689
-0.476301 -0.011585 2.283768
0.231621 0.236907 -2.597129
0.432962 0.017931 -1.616777
-0.052616 -0.476651 -2.599746
0.052427 -0.247150 -0.146383
-0.049474 -0.264389 2.926909
-0.054175 -0.462486 2.870225
-0.166799 0.318604 -0.356949
0.448629 -0.291164 -1.902210
0.072352 -0.337984 -0.624789
0.090297 -0.195365 -2.541613
-0.483914 -0.430342 0.809826
0.187558 0.220894 -2.332007
0.274946 0.208605 -2.582528
0.434198 -0.030105 1.271828
-0.177817 -0.079872 2.315632
0.360825 0.044929 -1.737625
-0.277428 -0.231046 0.346091
0.328169 -0.296242 -2.800753
0.495235 -0.019481 1.500213
-0.280151 -0.101148 -2.919134
0.299479 0.023105 2.167834
-0.086802 -0.094232 0.027970
-0.402750 -0.161739 -1.185802
-0.033634 -0.215629 2.746581
0.431209 -0.060676 -1.445850
0.449840 -0.072571 2.884492
-0.339407 -0.249431 2.647249
0.436537 -0.310147 -1.702320
0.281504 -0.144863 -2.356627
0.457590 0.463722 0.348010
0.371381 -0.396348 -2.026816
0.470224 -0.006664 1.618015
-0.356672 -0.474053 2.771107
0.275883 -0.031533 -2.923776
0.494369 -0.016327 1.293641
0.374813 -0.278930 -2.004290
-0.180317 -0.072130 2.410798
0.146024 0.465987 -2.999809
-0.427602 0.388853 -3.076333
0.147777 0.458577 3.114411
-0.276994 -0.333108 2.925692
0.469677 0.144088 -1.847542
-0.418603 -0.377345 2.733379
0.086336 0.280744 -3.003159
0.212487 0.213988 2.647804
-0.261828 -0.292491 2.925986
-0.449230 0.156699 2.676867
0.334292 -0.168481 -1.298618
0.388632 0.024459 -1.148631
-0.364507 -0.047186 -3.041611
0.413624 -0.283135 -1.469918
-0.411849 -0.224188 -2.835903
-0.228825 0.097291 1.742884
-0.036071 -0.210191 2.686406
0.469637 0.245229 -1.233537
-0.345442 -0.281523 2.679498
-0.389828 0.137171 2.392481
-0.290253 -0.182403 2.725108
-0.224934 0.201068 1.091570
0.470574 -0.005603 1.599413
0.429055 -0.291700 -1.796780
0.447505 -0.286799 -1.804895
-0.031739 0.307322 0.555742
0.117368 0.040853 -2.271907
-0.290676 -0.278965 3.058214
-0.054485 0.220017 2.787310
-0.316030 -0.283535 0.985569
0.441951 0.336778 -1.650754
0.409031 0.044589 -0.044227
0.497380 -0.016139 1.500066
0.438307 0.162773 -1.690850
-0.496943 -0.026983 1.798326
-0.235271 0.127742 -1.291725
0.239737 0.217166 -2.404538
0.147133 0.488909 -2.628611
0.148499 0.139499 2.447689
0.426607 -0.031934 1.737141
0.253175 0.192306 -2.253517
-0.281886 -0.129515 2.629151
0.199974 0.498522 3.004644
0.147514 -0.007544 -2.691590
-0.010646 0.280631 1.028014
-0.212005 0.112904 1.824863
0.451635 0.414904 0.213848
-0.308869 -0.109561 2.624159
0.399507 -0.020804 -1.856672
0.252971 -0.120007 2.564631
-0.319048 -0.124920 1.767996
-0.474423 -0.417418 2.728343
0.395129 -0.086727 -1.711063
0.331379 0.032231 1.990604
0.000279 -0.344780 3.139444
0.157162 0.458590 -2.914647
0.282913 0.430742 -2.089047
-0.280347 -0.034409 3.014509
0.471225 0.101106 -1.440326
0.272715 0.026959 -1.921400
-0.021573 -0.313348 2.472651
0.017561 -0.021209 -2.201971
-0.443402 0.023474 -0.296056
-0.015409 -0.296853 2.688414
-0.470137 -0.203014 1.257240
0.288899 0.425962 -1.667418
0.147903 0.437744 -2.934151
0.198151 0.491723 2.689836
-0.350742 -0.293328 2.391540
-0.442645 -0.245890 -0.094562
0.284920 0.013651 -2.048329
-0.459084 -0.408524 2.239473
-0.418748 -0.499238 -2.707833
0.369985 -0.251408 -2.339157
0.284629 -0.102237 -3.004201
-0.285557 -0.265009 2.729479
0.232886 0.369018 -1.967205
0.375939 -0.201183 0.912242
-0.391819 -0.292967 0.040800
0.332567 -0.498362 -1.620618
-0.483597 -0.037117 1.603713
0.100528 -0.204371 -2.522939
0.347143 -0.496510 1.389972
-0.445117 -0.023298 2.948153
0.437500 0.020878 -1.883769
0.471916 0.095882 -1.524595
0.330468 0.265170 -2.169580
0.323218 -0.281803 -1.760447
-0.372007 -0.411615 -3.106006
-0.207765 0.096828 2.783899
-0.416424 -0.136993 2.521503
0.150797 0.447941 -2.963379
-0.079767 0.198357 3.133739
0.317047 -0.083284 -0.631405
-0.381837 -0.290561 1.283336
-0.300441 -0.217682 2.905820
-0.264962 -0.281279 -2.874812
0.488707 0.115384 -1.685998
-0.411824 -0.410324 1.777317
-0.475838 0.249996 1.163889
0.309299 -0.146630 -1.485149
-0.287362 -0.361455 -0.029211
0.462030 -0.166599 0.002179
-0.084244 -0.435224 -2.908920
0.011466 -0.380725 2.751245
-0.279737 -0.399283 -0.924709
-0.002708 -0.422241 -1.011239
-0.352796 -0.293227 2.606277
-0.341052 -0.251235 3.104068
0.494012 -0.009557 1.693677
0.044677 0.114119 -2.536513
0.431319 -0.036202 1.146570
0.405066 0.209418 -2.350009
0.112635 -0.322172 2.776100
-0.166664 -0.067128 2.351822
-0.419564 -0.205479 0.398614
-0.262604 -0.456455 1.368902
0.137018 0.000671 0.673347
-0.176622 0.345314 -1.063929
0.498958 -0.009164 1.545079
-0.420317 -0.388164 2.574678
-0.393080 -0.280915 0.552293
-0.331731 -0.263549 0.932856
0.458989 0.016377 -1.454116
0.044565 0.499111 2.818636
-0.064184 -0.379020 -1.421598
0.124424 0.019197 0.408602
0.332703 -0.396444 -1.120163
0.422644 0.312822 -2.582553
-0.240069 -0.239619 -2.873325
-0.297897 -0.049084 3.029373
0.482744 -0.018948 -1.233952
0.137355 0.465259 -2.846064
-0.338188 0.444882 1.307967
0.303287 -0.282500 -1.297999
0.445981 -0.013155 2.498994
-0.401088 -0.411456 0.042987
-0.386153 -0.090873 1.512428
-0.280350 -0.197373 -1.698679
-0.020959 0.192022 1.950562
-0.324863 -0.272105 0.915758
0.109092 -0.182302 1.183193
0.314048 0.312521 0.509382
-0.193583 0.149777 2.362341
0.208188 -0.000596 -3.094020
0.375991 0.241496 3.002084
0.346423 -0.098944 2.107786
0.484899 -0.085428 3.140533
-0.227628 0.099243 1.870167
0.148102 0.476423 -2.717259
0.423059 -0.008547 -1.834846
-0.262332 -0.487250 0.203956
0.452153 -0.080642 -2.065296
0.244735 0.438928 -3.081805
0.211241 0.481958 3.060215
-0.093635 -0.489289 3.044971
-0.473568 -0.213127 1.955287
-0.460516 0.468047 1.838899
0.086982 -0.314267 -2.999731
0.255928 -0.110491 -1.310151
0.259073 0.213646 -2.259513
0.445372 -0.032067 1.356989
0.282640 0.010924 2.023747
0.153240 -0.271587 0.356207
0.155235 0.416688 0.897186
0.304425 0.174725 -0.678511
0.127310 0.164270 1.850425
0.012361 -0.258122 -2.998304
0.325599 0.009061 -1.120966
-0.370398 -0.236556 1.703899
-0.054296 -0.339148 2.935120
-0.380364 -0.261192 0.818205
0.437467 0.063272 0.005921
-0.330968 -0.444249 2.496396
-0.093463 -0.435518 2.650246
0.284838 -0.087492 -2.912591
-0.382157 -0.477907 -3.039431
0.185762 0.033662 2.734392
-0.362165 -0.381757 -3.050460
0.144018 0.436656 2.969325
0.180990 -0.014649 1.491087
0.222581 -0.254894 -2.419042
-0.162387 0.043157 0.808887
0.145304 0.464398 -2.893534
-0.457849 -0.408189 2.225547
-0.045456 -0.239484 2.918872
-0.338500 -0.276160 0.828525
-0.447925 -0.467596 -2.887074
-0.297390 -0.271634 3.106698
-0.043881 -0.074065 0.074724
-0.260118 0.466389 0.668264
-0.290999 -0.280490 2.930142
0.255955 0.153347 -2.202565
-0.316600 -0.448779 1.339477
-0.481846 -0.142253 0.226725
0.118517 -0.481621 1.696812
0.473348 0.101092 -1.424836
0.062820 0.236069 2.304932
-0.468627 -0.179744 -1.254911
0.194359 -0.220208 -1.398521
0.305311 -0.168633 -2.895748
-0.400436 -0.244793 1.883019
-0.215916 0.200207 1.034004
-0.338743 -0.495011 0.097931
0.435478 -0.296137 -1.878189
0.318853 -0.211927 -1.924609
-0.340262 -0.493515 0.008283
0.266842 0.018834 -1.901251
0.120445 -0.134749 2.237820
-0.053860 -0.461695 2.721773
-0.358929 -0.377799 2.893661
-0.063703 0.091865 2.870617
-0.265414 -0.129892 2.429306
-0.254844 0.137373 2.508674
-0.235894 -0.053091 2.745474
0.063037 -0.153883 -3.047696
-0.364807 -0.484430 2.533812
-0.188174 -0.298516 -2.323612
0.326162 -0.170225 0.863249
-0.457916 -0.470038 0.780233
0.452790 0.154411 -1.804735
0.317303 -0.111950 -0.940039
0.397855 -0.001797 -0.084138
-0.264474 -0.122452 2.547412
-0.417882 -0.283603 0.379249
0.055692 0.366213 2.661102
0.149350 0.459365 -3.106940
-0.281342 -0.231927 3.050207
0.236017 -0.275850 -2.009155
-0.061065 -0.322593 -2.148977
-0.347071 -0.353432 0.491433
0.252681 0.476990 2.807192
0.193260 0.023073 1.983253
0.492104 -0.002755 1.441830
0.496029 0.124698 -1.627142
0.178733 0.319104 -2.458590
0.290217 -0.312256 -1.211246
-0.010161 -0.348364 -2.128923
0.101262 -0.328788 1.636863
0.426239 0.027050 -1.150579
0.348944 0.018103 -1.490153
0.334798 -0.081747 1.857412
0.277184 -0.038134 -2.053037
0.201058 0.229635 -2.478688
0.096494 -0.493181 1.596117
-0.278756 -0.192241 -1.708364
0.373571 -0.059554 -1.262570
0.418973 -0.279688 -1.830878
-0.294807 -0.265027 2.895106
0.374620 0.114666 -2.270519
0.145565 0.459016 3.127439
0.231824 -0.193014 -0.943953
-0.287106 -0.308754 2.507883
-0.405656 -0.393479 2.256358
-0.490333 -0.318910 -2.691271
-0.297738 -0.280395 2.530153
-0.306351 -0.112074 2.830878
0.388204 -0.059899 1.789828
0.194916 0.226115 -2.204011
0.159219 0.494018 3.059248
0.177371 0.233141 -1.917851
0.177034 -0.042383 -1.781337
0.384195 -0.015206 -1.320575
-0.338193 -0.282580 2.776140
0.216468 -0.003568 1.786452
0.173745 -0.368817 -1.686963
0.118841 0.038905 -2.641147
0.372384 -0.162098 -1.428231
0.163146 0.340538 -2.867540
0.092534 -0.361196 -1.714704
0.157257 0.054723 -2.467791
0.353924 0.404082 -1.340326
-0.286956 -0.365811 0.120197
0.267563 -0.496384 -1.653269
0.169110 0.343234 -2.958891
0.313189 0.251908 -1.940596
-0.339421 -0.252742 2.625747
0.212043 -0.156567 -1.848618
-0.291246 -0.314690 0.726881
0.100275 0.315895 2.967287
0.453918 0.422587 -0.318551
-0.361599 0.114857 2.881276
-0.333120 -0.170775 2.261078
-0.427888 0.049730 2.374564
0.408600 0.001054 -1.313146
-0.195311 0.123078 1.703495
-0.456259 -0.419870 2.512731
0.466819 -0.055968 1.375596
-0.486949 -0.423967 2.941793
0.163895 -0.169889 -2.653919
-0.383138 -0.161607 -0.618851
-0.409785 -0.384377 2.677758
-0.354624 -0.352943 0.133294
-0.390583 -0.095083 2.690681
-0.333419 -0.247930 2.676613
-0.213637 0.195145 1.216259
0.154836 0.052253 -2.675942
0.475069 -0.044528 1.440420
-0.082422 -0.305459 -2.000152
0.295848 0.026669 2.292353
0.205047 0.384252 -1.983594
-0.282936 -0.037338 3.071808
-0.261167 -0.107017 2.445718
0.360451 0.239168 1.555417
