0.074460 -0.394922 0.114620
-0.416323 0.458170 -1.431664
0.158242 0.190533 1.088460
-0.134732 -0.086075 0.411817
-0.155955 0.414872 -0.739119
0.002225 0.392841 2.373426
-0.290796 0.173128 1.793429
-0.351723 0.360410 1.417657
-0.366838 0.245066 2.597037
-0.396474 0.369765 1.220757
-0.189521 -0.007220 2.411496
-0.297500 0.481742 -0.804604
-0.441813 -0.212648 0.767433
-0.284523 0.113318 0.877665
-0.394406 0.199429 1.282324
-0.477025 0.417449 1.317523
0.120298 -0.430380 0.199281
-0.098588 0.242420 -1.356663
-0.417938 0.225426 1.368627
-0.457801 -0.145559 2.121647
-0.258412 0.394868 0.887059
-0.377863 0.463970 0.066080
-0.151208 -0.185956 1.694083
-0.307358 0.424011 0.196929
0.330168 -0.307062 -0.691163
0.076168 -0.394176 0.086015
0.460246 -0.063801 1.297752
-0.387589 0.375155 1.722369
0.028763 -0.287820 0.280276
-0.498069 0.440578 2.886914
-0.472069 -0.249958 -2.851570
-0.198730 0.267248 0.924598
-0.333961 0.479629 0.917591
-0.213967 0.469053 0.029995
-0.250008 0.461066 -0.517908
-0.378390 0.100146 1.692829
-0.339543 0.496399 0.840423
-0.242675 0.445447 0.259267
-0.431853 0.240199 0.842490
-0.207148 0.014652 1.034588
-0.000734 0.307731 3.094743
-0.411057 0.221082 1.365332
0.247808 0.418298 2.209267
-0.402298 0.372658 1.074829
-0.461055 0.492431 -0.372346
-0.484486 0.156969 2.176896
-0.258423 0.394056 0.718720
-0.362572 0.480334 0.918902
-0.483437 0.384289 1.477818
-0.123646 -0.042238 1.178847
-0.297985 0.186453 2.192143
-0.460812 0.247641 1.628533
-0.235462 0.043752 1.306649
-0.413333 0.350096 1.131816
-0.282530 0.431119 1.311477
-0.399661 0.143775 1.366928
-0.231008 0.496595 0.350835
-0.439377 0.287540 -1.947509
0.308460 -0.056776 -1.790397
0.100071 -0.357135 0.792359
-0.490893 0.495112 -0.580637
0.032076 -0.268614 0.557328
-0.195920 0.268607 0.171777
-0.251298 0.398616 0.732795
0.485593 0.448168 -2.036247
-0.264622 0.073020 1.434356
-0.470789 0.233502 1.450268
-0.339826 0.451864 0.616587
0.052132 -0.325840 0.258173
-0.434089 -0.132247 2.374871
-0.325680 -0.062333 1.169138
-0.280893 0.160903 1.224791
-0.249954 0.461469 -0.592308
0.200913 0.001208 -2.734178
-0.391179 0.481885 1.082067
-0.258094 0.151996 1.494270
-0.417300 0.456584 -1.221237
-0.454835 0.479050 -0.184087
-0.443331 0.183986 1.446845
-0.353719 0.490543 -0.615418
-0.109843 -0.120491 0.469687
-0.411930 0.461418 -1.455536
-0.407147 0.374868 0.803209
-0.101029 0.195281 0.942914
-0.187383 0.039266 -2.517750
0.143721 -0.126631 0.030814
-0.167464 0.134626 -0.168077
-0.201090 0.017107 1.210802
0.127888 0.246162 2.799770
-0.294613 0.403626 0.493471
-0.212128 0.426356 -0.286940
0.027015 -0.106384 -0.056784
-0.313995 0.460731 0.880686
-0.183138 0.488888 -0.285397
-0.463112 0.492218 2.242555
-0.132519 -0.092681 0.474986
-0.457595 0.236389 1.487944
-0.281932 0.444211 0.836709
-0.294020 0.448417 -0.591230
0.262951 0.191273 -1.299986
0.004484 -0.100472 -2.398826
-0.229177 0.040484 0.975199
-0.420345 0.493176 -1.352842
-0.369927 0.370603 2.145564
-0.454780 0.493705 0.220531
-0.423288 0.496410 1.450432
0.320237 -0.136376 -1.618827
-0.404858 -0.267233 0.352523
-0.107502 0.061262 -2.612843
-0.359348 0.352946 1.151756
-0.259952 0.165507 1.479171
0.392079 -0.102071 -1.674649
-0.468211 0.056963 0.678695
0.325806 -0.129238 -1.521723
0.044120 -0.390543 -0.087567
-0.414731 0.227372 1.140284
0.272393 -0.159218 -3.062648
-0.436351 0.474570 -0.819635
-0.426262 0.458634 -1.163319
-0.136641 0.391080 0.805312
-0.408988 0.108791 1.516856
-0.355109 0.466849 0.991610
0.140773 0.292261 1.574448
-0.469601 0.235348 1.027346
0.138576 0.187773 -1.034081
-0.433625 0.462575 -1.404993
-0.244489 0.481885 0.286860
-0.430966 0.477104 1.139676
-0.351797 0.100441 1.432649
-0.447725 0.428244 -0.704752
-0.418915 0.283827 2.060902
-0.285886 0.446481 0.738435
0.272518 0.122581 3.137074
-0.352381 -0.060703 1.018961
-0.347140 0.232361 1.487531
-0.149265 -0.064111 0.812465
-0.394718 0.141852 1.710264
0.192560 0.260585 2.218137
-0.099413 -0.024618 -2.349784
0.174879 -0.454766 1.558668
0.395922 -0.102236 -1.693809
0.426308 0.310576 0.647415
-0.162509 0.472765 2.174939
-0.308062 0.469800 0.107670
-0.188307 0.497770 -0.212699
-0.403688 0.460011 -1.698076
0.069409 -0.398627 -1.274657
-0.276510 0.442887 1.074679
-0.358540 0.471796 1.230159
-0.069875 0.216151 -0.978377
-0.203013 0.473739 -0.087224
-0.125661 -0.029605 0.960881
-0.476167 0.458065 0.476186
0.077019 -0.389318 0.230633
-0.491286 -0.145759 2.283382
-0.236387 0.479066 -1.040342
-0.156955 0.019785 -2.026696
-0.412779 0.356835 1.094688
0.012409 -0.454758 -2.293186
0.139819 -0.118549 -1.791872
-0.273827 0.430108 -2.286218
-0.075486 0.400074 2.598224
0.073821 -0.402256 0.204818
-0.322194 0.319117 0.618756
-0.408520 0.229835 1.237877
-0.466405 0.456598 0.081964
-0.321442 0.470214 0.681304
-0.027647 0.410132 -1.192639
-0.096130 -0.279530 1.436205
-0.274092 0.435218 0.613661
-0.186080 -0.021159 1.126625
-0.132690 0.433058 -3.098932
-0.358145 0.204515 1.341724
0.070204 -0.460857 0.182947
-0.336117 0.257576 0.851029
-0.275062 0.498902 -0.564729
0.129599 -0.499271 -0.092139
-0.315812 0.051850 0.368433
-0.465246 -0.144336 2.191910
-0.323634 0.427229 1.331374
-0.280578 0.117674 1.212734
0.079969 -0.404100 0.056969
0.130544 -0.491113 -0.004421
-0.440586 0.277628 1.422352
-0.256263 0.400815 0.407302
-0.179799 0.387166 1.667477
-0.431368 0.370428 1.121407
0.096591 -0.204578 -0.220618
-0.287432 0.248694 -0.360612
-0.131905 -0.034044 0.980540
-0.350335 0.227371 1.535675
0.107018 0.160950 -2.018452
0.132761 -0.489223 0.167951
0.399148 -0.102124 -2.147300
0.107438 -0.367164 0.938532
-0.342528 -0.265135 0.190632
-0.413555 0.364620 2.915476
-0.493026 0.392505 1.765130
-0.425685 0.171927 1.389089
-0.441016 -0.202692 -2.927832
-0.449147 0.046578 1.511663
-0.352074 0.055079 0.884630
0.026924 -0.244370 0.862365
0.193552 -0.040207 2.444726
-0.456085 -0.148760 2.400451
-0.473990 0.441181 0.202471
-0.416211 0.458425 -1.101160
-0.331684 0.474142 0.521552
-0.158948 0.482819 0.069824
-0.289470 0.456772 0.638285
-0.483942 0.495612 1.166984
-0.446616 -0.180547 -2.720214
-0.115580 0.027322 1.213123
0.232075 0.424266 1.282790
-0.373254 0.259807 -1.824695
-0.228028 0.180186 1.720095
-0.303676 0.038751 1.115013
-0.479437 0.436996 2.307001
0.115648 -0.428646 0.375301
-0.392086 0.271318 1.845089
-0.367995 0.379323 2.407444
-0.087426 -0.495224 -0.357382
-0.434381 0.272615 1.331613
-0.414944 0.397760 0.845955
-0.385522 0.482458 1.096449
-0.443866 0.157604 1.924416
-0.474126 0.249671 1.339836
-0.299069 0.482766 1.049119
-0.133029 -0.210092 -0.229067
-0.307641 0.090258 1.406946
-0.307533 0.253973 1.643039
-0.490252 0.492911 -0.480499
0.264854 0.107412 -2.697198
-0.180318 0.485346 0.062451
-0.463530 0.491952 0.634006
0.360830 -0.142945 -1.666493
-0.135628 -0.096573 0.533118
-0.140451 0.487227 2.926785
-0.316624 0.484406 0.544324
0.124990 -0.429223 0.533341
-0.396371 0.472873 0.684737
0.098533 0.120153 -2.347069
-0.128865 -0.131206 0.526167
-0.410835 0.223278 1.467404
-0.241874 0.475996 -0.728241
-0.367691 0.109040 1.389765
-0.411817 0.233424 1.915893
-0.115033 -0.039582 0.671098
-0.480853 0.280939 1.292390
0.355902 -0.145343 -1.691796
-0.338917 0.360643 1.800514
-0.407341 0.280782 1.864272
-0.282227 -0.118829 -0.561599
-0.398801 0.200210 1.380635
-0.352816 0.415504 2.904573
-0.390089 0.487519 -1.064987
-0.197906 0.034520 0.906801
0.326308 -0.008160 -1.937606
0.306716 0.092858 -1.792923
-0.220445 0.486967 0.050088
-0.361990 0.275930 2.873739
-0.066424 -0.250096 0.147770
0.434542 0.358794 1.856888
-0.467101 0.094861 1.022970
-0.276605 0.435784 1.055825
0.139868 0.143517 -2.511476
0.266431 -0.063889 2.053268
-0.482578 0.476060 1.907293
-0.490703 0.390654 1.124995
-0.001492 0.115602 -2.435090
-0.494472 0.486803 -1.162039
-0.409480 0.222445 1.203681
-0.490841 0.484468 -1.323645
-0.274545 0.158226 1.190272
-0.482295 0.493858 -0.924446
-0.451893 0.462723 -0.141301
-0.467128 0.240219 1.452887
-0.266075 -0.133363 0.773489
-0.366847 0.336401 0.934489
0.096174 -0.470330 0.613028
0.388152 -0.101647 -1.666492
-0.397075 0.379534 3.032081
0.259563 0.185382 2.905124
-0.333362 0.083797 0.870194
0.063129 0.476565 -1.617874
-0.147541 0.267158 0.663041
-0.453053 0.476749 0.209901
-0.325562 0.331679 0.574630
0.114840 -0.406862 0.432474
-0.216818 0.421285 0.240031
-0.198257 -0.037197 0.649855
-0.286830 0.446780 1.077530
0.306844 0.277679 2.166361
-0.351862 0.053702 1.306776
-0.342517 0.435940 0.657929
-0.475701 0.427713 1.457821
-0.285770 0.448656 0.252706
0.136642 -0.481906 0.570281
-0.113541 0.000338 0.259068
-0.442648 0.433204 -0.766857
-0.351853 0.240801 1.586598
-0.435889 0.499951 0.537292
0.080130 -0.397004 0.149773
-0.251059 0.391849 0.897192
-0.414528 0.455371 -1.745933
-0.124647 -0.000095 -2.368484
-0.313152 0.245923 1.592193
-0.320802 0.202562 -0.512545
-0.349580 0.104441 1.906027
-0.408160 0.290132 1.965547
0.136287 -0.496658 0.305610
-0.458084 0.461547 0.188924
0.136208 -0.102760 1.929233
-0.478083 0.488651 2.751625
-0.471997 0.454486 0.279197
0.344695 0.257225 -0.257195
-0.336418 0.323560 0.875079
-0.415231 0.101744 1.233735
-0.141813 -0.090058 0.586949
-0.397176 0.370516 1.271508
-0.147785 0.099342 -1.263629
0.004684 -0.095934 -2.362681
-0.383076 0.471852 0.000311
0.403399 0.471265 1.190008
-0.315098 0.374917 0.758151
-0.084502 0.020317 -2.212289
-0.489456 0.291602 -2.483547
0.011605 0.332631 -0.507476
0.213220 -0.011239 2.737220
-0.438439 0.477338 0.474703
0.107425 0.190885 2.746567
0.422736 0.355965 1.931715
-0.354448 0.352863 1.451799
-0.290724 0.091252 1.320695
0.253233 0.230192 -0.738151
-0.449278 0.471188 0.018692
0.135601 -0.486728 0.101403
0.052082 -0.400754 0.008584
-0.464568 0.472229 1.175746
-0.213418 0.015739 0.969961
-0.354516 0.449602 2.940727
-0.491309 0.419581 -1.370569
-0.339724 0.477891 -0.499862
-0.395302 -0.091979 0.776182
0.390894 -0.098536 -1.723089
-0.323691 0.427799 1.212129
-0.447047 0.393414 1.056751
-0.030452 0.385588 -2.229577
-0.193657 0.361174 -0.419612
-0.360170 -0.049467 1.086019
-0.223108 -0.004999 1.308841
0.128959 -0.483210 0.064223
-0.417884 0.294051 1.727509
-0.402495 0.447458 -1.389713
-0.186132 0.492138 -0.176166
-0.408973 0.363856 2.954101
-0.091528 0.449776 2.142169
-0.218707 0.069529 1.606820
-0.464666 0.281796 1.756490
-0.407845 -0.151187 2.115822
0.452440 0.019951 -0.276725
0.177246 0.195685 -1.469850
-0.301627 0.450306 1.074780
-0.227197 0.366401 1.778676
-0.409080 0.446294 -1.409682
0.027128 0.449558 2.265877
-0.496842 0.493494 -1.529760
-0.146863 0.247506 1.114545
0.353065 -0.020370 -1.271123
-0.417933 0.331028 2.754172
-0.386731 0.451242 0.686871
-0.156709 0.379248 2.662373
0.067214 0.227703 -1.858365
-0.400202 0.450609 -1.346277
0.399650 -0.099923 -1.651102
-0.355853 0.494573 0.960576
-0.270740 0.164986 1.376745
-0.376171 0.466047 1.086668
-0.113301 0.198732 0.599434
-0.419764 0.486460 1.209998
-0.474336 0.478866 0.540398
0.186917 -0.015131 -1.374948
-0.469783 -0.293511 -2.390203
-0.151421 0.125420 -1.159399
0.011786 0.205842 1.597777
-0.102377 0.182268 0.738162
0.375015 0.244690 2.030814
-0.436771 0.206839 1.318834
-0.300462 0.256760 1.466984
-0.338101 0.043318 0.913645
-0.019301 0.473914 2.039757
-0.072203 0.006952 0.324553
0.012200 0.484064 1.913615
-0.468109 -0.138459 2.039937
-0.154024 0.005137 0.054040
-0.467647 0.287473 1.504552
-0.217049 0.489606 0.306735
-0.467234 0.476549 1.265826
0.382748 -0.095238 -2.099663
0.064746 -0.292528 -0.941740
