0.142499 0.455247 5.565138
0.382487 -0.177881 4.655897
-0.385247 0.406163 -5.097956
-0.018915 -0.471286 -1.175715
-0.191267 0.430768 -2.488246
-0.064435 0.448369 -1.782729
-0.476748 0.377993 4.602768
-0.152851 0.346450 -1.711650
0.215305 0.203665 -1.224500
0.107011 0.118419 3.144648
0.171194 -0.260590 5.252547
-0.472015 0.261455 -1.522099
-0.436164 -0.061841 -4.059916
-0.387276 0.118244 0.453697
0.308107 -0.466819 1.702364
-0.206850 -0.031370 -1.785966
-0.097874 -0.227275 2.178653
-0.453716 0.172117 -2.397212
0.481438 0.276090 -5.070264
0.338716 -0.046932 -3.252815
-0.349436 0.253890 -3.433622
-0.142046 0.375702 -2.715142
0.141488 -0.030159 0.766638
0.419018 0.359680 -3.805651
-0.247460 -0.031998 0.796966
-0.434035 -0.289697 1.820410
-0.473596 0.364014 5.273349
-0.381790 -0.465903 0.341049
-0.069695 0.075202 -2.032871
-0.255103 -0.167612 3.886300
-0.038670 0.085053 0.212216
-0.107008 -0.094220 3.898194
-0.439765 -0.058811 0.643756
0.079071 -0.332781 -0.784234
0.325954 -0.336878 -4.830639
0.325045 -0.225571 1.328591
0.393374 -0.455448 -0.653160
-0.366529 -0.129813 -4.873648
-0.378817 -0.330981 4.422414
-0.124894 -0.102945 1.482721
-0.063576 -0.286678 0.472193
-0.214716 -0.025812 -1.904148
0.290879 -0.475261 7.799202
0.097482 -0.198286 2.680416
0.198934 0.438896 0.606482
-0.451422 -0.152835 -5.707477
0.051993 -0.321682 0.921439
0.131394 0.158891 -2.706944
-0.198814 -0.382122 2.739407
0.454926 -0.401755 0.343922
0.028799 0.283559 1.375764
0.363244 0.360512 -6.148070
0.488662 -0.263706 2.985715
-0.341993 -0.242771 1.650474
-0.163855 0.148703 6.053154
0.156986 0.124048 -4.715476
0.301245 0.026906 -5.839948
-0.202878 -0.303475 4.252770
-0.313849 -0.383097 5.399576
0.347135 -0.024350 5.503953
0.149940 0.191853 5.829828
0.117215 -0.331322 -5.510903
-0.041881 -0.493587 8.664740
-0.031948 -0.207793 5.300869
-0.168614 -0.434199 -1.506079
0.217401 -0.458573 5.453692
0.434663 -0.329957 2.831097
0.448756 -0.335200 -0.836550
0.076728 -0.459940 -1.581023
-0.280440 -0.443402 -6.275412
-0.064503 0.254838 5.813421
0.106019 0.192222 5.768708
0.058833 -0.079180 -1.365849
0.489945 -0.383769 4.984459
0.361421 0.331008 0.936762
-0.099873 0.287895 3.297755
0.107315 -0.351930 0.413126
-0.061237 0.444899 1.809985
0.363984 0.324679 -4.313170
-0.025501 -0.352760 5.896765
-0.311326 0.004104 2.941708
-0.297103 -0.327001 4.536501
0.071683 -0.208243 2.907280
-0.333940 -0.330852 5.182573
-0.186161 0.358080 5.967851
-0.157484 -0.475165 3.250642
0.438458 -0.362626 2.796584
-0.174898 -0.151592 -5.554506
-0.428656 -0.118121 -5.474830
0.045253 0.379452 -3.711866
0.404387 -0.374378 4.197147
-0.460071 -0.319404 -2.981063
-0.436343 0.030301 0.377577
0.362787 -0.316448 5.671788
0.375593 -0.070549 -5.974120
0.479626 -0.357541 -4.957000
0.172623 0.474305 4.784292
-0.352852 0.256581 -4.309585
-0.332962 -0.458685 -0.529005
0.007929 0.451467 1.725053
-0.335051 0.113415 -1.692588
-0.385401 0.235665 -3.961337
-0.172594 -0.325068 2.654456
0.352580 -0.210129 -5.902914
-0.362115 0.038376 -1.477054
-0.018233 0.071142 5.871872
-0.290901 -0.411921 5.816269
0.307821 -0.304475 -4.858416
-0.163756 -0.492469 -1.250258
0.200116 0.219679 -1.449249
0.458471 -0.127857 0.750298
0.274689 -0.255871 2.825187
0.354843 -0.177601 -5.811516
-0.183720 0.136104 5.838070
-0.384639 0.105484 3.033709
0.432375 0.397238 -6.183172
0.497352 -0.102371 1.626052
0.302091 0.360957 1.869303
-0.438990 0.150117 5.081313
-0.376283 -0.017068 3.458317
-0.122811 0.130965 -4.968455
0.195265 -0.346916 4.762785
-0.036184 0.094495 0.326427
-0.336722 0.102196 4.660299
0.072007 -0.097899 3.711648
0.194616 0.436730 4.509489
0.457100 -0.076832 -1.204239
0.413796 -0.312271 1.233275
-0.173380 0.168587 5.966398
-0.116670 -0.189980 4.799022
-0.281543 -0.176070 3.285350
-0.258580 0.039621 3.948401
0.303328 0.208867 -0.884485
-0.069073 0.205421 -4.357059
-0.063984 -0.029187 2.291994
0.087474 -0.019514 2.585074
0.301934 0.451197 -2.087830
0.042185 0.173599 5.988541
-0.041587 0.209652 -5.661634
-0.411570 -0.016473 -3.699250
-0.409483 0.127083 1.764852
-0.399205 0.187080 -1.019038
0.073597 -0.015500 -0.225457
-0.174699 0.155364 0.266080
0.183016 0.390113 -4.344238
-0.215200 -0.075676 6.026017
-0.437768 -0.251813 -2.772119
-0.230825 0.123910 -0.935069
0.310748 -0.399387 -4.027884
0.239661 0.103936 2.277326
-0.090127 -0.185294 5.218951
-0.075807 -0.111547 -4.641742
-0.469106 0.142363 5.142731
0.255397 0.092765 -5.427978
-0.341776 0.076237 -2.729628
0.272356 0.078182 -5.670814
0.371089 -0.333572 0.441693
0.271013 0.239560 -1.037299
-0.419333 0.427128 -5.454067
-0.300242 0.409703 0.493057
-0.349773 0.462740 -3.500748
-0.074301 -0.188208 -3.750346
-0.209362 -0.114441 3.763853
0.475636 0.234161 -3.893109
0.473683 0.029870 5.359806
0.304489 0.024207 4.633403
-0.405918 0.213091 -1.110984
-0.283483 0.053688 3.894502
0.107546 0.007365 2.492956
0.423294 -0.088047 1.697059
-0.246665 0.010846 3.240838
-0.178936 -0.487348 -1.604344
0.472015 -0.041780 2.399870
-0.002170 -0.400185 -5.974076
0.131704 0.227349 5.440258
-0.141395 0.234488 0.891517
0.231781 -0.371019 4.217603
0.019367 -0.442291 -5.816557
-0.306755 0.070078 -1.312477
-0.080559 0.076659 -2.172389
-0.162209 -0.193436 -2.905056
-0.247561 -0.415522 1.620715
-0.124664 0.240823 -3.865771
-0.160258 -0.066317 -0.265088
-0.101383 -0.244651 2.536213
0.112342 -0.154202 -5.644509
0.195596 0.083845 2.864289
0.071317 -0.196042 1.844519
-0.454055 -0.351990 -3.188211
-0.202823 0.199657 2.911256
-0.016996 0.296671 -5.434168
0.102869 -0.399367 5.976953
0.473453 -0.150055 0.454596
-0.309685 0.243767 -0.169940
0.483372 0.270208 1.655613
0.151875 0.267280 5.598700
-0.062762 0.495413 6.079990
-0.284259 0.200303 -1.601662
-0.291675 0.055383 3.773096
0.450020 0.470868 -3.637168
-0.445125 0.234441 4.649668
-0.210430 -0.021341 -4.803192
0.249212 -0.248774 1.684877
0.375646 0.247443 -0.599940
-0.345577 -0.245234 1.854174
0.342876 -0.439322 1.967749
0.433801 -0.345048 3.321080
0.181267 -0.394657 -4.793930
-0.461572 0.007628 -5.694404
-0.381253 0.210120 0.740423
0.427867 -0.030956 -2.365512
0.218358 0.042860 6.119860
-0.051861 0.265532 -0.910767
0.310789 -0.131173 -2.154244
-0.499410 -0.076847 4.120340
-0.445630 -0.004008 -2.694359
0.097446 -0.143839 3.177486
0.075996 -0.097532 -4.810718
0.081713 0.279067 0.764500
-0.359910 -0.199410 -4.705320
0.023693 -0.073019 -0.728110
0.137002 0.115202 -4.573587
-0.007042 -0.337492 5.563443
-0.244057 -0.387097 1.956052
-0.027758 -0.271333 4.464202
-0.416235 -0.449691 -1.518151
-0.263042 0.245698 -2.672545
-0.154412 -0.066809 4.857006
-0.477439 -0.332898 2.157738
-0.200106 0.365069 0.536254
-0.375616 0.060782 2.969452
0.048078 -0.451553 -0.556478
-0.241953 0.428139 0.588919
-0.379250 -0.014817 -4.480455
0.094019 0.423209 -4.828733
0.299543 -0.296570 -2.743599
-0.126851 0.317795 -5.636817
-0.038060 0.189372 -5.746108
-0.231959 0.458962 1.110734
0.245050 0.468447 2.619675
0.439478 -0.116947 2.353329
-0.166369 0.132080 -3.381347
0.329485 0.445900 -2.132041
0.410648 -0.389981 -4.269372
-0.417496 -0.468312 0.239285
-0.428241 -0.218070 0.099593
-0.118293 -0.495713 -2.340520
-0.075579 0.320748 2.125291
0.358342 -0.301785 -6.251941
-0.155223 -0.234107 1.997734
0.312715 -0.464900 -3.958058
0.361428 0.228386 -5.926046
-0.072615 0.120273 -4.281703
0.280244 0.081767 -2.455761
-0.196895 -0.256975 -0.112053
0.076808 0.262252 1.589324
-0.236454 0.199013 -2.662053
-0.199058 0.430034 4.537821
0.256061 -0.411209 5.319535
-0.175350 -0.384934 4.597360
0.069790 -0.159519 -0.518569
0.182741 -0.025621 4.983731
0.111515 0.097660 -4.768100
0.117246 -0.238152 0.697238
-0.059785 -0.317831 2.439025
0.317254 -0.062002 -1.524304
-0.362950 0.058316 1.269016
-0.058908 -0.060548 2.684999
0.353479 -0.244936 -4.811025
-0.389650 0.427390 0.684889
-0.287694 0.046911 2.828350
0.262065 -0.297681 5.440332
0.359755 -0.041963 -1.162545
-0.313027 0.198939 -5.963348
-0.436793 -0.295597 0.378749
-0.094977 -0.336771 4.897445
0.365957 -0.312728 -4.874020
0.409108 0.199460 -6.176049
0.174890 0.184766 -0.942827
0.050863 -0.079950 -0.876759
0.188492 0.078676 -5.076286
0.123624 0.214402 4.292845
-0.053916 -0.216814 3.939460
0.233833 -0.380222 6.051927
-0.383477 0.143153 -3.061156
0.384856 0.327287 -4.261971
0.488930 -0.277352 -0.002347
-0.489133 0.332128 1.217149
-0.017675 -0.105611 5.622848
-0.436338 -0.056468 0.041772
0.170747 -0.260430 4.007937
0.284532 -0.396331 4.402902
-0.475211 -0.136622 -5.324649
0.237925 0.177663 -1.110744
0.311530 0.191847 4.955545
0.356408 -0.136638 4.259579
0.473447 -0.378038 -4.740665
0.232698 -0.009085 5.100348
0.470775 -0.155746 4.782688
-0.376145 -0.039899 3.836457
0.441594 0.148240 0.646877
0.237635 0.364634 -1.223781
0.201317 -0.340074 -4.984914
0.067470 -0.295077 -2.933978
-0.204994 -0.005924 0.104157
0.133413 0.097316 -4.980123
-0.489437 -0.213391 5.960416
0.085745 0.424974 -3.781781
0.300471 -0.122610 -2.016715
-0.047835 -0.411779 -6.254170
0.442936 -0.440437 -3.492038
0.029466 0.179160 -4.296932
-0.289719 -0.129878 1.632425
0.332665 -0.405081 -6.270015
-0.378712 -0.375719 -3.173741
-0.382915 -0.070475 2.167877
0.354354 -0.030326 4.000377
-0.249732 0.008325 0.983093
0.405918 0.192152 -6.207829
0.097408 0.211108 -4.478510
0.343670 0.264176 -6.014915
-0.204981 0.181780 2.200667
0.409375 -0.429550 -0.406346
-0.172651 -0.023741 -5.909909
-0.492890 -0.361819 -3.629709
-0.066250 -0.288082 -0.669822
0.298257 0.153713 4.043457
0.031487 0.175834 -4.090285
0.419800 0.242513 -0.396669
0.234317 -0.466996 -3.529465
0.073200 -0.207363 2.865447
0.366995 -0.472141 3.783422
-0.356388 0.190644 -0.871764
0.155214 -0.069110 5.032813
0.046923 -0.130927 4.770827
-0.042464 0.411880 1.500167
-0.333137 0.476253 -2.893882
0.407375 -0.313425 0.995490
-0.187067 -0.314702 1.230245
-0.061971 0.376710 -2.870100
-0.352529 0.400802 1.845361
-0.274990 0.402193 0.852399
0.250490 0.394931 -4.527726
0.141754 0.152305 -3.244799
-0.461499 -0.107145 -5.522366
0.209459 0.411575 -2.271261
0.470289 -0.465812 -5.898480
0.175738 -0.346915 -0.434233
0.326830 -0.401625 -4.258344
-0.486342 0.126651 4.312787
0.374613 0.149566 3.007463
0.126113 0.048295 4.708178
0.053961 0.311503 0.943517
-0.409458 0.070059 3.613015
-0.426562 0.495918 3.163581
0.065042 0.447270 6.169380
0.189410 0.431132 5.720547
-0.289019 -0.160607 -2.332275
-0.207588 -0.088705 -2.136044
-0.191099 0.312691 -5.884391
0.392315 0.319977 -3.925133
0.381790 -0.342202 4.528402
-0.040542 0.399129 -2.803969
-0.397533 0.108489 -2.942500
0.442642 0.407644 -3.498365
0.169435 0.223324 5.125389
-0.291842 0.061802 3.045196
-0.077877 -0.393030 2.206817
-0.323788 -0.124147 1.524691
0.343794 0.483131 10.308755
-0.276547 0.479991 0.315235
-0.341407 -0.201199 2.586682
0.034356 0.368740 6.058013
-0.495192 0.473817 -0.360967
-0.496653 0.134795 4.235358
-0.261309 0.046701 3.956788
-0.385737 0.202189 -3.439017
-0.434447 0.175595 0.339359
-0.000409 -0.261822 4.445393
-0.212136 -0.094314 4.898695
-0.451993 0.152581 0.551449
-0.464938 -0.141676 -5.777410
0.417729 0.446634 3.078210
-0.322722 -0.131633 -1.870093
-0.061247 0.336538 -5.437419
0.219250 -0.185435 3.001437
-0.405417 -0.337100 -5.797792
-0.088790 -0.130007 4.087339
0.260968 -0.431488 5.496071
0.266753 0.360203 1.742474
0.020944 0.211769 -0.061181
0.425361 -0.138830 2.773526
0.145727 -0.025021 4.492005
0.244052 0.371095 -2.092103
0.074698 -0.011902 4.220560
0.382607 -0.403507 -3.969325
0.009331 -0.358038 2.904558
0.105141 0.471146 -6.045032
-0.143467 0.060341 -5.591456
0.332301 -0.362077 -5.964177
