0.026519 0.499926 0.154994
-0.478080 -0.166271 -1.350372
0.156442 0.355160 -0.161961
-0.030756 0.101581 -1.742399
-0.447173 0.317251 -0.880639
-0.192398 0.195220 2.176098
0.388977 0.233595 -0.686525
0.370279 -0.437488 -1.420839
-0.104108 -0.071525 -1.849900
-0.071721 0.263656 -0.072552
0.045416 0.399895 -0.120271
0.019548 0.204124 0.079184
0.475077 0.358114 3.117820
0.138947 0.356829 -0.305869
0.440084 0.208164 -0.541034
0.141631 0.348889 -0.081630
0.164291 0.454225 -0.277771
0.128158 0.435390 -0.466192
0.114325 0.234754 -0.722189
0.019498 -0.319117 0.382176
0.435714 0.239212 -0.332902
-0.148797 -0.437762 -0.954521
0.003492 0.056570 -0.879133
0.138494 0.412761 0.042536
0.396710 0.416283 -0.599199
0.239302 -0.493425 -0.297659
0.147630 0.349052 -0.331784
0.430272 0.135496 -1.286226
0.128557 0.348552 -0.491613
0.042481 0.462257 0.199731
-0.419526 0.257293 2.049852
-0.283589 0.436970 -1.268618
-0.404110 0.247335 0.727292
0.146440 0.477072 0.126399
-0.080566 0.360694 1.420027
0.443797 0.281618 -0.897335
0.206046 -0.015064 -1.977140
0.164698 0.459821 -0.216627
-0.006943 0.350002 -0.038542
-0.151496 0.360969 -0.289259
0.206584 0.180481 -0.980268
0.474939 0.496838 -0.816884
0.075053 0.499080 -0.012295
0.132102 0.479099 -0.254064
0.022757 0.490647 -0.026514
0.101425 0.493630 0.114829
0.470231 0.421351 0.285516
0.100542 -0.433902 -1.334589
0.469286 0.357461 0.485496
0.028153 0.479165 -0.159875
-0.005216 0.478253 0.395050
-0.477550 0.380919 2.021089
0.097207 -0.434541 1.609064
0.312695 -0.052452 -2.319432
0.243713 0.292247 -0.930497
-0.392956 0.066519 2.189365
0.136004 0.467704 -0.192530
0.143095 -0.243054 -2.917375
0.346595 0.113804 -1.262975
0.029321 0.159134 -2.114913
-0.496262 0.295478 -1.288682
0.439480 0.239644 -0.249232
-0.110512 -0.413442 0.247796
-0.432968 0.278740 1.383962
-0.196341 0.171891 -2.687199
0.031288 0.494646 -0.031378
0.059807 0.208100 -0.765306
0.044103 0.422256 -0.351598
0.016796 0.273109 2.611996
-0.087409 0.112656 -0.182021
0.157318 0.440895 -0.233856
0.487568 0.442984 2.774003
0.172713 0.370124 0.494211
0.018232 0.491836 -0.215549
0.031375 0.494209 -0.033325
-0.488839 -0.249810 2.410031
0.239811 0.199113 -0.526827
0.233275 0.431586 -2.963660
-0.353484 0.178279 1.130057
0.096822 0.495229 -0.160676
0.241257 -0.492105 -0.300744
-0.205710 0.266846 1.555791
0.093569 0.496156 0.013564
0.155275 0.439920 0.230792
-0.261586 0.118965 -0.988007
0.144463 0.393873 -0.298410
-0.131130 0.347091 -0.278217
-0.442701 -0.359232 0.039275
0.140330 0.476491 -0.065045
0.139920 0.324108 -0.174773
0.129902 0.341886 -0.417092
0.473192 0.444542 0.586120
-0.162348 0.435711 -0.732194
-0.489808 -0.051482 2.177390
0.330925 0.251716 -1.610430
0.482324 0.219924 -0.823314
0.108791 0.251845 -0.795909
-0.138739 -0.262120 2.211801
-0.084259 0.224720 0.086010
-0.020023 0.415455 0.533469
0.134341 0.459301 -0.227272
0.067912 0.194287 -1.320188
-0.196757 -0.250440 2.483101
-0.403727 0.271176 -2.684774
0.151790 0.442141 -0.020755
0.196310 0.265149 -0.662995
0.372312 0.210738 -2.207195
0.047745 0.493070 -0.136761
0.146912 0.427274 0.045331
-0.448498 0.276983 1.187825
-0.015175 0.119269 -1.278013
-0.465876 0.301895 -1.326349
-0.022431 0.428052 0.819458
-0.106896 0.350998 0.776116
0.446416 0.074714 0.501216
-0.111568 0.411140 0.806116
0.163978 -0.223479 0.839395
-0.425975 0.248630 1.731623
-0.239657 0.261834 1.822659
0.058759 0.067111 1.931209
0.107521 0.409248 -2.736905
0.119892 0.443652 -0.180589
0.453232 0.075597 0.841123
-0.249317 0.493764 1.721818
-0.168345 0.495983 -1.653901
0.001911 0.487710 0.006670
0.374851 0.113851 -0.248559
0.167510 0.457623 0.007049
0.019827 -0.119496 -1.706067
0.159409 0.375252 -0.315224
0.244377 0.116380 -2.215846
0.145107 0.493815 -0.031924
-0.153143 0.428339 0.351639
0.124235 0.313965 1.707449
0.078761 0.494539 -0.095418
-0.105404 -0.485891 2.277008
0.481490 0.216398 -0.564263
-0.185766 0.129144 -0.116233
0.038649 0.074926 -2.083120
0.316322 -0.344653 2.225434
0.367739 0.489898 -0.672687
0.028491 0.418310 0.697408
0.444642 0.059955 0.459287
0.382221 0.173940 1.529785
0.097017 0.499057 -0.098922
0.037042 0.478849 -0.017626
-0.080450 0.238558 -0.211297
0.048118 0.496623 0.517589
0.149048 0.442323 -0.138881
0.340582 -0.425745 2.755180
0.293806 0.040286 -0.067753
0.379534 0.316779 -2.128659
0.330545 0.239488 -1.761540
0.102258 0.497728 0.290518
0.425127 0.380502 0.152990
-0.498390 0.474610 2.485629
0.022343 0.413457 -0.113292
-0.394711 -0.172138 0.669254
0.473878 0.385418 -1.723990
0.145883 0.459482 -0.136712
0.015063 0.498550 -0.241879
0.150591 0.437088 -0.401962
-0.030394 0.441545 -0.599384
-0.100899 -0.292880 2.797809
0.132172 0.484437 -0.199330
-0.237040 0.401225 1.408323
-0.272107 0.484189 -0.017930
-0.003738 0.478858 -0.188054
-0.484755 0.327073 0.768210
0.085918 0.401717 -0.755573
0.072088 0.352646 -1.177841
0.321520 0.494421 2.007388
0.388446 -0.366132 1.444858
0.427337 0.209386 1.510236
-0.402426 -0.149444 0.935425
0.138846 0.228574 -0.787129
0.465744 -0.151957 -2.349264
-0.489203 0.385620 -0.516543
0.425242 -0.445388 -1.834884
-0.198126 0.289478 2.594918
0.125904 -0.224849 0.783908
-0.229465 0.378062 -0.500942
0.150446 0.449722 -0.012104
-0.062451 0.191944 0.523950
-0.307422 0.066335 -2.472022
-0.485519 -0.246294 0.024349
-0.312967 0.182714 1.493449
-0.482132 0.394921 -1.147051
0.052816 0.191975 -1.508547
-0.357324 -0.200423 0.377521
-0.496432 -0.116162 2.241327
0.416328 0.285772 -1.679855
-0.201716 0.436927 0.147378
-0.451897 0.079131 2.229483
-0.423729 -0.137563 0.941131
0.312010 0.085496 -2.099291
0.116765 0.235087 -0.676287
0.128139 0.466889 0.154323
0.464463 0.070061 -1.632845
-0.361086 -0.085206 0.711860
0.064201 0.183261 -0.762859
0.113123 0.229769 -1.077973
-0.295246 0.215689 1.209910
0.056477 0.254366 -1.170319
0.139040 0.498963 -0.051263
0.298418 -0.002783 -0.644260
0.082006 0.388740 -0.123284
0.080538 0.491385 0.035386
0.332101 0.485887 -0.278147
-0.205545 0.152297 1.466229
-0.406139 0.271883 1.750101
-0.298947 0.244530 1.132770
0.060627 0.430626 -0.642998
0.056989 0.326360 -0.541176
-0.044340 -0.052420 2.380925
0.286342 -0.421361 -2.913086
0.131804 0.475303 -0.060999
-0.419223 -0.144033 0.872241
0.456195 0.268521 -2.815792
0.014095 0.494935 -0.096334
-0.349043 0.182613 1.922728
0.029685 0.486088 0.107222
0.134341 0.485551 -0.192198
-0.413374 0.285897 2.019885
0.242762 0.283574 1.490054
0.160517 0.455005 -0.301596
0.122850 0.341297 -0.173021
-0.481636 0.168983 2.844473
0.041524 0.405533 -0.323314
0.117636 0.325325 -0.209378
-0.053412 0.230344 -1.933941
0.153354 0.452766 0.152012
0.130814 0.341182 -0.070505
0.040144 0.108984 -1.631327
0.125375 0.333434 -0.169512
0.120351 0.260811 -1.094999
0.094773 0.490698 0.167935
0.092411 0.347259 2.240057
-0.067431 -0.010058 -0.750292
0.121387 0.482935 0.222859
-0.215740 0.134723 -0.530255
0.131096 0.440277 -0.135156
-0.177754 -0.483894 -0.802898
-0.113309 0.462081 -1.055753
-0.417737 -0.260099 -2.720171
-0.479267 -0.164557 2.729752
-0.274276 -0.019306 0.367830
-0.051203 -0.057861 2.151910
0.156175 0.436034 0.076387
-0.293485 0.270074 0.888817
-0.381829 0.285148 -1.146048
-0.128116 -0.236449 0.393621
-0.220531 -0.479102 -1.169640
-0.421956 0.046775 2.858757
0.126314 0.456060 0.079740
0.389863 0.033415 -1.150434
0.115788 0.433239 -0.207345
0.457676 0.073264 2.955470
0.005629 0.485769 -0.316875
-0.173166 0.032567 -0.767546
0.050479 0.400587 -0.008931
-0.436442 0.412973 1.810774
0.166258 0.453442 -0.395031
0.472841 0.372982 -1.265830
0.171956 0.300824 0.108954
0.029354 0.458965 -0.145976
-0.322514 0.359980 1.117810
0.027157 0.495096 0.160828
0.102010 0.088376 -1.226203
0.027659 0.413781 0.089533
0.100593 0.499633 -0.012805
0.099547 0.044076 2.032661
0.110670 0.119470 -2.521315
-0.306341 0.254698 1.940967
0.356265 0.470304 -0.596015
0.020601 0.380804 -0.088676
0.494146 0.441163 -1.570825
0.155253 0.424876 -0.092465
0.163533 0.463976 -0.437346
-0.172778 -0.242754 0.606852
-0.432485 -0.011376 -1.070849
0.007455 0.488197 0.101849
0.286199 0.429974 0.328988
0.299975 -0.423865 -2.762812
-0.215589 -0.475973 -1.819112
0.240556 0.328181 3.073123
0.150489 0.369305 -0.260304
-0.233847 0.467647 -0.913000
-0.233682 0.263787 1.835085
-0.180930 0.484956 -0.620557
-0.463246 0.374768 -1.645943
0.032889 0.416724 -0.547283
-0.159830 0.119994 -2.307677
0.068765 0.201597 -1.738729
0.028792 0.250097 0.304699
0.379721 0.084742 0.757493
-0.097767 0.298082 2.175027
-0.421443 0.319654 -1.058518
0.081358 0.397863 -0.398644
0.056763 0.476301 0.152758
-0.499687 0.467855 2.603489
0.140640 0.489715 -0.020498
-0.427587 0.328835 -2.836490
0.129105 0.335677 -0.419785
0.444027 0.306750 -1.471027
0.025619 0.297012 1.338836
-0.013327 0.084824 0.362822
0.130842 -0.336209 -1.646065
-0.242923 0.190685 1.473100
0.186209 -0.148501 -0.856840
-0.164556 -0.320276 -0.072807
-0.185977 0.102925 0.254739
0.045441 0.146941 -0.799841
0.352310 0.471560 -0.303919
-0.421737 0.132494 -0.428134
0.377849 0.289510 -1.690925
0.285750 0.422683 -0.779285
0.145483 0.360714 -0.427922
-0.003333 0.384493 0.504889
0.135495 0.358197 -0.286395
0.128974 0.442118 -0.130940
0.109936 0.478936 0.291358
-0.118305 0.309092 -0.472801
0.029969 0.480361 -0.164018
0.014263 0.372242 0.278352
0.081416 0.469413 -0.151126
0.233869 0.127073 -1.973786
-0.382681 0.285960 -0.727189
-0.391466 0.283636 -1.269663
0.070501 0.195062 -1.357754
0.019423 0.491816 -0.203864
0.000776 -0.199819 2.558928
-0.213638 0.499251 -0.157572
-0.439029 0.097637 2.000965
0.048832 0.186526 -1.096878
0.368064 -0.452785 1.394470
-0.097817 -0.194460 -1.730613
0.025626 0.488756 -0.049069
0.061761 0.484754 0.018202
0.029032 0.484563 -0.218641
-0.146077 0.205607 -1.298639
0.104466 0.275117 0.415301
-0.178511 0.070484 2.233265
0.121899 0.495192 -0.023468
0.465023 0.227717 -2.845172
0.202732 0.309835 -0.151859
0.390108 0.086041 0.866492
0.106031 -0.418515 -2.681641
0.128786 0.349832 -0.283297
0.006853 0.477310 -0.069591
-0.322804 0.149249 -1.360965
-0.267564 0.025728 -2.506813
0.201066 0.335672 0.374781
0.035072 0.422994 -0.345098
-0.389197 0.340810 -0.881411
-0.150031 0.132252 1.171210
0.067438 0.498141 -0.200663
-0.017183 0.147690 0.064811
0.051065 0.216035 -0.738305
0.043459 0.366534 -0.995584
-0.115080 0.496068 0.197595
-0.000341 0.345036 -0.263600
0.458151 0.062976 2.427514
-0.131854 -0.373921 0.680771
-0.175928 -0.138647 -0.184981
0.371610 0.485540 -0.846871
0.270397 0.384145 -2.387271
-0.215986 0.203702 -0.121073
0.471703 0.355326 2.861167
0.024769 0.486529 -0.046441
-0.316712 0.273113 -0.637554
-0.133661 0.239203 2.327817
-0.096364 0.230262 -1.364085
0.045339 0.205758 -0.675842
0.067393 0.059378 2.007174
-0.080685 -0.347856 2.287334
0.443722 -0.191988 2.789234
0.151747 0.455817 -0.012133
-0.187265 0.132991 -0.036294
0.131705 0.496330 -0.081581
0.132910 0.220906 -0.739995
0.359842 0.468593 0.808016
0.084999 0.135648 -1.851253
0.008206 0.486150 0.055634
-0.376713 0.295673 -1.000798
-0.171053 -0.292242 0.260529
0.094406 0.346024 2.287102
-0.242822 -0.083215 -0.983941
0.246802 0.045198 -1.442702
0.470166 0.471025 0.037527
0.007919 0.488731 0.116554
0.174197 0.347390 0.269518
0.470896 0.356808 3.075176
-0.180223 0.112244 0.638974
0.076269 0.192918 -1.360845
0.102208 0.324307 -0.642688
0.000718 0.490617 -0.188592
-0.111757 -0.035690 3.007450
0.055862 0.181822 -0.515556
0.244140 0.199654 -0.382863
