0.341821 0.203818 5.093934
-0.380698 0.437092 5.230691
0.241988 0.427878 2.102221
0.249624 -0.264472 -0.727109
0.021626 0.428786 5.673367
-0.017362 0.392584 4.893015
-0.192790 -0.039639 4.556496
-0.338927 0.490502 -2.938773
-0.476706 0.137034 2.139741
-0.349038 0.159213 -5.721453
0.042239 0.189661 -4.768692
0.079457 0.375886 4.507129
-0.040871 -0.486347 2.638300
0.110670 -0.408973 -4.969065
-0.077636 0.396241 -1.354744
-0.179242 0.463696 3.325604
0.041742 -0.486469 2.680065
-0.156072 -0.310939 1.103546
-0.336279 0.263766 -3.396880
-0.293037 0.177645 4.490189
-0.282633 0.097895 -3.647504
0.043507 0.247857 1.502476
-0.466900 -0.158217 -3.779229
-0.452635 0.379724 -5.821641
-0.170955 -0.006756 -1.704577
-0.475749 0.435819 -5.069524
-0.219008 0.472035 -4.722938
-0.293507 0.448489 -1.760729
-0.187957 -0.213208 -5.081731
-0.001074 0.050721 -2.618506
-0.449824 0.228529 5.211991
-0.397428 -0.491070 0.475528
0.289276 0.128696 4.417307
-0.297304 0.030675 1.810497
-0.085606 0.114347 -2.784658
0.416355 0.485938 -0.091278
-0.331171 -0.413428 4.207642
-0.280805 -0.163142 -0.325726
-0.348340 -0.404443 -4.862162
-0.446951 0.244378 1.522850
-0.109021 -0.052360 -3.405201
-0.192631 -0.115675 -6.096962
0.487272 -0.051417 -5.774588
-0.036564 -0.379652 -6.270537
-0.313217 -0.358652 2.388751
-0.487899 -0.003553 2.425691
0.372731 0.343945 2.563939
-0.148681 -0.315090 -3.515714
-0.051275 0.111466 -3.185649
0.323489 -0.321766 0.414179
0.270098 -0.157352 4.179892
0.052791 0.402515 3.229925
0.384268 0.246255 -2.408469
-0.052372 0.112570 -1.147483
0.045322 0.064416 -4.550110
0.397884 -0.057610 -1.287138
-0.080296 -0.369222 -2.495058
-0.278687 0.150847 3.946020
0.467214 0.378994 3.636645
0.392183 -0.365798 5.597388
0.137723 -0.401248 -4.055318
-0.038513 -0.469179 3.038716
-0.281002 0.375833 -6.167232
0.430038 -0.006693 3.926588
0.234217 0.209863 5.931221
-0.103970 -0.483501 -5.911167
-0.137658 0.201504 0.774378
-0.149149 0.252564 4.402130
-0.361561 0.279737 -0.142093
0.119839 0.438042 5.630011
-0.384506 -0.079031 3.892704
-0.332845 0.467034 -1.518826
-0.461443 -0.079881 -3.997684
-0.294494 0.005704 1.399976
-0.200910 -0.233756 1.938646
-0.432449 0.389825 -0.130450
0.040015 0.414101 2.155582
-0.024693 0.490755 10.347801
0.215160 -0.305436 -3.422556
-0.383093 -0.412128 -0.611053
0.060641 -0.341676 -2.517572
0.202223 0.141748 -3.334702
-0.401122 -0.397484 -4.553147
0.170713 0.412332 -0.751969
-0.165259 -0.415009 2.599402
-0.216797 0.373709 -5.251680
-0.389174 0.464848 2.984669
-0.059104 0.379653 3.840907
-0.491129 -0.017059 6.359397
-0.402704 0.405995 -3.530388
0.172690 0.410195 2.425408
0.484339 -0.190779 -2.078788
0.045487 -0.034084 -2.021889
-0.466232 -0.003599 3.099562
-0.446038 -0.116731 -3.006523
0.383316 0.466835 2.470649
0.085021 -0.394418 -5.588337
-0.282508 0.095221 -3.588465
-0.212006 0.026692 -0.302228
-0.474726 0.346525 3.243984
-0.169259 0.368367 -1.270970
0.238471 0.296951 1.888368
-0.470792 0.428662 1.454992
-0.451531 -0.084660 3.025530
0.096793 0.026569 2.310579
-0.260747 -0.252815 1.707144
0.055329 0.341701 3.272381
0.139323 -0.476202 0.884808
-0.067785 -0.295180 4.227407
-0.433438 -0.043275 4.056442
-0.454154 0.330221 4.081133
-0.235959 0.117052 4.042764
0.276953 0.070604 -6.258761
-0.404890 0.014530 -6.243657
-0.147878 -0.423021 -2.454958
0.403844 -0.415132 3.518707
-0.336439 0.205677 2.906086
0.046659 -0.235165 3.313477
-0.055176 -0.150253 2.155898
-0.390861 -0.284105 1.419282
0.109946 0.165551 -5.769215
0.189340 -0.331240 -3.071262
-0.230986 0.052627 3.501261
-0.111891 -0.321008 -2.907095
-0.295074 0.477428 10.810632
0.181209 0.267699 2.450639
0.302777 -0.007779 -4.509635
0.141430 0.265443 -6.164490
-0.458221 -0.432026 1.173449
0.173076 0.318009 -0.593391
-0.167167 0.486755 -4.192264
0.494018 0.226935 -5.880183
-0.205735 -0.074375 5.992512
0.181497 -0.035497 -0.658667
-0.155778 -0.303049 5.768676
-0.451395 0.196085 5.575912
-0.047941 -0.382157 1.143095
-0.266665 0.039258 -2.223998
0.121493 0.333872 5.082108
-0.130452 0.253309 4.463282
-0.082547 0.489653 3.941017
-0.439419 0.287035 1.190266
0.017365 0.398591 -1.867964
-0.276273 -0.476164 -2.025816
0.284399 -0.208807 -0.513842
0.067168 0.421615 -0.115366
0.131464 0.116777 -0.962122
0.436889 0.020610 -5.344053
-0.398871 -0.419811 -4.255990
-0.440827 -0.268173 3.667636
0.197750 -0.256990 -5.634407
0.181741 -0.126858 5.987655
-0.397373 0.241903 5.272961
-0.294592 0.148035 -0.178402
-0.136085 0.319169 4.248374
-0.099954 0.383763 1.783367
-0.194151 -0.055892 -3.542335
-0.250793 -0.047881 -4.749102
0.486524 -0.096381 -5.267116
-0.344023 0.485287 -2.818288
-0.331123 -0.045381 3.147161
-0.014266 0.478034 5.653416
-0.282014 -0.192133 -2.187536
-0.130034 0.302001 3.007970
-0.058437 -0.149861 -3.972155
0.413468 -0.033863 -6.012569
0.021778 0.068947 -4.163715
0.054150 0.487110 -5.922233
-0.200349 -0.397940 -2.026115
-0.339987 0.390851 -5.484815
0.109255 0.442217 5.477361
-0.148932 -0.469739 -2.098278
0.202473 -0.446873 2.986625
0.298648 0.207641 2.484058
-0.204817 -0.327899 6.176799
-0.293696 -0.460837 4.230653
0.299684 -0.027110 0.949835
-0.281621 -0.253179 -2.527830
0.348823 -0.271720 -3.247714
-0.159359 -0.012165 -1.684424
0.195815 0.497541 4.809929
-0.471746 -0.420269 6.195166
0.349605 -0.159353 3.229943
0.031137 0.399578 4.317985
0.438133 0.011337 5.054823
0.206094 -0.257209 -4.336233
-0.251728 0.396214 6.002901
0.485189 -0.038222 -0.591646
0.370745 -0.486760 1.023618
0.428670 -0.336704 5.341927
0.203996 0.152572 1.995937
-0.089866 -0.313870 -4.093411
0.390530 -0.044731 -3.970075
0.162189 0.193169 -1.629765
-0.321416 0.196307 3.160385
-0.085093 -0.443208 2.054908
-0.337494 -0.288831 -3.342788
-0.050763 -0.400338 -4.036980
-0.037616 -0.321241 4.101881
0.496845 0.235626 -6.139391
-0.397807 -0.178555 -5.620816
-0.205861 -0.338026 -3.610062
-0.430153 0.487166 2.479046
0.388366 -0.203949 -4.715945
-0.163475 -0.333342 3.099661
-0.165301 -0.161376 -2.798868
-0.393400 -0.408917 -4.265936
-0.299072 0.167431 -3.600793
-0.324879 0.454804 -5.714595
-0.461317 0.439552 4.453687
0.227232 -0.259020 -1.029734
-0.065908 -0.492896 -1.771357
0.137664 0.223006 0.354640
-0.046726 0.417727 5.084038
0.129035 0.024783 4.452812
-0.458609 -0.467455 4.479185
-0.302580 0.299708 2.445509
-0.258190 -0.052218 -5.437853
-0.218648 0.354540 -5.578743
-0.323313 -0.253954 4.187142
0.480399 0.023449 -5.250585
0.152538 -0.469333 -3.197509
-0.126977 -0.433341 5.844044
0.379248 -0.216217 5.796312
0.482244 0.057198 -5.154172
0.331669 0.298633 5.135336
-0.393837 0.385745 -3.737770
0.470564 0.468483 3.602260
0.277612 0.156109 3.831343
-0.384160 -0.189592 -2.908458
0.302404 0.321584 1.342013
0.278549 -0.246994 3.769491
0.164177 0.328236 1.435202
-0.452366 0.407910 -1.275865
-0.472219 0.154296 5.905872
-0.058701 0.381335 2.370799
-0.028878 0.152548 -0.512650
-0.133685 -0.091170 1.052647
0.464265 0.391327 3.665772
0.334642 -0.113796 6.047799
0.183570 -0.277970 -1.156718
-0.400117 0.452005 3.191579
-0.371990 -0.063863 4.859598
0.121791 -0.040015 -1.400148
-0.367057 0.022025 5.047706
-0.060172 -0.014172 -2.046296
0.482955 -0.231134 0.072264
-0.486584 0.339033 3.167491
0.180537 -0.018219 3.382545
-0.144623 -0.006470 -2.492997
-0.092207 -0.419225 -4.171064
-0.370085 0.164353 4.459998
-0.153270 -0.287810 -3.587202
0.223786 0.142953 1.585879
-0.453860 -0.105891 -4.100788
-0.118271 0.173214 0.646001
0.144632 0.377984 2.562848
-0.447619 0.176596 5.645384
-0.112118 -0.042890 4.847957
0.154109 0.349265 5.232269
-0.026879 0.057897 -4.848017
-0.023073 0.470211 5.179137
-0.173605 -0.494356 0.422778
0.195255 -0.030810 3.471133
0.234444 0.337248 1.842087
0.380289 0.496340 -3.632004
-0.311266 0.106619 -4.917885
-0.332490 -0.084066 -5.137365
0.401785 0.003978 4.867612
-0.100848 -0.246456 -4.285956
0.174692 0.341108 -2.498472
0.301725 -0.003812 -5.822077
0.407942 0.311645 -1.280953
-0.075535 0.414805 1.451385
-0.203631 0.248018 2.873194
-0.441319 0.443017 6.158096
0.115786 -0.402980 -5.251121
-0.449547 0.222378 3.852196
0.337931 -0.067796 0.669780
-0.251550 0.025554 -2.156818
0.401802 -0.184179 -1.820503
0.259313 0.491376 -4.056307
-0.307549 0.398585 -3.813658
0.408989 -0.094338 1.119214
-0.360264 -0.152808 3.682018
0.278421 0.261464 2.861000
-0.072575 -0.276087 0.083587
0.154366 0.388310 6.246945
-0.402536 0.245521 1.527167
0.199179 -0.253096 -5.533438
0.164482 -0.088059 2.575857
-0.043317 -0.280496 1.468115
0.211209 -0.305654 -3.009954
-0.297014 0.446537 5.541288
-0.421238 0.083241 -1.675223
-0.139216 -0.451519 -4.343810
-0.036183 -0.376888 5.972073
-0.096942 -0.280568 1.567770
0.080104 0.242905 2.778930
-0.108660 -0.206171 3.971378
0.499773 0.399659 1.240547
-0.268268 0.057924 -0.117208
-0.441283 -0.176978 -0.340728
0.035933 0.482632 4.824845
-0.182702 0.008474 -1.155032
0.150569 -0.493219 -3.350065
0.309520 0.071447 3.298840
-0.220654 -0.078972 -6.089949
-0.172520 0.365474 5.550270
-0.487280 0.005928 2.710626
0.070378 0.447748 -0.145101
-0.014551 0.491454 2.857220
0.091975 0.020710 2.478375
0.092328 -0.007040 -4.620898
-0.246923 0.093568 -4.716716
-0.083909 0.309145 4.937868
0.187155 0.052729 3.083629
-0.199141 0.152616 -2.338744
0.221341 0.230162 -6.132626
-0.380728 0.250797 1.662374
-0.303255 0.109292 -5.125025
-0.238081 -0.086232 -0.309959
0.444985 0.016935 5.393582
-0.054259 0.381425 1.535071
-0.242044 0.421529 4.742760
-0.250029 -0.497287 -2.274880
-0.480683 -0.063428 2.819421
-0.376935 -0.232895 4.349041
-0.091785 -0.359343 -4.254232
0.312765 0.287962 5.225186
0.232736 -0.107559 2.244138
-0.437396 0.446225 2.543286
-0.126830 -0.321444 -1.472791
0.405214 0.193879 1.955755
0.355179 0.212479 4.756449
-0.436690 0.460299 1.931824
0.182435 -0.051917 -1.306121
0.254831 -0.252649 -4.679199
-0.460864 0.037411 1.167091
0.297380 -0.026304 -4.432105
-0.042152 0.164986 -3.167801
-0.183520 0.283234 4.108436
0.227654 -0.329950 -2.897521
0.480943 0.029321 -5.159214
-0.382961 0.222670 -3.443228
0.180482 -0.015217 3.150979
0.254108 0.161796 1.400136
-0.019108 -0.302628 -4.084179
-0.412438 -0.449091 -5.305508
-0.287069 -0.043606 -1.698558
0.498610 -0.056769 -5.365452
0.246289 -0.394174 3.475670
0.157932 0.342829 -0.189388
0.330760 -0.375107 -3.868853
-0.214992 -0.105234 -6.113698
-0.208702 -0.273305 0.249467
-0.055101 0.427153 -4.874192
-0.017792 -0.164421 4.045518
0.478068 -0.045941 -2.208826
-0.052365 -0.397153 3.101986
-0.387216 -0.257885 -2.496055
0.386419 0.070250 5.420487
-0.345461 -0.295776 1.773989
-0.306400 0.429851 4.619186
-0.168967 -0.321012 3.057684
0.087520 -0.497926 -1.848848
0.280447 -0.378049 -5.158916
0.146705 0.403694 -4.015748
-0.305839 -0.164252 -3.982349
-0.051706 -0.302926 0.858023
-0.474412 0.089712 -1.667733
-0.158789 -0.155359 -3.105313
-0.384058 0.221329 4.686031
-0.275032 0.394212 -6.257957
-0.410673 -0.329181 4.650127
0.069322 0.399004 -1.710388
0.292538 -0.260173 4.052347
0.341783 -0.081479 6.029376
-0.498618 -0.181684 1.675012
-0.330847 0.448031 0.412065
0.492931 0.044338 -5.141839
-0.259343 -0.004812 -6.044451
0.102191 0.300216 -3.814901
-0.217842 -0.439189 4.967208
-0.097307 -0.376795 5.612319
0.486531 0.231039 -2.968005
-0.212875 -0.297188 1.424098
-0.245338 0.491767 -3.117219
0.001516 0.480359 2.064915
-0.446960 -0.485881 1.692371
0.291740 -0.220233 6.056548
-0.419820 -0.276376 -0.827599
-0.113334 0.329402 2.756774
-0.340274 -0.196600 3.752788
0.270876 -0.085324 -1.564630
-0.457615 -0.117332 -4.104205
-0.091814 -0.492406 3.385866
0.394402 -0.395767 6.119265
-0.441936 0.435935 2.200718
0.492240 -0.045301 2.457777
