-0.459049 -0.138816 1.024047
-0.185613 -0.326000 0.159602
-0.235755 0.472731 0.165327
-0.431637 -0.431257 -1.872804
-0.496952 -0.434702 1.589860
-0.029011 0.157923 1.501378
-0.341597 -0.405644 -0.977711
-0.343105 -0.192271 0.477494
-0.009208 0.074135 0.116686
-0.301914 -0.473526 -3.059709
-0.496097 -0.467934 1.324344
-0.410947 -0.329677 0.101898
-0.247700 -0.194272 2.705834
-0.446895 -0.370054 -0.659776
-0.492374 -0.371566 0.289597
-0.295604 0.042969 1.304224
-0.462219 -0.463052 1.204194
0.130963 -0.387398 1.139506
-0.230163 -0.171470 2.249619
-0.453525 -0.463157 -0.784846
0.042850 0.095866 2.149550
-0.203615 -0.008024 1.082690
-0.059224 0.313435 0.227186
-0.484710 -0.458893 2.503115
0.111681 -0.438552 2.117261
-0.491705 -0.437660 2.815128
0.291641 0.150056 1.342671
-0.311673 -0.236577 2.564038
-0.129825 0.435537 -0.080210
0.039990 -0.128393 2.997144
0.067413 -0.174418 1.346524
0.365330 0.386005 2.088197
0.164157 -0.259638 -2.329710
-0.477995 -0.471859 2.785714
-0.162036 -0.174236 -2.215165
0.311599 -0.229225 1.911989
-0.445614 -0.485411 2.876615
-0.083867 0.204065 0.170503
-0.466685 -0.060420 0.376918
-0.049587 -0.352956 2.610620
-0.370913 -0.374804 -0.555853
0.266733 -0.458510 -2.546173
-0.348446 -0.218843 0.375314
-0.467482 -0.490311 1.594065
-0.344683 -0.231045 0.329876
-0.460712 -0.226773 2.233667
-0.488557 0.074498 2.185867
-0.199787 0.271077 -2.171240
-0.467270 -0.492120 1.633619
-0.352327 -0.361298 1.395754
-0.193651 0.055834 1.776565
-0.287011 0.165944 1.192420
-0.025067 -0.101401 -0.082846
-0.462783 -0.463351 -2.779294
-0.414408 -0.378707 1.800075
-0.416490 -0.288840 1.553811
0.237992 0.476700 2.153991
-0.167428 -0.359176 0.950882
-0.203246 0.062742 1.498070
-0.210231 -0.347386 -0.686780
0.463899 -0.069631 -1.080727
-0.461904 -0.466841 3.122718
-0.462348 -0.416634 -0.842381
-0.399150 -0.319558 1.123545
-0.446671 -0.328202 -0.203893
-0.204485 -0.166352 -1.090557
-0.275397 -0.235194 2.410949
-0.459328 -0.486762 2.743874
0.202691 0.005342 -1.986735
-0.362427 -0.375284 3.071477
0.039849 0.037035 2.650165
-0.325579 -0.136730 -2.996753
-0.487566 -0.404944 -2.931103
0.032452 0.160431 0.221721
-0.210890 0.140681 1.680202
-0.433402 -0.475046 -2.774152
0.014141 0.465311 -0.850181
0.458668 0.331048 1.993806
-0.346567 -0.254510 2.416668
-0.136916 0.055776 1.170549
-0.498576 -0.463690 2.297601
-0.491076 -0.365801 3.115329
-0.364660 -0.399449 2.617649
-0.337780 -0.193078 0.426060
0.018280 -0.316432 -0.780755
-0.385394 -0.213118 -0.371439
0.031756 0.052272 0.571086
-0.315826 -0.468715 -2.865266
-0.242964 0.491332 -0.145170
0.077167 -0.075632 0.021434
-0.028218 0.035691 -0.524958
-0.309745 -0.391131 2.941061
-0.482362 -0.402030 -2.958797
-0.477215 -0.452380 1.135730
-0.445217 -0.477208 -1.583286
-0.471735 0.053511 -1.822820
-0.111181 -0.214831 -0.539657
-0.141585 -0.074012 -0.124725
0.286718 0.022588 1.636219
-0.314308 -0.482338 -3.097466
-0.155824 -0.047672 -0.521784
-0.125575 -0.263397 -1.901138
-0.225567 0.166446 0.089001
-0.437565 -0.103051 0.020026
0.439923 -0.094655 -0.579628
-0.493251 -0.360362 2.995440
-0.255309 0.348127 -1.611172
0.439503 -0.025139 -1.954404
-0.384161 0.018015 1.923393
-0.312298 -0.470373 2.845018
-0.083471 0.198577 0.383061
-0.466422 -0.459285 -2.731657
-0.494077 -0.488700 -2.479901
-0.409596 0.188136 0.827936
-0.247725 -0.191688 2.547093
-0.482820 -0.141364 0.424438
-0.243040 -0.414029 -0.365226
-0.483774 -0.206608 0.191681
-0.479676 -0.416357 2.563580
-0.420649 -0.305011 2.306606
0.043396 0.346202 -0.836245
0.238898 -0.362593 1.837771
-0.486197 -0.417834 2.601295
-0.442124 0.044956 1.059932
0.109423 -0.002548 1.603440
-0.491900 -0.380145 -3.048099
-0.491583 -0.462540 1.362302
-0.464357 -0.482877 -2.967604
-0.191318 -0.034787 1.482708
-0.233591 -0.121503 -2.203827
-0.179029 0.368089 0.410374
-0.350813 0.232240 2.132386
-0.483655 -0.444519 2.277329
-0.118242 -0.215437 -1.641552
-0.161542 -0.111722 1.456672
-0.257975 -0.194108 2.702545
-0.246565 -0.064963 1.737444
-0.463197 -0.475329 1.185463
-0.499723 -0.469603 1.474880
-0.298473 0.045058 -0.477652
-0.378672 0.017827 2.811949
-0.458461 -0.487538 -3.018122
0.280484 -0.253894 2.240781
-0.438384 -0.198660 -0.199273
-0.453425 -0.499546 3.022784
0.001899 -0.164421 -0.199290
-0.478314 0.474798 1.704956
0.352292 -0.071803 -0.258676
-0.463972 -0.481731 0.073075
-0.468424 -0.458907 -2.780958
-0.050528 0.004320 2.199196
-0.306509 -0.239311 2.792684
-0.461424 -0.459511 -2.978411
-0.330482 -0.474492 1.806800
0.499317 -0.076399 -1.162630
-0.149343 -0.117488 1.404848
-0.185071 0.288738 0.105092
0.027428 -0.137750 3.108991
-0.330871 -0.242579 0.505784
-0.261007 -0.063839 -2.707436
-0.484707 -0.457656 1.128574
-0.270280 0.451997 -0.811050
0.424824 -0.310288 -1.737763
-0.346459 -0.360919 -2.491903
-0.296095 -0.442621 2.179285
-0.483867 -0.276297 0.809378
-0.457676 -0.470585 1.699439
-0.443632 -0.420064 2.786060
-0.253289 -0.187540 2.802409
-0.468780 -0.397783 1.943620
-0.398927 -0.478891 1.295230
-0.405568 -0.370671 0.856249
-0.475074 -0.415627 1.076372
0.204188 -0.256787 0.671812
-0.480925 -0.411231 -2.835424
-0.490929 -0.488433 -3.081363
-0.495384 -0.489382 0.924987
-0.394040 -0.339745 2.484043
-0.038210 -0.039505 0.468616
-0.010825 0.074826 0.347099
-0.074937 0.088578 1.042242
-0.372284 -0.089208 -0.353806
-0.387109 -0.340664 2.730930
-0.496332 -0.223135 -2.436416
-0.475059 -0.489332 2.226290
-0.494138 -0.490938 -2.655867
-0.049713 0.115469 0.613923
-0.003155 -0.225712 -1.111410
-0.311104 -0.234679 2.793622
-0.339396 -0.228835 0.117954
-0.487552 -0.481064 -2.982815
-0.461976 -0.222801 2.331470
-0.488305 -0.391177 0.788471
-0.437011 -0.342788 1.514934
-0.498601 -0.355499 -3.133760
-0.094063 0.421331 -0.858483
-0.436497 -0.144892 0.823765
-0.294506 -0.460844 2.648253
-0.363524 -0.024864 -0.731907
-0.311470 -0.479389 -3.059754
0.360070 -0.453732 1.770792
-0.074483 0.207688 -1.366343
-0.496784 -0.461871 1.745367
-0.144184 -0.039929 -0.206009
-0.237540 0.129143 1.675029
-0.448064 -0.451294 2.918146
-0.486889 0.078063 2.234401
0.292190 0.306387 2.527700
-0.481700 -0.460937 -2.548010
0.013920 0.124767 2.051983
-0.455226 0.055513 1.361873
-0.383704 -0.083385 -0.403519
-0.332712 -0.216212 -1.839280
-0.217193 -0.184577 -0.716364
-0.250627 -0.199112 2.880193
-0.342235 0.121416 -0.327700
0.396918 0.139030 1.796393
-0.242276 -0.108891 3.125489
0.372592 0.389511 1.675671
0.480237 -0.076928 -1.619406
-0.343635 -0.199936 0.683643
0.007712 -0.296778 1.418575
0.442702 0.009418 -2.807838
-0.254066 -0.205892 2.344833
-0.323741 -0.471810 2.187047
-0.066094 0.015318 -0.203143
-0.384688 -0.211618 -1.895618
-0.494708 -0.464641 -1.737989
-0.213905 -0.255399 -2.999579
-0.381523 -0.242377 1.772171
-0.380951 -0.325325 -2.614246
-0.485670 -0.493890 -0.301823
0.011652 -0.167914 1.428355
-0.211828 0.210298 0.785166
-0.307229 -0.475792 -3.013279
-0.184285 0.119459 1.569814
-0.493715 -0.373953 2.211398
-0.497375 -0.432408 2.304224
-0.487313 -0.409467 -3.096948
-0.340338 -0.243648 0.008672
-0.200908 0.363738 -1.642793
-0.491223 -0.376973 2.008422
-0.474188 -0.193825 -0.575565
-0.457008 -0.470552 -2.603822
0.036456 0.031011 2.173762
-0.443335 -0.392647 1.766590
-0.468132 -0.145575 1.349375
-0.487989 0.055869 -1.744194
0.040051 0.220476 2.647164
-0.404007 -0.365673 0.782826
0.260135 -0.254288 1.808496
-0.209404 0.341501 -2.344854
-0.204760 -0.140003 -2.215643
0.419164 -0.071616 -0.613629
-0.477609 -0.412973 -2.946658
-0.400800 -0.303881 0.030660
-0.494573 -0.426563 -0.316478
0.232272 -0.354728 -2.923575
0.097619 -0.083624 1.931829
-0.493203 -0.381891 2.957067
0.181963 -0.271628 -2.426078
-0.496783 0.064888 1.180131
0.029975 -0.100608 2.560240
-0.476009 -0.423004 -0.038580
0.041198 0.038151 2.427108
-0.306925 -0.478824 -3.093244
-0.254364 -0.197739 2.468093
-0.347777 -0.190467 0.438880
-0.390512 -0.418094 0.334475
-0.322818 -0.165687 -2.923440
-0.480555 -0.410645 -1.878521
-0.055952 0.042150 -0.004130
-0.304848 0.045450 1.835489
0.049793 -0.036772 2.817067
-0.304654 -0.444205 -2.823615
-0.339215 -0.198682 0.358361
-0.440815 -0.458425 -2.896362
-0.346572 -0.089521 -3.091901
-0.275087 -0.230086 2.035481
-0.441009 0.026017 1.431982
-0.497371 -0.259120 0.644558
-0.276030 0.008918 2.062408
-0.328678 0.006585 -0.676602
0.176219 0.126174 2.053832
-0.000675 0.197872 1.720675
0.005846 0.240555 -0.605527
-0.095055 0.480752 0.741899
-0.470564 -0.405750 2.069183
-0.310202 -0.483575 -3.062452
-0.417593 -0.415663 2.767241
-0.471793 -0.491902 2.771975
-0.062354 0.457924 1.036359
-0.035828 0.023051 2.578036
-0.453454 0.416748 1.959540
-0.485913 -0.483459 -2.762795
0.024292 0.007276 2.645729
0.415833 0.165229 1.906928
0.387462 0.391868 1.485791
-0.462123 -0.443771 -1.725085
-0.496604 -0.469091 1.515467
0.087411 -0.475575 2.188763
-0.403603 -0.207346 1.950297
0.221004 -0.155892 -2.335700
-0.007469 0.099669 0.590823
-0.032850 -0.069119 0.068902
-0.451569 -0.481102 -2.655253
-0.469300 -0.465420 0.389364
-0.493305 0.226138 -1.015400
-0.267077 -0.229330 2.720162
0.239704 0.010311 -1.983156
-0.428877 -0.279780 -2.635010
-0.337794 -0.203130 0.760203
-0.490375 -0.479703 -2.872269
-0.221496 -0.212201 2.176811
-0.482672 -0.416453 0.840806
-0.416343 -0.170661 -2.597787
-0.186105 -0.150948 -2.022467
-0.181122 0.141714 0.880600
0.368862 -0.255559 -1.542660
-0.000485 -0.216798 2.965454
-0.354791 -0.439264 1.661785
-0.081550 -0.048245 2.408792
-0.426676 -0.349623 -1.455388
-0.050600 0.083324 0.952007
0.455256 0.143158 1.982538
-0.209238 -0.150488 2.559513
0.471863 -0.078528 -1.095682
-0.394243 -0.231749 0.057470
-0.239822 -0.110300 0.374069
-0.299255 -0.206633 -2.498564
-0.264052 -0.209955 2.580109
-0.427878 -0.257154 -0.429407
0.176522 0.378279 1.824671
0.007185 0.366301 2.345324
-0.497638 -0.426675 0.286379
0.381551 0.137488 2.902122
-0.397675 -0.257739 0.060846
-0.488712 -0.412862 -1.693480
-0.344866 -0.196131 0.532858
-0.451820 -0.488548 -2.699110
-0.322598 -0.491119 2.810278
-0.114671 -0.243339 -1.878315
-0.456606 -0.462037 3.016400
-0.463008 -0.494687 0.979800
-0.484616 -0.335773 2.934382
-0.344854 -0.229653 0.193931
-0.405999 -0.192089 -1.870622
-0.432544 0.083567 2.156464
-0.235810 -0.054996 1.866187
-0.026863 0.031978 -0.266753
-0.378743 0.044845 1.028146
-0.342696 -0.170610 2.692014
0.360203 0.384857 1.964291
-0.459017 -0.285893 0.339166
-0.476496 -0.193153 -0.386994
0.065766 0.052712 2.288551
0.034859 -0.160203 2.738097
-0.400491 0.425169 1.793072
-0.016747 0.069896 0.308235
0.074639 -0.066845 -0.208003
-0.371003 0.021643 1.938306
-0.474968 -0.411937 2.448630
0.465873 0.174860 2.601564
0.483483 0.349016 1.731307
-0.244344 -0.126099 -3.081310
-0.475248 -0.468405 -3.049612
-0.263734 -0.406566 2.490726
-0.395543 -0.488043 1.082520
-0.488395 -0.447356 2.989745
-0.480283 -0.488023 2.879208
0.065755 0.063656 2.328552
-0.473523 -0.457398 1.109805
-0.276998 0.034964 1.292578
-0.347880 -0.199731 0.394821
-0.481474 -0.396390 0.770423
-0.495127 -0.435431 1.827604
0.065493 0.052769 2.013413
-0.043845 0.429890 -1.461362
-0.311572 -0.463681 3.135582
-0.360742 -0.390737 -0.966749
-0.435435 -0.498200 2.014962
-0.392677 -0.339845 2.794738
-0.479695 -0.402206 3.079311
-0.311456 -0.377441 -1.962060
-0.488991 -0.433070 2.379950
-0.423806 -0.028050 0.554591
-0.465926 -0.466703 1.206929
-0.071939 0.034855 1.069732
-0.065643 -0.299363 -1.724058
-0.486306 0.051803 1.192625
-0.496783 -0.428341 1.734909
-0.486991 -0.496212 -0.497407
-0.436350 0.031917 0.846272
-0.471244 -0.387755 2.062172
-0.252030 -0.215356 2.504259
-0.048159 -0.359119 2.572302
-0.303273 -0.482058 2.944673
-0.489206 -0.489031 -2.610657
-0.135830 -0.266687 -1.504081
-0.454952 -0.179130 0.499890
