-94.760024 20.781422 2.785537
-94.961504 20.383191 2.835782
-94.857470 20.439254 2.737907
-95.492818 16.774617 2.578476
-94.888457 20.334246 2.835646
-94.754723 20.641974 2.966428
-94.901992 20.439767 2.645789
-94.724983 20.766067 3.027298
-94.924932 20.417325 2.846603
-94.939511 20.474348 2.725241
-94.812256 20.631355 2.905420
-94.901242 20.602785 2.875019
-94.897784 20.399831 2.989102
-94.866604 20.536952 2.837608
-94.816867 20.665780 2.821940
-94.925015 20.168222 2.692310
-94.836509 20.567925 2.966175
-94.861933 20.433516 2.693396
-95.611367 15.803725 2.492361
-82.439677 7.009458 11.145458
-95.682694 15.705234 2.381414
-94.834601 20.679829 2.954936
-95.242896 18.739064 3.114661
-94.825343 20.422319 2.934424
-94.877005 20.579825 2.874871
-94.974684 20.211063 2.983669
-94.907944 20.380021 3.001491
-94.860674 20.610543 2.979459
-94.904688 20.544096 2.764311
-94.915362 20.282646 2.898665
-94.916145 20.551591 2.991367
-95.112163 18.751609 2.947685
-94.820420 20.600734 2.979974
-95.299490 16.938986 2.546331
-95.534212 16.520219 3.031814
-95.013016 20.303439 3.061126
-94.962317 20.461338 3.000300
-95.507895 16.589202 2.635432
-94.829848 20.721506 2.760748
-94.862254 20.675842 2.807647
-95.056171 20.116555 2.944107
-94.863058 20.548889 2.944693
-94.907747 20.396060 2.967019
-94.843984 20.728516 2.681233
-94.774895 20.677659 3.122221
-94.907446 20.304392 2.867898
-94.806772 20.690846 2.667494
-95.475746 16.826455 2.682935
-94.856713 20.801924 2.936353
-94.841817 20.608545 2.883782
-95.008020 20.139319 2.940946
-94.814431 20.525190 2.962619
-94.890605 20.346811 2.666022
-94.809651 20.583660 2.831278
-95.494413 16.613482 2.820967
-95.130358 18.586499 3.401147
-95.212218 18.511959 3.063201
-94.776416 20.517617 2.715643
-94.928861 20.378955 2.599423
-86.744772 26.737742 2.024987
-94.889679 20.355931 2.787482
-94.950629 20.233652 2.864421
-95.022759 20.152712 2.999479
-94.867523 20.563705 2.814073
-95.227631 18.641486 3.050169
-94.972596 20.321646 2.763438
-95.294939 18.774388 3.141186
-94.839114 20.644017 3.005309
-94.858405 20.260694 3.038143
-95.170119 18.550291 3.009046
-94.791954 20.706448 3.026375
-94.920244 20.409193 2.771913
-94.899224 20.304559 2.623752
-95.477575 16.886779 2.489454
-94.933145 20.337015 2.422866
-94.934571 20.454411 2.701425
-94.917499 20.473757 2.779911
-94.918007 20.363957 2.646809
-94.826493 20.568225 3.032299
-94.798306 20.604324 2.832577
-94.874642 20.669548 3.022337
-94.949987 20.218363 2.887767
-94.854666 20.399482 2.804060
-94.885874 20.673782 3.047586
-94.970923 20.309180 2.947399
-94.932664 20.224820 3.036610
-94.856943 20.608149 3.284152
-94.847910 20.398844 2.948972
-95.180066 18.697614 3.273174
-94.865157 20.579852 2.656652
-94.950193 20.295731 2.963711
-52.663699 9.761647 -2.996481
-94.845619 20.340264 2.862464
-94.794531 20.563539 2.833007
-94.930726 20.254884 2.862944
-94.848321 20.641520 3.160592
-94.872629 20.457566 2.968798
-94.855140 20.730138 2.648223
-94.882594 20.488041 2.749901
-94.850419 20.664297 2.768238
-94.903736 20.504378 2.921640
-95.433098 16.817234 2.523528
-94.948304 20.139416 3.063548
-95.563541 16.416044 2.749239
-94.820945 20.669839 2.826443
-94.759705 20.608238 2.780111
-94.922293 20.342527 3.063311
-95.243666 18.599251 2.839564
-94.891073 20.373600 3.016767
-94.847011 20.657000 2.746922
-94.941193 20.475540 2.979713
-94.902147 20.405794 2.797078
-94.985338 20.048758 2.975479
-94.892210 20.536564 2.862798
-95.187838 18.907073 2.936831
-94.834439 20.591837 2.993881
-94.951243 20.373077 2.766360
-94.870849 20.437678 2.839120
-94.692605 20.936931 2.964805
-94.923181 20.310996 3.118282
-94.943504 20.277974 2.752939
-94.914211 20.265739 2.876192
-43.089048 -10.042837 -1.152028
-94.917864 20.284559 2.981151
-94.903461 20.427020 2.806502
-95.037677 20.105698 2.976237
-95.592105 16.522274 2.860774
-94.899257 20.288199 3.020946
-94.937848 20.169769 2.856243
-94.787608 20.634961 2.821946
-94.885499 20.227503 2.944532
-94.856404 20.322123 2.766315
-94.792403 20.583708 2.697034
-94.884787 20.335977 2.946487
-95.189347 18.600261 3.105939
-94.858396 20.583312 2.637163
-94.930493 20.597509 2.946532
-94.968730 20.307459 3.003651
-94.815519 20.605620 2.836418
-94.831285 20.623994 2.915526
-94.943370 20.462892 2.830308
-94.968000 20.182621 2.881475
-94.963266 20.330320 2.892840
-43.360373 22.570745 4.653651
-94.910419 20.409987 2.724732
-94.947095 20.262367 2.940774
-95.206689 18.715641 2.976341
-94.891432 20.363040 2.729776
-94.872187 20.336959 2.866496
-94.837615 20.776326 2.961271
-94.892920 20.449819 3.014858
-94.836324 20.627560 3.006484
-94.997213 20.117162 2.928597
-94.938988 20.207238 2.632910
-94.824867 20.629437 3.023932
-94.862853 20.347925 2.765833
-95.139178 18.683228 3.152434
-94.843355 20.752008 2.999937
-94.877655 20.413622 2.910633
-95.204497 18.750470 3.051996
-94.950650 20.298317 2.613914
-94.875830 20.254171 2.841765
-95.047435 20.291156 2.904975
-94.864955 20.597620 2.830120
-94.880066 20.582879 2.945547
-94.937564 20.104875 2.814562
-94.838383 20.648979 2.915930
-94.970384 20.072470 2.915328
-94.841323 20.670337 3.053970
-94.843615 20.591493 2.831179
-94.849681 20.646020 2.879522
-94.863093 20.718830 2.632860
-94.953742 20.314886 2.880906
-94.904262 20.308397 2.950041
-94.870975 20.525853 2.504895
-94.843783 20.694536 2.933008
-94.942587 20.519995 2.563828
-94.897627 20.080459 3.045199
-94.796399 20.692760 2.690668
-94.861198 20.567648 2.825448
-94.848792 20.658429 2.833117
-94.925092 20.579341 2.910206
-94.888017 20.212223 2.766794
-94.774700 20.712283 2.892527
-95.182187 18.634641 3.273440
-94.857979 20.261308 2.718595
-94.958261 20.169008 2.799388
-94.889079 20.127942 2.655119
-95.271994 18.619045 3.160396
-94.921400 20.373786 3.008147
-94.872728 20.343536 2.755505
-95.184387 18.679027 2.996994
-94.899047 20.342594 2.770450
-95.245050 18.520786 3.345626
-95.008467 19.974455 2.911213
-95.148416 18.588309 3.297709
-94.829382 20.603381 3.123499
-94.881267 20.264056 2.606953
-94.917630 20.484889 2.959675
-94.849153 20.788200 2.887607
-94.917115 20.345045 2.882325
-94.853376 20.677085 2.896888
-94.857857 20.530466 2.969332
-95.226793 18.580494 3.171168
-95.499835 16.799027 2.448096
-87.411701 25.892280 1.725188
-94.881245 20.344848 3.065949
-94.775030 20.838266 2.877863
-94.978266 20.484806 2.745517
-94.893412 20.359546 2.780132
-95.599241 16.459410 3.001501
-81.068817 29.130456 1.590863
-95.270551 18.539116 3.161450
-94.834925 20.628545 2.853493
-94.867367 20.395830 2.926982
-94.927784 20.513023 2.860722
-95.020525 20.062489 2.906140
-94.793812 20.664984 2.843871
-94.967320 20.106488 2.846182
-94.956410 20.272404 2.854746
-95.275483 18.836532 2.976458
-95.024479 19.935191 2.716812
-94.943338 20.391603 2.780354
-94.952667 20.285397 2.597593
-94.896574 20.467129 2.985978
-95.208247 18.580979 3.002517
-94.767193 20.653461 2.909915
-94.987803 20.002409 2.820201
-94.857363 20.713438 2.775150
-94.805940 20.790260 2.723040
-94.978135 20.085480 2.835007
-94.871379 20.386674 2.729268
-94.977442 20.253135 2.858672
-94.904092 20.589405 2.834777
-95.491110 16.486623 2.542800
-94.817173 20.597967 2.873849
-94.845587 20.499733 2.952367
-94.964540 20.316773 3.048020
-95.013971 20.049295 2.854356
-94.859119 20.741948 2.867280
-94.940952 20.358916 2.610546
-94.818510 20.477147 2.906350
-94.871611 20.611663 2.811945
-94.917868 20.579164 2.955281
-95.219521 18.896726 3.249869
-94.899498 20.559972 3.075667
-94.876843 20.411659 2.603545
-95.565748 16.671713 2.632073
-95.264795 18.557820 2.927454
-94.898358 20.416059 2.839721
-95.003412 19.991188 3.192399
-94.868810 20.346786 3.041797
-95.476325 16.894441 2.223239
-94.907560 20.157960 2.892827
-95.250480 18.840117 3.127504
-94.798981 20.681043 3.040590
-89.503820 22.611259 3.516778
-94.929543 20.449762 2.962396
-94.824483 20.503435 2.970015
-94.892766 20.651309 2.781493
-94.908389 20.523379 2.888482
-94.872631 20.402479 2.980749
-94.882145 20.699774 2.891339
-94.910248 20.273014 2.845269
-95.252970 18.623635 3.076085
-94.783480 20.610408 2.997501
-94.907015 20.322768 2.932438
-68.257469 -1.213022 5.636048
-95.228590 18.751463 3.248060
-94.967114 20.320826 2.936245
-94.860423 20.450122 2.712323
-94.981678 20.310514 3.052442
-94.833502 20.609737 3.062700
-94.971420 20.414449 2.775606
-94.940149 20.591947 2.519686
-95.530348 16.611876 2.999726
-94.837616 20.485183 2.850311
-94.936044 20.390922 3.143325
-94.832474 20.571728 2.847124
-94.901725 20.478815 2.906906
-94.903903 20.494336 2.920374
-94.997066 20.172014 3.003689
-94.903400 20.692730 2.854749
-94.881649 20.425737 2.874698
-94.834380 20.689603 2.744984
-95.006651 20.203436 2.842264
-94.813072 20.635984 2.689657
-94.827967 20.640423 2.796152
-94.963044 20.137367 2.814617
-94.837576 20.683293 2.832072
-94.889438 20.637641 2.954438
-94.898108 20.435598 2.787169
-94.994400 20.048917 2.920756
-94.821299 20.668917 2.918361
-94.979660 20.237944 3.008655
-94.777241 20.649686 2.953154
-94.911603 20.138085 2.783411
-94.888047 20.605639 3.001375
-94.902728 20.450917 2.834342
-95.229856 18.691198 2.938824
-94.835645 20.711244 2.922321
-94.999586 20.260259 3.117734
-94.898754 20.307431 2.938368
-95.005872 20.240473 3.065947
-94.930639 20.453637 2.865183
-95.175655 18.830983 3.247717
-94.877713 20.524722 2.722075
-94.855775 20.328037 3.066285
-40.232781 5.730999 10.734189
-94.826173 20.567188 2.780227
-94.942414 20.166188 2.804338
-94.956509 20.344575 2.976761
-94.908718 20.479430 2.911162
-94.928705 20.294591 2.907929
-94.856160 20.341503 2.809539
-94.967257 20.338571 2.818083
-94.747110 20.803040 2.735334
-95.033144 19.973306 3.040262
-95.454957 16.770820 2.448728
-95.656677 15.660181 1.995762
-94.865635 20.458486 2.891401
-94.936767 20.356181 2.891733
-94.983111 20.149909 2.867909
-94.967987 20.287515 2.734617
-94.931993 20.030866 3.000614
-94.802973 20.753545 2.862847
-94.813125 20.467554 2.730425
-94.774294 20.401331 2.721654
-94.868965 20.626119 2.856685
-95.005818 20.261477 2.829384
-94.843815 20.602538 2.682136
-94.902154 20.360858 3.275958
-94.934624 20.316553 2.645115
-95.237665 18.653694 2.935530
-94.823176 20.596928 2.855692
-94.882129 20.529681 2.945029
-95.223995 18.844331 3.185556
-95.193967 18.775334 2.991803
-94.849512 20.388941 2.845386
-95.239527 18.470881 2.995822
-94.918089 20.447746 2.762486
-94.874553 20.544747 2.779302
-94.884589 20.638023 2.960628
-94.895904 20.432065 2.784580
-94.814909 20.485432 2.905288
-94.924812 20.558059 2.648031
-94.980560 19.975092 2.975407
-94.756572 20.736126 2.689399
-95.450327 16.779524 2.348179
-94.877185 20.413393 2.806074
-94.961940 20.380646 2.828157
-94.877828 20.264128 2.961761
-94.944662 20.015739 2.932886
-94.910580 20.318269 3.073062
-94.851196 20.563285 2.983623
-94.968187 20.335270 3.071521
-94.934450 20.618597 3.033021
-94.920376 20.471621 2.686512
-94.932433 20.504176 2.836885
-95.217199 18.620415 3.124177
-94.835182 20.538223 3.062360
-94.886983 20.579092 2.875335
-94.900434 20.446527 3.099687
-95.124407 18.538016 3.076107
-94.866171 20.273020 2.987016
-94.825562 20.654696 3.015838
-94.865320 20.596721 2.930350
-94.758680 20.799287 2.870505
-95.426533 16.868202 2.561789
-94.786594 20.642577 3.003414
-94.866835 20.627321 2.877309
-94.852707 20.577977 2.632764
-94.911873 20.277824 2.850795
-95.189175 18.913288 3.139321
-94.851124 20.620682 2.894493
-95.381891 17.001836 2.589575
-94.919299 20.541940 2.922402
-94.925570 20.360852 2.927838
-94.869991 20.389936 2.891046
-94.891088 20.564716 2.795642
-94.921460 20.529994 2.930065
-94.918174 20.567751 2.896461
-94.948178 20.266872 2.562204
-94.864954 20.425906 2.885274
-94.850999 20.502361 2.720455
-94.875975 20.465742 2.796439
-95.003534 20.150818 3.072999
-95.150277 18.540557 2.764434
-94.918011 20.522547 2.963030
-95.102207 18.633753 2.961685
-94.971200 20.360567 3.002396
-95.167124 18.707763 3.004868
-94.946372 20.477478 2.521951
-94.993827 20.333216 3.012978
-94.918042 20.398717 2.793100
-94.839189 20.555458 2.956569
-95.542056 16.504672 2.861205
-94.857178 20.480710 2.938125
-95.213420 18.791812 3.026794
-95.393279 16.803998 2.661189
-94.926319 20.333587 2.802759
-94.896650 20.369491 2.833159
-94.888108 20.631960 2.725260
-95.209701 18.545877 3.193045
-94.978652 20.387316 2.810775
-94.854037 20.582247 2.879501
-95.170192 18.842302 3.072767
-94.918623 20.223393 2.837376
-95.410430 16.872336 2.413506
-94.933029 20.336699 2.790904
-95.230621 18.526851 2.939303
-94.985287 20.254910 2.904867
-89.542774 22.570191 3.648573
-94.895638 20.260330 2.962062
-47.537317 21.119436 0.340720
-94.820310 20.556164 2.781947
-94.808831 20.584095 2.768668
-94.969782 20.384962 2.942891
-94.898802 20.187740 2.842238
-94.919428 20.430667 2.645734
-94.956110 20.370455 2.971704
-94.853797 20.491371 2.964469
-94.911391 20.499431 2.588297
-94.705012 20.622523 3.062477
-94.931159 20.239731 2.849654
-94.870583 20.677794 2.982215
-95.259337 18.759557 2.926164
-95.618133 15.671733 2.309418
-94.922918 20.321728 2.783882
-94.905684 20.603014 2.812811
-95.634132 15.639328 2.141008
-94.838811 20.653203 2.772259
-95.519343 16.524220 2.742042
-94.830660 20.715317 3.013472
-94.801637 20.864828 2.919631
-94.857370 20.606333 2.670069
-94.774228 20.672570 2.975753
-94.892318 20.492013 2.981840
-94.988151 20.225391 3.021654
-95.003055 20.047585 2.863261
-94.995348 20.049901 2.840613
-94.902478 20.326382 2.970882
-94.850959 20.505795 2.687734
-94.941758 20.372294 3.298268
-94.938976 20.401187 2.903347
-94.956174 20.052424 3.072794
-94.919021 20.108663 3.099347
-94.867725 20.719744 2.877205
-94.829256 20.764193 3.049625
-94.958604 20.447504 2.866575
-94.922177 20.579102 2.759220
-94.872394 20.526569 2.751766
-94.925668 20.584083 2.795752
-94.773824 20.679762 2.863551
-94.860181 20.379875 2.688595
-95.474672 16.809695 2.558839
-94.902843 20.479724 2.669833
-94.863514 20.502139 2.689948
-94.933786 20.134601 3.075207
-94.925440 20.503628 2.664088
-94.844874 20.693515 2.870721
-94.882095 20.315630 2.942826
-94.814022 20.454694 2.828828
-94.864743 20.457858 2.871079
-94.936147 20.310264 2.808825
-94.798742 20.739213 2.734598
-95.230037 18.681369 3.126779
-94.895081 20.441375 2.879757
-94.861007 20.409104 2.729803
-94.886495 20.373712 3.041737
-94.841279 20.550647 2.919454
-95.127130 18.889358 3.207725
-94.884179 20.621937 2.971720
-94.836899 20.664722 3.100802
-94.789347 20.725253 2.710574
-94.754252 20.696776 3.044023
-94.805786 20.715456 2.952663
-94.881491 20.563576 2.996419
-94.846541 20.720380 2.754211
-94.956672 20.290602 2.997378
-52.985422 20.351815 7.158932
-94.918043 20.366358 2.742811
-94.779328 20.666530 2.651012
-94.775401 20.493084 2.803369
-81.048435 29.129472 1.323507
-94.800689 20.626432 3.005989
-94.937662 20.482996 2.746979
-95.262102 18.564667 3.096120
-94.908457 20.439354 2.961659
-94.924289 20.376674 2.719986
-94.908328 20.292156 2.895189
-94.867916 20.392961 2.910513
-94.870991 20.179036 2.741279
-94.750766 20.685130 3.057024
-94.977510 20.232229 3.026801
-94.936978 20.295281 2.878228
-94.829370 20.881404 2.881719
-95.162087 18.562926 3.158307
-94.918207 20.566801 3.010774
-95.026844 20.235360 2.725968
-94.911967 20.298888 2.993227
-94.898117 20.521778 2.933439
-94.952773 20.221656 2.865939
-94.908435 20.487366 2.966169
-94.852737 20.563153 2.926912
-94.863983 20.558708 2.788509
-94.886934 20.381188 2.742501
-95.076340 20.195829 2.952116
-95.255157 18.638467 3.132296
-94.850146 20.645355 3.112975
-94.929130 20.379234 2.768741
-94.820330 20.569094 2.651878
-95.205629 18.566690 3.326061
-95.249418 18.507292 3.104658
-94.827456 20.510220 3.021621
-95.213543 18.640374 2.939197
-94.931393 20.347061 2.840893
-94.832431 20.644085 2.786282
-95.276505 18.756261 3.075690
-95.213075 18.669730 3.029433
-94.988472 20.240388 2.627579
-95.337515 16.909539 2.433760
-95.183276 18.600534 3.301184
-94.833656 20.661669 2.939330
-95.574499 16.482524 3.100069
-94.876458 20.723003 2.947866
-95.505298 16.722681 2.468624
-94.923826 20.575299 3.052269
-94.901650 20.480162 2.640565
-55.429286 19.203693 2.806245
-94.902872 20.593464 2.974953
-94.942817 20.312427 2.888266
-94.889798 20.315196 2.920951
-94.958141 20.293824 2.835484
-94.921188 20.109454 3.210305
-94.880255 20.671986 2.929180
-95.634116 15.746800 2.285989
-95.234438 18.603388 3.102958
-94.780385 20.689137 2.903200
-94.854904 20.441515 2.794473
-94.912173 20.403070 2.948575
-95.491665 16.642835 2.363680
-94.796970 20.587922 2.662898
-94.831081 20.629112 2.712667
-94.998354 20.121887 2.952324
-88.934407 10.610486 1.758977
-57.546633 17.114735 -0.707505
-94.951254 20.217106 2.848282
-94.886716 20.629900 2.941916
-94.827807 20.534761 2.892764
-94.934673 20.505687 2.870437
-94.859500 20.517308 2.855550
-94.808981 20.564611 2.981253
-95.495627 16.737277 2.666919
-94.897971 20.395373 2.770493
-95.408387 16.826704 2.308279
-94.910251 20.326037 2.700385
-94.801973 20.745538 2.878636
-95.005396 20.026016 2.877879
-94.943415 20.501087 3.027643
-94.868725 20.590672 2.895257
-94.906608 20.307062 3.005538
-94.790339 20.597578 2.590439
-94.809918 20.703446 3.009222
-94.846212 20.732390 3.009744
-94.822232 20.483815 2.925899
-58.537439 20.293655 2.412552
-94.809108 20.504300 2.906116
-94.870014 20.423898 2.932272
-95.429803 16.935496 2.492408
-94.981350 20.241532 3.023894
-95.613617 16.476520 2.948958
-95.291163 18.521295 3.070394
-95.016191 20.087558 2.782142
-94.868827 20.330892 3.115223
-94.873352 20.475989 2.711818
-95.597708 16.507501 2.566707
-68.263756 -1.300697 5.648050
-95.152339 18.705409 3.408086
-94.896452 20.404369 2.846383
-95.220251 18.802919 3.176222
-94.889753 20.419081 2.727375
-94.874867 20.465114 2.894208
-94.845508 20.632238 3.092386
-94.838308 20.780097 3.087450
-94.834524 20.517486 3.102073
-94.928281 20.386978 3.195186
-95.402384 16.953547 2.445350
-94.839160 20.433620 2.741608
-94.825100 20.714276 2.842053
-94.885347 20.393502 2.891531
-94.874988 20.457127 2.571048
-95.218229 18.867128 3.109551
-94.810971 20.635896 2.790023
-94.720404 20.723826 2.937600
-94.829399 20.588190 3.136046
-94.878647 20.177402 2.831413
-94.936737 20.345626 3.014095
-94.801391 20.580227 2.847956
-94.859284 20.503707 2.739909
-94.877565 20.590405 2.799215
-95.512896 16.654577 2.662690
-95.553352 16.503290 2.841840
-94.778394 20.609316 3.020822
-94.841454 20.487290 2.848867
-94.933318 20.383546 2.930903
-94.796912 20.568279 2.879465
-95.025389 20.265066 2.937319
-95.215052 18.730688 2.951213
-94.784776 20.650766 2.808113
-94.885430 20.402286 2.749696
-94.901321 20.390772 3.117792
-94.932489 20.270220 2.734991
-94.846128 20.545830 3.138850
-94.800586 20.655297 2.875292
-94.920755 20.285255 3.021541
-94.882965 20.426779 2.748412
-94.969242 20.234111 2.919790
-94.846608 20.410957 2.799922
-94.807646 20.561217 2.776626
-94.841098 20.415574 2.606947
-94.979127 20.361191 2.837943
-94.852797 20.586827 2.620697
-94.847684 20.530715 2.827887
-95.260338 18.574058 3.113169
-94.892489 20.387746 2.849372
-94.802412 20.513021 2.792891
-94.858969 20.375345 3.052145
-95.453363 16.772696 2.482693
-95.114249 18.757490 2.920136
-94.920840 20.528701 2.755983
-95.242835 18.489371 3.123403
-94.876452 20.426936 2.837588
-94.875652 20.498760 2.909900
-94.951345 20.357405 2.949001
-95.143169 18.612701 3.306335
-94.914073 20.579606 2.959825
-95.235575 18.726847 2.995563
-95.169797 18.822767 3.191156
-94.986136 20.414419 2.675121
-94.909578 20.603374 2.814117
-94.883953 20.569694 2.932152
-94.911647 20.711853 3.021278
-94.917606 20.403136 2.590684
-94.824430 20.498540 2.956783
-95.134659 18.636630 3.130789
-94.839867 20.574488 2.704411
-94.863834 20.625846 2.665327
-94.936955 20.390426 2.818917
-94.752935 20.770388 2.899253
-95.522092 16.604083 2.608983
-94.925774 20.401960 2.862137
-94.953020 19.935525 2.822898
-94.885243 20.288448 2.691050
-94.936256 20.417457 2.787413
-94.898977 20.446495 2.861469
-94.972993 20.395379 2.882234
-95.623063 15.783539 2.219379
-94.966449 20.176749 2.820377
-94.956510 20.333094 2.686185
-94.931537 20.593277 2.924440
-95.227216 18.740388 3.194360
-94.868881 20.463757 2.951076
-95.556383 16.579948 2.603877
-94.907653 20.332673 3.057303
-94.789711 20.637946 2.777835
-94.970303 20.233529 3.034685
-94.768978 20.657090 2.762132
-94.824306 20.450796 2.836248
-94.988119 20.272323 2.967390
-94.964022 20.357197 2.926839
-94.854259 20.628821 2.761889
-95.427719 16.941235 2.585369
-94.950490 20.464072 2.842927
-94.851900 20.596582 2.924461
-94.851239 20.439521 2.915891
-95.230381 18.903666 2.991581
-94.892395 20.482583 3.128712
-94.923308 20.298435 2.920154
-94.913984 20.475770 2.740463
-95.034302 20.282424 2.898191
-94.878078 20.346867 2.911616
-94.718123 20.370099 2.962175
-94.849161 20.664486 2.821236
-94.934155 20.196277 2.760142
-94.838882 20.761654 2.953070
-94.763771 20.676815 3.117950
-94.862307 20.626610 2.909215
-94.846383 20.686488 2.931439
-94.908392 20.237740 2.910801
-95.210259 18.526583 3.118095
-94.823929 20.578039 2.806854
-95.423668 16.744911 2.431737
-94.938323 20.343628 3.001998
-94.946920 20.368867 2.979802
-94.769798 20.600633 2.938620
-94.821621 20.562924 2.881600
-94.920485 20.497110 2.994115
-95.172616 18.607385 3.023770
-94.838564 20.398253 3.153872
-57.532978 17.132964 -1.209685
-94.967687 20.241199 2.927134
-94.835352 20.489805 3.036568
-94.761577 20.704595 2.881860
-95.151716 18.634276 3.117803
-94.798475 20.610176 2.697407
-94.882330 20.347662 2.867992
-94.899143 20.652746 3.004296
-95.169853 18.707930 3.371639
-94.872289 20.355673 2.874751
-94.867699 20.448360 2.841321
-94.829321 20.484610 3.116768
-94.848563 20.317078 2.963705
-94.879059 20.125835 2.883900
-94.932732 20.545145 2.952193
-94.942053 20.255436 2.927582
-94.971458 20.237083 3.002229
-94.761547 20.363822 2.924722
-94.829326 20.516749 3.093718
-94.881096 20.356452 2.866894
-94.811392 20.716034 2.953180
-94.958754 20.267817 2.808214
-95.242628 18.656178 3.274631
-95.250522 18.911155 3.103902
-95.237020 18.637369 3.150031
-95.192366 18.651630 3.181412
-94.904702 20.574826 2.976267
-95.114312 18.710124 3.026929
-94.962418 20.303831 3.169065
-94.848938 20.548313 2.970930
-94.892107 20.342554 2.993466
-94.888981 20.445706 2.807598
-94.903226 20.398324 2.835912
-94.785644 20.509241 2.972802
-94.776384 20.653714 3.041218
-94.887676 20.291574 2.756288
-94.834510 20.653441 2.979841
-94.846450 20.514525 2.822013
-94.999071 20.269895 3.186018
-95.464308 16.729344 2.600472
-94.949207 20.146634 2.886936
-95.161147 18.584416 2.862032
-94.890103 20.359601 2.925025
-94.785277 20.654033 2.915734
-94.798733 20.760121 2.656105
-94.809899 20.649005 2.810351
-94.919084 20.582602 2.665944
-94.818528 20.455824 2.984769
-94.876963 20.183695 2.774668
-94.818488 20.570337 2.617211
-94.950403 20.407344 2.748002
-94.901990 20.407477 2.647312
-94.913724 20.044566 2.759738
-94.946720 20.362311 2.801517
-94.931990 19.980763 2.803322
-94.827110 20.653322 2.743797
-94.847144 20.621288 2.764724
-95.036892 19.981914 3.046897
-94.973156 19.936686 3.002440
-94.966598 20.240232 3.210369
-75.356541 11.896847 -2.974394
-94.896474 20.307135 2.942838
-94.871705 20.669648 2.618981
-94.716363 20.736137 2.867469
-94.988021 20.203359 2.940013
-94.788241 20.551241 2.921313
-94.817465 20.531712 2.941839
-94.826529 20.532339 2.812737
-94.885119 20.377766 3.080871
-94.788091 20.657578 2.929749
-94.895459 20.622240 2.715733
-94.843737 20.578620 3.056150
-94.893567 20.491160 2.593632
-95.202419 18.622855 3.394073
-94.910849 20.405618 2.961827
-94.859958 20.439436 3.132623
-94.835873 20.608145 2.813920
-94.834574 20.238962 2.939567
-94.857700 20.508590 3.094100
-94.971576 20.308887 2.928579
-94.754967 20.617931 3.191269
-95.256439 18.669308 3.211652
-95.471993 16.809427 2.459274
-94.829022 20.708604 2.851815
-94.723028 20.837757 3.072833
-94.919153 20.622141 3.094254
-95.159969 18.747325 2.933285
-94.877514 20.564015 2.824856
-94.734156 20.677424 3.296131
-95.159239 18.671307 2.995874
-94.954494 20.419779 2.981683
-94.879200 20.387814 2.994836
-94.908180 20.426829 2.675752
-94.802005 20.567839 2.633001
-95.227039 18.680219 2.932161
-94.873198 20.123664 2.772911
-94.866780 20.390559 2.834958
-94.862645 20.485921 2.690592
-94.917467 20.071878 2.765717
-94.836650 20.536023 2.738089
-95.581227 16.553348 2.837866
-94.870562 20.524628 2.891114
-94.900414 20.203467 2.960238
-94.968798 20.214451 2.809434
-95.031446 18.471439 3.698574
-94.848392 20.457897 2.810106
-95.510160 16.534206 2.708684
-94.864509 20.447695 2.769701
-94.853976 20.667628 2.643891
-95.200276 18.614946 3.032099
-94.779513 20.793244 2.680342
-94.847360 20.636140 2.802136
-94.915706 20.461439 3.131852
-94.848736 20.679483 2.906306
-94.917753 20.306089 2.726119
-94.960561 20.255827 2.827057
-94.898873 20.296682 3.032669
-95.270092 18.458303 3.082708
-94.964760 20.260741 3.160670
-94.857906 20.639885 2.752586
-94.909699 20.494741 3.115889
-95.139910 18.684836 3.221117
-95.160258 18.760687 3.204802
-95.236303 18.708120 2.932855
-94.844383 20.554636 2.920999
-94.868481 20.605813 2.941361
-94.998446 20.288634 2.776421
-88.737094 25.298631 2.226855
-94.966627 20.257787 2.771953
-94.871939 20.332678 2.955695
-94.771490 20.952353 2.660444
-94.830174 20.591173 2.774754
-95.244235 18.700569 3.059906
-94.930604 20.330528 2.767830
-94.843092 20.500885 2.990606
-94.941315 20.386986 2.858428
-95.212168 18.702750 3.030175
-94.826444 20.283859 2.671681
-94.826838 20.452836 2.789288
-95.178193 18.552324 3.096558
-94.810952 20.695565 2.857549
-94.950303 20.535517 2.739873
-95.161283 18.766743 3.045464
-87.371023 25.824071 1.481439
-94.877293 20.413319 2.836545
-94.903351 20.561530 2.872144
-95.446272 16.801441 2.820044
-94.865326 20.488261 2.806046
-95.216781 18.594238 3.213530
-95.405101 16.822051 2.381926
-95.456803 16.841794 2.498854
-94.899853 20.471462 2.965328
-94.890988 20.379757 3.030620
-95.524074 16.490543 2.985390
-87.363946 25.924300 1.346487
-94.841673 20.484359 2.635595
-94.905496 20.241707 2.596910
-94.876487 20.463496 2.790128
-94.793012 20.645450 2.997070
-94.895071 20.524715 2.766875
-94.928710 20.376451 2.807725
-94.905200 20.514710 2.750632
-94.875954 20.493144 2.849017
-48.127746 12.614146 7.450617
-94.952476 20.213405 2.605674
-94.898490 20.710478 3.079027
-94.880811 20.570444 2.916266
-94.936186 20.255610 2.664504
-94.932405 20.050923 2.698706
-86.155896 26.736203 1.158647
-94.969546 20.383411 2.876835
-94.876776 20.328739 3.027981
-95.274949 18.738990 2.951755
-94.838086 20.590631 2.859690
-94.817825 20.630808 3.134345
-95.241148 18.821224 3.080586
-94.886470 20.421402 2.937401
-94.843599 20.426774 2.731959
-94.982930 20.414320 2.846279
-94.785320 20.742580 2.661722
-94.960229 20.292380 2.842644
-91.533789 18.034316 4.580300
-95.029358 20.043516 2.819982
-94.721183 20.620318 3.201686
-94.899088 20.539385 2.640868
-95.167691 18.607635 3.125260
-94.784687 20.644970 2.760554
-94.805440 20.571779 2.971310
-95.381565 16.833972 2.616412
-94.925491 20.335420 2.921436
-95.173049 19.013508 2.943213
-95.220339 18.682424 3.016031
-94.999039 20.075065 3.019995
-94.881806 20.459835 2.399850
-94.894239 20.411307 2.810392
-94.754828 20.783730 3.209794
-94.879384 20.374095 2.845986
-95.184519 18.567254 3.095117
-95.199995 18.676070 3.021109
-94.781526 20.651673 2.756984
