-0.049553 -0.499240 1.812236
-0.273628 -0.200458 2.205751
-0.402413 0.124002 2.668158
-0.354117 -0.251040 2.875705
0.084018 -0.070091 2.023248
-0.123988 0.015400 2.043643
-0.396562 -0.211811 1.583113
-0.175305 -0.294691 2.901477
0.158726 -0.187679 3.268428
-0.393605 0.022061 2.372043
0.255675 -0.155084 3.360511
-0.258642 0.031218 2.588914
-0.156381 -0.301985 2.296776
-0.174527 -0.198899 2.727030
-0.365286 0.412399 2.091471
-0.334219 0.385218 2.582458
-0.457622 -0.458916 2.269872
0.289723 0.309041 2.504321
0.263489 0.447550 2.834202
0.436782 0.369749 2.446015
-0.301649 -0.467289 2.750434
-0.244802 -0.459963 2.166894
0.044790 0.469113 2.769879
-0.254203 -0.029292 2.885169
-0.037774 0.400833 2.887728
0.224310 -0.358999 2.757683
-0.257626 0.048265 2.255803
-0.238081 -0.208693 1.688770
-0.391533 -0.238187 2.782994
-0.188471 -0.240147 3.004543
-0.257233 -0.027528 3.020467
0.144347 -0.428933 2.461194
-0.351442 0.082838 1.918549
-0.401031 0.222431 2.390583
-0.335953 -0.096639 2.801630
-0.221964 -0.396187 1.934928
0.459788 -0.259588 2.411382
0.297727 -0.188543 2.402425
-0.149165 -0.369440 2.833779
-0.273322 -0.165879 2.678726
-0.450374 0.174035 2.701157
0.455293 0.425256 2.675399
-0.307748 -0.477608 2.326946
0.334908 -0.465942 2.339130
0.171592 -0.234351 2.106030
-0.445295 0.319120 2.758390
0.388297 -0.400562 2.028377
0.481218 -0.452986 2.575938
0.262079 -0.137217 2.635148
0.256732 0.429323 2.491638
0.328759 0.422359 1.316382
0.269418 -0.246911 2.902321
-0.238973 0.313874 2.031391
-0.127849 -0.141436 2.367494
0.341198 0.439999 2.258738
-0.159003 -0.300274 2.483972
0.129253 -0.469117 2.228028
-0.066365 0.332903 2.919546
0.376255 -0.469300 3.298310
-0.120378 -0.301963 2.399954
-0.158758 0.119559 2.167256
0.312749 -0.060836 2.145512
-0.092560 -0.467273 2.967264
-0.009816 -0.033877 2.904043
0.150799 -0.333486 2.326496
-0.289161 0.095199 3.347250
-0.265541 -0.404552 2.350038
0.033317 0.381751 2.616799
0.173714 -0.244819 2.156158
-0.293606 0.306007 2.544314
0.081369 0.201497 2.122655
-0.347833 -0.033713 1.918171
-0.029561 -0.297309 2.376649
0.243811 -0.423248 2.363513
-0.484418 0.384872 1.569665
0.230701 -0.414516 2.936592
-0.383665 0.377091 2.416980
-0.119034 0.205956 3.444112
0.296689 -0.310159 2.665233
0.334134 0.423558 2.533321
0.211631 0.454061 2.837964
0.077125 0.336411 2.567222
-0.397734 -0.222369 2.571022
0.108087 -0.353358 2.833883
-0.002193 0.471244 2.382659
-0.210888 0.346678 2.253295
-0.280741 -0.216355 2.022889
-0.300166 0.416162 2.264355
0.055925 0.499303 2.452235
-0.383691 0.096454 3.653393
-0.102095 0.338980 1.878053
-0.247585 -0.270396 2.443676
0.433949 0.405553 2.496226
-0.155390 -0.197231 1.618132
-0.235954 -0.252302 2.772356
-0.293482 -0.046558 2.344366
-0.316013 0.173478 2.082058
-0.161108 -0.144444 2.856897
-0.246020 -0.223390 3.017675
-0.110066 -0.393713 2.373847
-0.416678 -0.114280 2.846748
-0.008397 -0.238296 2.926297
0.012609 -0.402732 1.684483
0.205680 0.283887 3.041747
0.256031 0.022210 1.809616
0.093283 0.362051 2.443165
-0.019053 0.444282 2.622180
0.318810 0.337880 1.996138
-0.109921 -0.306662 2.446244
0.092063 -0.365992 2.586099
0.479814 0.300495 2.102317
-0.467615 0.319954 2.364788
0.245134 -0.489754 2.461459
-0.153719 0.074493 2.870727
0.350393 -0.069477 2.080113
-0.278017 0.009409 2.684023
0.368256 -0.457407 2.995812
0.263967 -0.498699 2.186231
-0.449691 0.040036 2.161975
0.225848 -0.469183 1.972316
0.056342 0.445750 2.186025
0.007885 0.209925 2.481618
-0.499904 0.420311 1.449258
-0.483950 0.235497 2.441867
-0.393401 -0.433553 2.876256
0.215929 -0.410138 3.091178
0.258576 -0.287327 2.974421
0.114633 0.177594 2.951939
0.432713 -0.482328 1.558829
0.466371 -0.352867 2.171970
0.190799 0.195222 2.480231
-0.087364 -0.329088 2.406118
-0.158293 -0.078239 2.954371
-0.210976 0.259353 2.116372
-0.317517 -0.422427 1.787657
-0.145112 -0.128994 2.929620
-0.322802 -0.214745 2.619627
-0.095647 0.493660 2.899664
-0.157685 -0.113348 2.095799
-0.392338 0.414301 2.366280
0.482824 0.451730 2.707416
-0.391635 0.271626 2.550062
-0.320439 -0.330642 2.291802
-0.075130 -0.395674 2.698692
0.253134 0.461857 2.106057
0.099050 0.246183 2.504184
-0.187791 -0.201823 2.129563
0.375543 -0.302618 2.531219
0.073489 -0.487825 2.636339
-0.080641 -0.018796 2.789195
0.256451 -0.267578 2.583911
0.285326 0.455281 3.124487
-0.014773 0.333454 2.795932
-0.349467 -0.464526 2.063959
0.282897 0.351284 2.790232
-0.322356 -0.276159 2.863852
-0.223568 0.482476 2.408594
-0.146815 -0.475455 2.438725
-0.301158 -0.187514 1.925912
-0.006257 0.464522 2.791279
-0.037395 -0.091629 1.577445
-0.282034 0.024260 2.580488
0.250059 0.290439 2.433297
-0.300551 -0.110723 2.358320
-0.243946 0.028699 2.289592
-0.185773 -0.385757 2.395991
-0.094636 0.467861 3.498089
0.294586 0.470221 2.664222
-0.222018 -0.384787 2.247788
0.167820 0.309550 1.924385
-0.480729 -0.066473 2.056184
-0.009573 0.358401 2.291035
-0.446119 0.282652 2.128901
-0.156674 -0.026886 2.882250
0.468891 0.402195 1.610616
-0.033500 0.285576 2.540200
-0.273794 0.268603 2.324076
-0.211896 -0.225180 3.072098
0.316368 -0.015376 2.677170
0.291394 0.250260 2.766771
-0.167821 0.316275 1.928656
0.161599 -0.279760 2.275984
-0.326730 -0.434693 1.938980
0.494988 0.200093 1.757105
0.382657 0.340716 2.160256
-0.251480 -0.249354 2.518129
-0.420496 0.139521 1.946690
-0.168938 -0.419673 2.761298
0.474225 -0.402754 2.787045
0.253820 -0.339455 2.229668
-0.226616 -0.120054 2.465724
-0.411797 -0.182253 2.074572
-0.223580 0.029206 3.048457
-0.372224 -0.222718 2.940604
0.366244 0.401920 2.684772
-0.247340 0.301474 3.357585
0.311559 0.476799 2.927669
-0.100355 -0.166849 2.894948
0.127423 0.425950 2.036602
-0.350349 -0.150865 3.029653
-0.178639 -0.428762 2.253311
-0.015956 -0.346370 2.154890
-0.169003 -0.162880 2.184178
-0.106735 -0.370048 2.629822
0.225752 -0.088654 2.375936
-0.116652 -0.350188 2.150864
0.336794 0.279146 1.587004
-0.260908 -0.005591 2.396553
-0.364592 0.024848 2.127154
0.195859 0.487880 2.062221
-0.213913 -0.251272 2.075517
0.136787 0.175593 2.779591
0.233801 0.220889 2.069151
0.230040 -0.352654 2.598143
-0.102423 0.329020 3.359142
0.181210 -0.342193 1.579667
-0.003504 0.434997 3.231979
-0.139943 -0.139725 2.326379
-0.202588 -0.432480 2.041056
0.206108 -0.292357 2.165180
0.193727 -0.315999 2.483673
0.360571 0.466576 2.709213
-0.068500 -0.139366 2.002577
-0.340616 -0.212757 2.407683
0.322695 -0.391193 2.329325
-0.270900 -0.481878 1.865494
0.142289 -0.495604 3.626940
-0.382124 0.255352 1.916344
-0.199450 -0.195233 2.863148
0.252461 0.482515 2.446837
0.198289 0.363849 3.591349
0.492449 -0.470120 1.901661
-0.254914 0.210521 1.088231
0.151743 0.163864 2.182688
0.019525 -0.455164 3.425490
-0.287826 -0.319424 2.404939
0.022422 0.391587 2.079339
0.442595 0.417980 2.966183
-0.416631 -0.173541 2.959499
-0.056532 0.051192 2.618630
-0.337715 -0.278704 2.208757
-0.349389 0.187175 2.259016
0.433044 -0.067899 2.649680
0.408510 0.134734 2.315349
0.239710 -0.483679 2.340697
0.239112 -0.415194 3.240556
0.289576 -0.418966 2.058947
-0.156034 -0.096322 2.179831
0.054724 0.118818 2.619812
-0.331707 -0.179682 3.006433
-0.335375 -0.463400 2.147038
0.339149 0.183677 2.958187
-0.173367 -0.129768 2.368592
-0.024804 -0.374621 2.332492
0.145711 0.182362 2.810428
0.258745 -0.262461 1.923282
-0.366226 0.260764 2.518050
0.477870 -0.489890 2.048346
0.191721 -0.184148 1.974748
-0.148052 -0.082138 2.542067
0.007160 0.040849 3.002957
-0.117160 -0.267187 2.646732
0.414075 0.308539 2.877512
0.492041 -0.496024 2.463561
-0.171851 -0.075029 2.442960
0.323844 0.354324 3.082700
0.261385 -0.323351 2.436960
0.471732 0.043308 1.168663
0.256840 0.449069 2.787205
0.248924 0.457340 2.351650
-0.262416 -0.233245 2.369328
-0.073494 0.331543 3.075403
-0.059561 0.299996 3.316313
0.025758 0.387586 2.222424
-0.342200 -0.437117 1.853577
0.420077 0.155398 2.720471
0.033814 0.445115 3.069224
0.486106 -0.328363 1.885401
0.432537 -0.492784 3.109211
0.416583 0.469921 2.574836
-0.280113 -0.130318 3.100230
-0.470397 0.437643 3.070294
-0.050072 -0.442855 3.076629
0.244591 0.401548 2.808588
0.411361 0.066053 2.835475
0.450585 -0.096133 2.096304
-0.184274 0.438927 2.719419
0.437504 -0.030459 2.417447
-0.415664 0.038769 2.330539
-0.156232 -0.245528 1.615094
-0.240766 -0.012507 2.159839
-0.263722 -0.492065 2.606020
0.119617 0.338191 2.926084
0.011622 -0.338925 2.442064
-0.200715 -0.380840 1.261800
-0.280295 -0.206164 2.248945
0.238553 0.097020 2.999894
0.223559 0.485520 3.017942
-0.251044 0.012709 1.184168
0.257980 -0.208171 2.687187
0.341116 -0.071659 2.256384
0.279901 -0.452761 2.836491
-0.289503 0.161889 2.864761
-0.015335 0.333089 2.833609
-0.283288 0.066580 3.072375
0.299237 -0.281936 2.780617
0.279249 0.300622 2.664490
-0.408039 -0.476178 2.269804
-0.323438 -0.278910 3.313643
0.325265 0.368573 3.362602
0.330632 -0.472868 2.821322
0.205046 -0.435349 2.674530
-0.286477 0.306612 2.274217
0.136141 -0.173111 3.103152
-0.150041 -0.195595 2.768063
0.389292 -0.373798 3.056243
-0.003688 -0.395340 1.783231
-0.142556 0.434040 2.549180
0.441724 0.022730 2.335239
-0.365961 0.448299 2.457183
0.092042 -0.164387 2.501917
-0.109485 -0.238518 1.928119
-0.103821 0.011935 2.523399
-0.267659 0.434665 2.894465
0.134039 0.268004 2.293908
0.255158 -0.283234 2.408475
-0.113318 0.456354 2.345816
-0.162422 -0.260469 1.864585
0.137838 0.360206 1.841347
-0.068541 -0.411498 1.807944
0.383617 -0.190214 1.832542
0.315795 0.420287 1.766611
-0.068042 0.359702 2.710262
-0.314334 0.209443 2.520121
-0.274578 -0.256922 2.354379
-0.303728 0.437179 2.658782
-0.473827 0.473966 2.178564
0.408065 -0.434823 3.118794
-0.095628 -0.215842 2.741596
0.357879 -0.008285 3.055020
-0.366235 0.482585 2.377697
0.316793 -0.262496 3.303294
0.378464 0.498733 2.192735
0.247925 -0.423365 2.744239
-0.187373 -0.243998 3.306069
-0.236500 -0.437684 1.875501
-0.124929 -0.157891 2.769536
0.347306 0.450388 2.350338
-0.020859 -0.496707 3.009659
-0.038869 0.482737 3.143654
-0.073277 -0.371920 2.182970
-0.187169 -0.385500 2.500010
-0.196552 0.091588 3.800710
-0.245020 0.072299 2.627669
0.447428 0.397242 2.473241
-0.056832 -0.324953 1.236891
-0.369310 0.376899 3.080328
0.053515 0.415417 3.120534
0.024127 0.057676 2.833311
-0.262287 0.077033 2.790184
0.252337 0.333197 2.070920
0.438220 -0.411719 1.713674
-0.302468 -0.238029 2.334710
-0.122231 -0.064957 2.323263
-0.449177 0.056831 1.629259
-0.231209 0.337875 2.663875
-0.339286 0.048243 2.374679
0.285091 -0.298080 2.613775
0.055028 -0.376425 2.466977
-0.108299 0.466864 2.515572
0.253359 0.280699 2.814785
-0.364776 -0.040099 2.780466
0.468424 -0.208901 1.776593
0.153144 0.321482 2.756293
-0.189416 -0.027908 2.785127
0.494497 -0.483562 2.588710
0.235079 0.324409 2.866710
0.287243 -0.491954 2.551893
0.260939 -0.371953 2.238105
-0.016595 0.359557 2.500063
0.129586 -0.413269 2.213869
0.383636 0.426153 1.752541
-0.293821 0.104240 2.246866
-0.370132 -0.435885 2.448728
-0.106630 0.352185 1.694738
-0.121021 -0.263844 2.487068
0.303739 -0.465946 2.847927
-0.015755 -0.190918 2.228177
0.133923 -0.011404 2.185165
-0.141362 -0.203217 1.946158
-0.191204 -0.397241 2.183535
0.108409 -0.421832 3.133143
0.177194 0.443887 1.795877
-0.316889 0.190763 1.516844
-0.322630 -0.176895 2.557936
-0.303209 0.031022 2.270668
-0.243893 -0.388873 2.416536
-0.216625 0.048841 3.068187
0.254988 -0.089569 2.076037
0.387621 0.355872 1.783892
0.267077 0.327559 2.483928
-0.302723 0.175444 1.791060
0.488979 0.055305 3.034445
0.440757 -0.262332 3.385965
-0.339300 -0.245281 2.150389
-0.423494 0.484361 2.388120
0.340758 0.286470 2.436494
0.382401 -0.185913 2.373826
0.274660 -0.395310 3.058521
-0.112188 -0.047821 2.404778
0.392183 0.047545 1.555670
-0.016723 -0.093957 2.516981
0.332586 0.092066 2.512003
-0.253032 0.455369 2.218085
0.130024 0.343775 2.182544
0.360356 -0.278952 2.406817
0.270771 -0.386897 2.538619
0.003040 0.375225 2.846884
0.212710 0.252053 2.941218
0.382015 -0.316937 2.270164
-0.440462 0.026003 1.991002
-0.268833 0.339105 1.856430
0.401325 -0.358550 2.374292
-0.395315 -0.228360 2.071364
-0.272850 0.207918 1.636230
0.300781 0.351060 2.174294
0.282342 0.097007 1.696559
0.088125 0.486537 3.217910
-0.097001 0.232957 2.549606
-0.288507 0.498103 2.680676
0.413055 0.347841 2.523158
-0.097877 0.420823 2.655209
-0.398506 -0.468690 2.714316
-0.237723 0.085680 1.730905
-0.108129 -0.249130 2.728053
-0.212053 0.033716 2.248073
-0.160758 -0.087944 1.939476
0.407259 0.431928 2.095900
0.093139 0.198899 2.374574
0.100874 0.325286 3.153295
-0.294664 -0.061565 2.853751
-0.303983 -0.277914 1.858035
0.172339 0.423155 2.585128
-0.081384 -0.037126 2.793808
-0.353053 0.005557 2.315102
-0.349839 0.161578 2.390800
-0.007459 -0.178585 2.560004
-0.266616 -0.363841 2.226378
0.294206 -0.343844 2.602458
0.299987 0.315134 2.196082
0.136950 -0.245747 3.113007
0.215936 -0.264968 2.399963
-0.107807 -0.239933 2.287364
-0.195706 -0.079609 1.780764
0.126621 -0.141003 1.883130
-0.011002 0.420565 2.225984
-0.418984 0.034017 2.610909
-0.165534 -0.446293 2.276290
-0.059502 -0.320311 1.167608
0.493250 0.494644 2.822752
-0.304893 -0.401976 2.611989
-0.180896 -0.193749 2.642522
-0.257981 -0.457981 3.091156
0.137862 0.371802 3.129288
0.250884 0.153199 3.234412
-0.184043 -0.435597 1.935066
-0.391854 0.365751 1.934697
0.322032 0.371837 2.618608
-0.207429 -0.401048 1.402513
0.381856 0.406106 1.892244
-0.126750 -0.414111 2.671918
-0.160717 -0.251723 2.586402
-0.285934 -0.148015 3.077004
0.056475 -0.114860 2.342074
0.284101 0.204408 2.978880
-0.070790 -0.351014 1.723150
-0.486462 0.482845 2.655902
-0.397164 -0.274887 2.012680
-0.096991 -0.158295 2.034149
0.463480 0.414787 2.406698
0.186835 0.151002 2.410138
0.324847 -0.218577 2.807857
0.497166 0.377361 2.221759
0.325366 -0.443989 2.590826
0.412469 0.438069 3.173871
-0.330196 -0.137394 2.877791
0.194751 0.214635 2.369405
0.435495 -0.409995 2.423811
0.411745 -0.428148 1.759830
-0.438272 -0.177579 2.110008
0.390058 0.000084 2.273588
0.484019 0.481122 2.986821
-0.216013 -0.415608 2.154489
0.154619 0.232576 3.342432
-0.369358 -0.484320 1.535011
-0.109753 -0.253457 3.161050
-0.405349 -0.234576 2.898483
-0.052960 -0.476816 2.409054
-0.358241 -0.250458 2.013362
-0.444401 -0.065285 2.277423
-0.245335 0.093065 2.913959
-0.446608 0.226043 2.154752
0.203595 -0.495417 2.057371
-0.222839 -0.015412 2.718370
0.341760 -0.498422 2.781676
0.159037 -0.340773 2.568150
-0.376767 0.462816 2.230921
0.379852 0.262219 2.448800
-0.007052 0.483641 3.238783
-0.268800 0.205641 1.986879
-0.249387 -0.391103 2.932807
0.150663 0.200130 2.059290
-0.267432 -0.289178 2.184812
0.442819 -0.395698 2.198063
-0.402402 0.483155 1.391916
-0.389012 0.145647 1.912158
-0.399529 -0.445148 2.793809
0.419770 -0.362824 2.878858
0.402900 -0.264301 2.872236
-0.349917 0.145153 2.511126
-0.127006 -0.310026 2.158177
0.435154 0.137560 2.791683
-0.441633 -0.297466 2.274048
0.280146 -0.221731 2.574115
0.399890 -0.444285 1.720481
-0.307317 0.244535 1.951655
-0.366606 0.481407 2.529748
-0.392162 -0.201469 1.451988
0.226405 0.237062 2.935329
0.047604 -0.326235 1.435655
-0.306826 -0.145839 2.056182
0.072769 0.464153 2.537942
-0.089775 -0.455560 1.925857
-0.472522 0.473282 2.708137
-0.143408 -0.018456 2.092713
-0.356461 0.109613 2.084240
-0.348594 -0.486397 1.832456
-0.395694 0.329892 2.195362
-0.487676 0.097956 2.278812
-0.365106 -0.132895 2.551483
-0.331448 0.066252 2.233764
-0.250394 -0.414687 1.850542
-0.493036 -0.419449 2.055139
-0.404385 -0.131694 2.416201
0.436186 0.495399 2.524424
0.119909 -0.468754 2.737589
0.445750 0.102543 2.818222
0.413526 0.438212 2.655037
-0.039083 -0.417858 2.059121
-0.191542 -0.156339 2.392621
0.384130 -0.406004 2.309583
-0.078816 0.024703 2.171036
-0.051419 -0.261728 2.671508
-0.169367 -0.096354 2.442229
0.212094 0.322411 2.842315
0.151541 0.406419 2.632843
0.451576 0.499514 2.116044
-0.197690 -0.431161 2.785613
-0.378611 -0.246809 2.451198
0.296722 0.399370 1.716042
-0.072338 -0.336086 3.521050
0.211722 -0.178577 1.997227
-0.388937 0.126885 3.014865
-0.378293 -0.089067 1.779716
0.167526 0.461431 1.899247
0.107981 0.353266 2.962033
-0.270373 -0.412441 1.400218
-0.031176 0.449606 2.364464
0.081856 0.395410 1.892852
0.124058 0.266406 1.818132
-0.152675 0.360071 3.123241
0.305441 0.475815 2.033953
-0.020822 0.429145 2.749491
0.179600 -0.180443 2.124416
-0.292658 0.173127 3.159429
0.096772 0.330639 2.824772
-0.317202 0.382394 2.410200
-0.429190 -0.152518 2.744684
-0.482017 -0.329459 2.868981
0.257768 -0.413325 2.744321
0.127608 0.490402 2.639873
-0.477698 0.182572 1.686049
-0.270200 -0.432233 1.609735
0.123565 0.464189 2.449439
-0.267499 0.480183 2.394757
-0.458795 0.152723 2.401357
-0.374373 0.017716 2.377154
0.047969 0.474589 2.725155
0.354378 0.298699 2.295603
-0.183042 -0.070360 3.216880
-0.227248 -0.442638 2.970012
-0.038531 0.402187 2.189985
-0.470511 0.403462 1.770153
-0.386160 -0.036656 1.882881
-0.334683 0.072171 2.629755
0.031565 0.343145 2.390520
0.343381 -0.244788 2.155394
-0.483883 0.442877 2.458586
0.415164 0.180199 3.514656
0.165953 -0.172471 2.699473
0.250722 -0.114459 3.223501
0.496664 0.282017 1.616404
0.158009 -0.478980 2.837045
-0.358451 -0.220926 1.912105
0.232017 -0.406903 2.233503
-0.156365 0.016424 2.925186
-0.089922 -0.392790 1.968019
-0.390465 -0.445750 2.966687
-0.321992 -0.163723 1.650390
0.249042 0.220697 2.794472
-0.152798 -0.159919 2.796143
-0.152888 -0.188518 3.075217
-0.044973 -0.281261 2.626629
0.369754 -0.348382 1.855358
-0.360160 0.442923 2.997689
0.393234 0.307027 2.245115
0.444239 -0.400688 2.564863
0.273100 -0.399493 2.238429
-0.212453 0.443285 2.317127
-0.483473 0.416743 2.227090
-0.357591 0.341866 1.342637
0.494552 0.359025 2.171179
-0.206713 0.167066 1.556496
-0.174235 -0.235708 2.304795
-0.161817 -0.408197 2.014553
-0.188572 -0.365217 1.662484
0.240485 0.340760 1.890298
0.170748 0.335284 3.005318
0.361355 0.439699 2.202759
-0.166810 -0.491858 2.022794
0.154490 -0.296296 2.312060
0.234545 -0.376605 2.399046
0.278254 -0.045774 2.672253
-0.282067 -0.098500 2.838814
-0.264626 -0.161696 2.049684
0.138986 -0.187081 2.595897
0.277504 -0.396986 2.560399
0.033315 -0.290834 2.242757
-0.004177 -0.448418 1.999011
0.372592 0.438290 2.114596
-0.329196 -0.164954 2.507028
-0.497887 0.354654 2.107841
0.419253 0.399377 1.800374
0.450307 0.464341 2.560524
0.339082 0.028172 3.410219
-0.329749 0.386521 1.993791
-0.282362 0.084354 2.070443
-0.124503 0.257806 2.574399
-0.334945 -0.151051 1.827320
0.033446 0.345629 2.407494
-0.226261 -0.400009 2.820919
0.166124 0.141015 1.943181
0.419025 -0.360023 2.131888
-0.125339 -0.151621 2.553516
-0.016405 -0.053267 2.317728
0.409442 -0.493708 2.831483
-0.316291 0.046671 2.764071
0.320120 -0.243700 1.738706
0.083264 0.245430 2.120851
0.234224 0.352847 2.043140
-0.444954 -0.445903 2.550225
0.417388 0.413520 2.900864
0.162611 0.270834 2.816125
-0.165855 -0.336272 2.235540
0.330354 0.162217 2.499216
-0.087765 -0.024737 2.706834
0.166749 -0.332086 2.867371
-0.203057 0.064712 2.389336
-0.188380 -0.064752 1.912007
0.378769 0.473761 2.185024
0.379604 0.416042 1.694892
0.241021 -0.251853 1.731660
0.237041 -0.139337 2.306941
-0.255923 -0.273216 2.276877
0.052776 0.232565 2.416247
0.315913 -0.155101 2.417177
0.067860 -0.359785 2.325229
-0.198341 -0.192534 1.973114
-0.433429 0.357418 1.862585
0.339757 -0.471263 2.248404
-0.333949 0.039614 2.660410
0.267975 0.437030 2.980105
0.051609 0.413388 2.951679
0.255861 0.331490 1.749143
-0.082727 -0.232187 2.132336
-0.392929 0.252779 2.686319
-0.271625 0.338550 3.212626
0.416832 0.278254 3.083114
-0.255894 -0.290148 2.348024
-0.268751 -0.113365 2.588002
0.169149 -0.249893 2.161917
0.398622 -0.471842 2.527291
0.277701 0.184365 2.872672
0.300839 -0.301769 3.369738
-0.203186 -0.367292 2.540812
-0.367479 -0.243641 2.824073
-0.350472 0.209459 2.382329
-0.169113 -0.136228 2.436223
0.284772 -0.382616 2.495218
0.264085 0.370086 2.391507
-0.035882 0.315359 2.267222
-0.002524 -0.267031 2.739730
-0.089538 -0.329934 2.797497
0.206002 -0.417431 2.603433
0.447650 0.422943 2.375862
-0.235671 -0.156436 2.658342
-0.429960 0.154314 2.302904
0.029856 0.275387 2.701119
-0.199019 -0.258521 2.429960
-0.144200 -0.154415 2.702018
-0.327313 -0.218716 1.944222
-0.388773 -0.001343 1.279667
0.183196 0.410368 2.912375
-0.247398 0.447791 2.280261
0.379255 -0.359431 1.293873
-0.327634 0.100709 2.389548
0.347178 0.380663 2.326057
-0.331724 -0.484569 1.895958
-0.382599 -0.204855 1.950023
0.390506 -0.240187 2.665054
0.359896 0.419133 2.141766
0.197695 -0.223639 2.081202
-0.443938 -0.249638 2.449180
0.259476 -0.407529 2.862717
-0.113177 0.401208 2.799197
-0.361272 -0.255921 1.445000
-0.243017 0.421211 2.785929
0.036428 0.080819 2.778642
0.210433 0.491173 2.728927
0.025585 -0.338617 3.012548
0.170891 -0.259688 2.186491
-0.433452 0.431216 2.185513
-0.490740 0.387767 1.013043
0.393385 -0.496350 2.293191
0.286765 0.374234 1.575792
-0.000682 0.396078 2.954090
-0.249936 -0.050098 2.570720
0.334171 0.203077 2.248233
-0.064827 -0.302405 2.689222
0.315848 0.039979 2.343650
-0.111233 0.446418 2.446531
-0.066040 -0.389379 2.552968
0.451565 0.457217 2.629319
0.164925 0.441711 2.210109
-0.402773 0.159538 2.726967
-0.316998 -0.289779 2.658478
-0.453858 0.241626 1.765090
-0.340587 -0.450192 1.634076
-0.457629 -0.020153 3.083816
0.190451 0.460670 3.289884
-0.122029 -0.053542 1.914046
-0.191446 -0.482251 2.226012
-0.080096 -0.288454 2.544442
-0.307815 0.028027 2.713375
0.319818 0.339742 3.544754
-0.323252 0.071924 2.101336
-0.414183 -0.159391 2.913300
-0.024331 0.317636 2.864689
-0.238463 -0.176497 2.255260
0.348644 0.411440 1.877978
-0.191576 0.270651 2.623583
-0.149441 -0.078189 2.784867
-0.175707 -0.219361 2.114662
0.254173 -0.161730 2.217766
-0.166756 0.055429 2.262944
0.471276 0.366093 2.100396
0.359220 0.387212 2.267834
0.133131 0.204724 2.438840
0.257849 0.427330 2.337909
0.394789 0.429100 2.801391
0.299870 -0.308373 2.590413
0.269324 -0.383452 2.760524
0.269656 -0.424196 2.131887
-0.182083 0.322512 1.272070
-0.237876 -0.493408 1.376519
-0.467529 -0.178341 3.221762
0.015679 0.147958 2.074186
-0.348450 -0.127677 2.398015
-0.351293 -0.161200 1.378896
0.444242 -0.495372 2.537704
0.413207 0.397541 1.919423
-0.273510 0.390940 2.816440
0.152743 -0.427820 3.000716
-0.254198 0.272409 2.246762
-0.112928 0.309649 2.267229
-0.315680 -0.014438 1.835431
0.329736 0.023445 3.112012
0.179522 -0.379478 2.960800
-0.210108 0.113783 1.824602
-0.220633 0.014281 2.078850
-0.254697 0.343583 1.533198
-0.456663 -0.213411 1.916811
-0.239212 -0.026777 1.721610
0.450082 0.410774 2.467375
0.124352 0.193666 2.513550
-0.219688 -0.286625 2.531013
0.047818 -0.334515 2.615898
0.036081 -0.462069 3.119580
-0.150792 -0.317767 3.216663
-0.186127 -0.273771 3.135369
0.229255 -0.345804 1.974196
-0.242780 -0.206237 2.615159
0.392034 -0.437507 2.665929
-0.229662 0.495166 2.412992
-0.406132 0.363132 1.967806
-0.145922 -0.161829 1.701742
-0.488231 0.452076 1.513931
-0.395763 -0.155309 3.261710
-0.431337 -0.008820 3.453421
0.082054 -0.383062 3.027584
0.455810 0.418469 2.428454
-0.212529 -0.450857 2.421145
0.115217 0.397385 2.904470
0.292803 -0.448477 1.508285
0.166297 0.133124 2.387865
0.191067 0.309298 2.436075
-0.339558 0.341627 2.645219
0.271870 0.463472 2.624974
-0.193266 -0.300989 2.202780
-0.065497 0.419445 2.796745
-0.421377 -0.485954 2.194964
0.241988 0.244453 2.476637
0.347866 0.486187 2.163044
-0.283039 -0.390017 2.487171
0.250084 -0.389884 2.898429
0.174398 0.276847 2.544284
-0.412428 -0.141685 2.522885
-0.266254 -0.232639 2.105554
0.475272 -0.370031 2.222102
-0.143585 0.002185 3.050595
-0.451853 -0.036232 2.272684
-0.232885 0.193169 2.080141
-0.377837 -0.152585 1.933668
0.440241 0.390233 2.494044
0.203692 0.136467 2.236123
-0.234003 -0.146143 1.635081
0.237855 0.441016 2.409327
0.045073 0.069852 2.432712
0.230365 -0.246836 2.759770
0.291054 -0.078706 2.433230
-0.144413 -0.271763 1.722421
0.461911 0.213313 2.130029
-0.276142 -0.460836 1.901476
0.079778 0.464085 2.794277
-0.037509 0.422013 2.361128
-0.415113 -0.482377 1.577387
0.265328 -0.329643 2.921383
-0.304350 -0.037665 2.488961
-0.375705 0.080061 2.244949
0.192503 0.331498 2.440483
-0.415166 0.047028 2.541442
0.078350 0.187292 2.668919
-0.259761 -0.046401 2.617749
-0.111985 -0.197205 2.405044
-0.361396 -0.193307 1.718325
-0.446314 -0.201254 2.194728
0.080988 -0.295930 3.078453
-0.021728 0.363058 2.451643
0.162114 0.043446 1.675995
0.382056 -0.289182 2.984080
-0.274600 -0.338232 2.411682
0.349613 -0.416010 2.770385
-0.380521 0.392290 2.285787
0.236563 0.461870 2.137206
-0.186287 0.357544 2.808226
0.165874 -0.413816 2.223003
-0.061307 -0.496186 1.761467
-0.340473 -0.374540 2.469825
0.366174 -0.439793 2.223262
-0.276101 -0.285172 3.091588
0.350721 0.230668 3.075520
-0.217869 -0.049500 2.446442
-0.462529 0.010012 2.412608
0.286483 0.308193 2.806064
0.319326 0.419051 3.215949
-0.112997 -0.012109 3.240972
0.353634 -0.081634 2.468155
-0.049794 0.472638 2.750494
0.477322 -0.108254 3.078251
-0.398877 -0.107015 1.642684
-0.338035 0.055067 2.582843
0.171734 -0.381840 3.001631
-0.365214 0.439041 2.650619
0.440656 -0.289870 2.104543
-0.260948 -0.132534 2.838816
0.220643 0.368046 2.868881
0.424655 0.117876 2.272209
0.319089 -0.467888 3.136718
0.218277 -0.193339 2.709896
0.415428 0.148961 2.219172
-0.265696 -0.289420 2.394895
-0.221481 0.084332 2.125709
0.121978 0.112322 2.277273
-0.206681 -0.213892 2.756237
0.409099 -0.445554 2.225810
-0.104463 -0.464159 1.998248
0.423153 -0.354289 2.487999
0.360661 -0.349572 1.844014
-0.117629 0.377344 2.903178
-0.187343 -0.154760 1.493345
