-0.005969 -0.000921 2.494873
-0.146444 -0.059003 -1.695177
0.354277 0.152368 2.184620
0.053166 0.020103 2.217817
0.117027 0.031413 1.808303
0.349939 0.134208 1.481515
0.185511 0.127554 2.059828
-0.343205 -0.348605 -2.934153
0.135640 0.095554 2.253371
-0.085988 0.253599 -1.169835
0.096123 -0.238641 1.998971
0.096603 -0.224505 2.282246
0.375853 0.176832 1.979438
0.326032 0.144520 2.181573
0.372941 0.191287 2.440542
0.363180 0.108651 1.926865
-0.371136 -0.069283 0.071870
0.366872 0.187077 2.168159
0.035356 0.045408 2.229597
-0.002636 -0.227285 2.017998
0.179202 0.134966 2.170248
0.131319 0.099502 2.437184
0.360889 0.200340 2.032629
0.354231 0.159202 2.191703
-0.112286 0.149519 -1.786697
-0.383235 -0.091999 1.518369
0.051955 -0.188293 2.230452
0.370998 0.144277 2.046749
0.158314 0.097354 2.251541
0.281173 0.214069 2.126610
0.206069 0.121464 2.245367
-0.379840 -0.290305 2.724336
0.166217 0.062490 2.370130
0.354169 0.196686 1.936414
0.148295 0.071559 2.210134
0.166995 -0.011647 2.244375
0.168352 -0.015932 2.366224
0.324852 0.319320 1.734653
0.382154 0.221604 1.962152
0.371077 0.153256 2.063131
0.356670 0.195156 1.949398
-0.430811 0.067981 -1.001416
0.321886 0.115674 1.888032
0.190651 -0.107154 2.266679
0.441164 0.256356 2.041259
0.190966 0.135179 2.105788
0.208316 0.135630 2.143822
0.129049 0.122733 2.158279
0.330844 0.171231 1.844680
-0.018953 -0.023491 2.347342
0.159800 -0.019188 2.414852
0.266947 0.098617 1.841500
0.116047 -0.016113 2.080066
0.022952 -0.046032 2.699499
0.358603 0.209710 2.363634
0.350701 0.102836 1.445008
-0.294716 0.048073 -1.525976
0.346820 0.081908 1.824069
0.394838 0.208878 1.550672
0.342866 0.180718 1.765432
0.164149 0.272485 2.298023
0.033022 0.063858 2.443140
0.314346 0.155486 1.670356
0.041012 -0.237400 2.295486
-0.371194 0.149809 -0.734502
0.391635 0.067102 1.046770
0.148442 0.082627 2.265429
0.369330 0.217635 1.957715
0.388251 0.199922 2.120901
0.367287 0.108894 1.340577
0.048400 -0.248267 2.721596
0.160345 0.034285 2.309375
0.221945 -0.017946 2.065522
0.204682 0.010034 2.113324
0.145998 0.108143 2.145127
0.094403 -0.087717 2.415893
0.401193 0.225784 2.015657
0.337692 0.192777 2.008642
0.042115 0.036137 2.250647
0.326772 0.188152 1.794159
0.260305 0.133202 1.973122
-0.029829 -0.356303 2.666862
0.173447 0.008695 2.441648
0.238064 0.096575 2.075529
0.201864 -0.201326 1.979404
0.160415 0.042822 2.468856
0.027779 -0.227206 2.347632
-0.466879 -0.444924 2.513017
-0.323723 -0.400179 1.353144
0.374180 0.116088 1.518158
0.155257 0.319899 2.343798
0.181418 -0.041595 2.586091
0.373094 0.160353 2.393950
0.267160 0.311911 2.107445
-0.416067 -0.398635 2.312462
0.274735 0.113124 1.914940
0.049411 0.012178 2.092893
0.066526 0.009925 2.311591
0.348149 0.242292 2.088738
0.361188 0.169827 1.988285
0.062842 -0.205764 2.134814
0.072118 -0.206221 2.310199
0.046195 -0.240525 2.852165
0.271607 0.346559 2.207426
-0.452881 -0.467315 2.976327
0.064971 -0.110487 2.359393
0.059100 -0.271586 2.189055
0.331704 0.184022 2.010733
0.350946 0.215727 2.029233
0.273762 0.198614 2.116898
0.304672 0.160768 2.021659
0.449780 0.224904 1.659059
0.415166 0.221309 1.713755
0.083316 -0.076122 2.637796
0.081972 0.061770 2.165920
0.096417 -0.120992 2.166512
0.230100 0.162636 1.937157
0.076577 0.054196 2.263028
0.367209 0.212415 2.032166
0.196291 0.070019 2.549950
0.237087 -0.084618 2.046032
0.342271 0.210853 1.984042
0.162463 -0.117680 2.173582
0.135076 0.072904 2.051335
0.021182 -0.061694 2.196065
0.110575 0.071170 1.935554
0.003190 -0.055623 2.051416
0.124638 0.105824 2.129192
0.173360 -0.018415 2.157633
0.497144 0.357279 1.733807
0.127490 -0.066157 2.248761
0.249869 -0.023861 1.588661
0.378308 0.190581 2.040263
-0.136189 0.172996 -1.118882
0.020454 -0.147693 2.300505
0.386296 0.208816 1.893990
0.045647 0.038772 2.118030
0.094079 0.037721 1.987863
0.036761 -0.108062 2.102015
0.129548 0.102812 2.198267
0.082822 -0.473237 -2.666773
0.101643 0.044541 2.202766
0.117291 -0.140040 2.379089
0.346186 0.181789 1.778865
0.318661 -0.085664 1.819336
0.180314 -0.057994 2.437956
0.232457 0.147842 2.129997
0.238875 0.149074 2.217552
0.069620 -0.211721 2.212254
0.174696 -0.012320 2.547264
0.066095 -0.072352 2.269906
0.336850 0.113826 1.919079
-0.020187 -0.361166 2.943914
0.077532 0.067532 2.107803
0.121111 0.026413 2.329865
0.338241 0.083473 1.997897
0.146754 -0.088654 2.338870
0.128818 0.101102 2.184536
0.324630 0.213168 1.676421
0.143275 -0.190355 1.952724
0.209817 0.113102 1.917435
0.142895 0.076634 2.267627
0.176817 -0.014284 2.531115
0.063041 0.035384 2.267446
0.402565 0.243707 1.936912
0.294110 0.207425 1.814400
0.039065 -0.060276 1.948923
0.290212 0.131695 2.034963
-0.006202 -0.149054 2.440623
0.340104 0.226274 1.904797
-0.181045 0.161410 -1.418539
-0.106978 -0.394058 2.588801
0.438820 0.221173 1.989090
0.358102 0.198272 2.053727
-0.243614 0.040910 -0.930451
0.005162 -0.231267 2.550965
0.361070 0.159666 2.074565
-0.194496 -0.378200 -2.621224
0.073459 0.382902 -1.163603
0.090813 -0.281455 2.366483
0.298592 0.060975 1.754889
0.203401 0.402921 -1.383528
0.400655 0.048312 1.419969
0.382678 0.196512 2.108644
0.364663 0.220569 2.188285
0.367026 0.187087 2.152279
0.074430 0.063114 2.009184
0.410160 0.217474 1.928048
0.161844 0.122659 2.088787
0.027661 -0.274145 2.883233
0.349457 0.196430 2.013405
-0.061465 -0.235922 2.454664
0.371227 0.188251 2.068619
-0.116476 -0.360637 -2.991966
0.278797 0.065525 1.683855
0.409472 0.214716 1.780959
0.289549 0.193769 1.877542
0.185402 0.156573 2.011385
0.155031 -0.234299 1.669991
0.132088 0.107698 2.144750
0.018236 -0.034272 2.364726
0.126899 -0.203431 1.918209
0.157101 0.148450 1.945362
0.157302 0.026429 2.387975
0.416078 0.210232 2.147959
0.364912 0.222427 2.337269
0.357991 0.225346 2.142607
0.119365 -0.072290 2.259094
0.184649 -0.176434 2.455084
0.372909 0.162329 2.083255
0.019530 0.009370 2.336537
-0.197134 0.193443 -1.626689
0.114842 0.114736 2.019126
0.215445 0.116926 1.932776
0.263369 0.177087 2.314449
0.117507 0.128446 2.079524
-0.061784 -0.286762 2.915195
0.107575 -0.219478 2.074601
0.046687 0.042534 2.251178
0.023970 -0.062229 2.232141
0.120197 0.112676 2.269319
0.059394 -0.244043 2.282664
0.137200 -0.096273 2.506260
0.350464 0.101058 1.778168
-0.299057 0.059883 0.603050
0.322596 0.193275 1.630996
0.429205 0.286592 1.586241
0.388600 0.181760 1.923316
0.046741 -0.172341 2.079609
0.040090 0.040253 2.232885
0.372252 0.117281 2.349110
0.228450 0.157765 2.083810
0.158872 0.148375 2.056632
0.195243 0.101663 1.802943
0.075650 -0.176642 2.891530
0.310372 0.218492 1.949028
0.109276 0.034356 2.429553
0.400031 0.192629 1.878081
0.000664 -0.354803 2.635747
0.141816 0.077990 1.937932
0.374127 0.216722 1.841115
-0.075675 -0.274692 2.497149
0.142327 0.100792 2.414492
0.363044 0.166329 2.311644
0.050033 0.072456 2.184615
0.176088 0.103290 2.389857
0.163469 0.091271 2.407015
0.365555 0.180597 2.275748
0.314795 0.177984 1.764117
0.191487 0.127213 2.141159
-0.123629 -0.027987 0.201014
0.297524 0.084776 1.829001
0.285084 0.151807 1.943496
0.330473 0.162749 1.674540
0.125711 0.004199 2.141267
0.170173 0.109397 1.966954
0.136619 0.062365 2.478171
0.329128 0.046131 1.979125
0.031616 -0.241721 2.634458
-0.420403 -0.432720 2.864886
0.226351 0.123194 1.873968
0.369927 0.186352 2.142774
0.266818 0.121552 1.897843
0.361071 0.175009 2.463891
0.231134 0.177247 2.202948
0.388045 0.228813 2.075028
0.191895 0.021248 2.568711
0.121877 0.074956 2.213178
0.020128 -0.122991 2.526920
-0.066721 -0.367700 -2.757287
0.013189 -0.396184 2.714411
0.378285 0.222373 2.125946
0.149481 0.095870 2.054021
0.162727 -0.012516 2.256465
0.238723 0.159951 1.883833
0.367947 0.180261 1.715105
0.328259 0.218676 1.592940
0.364921 0.180022 2.269258
0.435868 0.218898 1.804266
-0.404378 -0.343396 2.571954
0.025474 -0.229755 1.742188
0.155439 0.075120 2.320331
0.358536 0.214590 1.739139
0.056956 -0.305261 2.621291
0.044270 -0.247812 2.496604
0.096130 -0.076281 2.277932
0.227865 0.090137 2.012826
0.177702 0.016145 2.496649
0.221130 0.144087 1.865584
0.406135 0.489098 -3.058793
0.045891 -0.127816 2.257352
0.076618 -0.114608 2.367239
0.080488 0.056340 2.071153
0.359228 0.198669 2.026373
0.357379 -0.113938 2.057746
0.419993 0.201334 2.254512
0.061397 -0.080941 2.163319
0.370287 0.091850 1.450463
0.192962 0.031899 2.552331
0.326033 0.176971 1.813596
0.175490 0.135377 2.180234
0.126236 -0.215081 2.048980
-0.305767 -0.459712 -2.596064
0.291949 0.217753 1.515071
-0.415748 -0.443980 2.474390
0.327227 0.173566 1.798715
0.073624 0.053735 1.845091
0.142916 0.058734 2.509595
0.149955 0.099344 1.992788
0.021111 -0.050225 2.211894
0.129250 0.123214 2.186068
0.347849 0.228318 1.986510
0.239574 0.141000 1.999580
0.025769 -0.256392 2.754715
0.375694 0.135600 2.405043
0.182245 0.118293 2.384738
-0.096703 -0.245905 2.003144
0.168517 0.064108 2.676217
0.109846 0.016135 2.319716
0.071513 -0.234970 2.140248
0.074115 -0.122178 2.422141
0.004743 -0.229348 2.238408
0.154443 0.095146 1.953458
0.048297 0.040722 2.188067
0.160128 0.026561 2.065588
0.172113 0.125286 2.203980
0.126894 -0.097233 2.193935
0.200713 -0.008372 1.921445
0.168659 0.102799 2.168965
0.154451 0.088868 2.385261
0.033402 -0.154126 2.599422
0.074449 0.067626 2.171494
0.423593 0.190735 1.677847
0.248370 0.133217 2.257718
0.176886 -0.019736 2.458902
0.043117 0.062010 2.234881
0.374479 0.216248 1.978638
0.186374 0.056172 2.126624
-0.418909 -0.346061 2.769913
0.247918 0.119766 1.852169
0.112651 0.014762 2.097326
0.419705 0.228341 1.808886
0.390580 0.198416 1.866126
0.087925 -0.092354 2.248117
0.183031 0.091944 2.303439
0.383803 0.209145 1.879192
0.036843 -0.092921 2.562187
0.107552 0.046304 2.219421
0.417976 0.334484 1.107954
0.290278 0.168354 1.846731
0.159471 0.085292 2.197760
0.198787 0.172150 2.168951
0.013598 -0.236521 2.313984
0.066156 -0.071051 2.254660
0.093585 -0.085070 2.197675
0.064839 -0.269120 2.304947
0.160507 0.091019 2.437636
0.124541 0.123835 2.375229
0.362155 0.181263 2.301041
0.388347 0.189657 2.214616
0.338112 0.175609 1.628009
0.393531 0.194410 1.779087
0.294561 0.170721 1.974757
0.044255 -0.047309 2.090723
-0.455237 -0.421119 2.825516
0.368592 0.180490 2.169462
0.363514 0.219848 1.970846
0.130396 0.101707 2.182187
0.050200 -0.249360 2.531597
0.351620 0.091887 1.323205
0.176963 -0.067655 2.398739
0.308385 -0.062306 1.606457
0.172283 0.064403 2.335196
0.143494 0.091146 2.355592
0.128014 0.076701 2.075252
0.150879 0.092150 2.199661
0.314944 0.219085 1.897328
0.357223 0.214165 2.140231
0.191535 0.173823 2.026525
0.330765 0.059930 1.711037
0.420052 0.193570 1.970899
0.159251 -0.010143 2.222664
0.034104 -0.266364 2.609704
0.159832 0.013280 2.089835
0.325326 0.219870 1.868230
0.062286 -0.077346 2.253896
0.146792 0.102292 2.249503
0.105553 0.054247 2.060161
0.104191 0.108656 1.808207
0.184496 0.118903 2.267901
-0.197423 -0.226598 3.075992
-0.432204 -0.223552 0.269678
0.340123 0.187707 1.680978
0.189134 0.107086 2.055999
0.383452 0.053819 1.324631
0.142813 0.116455 2.647837
0.019507 -0.194085 2.439402
0.088737 0.020312 2.237824
0.158579 0.095457 2.222303
0.220616 0.121442 2.281394
