0.113130 0.406928 -2.862325
-0.475990 0.446101 -0.782221
-0.463569 0.241501 -1.981643
-0.499366 0.457153 -2.537917
-0.496278 0.203830 -1.367105
-0.492569 0.206394 -1.624213
-0.497588 0.211302 -1.508426
-0.470697 0.493475 0.727099
-0.478656 0.261653 -1.864097
0.467683 -0.484389 2.261986
-0.489183 0.223940 -1.428001
-0.488597 0.336794 -1.743743
-0.480638 0.224423 -1.519185
-0.490403 0.199816 -1.556447
-0.496326 0.176927 -1.777886
-0.485369 0.257508 -1.789535
-0.207611 -0.254143 -1.028863
-0.499079 0.216801 -1.341211
-0.499557 0.243917 -1.274055
-0.440741 0.338747 -1.695645
-0.488579 0.206594 -1.464497
-0.492173 0.252512 -1.661702
-0.495352 0.205355 -1.737738
-0.481887 0.277821 -2.002612
-0.078746 -0.140487 -3.079918
-0.081939 0.385124 -1.306547
-0.403296 0.484973 -0.739897
-0.487348 0.196422 -1.680029
-0.483905 0.205731 -2.076142
-0.371588 0.323482 -1.710313
-0.491073 0.208679 -1.462935
-0.022003 0.298275 0.141403
-0.477453 0.193350 -2.281018
-0.498665 0.171929 -1.485788
-0.433891 0.406464 -0.770178
-0.478413 0.197679 -1.936763
-0.490980 0.243850 -1.956560
0.309811 0.187359 2.808538
-0.405226 0.462000 -1.302367
-0.495903 0.208084 -1.531782
-0.453133 0.402072 -0.821155
0.191988 0.476729 0.660583
-0.417970 0.460295 -0.657257
-0.495293 0.197927 -1.604855
-0.496184 0.239418 -1.922151
-0.493392 0.194038 -1.669110
-0.475348 0.179744 -1.626490
-0.483502 0.211689 -1.390081
0.448094 -0.405549 0.327744
-0.499665 0.270321 -1.031144
-0.490402 0.140513 -1.757433
-0.414097 0.378491 -0.734016
-0.489026 0.252274 -1.905090
-0.441997 0.410003 -0.396724
-0.442056 0.407794 -3.082302
-0.457530 0.349467 -0.996683
-0.492607 0.357516 -0.892377
-0.493017 0.246642 -1.702221
0.114804 -0.234953 -0.156069
-0.490041 0.302738 -0.972080
0.033016 0.310710 1.965844
-0.493683 0.214186 -1.663934
-0.458566 0.326804 -1.469078
-0.498919 0.200084 -1.448386
-0.483482 0.449072 0.989970
-0.484760 0.420659 -1.389278
-0.376087 0.432815 -1.427932
-0.490879 0.425429 -1.574047
-0.496630 0.198367 -1.819100
-0.495955 0.185834 -1.584577
-0.491921 0.378910 -0.816921
-0.494931 0.211758 -1.741637
-0.496686 0.206817 -1.451821
-0.483187 0.181348 -2.131097
-0.486132 0.283683 -1.263214
-0.498165 0.205264 -1.632301
-0.485564 0.307996 -1.488675
-0.480143 0.368861 -0.452992
-0.481810 0.225489 -1.996257
-0.476564 0.387257 -1.343415
-0.494254 0.180150 -1.614509
-0.487949 0.216731 -1.773913
-0.438031 0.173345 -1.923456
-0.414958 0.457794 -1.568266
-0.011019 -0.339427 1.994857
-0.492122 0.215653 -1.524187
-0.494576 0.186352 -1.800845
-0.478078 0.478516 0.767830
-0.417118 0.405019 -0.416835
-0.470324 0.367800 -0.518509
-0.435780 0.443082 -1.067837
-0.446046 0.354644 -1.666217
-0.496991 0.219666 -1.502875
-0.473713 0.204625 -1.634203
-0.165283 0.498933 0.677180
-0.497687 0.182012 -1.757924
-0.498033 0.174338 -1.423379
-0.441873 0.457694 -0.509072
-0.491954 0.219006 -1.720650
-0.496858 0.188063 -1.617691
-0.496726 0.169381 -1.557273
-0.131598 0.381909 -1.221116
-0.492684 0.194753 -1.821099
-0.494577 0.237105 -1.847980
-0.497065 0.481945 -0.861190
-0.425108 0.432103 -1.140128
-0.499859 0.243187 -1.310469
-0.493174 0.231066 -1.772744
-0.485199 0.211262 -2.498553
-0.487953 0.226143 -1.822859
-0.481638 0.222267 -1.767542
-0.492106 0.212705 -1.442018
-0.476271 0.171355 -1.937659
-0.481035 0.242961 -2.099636
-0.477748 0.189040 -1.936799
-0.488762 0.250130 -2.076634
-0.493957 0.197824 -1.806551
-0.427300 0.442248 -1.351738
-0.493016 0.267045 -1.756880
-0.496057 0.210516 -1.470310
-0.499694 0.198104 -1.961665
0.044065 -0.263656 3.065556
-0.386622 -0.214035 -1.690555
-0.493401 0.183662 -1.634842
-0.499931 0.413638 -1.237878
-0.498304 0.215385 -1.463525
-0.492803 0.180208 -1.774031
-0.488170 0.194023 -1.723173
-0.422876 0.374674 -0.941257
0.095113 -0.431972 -2.125980
-0.439448 0.460047 -1.285241
-0.421182 0.376518 -2.381289
-0.483599 0.205931 -1.665161
-0.488959 0.343199 -1.171474
-0.475237 0.244289 -1.828706
-0.499679 0.190673 -1.793363
-0.497274 0.201769 -1.497483
-0.449853 0.257117 -1.688040
-0.487332 0.478925 1.840518
-0.482824 0.234910 -1.904622
-0.439671 0.449678 -1.629287
-0.493149 0.222929 -1.592206
-0.491300 0.180557 -1.751742
-0.499166 0.224363 -1.576788
-0.466791 0.442157 -1.380339
-0.480850 0.185914 -1.373465
-0.477584 0.239129 -1.741932
-0.493187 0.231894 -1.857730
-0.417004 0.342201 -1.337239
-0.483576 0.131328 -2.221976
-0.441655 0.371040 0.025457
-0.493323 0.228517 -1.775779
-0.497924 0.211054 -1.669378
-0.498139 0.211491 -1.367506
-0.488529 0.228142 -2.022101
-0.475191 0.259491 -1.866271
-0.490217 0.151821 -1.830454
-0.468502 0.391400 -0.765242
-0.475079 0.173003 -1.866360
-0.495065 0.184650 -1.538883
-0.492736 0.227782 -1.759094
-0.486841 0.402590 0.246086
-0.449947 0.161456 -2.171335
-0.441480 0.435309 -0.164464
-0.485767 0.393461 -2.297799
-0.440818 0.293135 -1.364163
-0.464024 0.481432 -2.919587
-0.481062 0.222862 -1.844782
-0.447029 0.296418 -1.475398
-0.496782 0.263542 -1.603494
-0.485192 0.375181 -2.413892
-0.498428 0.236673 -1.493834
-0.478937 0.435954 -1.183299
-0.470775 0.275574 -1.867144
-0.493237 0.348770 -1.225536
-0.497096 0.203020 -1.838065
-0.489339 0.176377 -1.760038
-0.403049 0.428333 -0.609456
-0.489795 0.476139 -1.021678
-0.493411 0.264185 -1.113473
-0.489949 0.255916 -1.810269
0.448306 -0.465163 1.485601
-0.471510 0.462879 -1.718858
-0.499916 0.217516 -1.703614
-0.493575 0.202343 -1.910797
-0.493057 0.164555 -1.852072
-0.483165 0.236888 -1.696818
-0.497880 0.177667 -1.573210
-0.488462 0.147500 -1.598612
-0.495191 0.170785 -1.457989
-0.491632 0.223425 -1.797460
-0.473349 0.456934 -1.733762
-0.498936 0.248327 -1.342759
-0.413316 0.365465 -1.416402
-0.486378 0.207015 -1.932830
-0.475474 0.384866 -0.306139
-0.494630 0.194288 -1.729351
-0.499954 0.179008 -1.810856
-0.490816 0.225581 -1.673865
-0.489304 0.207270 -2.008267
-0.485281 0.282996 -1.896814
-0.487355 0.154140 -1.864584
-0.492369 0.250173 -1.494246
-0.488793 0.224395 -1.608241
-0.480940 0.192096 -1.960721
-0.487667 0.224631 -1.662098
-0.472076 0.241248 -1.847092
-0.425581 0.415746 -0.902641
-0.482313 0.251082 -1.675970
-0.493022 0.188298 -1.629522
-0.491059 0.222712 -1.770761
-0.488425 0.360360 -1.739412
-0.492340 0.281256 -1.232685
-0.490907 0.246109 -2.120649
-0.499982 0.217000 -1.266807
-0.485078 0.192967 -1.702393
-0.497691 0.220138 -1.713183
-0.472923 0.228773 -2.078490
-0.492974 0.217503 -1.573200
-0.483455 0.328596 -1.379908
-0.485262 0.230266 -1.490994
-0.468241 0.343904 -1.364751
-0.493381 0.264980 -1.326648
-0.484695 0.181241 -1.759145
-0.473745 0.496746 0.830917
-0.478543 0.201801 -1.773415
-0.497413 0.429333 -2.283118
-0.463705 0.171562 -2.087051
-0.483706 0.215341 -1.525135
-0.421379 0.357605 -2.210865
-0.478078 0.306497 -1.810066
-0.496740 0.254948 -1.853475
-0.485930 0.186104 -1.820225
-0.489484 0.177973 -1.766174
-0.494878 0.210444 -1.408963
-0.494615 0.162637 -1.582536
-0.494475 0.248310 -1.557682
-0.497727 0.192436 -1.901531
-0.458477 0.398239 -0.420197
-0.427191 0.309852 -1.513247
-0.457242 0.195606 -2.266069
-0.383439 0.498077 0.032924
-0.418447 0.397330 -1.360758
-0.418642 0.350217 -0.653593
0.395200 0.264666 1.098981
-0.419498 0.485430 1.849029
-0.498772 0.255889 -1.416335
-0.494814 0.212734 -1.463814
-0.430557 0.459229 -1.105603
-0.489429 0.223234 -1.625782
-0.315131 -0.162337 -0.844847
-0.489082 0.177092 -1.883634
-0.495655 0.227145 -2.037861
-0.489519 0.296362 -1.949637
-0.439105 0.165933 -1.895103
-0.493530 0.182135 -1.707306
-0.456921 0.171604 -1.907297
-0.459653 0.280880 -1.855188
-0.458375 0.412226 -0.813134
-0.497297 0.497868 0.232142
-0.497924 0.217172 -1.305773
-0.492344 0.251536 -1.869292
-0.485520 0.144084 -1.648545
-0.488024 0.282739 -1.622142
-0.478626 0.354283 -1.373643
-0.495226 0.217972 -1.675494
-0.499915 0.206712 -1.814279
-0.470199 0.279854 -1.822622
-0.498322 0.215067 -1.721219
0.489212 -0.165419 -2.863547
-0.450465 0.451946 -0.896960
-0.492619 0.232028 -1.649619
-0.492897 0.208602 -1.924188
-0.478303 0.211981 -1.660662
-0.469931 0.312034 -1.559962
-0.497992 0.269576 -1.396255
-0.479530 0.166615 -2.000141
-0.484605 0.224580 -1.751419
-0.451207 0.320937 -1.827535
-0.417991 0.483306 0.990130
-0.498229 0.224567 -1.764883
-0.497649 0.247170 -1.427162
0.157066 0.117579 -2.358091
-0.482539 0.233303 -1.758566
-0.428123 0.373676 -1.207471
-0.499985 0.384047 -2.400396
-0.497545 0.204835 -1.587149
-0.498967 0.212400 -1.463823
-0.478243 0.497592 -1.828511
-0.482236 0.195643 -1.508082
-0.285025 -0.417869 -2.871624
-0.483785 0.243892 -1.520561
-0.492250 0.231353 -1.417818
-0.490136 0.211447 -1.752914
-0.473148 0.233647 -1.644673
-0.488102 0.245788 -1.884020
-0.498561 0.169067 -1.791467
-0.496132 0.215915 -1.580590
-0.483348 0.425983 -2.487191
-0.487917 0.216862 -1.793472
-0.483686 0.229153 -1.678588
-0.476878 0.147659 -1.925005
-0.435877 0.466473 -1.573095
-0.496662 0.223477 -1.626270
-0.475668 0.486215 -1.611219
-0.472979 0.324271 -1.746666
-0.489659 0.221997 -1.829021
-0.454829 0.459640 -0.790207
-0.494117 0.229617 -1.480198
-0.442384 0.450221 0.332063
-0.491252 0.173868 -1.701817
-0.497273 0.211665 -1.659482
-0.493044 0.237074 -1.561691
-0.491719 0.240110 -1.620264
-0.485707 0.329069 -1.834335
-0.499078 0.215901 -1.465277
-0.499037 0.249708 -1.658073
-0.496545 0.214057 -1.687297
-0.493108 0.220851 -1.565105
-0.472638 0.314598 -1.413848
-0.478247 0.206606 -1.803118
-0.425829 0.370827 -1.247730
-0.488976 0.190748 -1.546043
-0.499311 0.204194 -1.585685
-0.443746 0.487426 1.245067
-0.499267 0.238431 -1.552573
-0.486883 0.211506 -1.366055
-0.499454 0.225120 -1.471818
-0.491452 0.189613 -1.731163
-0.497465 0.158729 -1.398987
-0.494333 0.208108 -1.614342
-0.487142 0.214442 -1.764830
-0.481947 0.188515 -1.935833
-0.498394 0.210279 -1.737041
-0.487185 0.229194 -1.779637
-0.498700 0.251183 -2.109556
-0.497951 0.184713 -1.620897
-0.499334 0.207083 -1.560520
-0.474780 0.497949 -0.344590
-0.489824 0.225850 -1.717420
-0.487429 0.277340 -1.982239
-0.433037 0.473994 -2.039192
-0.485268 0.215807 -1.733376
-0.410996 0.461921 -1.917473
-0.495438 0.230275 -1.755554
-0.499101 0.204152 -1.885366
-0.495320 0.202789 -1.666783
-0.487632 0.188899 -1.724899
-0.497302 0.200278 -1.760468
-0.478691 0.258242 -1.801460
-0.485219 0.200167 -1.770611
-0.479780 0.258316 -1.894242
-0.470496 0.268926 -1.889036
-0.481978 0.201326 -1.943850
-0.499333 0.216257 -1.483935
-0.466942 0.413712 -1.184463
-0.492202 0.207857 -1.406215
-0.489683 0.208242 -1.324765
-0.469082 0.325727 -1.513951
-0.446926 0.402052 -1.639873
-0.498944 0.177605 -1.530657
-0.480096 0.226692 -1.840448
-0.497687 0.219652 -1.576345
-0.491725 0.215795 -1.470395
0.421066 -0.435047 1.542323
-0.467748 0.429869 -1.341530
-0.497203 0.197933 -1.404865
-0.483975 0.183483 -1.550003
-0.482716 0.228351 -1.649750
-0.471314 0.156790 -1.915631
-0.491109 0.281252 -1.887700
-0.498255 0.215872 -1.460606
-0.493235 0.292940 -0.970508
-0.491382 0.242407 -1.778007
-0.495921 0.232101 -1.821332
-0.498764 0.229807 -1.892263
-0.491471 0.331469 -1.690602
-0.465870 0.347241 -0.972373
-0.499447 0.207187 -1.353396
-0.476752 0.299398 -1.573359
-0.497804 0.212935 -1.518009
-0.494801 0.215557 -1.678195
-0.495048 0.209068 -1.551569
-0.460985 0.347947 -1.178328
-0.493282 0.168643 -1.717873
-0.483575 0.208366 -1.660974
-0.434502 0.376822 -0.120447
-0.484346 0.211493 -1.805782
-0.273609 0.273521 -1.422826
-0.495206 0.173784 -1.673211
-0.494789 0.218682 -1.846139
0.310082 -0.317862 1.214788
-0.466437 0.200728 -2.247756
-0.494930 0.215386 -1.639630
-0.497115 0.358014 -1.274257
-0.480661 0.187161 -1.532929
-0.497652 0.179097 -1.489461
-0.483701 0.147274 -1.901937
-0.491160 0.214002 -1.700765
-0.497178 0.229361 -1.598611
