-0.081738 0.453456 -0.443092
-0.041714 0.416638 0.041158
-0.141120 0.290692 -0.330777
-0.030095 0.429454 0.050236
-0.129504 0.321794 -0.312885
-0.154241 0.265954 -0.786731
-0.305396 0.249556 -1.219797
-0.361485 0.199249 -1.071187
-0.329364 0.195623 -0.959659
-0.082669 0.409497 -0.139169
-0.096345 0.308699 -0.555566
-0.059165 0.358545 -0.026218
-0.045269 0.414412 0.152622
-0.298248 0.243250 -0.952067
-0.412490 0.213524 -1.115305
-0.327835 0.253633 -0.879253
-0.061903 0.495232 -0.117059
-0.078062 0.496867 0.358552
-0.074996 0.407324 -0.115798
-0.009139 0.421403 -0.027612
-0.005708 0.429410 -0.351915
-0.001404 0.479610 -0.154408
-0.366507 0.273898 -1.053937
-0.032766 0.462151 -0.195360
-0.228617 0.254170 -0.662741
-0.369297 0.172898 -1.129673
-0.053316 0.400291 -0.246369
-0.189469 0.282617 -0.666550
-0.136757 0.296786 -0.190908
-0.392429 0.316916 -1.000575
-0.197560 0.336504 -0.433498
-0.016341 0.485175 0.245865
-0.047485 0.421898 -0.040030
-0.052830 0.357865 0.009202
-0.468485 0.256499 -1.353956
-0.029538 0.424104 -0.168286
-0.142745 0.360329 -0.136226
-0.068351 0.489868 -0.303462
-0.170609 -0.431468 2.949899
-0.312500 0.189504 -1.138202
0.374735 -0.461180 -2.114399
0.457480 -0.125869 -1.798506
-0.334752 0.296027 -0.913555
-0.341129 0.237428 -1.056818
-0.230524 0.326193 -0.609157
-0.402077 0.212064 -1.126942
-0.363682 0.174947 -1.306101
-0.030340 0.449076 -0.119217
-0.011517 0.456823 -0.490470
-0.479306 0.187650 -1.129022
0.436638 -0.484251 0.204829
-0.039862 0.386230 0.096514
-0.423291 0.144725 -1.509498
-0.034749 0.437190 -0.117835
0.064723 -0.227041 -2.310122
-0.068925 0.407020 0.217864
-0.090180 0.402244 -0.298892
0.372727 -0.097307 -1.338059
-0.250508 0.434922 -0.289937
-0.095146 0.338425 -0.246333
-0.184404 0.313984 -0.393852
-0.053093 0.389234 0.073687
-0.093178 0.398315 -0.244157
-0.026505 0.398231 -0.079329
-0.440360 0.197772 -1.255473
-0.392343 0.202187 -1.451112
-0.185563 0.328800 -0.143454
-0.436848 0.365725 -1.574279
0.344823 -0.491787 -1.998105
-0.070063 0.448872 0.070006
-0.156250 0.315284 -0.547751
0.001957 -0.134643 -2.626359
-0.297369 0.170996 -1.137589
-0.304078 0.264539 -0.730719
-0.092539 0.407366 0.017889
-0.275856 0.185699 -0.878874
-0.080098 0.389833 -0.047817
-0.097921 0.357768 -0.312851
-0.021258 0.457543 -0.241716
-0.080575 0.448110 -0.183720
0.395109 -0.054826 -1.089747
-0.129170 0.294521 -0.276427
0.454187 -0.469140 0.732698
0.474440 -0.443712 2.531888
-0.021440 0.472765 -0.055235
-0.019161 0.451540 -0.086785
0.420834 -0.071596 -1.150187
-0.174225 0.279747 -0.641293
0.482449 -0.424575 -0.334582
-0.355559 0.269902 -1.171869
0.456972 -0.368286 3.019842
-0.114973 0.459879 0.001433
-0.060659 0.442208 -0.108212
-0.376311 0.190927 -1.243140
-0.449232 0.197617 -1.156892
-0.037696 0.444348 -0.201420
-0.092172 0.346365 0.018004
-0.248160 0.284330 -0.789377
-0.057762 0.408655 0.116745
-0.151380 0.321784 -0.076251
-0.022972 0.498827 0.084744
-0.015301 0.475802 -0.015186
-0.057389 0.470009 0.182677
-0.027332 0.423484 -0.111134
-0.173915 0.301002 -0.262773
-0.393462 0.250131 -0.699409
-0.027072 0.406410 -0.496999
-0.006012 0.446195 -0.197778
-0.361875 0.182756 -0.973953
0.443391 -0.465692 -0.903921
-0.458003 0.188644 -1.373250
0.434904 -0.111112 -1.760668
-0.101126 0.445408 -0.027622
-0.200719 0.493853 -0.101268
-0.091519 0.359899 -0.062242
-0.020233 0.413746 -0.131741
0.410572 -0.483819 -1.522749
-0.150617 0.476303 0.537575
-0.348712 0.269123 -1.025792
-0.091606 0.446245 0.007310
-0.216531 0.296042 -0.299208
0.246430 -0.423810 1.578114
-0.196745 0.357276 0.045156
-0.030864 0.456136 -0.100292
-0.086431 0.476535 0.105384
-0.042212 0.390317 -0.141771
-0.496751 0.305647 -1.706672
-0.263337 0.497979 0.106230
-0.026054 0.411645 -0.034911
-0.238973 0.204833 -1.006904
-0.021247 0.474612 0.264102
-0.031213 0.396664 -0.070184
0.408667 -0.476127 -0.906108
-0.159050 0.323819 -0.422595
-0.201291 0.287849 -0.464575
-0.224324 0.264262 -0.783659
0.349702 -0.119013 -1.123939
-0.031681 0.429516 -0.348508
-0.351522 0.213797 -0.698387
-0.466499 0.267851 -1.416043
-0.130416 0.347749 -0.439797
0.005890 0.425852 -0.178675
-0.074699 0.424913 -0.066808
0.358486 -0.369542 -2.934243
-0.065927 0.379624 -0.100933
0.476789 -0.021833 -1.296265
-0.223393 0.473501 -0.192326
0.330151 -0.119275 -1.407513
-0.332369 0.327448 -0.393666
-0.008050 0.492754 0.085746
-0.021161 0.412560 -0.037891
0.362002 -0.270500 -2.429340
-0.029445 0.451685 -0.138142
-0.194969 0.301636 -0.331523
-0.456020 0.233541 -1.220967
-0.032761 0.421350 -0.354177
-0.039970 0.424561 -0.174573
-0.039036 0.425988 -0.135545
-0.052910 0.458280 -0.219186
-0.376354 0.160701 -1.205639
-0.128099 0.480848 -0.518911
-0.050910 0.448994 0.072119
-0.054986 0.411137 0.194874
-0.083408 0.325044 -0.320662
0.382941 -0.339809 -3.031014
-0.177800 0.328584 -0.288335
-0.412519 0.169172 -1.426818
-0.195080 0.465655 0.286899
-0.188130 0.251077 -0.673369
-0.247193 0.441851 -0.317354
-0.286592 0.236824 -0.705553
0.259614 -0.471055 1.777896
-0.018597 0.470498 -0.007814
-0.209381 0.306854 -0.515244
-0.111802 0.455618 0.274746
-0.141773 0.321914 -0.232937
0.440737 -0.162549 -1.891717
-0.177106 0.246203 -0.569929
-0.098191 0.480981 -0.444038
-0.018472 0.464308 0.021012
-0.054731 0.427858 -0.067932
-0.020438 0.480533 0.168382
-0.038533 0.443441 -0.027199
-0.428635 -0.187583 2.669097
-0.056232 0.461351 0.044857
-0.139818 0.399672 -0.074413
-0.203318 0.324427 -0.292982
0.317135 -0.155641 -1.658320
-0.368415 0.185001 -1.209872
-0.155015 0.376507 -0.442885
-0.036723 0.451371 -0.058512
0.441804 -0.395088 -2.084342
-0.024369 0.473797 0.053569
-0.062309 0.499911 0.088882
-0.028742 0.444366 -0.008889
-0.018562 0.351402 -0.154534
-0.133323 0.471999 0.185095
0.052781 -0.082073 -2.693528
-0.285795 0.411946 -0.970476
0.335927 -0.333973 -2.450370
-0.021075 0.482948 0.049185
-0.365300 0.164976 -1.604335
-0.021079 0.435114 -0.194933
-0.120165 0.448973 -0.077438
-0.311452 0.395007 -0.207823
-0.151095 0.285038 -0.340117
-0.217668 0.343392 0.165828
-0.287004 0.260361 -0.941446
-0.263911 0.493360 -0.246309
-0.035166 0.457515 -0.519591
-0.110341 0.412239 -0.207340
-0.055370 0.455608 0.181293
-0.371578 0.191044 -1.381832
0.464480 -0.478021 1.649585
-0.290046 0.196148 -1.222040
-0.036416 0.445722 -0.288712
-0.082303 0.344886 -0.181690
0.459498 0.264120 -0.964607
-0.321167 -0.461848 -2.537772
-0.038726 0.464981 -0.108463
-0.320281 0.490543 0.096847
-0.034967 0.378423 0.084383
-0.194641 0.331193 -0.104774
-0.030168 0.468821 -0.277672
-0.084215 0.442873 -0.022852
0.496148 -0.165991 -1.002949
-0.194410 0.274223 -0.520172
-0.036826 0.444739 -0.092623
-0.350241 0.302787 -1.136950
-0.052961 0.475274 -0.163239
-0.299201 0.167645 -1.220135
-0.080810 0.318295 -0.301124
-0.013949 0.475632 0.094891
-0.032388 0.419817 -0.390344
-0.289663 0.175362 -0.855015
-0.026610 0.487318 0.127785
-0.446157 0.178249 -1.227922
-0.102986 0.307747 -0.421016
-0.455690 0.148241 -1.202225
0.305795 -0.150099 -1.885303
-0.131857 0.299260 -0.326488
-0.037738 0.437542 -0.167706
-0.060754 0.405645 -0.107573
-0.118010 0.437919 -0.220525
0.429532 -0.128983 -1.433136
-0.262290 0.231435 -0.934684
-0.039932 0.411922 0.106804
-0.212281 0.215618 -0.692995
-0.358257 0.125127 -1.171981
-0.474466 0.321594 -1.514412
-0.069132 0.430767 0.131500
-0.142837 0.292332 -0.212225
-0.041329 0.475937 -0.089707
-0.464938 0.099565 -1.329663
-0.201308 0.321879 0.113238
-0.172640 0.265128 -0.604101
-0.270562 0.476353 0.056512
-0.036889 0.395297 0.043115
0.450623 -0.047755 -1.419150
0.467032 0.021570 -1.177027
-0.295648 0.311207 -0.695782
-0.225166 0.277449 -1.047167
-0.136958 0.297379 -0.389175
-0.033889 0.431358 -0.052970
-0.276060 0.178644 -1.082524
0.005749 0.419061 -0.136001
-0.169924 0.304287 -0.479053
-0.176752 0.239848 -0.326235
-0.062795 0.498844 -0.028672
-0.185778 0.266298 -0.381049
-0.051766 0.414471 -0.158832
-0.024429 0.486122 0.219392
-0.073106 0.354428 0.078952
-0.032427 0.357502 -2.998683
-0.040668 0.444688 -0.113198
-0.035512 0.424035 -0.200379
0.411153 -0.287707 -1.885628
-0.217397 0.471348 -0.082382
-0.291699 0.417434 -0.047533
-0.080196 0.327131 -0.370429
0.432669 -0.405981 -0.968474
-0.374443 0.121633 -0.857526
-0.234119 0.469539 -0.175461
-0.093558 0.387830 -0.226742
0.477033 -0.068348 -1.499402
-0.222405 0.230698 -0.709206
-0.325928 0.375904 -0.932547
-0.136657 -0.166186 0.390557
-0.079015 0.379944 0.123965
0.328936 -0.408074 -1.941611
-0.295024 0.430577 -0.041753
-0.019976 0.489662 0.002893
0.415683 -0.126636 -1.582300
0.335029 -0.284382 -1.309279
-0.111804 0.376113 0.237314
-0.126213 0.302645 -0.464044
-0.065959 0.458422 0.141261
0.472193 -0.121956 -1.683134
-0.428249 0.278611 -1.033803
-0.069007 0.454473 0.012761
-0.261821 0.212922 -1.003513
-0.048804 0.423538 -0.163131
-0.334472 0.256179 -0.865527
-0.076787 0.418940 -0.129942
-0.127160 0.436395 0.082354
-0.147928 0.391324 -0.020269
-0.082716 0.377575 0.296131
-0.063601 0.430671 0.040265
0.386695 -0.373979 0.495285
-0.002889 0.478117 -0.006082
-0.047996 0.448640 -0.057922
-0.033164 0.418882 -0.092298
-0.320325 0.324539 -0.719528
-0.025077 0.488553 0.199116
-0.045276 0.433572 0.109045
0.457678 -0.078946 -1.930441
-0.068993 0.412990 -0.284640
0.464497 -0.077766 -1.826161
-0.037431 0.401424 0.181457
-0.256937 0.409440 -0.440905
-0.035754 0.419707 0.025620
-0.238076 0.268634 -0.517680
-0.450300 0.155566 -1.328853
0.316625 -0.078775 -1.454364
-0.070166 0.408942 -0.134630
0.455561 -0.055626 -1.591427
-0.434323 0.332266 -0.921169
-0.277013 0.213916 -0.979806
0.416416 -0.406043 -1.807015
-0.002817 0.471892 0.089517
0.400040 -0.437977 -1.927033
-0.039377 0.397583 0.136839
-0.166278 0.269336 -0.313946
-0.325189 0.227397 -0.778435
-0.252866 0.247455 -0.946782
0.485589 -0.032138 -1.145883
-0.232445 0.455991 0.163667
-0.002319 0.441533 0.112474
-0.016516 0.423670 0.221228
-0.173528 0.410427 0.168609
0.286551 0.133184 -0.454323
-0.040429 0.394814 -0.392249
-0.064897 0.410112 -0.189978
-0.297150 0.243194 -0.744468
-0.329217 0.273687 -0.700646
-0.278238 0.409904 -0.242054
-0.097168 0.335601 -0.263398
-0.152238 0.338653 -0.258690
-0.137957 0.304618 -0.533465
-0.121977 0.318878 -0.305693
-0.113135 0.499489 0.067273
0.436018 -0.084243 -1.653502
0.429893 -0.420496 -2.025594
-0.299785 0.214432 -0.928091
0.021573 0.457592 -0.107311
-0.449909 0.237720 -1.420601
-0.230342 0.256674 -0.822088
-0.057891 0.377886 -0.332020
-0.040020 0.430280 -0.278956
-0.223801 0.423601 -0.159992
-0.283139 0.218806 -1.109009
0.387696 -0.419189 -2.072809
-0.403280 0.204360 -1.370740
0.401941 -0.099954 -1.981101
-0.488532 0.299878 -1.440945
-0.037413 0.433745 -0.203838
0.161878 0.359436 -1.382195
-0.156309 0.317196 -0.274234
-0.112722 0.310892 -0.063879
-0.097628 0.319402 -0.334709
-0.019992 0.461767 -0.237102
-0.022876 0.430798 -0.291846
-0.468110 0.143432 -1.466355
-0.089424 0.482400 -0.188581
-0.056873 0.393811 -0.140703
-0.047878 0.393148 0.259171
0.409532 -0.103508 -1.117912
-0.025361 0.355653 -0.064458
-0.031621 0.478229 -0.366780
-0.244966 0.499146 0.071903
-0.448141 0.149324 -1.244180
-0.308643 0.357628 -0.524222
-0.304836 0.233100 -1.078773
-0.173725 0.462546 0.129072
0.104981 -0.006146 -1.636837
0.495159 -0.224384 -2.510556
-0.092974 0.326046 -0.218534
0.088463 -0.014148 -1.812325
-0.207291 0.405210 0.144639
0.053044 -0.266586 -2.262912
-0.087077 0.317885 -0.065198
-0.286471 0.315569 -0.615675
-0.404044 0.282197 -0.912625
-0.143260 0.292817 -0.195934
-0.032529 0.432085 -0.104883
-0.486910 0.193055 -1.478101
-0.109081 0.459020 0.118070
-0.406850 0.368386 -1.197473
-0.019527 0.453689 -0.232640
-0.127546 0.401049 -0.031209
