-0.493057 0.153262 -1.721630
-0.440079 0.495735 -0.344574
-0.492694 0.141651 -1.738451
-0.480293 0.193128 -1.621473
-0.471627 0.224030 -1.294071
-0.494968 0.147934 -1.643281
-0.479270 0.214419 -1.424985
-0.496824 0.177912 -1.475628
-0.437352 0.399321 -0.534768
-0.434900 0.304481 -1.033183
-0.494638 0.120685 -1.505118
-0.475845 0.268574 -1.560032
-0.448508 0.241691 -1.458671
-0.483367 0.183305 -1.485648
-0.493579 0.138340 -1.794161
-0.479792 0.145194 -1.612837
-0.470403 0.270578 -1.696594
-0.478409 0.125821 -1.782536
-0.476996 0.207636 -1.538652
-0.479667 0.292318 -1.531432
-0.459162 0.220572 -1.375483
-0.479705 0.296606 -1.780480
-0.483687 0.128842 -1.651235
-0.481357 0.169129 -1.373602
-0.437413 0.295814 -1.695626
-0.496432 0.191150 -1.202720
-0.471421 0.176311 -1.420094
-0.443715 0.352781 -1.640108
-0.495403 0.191996 -1.488876
-0.477670 0.237144 -1.480284
-0.499145 0.218312 -1.475849
-0.398267 0.459582 -0.520137
-0.499730 0.182937 -1.662868
-0.470792 0.171846 -1.706851
-0.415888 0.308088 -1.594824
-0.496276 0.174572 -1.463059
-0.474128 0.223100 -1.224896
-0.469514 0.163510 -1.496253
-0.496692 0.118108 -1.697184
-0.438830 0.254181 -1.340509
-0.492706 0.255500 -1.444863
-0.493577 0.228327 -1.354847
-0.454801 0.423786 -0.699530
-0.485095 0.325726 -1.680908
0.278219 -0.433651 1.220268
-0.477771 0.236857 -1.335944
-0.484319 0.214277 -1.376211
-0.489167 0.127017 -2.443556
-0.469189 0.201458 -1.477715
-0.466163 0.373554 -1.382409
-0.492676 0.175036 -1.485996
-0.479777 0.214774 -1.370800
-0.484838 0.175193 -1.521790
-0.458714 0.274707 -1.619720
-0.495121 0.069699 -2.202524
-0.482387 0.187552 -1.409761
-0.431351 0.434726 -0.569102
-0.490316 0.240316 -1.508977
0.274332 -0.440106 1.209065
-0.484297 0.111453 -1.675349
-0.479013 0.134830 -1.623005
-0.466945 0.254005 -1.398696
-0.484663 0.241723 -1.668991
-0.436924 0.254910 -1.122691
-0.485600 0.188096 -1.504620
-0.301058 0.322912 2.843097
-0.482460 0.179200 -1.745131
-0.329458 0.118355 -1.252169
-0.495482 0.134316 -1.694753
-0.497847 0.224895 -0.306586
-0.478436 0.221561 -1.465192
-0.408388 0.361349 -1.167135
-0.432733 0.290701 -1.527561
-0.472833 0.212677 -1.269637
-0.427556 0.310965 -1.357407
-0.486533 0.207122 -1.495658
-0.488287 0.116834 -1.591622
-0.493950 0.185021 -1.620580
-0.460854 0.287843 -1.463582
-0.493740 0.131159 -1.800516
-0.488222 0.310298 -1.333429
0.065355 0.356970 0.647074
-0.475252 0.185181 -1.281854
-0.474858 0.195211 -1.565587
-0.484417 0.146035 -2.102701
-0.491417 0.174596 -1.336978
-0.482864 0.406289 -1.154881
0.206478 -0.439264 -1.661543
-0.443171 0.292555 -1.276606
0.097717 -0.057197 -1.459060
-0.496881 0.410758 -1.463675
-0.491992 0.291131 -1.698462
-0.486887 0.138975 -1.643098
-0.457989 0.236864 -1.808968
-0.058758 -0.184282 0.677513
-0.475370 0.223954 -1.421060
-0.485845 0.325001 -1.523093
-0.470755 0.408730 -0.671385
-0.439703 0.334260 -1.698866
-0.498861 0.163712 -1.535038
-0.494082 0.203966 -1.523978
-0.403142 0.298923 -1.353978
-0.490469 0.130474 -1.608812
-0.431446 0.296675 -1.779065
0.245746 -0.085062 2.716942
-0.490316 0.279491 -1.689542
-0.497165 0.269204 -1.609948
-0.493191 0.204128 -1.274033
-0.488411 0.114692 -1.592107
-0.496912 0.123172 -1.242082
-0.460431 0.222849 -1.357460
0.238123 -0.460196 -2.075608
-0.465173 0.127902 -2.289615
-0.485071 0.257403 -1.551532
-0.468324 0.220131 -1.737614
-0.456872 0.294101 -1.496307
-0.444834 0.349010 -1.376848
-0.488764 0.259603 -1.729076
-0.482489 0.124760 -1.706054
-0.483520 0.233428 -1.405403
-0.484099 0.167388 -1.659416
-0.475442 0.175997 -1.417749
-0.449654 0.230798 -1.253681
-0.495596 0.208764 -1.709659
-0.477456 0.267160 -0.782656
-0.445142 0.276351 -1.587017
-0.454330 0.191779 -1.596934
-0.496103 0.255765 -1.180407
-0.479775 0.350605 -1.082421
-0.269866 -0.431684 -2.191214
-0.495679 0.168796 -1.511904
-0.484266 0.302107 -1.336024
-0.493522 0.187380 -1.772826
-0.495521 0.205881 -1.526045
-0.416001 0.464293 -0.199631
-0.499903 0.154254 -1.656492
-0.498859 0.212976 -1.826674
-0.483681 0.193804 -1.679443
-0.456696 0.390001 -0.533270
-0.441699 0.378335 -1.466734
-0.173332 -0.152607 1.029534
-0.485350 0.210824 -1.666404
-0.476998 0.193831 -1.400601
-0.468704 0.150801 -1.741841
-0.487270 0.151960 -1.587107
-0.405301 0.425432 -0.646744
-0.474749 0.373157 -1.214530
-0.387824 0.462605 -0.373215
-0.481704 0.209792 -1.648434
-0.440318 0.348642 -1.633482
-0.457404 0.189212 -1.200157
-0.471349 0.298616 -1.481278
-0.052678 0.442157 1.494247
-0.492616 0.171739 -1.614814
-0.482736 0.211933 -1.290513
-0.498295 0.140991 -1.895106
-0.489997 0.182009 -1.925751
-0.481051 0.198219 -1.234439
-0.447541 0.297515 -1.692962
-0.386036 0.437486 -0.436662
-0.427844 0.411860 -0.830613
-0.484073 0.218544 -1.398514
-0.455706 0.312689 -1.500946
-0.463187 0.280608 -1.748547
-0.477089 0.258115 -1.654730
-0.488868 0.220331 -1.471756
-0.385128 0.253106 -2.272535
-0.466354 0.287450 -1.673326
-0.497440 0.368858 -1.987237
-0.464148 0.258314 -1.690302
-0.499497 0.174979 -1.684219
-0.085845 0.448289 1.565613
-0.497912 -0.067638 -2.954522
-0.479058 0.242467 -1.110911
0.087445 -0.016388 2.517027
-0.493174 0.231151 -1.410009
-0.498668 0.109919 -1.375114
-0.496375 0.134660 -1.844721
-0.460814 0.403865 -0.940793
-0.471100 0.455338 -0.318127
-0.405343 0.330634 -1.669635
-0.495691 0.131338 -1.645906
-0.383466 0.303850 -2.975186
-0.485946 0.039549 -1.936786
-0.438410 0.283692 -1.503184
-0.377480 0.099558 -1.579697
-0.488293 0.210723 -1.313063
-0.477904 0.155588 -2.345018
-0.471155 0.216992 -1.392203
0.135979 -0.435678 -1.317948
-0.491512 0.170910 -1.491902
-0.491793 0.199398 -1.442882
-0.462117 -0.145774 -2.554884
0.150110 -0.013719 -0.968893
-0.484745 0.147417 -1.544394
-0.002876 -0.439800 -1.933393
-0.494567 0.177731 -2.626850
-0.392208 0.436728 -0.950570
0.404196 0.003241 -1.542022
-0.477065 0.223266 -1.320562
-0.487893 0.293654 -1.579380
-0.493089 0.170043 -1.479492
-0.474301 0.162025 -1.697970
-0.447455 0.252706 -1.482444
-0.490434 0.151996 -1.587520
-0.489293 0.109271 -1.507016
-0.446723 0.403384 -1.426005
-0.467666 0.225764 -1.333171
-0.491598 0.191851 -1.402395
-0.486266 0.208629 -1.632858
-0.482538 0.187664 -1.650794
-0.482320 0.235767 -1.188635
-0.479210 0.221362 -1.194232
-0.492593 0.411663 -1.494276
-0.436367 0.287373 -1.544710
-0.467375 0.211145 -1.405257
0.091658 0.367159 0.850121
-0.483163 0.204157 -1.480632
-0.481639 0.218498 -1.351570
-0.398261 0.361400 -1.555237
-0.486162 0.186306 -1.411238
-0.487943 0.302677 -1.580028
-0.486134 0.293682 -1.092683
-0.498273 0.129346 -1.545274
-0.478598 0.262325 -1.410102
-0.471814 0.194987 -1.208495
-0.284084 -0.237009 2.014042
-0.485100 0.134357 -1.659857
-0.457571 0.311380 -1.335280
-0.453311 0.359271 -1.289262
-0.433745 0.311719 -1.320741
-0.476799 0.269004 -1.600099
-0.486668 0.147640 -1.475620
-0.496475 0.183399 -1.574421
-0.495458 0.353691 -1.503881
-0.482773 0.357751 -1.072011
-0.491598 0.180303 -1.473015
-0.487574 0.115875 -1.756347
0.291890 -0.096373 0.215120
-0.396645 0.336640 -1.484789
-0.482634 0.126223 -1.642134
-0.493893 0.159753 -1.661083
-0.494869 0.215479 -1.333812
-0.487839 0.145750 -1.380375
-0.472301 0.223606 -1.321978
-0.489828 0.220864 -1.400394
-0.497591 0.210057 -1.525281
-0.480429 0.218776 -1.277187
-0.485704 0.136103 -1.652459
-0.483073 0.182400 -1.351583
-0.474815 0.296549 -1.263008
-0.433651 0.331099 -1.264634
-0.480331 0.125862 -1.688975
-0.495961 0.171306 -1.505330
-0.467004 0.129993 -1.417512
-0.471423 0.188992 -1.297433
-0.490579 0.215448 -1.450767
-0.485431 0.137708 -1.579170
-0.487734 0.236768 -1.357468
0.336364 -0.287953 1.994859
-0.460624 0.391460 -1.143952
-0.482635 0.138789 -1.807343
-0.490170 0.132246 -1.599935
-0.381027 0.386468 -1.206008
-0.446654 0.136633 -2.106187
-0.475459 0.155424 -1.506845
-0.473200 0.203104 -1.310151
-0.491162 0.232485 -1.167351
-0.487393 0.161670 -1.623099
0.237574 0.193675 0.133461
0.242058 -0.479166 0.110302
-0.492046 0.124913 -1.584760
-0.484146 0.151398 -1.573193
-0.483324 0.212675 -1.262609
-0.484846 0.120510 -1.439600
-0.490517 0.143301 -1.498137
-0.471597 0.350662 -1.073252
-0.481022 0.169653 -1.439263
-0.104167 -0.280511 -1.987957
-0.486980 0.190028 -1.377922
-0.494971 0.172308 -1.669203
-0.470905 0.185540 -1.723839
-0.486159 0.186176 -1.480178
-0.433195 0.281460 -1.522555
-0.493428 0.192924 -1.610573
-0.492149 0.184731 -1.473649
-0.469949 0.250482 -1.237289
-0.483259 0.181688 -1.620294
-0.474100 0.231142 -1.470717
-0.414705 0.421123 -1.547690
-0.499956 0.185706 -1.594469
-0.381974 0.448372 -0.682321
-0.476575 0.234741 -1.361068
-0.471944 0.169736 -1.409897
-0.480873 0.151951 -1.801698
-0.497916 0.030337 -1.263266
-0.491998 0.201057 -1.173311
0.151651 -0.040447 -0.965080
-0.484388 0.206936 -1.277500
-0.484220 0.124498 -1.948284
-0.458193 0.242902 -1.222403
-0.410138 0.361673 -1.775141
0.088059 0.314667 1.031225
-0.489113 0.186212 -1.569351
0.224117 0.062664 0.057463
-0.488739 0.122028 -2.051951
-0.420402 0.303108 -1.415425
-0.485172 0.200898 -1.446790
-0.493688 0.191519 -1.700481
-0.499004 0.249246 -1.098502
-0.485691 0.168232 -1.409310
-0.484767 0.135485 -1.717989
-0.493892 0.169358 -1.522467
-0.435890 0.283972 -1.802194
-0.494542 0.141864 -1.633712
-0.458507 0.228454 -1.407266
-0.477611 0.130337 -1.572709
-0.452131 0.475100 -2.542234
-0.435147 0.365232 -1.155828
-0.448795 0.261377 -1.335336
-0.471119 0.246423 -1.409992
-0.404519 0.451885 -0.682958
-0.490782 0.180734 -1.613883
-0.485987 0.184505 -1.775688
-0.485733 0.153160 -1.429823
-0.413152 0.372658 -1.462005
-0.456310 0.236706 -1.629261
-0.489446 0.141346 -1.525512
-0.382960 0.378907 -1.574844
-0.496159 0.207595 -1.343294
-0.446190 0.289179 -1.687119
-0.497008 0.182492 -1.334119
-0.416836 0.320629 -2.809172
-0.385561 0.418749 -0.557311
-0.468346 0.241318 -1.420488
-0.397005 0.338534 -1.240019
-0.495238 0.134890 -1.502528
-0.473404 0.191186 -1.379153
-0.474493 0.307293 -1.340074
-0.430253 0.382573 -1.108409
-0.495684 0.187081 -1.675967
-0.457026 -0.032005 -2.191012
-0.437619 -0.077942 -0.032001
-0.433785 0.338511 -1.630420
-0.495791 0.179445 -1.669682
-0.483657 0.131045 -1.502386
-0.467371 0.248096 -1.758127
-0.414887 0.290768 -1.170916
0.075495 -0.422063 1.751865
-0.485518 0.132181 -1.393127
-0.484738 0.222601 -1.657147
-0.483283 0.223035 -1.579777
-0.455703 0.362111 -1.598450
-0.483106 0.210622 -1.315501
-0.470918 0.230971 -1.381582
-0.494457 0.179243 -1.466597
-0.441810 0.272622 -1.601411
-0.488590 0.189327 -1.451319
-0.481700 0.142701 -1.578854
0.013007 -0.307340 -2.028016
-0.496511 0.113657 -1.861177
-0.114539 0.392568 1.375888
-0.396072 0.433343 -0.609296
-0.498592 0.171247 -1.640045
0.149333 -0.318805 0.800926
-0.496267 0.117379 -1.680290
-0.493081 0.157576 -1.660206
-0.397056 0.366933 -1.435542
-0.468143 0.231189 -1.449742
-0.049482 -0.346616 -1.429531
-0.488903 0.242956 -1.497345
-0.490992 0.348727 -1.436311
-0.448170 0.292630 -1.483267
-0.471677 0.395917 -1.632806
-0.479578 0.211927 -1.457870
-0.478364 0.158037 -1.457082
-0.442666 0.372266 -1.777309
-0.496035 0.200285 -1.878632
-0.484352 0.248385 -1.523995
-0.482439 0.149785 -1.599301
0.088923 -0.446781 -2.090737
-0.471265 0.251561 -1.686314
-0.486519 0.215654 -1.308534
-0.459623 0.229586 -1.523684
-0.483604 0.133330 -1.552440
-0.476253 0.177847 -1.434660
-0.495419 0.175634 -1.764688
-0.406401 0.455268 0.089573
-0.464868 0.315002 -1.519156
-0.439395 0.275099 -1.429157
-0.488288 0.198821 -1.561115
-0.498425 0.122643 -1.437096
-0.486861 0.153471 -1.569533
-0.493357 0.213607 -1.810765
-0.408430 0.139300 -2.212864
-0.475033 0.250402 -1.394870
-0.496349 0.187842 -1.608526
-0.448549 0.305891 -1.349462
-0.476913 0.163016 -1.483366
-0.480899 0.238913 -1.403278
