0.436816 -0.351246 0.658270
0.435426 -0.489961 2.060640
0.267218 0.002085 1.711334
0.470594 -0.394389 0.606677
0.461791 -0.459544 -2.974774
0.444924 -0.206496 1.177578
0.478378 -0.333237 2.184053
0.426159 -0.363721 2.676481
-0.454108 0.411141 -0.284121
0.466919 -0.227098 1.257587
0.366951 -0.445671 3.017630
0.440999 -0.326600 2.374615
0.417127 -0.326325 1.669263
0.439732 -0.478597 2.535000
0.460082 -0.267431 1.947216
0.429376 -0.486734 0.708960
0.490323 -0.485588 0.389466
0.490494 -0.295488 1.912615
0.446123 -0.210298 -0.587681
0.486917 -0.240313 1.799308
0.483052 -0.315977 1.943983
0.476091 -0.485700 2.255571
0.427712 -0.488018 0.326584
0.436574 -0.492641 -0.040951
-0.365557 0.409305 1.534393
0.490182 -0.497919 2.146125
0.441703 -0.375225 1.465042
0.489182 -0.326303 2.091578
0.485291 -0.319105 2.395001
0.433918 -0.350169 1.920869
0.447389 -0.319315 1.286542
0.329024 0.109673 0.525837
0.448515 -0.475376 2.971242
0.421014 -0.492399 0.621641
0.399890 -0.376413 2.773526
0.421572 -0.474502 2.995314
0.417753 -0.497071 1.420911
0.484645 -0.324457 2.056529
0.428687 -0.258308 1.506958
0.437846 -0.394929 0.640626
0.435024 -0.468965 -0.007755
0.471043 -0.498677 1.573118
-0.245451 -0.351957 0.996582
0.480945 -0.486795 -0.419670
0.491213 -0.483173 -0.268091
-0.310137 0.430753 1.777448
0.398239 -0.033670 0.527703
0.420446 -0.499484 0.812478
0.432189 -0.473681 3.116133
0.492761 -0.369282 0.513490
0.420330 -0.498362 -2.245995
0.411359 -0.355882 2.117669
0.461290 -0.275098 1.272946
0.434144 -0.404310 1.101398
0.416983 -0.460341 -2.442911
0.408758 -0.342422 2.167954
0.405075 -0.336872 2.229655
0.485708 -0.485679 1.113489
0.490354 -0.497388 0.407429
0.413672 -0.477197 -2.846965
0.491664 -0.475444 2.417108
0.488381 -0.474649 -2.974641
0.440002 -0.499843 0.594884
0.023558 -0.493103 -0.370350
0.295059 0.084792 1.117340
0.475877 -0.491273 -0.853432
0.420376 -0.468638 -0.502486
0.419948 -0.335078 2.215817
0.423631 -0.356007 3.041449
0.405970 -0.493704 2.931335
0.413173 -0.360396 2.345279
0.488726 -0.426379 2.013029
0.418351 -0.431696 -2.885454
0.441050 -0.318236 2.403509
0.447558 -0.345551 2.775746
0.487836 -0.494431 -0.438608
0.485867 -0.497928 -0.554107
0.435344 -0.490333 0.180444
0.467121 -0.469181 -0.310263
0.281674 -0.328843 0.097111
0.298099 -0.003713 1.143313
0.482436 -0.346628 1.012642
0.414376 -0.264290 2.212339
0.314174 0.089952 1.031837
0.484839 -0.496367 0.673997
0.389105 -0.104535 0.682772
0.489265 -0.497680 0.283505
0.309794 0.086998 0.839061
0.431462 -0.497560 2.270916
0.426511 -0.348824 1.462254
0.494915 -0.293587 1.570870
0.444458 -0.366775 2.295452
0.320117 0.104736 1.023735
0.313784 0.112745 2.238773
0.436771 -0.289266 2.127032
-0.138974 0.367052 2.421017
0.492643 -0.357049 1.002492
0.239156 0.091426 1.181284
0.456206 -0.461675 -0.058933
0.442546 -0.477502 1.177723
0.439326 -0.388911 0.719920
0.487707 -0.493505 -0.876219
0.447795 -0.324100 2.184964
-0.029561 0.416457 1.836451
0.463177 -0.339696 2.344104
0.431026 -0.497769 -1.902921
0.469044 -0.325103 -0.193577
0.437875 -0.472857 2.346223
0.427473 -0.481666 2.920800
0.405844 -0.461395 2.687409
-0.241026 0.464540 -1.465122
-0.477612 0.182059 -0.704392
0.425789 -0.474994 -2.925867
0.429697 -0.484977 -0.463564
0.365259 0.376625 0.833788
0.478904 -0.497103 -0.737919
0.490207 -0.481009 -0.088871
0.419164 -0.344118 2.364100
0.480885 -0.495835 -0.721177
0.487074 -0.324522 2.208151
0.421276 -0.494582 2.481697
0.437681 -0.390337 1.175889
0.436857 -0.278719 1.669578
0.470777 -0.324062 1.188941
0.418928 -0.395316 -2.760834
0.441093 -0.327440 2.281033
0.380182 -0.367442 1.047070
0.436884 -0.347335 1.433627
0.117233 -0.061051 0.388040
0.442691 -0.461188 3.077618
0.487162 -0.484529 -0.049432
0.463142 -0.037814 0.681922
0.418059 -0.331036 1.119965
0.434279 -0.265716 0.537678
0.478766 -0.300543 0.175355
0.477450 -0.321842 1.663777
-0.010558 0.266568 0.845344
0.428479 -0.489295 -0.223310
0.109340 -0.196977 -0.046195
0.441711 -0.285688 2.293283
0.422996 -0.371900 2.474112
0.441515 -0.479493 2.319800
0.414428 -0.408388 -2.590061
0.465646 -0.339366 2.347383
0.478354 -0.480565 0.257522
0.489559 -0.180946 -0.725866
0.481023 -0.293935 2.362703
0.489663 -0.335097 1.226356
0.474017 -0.313735 1.980231
0.474528 -0.314126 1.279868
0.467591 -0.315301 2.124695
0.481819 -0.245460 2.525608
0.376319 -0.005066 0.183145
0.477251 -0.264898 0.542314
0.496650 -0.332935 0.958517
0.019350 0.143528 0.293434
0.477904 -0.303310 2.188136
0.474636 -0.280240 1.763822
0.467802 -0.327868 2.506716
0.301819 0.107342 0.934922
0.407003 -0.472719 2.170918
0.419809 -0.479214 -3.000813
0.470746 -0.288776 1.594600
0.337395 0.075501 0.885278
0.439768 -0.355382 0.732167
0.497476 -0.336725 2.122714
-0.486892 0.274286 -1.046920
0.327708 0.106030 0.733519
0.299475 0.101867 0.729967
0.487126 -0.305577 1.801767
0.283742 0.085141 0.927394
0.426197 -0.463583 3.131829
0.434711 -0.498149 0.147831
0.453972 0.424025 0.717160
0.447934 -0.230497 0.593698
0.431395 -0.320571 1.345502
0.438834 -0.212877 1.396041
0.442419 -0.341672 1.177175
0.497474 -0.486247 1.715049
0.437744 -0.489779 0.146874
0.437940 -0.269654 1.341302
0.431503 -0.301941 1.560429
0.432397 -0.453268 -2.852678
0.418092 -0.345135 2.166577
0.364965 -0.139200 0.355827
0.499689 -0.326861 1.030539
0.446473 -0.319008 1.142262
0.480878 -0.478566 2.424119
0.497775 -0.343918 0.889662
0.412694 -0.474986 3.103460
0.421328 -0.017735 0.634331
0.476925 -0.305882 1.243978
0.427516 -0.479967 2.549059
0.439970 -0.310317 1.684235
0.411590 -0.498301 -1.573491
0.440747 -0.484172 -2.920890
0.422673 -0.259206 1.788019
0.437673 -0.350416 1.981031
0.453648 -0.128086 0.738801
0.395541 0.053303 0.481580
0.414125 -0.364788 2.503530
-0.053243 -0.488807 1.364052
0.479691 -0.246922 0.365344
0.441281 -0.359792 2.838392
0.432717 -0.356712 1.525013
0.472727 -0.231532 1.574016
0.489979 -0.498640 -0.632739
0.471448 -0.291115 2.654406
0.475627 -0.300595 0.982444
0.490098 -0.386524 -2.949992
0.498850 -0.356224 1.004247
0.285178 0.104416 0.989229
0.402664 0.005312 0.513124
0.493050 -0.495951 0.903325
0.425063 -0.494091 0.332974
0.435290 -0.287551 1.331525
0.409225 -0.483358 -3.049446
0.206137 0.222878 0.804004
0.475691 -0.284993 1.736430
0.435268 -0.352507 2.887503
0.436634 -0.347147 0.946687
0.425882 -0.473934 -2.590744
0.493754 -0.374266 0.937351
0.423835 -0.493386 1.842462
0.498210 -0.482911 -2.965983
0.418644 -0.474280 -2.448961
0.428928 -0.360868 1.290120
0.429130 -0.482216 -1.975585
0.292302 0.074665 0.600034
0.494190 -0.328769 0.953530
0.415587 -0.203125 -0.320107
0.408672 -0.193906 -1.591824
0.479645 -0.393026 3.094593
0.404007 -0.499173 2.564626
0.486785 -0.489486 0.100127
0.498018 -0.485691 -0.133796
0.352066 -0.062986 0.494759
0.453194 -0.475112 -0.190618
0.437847 -0.473420 2.602935
0.262535 0.139485 0.774358
0.495213 -0.496260 -0.458192
0.311706 0.092892 0.790853
0.472958 -0.446898 -2.925357
0.432825 -0.487494 -0.114579
0.474792 -0.305998 2.007783
0.495402 -0.166988 0.507309
0.412111 -0.357850 2.669630
0.449900 -0.406223 -2.725356
0.495846 -0.349192 0.905931
0.434720 -0.381439 1.389828
0.427034 -0.329967 1.171680
0.430475 -0.479697 -1.849129
0.454305 -0.331398 2.173310
0.478653 -0.336092 2.165870
0.406320 -0.467965 2.936128
0.443443 -0.327629 2.024661
0.404721 -0.347615 2.482931
0.495960 -0.344673 0.880268
0.366905 -0.016090 0.594911
0.476979 -0.409648 -2.513561
0.401430 -0.096423 0.254594
0.420931 -0.356007 1.502899
-0.306886 0.176665 -1.788636
0.495505 -0.322492 2.080635
0.494788 -0.468787 2.060550
0.413954 -0.355610 2.496693
0.482985 -0.331339 1.458164
0.335018 0.076143 1.220023
0.465064 -0.367853 2.802037
0.432887 -0.346788 1.339759
0.483993 -0.285904 1.170051
0.314688 0.095379 0.871796
0.453195 -0.488544 1.869877
0.480263 -0.448860 0.034283
0.463659 -0.334001 1.016185
0.483841 -0.306843 1.800190
0.432812 -0.141707 0.007312
0.497372 -0.350162 0.747541
0.484817 -0.465926 1.211516
0.409125 -0.448274 -2.554824
0.480351 -0.321878 2.209018
0.499297 -0.360759 0.876539
0.406470 -0.483979 3.013802
0.488745 -0.476759 2.703816
0.485648 -0.316424 2.112718
0.477399 -0.326478 2.155990
0.493102 -0.337076 0.859095
0.493764 -0.308829 1.194066
0.450781 -0.260123 1.420065
0.439986 -0.345699 2.548792
0.452690 -0.289206 2.038036
0.426339 -0.296617 2.317475
0.418562 -0.355234 1.583965
0.493771 -0.363439 0.614897
0.470463 -0.271042 2.336905
-0.243122 0.385417 1.049453
0.425116 -0.468715 -2.794279
0.475719 -0.200814 3.126334
0.459127 -0.254296 1.704479
0.491405 -0.328400 1.659097
0.499249 -0.483711 -0.564421
0.431803 -0.309607 2.264541
0.397941 -0.386602 2.682424
0.421974 -0.493622 2.347892
0.485465 -0.496741 -0.824573
0.499061 -0.306840 1.798988
0.498274 -0.285883 1.294754
0.433793 -0.493716 -0.291827
0.412757 -0.216174 0.680326
0.439568 -0.473314 -0.187095
0.441909 -0.476173 0.049977
0.470777 -0.419909 -2.515851
0.478343 -0.488218 -0.441679
0.454147 -0.291822 1.470663
0.469089 -0.317961 1.888167
0.495494 -0.463710 -0.195806
0.473103 -0.225038 1.320456
0.491575 -0.483367 1.885258
0.413590 -0.484803 3.085787
0.471752 -0.484968 2.190878
0.489230 -0.487718 -0.448482
0.412391 -0.479218 2.476789
0.452143 -0.343413 2.421993
0.495717 -0.492085 2.964907
0.480644 -0.355769 0.860902
0.421008 -0.350616 1.940915
0.473318 -0.299256 1.954735
0.424634 -0.334218 2.063697
0.473777 -0.455797 1.094614
0.435553 -0.475907 -0.215097
0.417150 -0.344394 2.388242
0.411266 -0.215472 2.180366
0.402980 -0.420614 -2.735263
0.428430 -0.376390 -3.012052
0.492569 -0.319804 1.956479
0.416868 -0.318641 1.536450
0.435950 -0.499016 -0.319443
0.471247 -0.448087 -2.362009
0.439641 -0.325819 1.555119
0.484685 -0.213215 0.435940
0.441536 -0.473234 2.226029
0.454721 -0.436871 1.655961
0.474951 -0.282110 1.300181
0.332841 0.084755 0.779194
0.177481 0.039634 0.484344
0.426266 -0.302814 2.096539
0.456957 -0.296671 1.853357
-0.186658 0.422038 1.323190
0.467306 -0.286255 2.276425
0.481629 -0.259731 0.580657
-0.461246 0.494411 0.527622
-0.240270 -0.401191 -2.677882
0.458770 -0.310116 1.445523
0.421543 -0.353059 1.510397
0.478595 -0.328148 1.858553
0.332057 0.082872 0.731407
0.458576 -0.342018 1.488958
0.491788 -0.359442 2.937828
0.453430 -0.360728 1.477574
0.319973 -0.335634 1.140079
0.418243 -0.353530 2.316565
0.486846 -0.497032 2.751148
0.471044 -0.479338 -0.490277
0.286613 0.106617 0.897048
0.417680 -0.363287 2.049334
0.435640 -0.489246 2.410922
0.478953 -0.118954 0.405814
0.381837 -0.356447 2.239744
0.423434 -0.356719 2.761068
0.373721 0.132403 2.337694
0.420443 -0.494072 -1.771422
0.414532 -0.498285 2.411875
0.487013 -0.222651 1.036579
0.414427 -0.394645 -3.106129
0.464860 -0.271488 2.104236
0.420888 -0.490890 -1.999337
0.418784 -0.493121 2.026675
0.499931 -0.245390 2.521846
0.436179 -0.366275 1.196825
0.073265 -0.163622 0.031925
0.220965 0.225354 0.608686
-0.098198 0.497283 -2.250541
-0.332421 0.454703 -0.439344
0.417220 -0.348308 1.634034
0.431867 -0.248363 -0.006341
0.454523 -0.490018 2.494514
0.438183 -0.349970 2.543020
0.462617 -0.473871 2.921755
0.410565 -0.225160 1.737903
-0.391966 0.205048 -2.022530
0.480498 -0.452644 -0.225843
0.489554 -0.327542 1.146302
0.422670 -0.281594 1.479171
0.438914 -0.486758 2.339286
0.480000 -0.272797 1.120056
0.483247 -0.230204 2.600362
0.456960 -0.229714 -0.482942
0.172081 0.399919 -0.960123
-0.399996 0.311140 -2.697615
0.191600 0.276890 0.743863
