0.142962 0.374463 0.490266
-0.475143 0.096479 3.241519
-0.367717 0.211860 -0.949486
0.362755 -0.020095 -3.792830
0.439101 0.048338 1.588600
-0.219315 0.477293 12.183466
0.412206 -0.198623 -0.387149
-0.052517 -0.093520 -3.133652
0.285877 0.242602 2.503922
-0.470866 0.106924 4.405786
-0.365637 -0.268321 2.332943
-0.326630 0.400582 1.389129
-0.173021 -0.291059 2.254305
-0.383240 -0.462643 3.165394
-0.315007 0.432588 -5.348541
-0.376479 -0.101917 4.473786
0.281938 -0.120612 -4.717089
-0.492351 -0.016960 3.908498
0.126230 -0.120012 -4.454257
0.184517 0.296774 -0.383640
-0.401711 0.257375 -1.092810
-0.480159 -0.423979 -2.505994
0.297523 0.136629 0.054803
-0.354041 -0.290484 5.866948
-0.221241 0.014561 4.714856
0.324072 0.121857 3.656283
0.397089 -0.247148 -4.276238
-0.409401 -0.218538 0.923850
0.040497 0.239344 -5.286087
-0.071974 -0.221071 4.270136
0.079954 0.039929 6.056140
0.368735 -0.242530 -3.113029
-0.428045 0.280902 6.247568
-0.363608 0.280820 -4.965712
-0.033443 -0.247436 1.262731
-0.270902 -0.301102 1.625817
-0.168446 0.341993 -0.976761
-0.138448 -0.347888 0.686687
-0.006245 -0.147320 0.766518
0.032401 0.072511 3.433379
0.251213 0.044402 -4.700841
0.450204 -0.454830 6.055092
-0.124413 -0.474821 2.806692
0.116486 0.450872 -4.913699
0.071332 0.391791 5.182500
-0.076597 0.088551 -2.820333
-0.014963 -0.375295 0.094480
-0.476565 0.473702 11.061568
0.014915 -0.322701 -0.370295
-0.446603 0.235648 -3.082896
-0.128127 0.152695 1.969331
-0.465749 0.449622 4.210910
-0.236670 -0.105459 -0.824408
-0.135260 0.486256 1.976660
0.190732 0.164746 -1.126418
-0.230790 -0.457081 3.792116
0.260069 0.409759 3.061728
-0.475875 0.169319 1.976389
0.495700 -0.297942 3.858136
-0.231771 -0.126309 -5.186721
-0.019889 0.395826 -5.677098
0.255713 0.154847 3.127706
-0.369832 -0.332425 2.546518
0.347025 0.334813 -4.628663
0.093669 0.392878 3.693465
0.439515 0.173725 -0.322790
0.113753 -0.007389 5.906314
0.293310 -0.441327 -2.002199
0.015922 -0.273349 4.654276
0.080619 -0.122697 0.129149
-0.452653 -0.493758 -2.489377
-0.248537 -0.309426 5.941167
0.161958 0.213544 5.754668
-0.344538 0.133061 5.772523
-0.176666 0.276466 -2.129339
-0.020499 -0.265504 -5.289459
-0.112183 -0.412998 2.903421
-0.445708 0.156387 1.602816
-0.191979 -0.185155 -4.591633
0.279701 -0.354935 0.188174
0.245602 -0.095926 -0.390387
0.355698 0.407614 -5.155343
-0.287228 -0.112783 -4.511344
-0.219958 0.227694 -4.487397
0.308194 0.213445 2.290454
-0.403502 0.474685 -5.291087
-0.195250 0.143897 4.589037
-0.127611 0.002781 -0.250192
0.402984 0.128407 3.274489
0.363054 -0.304596 -3.956714
-0.122046 -0.351164 -1.064832
-0.407514 -0.100076 0.078964
0.278251 -0.019385 -0.492412
-0.240431 -0.159939 2.191256
0.322321 0.065858 2.078023
-0.221329 -0.344647 -0.203393
0.082915 0.369949 4.827884
0.390700 0.138742 -5.831766
-0.200205 0.360339 5.710866
-0.449817 -0.057192 -3.149666
-0.491032 -0.021674 0.716593
-0.291334 0.057165 -5.011632
0.380224 0.035597 4.423507
0.153769 -0.021008 4.844551
-0.280002 -0.127678 -5.877640
0.047969 0.252461 -4.997949
-0.430712 0.444630 1.387529
0.186481 -0.219452 -5.143129
0.107457 -0.053028 4.516919
-0.472492 0.053323 0.826911
0.445118 0.141848 4.375210
-0.477239 -0.258258 -3.425847
0.194533 -0.106230 -1.410367
0.179642 0.384784 -4.949248
-0.448509 0.424997 2.760872
-0.192480 0.005037 -5.008389
0.221876 -0.209869 -4.811772
-0.321013 0.388879 4.841213
-0.157612 0.459683 -3.080906
0.087727 0.376856 5.314306
-0.004443 -0.158576 6.266228
-0.220235 0.351430 2.237930
-0.365107 0.377390 -2.677824
0.215072 -0.178764 4.134872
0.090421 -0.277562 1.947978
0.369047 -0.464922 -1.726440
-0.388139 0.366599 -2.218422
0.452697 0.334737 0.916158
0.114139 -0.388396 -4.966780
-0.133202 0.225234 -4.130160
-0.463931 -0.414539 -5.126134
-0.028352 0.028842 -0.117434
-0.075936 0.193146 -1.231795
0.178194 -0.065015 -2.744893
0.153597 0.054515 3.412278
0.491814 0.319911 5.434956
-0.362227 0.229463 -0.717947
0.413751 -0.455727 2.339500
0.184113 -0.112401 -0.241120
0.171841 -0.467448 -2.047891
0.071835 0.485683 1.094877
-0.411768 -0.275522 0.851832
0.290730 0.383884 5.969982
0.214278 -0.019665 0.470950
-0.417522 0.296147 -3.151967
0.068839 0.041550 6.073472
0.153171 0.355262 -3.119124
0.323335 0.253256 3.358083
0.095837 0.359074 3.963568
-0.075168 -0.369646 -5.310129
0.023682 0.360110 2.517569
-0.148205 -0.095724 -0.502863
0.495857 0.299002 4.738962
0.286290 -0.408647 -1.504385
0.329380 -0.290631 -5.981345
0.147804 -0.070154 -1.216940
0.441206 0.016100 -5.955699
0.193314 -0.449129 -2.061137
-0.018470 -0.365456 -2.467213
-0.496960 0.309096 0.915543
-0.262180 -0.476451 2.364304
0.377081 0.054967 5.240358
-0.308942 0.081284 -4.228821
0.186468 -0.340356 -1.164857
-0.033652 0.040262 -3.099979
-0.389709 -0.391088 -3.659765
-0.397946 0.438235 2.925172
-0.074491 0.060636 3.043772
-0.171449 -0.324154 6.016247
0.168160 -0.080073 -3.156958
-0.142498 0.254182 -0.036018
0.022735 -0.149702 -4.561435
-0.447506 -0.244065 -6.069673
0.421537 -0.258451 -5.608814
0.131749 0.152961 -2.498699
0.228787 -0.421943 5.729310
-0.332719 -0.232601 3.986585
0.466876 0.388477 -0.186558
0.295553 0.333604 -4.715566
-0.129176 0.463309 -0.477118
0.022587 0.253567 5.998755
0.279428 -0.442915 -1.357143
0.252712 0.210731 2.165783
0.430841 -0.480248 3.258896
0.317546 0.087163 -1.929929
-0.105572 0.068055 6.258715
-0.465967 0.327772 4.883311
-0.010392 0.146140 2.950216
0.065062 0.125964 4.382002
0.038007 -0.419510 6.012122
-0.349423 0.273880 -1.118299
-0.109592 0.323716 0.881486
-0.474215 -0.039289 -5.191511
-0.493366 0.078889 1.339141
0.189097 0.210228 -4.053068
0.384587 0.172316 4.087655
0.282139 0.367504 4.526971
0.440731 -0.442801 -3.429064
-0.228732 0.251669 -4.142837
0.074042 -0.373754 3.372481
0.250218 -0.039033 -6.153810
0.375971 0.155536 5.259406
-0.456873 0.207951 3.608965
-0.179796 0.121492 4.402596
0.043446 -0.466097 0.586911
-0.466781 -0.304164 5.162716
-0.434518 -0.166020 5.978422
0.377214 -0.035770 0.600471
0.376676 -0.034312 1.345533
-0.445281 0.302919 -5.582497
-0.436218 -0.476138 2.804107
0.258471 -0.434405 -3.970136
-0.038788 -0.206302 -1.402877
0.277860 -0.133347 -1.179263
-0.298091 -0.288345 2.443010
-0.001428 -0.483064 8.078510
-0.299203 0.386170 -3.119154
0.423436 -0.407128 -3.123475
0.130704 0.411178 -6.187886
-0.132274 -0.079531 -1.522664
-0.077317 -0.403727 4.400252
0.013159 -0.493395 5.302176
-0.293310 -0.127468 -5.894729
0.255892 -0.241821 6.087942
-0.111480 -0.382940 1.044232
-0.020124 0.380816 3.965064
-0.042662 -0.102535 2.743121
-0.400903 -0.226885 2.701871
-0.116899 -0.351720 -1.028016
-0.236969 0.482683 0.347558
0.341076 0.140681 2.501579
0.243198 0.420331 3.401355
-0.256946 -0.275989 1.984519
-0.303366 0.430469 -1.606061
-0.041802 0.211766 -3.734329
0.020506 0.142106 4.066544
-0.086312 -0.469865 -4.525881
-0.176175 0.272163 3.852234
-0.421221 0.262047 -3.965759
0.238743 0.014264 2.054641
-0.188069 0.475604 -3.337123
-0.205187 0.359522 0.740360
-0.208277 -0.017272 -3.534948
-0.285190 -0.340008 6.243746
0.101875 0.269155 2.753690
-0.311392 -0.134763 0.841319
0.427860 -0.005284 1.485298
-0.337066 0.284189 4.681482
0.159730 0.001421 3.909412
-0.172523 -0.161252 -0.702515
0.274844 0.184288 0.273279
-0.075016 0.208959 -3.473343
-0.043183 -0.177454 -1.036853
-0.428721 0.401039 5.787952
0.427890 0.290925 -5.519259
0.477248 -0.156149 -2.092258
-0.023575 0.298935 2.616913
0.213229 -0.316562 -2.328279
0.059588 -0.119959 -3.564534
0.411200 -0.493701 0.582175
-0.149578 -0.131388 -5.314139
0.472071 -0.158485 -3.050262
-0.010309 -0.489874 -0.355362
-0.164544 0.336535 -0.106908
-0.179624 -0.098329 -1.739603
0.366528 -0.317328 -2.890914
0.086581 -0.092577 -2.999266
0.030394 -0.365757 -5.997861
-0.228635 0.150854 4.945678
0.111574 0.181132 -0.016616
-0.044065 -0.069651 2.067446
0.295201 -0.466528 -1.386803
0.267931 0.279956 1.079511
-0.397674 0.446794 1.494393
0.172693 0.199340 0.817839
0.490081 -0.004265 -4.913344
0.332725 -0.048548 -0.889797
-0.156818 -0.417172 -1.029122
0.367387 0.232328 4.852542
-0.358124 0.326400 2.164894
-0.187475 -0.167428 -0.689913
-0.037251 0.437359 0.110464
0.422199 -0.126104 -2.682316
-0.181789 0.344392 5.511645
-0.368247 0.499292 11.329250
0.146417 0.004008 -5.417756
0.335050 -0.312579 2.345377
-0.432526 -0.043143 4.755591
0.196374 0.138964 -1.866427
0.159247 0.084473 6.136117
0.301230 -0.259493 -4.477246
-0.274132 -0.036325 -1.693046
-0.449041 0.073152 -5.284001
0.437811 -0.477457 -3.558826
0.093809 -0.127874 -2.601570
-0.498798 -0.015920 -5.182220
0.395752 0.334914 -1.645942
-0.004560 -0.271548 5.997713
0.117351 0.015385 3.624826
0.351085 -0.327433 -2.506399
-0.088287 0.231872 -3.165492
-0.075517 -0.266582 0.514658
0.176202 0.356174 -4.720470
0.303924 -0.248111 4.117164
0.396869 -0.327478 -4.549526
-0.458032 -0.368192 5.323383
-0.277668 -0.157669 1.339956
-0.011107 -0.047722 -4.560882
-0.201078 -0.439699 0.404431
0.047700 -0.278352 -2.563603
-0.114667 -0.426196 0.595933
-0.061590 -0.427614 -1.139440
-0.499784 -0.291863 4.909163
0.401508 0.257520 -6.038972
-0.336387 0.162429 -6.265480
-0.161288 -0.417132 3.054042
0.296115 0.333200 -1.806894
0.491559 -0.376057 -5.617407
0.226103 -0.370159 5.683822
-0.420845 0.431106 -5.339912
-0.463953 -0.050556 -0.743645
-0.053034 0.003474 2.806220
-0.162058 0.291698 -2.340291
0.045854 -0.125616 2.240137
0.023197 0.075685 3.957783
0.248598 0.440834 2.421872
-0.246329 -0.197969 0.179846
0.145961 0.243327 0.079004
0.038043 -0.330501 -4.122405
-0.432894 0.084530 1.661857
-0.399645 -0.498878 3.889513
0.305554 -0.484652 5.411933
0.238010 0.196036 -2.390959
-0.471775 -0.214275 -4.490393
0.308220 -0.344158 -6.050725
0.245127 0.006265 1.952016
0.054419 -0.169001 -1.187022
0.428535 0.273042 -5.802447
0.094165 -0.309158 -6.003238
-0.191685 -0.419609 6.164674
0.192779 -0.298035 3.720387
-0.442618 -0.102998 -4.383748
0.049918 0.020018 6.206520
0.101563 -0.017580 1.698286
-0.490463 0.172618 -4.958066
-0.405405 -0.378120 5.452198
-0.195734 0.489403 4.841666
0.168414 -0.109266 1.572458
-0.023012 0.372059 0.254229
0.437820 -0.493719 12.132361
0.178665 -0.217048 3.432079
-0.355586 -0.470655 -0.775499
0.318889 -0.186672 -0.801170
0.357637 0.164157 5.522756
-0.447722 -0.493228 2.754914
0.076131 0.032203 1.148898
-0.395817 0.138082 1.021595
-0.043745 0.490802 11.447191
-0.369026 -0.126289 -5.988502
-0.442754 0.152527 -1.678091
0.285696 0.383883 0.865795
0.426287 -0.302708 0.672326
-0.450861 -0.129748 -0.325572
-0.404608 -0.178531 4.319863
-0.297742 -0.053243 -1.523450
0.013157 0.202737 -5.314065
0.263940 -0.251507 -5.053861
0.006546 -0.160135 -1.642343
0.406994 0.299760 -5.656757
0.039602 -0.284735 -1.884172
-0.040489 0.495577 -6.055288
-0.296991 0.003162 -6.104872
0.015204 0.106895 -3.065210
0.429256 -0.190226 3.827672
-0.213146 -0.177525 -2.216327
-0.143580 -0.443236 2.172110
-0.207470 -0.300634 -0.178058
-0.063028 -0.093674 -4.639698
-0.166881 0.083575 3.535818
-0.012580 -0.363597 -2.483152
-0.355696 0.470096 -1.810293
-0.330298 0.073151 1.832476
-0.111073 0.151256 4.345047
0.374588 0.105338 2.769316
-0.076522 -0.207316 -4.093455
-0.134312 0.127267 2.372470
0.212094 0.414586 -4.487508
-0.457655 -0.153997 -5.878461
0.257278 0.257753 0.687081
0.128564 -0.157963 -2.077542
-0.287090 0.161526 -4.351734
0.002696 -0.284501 2.010288
-0.445670 -0.313784 -5.616376
0.014291 -0.311859 -2.894603
0.287344 0.412021 -0.333664
0.233423 0.489667 5.419989
0.018633 -0.269364 -6.073878
-0.367093 0.390242 2.869586
-0.039176 -0.103858 -4.646829
-0.216822 0.257508 -4.852211
