0.134745 -0.030946 -2.200752
0.036633 0.107042 2.486454
0.469968 0.299254 -3.302298
-0.250564 0.132028 6.002500
0.385931 0.173921 -1.581670
0.275744 -0.158273 -2.204479
0.008876 -0.439498 -1.376970
0.155628 0.344656 2.167296
-0.463291 -0.342577 -4.424731
-0.260440 0.165995 5.556537
0.058372 -0.421910 -4.336245
-0.348474 -0.372390 4.276061
0.378992 0.463669 -4.442085
0.256408 -0.128561 -1.985416
-0.440459 -0.102912 0.124160
0.242903 0.400643 2.091314
0.243304 -0.414787 -5.431386
-0.119910 0.189687 3.473938
0.066123 -0.455547 6.125320
-0.331022 0.307612 -5.409366
0.462352 0.145915 1.724043
0.080648 -0.010103 -1.916876
0.273271 -0.092258 1.453204
0.179184 -0.061709 -1.282071
-0.430898 -0.262322 3.266295
-0.209410 0.377709 -4.973609
-0.244185 -0.082825 5.048290
-0.213426 -0.482229 -4.026835
0.358988 0.382191 -0.177331
-0.009158 0.163226 -2.117823
-0.051720 -0.237221 4.646654
-0.157631 -0.038614 2.794659
0.054671 0.423564 -2.975469
0.437817 0.316228 1.333613
-0.415558 -0.010267 -3.654727
-0.040789 -0.110666 3.397703
-0.283436 0.328289 -1.459830
-0.330520 -0.343929 -1.691293
-0.023259 -0.065332 5.721616
-0.161703 0.403193 5.739247
0.307000 -0.398879 -5.357101
-0.062393 0.140615 4.754762
0.043104 0.090045 5.751816
-0.117302 -0.102374 -4.685522
0.406772 0.436268 -2.930381
0.200312 0.266477 1.621940
-0.137720 0.144717 5.511199
-0.232654 0.022348 4.440729
0.004088 -0.055770 -5.264965
-0.011739 -0.496453 1.536620
-0.340295 -0.167235 -4.993893
-0.360117 -0.009649 -3.062137
-0.328204 -0.440737 3.174704
0.294973 0.495711 4.275032
0.276769 0.318930 0.839048
-0.379054 -0.014184 -5.011588
0.260560 0.165998 0.606527
-0.324889 -0.019883 -5.109950
0.012460 -0.387447 -0.149484
0.291218 0.192588 4.825177
0.002977 -0.478996 -1.486829
-0.024974 -0.064822 2.770202
-0.334604 0.433831 -5.020681
0.209792 -0.228749 -0.711260
0.000082 0.029140 3.152241
-0.211329 -0.058305 1.295259
-0.410206 0.473568 11.411270
0.351951 0.048447 -1.015534
-0.445201 -0.166462 -2.780961
0.494413 0.018153 -2.847313
-0.278302 -0.333209 -5.974171
0.030058 -0.482741 -3.682948
0.046445 -0.244468 -5.334076
0.021164 -0.027898 -2.432994
0.060510 0.145599 -0.932356
0.220479 0.256206 4.481070
-0.037717 -0.439997 0.715116
0.320932 0.071264 -3.934676
-0.052989 0.483005 4.413123
-0.136653 -0.481475 1.258329
0.077506 -0.280922 -1.704601
0.147410 -0.228825 -2.221198
-0.090060 -0.404079 5.433963
0.221334 0.010841 6.128156
0.325543 0.188879 -6.014699
-0.052335 -0.088138 -4.412335
0.027613 0.088053 3.386806
0.360544 0.130702 -0.047424
0.419882 -0.419495 1.487859
0.019997 -0.290356 -2.867458
0.072387 -0.365263 4.889629
0.472864 0.135136 9.314687
0.199251 -0.007911 5.894323
-0.478606 0.019419 -5.260371
0.419425 0.246603 2.964124
0.425892 -0.487304 4.448149
0.266698 0.157958 3.955455
0.100471 0.364860 2.790735
0.132288 0.105618 -5.405744
-0.455367 -0.471898 -0.082564
0.418649 -0.236044 -0.507244
-0.007144 0.198567 -0.518604
-0.053768 0.086334 1.218657
0.048892 0.131495 -4.573297
0.111502 0.026515 -0.788946
0.017623 -0.330645 -2.037714
-0.056607 -0.416589 5.456279
0.240898 0.150886 -3.600709
-0.349327 -0.232626 5.800050
0.200843 -0.465205 -0.670317
0.335216 0.358042 -4.917370
-0.296236 -0.231972 1.030891
0.304917 0.187881 -4.045267
-0.462851 -0.371511 3.750836
-0.256805 0.239132 -5.860724
0.351004 -0.198288 -5.018526
0.024252 -0.399109 -4.729105
-0.456401 -0.443415 0.860339
0.135802 -0.469201 -3.463126
-0.340983 0.185976 4.332629
-0.316893 -0.322421 -4.422228
0.021391 -0.110412 -6.014587
-0.013378 -0.053176 5.346723
-0.066839 -0.035007 1.479719
0.066103 0.241493 -4.414408
-0.085648 0.283561 4.783898
-0.227349 -0.193780 -4.276346
0.491045 -0.344296 -0.961827
-0.468559 -0.300381 1.907028
-0.063436 -0.322032 4.884004
-0.370585 -0.332943 4.962678
-0.457827 0.092706 -4.414791
-0.013567 -0.274412 -5.441242
-0.337943 -0.409964 -3.432617
-0.465414 -0.249294 4.742706
-0.082326 0.203958 -5.024267
-0.183197 -0.203203 3.214891
-0.059585 -0.429881 -4.830856
0.001560 -0.088746 5.480451
-0.449244 0.439383 -6.118771
-0.438970 0.390294 3.088988
0.237197 -0.307799 -0.942801
0.259081 -0.147585 2.144453
0.174210 -0.215573 0.922666
-0.197943 -0.431456 3.316367
0.341309 0.171428 -1.916478
-0.023218 0.404422 -5.907247
0.111898 0.318004 3.160861
0.315539 0.156446 2.555010
-0.344332 0.137120 -4.256630
-0.094718 -0.143040 -5.227471
-0.390048 -0.248309 2.766233
-0.124557 0.075112 2.431616
-0.428757 -0.077703 3.749859
0.488790 -0.191370 2.277143
-0.421827 0.468484 -3.488722
0.299557 0.214385 -0.843177
0.026370 -0.262798 -0.306466
0.095442 -0.303537 4.171941
-0.294989 0.365847 -4.371493
0.102562 0.122647 0.933224
0.341722 0.464221 -1.822218
-0.369053 0.185160 5.587388
-0.452274 -0.377468 3.253465
0.243577 0.142507 -2.047359
0.121959 -0.086812 -3.291438
0.488266 -0.316793 -2.131781
0.492830 0.368301 -1.680558
0.229838 -0.155506 -0.356130
-0.493887 0.364812 0.542526
0.026184 -0.073375 -4.120346
0.016281 -0.040686 2.706396
0.266988 0.047149 5.381872
0.081498 -0.460644 -5.503529
0.398295 -0.369523 -6.201041
0.116534 0.337820 2.656999
-0.487888 0.334603 9.151417
0.333695 0.419123 1.720809
0.135424 0.279504 -3.936214
0.464991 0.338690 1.837655
-0.366704 0.028736 -4.499332
-0.002030 -0.236676 -3.964531
0.220160 -0.499558 -0.162733
0.236988 -0.096101 2.833073
-0.350268 0.070615 -1.485585
-0.459225 0.200048 -4.568563
-0.455776 0.038826 -4.321442
-0.286024 -0.040480 -4.443402
-0.356870 -0.444050 -4.813478
0.220661 -0.384755 5.944822
-0.081401 0.008144 -4.151952
-0.412569 0.379326 4.947022
0.075992 -0.358219 4.465293
-0.059906 0.060561 3.773399
0.169785 -0.105583 -5.136443
-0.171043 0.206516 -6.131712
-0.201778 -0.146797 2.344212
-0.204698 0.410708 3.219145
-0.170441 0.477147 -6.079906
-0.123992 0.483026 -4.845005
-0.429388 0.361479 2.293521
-0.328337 -0.498394 -5.353017
0.104285 -0.037879 0.775021
0.341770 0.157298 2.075819
0.320692 -0.080918 1.878870
-0.332317 -0.238704 3.518467
-0.441450 0.044439 -1.446959
0.370265 -0.349978 0.841892
-0.463120 -0.310501 1.943213
0.437893 -0.115815 3.129238
-0.144193 0.166762 -5.592438
0.249371 -0.100308 -2.509542
-0.325630 -0.445618 -3.343396
0.052520 0.478981 2.466672
-0.182402 -0.464400 -3.961701
0.035213 -0.403179 -4.373909
0.360236 -0.263993 5.185718
0.120078 -0.229823 -0.949262
0.389763 0.285584 0.654165
0.057029 -0.100361 -4.638465
0.429540 -0.190287 -3.119472
0.126822 -0.061345 -1.700759
0.351093 -0.192688 2.594067
0.409067 -0.413707 6.243508
-0.021311 -0.314427 -1.532764
-0.037552 -0.232592 0.744733
-0.469472 0.313181 -5.641176
-0.140990 -0.367524 3.687318
0.034682 -0.497119 -4.166960
-0.410908 -0.261392 3.023535
-0.260489 0.439219 -4.189083
0.408492 -0.151913 -2.119662
-0.192964 -0.379297 2.662768
0.249122 0.464200 -1.908994
-0.312140 0.457265 2.540490
0.110933 -0.494605 2.308644
-0.259542 0.313890 -0.214071
-0.084119 -0.465680 6.130334
-0.002261 -0.135922 3.534996
-0.158936 -0.307069 -0.769397
-0.447463 -0.204097 1.677291
0.273332 -0.227708 -4.499202
0.280049 -0.122533 3.132463
-0.458929 0.468885 4.628770
-0.355082 0.075035 -1.619110
-0.086274 -0.087633 -5.356171
-0.289513 -0.435286 -1.892347
0.074297 -0.428824 4.673114
0.353294 0.237548 3.451725
-0.281361 -0.306356 -4.403704
0.454112 0.056124 4.912683
0.238921 -0.180013 5.724165
-0.419222 -0.286657 2.249692
0.079934 -0.471328 3.615600
0.302297 -0.034432 3.599817
0.431757 -0.203933 -5.827487
-0.204716 0.306532 3.819400
-0.054270 -0.004755 -5.752853
0.155239 -0.440658 0.570139
0.298336 0.203290 4.899083
-0.126223 -0.107615 -6.021748
-0.173982 0.081724 4.063077
-0.284283 0.408165 6.154479
-0.135292 -0.204226 -6.072296
-0.271011 0.216175 -5.937499
0.028638 -0.466568 -5.058810
0.133223 -0.049571 3.681202
-0.164569 0.391560 2.709096
-0.058854 -0.056557 2.790554
0.140566 -0.117026 -4.190317
0.192564 0.029513 -5.776372
-0.403968 -0.262584 2.721678
0.411996 0.349028 -0.972102
-0.252150 0.365256 5.158837
0.099502 0.185883 -5.155263
-0.424832 -0.132945 -1.946364
-0.399444 -0.282095 3.838801
0.041305 0.216096 -4.364477
-0.069591 0.138414 -5.292666
-0.225184 0.047606 -3.982760
0.394206 -0.327979 6.097169
0.318371 -0.106321 -1.919378
-0.466860 0.021462 -6.147226
0.466807 0.259574 -4.394197
0.159829 -0.132823 -6.130822
-0.199735 0.394100 5.653016
-0.017208 -0.071038 -0.510699
-0.195833 0.013567 1.853269
0.186988 0.441012 5.854048
0.197805 -0.114915 -0.485277
0.091661 0.360554 -4.621068
0.430850 -0.373735 1.605900
0.076832 -0.086529 -5.748602
-0.273278 -0.092963 6.108089
0.465345 0.101765 -3.014640
-0.419857 -0.407921 -5.451425
-0.362537 -0.376911 -0.330696
0.105053 -0.354145 3.514311
-0.014664 -0.176546 -4.833867
0.217574 -0.467608 -0.340955
0.147631 -0.121438 -5.401062
0.313723 0.288804 2.070560
-0.181439 0.083285 1.014290
0.166143 -0.029029 0.989322
0.130404 0.269737 -0.920710
0.081171 0.362644 4.459470
0.220120 -0.224357 2.743959
0.345090 -0.324745 4.733582
-0.375928 -0.353274 -1.587442
0.477154 -0.357419 4.628827
0.016078 -0.226677 1.544189
0.155173 0.080165 0.601842
-0.389170 0.437080 3.243337
0.137974 0.360087 4.458825
0.371322 0.225763 -2.520557
-0.070067 -0.171426 -6.221394
-0.091973 0.033401 -3.869971
-0.334079 -0.356126 -0.220713
0.184914 -0.360101 5.058238
0.478416 0.255019 -1.311331
-0.209790 -0.041046 0.420537
0.082269 0.242411 -4.544386
-0.131711 0.476606 4.979216
-0.483249 0.377503 4.270420
-0.215361 -0.393600 -5.318133
-0.000764 -0.389050 0.501939
0.299445 -0.004133 5.872886
0.212086 0.340944 1.851700
-0.482690 0.463496 2.123722
0.037572 0.283312 -3.855861
0.354678 0.128639 -3.241732
-0.131431 0.331562 2.872225
-0.488284 0.343081 4.070232
-0.010728 -0.049979 4.931918
0.493798 -0.067964 -2.973120
-0.219190 -0.476714 2.979503
0.325372 -0.218927 -4.905867
0.088816 -0.457109 3.100354
-0.412319 0.465033 -3.069797
0.170447 -0.114390 -3.055526
0.103333 0.289044 4.502728
-0.073154 0.283217 -0.246087
0.392275 0.032745 -4.149197
0.059910 0.356155 6.102280
0.308420 -0.098683 -4.318889
0.168612 0.242282 4.004252
0.439847 -0.368241 5.305899
-0.042065 -0.162355 3.080142
-0.054691 -0.301405 3.460707
-0.435773 -0.181411 0.680746
-0.145219 -0.038489 1.553369
0.148675 -0.432849 0.235233
0.159321 -0.497988 4.969221
-0.005399 -0.162475 2.236543
0.059383 0.028089 5.688087
-0.160023 -0.158176 -3.514621
-0.356212 0.130215 0.554456
0.471611 -0.245438 3.012578
-0.496020 0.001112 5.289233
-0.030802 0.165298 -5.540760
0.299728 0.164149 -0.554726
-0.101049 0.188000 4.280690
-0.209317 0.043792 -2.389151
0.299370 -0.356581 0.768685
-0.069344 0.024058 6.275490
-0.034888 -0.137946 2.415628
-0.372295 -0.222833 2.415655
0.035588 -0.036080 -2.650797
-0.344303 -0.345322 -6.102919
-0.338980 -0.441121 6.250581
-0.088621 0.125422 -1.508784
-0.495213 -0.421937 -4.276370
0.058366 -0.492030 5.654451
0.496063 0.254896 -1.148232
0.391412 -0.147706 -5.214829
-0.463947 -0.218268 4.029649
-0.294302 0.454310 -2.194580
-0.065193 0.399095 0.871132
-0.356872 -0.129448 -5.550447
-0.041049 0.486103 1.924073
-0.137519 -0.187167 5.986208
-0.427739 0.448288 -3.700047
0.108692 0.175389 -1.342408
-0.049319 -0.270320 5.773438
0.266899 -0.280835 -4.443871
-0.069163 -0.197107 -4.687930
-0.125993 0.361882 -3.923087
0.462161 0.345087 -2.999841
0.259022 -0.443756 -5.450119
-0.137457 0.210119 3.185635
-0.265182 0.459586 2.135444
0.105218 -0.485318 4.427506
-0.132615 0.026070 6.001174
-0.366246 -0.072977 -3.207103
-0.030040 -0.424358 -4.484264
0.278205 -0.050933 0.611775
0.300270 0.290245 -0.778854
-0.312721 -0.401679 3.800512
0.183437 0.372963 1.838582
0.035053 -0.458237 -2.415428
