-0.151460 0.006869 -5.322278
-0.257171 -0.226263 -4.241094
0.449638 -0.058603 0.575802
0.356107 0.322395 -5.945740
-0.331281 0.133400 0.102463
0.016113 0.497144 4.924341
0.183479 0.358464 4.062586
0.027802 0.149184 4.817533
-0.363722 -0.318940 -1.165962
0.168584 -0.244586 -6.188159
-0.284327 -0.342212 3.517196
0.003482 0.323473 -2.283279
-0.130579 0.104876 -5.941404
-0.123575 0.044669 6.242406
0.478839 -0.269327 -4.402839
-0.414224 0.131539 4.152200
0.237089 0.352280 -5.111045
0.220589 0.018038 -2.910616
0.290363 -0.052137 5.662449
-0.011375 0.443172 -4.821244
-0.271081 -0.414648 5.889602
0.351449 -0.378457 -1.513589
0.229466 0.048251 -1.992941
0.237047 0.238563 -3.705080
0.228667 0.196035 0.347673
-0.170903 -0.369456 3.869498
-0.002405 -0.106450 4.127012
-0.207091 -0.427257 -5.250029
0.462601 0.049037 3.955930
-0.295663 0.076035 4.037539
0.096374 0.488353 5.061591
-0.357109 -0.106789 -1.730431
0.368088 0.005869 -2.441149
-0.480127 0.440859 3.902998
0.302877 -0.363156 2.289698
-0.089737 0.368268 -2.084982
0.211073 -0.314929 -0.750440
0.174174 -0.355687 -2.875583
-0.175141 0.215802 -6.180120
0.091551 0.250364 -6.187028
-0.263785 -0.108320 3.317061
0.157627 -0.458714 4.001641
0.480137 0.444911 1.762407
-0.395578 0.183186 -4.913630
-0.264001 -0.054351 -6.168234
0.304396 -0.306650 -0.572100
0.407451 0.049936 -3.959611
-0.292589 -0.404800 -4.061464
-0.060453 0.127227 3.797843
-0.207491 0.262886 -5.338734
0.471830 0.019494 4.411092
-0.244073 0.406986 4.145268
-0.149907 -0.206023 2.789021
0.053639 -0.373306 -4.331490
-0.334416 -0.436479 -3.325801
-0.126394 -0.352498 1.821456
0.263028 -0.110510 5.639800
-0.107522 -0.425994 -2.702563
-0.473188 0.109027 -3.476275
0.281128 -0.111760 1.281203
-0.077350 0.275392 3.947081
0.434047 0.279846 4.353741
0.218329 0.008902 -6.158724
0.366582 0.186701 5.433274
-0.041664 -0.279632 -0.435388
0.216699 -0.292201 -2.949246
-0.375316 0.480507 1.755507
0.073247 0.437531 -5.330460
-0.449599 -0.459102 -5.230464
0.121499 -0.305239 0.746181
-0.161048 0.169773 3.645070
-0.049721 -0.371909 3.981225
-0.331594 0.422552 0.835835
-0.058718 -0.193677 2.393005
0.096708 -0.354392 -2.620871
-0.453742 0.010796 -1.903980
-0.228541 -0.483402 1.618561
0.403663 -0.489801 1.386649
-0.308443 -0.081876 -3.277359
0.396744 0.069520 -1.568082
-0.459246 0.098678 1.269173
-0.235834 -0.386418 0.801871
0.433916 -0.247254 -4.261871
-0.322396 -0.171152 -2.612178
0.116199 0.464489 -3.681417
0.216590 -0.030785 0.157329
0.060556 0.316330 -1.798719
0.065489 0.108375 4.175407
0.314977 0.049403 4.854949
-0.347694 0.423295 3.709827
-0.405016 -0.251225 -2.178876
-0.383305 -0.195697 -0.690959
-0.487302 0.334975 2.467158
-0.474854 0.404470 6.978772
-0.240107 0.068749 -4.979018
0.050868 0.391438 5.993335
0.317983 0.017015 5.789327
0.123175 0.088056 -2.455857
-0.435979 0.082022 -5.055568
-0.193252 0.380012 3.898439
-0.209618 -0.375554 -6.262880
0.468414 0.468667 -2.265553
0.235794 0.283906 -0.675782
-0.383074 -0.494073 4.654752
-0.031133 -0.495972 -1.075333
0.111190 -0.089875 -4.206373
0.334321 0.031977 0.613987
0.126211 0.305714 -1.633489
-0.450321 -0.450122 2.428067
-0.070009 -0.238464 5.612859
-0.106547 0.014691 6.073943
0.485703 0.404815 -6.018062
-0.114442 0.181138 4.345955
-0.467513 0.316084 4.858561
-0.454531 -0.042316 -4.544392
-0.277681 -0.493064 3.054751
0.057744 0.050325 3.087875
0.378544 -0.136610 4.243825
-0.495764 0.201398 -1.077131
-0.273127 -0.137818 -3.949342
-0.376752 0.001024 -4.624669
0.118963 0.308332 -0.354444
0.309414 -0.357349 -6.145131
0.474424 0.463829 2.187538
-0.486148 0.021201 -2.943056
-0.367273 -0.269673 -4.125261
0.441143 -0.161698 3.378177
-0.227922 -0.022650 0.751054
-0.482739 0.383204 4.019246
0.143355 0.224889 -1.968900
-0.426466 0.010832 -3.893702
-0.204083 -0.291286 6.001253
-0.335919 -0.083519 -3.039823
-0.111727 -0.439657 -6.153897
-0.398496 -0.377997 6.014284
-0.097133 0.151618 -5.869209
0.111928 0.119847 -4.831834
0.197979 0.262590 -0.293915
-0.117435 0.154438 -5.659321
-0.392130 -0.301471 -1.687416
-0.179204 0.316173 4.027973
0.383071 0.399838 1.007706
-0.100169 0.313853 5.224748
0.275333 0.158632 5.856134
-0.426643 0.067248 -2.765623
-0.085276 0.299624 3.885579
-0.323374 -0.242694 -4.897511
0.327044 -0.021189 -5.561301
0.049397 0.297528 -2.341438
-0.115141 0.119269 5.712533
0.357028 -0.043465 -5.193833
0.072772 -0.281866 -6.034578
0.138228 -0.414573 -2.493021
-0.176517 0.379309 -5.125800
-0.462700 -0.094171 -3.679699
0.367293 -0.425357 -6.210594
-0.154081 0.289851 5.168397
0.158513 -0.449147 -4.162788
0.219036 -0.160337 -2.042615
-0.171754 0.178653 -2.287102
0.127331 -0.158818 -2.956637
-0.417534 -0.241459 -3.434641
-0.055058 -0.050026 4.314046
0.328238 0.341711 -5.130647
0.193956 0.043343 -1.200394
-0.122753 -0.181551 1.637736
-0.437777 0.355500 4.299393
-0.143261 0.017403 -1.410465
-0.053420 0.105080 6.051148
0.272867 0.478999 1.444997
-0.446647 0.079534 -4.099316
0.198259 -0.353408 5.010500
-0.227011 -0.478247 2.631114
-0.439208 0.054582 6.248620
-0.003103 0.393415 -5.281804
0.410506 -0.010706 -2.441682
0.088629 0.384143 -1.706872
-0.260631 0.030991 1.596831
-0.497996 -0.150491 5.948480
-0.352296 0.275128 -3.254459
-0.078633 0.372143 4.872842
0.286616 -0.017386 -1.470129
-0.463614 -0.089193 -3.642868
0.297190 -0.287179 -2.507498
0.344825 -0.346756 6.082438
-0.451315 0.389625 5.705377
0.278303 -0.225449 -2.709818
0.098951 -0.182882 5.578290
-0.324998 -0.074543 -0.825714
-0.372813 0.186387 -3.886536
-0.307850 -0.492092 -0.936774
0.054200 -0.450390 2.887239
-0.320459 0.406022 -5.844543
0.040754 0.338146 -2.001912
-0.000347 -0.465085 -4.710504
0.099539 0.498542 -3.106277
-0.182527 -0.127517 2.444613
-0.070238 0.127518 -5.820804
0.232177 -0.389221 -5.743516
0.281546 -0.359391 -0.744946
-0.406423 0.050329 -5.093995
0.386369 0.286759 5.382732
-0.281496 0.371583 -2.312367
0.295377 0.161393 5.855839
-0.387279 0.148787 1.410030
0.451451 -0.231736 1.737554
0.391043 -0.084423 4.213832
-0.075553 -0.340681 5.346860
0.437815 0.161601 -5.578009
0.242371 -0.187607 -2.616199
-0.374457 -0.496910 -5.803812
-0.387757 -0.225831 2.147831
-0.232143 0.440538 -5.584692
-0.384104 0.269296 -0.921523
-0.172430 -0.249919 2.433010
-0.022833 0.359710 2.286072
0.202903 -0.349304 -5.473228
0.321624 -0.144548 4.342589
-0.273816 0.195970 3.524489
-0.404123 0.117602 3.653710
-0.261946 -0.253969 0.721773
-0.066096 0.285861 -3.625131
0.275656 0.421436 6.273292
-0.284408 0.263686 6.211803
-0.426510 -0.386700 2.742181
0.175727 -0.047257 -5.448649
0.305628 0.251188 -2.224302
0.224271 -0.081366 2.613414
-0.411173 0.152584 -1.725845
0.178459 -0.134204 6.266497
-0.469260 0.164146 -1.994419
0.253880 -0.242426 5.910214
-0.072500 0.417079 -1.230216
0.493808 -0.096674 0.799801
0.384206 -0.128024 -4.812178
-0.390356 -0.471090 -4.991934
0.348540 0.224249 4.353401
-0.128391 0.166883 2.009976
0.253230 0.190747 -3.976374
-0.402331 -0.018599 -5.860136
-0.466763 0.217657 4.668501
-0.136056 0.315201 5.466169
-0.098871 0.427672 -1.207490
0.328987 0.024373 -1.573304
0.358967 0.426902 0.675099
0.459147 0.183606 5.591524
-0.383188 -0.225490 3.357201
0.233037 -0.172231 -6.030972
0.384457 -0.327950 5.509656
-0.237462 0.241897 1.531673
0.089787 -0.193265 -2.393723
0.252137 0.394640 -4.575938
-0.173120 -0.127947 -3.146784
0.187421 -0.039421 -5.053529
0.052791 0.148010 -1.602855
-0.031979 -0.152035 5.341144
-0.281091 0.307577 -3.977600
0.463113 0.299437 -1.321255
-0.344210 0.327682 0.435276
0.266699 -0.198908 -4.852161
0.150952 0.466786 -2.886232
0.195203 0.091967 5.998389
0.216484 0.111000 -3.259261
-0.061881 0.462333 -4.980242
-0.325909 -0.179824 5.980062
0.151734 -0.273511 1.148420
0.396406 -0.398834 -0.912763
-0.453514 0.398462 -2.462753
0.171114 -0.192246 6.007275
-0.171907 -0.237444 3.195204
-0.276449 -0.332982 -3.140957
0.202777 -0.088015 -4.985857
0.322239 0.150494 5.934891
0.035312 0.435694 5.724111
-0.311291 -0.327735 -5.957190
0.142014 0.184881 -6.135720
0.361906 0.014727 -3.276960
-0.178294 -0.409826 -2.700332
-0.119719 0.263262 5.335994
0.376478 0.152642 -3.327469
-0.087765 -0.192192 1.093367
-0.379403 -0.495446 -5.400118
0.383039 -0.372572 4.413645
0.381430 0.278917 -6.101846
-0.476371 0.008935 -2.538472
-0.472849 0.075567 -2.980976
-0.086273 -0.355272 5.539758
0.150907 -0.316120 -2.842477
0.189829 0.055065 5.369432
-0.259637 -0.006132 0.339956
0.218017 -0.067964 2.537707
-0.446863 0.445749 5.756199
-0.488730 0.123730 -3.534821
-0.079364 -0.352174 -2.785869
0.249439 -0.000560 4.118423
-0.387984 0.483898 6.051475
-0.029966 -0.416383 -3.228321
0.258221 0.297255 -5.040362
0.263245 0.073525 0.804945
0.408450 -0.370635 2.858160
-0.377250 -0.010009 -4.036985
-0.147630 0.164682 1.072582
0.369543 0.046492 -0.653375
-0.118789 -0.195785 -2.223103
-0.165993 -0.095938 -4.253596
0.419660 -0.022471 1.859643
-0.436802 0.355825 3.998877
-0.278241 -0.016765 -3.512046
-0.428236 0.324882 4.979808
-0.286173 -0.437519 1.859605
0.302007 0.071109 -1.053858
0.081600 -0.316798 2.714474
0.034456 -0.104496 -5.720819
-0.152391 0.265742 1.033948
-0.362693 -0.104262 -1.511493
-0.058235 -0.311127 -0.609877
0.241772 0.180755 4.650077
-0.060401 0.198413 5.920921
-0.109471 0.326119 -2.005449
0.094337 -0.067505 1.978643
0.044719 -0.463103 1.388541
0.273395 -0.153725 -4.006111
-0.268541 0.186057 3.607748
0.125858 0.143997 -3.627324
0.116472 0.490772 10.314653
-0.116426 -0.058904 2.128632
-0.195612 0.296613 0.139245
-0.171205 0.393288 -3.904532
-0.307000 0.133436 -1.048377
-0.392412 0.199565 6.065094
-0.161234 -0.211449 2.688216
-0.372393 -0.175540 -4.433566
-0.181634 -0.068271 4.298001
0.078370 -0.126214 5.104548
0.267453 0.023755 1.368748
0.320618 -0.252006 4.975329
-0.119540 -0.378104 -3.000489
-0.452928 0.269750 3.621117
-0.462351 0.164151 -0.669215
0.020280 0.285801 4.645389
0.108695 0.015417 4.250235
-0.348405 0.364379 5.373916
0.070297 0.296826 -2.029527
-0.450604 -0.002583 -2.750621
-0.081329 0.191746 1.910467
-0.002848 0.084274 -6.073093
0.002800 0.498759 11.192854
0.340034 0.114570 -6.068426
0.385994 0.468912 -4.356699
0.320308 0.185066 1.608624
-0.044911 -0.166926 -5.583342
0.139324 0.013834 1.308879
-0.214072 -0.086142 5.868275
-0.025880 0.370715 5.256576
-0.499249 0.036201 5.523198
-0.303603 0.291051 0.712131
-0.251705 -0.194508 -4.234301
0.464504 0.375039 -1.912148
0.466459 -0.329201 2.118545
0.327280 0.391931 -2.606984
0.344752 -0.300339 -3.977797
0.296383 -0.216766 6.101876
-0.076286 -0.415647 -3.183585
-0.368085 -0.425112 3.532555
-0.475854 -0.179606 -2.702418
0.214201 -0.121280 3.233666
-0.166212 0.163221 -0.392047
-0.276687 -0.284779 -3.013247
0.386849 -0.180266 3.066941
-0.320087 0.065712 2.022189
0.090322 0.120971 2.291170
0.362975 0.105662 -4.294611
0.394031 0.243740 -0.238670
-0.485465 -0.455074 -5.320344
-0.184888 0.325344 -6.235952
0.328196 0.056839 4.434012
-0.395704 0.122475 0.225803
0.263391 0.346203 2.026702
0.033235 -0.277635 0.007542
-0.101915 0.451980 6.238439
-0.112097 0.462797 -2.025091
-0.427699 -0.021098 -4.357930
-0.486814 0.056431 -4.406402
-0.395840 -0.344661 -0.209064
-0.290970 0.210617 3.162664
0.461445 -0.362209 -3.358490
-0.111323 -0.283868 3.768826
0.045397 0.265744 0.774112
0.234813 -0.406462 -4.860393
0.404612 -0.392092 -0.301712
0.359001 -0.007294 3.477543
-0.479286 -0.316025 3.293010
0.151362 -0.285787 -1.861820
-0.415494 0.171282 1.966558
0.267833 0.259368 -5.301340
-0.098653 -0.436713 -2.139472
0.366899 0.360915 -6.200302
-0.459232 -0.090645 -2.820183
0.320159 -0.318772 -2.727042
0.353602 -0.105986 2.311260
