-0.348022 -0.401331 1.133032
-0.361959 -0.150719 -3.041405
0.149044 0.200294 -3.328497
-0.398438 -0.367431 1.357172
0.350968 0.038934 -0.636289
0.405808 -0.491526 0.327521
-0.452633 -0.024807 -1.514950
-0.424821 -0.060791 4.347629
-0.158292 -0.342592 -2.086789
0.478356 -0.086765 8.938616
-0.388843 0.047389 0.091324
-0.364669 -0.006339 -4.627452
0.121144 0.186938 -3.842111
-0.466101 0.163039 -2.234241
0.485052 -0.222766 -5.539765
-0.493466 0.422666 -3.100315
-0.471132 0.140390 -2.291860
-0.297873 -0.322249 -3.439851
0.287462 -0.015087 2.944604
0.120803 0.318790 5.756484
-0.306070 -0.328386 -3.361694
0.127466 -0.479914 5.982743
0.279363 0.193104 1.319394
0.202776 -0.099603 4.171283
-0.063832 0.320250 4.385303
-0.204535 -0.043851 -0.748224
0.020643 -0.102794 5.391838
-0.135522 0.202824 3.015164
0.163545 -0.270896 -5.903423
-0.491390 -0.073595 -4.077010
0.322907 0.151944 4.518300
-0.211671 0.293873 -3.037271
-0.424914 0.138047 -3.513456
-0.423153 -0.016795 -2.645694
-0.090241 -0.257936 -4.750103
0.285878 -0.011715 -2.416059
-0.385576 0.382138 -6.129117
0.399457 0.000348 -5.375374
-0.494489 0.450581 -0.836939
-0.031622 -0.187623 2.648104
-0.474821 -0.311828 -0.089229
-0.120233 0.162065 -3.410553
-0.331242 -0.088548 -2.390061
-0.416925 0.328179 -5.259777
0.412277 0.182567 -3.928060
0.369876 0.487547 4.458720
-0.146485 0.450558 0.887659
-0.434807 -0.361538 -3.433350
-0.032543 0.131033 3.684277
-0.179079 -0.481177 3.268934
0.086005 -0.489566 6.501873
-0.489584 0.170043 2.321856
-0.203668 -0.424780 3.378792
0.200370 0.318369 4.525789
0.378638 -0.444861 -2.586858
0.165152 0.266357 -6.282701
0.243695 -0.362717 -2.492927
-0.055349 -0.246176 2.861172
-0.369464 0.160896 4.225193
-0.314724 0.379666 5.478529
0.145979 -0.436991 4.416058
0.115182 0.027756 -0.014635
-0.250780 0.061975 4.575764
-0.460743 0.325419 4.942766
0.062680 -0.279299 1.932519
-0.258444 0.046496 -2.800975
-0.031606 -0.456904 -6.280122
0.171116 -0.402643 6.013478
0.178972 -0.111257 0.666003
-0.309845 -0.192479 2.804665
0.439172 -0.007782 -4.595421
-0.129676 0.441232 3.157535
-0.246330 -0.071527 -0.286455
0.469965 -0.144393 4.400445
-0.429687 -0.448825 -1.506179
0.405343 0.186629 -4.034202
0.004764 -0.440922 -1.590527
0.268347 0.011737 -2.101788
-0.433778 -0.422561 -1.791238
0.297294 -0.192287 -6.230096
0.350009 -0.327546 3.847620
-0.423677 -0.091052 3.753449
0.137253 0.393478 0.990688
-0.498939 0.000856 -2.421138
-0.333336 -0.207342 0.034264
-0.156382 -0.403218 2.073303
-0.055779 0.137352 -3.231329
-0.073610 -0.485043 0.699645
-0.484550 -0.433039 5.760872
0.202688 -0.078634 -5.536616
0.154747 -0.259619 4.657942
-0.232970 0.271687 -5.517421
0.115375 0.044823 -0.928352
0.362509 0.034165 -1.516057
-0.094859 -0.352446 -4.519076
-0.187117 0.343651 -4.863674
0.443416 -0.123564 -3.629512
-0.371988 0.313112 1.090310
0.440784 -0.308621 4.000815
-0.193474 -0.042803 -4.956460
-0.154504 -0.471671 -4.577854
-0.224639 0.077684 5.515249
0.411238 -0.104678 1.129077
-0.215738 0.006163 2.322733
-0.267568 0.177708 6.067614
0.443016 0.482160 1.028673
-0.328231 -0.044436 -4.852295
0.030885 -0.485820 8.146432
0.193955 -0.084661 3.095258
0.105700 -0.271638 1.049413
0.098559 0.221961 -1.493170
-0.344975 -0.077720 -2.356384
-0.488641 -0.311970 4.657263
0.405682 -0.293561 4.440233
-0.439799 0.354076 4.683433
-0.241948 0.204036 -3.060631
-0.481574 0.149535 2.874035
-0.015779 0.327168 -3.425125
-0.234049 0.067872 -6.180380
0.060631 -0.380905 0.737567
-0.426320 -0.313696 -3.618911
-0.159068 -0.351679 1.470755
0.292956 -0.205888 0.603448
-0.224433 0.365247 -4.180973
-0.333444 -0.388186 1.535700
0.372919 -0.449870 -5.970727
-0.419895 0.205898 -4.413193
-0.388363 0.187826 -2.451102
-0.472889 0.432490 5.584540
-0.232892 0.355041 -5.796791
0.343168 -0.009176 4.405768
0.314308 0.159632 6.103086
0.334292 0.086629 -0.584725
0.323753 0.105847 1.446547
-0.273601 0.412987 5.092252
0.262128 -0.438196 2.213686
-0.156704 0.267389 3.003707
0.072860 0.155597 -0.951904
-0.058148 -0.475434 4.272890
-0.362573 -0.258670 -2.524618
0.244592 -0.286556 2.472217
-0.128807 0.191639 -1.412195
0.198088 -0.424139 5.287271
-0.445341 -0.360852 -1.896980
0.185309 -0.107574 -2.534773
-0.218421 -0.030742 -2.919687
0.158858 0.451569 -1.025428
0.036002 -0.349247 -4.630835
-0.093020 0.288395 1.336225
0.018705 -0.081590 0.034981
0.340257 -0.354838 6.223603
0.119501 0.254353 5.131916
-0.428016 -0.378601 1.652950
-0.209068 -0.443345 -2.424479
-0.194523 -0.118839 -3.076447
-0.383941 -0.172343 4.340112
0.352956 0.123546 -0.437523
0.034879 0.005138 -2.828719
0.399595 -0.463478 -4.164529
-0.222785 -0.172844 4.322220
-0.017258 -0.496100 2.693482
0.166862 -0.062114 -5.971983
-0.391768 -0.211982 -0.369104
-0.453934 0.357651 3.681713
-0.422237 -0.404296 -5.270842
-0.376954 0.059864 -1.299904
0.093954 -0.213099 6.119090
-0.490237 -0.291400 -0.723535
-0.434850 -0.343220 6.217012
-0.131302 0.305449 -4.526878
-0.445057 -0.021936 3.868720
-0.269394 0.363632 -3.107428
-0.446718 0.070237 3.167270
0.119138 -0.368062 3.118283
0.105698 -0.241317 0.157691
0.135204 -0.073301 0.733110
0.200255 -0.404599 5.096299
0.153103 0.091650 -3.649367
-0.081841 0.285701 4.015659
0.153569 -0.128268 0.823310
-0.455658 -0.398728 3.434395
0.347522 -0.420147 -4.613891
-0.197740 -0.225981 6.192134
-0.302875 0.160449 3.327510
-0.471496 -0.434610 5.942699
-0.393932 -0.376486 -3.915045
-0.035786 -0.364562 0.825040
-0.231067 -0.273544 -5.581185
-0.239355 -0.281824 0.464542
-0.099099 0.339922 5.071462
-0.326855 -0.350553 -1.441299
-0.201295 0.256863 -3.037861
-0.111640 0.241900 2.574405
0.032091 -0.455231 3.143846
0.486511 -0.255931 -0.420183
-0.484503 -0.440682 5.005795
-0.347492 -0.285518 -4.291517
-0.016044 0.103354 -1.695145
-0.187305 0.116989 -2.517479
0.483942 -0.282479 -3.024721
0.185880 -0.447780 -4.418905
0.012502 -0.131017 5.450191
0.223841 -0.277953 -1.934918
0.145278 0.346289 0.412852
0.418677 0.328523 -3.003521
-0.220177 0.063734 -4.990973
0.145684 0.449555 -4.235451
-0.378962 0.307946 4.375523
0.002942 -0.096972 5.264366
-0.211489 0.275741 -3.473985
0.211987 -0.021618 2.663333
-0.399155 0.405677 -5.681102
-0.106607 -0.004452 5.641934
-0.254973 -0.437843 -2.638399
-0.078062 0.327373 6.161650
0.360112 0.056617 -0.740381
-0.380906 0.441734 3.859698
0.463466 -0.298653 -0.944470
0.158104 0.026714 -3.255579
-0.264459 0.052228 -2.673766
-0.272062 -0.418209 1.353646
-0.046319 0.259331 4.921816
0.330552 -0.229586 -2.888005
-0.432140 -0.402234 -3.864524
0.076788 0.193065 2.377108
0.107536 -0.400596 -1.732000
-0.310344 -0.341789 -4.618053
-0.089876 0.295636 1.229105
-0.249413 0.301532 -2.480982
0.066510 0.240694 -2.287671
0.366040 0.126850 0.091290
-0.434576 0.132420 -0.516509
0.405636 0.437240 5.173469
-0.176564 0.496820 4.984272
-0.150612 0.142809 -3.440355
-0.404566 0.171020 -2.276715
0.486588 0.371892 3.568201
0.422966 -0.326660 -1.593572
-0.344925 -0.455318 -5.160086
-0.211772 -0.193405 -5.518352
0.407104 -0.441099 5.028411
-0.322715 -0.386146 -2.042504
0.429737 0.484717 2.092317
-0.285026 0.334336 -1.057734
0.347777 0.300519 -3.568907
-0.337221 0.147327 -3.489964
0.379519 -0.495187 -2.329732
-0.469062 -0.275964 -0.763132
0.075935 -0.334748 0.892715
-0.425851 -0.236752 -1.412083
0.020957 0.292900 6.152522
-0.202647 0.071639 5.210562
0.486062 0.137541 -4.604554
0.155909 -0.029610 -2.891728
0.108636 0.152077 -3.369109
-0.409589 0.177782 -1.604501
-0.049368 -0.260715 -0.281446
-0.354799 -0.015527 -4.650727
0.358374 -0.301790 -3.695476
-0.085369 0.161186 2.376109
0.217557 -0.380447 2.098569
0.230823 -0.363303 3.387561
-0.220630 -0.183080 4.011509
-0.229905 -0.364480 2.629549
-0.019870 0.411239 -1.410433
0.132680 -0.042643 -3.998558
-0.265469 -0.248613 4.548647
-0.166535 0.105798 -3.073985
0.392424 -0.001574 5.422916
-0.207731 -0.235255 2.161537
-0.340504 0.254268 -6.257086
-0.009127 0.301206 -4.493685
-0.161123 -0.413734 5.813729
0.075016 0.191317 -6.020387
0.350763 0.064863 -3.238118
0.079442 -0.295118 -3.810209
0.466647 -0.306814 1.713768
0.321007 0.065692 -0.743366
0.084769 0.475207 -0.432865
0.351718 0.135491 -1.698554
0.236538 -0.041994 6.213322
-0.301542 0.139526 3.301360
0.393894 -0.252372 2.640988
-0.186434 0.099793 -1.411957
-0.076987 -0.478727 7.130377
0.489998 0.063130 -4.252770
-0.420967 0.429166 1.643958
-0.360312 0.288606 5.961631
-0.432378 0.450677 0.798244
-0.484296 0.033017 4.203854
-0.316226 -0.054454 2.953608
-0.425442 -0.017661 3.627774
-0.114344 0.366437 3.508714
0.057885 0.117678 0.576256
0.490117 -0.060415 -0.428575
-0.258007 -0.110974 -1.805873
0.056905 -0.319989 -4.581702
0.083321 0.419105 -5.817374
-0.340706 0.350374 -2.357809
0.205786 -0.131689 -3.607907
-0.434084 0.499196 -3.624165
-0.333101 0.274091 5.689060
-0.115927 0.266712 -5.880409
-0.035501 0.249249 4.255242
-0.219682 -0.384593 -5.120871
-0.402378 0.085110 -2.201787
-0.380081 0.265171 3.365405
0.327910 0.319545 2.429888
-0.209649 0.182789 6.030705
0.247175 0.374192 2.888933
0.243888 0.414390 -1.989368
-0.267762 0.149325 -5.595443
0.035391 -0.309321 -2.875925
0.134450 0.262205 -6.161928
-0.374795 0.255551 3.931893
0.321306 0.469559 2.188718
0.008957 0.353078 0.462673
-0.052914 -0.098516 -3.365094
0.307633 0.342522 -6.173063
-0.458284 -0.255597 -2.181651
0.280581 0.474134 -0.899783
-0.364291 -0.053010 0.967019
-0.274977 -0.325599 3.629048
0.205194 0.150099 -2.320666
0.410311 -0.496425 7.173556
-0.210060 0.469609 -2.520926
0.021102 -0.267204 -0.559669
-0.094853 -0.204387 -1.147220
-0.412142 -0.339303 1.574682
0.179235 0.123497 -3.676551
-0.061763 -0.301807 1.922597
-0.005479 -0.231342 1.227236
0.313038 -0.410074 2.670740
-0.230084 0.437891 -3.509641
0.200755 0.384477 0.559810
-0.352258 0.221857 -5.919243
-0.011640 0.033603 3.063076
0.302045 0.266706 -3.094499
0.252977 0.020815 -2.654980
0.321194 0.002742 2.505266
-0.480392 -0.083164 -1.635772
0.412950 0.117317 -3.513080
-0.336382 0.233551 -4.558148
-0.410307 0.138973 5.078649
0.121265 0.463450 -2.602440
-0.017777 0.394609 6.273108
-0.147997 0.418058 -4.241453
-0.477878 0.347950 -5.378112
0.175017 0.002305 -6.075991
-0.409989 -0.367716 -2.784428
0.267343 0.286879 -6.155199
0.337391 0.187654 0.703390
0.414309 -0.262153 1.966606
0.133154 -0.012825 5.275882
0.336158 0.497389 4.450738
0.148570 0.382240 -0.078075
-0.090142 -0.044936 -5.995874
0.303534 -0.080384 -6.270049
0.315374 -0.394710 -5.931615
-0.386576 0.193589 -3.282474
0.218515 -0.067653 2.909943
-0.188402 0.422203 -2.186076
-0.379133 -0.239759 -1.966369
-0.384136 0.255106 3.885970
-0.187179 0.061111 -0.473892
-0.240349 0.410933 -4.504762
-0.404394 -0.034058 -1.937766
-0.338644 0.286048 4.212230
-0.230676 -0.123320 4.132468
-0.414214 -0.129144 3.167956
0.372061 -0.494133 5.259416
-0.083750 0.392737 -3.808987
0.441435 0.064665 1.891365
0.355391 -0.168237 3.850865
-0.461903 0.201170 -5.261185
0.350022 0.304871 -4.352968
0.434649 0.275431 -1.878057
-0.368601 -0.267565 0.615013
-0.437652 0.424967 0.758596
-0.157217 0.071489 1.579065
-0.444709 0.209045 -1.571600
-0.249881 0.445662 -4.194789
-0.254880 -0.216355 2.800863
-0.369910 0.364789 -2.059447
-0.416519 0.205714 -2.397514
0.024366 0.276127 -5.760116
-0.339000 0.241986 6.212283
-0.021147 -0.440781 2.886477
0.193411 -0.100321 -2.468067
0.014384 -0.483622 2.805983
0.415223 -0.049003 -3.798728
-0.343689 0.213555 -3.291816
0.390511 -0.250833 -0.698708
-0.098249 0.458972 -1.153536
0.001113 -0.045832 -5.175661
0.296457 0.188278 -0.815536
-0.255311 0.046695 2.997389
0.472388 0.137425 -4.334562
0.068440 0.152766 0.499720
0.484553 0.313973 -2.870257
