0.321820 -0.488730 -0.850194
0.257990 0.101168 -0.555320
-0.015443 0.062827 3.428781
-0.010314 0.025760 5.061344
-0.423821 0.477990 1.665803
0.256723 0.100547 -1.548725
0.431908 0.042982 -1.146897
0.119324 -0.198997 3.317005
0.223479 0.238934 5.701683
0.324995 -0.374809 4.728022
-0.263481 -0.197496 3.706900
-0.485491 0.432691 1.988541
-0.099254 -0.330690 1.198414
0.039915 -0.309588 -5.569045
0.182527 -0.096458 -0.680460
-0.146478 0.376207 -6.277917
-0.267045 0.464645 3.153353
-0.104292 0.295576 0.747639
-0.424592 -0.043185 1.738627
0.341564 -0.456400 -5.736511
-0.185740 0.463938 2.734561
0.214463 0.028550 -4.096915
0.048314 -0.251855 5.925556
-0.078060 0.325788 -2.096611
0.486251 0.104883 4.382122
0.482757 -0.144807 -2.917247
0.443820 0.379651 4.919097
-0.382978 -0.394853 -5.023552
-0.197864 -0.437363 -0.282829
0.065059 -0.458750 -5.154942
-0.087697 -0.243587 4.162891
-0.418120 -0.305142 3.252680
0.253473 -0.290133 1.404435
0.069589 -0.383970 -0.796187
0.072205 -0.288569 -3.007489
0.175208 -0.381505 -5.634960
-0.258954 -0.103958 -2.098688
-0.091537 0.187832 3.676836
-0.116913 -0.380054 1.501486
0.145811 -0.140731 -0.175166
0.152901 0.276098 5.204177
-0.385326 -0.318291 1.679861
0.294473 -0.011589 -5.209160
-0.469164 -0.092037 -2.044057
0.128461 -0.055426 2.190309
-0.472081 0.489786 2.888486
0.376193 -0.112453 -6.249870
-0.128942 0.340916 -2.304764
-0.374378 0.451812 -2.147849
-0.139760 -0.452227 0.858084
-0.199177 -0.368361 1.288178
0.028191 0.167381 1.161244
-0.478890 0.460928 -4.568126
0.149463 0.077408 -1.242661
0.176661 -0.145750 2.474759
0.091141 0.096838 0.553076
-0.270910 -0.093887 4.515172
0.234669 0.026257 -3.686801
0.078162 -0.428496 3.038921
-0.105502 0.005587 1.805482
-0.225620 -0.299134 -0.672747
-0.445864 0.164963 3.593537
-0.298643 -0.199986 5.517208
0.494123 -0.031864 0.595656
-0.308992 -0.164783 5.149016
-0.301537 -0.228715 3.716122
-0.219002 -0.404242 2.079033
-0.398459 0.021637 0.195803
0.161857 -0.420327 -1.739236
0.105089 -0.220604 1.429028
0.342899 -0.445169 -2.686786
-0.018054 -0.069535 1.120997
0.278215 -0.201140 0.946029
0.438168 -0.080390 -3.230209
-0.427243 0.473581 1.692444
-0.418163 -0.022855 6.032243
0.332484 -0.255395 -2.433661
-0.024454 -0.324998 -2.718590
-0.308609 -0.251698 5.050464
0.104461 0.181244 5.456956
-0.048282 0.373895 4.901782
0.103908 -0.433049 -1.510986
0.496124 0.317179 1.227164
-0.472039 -0.394910 4.541284
-0.131463 0.316917 -2.065792
0.499236 -0.312816 -4.196227
-0.228371 -0.466283 -4.627823
0.441167 -0.321772 -4.626762
-0.217614 0.190736 4.850535
-0.054923 0.271086 4.502681
-0.244467 0.391969 -1.342608
-0.009303 0.318929 -0.682303
-0.329502 -0.298873 -2.265192
-0.065493 0.081486 3.435641
-0.317589 -0.215227 -0.028456
0.194226 0.433220 3.716237
0.338857 0.022210 3.635101
-0.311980 0.188279 -1.509016
0.445566 -0.239004 -2.162101
0.330875 -0.020943 -4.706735
-0.117250 0.438454 3.570195
0.437967 -0.149283 -2.649161
-0.005407 0.419741 5.320378
0.315018 -0.475090 -0.466896
0.415075 -0.477317 7.471066
0.201436 0.170391 2.067499
0.217110 -0.111555 6.073856
0.151053 -0.139901 0.563537
0.421446 0.132771 3.995528
-0.358288 -0.000126 5.188385
0.494881 -0.219220 3.148780
-0.184604 0.003749 0.139877
0.297630 0.197458 -4.350362
-0.391322 0.354292 2.281689
0.297297 0.303808 -1.339701
-0.248418 0.147448 -4.143896
-0.372271 -0.434305 -5.160351
-0.390634 0.310032 -1.904373
0.344499 0.126861 -4.488697
-0.036817 -0.409671 -0.556523
0.192759 0.069612 6.247573
-0.237957 -0.275885 6.113075
-0.266399 0.078200 2.648180
0.298994 0.125987 2.747713
0.494722 -0.003214 5.544390
0.141993 -0.148405 -0.048830
0.377859 -0.284308 2.320673
-0.216394 -0.186274 -5.600770
-0.035575 0.294247 4.934237
0.036520 0.124374 -0.786553
-0.088702 -0.312409 5.411180
-0.069959 -0.347500 2.219432
-0.493138 0.057572 -3.336751
-0.190732 -0.286730 -1.544505
0.403219 -0.220191 -5.762558
0.172647 0.009418 2.693091
-0.485026 0.426411 -4.955942
0.081117 -0.014160 4.554682
0.416228 -0.395560 -3.865422
-0.362936 -0.304465 5.542972
0.178433 -0.387762 4.898971
-0.152516 0.007524 3.691640
-0.380148 -0.418582 -4.242387
-0.445177 0.283602 1.538964
0.055812 0.460377 -0.329031
0.193349 0.064576 4.608359
0.227008 -0.337721 5.061610
0.071102 -0.000802 2.676899
0.194178 0.148633 1.422201
-0.257740 0.484540 0.620016
-0.344975 0.122246 4.516287
0.427813 0.290250 -1.919363
0.442892 0.165664 3.772157
0.347495 -0.003553 -4.900842
-0.316363 0.440464 1.994688
-0.087323 0.147824 3.326991
0.472235 0.221639 3.256143
-0.157796 -0.197670 5.699727
0.307381 -0.076841 -5.029976
-0.359188 -0.272964 2.243930
0.180363 0.370272 -5.776396
0.170571 -0.099877 -3.318400
0.034925 0.432491 3.130995
-0.368456 0.325278 -4.135723
-0.321388 -0.472771 2.086806
-0.395592 0.148188 6.219029
-0.281843 -0.461858 5.866194
0.071280 0.165050 5.020757
-0.223234 -0.356150 5.728261
0.179608 0.142640 -1.639209
0.400762 0.422236 5.628355
-0.443199 -0.003197 -4.241437
0.295361 -0.028136 -0.986320
-0.100056 -0.103557 2.704541
-0.058419 -0.042264 -4.020725
0.155894 0.175095 3.251909
-0.365739 0.456790 -1.175992
-0.186965 0.475925 4.495407
-0.446237 -0.155455 -4.552948
0.104037 -0.479073 3.187775
0.463116 0.443138 -6.137020
-0.480722 -0.282650 4.582581
0.286147 0.107958 -0.918302
0.188301 -0.308516 2.845935
-0.288697 -0.360683 0.547537
0.225965 0.444382 -5.849108
0.000849 -0.405321 2.410591
0.187159 0.086338 -1.551665
-0.116940 -0.003001 1.195719
0.439555 -0.350084 -3.081801
0.281817 0.451251 -1.548802
0.155162 -0.343082 2.655384
-0.488991 -0.034891 4.013616
-0.201416 0.238410 5.825008
-0.184696 0.353555 -1.855054
0.148926 0.112373 -1.348490
0.395197 -0.007603 -4.342055
-0.102045 -0.404036 5.687051
-0.150980 -0.454640 -3.525729
-0.195834 0.193386 5.761725
-0.296497 0.479726 11.100053
-0.456874 0.430249 -6.039141
0.406259 0.089636 -4.503336
0.317549 -0.261916 -3.294119
0.191322 -0.194383 -3.012931
-0.143513 -0.329334 0.982574
0.460073 0.474688 -4.392942
0.338390 -0.048657 -3.856264
0.473059 0.150118 0.165204
-0.102983 0.168979 3.440615
-0.128110 0.006542 4.700815
-0.091657 -0.083211 -0.550990
0.393151 -0.164251 -6.236869
-0.150859 0.219566 -4.150893
-0.344734 -0.140096 1.086463
0.293644 -0.080208 -2.886028
0.358761 -0.425006 -0.443698
0.104196 -0.091808 1.634698
-0.166774 -0.065310 -4.933857
-0.153318 0.190218 0.832437
-0.237260 0.065738 1.705534
-0.228039 -0.212805 3.922064
-0.125295 -0.129809 0.941709
0.384004 0.113136 3.098681
-0.276580 -0.028402 3.365220
0.097372 -0.473655 7.572166
0.232297 -0.482229 8.846111
-0.417248 0.472311 -3.742260
-0.336618 0.062564 6.088124
-0.269960 -0.377556 5.916974
-0.489173 0.166269 1.055214
0.388999 0.301036 4.971520
-0.216227 0.009115 3.207762
-0.457561 0.488110 0.973216
0.043142 -0.048438 5.146930
0.387612 -0.254176 -3.960793
0.167171 -0.122586 3.045815
0.259483 -0.355598 5.455898
-0.013279 0.088782 1.604032
-0.498320 0.423849 0.859766
-0.406096 -0.138614 5.200213
-0.015482 0.084698 1.762364
-0.192822 0.213274 5.011726
-0.480298 -0.058133 6.245450
0.121673 0.338303 3.367599
-0.294512 -0.450319 3.899361
-0.342387 -0.120970 0.875752
-0.436783 0.457816 5.968292
0.416477 0.254583 2.531409
-0.271196 0.201063 -5.694017
0.042500 0.164984 3.489002
-0.441140 0.483636 11.683447
0.394339 -0.017482 3.983083
-0.205668 0.005631 -0.989646
0.283349 0.354937 -2.753700
-0.090983 -0.326714 -2.908628
0.277570 -0.132778 -3.412261
0.177765 -0.415632 -1.886039
-0.120876 0.429602 4.297975
0.459206 0.289276 3.059044
-0.209164 0.361071 -3.510893
0.227287 -0.031840 -2.497594
0.431045 -0.220073 -1.903490
0.332524 0.148198 3.281011
0.057311 -0.341047 5.712923
-0.244267 -0.236838 3.212713
0.440908 0.241470 3.243111
0.085533 -0.103453 -5.748614
0.179968 0.363759 -4.506654
-0.298482 -0.231623 -0.173827
-0.127160 -0.175535 1.436889
0.209528 0.146641 1.601857
0.382283 0.023391 4.099959
0.044440 0.454290 -5.967257
-0.492747 0.156659 4.073469
-0.427457 -0.071663 0.237151
0.073768 -0.174997 3.540206
-0.008201 -0.075333 -3.836421
-0.186095 -0.279926 2.796593
-0.213268 0.095870 1.271164
-0.337193 -0.033938 -5.605119
-0.433069 -0.083436 -2.233857
0.304599 0.466820 -1.434868
0.104220 0.000831 -5.622782
-0.424150 -0.405088 -5.362292
-0.306517 0.062408 5.071068
-0.499135 0.391795 0.562825
0.478656 -0.393096 -1.619484
-0.493589 -0.322573 3.548781
-0.141810 0.234032 0.491395
0.253740 0.150200 -0.097756
0.211444 0.155259 4.158265
-0.249919 0.222100 6.089838
0.128651 -0.215592 -4.404011
-0.463136 0.249656 -6.161385
0.436210 0.004623 -5.789008
-0.084287 -0.371021 -2.157713
0.152923 -0.390782 5.737755
0.106377 0.050742 5.111095
0.186005 -0.046806 -2.918660
-0.266793 0.383597 -5.521354
-0.074766 0.340190 -4.110044
0.255324 -0.237539 -3.016879
-0.299976 0.221823 -4.857661
0.005527 -0.410740 -4.752291
0.010062 0.462621 -2.902545
-0.330531 0.476511 0.674123
0.067957 0.348100 -5.687343
-0.436477 -0.411890 -5.564149
-0.297670 -0.461372 -2.232046
-0.167293 -0.409913 3.565781
-0.281390 0.142423 4.146365
0.150603 -0.288014 2.961361
-0.138001 -0.312305 -4.438966
0.272972 -0.147802 -3.995782
-0.320629 0.121057 -2.025659
-0.370496 0.014200 -5.385446
-0.022509 0.338980 -5.812528
0.475225 -0.270032 -1.098372
0.024910 -0.391388 -2.901438
-0.160255 -0.026768 3.081081
0.112673 0.409386 -0.080976
-0.060617 0.067151 4.177685
0.140886 -0.397910 0.600505
-0.262629 0.102222 -5.725006
-0.413575 -0.463186 0.794825
-0.078756 0.148483 -5.603435
-0.319928 0.393898 -3.479820
0.049808 0.203965 -5.218532
0.106295 0.176888 2.322070
-0.025657 -0.025218 6.160075
-0.423682 0.218850 2.116824
-0.419175 -0.478939 8.653768
0.407371 0.124555 0.919513
0.124997 0.159158 5.024398
0.191611 0.309534 5.658106
-0.417247 -0.127700 -3.090728
-0.275572 0.147550 -2.174342
0.264103 0.066057 4.366330
-0.444543 -0.174200 -1.437594
0.307060 0.167363 2.897850
0.058110 -0.179921 3.344404
-0.040081 -0.431834 0.006038
-0.346807 0.293677 1.232285
-0.438056 0.464227 2.298136
-0.311146 -0.411359 -5.831851
0.085920 0.380171 -5.828150
0.447167 0.252335 -5.649020
-0.244144 -0.211477 3.611754
0.043116 0.210632 -5.316690
0.151682 0.494110 6.020066
0.187340 0.019925 2.136661
0.276309 -0.178335 -2.781356
0.050466 0.133994 5.150591
-0.268442 -0.498187 3.275317
0.041602 0.270333 5.632108
0.028019 0.064843 1.006004
0.391087 0.194627 6.226153
0.401507 -0.399079 -3.647423
0.074527 0.094723 2.101755
0.437954 0.322650 3.318668
-0.070241 -0.420156 2.670675
0.285900 0.426465 -1.558336
-0.203259 -0.208517 4.848726
0.133398 -0.291718 -0.027998
0.127146 -0.090825 0.535063
0.112948 -0.043884 0.922340
-0.208889 0.272991 6.060280
-0.331966 0.134302 -0.985089
0.428121 -0.398895 -0.228416
-0.350644 -0.039611 -5.633101
-0.487988 0.169110 6.659659
0.172551 -0.485311 -2.711102
0.379985 -0.321129 -0.734574
-0.363268 -0.468101 0.518271
-0.195986 -0.405035 -3.861115
-0.376309 0.482896 1.979640
0.402687 -0.216037 0.188687
0.407025 0.062714 -0.819268
-0.462405 0.130514 -5.708911
0.215890 0.034970 -4.851982
-0.103863 0.280841 1.882095
-0.113639 0.042789 5.349873
0.381117 -0.278364 -4.389648
0.380126 0.185649 -0.092514
0.170862 -0.381787 3.635068
-0.377150 -0.465191 -1.006589
0.432995 0.289226 -4.623663
0.363803 -0.344677 4.037509
-0.225935 0.395374 0.561606
-0.433053 0.124994 -1.646019
0.379183 0.096694 -4.417814
-0.168358 0.256930 5.481821
0.478606 -0.096733 -4.228284
0.127689 0.051916 -5.323778
0.084485 -0.051209 0.626803
-0.154444 0.281570 0.955462
-0.493554 0.417344 2.806254
0.272960 0.090996 5.128291
0.406491 -0.213351 -5.112071
