0.092143 -0.276415 3.237887
0.223488 0.050865 -3.363828
0.467676 -0.268479 -3.536778
0.263738 0.206078 5.090243
-0.139244 0.364709 3.063164
0.224985 0.086471 -6.215297
0.335035 0.326538 2.729273
-0.016747 0.442466 -4.323781
0.069096 -0.492807 6.706366
-0.094855 0.142270 -0.860669
-0.271464 0.308020 -4.234130
0.271408 0.398150 -0.948292
0.088201 0.377579 4.861202
-0.467377 0.462636 -2.260101
0.268225 0.182112 1.003826
-0.285675 0.341492 -2.053911
0.333373 0.171851 5.432128
0.472179 0.150665 -3.508528
0.031902 0.113560 -0.051314
0.295463 0.164400 5.829029
-0.443505 -0.465391 -0.559643
0.156254 -0.178587 0.271125
0.405339 0.065695 -5.198288
0.253478 0.263674 0.744189
-0.233690 0.299949 4.167685
0.062049 -0.034812 0.815137
-0.349416 -0.459077 -5.096661
-0.067588 -0.279750 -6.165928
-0.497842 -0.084985 7.135077
0.468662 0.057768 -4.989831
0.086372 0.004530 2.842450
-0.287969 -0.110451 -4.936111
-0.220095 0.463896 -1.237650
-0.422231 0.393216 1.527969
0.225686 -0.013944 1.432153
-0.049213 0.494481 5.308390
0.255517 -0.475501 3.232701
0.141654 0.424287 5.161620
-0.063361 0.449236 0.476355
-0.250830 0.291398 -4.848127
-0.301054 0.433258 -0.579265
0.359863 -0.215259 3.169427
0.400604 -0.350716 1.515063
-0.119755 0.488889 2.018033
-0.256753 0.030153 2.157490
-0.426927 0.110182 -2.489010
0.265663 0.286821 1.706033
0.220524 0.049117 -6.065878
0.300743 0.284511 1.905178
-0.264245 0.207325 -2.166782
0.121633 0.313905 -1.589861
0.112535 0.284023 1.138442
0.234877 -0.239380 1.550974
0.041573 0.002711 -3.091798
0.198132 -0.388232 -2.193623
0.014732 -0.490084 6.483086
0.474993 0.130356 -2.958872
0.109254 -0.310797 2.906024
-0.206195 -0.246341 2.043642
-0.022272 -0.311638 -4.936881
-0.094661 -0.189493 -5.893828
-0.484816 0.310936 -5.497602
0.419444 -0.335975 5.840214
0.019215 -0.165455 -3.236589
-0.428448 0.327439 4.341230
-0.484824 0.108721 8.118357
0.012076 -0.142274 -4.023901
0.176974 0.478617 -0.533705
-0.481957 -0.455071 1.959719
0.066600 0.080957 -2.589203
-0.211624 0.374425 1.093507
0.259367 -0.215790 -4.889075
-0.156711 -0.019577 3.542523
0.355689 -0.269397 4.714963
-0.404144 0.031236 4.960497
0.126335 0.203232 4.460623
0.434159 -0.427213 -4.788352
0.296460 -0.369253 0.384766
0.496550 -0.204471 -5.268600
0.228719 0.275052 -1.025047
-0.329627 0.419858 -3.222291
-0.333653 -0.160567 -3.555201
0.441478 0.151875 -1.242813
-0.043717 -0.047034 -3.150684
0.064828 0.476433 5.688422
0.400000 0.340568 -2.751339
-0.201533 0.028803 1.229638
0.058313 0.231920 -5.622494
-0.124647 -0.028860 -5.535115
-0.397487 0.397838 -5.028131
-0.424342 -0.440539 -3.367005
-0.065864 -0.241454 1.651895
-0.365136 -0.145875 -5.969023
-0.247334 0.156232 3.206674
-0.322939 -0.277665 2.646594
-0.279157 0.328173 -4.866234
0.122030 -0.215438 0.705580
0.262339 0.084076 -5.614773
-0.442962 -0.430907 -1.612244
-0.317257 0.443568 4.097692
-0.363061 -0.204540 5.026287
0.379964 0.086306 -6.005273
0.446812 0.404856 -4.879006
-0.420953 -0.241480 5.525207
0.295435 -0.435194 -0.228444
-0.110583 -0.088249 -6.036762
0.257081 0.084390 1.985735
0.116743 0.424525 -0.926841
0.077329 -0.203636 4.187992
-0.384450 0.034735 5.497648
-0.468125 -0.309537 -4.769564
-0.327730 0.432803 -3.514868
-0.354477 0.456888 3.579999
-0.027748 0.430777 -3.953044
-0.182208 0.302407 -3.727953
-0.486669 0.154026 3.390784
0.100914 0.197103 0.102927
-0.330420 0.365753 1.117468
-0.204242 -0.335460 -2.612345
0.121748 -0.138279 5.515473
-0.463369 0.478223 -2.508261
-0.387525 0.356294 -3.561231
-0.174910 -0.477234 -0.241081
0.342799 -0.040150 1.783372
-0.031674 -0.380789 5.198371
-0.138508 -0.437150 -3.014721
0.459908 0.202701 1.939737
0.376182 0.461896 -2.709464
-0.169929 0.425957 -6.264612
0.075374 -0.089414 1.309341
0.227505 0.053458 -1.384432
-0.094464 -0.169488 -4.463678
-0.305435 -0.207841 -3.870368
0.441247 -0.340654 5.585590
-0.335493 0.277747 0.324583
0.099395 -0.446316 -0.733759
0.184732 0.357887 2.786910
0.165808 0.180630 3.094064
0.280879 -0.042048 -3.385552
-0.495124 -0.206934 -2.250684
0.497306 0.069728 5.617692
0.279544 -0.067228 -6.218384
0.257327 0.028526 0.468941
0.229859 0.265056 0.621175
0.313014 0.149392 4.448820
-0.446972 0.270775 2.302659
0.179943 -0.439348 5.133267
-0.074421 0.303100 5.397227
0.243063 -0.138274 -3.903966
-0.494774 0.264656 5.425928
0.146559 -0.339919 -4.854055
0.042132 -0.321415 -1.631850
0.206412 -0.021569 1.482083
-0.365351 0.267332 -2.006056
-0.467923 -0.049925 -2.156872
0.331087 -0.313958 2.064669
-0.106543 0.318966 -5.599210
-0.389419 -0.479425 -2.720794
0.444309 0.367927 -4.746636
-0.430194 0.021229 -4.297130
0.035546 0.012451 -1.575722
-0.256952 -0.370086 -2.879469
-0.453381 -0.419385 -0.606543
-0.154567 0.404183 5.796223
-0.433139 0.234276 2.758297
0.451654 -0.266518 1.288264
-0.331407 -0.140000 -3.712389
0.229068 0.230279 1.691299
0.075564 0.042562 6.258918
0.313228 0.006540 4.363245
-0.204499 0.494538 -4.764630
-0.137812 -0.301865 -1.623828
-0.068193 -0.066197 -2.187813
-0.299821 0.053155 3.700932
0.261548 -0.119908 -1.931327
-0.025292 0.449841 0.438162
0.040155 0.352058 -3.290001
0.091752 -0.410350 2.829751
-0.040805 0.396365 -4.389798
0.041678 -0.135444 -5.124825
0.433505 0.336748 3.830129
0.056443 0.100315 -1.158489
0.139564 -0.460822 5.807044
0.152819 0.211444 -2.493956
0.241696 0.005079 -3.949896
-0.364468 0.262117 5.906084
-0.461404 0.054091 -3.250410
0.102258 -0.369061 -3.760016
-0.333975 -0.073172 -0.439685
-0.434189 0.300537 3.817348
-0.357914 -0.252123 1.359858
0.239348 -0.188893 -0.867262
-0.378111 0.164907 -3.362212
-0.181976 0.013195 -4.883256
-0.033686 -0.288802 2.936185
0.273708 0.225600 -5.944725
0.426611 0.408626 -5.851119
-0.365482 0.462824 -4.795990
-0.135539 0.067594 -0.304654
-0.382100 -0.299737 4.374650
0.006483 0.353232 -1.942953
0.280800 -0.307297 5.444974
0.038979 0.373354 3.896271
-0.122275 -0.268458 -5.355805
-0.180438 0.187070 4.476617
0.335596 -0.162418 -5.368252
0.360584 0.334818 -2.757991
-0.454960 0.260253 4.955357
0.445442 0.039153 -2.159556
0.133474 -0.284637 -2.577906
-0.473470 -0.064971 5.480546
-0.164345 -0.103206 -2.716573
-0.053212 -0.335905 2.763094
-0.327795 0.179838 -5.879893
-0.291576 0.219280 5.985912
0.034757 -0.137371 -3.198629
-0.084744 -0.281175 -1.692527
0.286230 -0.226931 0.738959
-0.251058 -0.433452 -4.998461
-0.276890 0.283977 -1.653589
-0.472824 -0.471063 1.718771
0.264308 0.231154 -5.894011
-0.377072 -0.487352 -1.017283
-0.159417 0.258411 0.027008
-0.063725 -0.499377 -3.265751
0.393419 0.356356 -2.224575
-0.471696 0.392309 3.701013
0.202248 -0.335411 5.001465
-0.350158 0.472848 -6.189738
-0.056299 0.028290 -0.516917
-0.494343 0.304400 4.732130
0.312815 0.007132 -5.438012
-0.296983 0.221335 -3.731447
0.440181 0.148304 -2.375819
0.229228 -0.342428 -2.299911
-0.157117 -0.130471 5.906217
0.441250 -0.187202 4.854248
-0.203477 -0.109523 -2.918103
0.284466 -0.286593 5.144497
-0.397001 0.258704 -1.499206
-0.410999 -0.061257 -4.506832
0.096982 -0.120879 1.610435
-0.430618 0.199784 -3.887382
-0.136255 0.002305 5.110139
0.015569 0.382401 0.562399
-0.244086 -0.263983 5.339084
-0.021902 -0.241639 -2.083578
-0.411884 -0.421975 -6.220150
0.111730 -0.116710 -5.892260
-0.057959 0.293940 5.250949
-0.066748 0.426671 -4.486002
0.393810 0.311517 -1.221959
0.112312 -0.403640 4.360546
0.294913 -0.097037 -4.548507
0.050751 0.437038 -0.904120
-0.110519 -0.181051 -4.992757
-0.406513 0.291462 -5.860737
0.145163 0.431400 -3.158186
-0.321802 0.028640 3.149367
0.450475 -0.190876 4.447164
0.010173 0.182174 -1.005267
0.488703 0.413832 -4.717395
0.230824 -0.009991 5.210331
0.447937 -0.094894 -5.777374
-0.338496 -0.493045 6.701294
0.158337 -0.362089 0.036278
0.088370 -0.237113 4.326565
-0.218282 0.196851 -3.456746
0.404619 -0.004009 -2.459811
-0.037064 -0.451568 -2.860635
-0.079545 -0.099994 5.647486
-0.101060 -0.011452 -0.849282
0.301679 0.270228 -0.448974
0.046705 0.069991 3.603056
-0.455808 -0.084940 5.775597
-0.135866 0.052646 4.996355
0.402392 0.475378 1.524726
0.339815 0.208539 5.784797
-0.240991 0.445425 -5.581586
0.051252 -0.435969 2.219817
-0.036277 -0.155570 -6.208990
-0.185439 0.123791 3.794889
0.352521 -0.181833 3.986946
0.232195 0.376207 -0.123738
-0.011160 -0.254830 2.510390
-0.266863 -0.251691 1.339772
-0.093536 0.430628 4.656083
-0.167287 0.137313 5.055099
0.182139 0.356716 -1.240093
-0.422090 -0.347207 -4.646599
-0.125777 0.064062 5.771596
-0.364754 0.206495 -4.698568
-0.470969 0.247503 -3.782352
0.483345 -0.214085 2.749380
0.319978 -0.086006 -1.043385
0.428090 0.382482 -2.144518
-0.294166 -0.075961 -5.652364
0.316020 0.310885 -5.983447
0.195029 0.231630 -5.462452
-0.116703 0.481734 5.695223
-0.397690 -0.381163 -0.304689
0.167662 -0.083979 -2.214300
0.205033 -0.066252 1.185522
-0.433907 0.061058 0.413460
0.472096 -0.052406 -3.698048
0.480639 0.212657 -5.820414
-0.339269 0.406043 -3.546973
0.083601 0.476948 10.978457
-0.421267 0.290970 3.124614
-0.008441 -0.335569 3.607633
-0.320098 -0.028550 0.306495
-0.086890 0.094515 5.391632
-0.266477 -0.444427 -5.754546
0.326319 -0.260465 -4.441387
0.436122 -0.098821 2.086921
-0.093011 -0.444196 -2.567492
0.457558 0.207278 2.220860
0.000214 0.414033 -1.837577
0.147915 0.156072 -4.211750
0.466773 -0.387062 -3.140605
-0.493004 -0.461827 5.133531
0.220699 -0.475751 0.504260
-0.365575 0.270101 5.030809
0.015654 0.266855 2.936631
-0.059342 -0.000446 -4.162012
-0.284773 -0.230924 5.892817
-0.499636 -0.153730 6.006843
-0.375151 0.329337 3.014933
0.483404 0.140274 -3.426568
-0.327846 0.101297 2.949114
0.236885 -0.433111 2.436951
-0.301848 -0.188205 -5.566372
-0.317248 0.176136 4.737395
0.280696 -0.143321 2.816478
0.430595 -0.167982 0.825457
0.258786 -0.013848 -3.617310
-0.152242 -0.423426 -1.253417
0.099788 0.474286 -2.102798
-0.473078 -0.001857 -5.826051
0.137559 -0.310814 -2.875848
0.180879 0.263121 5.648318
0.046999 0.487303 10.557697
0.225174 0.490101 -5.750435
-0.436970 0.259885 -4.894914
-0.260533 0.257523 -0.342775
-0.017799 -0.342576 -1.994396
-0.432892 0.072671 -3.383481
-0.409612 0.112337 -4.310322
0.425811 0.359765 1.136366
0.413612 0.269783 1.786780
0.305130 0.047389 -5.681102
-0.076510 -0.188354 1.600808
-0.355290 -0.297815 -5.183510
-0.010502 0.408416 0.650145
0.036879 0.444082 -0.414492
0.244423 0.125500 2.511435
-0.257839 -0.477761 4.092023
0.305312 -0.238599 -6.188812
0.448524 0.109964 -1.245535
0.393351 0.288766 6.249372
0.168839 -0.451659 5.091817
0.264320 -0.215577 1.588080
0.212219 -0.139885 0.314436
-0.391082 -0.194254 2.125867
-0.070160 0.200942 -4.230599
-0.174614 -0.412920 -5.574404
-0.446520 0.004248 2.508717
-0.313961 0.381281 0.020268
-0.070561 -0.193523 -0.386263
0.088764 0.030131 3.297728
-0.143321 -0.135492 -0.611146
0.027480 0.193839 -1.205622
-0.034050 0.447393 -2.612058
0.207905 -0.223322 2.292293
-0.343222 0.446003 5.010989
0.269189 -0.436745 1.053380
-0.205995 0.486487 -0.865824
0.454631 0.386191 -2.705819
0.101866 -0.209694 1.823872
-0.267488 0.143208 -6.199398
0.003518 0.447796 6.085428
-0.478560 0.098557 -5.251083
-0.046760 -0.159089 -3.944094
-0.334137 -0.074426 -3.615528
0.186968 -0.208833 0.477091
0.380518 -0.056774 2.452177
0.130945 -0.348386 0.474196
0.201421 -0.035522 4.672211
-0.417666 -0.492548 -4.325659
0.472541 0.165786 9.279527
0.297518 -0.147117 0.763409
-0.219398 0.208325 4.544084
-0.057349 -0.393619 0.815068
-0.353867 0.473570 3.662832
0.440989 0.437379 4.849261
-0.318524 0.001789 0.323695
0.498771 0.055013 1.870861
-0.362732 0.465215 -0.821169
0.469687 -0.207703 -1.353482
0.131232 0.050414 -2.539171
