-0.006518 -0.129793 -4.737161
-0.339936 -0.172070 -5.896318
0.117195 0.405860 4.207841
-0.368286 -0.254166 -0.914438
0.372278 -0.026738 -1.837279
0.259710 -0.341398 2.990496
-0.434752 0.313160 1.036542
-0.252082 -0.333430 5.810061
-0.105132 -0.297566 -5.706267
0.208497 0.043542 -2.492549
-0.158856 -0.256759 -0.405979
-0.450659 0.143926 -0.383318
-0.202600 0.035993 -1.437468
-0.413047 -0.276292 3.873014
0.234247 -0.438483 -2.540131
-0.242513 0.491482 -3.530239
-0.427700 0.060840 -5.353662
-0.453915 0.019647 2.202887
0.451238 0.069200 -3.266633
0.141049 0.241040 3.199856
-0.335672 -0.201230 -1.074826
0.452473 -0.330854 1.854109
0.220736 0.460225 1.148033
0.150736 -0.130778 -4.704079
0.241295 0.349941 1.473931
0.081019 -0.014098 1.342191
0.070258 0.184304 0.286138
-0.462507 0.452680 2.770022
0.413031 -0.482433 8.113034
-0.449491 0.310052 -3.393261
0.136924 0.088395 5.742035
-0.491670 0.305665 4.638020
-0.290932 0.109950 4.206312
-0.216723 -0.095919 -0.966675
-0.147770 -0.084278 -1.737046
0.454853 0.015988 -1.604733
-0.255544 0.086536 1.235254
0.287216 0.288196 3.235107
-0.378185 0.396877 -2.256087
-0.413789 -0.126590 2.374990
-0.388513 -0.439123 -6.093222
-0.063345 0.232791 -5.519404
-0.127095 -0.002204 -1.321812
-0.030384 0.476920 0.438959
0.085103 0.014272 -2.600307
0.270341 0.477085 1.126891
-0.058850 0.487192 -2.594533
-0.470842 -0.451195 -3.145819
-0.115314 0.265752 4.163418
-0.136259 -0.200724 3.321786
0.223721 -0.366667 2.317247
-0.432203 0.156971 3.680677
-0.327607 -0.252932 2.161216
0.285368 0.265753 0.597156
0.130108 -0.478013 7.826884
0.340305 0.336054 -2.049875
-0.004662 -0.177117 -6.239531
-0.268767 -0.135375 -1.232374
-0.303546 0.372047 -6.117828
-0.060544 0.316052 -1.557860
0.281742 -0.403241 5.338703
0.474868 -0.141383 -2.863417
-0.448881 -0.232605 4.332900
-0.307372 0.220622 4.097876
-0.146739 0.082481 1.615371
0.062780 0.011082 0.419567
-0.157259 -0.253312 0.985083
0.424318 -0.465402 -1.965854
0.198156 0.078159 2.387959
-0.454055 -0.160138 -0.350377
0.405832 0.168834 1.541107
-0.061619 0.100607 5.061268
-0.000503 -0.171493 -3.925486
0.278644 -0.464662 -4.160179
-0.473502 -0.327658 1.135622
0.381124 0.360362 0.293967
0.093116 -0.192599 -4.703546
0.462530 -0.086878 -2.826311
-0.215639 -0.401779 6.252644
0.122824 -0.455678 4.799974
0.081094 -0.288650 -2.510372
-0.407016 0.108101 -0.908321
0.391181 0.338525 -1.237232
-0.253236 -0.018596 0.705399
-0.359013 0.039848 3.198826
0.131838 -0.427427 5.590996
0.102716 0.126624 -3.873521
-0.414349 -0.415959 -3.430778
-0.281366 -0.238075 -2.052042
0.365952 0.155619 -4.012972
0.068479 -0.468791 4.838250
0.163821 0.390316 5.495346
0.396454 -0.308620 -1.904476
0.313762 -0.386680 -0.983072
-0.257889 -0.085939 -4.530667
-0.430589 0.275750 4.602075
0.368645 -0.342050 -0.250627
-0.299142 0.473252 10.831076
0.325112 0.008983 -2.540463
-0.342599 0.240510 -5.559184
-0.467921 -0.471958 -2.957071
-0.022169 -0.092648 5.146650
0.493894 -0.006143 -4.600778
-0.488755 -0.014030 -1.363297
-0.024312 -0.004179 -1.712362
0.175486 0.337008 2.810786
-0.469708 0.334963 2.907158
-0.095025 -0.421349 5.328449
-0.218211 0.015890 2.513369
-0.073962 -0.339984 4.278027
0.082186 0.105023 -3.352672
-0.244527 -0.184418 6.130288
-0.326195 -0.429964 6.187151
0.390460 -0.247545 2.924657
-0.435347 0.364727 -5.770576
-0.331472 0.226521 4.125648
-0.167123 0.335692 5.637295
0.241889 0.317401 -6.279842
0.182584 0.232127 0.806705
-0.199931 -0.052216 1.805939
-0.217759 -0.342543 -1.517312
0.179096 -0.171886 -2.156661
0.202424 -0.485077 4.799405
-0.456563 0.305191 -1.246179
-0.214926 -0.070651 5.834482
0.484464 -0.131682 1.201776
-0.249208 0.289618 -0.319091
-0.337190 0.355867 -4.089281
-0.152278 0.418361 5.647647
0.214285 0.358044 -0.509710
0.281982 -0.299494 3.965039
0.387395 0.424282 -4.011127
0.391209 -0.036208 -5.378997
0.428125 0.486645 -4.180701
-0.220287 0.050415 -1.450651
0.246207 -0.143581 5.725119
-0.435904 0.344526 -0.870378
0.281941 0.194089 -3.177633
-0.314822 -0.205540 -2.471709
-0.302217 -0.496618 8.393327
0.019371 -0.375088 -2.955879
0.210704 0.180099 5.361993
0.317781 -0.167353 -5.166948
-0.282763 -0.484398 7.129734
-0.007717 -0.426317 -3.179738
-0.310373 -0.228364 -0.752002
0.458322 0.251556 3.712417
0.112569 -0.098791 -4.080169
0.092219 0.155473 -1.848280
0.217064 -0.009976 -3.265286
0.485971 -0.339449 4.248162
0.111858 0.235846 2.738732
-0.450210 -0.075844 1.209675
-0.174967 -0.346552 4.761083
-0.084290 -0.355331 -5.834299
-0.242136 -0.319346 4.978539
0.409548 -0.254853 -2.529202
-0.267576 0.102019 6.146340
0.089002 -0.262928 -3.455209
-0.480026 -0.483365 8.226270
-0.217537 -0.450422 6.159987
0.406690 -0.103692 -3.302974
-0.055417 0.016741 -5.764668
-0.343024 0.213311 6.038871
-0.019454 -0.238557 -5.294567
-0.263078 0.014390 1.459117
-0.057701 -0.198623 2.213199
-0.202436 -0.071528 -4.175792
-0.434113 -0.134309 1.165566
-0.277231 0.311335 3.486584
-0.481968 0.315402 3.382767
-0.422455 0.307938 4.515588
-0.273714 0.124139 0.772084
-0.160035 -0.356590 3.850564
0.271109 -0.444627 2.825284
0.270530 -0.105936 3.613878
0.128058 -0.202255 1.560406
0.149706 0.450364 0.404564
-0.066629 -0.036932 -0.890104
0.258152 0.253755 1.117971
-0.265319 -0.255195 -1.462103
0.460406 -0.161474 -4.841844
-0.152376 -0.230461 -3.942104
-0.445766 0.410441 -4.304586
-0.358010 -0.122233 1.059409
-0.199640 -0.023267 -5.065665
0.073094 -0.472096 3.404197
-0.331866 0.103074 1.332944
0.159558 -0.174577 -5.946577
-0.244868 0.055944 -1.051724
-0.426541 -0.446880 -0.921293
-0.161404 -0.040221 -2.753948
-0.465544 0.315837 2.855801
0.115968 -0.308116 -3.276776
0.485128 0.044947 2.310920
-0.298912 -0.377617 2.117078
-0.472505 0.116759 1.439871
0.040904 -0.345701 -1.720350
-0.446722 0.319699 1.496080
0.204459 -0.107694 2.265574
0.135916 -0.403163 3.782153
0.142934 -0.163713 -1.486025
-0.051905 -0.409418 -4.605135
-0.043779 0.190922 3.360387
0.217953 0.088426 -0.354541
-0.348958 0.472542 -4.705020
-0.171015 0.297763 4.100888
-0.355597 0.169914 5.548569
0.185681 -0.483431 3.893903
-0.450063 0.268429 3.378368
0.063875 0.070182 -3.512474
-0.204593 0.349592 -1.343720
0.129689 -0.376012 3.783032
-0.407437 -0.426509 5.432187
0.015737 0.020932 6.046903
0.445982 -0.296076 2.738654
-0.368138 0.259654 5.665416
0.131176 -0.402201 4.087831
-0.200697 0.117007 -3.743475
-0.477124 -0.313382 4.509610
-0.102240 0.014767 1.500498
-0.065674 0.146553 2.344956
-0.050197 -0.235448 -5.987995
-0.398554 -0.481949 -5.837386
0.018144 0.326640 0.342089
-0.033866 -0.207032 -3.647745
-0.073235 -0.036532 -3.901494
-0.134206 0.354564 -1.538024
-0.410837 0.205122 -6.060224
-0.256715 0.055294 -3.280157
0.438382 0.257558 -4.929798
-0.232465 -0.202270 -0.058934
0.418245 0.164875 -1.247809
-0.345123 0.196996 4.691862
0.134236 0.271426 -0.283995
-0.359686 -0.226538 5.543230
0.059860 0.413470 3.283211
0.495460 -0.314292 -5.398847
-0.385323 -0.413285 -4.534244
-0.303365 -0.130487 -5.593100
0.447722 -0.294674 1.696723
-0.373105 -0.395448 5.334415
0.182901 0.113866 -1.847172
-0.416096 0.476075 11.263729
0.366781 0.418365 1.095799
-0.286530 0.245400 0.493695
0.417365 -0.350864 4.266189
-0.167408 -0.482368 7.425820
0.493322 -0.243542 0.102948
-0.329271 -0.340487 1.961943
-0.283436 0.138955 3.181915
-0.114950 -0.099647 -1.698594
0.136478 0.286148 3.248356
0.037309 -0.146093 -1.326345
0.112106 -0.136866 -0.922723
-0.247492 0.146386 6.060180
0.253334 -0.495180 1.497964
-0.015151 0.264588 6.282680
0.202479 -0.119511 -4.800734
-0.345040 0.471761 -2.707966
0.213428 -0.021388 0.076530
0.451303 -0.379237 3.868789
-0.069473 -0.474735 -5.550965
-0.372807 -0.252139 -5.431308
-0.170655 0.128106 -0.968359
-0.128182 0.194651 -5.326419
-0.219749 -0.308707 1.359802
-0.402466 0.113369 4.193372
0.260654 0.028624 -3.256480
-0.301290 0.010327 6.210449
-0.200833 0.449814 0.156456
0.197191 0.408943 -0.671223
0.062750 -0.265743 -4.030875
-0.237268 0.236262 1.783410
0.309884 0.047193 -2.694664
-0.212521 0.064211 -3.823395
0.288022 -0.289706 4.192480
0.374847 -0.035273 5.317140
0.301857 0.238067 2.547147
0.033717 0.002159 1.668911
0.411019 -0.223792 3.763140
-0.421970 0.192899 3.720662
0.479616 0.008565 8.585396
-0.343968 -0.121082 -0.085423
-0.352966 -0.240418 3.373564
0.242695 0.242207 1.279707
-0.245841 0.342270 0.960297
-0.238618 0.389009 -2.300204
-0.380547 0.236068 5.517822
-0.355663 0.008333 2.056779
-0.465021 -0.302231 5.000396
-0.450583 -0.331207 0.770866
-0.479254 0.196554 3.910218
0.030345 0.087248 -2.908802
0.414957 0.042953 1.219549
-0.054057 -0.363637 3.556362
-0.015650 -0.404717 -4.823324
0.442292 0.469717 -2.321688
-0.163626 0.203211 0.243569
0.122736 -0.358083 4.872637
-0.251415 0.276651 -0.018925
-0.498392 0.347735 -2.991678
-0.318445 0.104988 3.828567
-0.010581 -0.154404 5.029757
-0.271807 -0.278260 -5.916277
-0.481218 -0.343691 -1.550940
-0.351411 0.331256 -0.959402
0.028449 0.251862 4.303417
-0.160088 -0.137554 3.839133
0.251554 0.422006 0.004333
0.432677 0.032675 -0.419834
-0.141742 0.050676 -2.573067
-0.033497 -0.033222 -4.952537
0.391052 -0.013734 -0.092456
-0.349388 0.390321 -5.896521
-0.056234 0.274338 3.751754
0.273576 0.309147 0.381926
-0.297481 -0.203130 -1.160164
0.407769 0.280122 -1.711322
-0.309165 -0.307116 -6.218082
0.335163 0.422196 1.920469
-0.022835 0.200940 0.321837
-0.278698 -0.269647 1.287870
-0.106367 -0.120511 -3.972030
0.452799 -0.212757 1.662959
-0.272930 0.055016 0.219954
-0.203588 -0.441031 -4.343105
0.189168 -0.463153 -1.171876
-0.456148 0.036407 1.411196
0.198765 0.379186 -4.981574
-0.283726 -0.199045 3.438898
0.333214 -0.202246 4.219956
-0.113372 -0.373151 3.399354
-0.425524 0.252416 -0.697976
0.031487 0.443575 -2.019922
0.046988 0.420611 6.072886
-0.276351 0.316343 1.752580
-0.047680 0.168222 2.500649
0.300384 -0.357933 -2.228836
0.474911 0.149094 -2.221653
-0.134196 -0.192575 3.336805
0.166024 -0.175901 -2.952708
-0.256826 0.335089 2.307911
-0.443432 -0.243177 4.445086
-0.246814 0.232619 -1.108416
0.300873 0.152410 0.089295
-0.168983 0.226447 -2.608268
-0.099783 0.424223 5.553189
0.450243 0.354072 -5.694700
-0.312802 -0.274594 0.829914
0.418838 0.330661 -0.529751
0.371515 0.024041 -1.865238
0.366901 0.193102 0.864469
0.190137 -0.137583 0.117796
0.412151 0.374839 3.860868
0.000981 0.346444 5.205945
-0.255400 -0.102469 -0.101347
0.295828 -0.061180 2.387814
0.451217 -0.011291 -3.940484
-0.214606 0.168588 -5.826972
0.487230 -0.303154 -0.140591
-0.438286 0.179068 3.622909
-0.261460 -0.331387 -2.773547
-0.374017 -0.092245 -1.611362
-0.292819 0.099191 -4.191094
0.026325 0.467894 -4.539358
-0.256075 0.105723 -2.579245
-0.079214 0.045213 6.025938
-0.101997 -0.478286 5.267619
-0.257720 -0.276991 6.053494
0.405646 -0.453069 -2.182149
-0.082717 0.242887 -1.246635
0.361436 0.349987 -5.010373
0.244481 -0.417646 5.105894
-0.276598 0.474758 3.409821
0.343210 0.249946 4.674544
0.191200 -0.014206 -1.357534
-0.255010 -0.104550 -6.199745
-0.364362 0.369579 -2.515322
-0.163680 -0.037895 -2.225028
-0.266998 0.138636 1.544339
-0.179071 0.356792 5.640943
-0.268851 -0.323368 0.699490
-0.420283 0.190079 3.680387
-0.152532 0.116459 -6.142178
-0.001389 0.227471 -0.950045
-0.265467 0.489101 0.510754
-0.276447 -0.486670 0.336043
0.427492 -0.361000 -0.112287
0.225165 -0.425809 -6.237515
0.110995 -0.031762 -1.422882
-0.492083 0.143020 -3.684919
0.263448 -0.010814 1.440692
0.303280 0.436989 -0.327800
0.075775 0.295133 -5.291501
0.450291 0.089816 -1.582257
0.099130 0.032080 1.312162
0.284259 0.187518 -2.289484
0.241904 0.209271 1.046997
0.370603 0.314574 -4.830124
