0.186963 0.375707 5.632485
-0.476149 0.242375 1.190956
-0.069424 0.304681 -3.284768
0.248970 0.361880 5.563471
0.395077 -0.321772 -2.570907
-0.328270 0.223077 2.965004
-0.416820 -0.491560 8.492180
0.213302 0.221642 4.455693
-0.097946 -0.096651 5.455772
0.434274 0.247766 1.041431
-0.312080 -0.152084 -5.881565
-0.341754 -0.182626 1.368183
0.385661 0.140737 3.535648
0.283945 -0.183464 4.894050
-0.153010 0.411117 -4.693559
-0.145831 0.306581 2.810813
0.305087 0.177206 1.634861
-0.093440 0.024915 -1.095196
0.408809 -0.299464 -4.241324
-0.135284 0.374895 4.098772
0.469821 0.467229 -3.832595
-0.493142 0.001495 -2.505260
0.161387 0.283376 4.167664
0.495843 -0.368695 3.988500
-0.409584 0.152940 2.584849
0.314175 0.124142 -0.237347
0.353833 -0.362745 5.329318
0.084947 -0.189463 5.391832
0.345117 0.322220 -0.395156
-0.287393 -0.314826 -1.750701
-0.147533 -0.208673 1.004354
0.271443 0.305210 5.532584
-0.309161 0.380651 -2.493645
0.075888 0.272572 5.159253
-0.302000 -0.081673 2.392045
0.154818 -0.348181 2.695724
0.175191 0.402992 -2.671695
-0.298265 -0.124119 2.579092
-0.287150 -0.218316 5.054205
0.139980 -0.236200 -5.468017
0.417437 -0.372068 -2.701912
-0.359190 -0.029416 6.246829
-0.193516 -0.127091 1.892052
-0.281688 0.159747 0.604609
0.251562 0.045083 -2.304153
0.387278 0.356779 2.305752
-0.293271 0.009475 3.012775
-0.489536 0.028220 0.932001
0.279400 0.270915 -0.873972
-0.288215 -0.473852 5.274049
-0.469611 0.192559 4.658149
-0.096921 0.480691 -2.110398
-0.428706 -0.476339 4.441173
-0.414431 0.354976 5.556476
0.328727 0.255120 -5.593002
-0.258971 -0.217321 4.415144
0.295356 0.421522 -0.283929
-0.358727 0.048472 -5.480486
0.104124 -0.473122 -2.126731
-0.100124 -0.234378 5.336345
-0.077628 0.206652 1.711994
0.451674 -0.422244 -1.902184
-0.439062 -0.046897 5.982503
0.021597 -0.031913 5.709383
-0.266066 0.080963 -5.012256
0.037179 0.460741 -4.727787
-0.135567 0.288309 2.914781
0.094238 -0.417672 -2.529932
-0.401147 -0.439023 2.388729
0.438580 -0.398386 2.823624
0.019588 -0.390641 -4.702439
-0.394292 -0.178160 4.301553
-0.497553 0.409662 4.338251
-0.318541 -0.180942 0.604456
-0.120761 0.168589 -4.967435
0.181519 -0.018831 -3.175216
0.423665 -0.393178 -1.481091
-0.219601 0.474127 2.075949
0.068911 -0.324373 -2.310800
-0.325269 -0.012174 1.790240
0.347851 -0.263638 -4.478162
0.478132 -0.071797 2.380896
0.063628 -0.380320 -0.796344
-0.232031 -0.333174 -3.654074
0.388410 -0.358961 2.141097
-0.228320 0.323163 -2.173540
0.175901 0.384744 -2.431055
0.305059 0.479321 -2.972218
0.332479 0.373529 5.546064
0.492592 -0.046192 4.158734
0.157407 -0.219721 4.499274
-0.313818 0.049027 5.780401
0.467574 0.342185 3.148094
-0.328252 0.062567 3.983516
0.238218 -0.011592 4.287370
0.227606 -0.337425 3.636312
0.297472 0.187912 2.049483
0.494573 0.432040 -1.198759
0.402233 0.480634 9.727825
-0.336396 0.115641 -4.097608
0.258301 0.320048 -3.423998
0.015607 0.333517 5.740754
0.073513 0.277639 -5.772529
0.426108 -0.048279 5.549214
0.109057 -0.171311 5.010450
0.000624 -0.058821 5.849075
-0.314850 0.024190 3.411175
0.477711 -0.446062 0.323907
-0.026089 -0.498965 1.121905
0.432499 -0.113621 -5.304015
0.360181 0.161896 3.745688
-0.440003 -0.412550 -5.642319
0.299497 0.349506 -3.451519
0.061007 -0.295250 -1.275962
0.412412 0.290742 -5.993182
-0.396613 -0.235224 4.741185
0.475964 -0.294327 8.074179
-0.154136 0.034233 5.512614
0.472327 -0.280051 -4.583299
-0.291348 0.098344 6.193126
-0.476236 -0.287396 -3.802484
-0.327683 0.002775 -3.565110
-0.403758 0.241886 -0.359649
0.298933 -0.379959 3.847660
0.159181 0.454493 -2.634845
-0.491717 -0.049406 3.018974
-0.455076 -0.326830 -5.893112
0.222032 -0.293427 1.851453
-0.224352 -0.117984 -1.572651
0.176822 0.000176 -0.082267
-0.186711 -0.363941 -1.783183
-0.342194 0.158778 2.737132
-0.349330 0.060490 0.532081
0.261037 -0.420751 -1.722212
0.241497 -0.100371 -5.542228
-0.325534 0.112597 2.297344
-0.461542 -0.093553 4.736046
0.027750 -0.116045 3.978732
0.338917 -0.252034 -1.548450
0.151645 0.256227 0.398504
0.085964 0.195484 -5.807305
0.263634 0.001022 -3.323022
0.433514 0.173457 2.055997
0.336629 -0.389520 -3.317564
-0.489682 0.092939 1.127101
0.438803 -0.322822 5.883829
-0.318284 0.262983 5.972758
-0.218058 0.016585 5.145896
0.279259 0.466944 -2.937426
-0.220696 0.105311 -1.514076
-0.043153 0.374763 -0.241809
-0.391828 0.134847 0.764570
-0.009737 0.402455 -6.090041
0.438789 -0.266676 -0.840949
0.470084 -0.268872 5.264082
-0.257269 0.224687 -5.776458
0.460201 -0.311057 1.905411
-0.151873 -0.313585 1.591778
0.240351 -0.401169 -5.055651
-0.442110 0.116975 0.732059
0.428521 0.106074 -4.978060
-0.117419 0.468155 -2.413996
0.146009 -0.369507 1.458537
0.002064 -0.468405 -5.229297
-0.087007 -0.086987 5.177342
0.039812 -0.361366 -4.027629
0.112113 -0.277577 2.869797
0.250446 -0.210606 4.500078
-0.053455 -0.333688 2.590427
-0.097702 0.393971 6.199867
-0.340147 0.191351 -4.512865
0.238804 -0.309398 6.271057
-0.110618 -0.009107 -1.863527
0.099972 -0.253037 -4.410150
0.152590 -0.229260 1.621236
-0.051411 0.010853 -1.241539
-0.376789 -0.194432 -2.266997
-0.431699 0.324576 0.614389
-0.034947 -0.088056 5.352756
-0.234632 0.444275 4.750973
-0.009539 0.338762 5.145206
0.374041 -0.400297 -3.380545
0.382983 -0.178003 2.280111
0.476126 -0.445391 -2.802859
0.104719 -0.391412 -2.320466
-0.458052 0.035989 -1.127987
-0.158020 0.415903 2.148872
0.159032 -0.015787 -5.816271
-0.404852 -0.115229 2.558819
-0.188409 0.319218 -1.660828
-0.189748 0.160643 -1.749016
-0.147762 -0.044086 -5.337908
-0.458683 -0.303642 -2.880731
-0.218390 0.314029 5.828189
0.077248 -0.205305 -3.759428
0.393202 0.268939 0.993106
-0.408952 0.258966 2.378137
0.087765 -0.162210 4.214536
-0.184199 0.461471 -5.626489
-0.071758 0.481470 -3.219100
-0.073138 0.183056 0.397299
0.188961 -0.320341 -5.277507
-0.451798 0.276591 6.019286
0.345576 0.180417 -2.529408
0.444658 -0.073211 -5.066359
-0.374368 -0.335174 4.051766
-0.417656 0.145738 -1.853694
-0.116684 -0.445797 0.143553
-0.089961 -0.186080 -5.532812
0.089143 0.369172 2.551303
-0.326027 -0.187818 4.958571
0.180899 -0.318408 5.410183
-0.331842 -0.272235 3.044557
0.210472 0.207006 0.532227
-0.353835 -0.482589 -0.552040
0.111630 -0.408502 -3.309605
0.052388 -0.142151 4.737566
0.464120 -0.042917 3.964151
0.122413 0.381749 4.939314
-0.378303 -0.118552 4.291497
0.473402 -0.495727 -2.168793
0.479178 -0.497711 8.891454
0.252305 -0.265198 2.015762
-0.360037 -0.465307 3.159139
-0.464669 -0.337041 5.049424
-0.417513 0.009646 1.210013
-0.362834 -0.312966 -5.813470
-0.390675 -0.224294 4.367138
-0.465464 0.033199 -5.478758
-0.311434 -0.183028 4.990758
-0.132765 0.482348 11.670278
0.488835 -0.447010 -5.899521
-0.358908 -0.257047 6.092226
-0.188929 -0.011938 5.970428
0.173132 0.035814 4.505519
0.463819 -0.054838 0.341147
-0.415614 0.197020 3.304524
-0.333397 -0.315016 -1.855962
-0.452930 -0.012264 -1.429400
0.343640 -0.417125 5.644325
0.092922 0.470332 -0.532858
-0.100141 -0.002834 -0.858811
0.275752 -0.432947 1.923374
-0.481369 0.127305 4.683800
-0.319804 0.429797 -6.235649
-0.374550 -0.497846 6.999635
0.374466 -0.351201 -4.807590
0.324339 -0.296864 1.857118
-0.322587 0.276144 -1.573010
-0.256910 0.229823 0.466017
0.407061 0.207990 -5.062781
0.159951 -0.194415 6.124839
-0.438783 0.001387 0.026592
0.055062 -0.348106 -4.433957
0.320399 0.209183 -1.431933
-0.168354 -0.447349 4.091649
0.118397 0.244270 2.294255
0.167823 -0.202512 0.396822
0.463300 -0.031839 4.765339
0.375093 -0.465108 -4.226544
-0.361063 -0.436435 3.029394
-0.490066 0.004993 -4.388477
-0.088908 0.032756 -0.861632
-0.189228 -0.199203 0.997477
-0.310769 -0.496849 0.097653
0.153514 -0.268907 -4.506058
0.341965 0.462108 6.230490
-0.209475 -0.102196 -5.849570
-0.405581 0.151097 1.147453
-0.385500 0.293898 -2.762175
0.399561 -0.067157 5.856093
0.207450 -0.035003 5.077946
0.224699 0.027950 6.031998
-0.106507 0.165818 3.983912
0.343246 0.495978 12.035630
-0.174247 -0.467881 -1.598029
0.117151 0.043652 -5.161743
0.001142 0.451544 4.571918
-0.291418 0.165597 0.360296
-0.370210 0.372057 0.743581
0.327707 -0.280088 -4.903924
0.478666 0.287380 1.169697
0.088956 0.452041 -5.318881
0.159844 0.263687 3.293948
0.429428 0.419146 3.171936
0.028732 -0.312405 5.542211
-0.001529 -0.067369 -5.023780
-0.283470 0.318072 5.821545
-0.142133 -0.003923 -3.253531
0.263825 -0.025002 -3.657010
0.327080 0.087088 6.186997
0.120185 0.286085 2.436662
-0.352422 0.201471 -2.572062
-0.291048 -0.427902 -3.151471
0.121861 -0.310668 2.572911
-0.406563 -0.102795 3.431161
0.446647 0.226106 -4.958320
-0.362121 -0.128228 -2.705732
-0.036877 0.312391 -2.840111
0.473652 -0.457641 4.864906
0.144250 -0.251580 -1.708354
-0.211825 0.185847 -2.813295
-0.036841 0.430910 5.081399
0.437511 -0.228763 -2.751826
0.212099 -0.321296 5.288281
-0.187625 0.195450 -1.598567
0.350048 0.024569 -3.048727
0.451148 -0.352708 -4.618736
-0.456294 -0.235391 -5.786549
0.136522 0.001373 3.888950
0.429062 -0.476954 7.419179
0.494656 0.442146 1.020434
0.034271 0.193808 -2.610091
0.180741 0.306018 1.376892
-0.345093 -0.356837 4.011882
0.182042 0.017312 -0.313086
0.063392 0.138242 -0.582217
0.126722 -0.182856 -1.042213
0.310555 -0.365633 4.828408
0.368988 0.192390 -3.248347
-0.336090 0.074242 3.442755
-0.437731 0.092764 2.383421
0.166186 0.436577 -2.987975
-0.201132 -0.257299 3.317860
-0.455600 0.063473 0.121016
0.213671 -0.103032 0.631031
-0.273393 -0.079719 -2.551409
-0.348558 0.418778 -0.159743
-0.336540 -0.025997 2.178687
-0.399338 0.189601 6.247072
-0.422424 0.055150 2.788938
-0.294561 0.428960 -6.215249
0.366356 0.098460 1.413474
-0.180306 -0.098474 2.908176
0.091890 0.037775 0.641969
0.095759 -0.022611 0.307196
0.100526 0.258429 2.050062
0.492641 -0.073193 -4.155200
-0.436855 0.423563 6.163976
0.192312 -0.294391 -0.457934
0.030425 -0.312041 -3.482859
-0.462966 0.006316 2.079138
0.444001 -0.312427 1.354675
0.410711 -0.244755 -5.314915
-0.028600 -0.234790 2.465489
-0.491331 -0.125582 2.528241
0.361389 -0.372221 1.592360
0.362940 -0.432358 3.114929
-0.457110 0.135499 -5.938564
-0.079289 -0.237677 0.475407
0.075521 0.427402 1.894049
-0.012404 -0.120756 3.710737
0.470515 -0.325840 9.171476
0.499837 -0.071993 -1.665303
-0.444258 0.030614 -3.760800
-0.492303 -0.237071 4.914264
-0.373387 -0.034296 -4.784423
0.486595 0.495636 8.597338
-0.398995 0.328119 5.159691
0.340884 0.191869 -6.054876
-0.192976 0.430977 3.966769
0.200918 -0.290448 4.945149
-0.332273 -0.283748 5.922823
-0.130006 0.285256 -3.343657
-0.031542 0.297466 -3.224085
-0.433683 0.169203 -4.187612
0.441945 0.005768 -0.896076
-0.299213 0.022059 3.626671
-0.152517 0.025239 -2.284951
-0.182481 -0.004834 1.478802
0.441255 0.374480 -0.923765
-0.411841 -0.435679 -2.971793
0.007915 -0.290691 -1.823797
0.472191 0.310472 0.858105
0.293679 -0.364585 2.205773
-0.383639 -0.118137 0.128423
-0.329957 -0.010707 4.419119
-0.082553 0.435272 -2.229659
-0.476106 0.198253 -2.804920
-0.369770 -0.129188 -3.882286
-0.288780 -0.087416 3.252073
-0.417465 0.288857 2.794221
0.499738 0.430340 3.579808
0.368696 -0.008958 -0.516802
-0.049342 -0.105261 4.760305
-0.065780 -0.392294 0.462054
-0.305904 0.452844 -0.396607
0.168712 0.269428 2.878214
0.412839 -0.422312 -6.079279
-0.373978 0.261894 -0.666215
-0.450518 0.462487 -0.738521
0.349208 -0.357483 1.862329
-0.267050 -0.275421 4.877463
0.071924 -0.319712 -5.115442
0.249594 0.202235 1.502661
0.431281 0.397379 -4.556943
0.097240 -0.325532 3.929314
-0.438368 -0.363657 2.082094
0.324322 0.177282 -2.643690
0.202678 -0.173146 -3.157110
