0.373993 0.279612 -4.576759
-0.292696 -0.268195 -2.197273
-0.081707 0.362634 0.267559
0.496415 0.200408 2.787196
-0.389689 -0.426198 4.155521
-0.453310 -0.184351 -0.044331
0.123802 0.491761 10.880024
0.103940 0.481833 -0.371613
-0.251170 -0.241231 -1.894287
-0.374460 0.275244 5.371876
-0.044536 -0.461100 -1.998443
-0.419662 0.478519 4.915689
0.222237 0.071288 -1.547135
-0.416812 0.342856 -1.836556
0.327141 0.362731 -2.397001
-0.385296 -0.304514 3.311602
0.241453 0.051632 -2.134232
0.185359 -0.109769 -1.123361
0.166516 0.297171 1.184589
0.212789 -0.493633 0.046116
-0.133142 -0.205045 -5.613372
-0.383896 -0.328438 5.601770
-0.125758 -0.498933 -2.667647
-0.015878 0.175910 -5.807918
0.260129 -0.099309 -5.741858
0.407461 -0.290740 -3.752237
0.064135 0.096389 2.931194
-0.039652 0.373422 3.357500
-0.217907 -0.205334 -6.230169
0.392310 0.289153 6.143845
-0.487381 0.029053 -2.752641
-0.268576 0.244943 -5.672270
-0.233994 -0.373445 -2.805690
0.047995 -0.181934 -3.871434
0.453886 -0.218063 3.159342
-0.405010 -0.492137 5.509454
0.271617 0.333766 0.971044
0.146766 -0.173167 -5.080788
-0.230637 -0.344096 -3.735764
-0.292351 0.480436 10.495387
-0.384548 0.104917 -1.788322
-0.160062 0.203119 4.259291
-0.393328 -0.241094 4.076605
0.411449 0.285082 0.759315
0.238932 -0.314081 -1.619372
-0.059999 0.025365 2.402073
0.458178 -0.311552 -2.756364
0.435525 -0.057950 4.257011
0.453552 0.447412 0.398863
-0.194486 -0.177425 5.940008
-0.308889 0.135688 -4.838143
-0.293544 0.288112 -5.920567
0.079066 -0.333886 1.442475
0.344983 0.369643 -2.417691
-0.478516 0.369756 1.079248
-0.491700 0.089308 -3.683053
-0.324544 -0.001954 -2.095296
0.486173 0.154922 1.393041
0.063666 0.362901 3.711707
-0.405496 -0.026711 4.658108
-0.151839 -0.115767 2.997838
0.352243 0.302360 5.160149
-0.383111 0.117859 -1.641413
-0.372802 0.463751 -1.951253
0.342767 -0.077339 6.172264
-0.036190 0.227116 4.323175
-0.076761 0.235348 -3.655259
0.115839 -0.014063 -1.316008
-0.421720 0.079133 -4.885576
0.140704 0.352651 4.165967
-0.157038 0.047925 -1.930076
-0.407483 -0.324913 -2.991331
-0.188722 0.000548 2.574015
0.244612 0.394224 -0.802006
-0.394598 0.392686 4.808777
0.307164 0.010084 -1.464854
-0.260194 0.267082 1.448862
-0.401795 0.333915 -2.890219
-0.492939 0.461955 -3.965424
-0.383613 0.229243 -5.255422
0.485196 -0.136868 -4.896000
0.185611 0.360780 6.192211
0.066989 -0.164292 4.604085
-0.217359 0.445559 4.303645
0.107700 0.054328 0.733432
0.334576 0.353925 -0.823457
0.212070 0.455572 0.684395
-0.477212 0.035833 -3.064853
-0.047578 0.496996 3.103734
0.288068 0.069778 -0.945871
-0.322913 0.308886 -3.660758
0.249507 0.383175 -4.898615
-0.197567 0.101260 -5.151814
-0.179055 0.058227 -4.909553
-0.364206 0.496884 0.440193
-0.125852 -0.091133 -0.604981
-0.495627 -0.053087 0.947483
-0.351025 -0.407582 -6.043139
-0.315603 -0.257050 2.272279
-0.376309 0.003801 0.539412
0.024381 0.145078 3.748971
-0.252371 0.405984 3.398407
-0.164657 -0.089480 3.099861
-0.307413 0.169010 1.301453
-0.424912 0.451986 -4.056828
0.070815 0.280067 5.269108
-0.262300 -0.464271 5.549870
0.278603 0.139792 2.000587
0.227403 -0.270607 -0.752085
-0.227440 0.201985 -5.782874
-0.252906 -0.271492 -4.976879
0.229237 -0.284263 3.640732
0.217541 0.484713 6.267372
-0.091548 0.254558 -0.688535
-0.316621 -0.010912 4.566320
-0.107530 -0.489782 -3.185776
-0.281892 0.028241 5.457939
0.135672 0.212694 -1.451271
0.114414 0.328469 0.359841
-0.102983 0.492297 2.042600
-0.308975 0.387742 -4.179243
-0.104640 -0.015328 3.215930
-0.309077 0.175498 -5.682288
0.022741 -0.169419 4.751003
-0.263645 0.402282 -3.490442
0.309646 0.204188 -1.266090
-0.306312 0.156739 2.558091
0.133620 -0.022452 1.713039
-0.287433 -0.199843 -4.696081
-0.416583 -0.453590 3.176995
-0.327315 -0.401999 3.541549
-0.248109 -0.475960 1.165667
0.076272 0.080711 -0.298377
-0.049410 0.095375 -5.950279
0.357716 0.299427 6.091675
0.380853 0.271444 3.348130
-0.256938 -0.478562 -3.490543
0.105655 -0.499660 -2.798539
-0.136841 0.252138 -0.981555
-0.434718 -0.300224 4.130250
0.436170 -0.140531 -4.334812
0.376003 0.317865 2.248376
-0.015962 0.397461 -5.670688
0.212767 0.471722 1.857580
-0.314215 -0.058215 -2.249253
0.052016 -0.124760 1.866660
0.248061 0.341970 6.210942
-0.020305 0.056522 -5.932397
0.142407 -0.327753 -2.350808
-0.108606 0.238271 2.935121
0.367692 -0.228182 4.852451
0.207818 0.139027 2.918319
-0.166612 0.161801 0.881047
0.300348 0.165679 1.334961
-0.250829 0.404685 5.721451
0.290310 0.139031 1.106050
-0.103781 -0.436491 -2.509563
-0.246475 -0.141151 -1.249830
0.376199 -0.148471 1.500080
0.081487 0.268496 -5.314417
0.058267 -0.433570 1.907803
0.230725 0.409924 -2.077722
0.401694 -0.041713 4.655626
0.336575 0.176103 -5.669395
-0.432357 0.090477 3.120034
0.405690 0.486736 10.340590
0.355928 -0.037072 -1.623569
-0.051973 -0.342975 -2.256303
0.339941 0.460029 6.168723
-0.372798 0.433716 3.412908
0.349297 0.323403 5.315195
0.276918 -0.251383 1.166254
-0.025722 0.442629 1.506410
0.200652 0.411736 5.115050
-0.206574 0.076553 3.519242
0.212805 -0.434667 -5.505585
-0.291558 0.164024 -2.561523
0.155104 -0.374389 2.859499
-0.000893 -0.098037 4.615794
-0.110598 -0.448425 -2.808155
0.391913 -0.343977 -3.056239
-0.166564 0.495271 -5.001821
-0.033512 -0.409131 4.412837
0.460565 0.297291 -2.659148
-0.084006 0.420622 4.975392
0.226230 -0.240144 -0.981799
-0.162940 0.443980 0.859412
0.200637 -0.397604 5.897290
0.292705 -0.283449 -4.729159
-0.010657 0.081264 -4.493437
-0.316032 -0.148843 -5.604186
-0.486846 0.101501 6.205682
0.341266 -0.214896 2.758535
0.166464 -0.496403 1.985359
0.040935 0.370639 -1.941048
-0.125669 0.293636 3.603988
-0.301299 0.193379 -2.610262
-0.179931 -0.148862 -3.961005
0.289366 -0.442552 -3.645899
-0.353580 -0.450326 4.121229
0.419418 0.358569 -5.565563
0.079583 -0.146253 1.328545
-0.313003 -0.134058 -4.054274
-0.394140 -0.164052 -1.029896
-0.322252 0.028609 -3.088091
-0.012542 0.018426 -3.408581
-0.395806 0.350755 1.083588
0.364491 -0.175444 1.917963
-0.030711 -0.225281 3.217531
0.237981 0.017481 2.386578
-0.425782 0.172517 -4.964069
-0.048841 0.449474 5.652185
-0.108981 -0.369394 4.950578
0.446009 0.487866 -2.779109
-0.080123 -0.363843 3.825582
0.024500 -0.176906 -4.139290
0.235785 0.300676 1.091555
-0.354649 0.109664 -2.692061
0.393173 -0.118961 1.368201
-0.017251 0.488554 -3.692659
-0.241583 0.086961 -4.452414
-0.086872 0.237982 -0.835097
-0.439034 0.122498 4.619593
0.068082 -0.335559 0.511211
-0.063846 -0.397345 5.745505
-0.281323 0.268938 2.715055
-0.179234 -0.058658 4.548526
0.451141 0.356236 -6.232265
-0.117610 0.104791 2.263415
-0.031805 0.497040 0.860277
0.318123 0.436994 -3.519521
-0.475943 -0.239865 -3.454699
0.493244 -0.001522 5.080605
0.247822 -0.306074 -1.159956
0.306085 0.404691 -3.110736
0.321623 -0.297457 -0.607602
-0.363476 -0.122168 -5.216666
-0.164046 0.279751 2.422387
0.446080 -0.163791 -2.172363
-0.012828 -0.036712 4.543382
-0.051683 0.169730 -5.718305
-0.347037 -0.360096 3.869917
-0.387587 0.438813 -4.127858
-0.470954 0.157800 5.340539
-0.197752 0.462494 -1.391114
-0.228343 -0.306692 4.151745
-0.339041 -0.071856 -6.273027
-0.412578 -0.395521 1.512517
0.484650 0.300616 -1.583161
0.353977 -0.386457 5.026540
-0.455298 -0.036657 1.252246
-0.396596 -0.283362 -2.316556
0.459978 -0.197087 3.324576
0.052718 -0.437119 -2.940825
-0.303576 0.306963 5.377517
0.314172 -0.220155 3.179565
-0.410046 -0.332568 4.012747
0.012224 0.022525 2.138150
0.434218 0.279303 -1.258774
-0.086423 0.260982 -4.959039
-0.186255 -0.227301 0.848354
0.284447 -0.067754 0.724786
0.196478 -0.172201 5.882030
-0.090375 0.232343 5.149105
-0.385928 0.401564 4.638560
0.427508 -0.291781 -6.118360
-0.264179 -0.098084 -1.585636
0.301212 0.151003 -3.209651
-0.493359 -0.397084 2.633157
0.439615 -0.206984 5.804821
0.105269 0.282319 -5.916564
0.350638 -0.419051 6.098579
-0.290676 0.229018 2.336058
-0.341992 0.012632 -3.375843
-0.444090 -0.143275 -3.662765
0.059744 -0.071839 2.081405
-0.292706 0.384257 -3.792581
-0.015580 -0.225681 5.662839
-0.118304 -0.388654 4.045365
-0.106492 -0.452351 -3.418335
-0.380601 0.235390 6.270533
0.396480 0.356769 5.569759
-0.153799 0.085853 3.809892
-0.089899 -0.338304 -2.591116
0.476121 0.344490 -0.894156
-0.211021 0.429516 5.486226
0.427201 0.426419 -0.435416
0.220807 0.061544 -2.447855
-0.381634 0.468772 4.616290
-0.177788 0.057586 -2.090592
-0.153713 0.186848 3.652843
-0.300691 0.131727 -6.066300
0.228109 0.237831 -4.008823
0.195079 0.294521 -2.909071
-0.053566 -0.336773 -2.759287
0.315117 0.270060 -5.788224
-0.062030 -0.231815 2.136809
0.284029 -0.345192 -1.549921
-0.219408 0.193704 5.327317
0.458650 -0.031810 0.392117
0.463415 -0.342339 -0.305639
0.161364 -0.452333 -3.309331
0.156054 0.348927 -0.914164
0.050763 -0.409121 -4.676791
-0.277133 -0.467099 -1.587593
0.198423 0.122154 2.438333
-0.043845 0.083781 -3.388572
-0.457404 0.135507 -5.697185
0.429475 0.319603 -1.907727
-0.384477 -0.351486 5.539632
0.426229 -0.246747 -2.248767
0.233596 -0.484190 0.764667
0.241388 0.309667 1.710620
-0.356043 0.183911 5.654701
-0.271423 -0.394806 -1.902964
-0.201034 -0.262742 -4.597697
-0.214427 0.291458 -3.854733
0.373885 -0.097224 6.109954
-0.028582 0.086846 -2.768978
0.165282 0.330367 0.778049
-0.089570 0.279919 6.105769
0.238763 0.443522 -4.336759
0.337856 -0.392927 4.776403
0.268702 -0.442200 2.541162
-0.061334 0.333842 4.443916
0.054181 0.056168 -2.663076
-0.299743 -0.451124 6.133906
-0.198213 -0.311587 -1.332959
0.086149 -0.312471 1.201222
-0.226536 0.011455 4.592402
0.422626 -0.069289 6.255274
0.226752 -0.406902 0.905498
-0.478853 0.205796 3.729562
0.441604 0.001740 5.108422
0.393232 -0.287172 -2.485263
-0.204169 0.393718 5.560145
0.217138 -0.348461 -4.731175
0.268432 -0.378779 -5.285322
-0.192409 0.330241 -3.370652
0.393675 -0.147905 3.418136
0.303296 0.467904 -2.433103
-0.326132 -0.397385 3.912250
0.406342 -0.385197 4.948590
-0.181548 0.260977 -0.540627
-0.046525 0.410799 -0.805758
-0.436213 -0.162942 -0.014188
0.455367 0.358171 -0.290255
0.441201 0.222528 5.720088
0.396031 0.486707 10.337154
-0.344120 -0.370699 -1.054843
-0.321490 -0.246041 5.303584
-0.003487 -0.198300 -1.878839
0.316094 -0.325357 1.949964
-0.184575 0.288993 -0.342249
-0.305815 -0.178264 -4.412320
0.147271 -0.147944 -3.510304
0.203287 -0.180462 4.332279
0.226077 -0.329066 0.769741
-0.497976 0.098644 -3.457550
-0.289680 0.427008 5.870497
0.164450 -0.035332 4.440417
0.080775 0.117955 2.634722
-0.326673 0.412208 -2.348259
-0.099206 0.196032 5.889093
-0.168242 -0.264599 2.059241
-0.396430 0.134494 0.815624
-0.073047 0.461046 -2.135523
-0.442732 -0.473241 -0.310205
-0.072417 0.306650 -0.609840
0.494000 0.275448 -2.808479
-0.094660 -0.378418 1.078205
0.074304 0.115032 4.711030
-0.315909 -0.068979 -5.131397
-0.282728 -0.024594 1.181757
0.111463 -0.144774 -2.860732
0.191050 -0.009969 0.686413
0.318735 -0.035495 0.090643
0.293493 -0.245853 1.399786
0.399346 0.124167 -2.567791
-0.322375 0.190824 -5.596256
-0.206128 0.285673 -1.200229
-0.293482 0.098379 6.119308
-0.188780 0.154020 -5.521405
0.441553 -0.282221 -4.991176
-0.437678 0.329764 -0.018554
-0.317388 0.051309 -4.646436
-0.177523 0.479487 5.367889
0.002510 0.346038 -5.614905
0.497721 0.043673 -2.575705
0.415061 0.407616 -5.092427
0.205582 -0.054575 3.910019
0.067311 0.323857 6.099392
0.339064 0.134427 1.522637
-0.420098 -0.230039 4.654437
0.328609 0.288946 0.452266
-0.300971 -0.220570 3.336267
0.425643 0.399071 -3.432724
-0.492970 0.418662 4.197331
0.438051 0.342315 2.107911
0.085909 0.161281 -2.871718
