-0.499862 -0.407807 4.471059
-0.495922 -0.295072 4.262577
-0.452900 -0.369468 4.508787
-0.465071 -0.425072 5.019872
-0.419277 -0.347531 3.439420
-0.497620 -0.313638 4.125543
-0.423593 -0.289424 4.371844
-0.459948 -0.329187 3.937798
-0.484490 -0.464654 -3.097993
-0.461436 -0.410310 4.317241
-0.493670 -0.365950 4.455860
-0.498871 -0.384906 -1.766634
-0.483954 -0.451435 5.709541
-0.491931 -0.442427 -2.242770
-0.471199 -0.307293 4.019525
-0.491243 -0.378167 4.913217
-0.464290 -0.371949 4.612939
-0.492003 -0.390385 4.609257
-0.487037 -0.358103 -1.001587
-0.496410 -0.422175 -2.257339
-0.495237 -0.429348 5.341778
-0.489657 -0.346033 -1.821781
-0.480518 -0.291747 4.308863
-0.483292 -0.435179 5.218976
-0.488330 -0.388133 3.818454
-0.499281 -0.278398 4.487145
-0.457742 -0.437431 4.824152
-0.496307 -0.394564 4.417826
-0.471238 -0.408624 4.695282
-0.495400 -0.374806 -1.778579
-0.489350 -0.363435 -1.285722
-0.498637 -0.327276 -0.612643
-0.497793 -0.376230 -3.075043
-0.470527 -0.406199 4.515708
-0.486442 -0.337971 4.607730
-0.478317 -0.455999 4.587730
-0.495204 -0.403328 3.762672
-0.431518 -0.332654 4.612219
-0.476642 -0.421652 4.939598
-0.477576 -0.341715 -1.147036
-0.453310 -0.372508 5.223944
-0.458823 -0.451063 5.294822
-0.498884 -0.394852 -2.395484
-0.469121 -0.406037 5.094044
-0.473389 -0.409206 4.684673
-0.484570 -0.329207 -1.237492
-0.470286 -0.394863 5.085584
-0.481724 -0.416067 5.359083
-0.437549 -0.466306 5.695560
-0.465063 -0.434583 5.227283
-0.491740 -0.393925 -2.120015
-0.475111 -0.460917 5.945090
0.286696 0.159037 -5.803951
-0.488983 -0.453145 -6.088914
-0.479905 -0.372624 -0.972164
-0.499482 -0.371921 4.309107
-0.492728 -0.318587 3.809903
-0.488785 -0.470535 -6.259167
-0.497765 -0.469938 -2.982677
-0.438193 -0.311515 3.792339
-0.477203 -0.437621 5.584094
-0.474855 -0.423571 -2.224613
-0.468780 -0.488913 0.588228
-0.470733 -0.368694 4.548214
-0.495179 -0.391250 -1.329210
-0.495631 -0.390266 -1.769141
-0.464137 -0.438900 5.673899
-0.496624 -0.367701 -1.208983
-0.443397 -0.386010 4.462445
-0.493829 -0.370757 -1.808701
-0.476180 -0.420120 -1.592250
-0.498331 -0.447182 6.166389
-0.474612 -0.479793 0.494878
-0.498720 -0.445135 -1.363131
-0.488300 -0.387874 4.870804
-0.482970 -0.339673 2.803023
-0.496032 -0.431796 -1.951234
-0.484218 -0.419886 -2.849574
-0.470297 -0.356669 4.995778
-0.484044 -0.404796 5.700272
-0.499786 -0.385706 5.136469
-0.462115 -0.303192 3.490923
-0.487055 -0.299920 4.983494
-0.455327 -0.337550 4.906225
-0.489370 -0.308826 -1.278522
-0.492510 -0.398637 5.928748
-0.473155 -0.397171 4.467944
-0.460165 -0.318313 4.488904
-0.473462 -0.407273 -1.977398
-0.455144 -0.451769 4.908027
-0.484748 -0.337347 3.806148
-0.493637 -0.382696 4.486611
-0.480060 -0.365675 5.326426
-0.478057 -0.458494 5.129059
-0.435368 -0.373260 3.252214
-0.499942 -0.384322 3.717616
-0.449388 -0.278883 3.699509
-0.484848 -0.319827 4.222069
-0.487675 -0.378559 5.347397
-0.465836 -0.409159 5.208492
-0.476861 -0.438368 9.191536
-0.485197 -0.429104 -1.994600
-0.406137 -0.319053 3.296936
-0.499464 -0.487503 -2.355423
-0.467582 -0.324259 4.317680
-0.456444 -0.252881 4.227106
-0.470351 -0.399176 5.275855
-0.487031 -0.284349 4.157320
-0.484998 -0.360014 4.690833
-0.477955 -0.495059 12.181628
-0.454932 -0.245202 4.119070
-0.491302 -0.398801 4.871657
-0.469380 -0.416156 4.865154
-0.463770 -0.463328 5.625912
-0.495890 -0.467479 5.919859
0.015547 0.156288 -1.496733
-0.489131 -0.387300 -2.275036
-0.479860 -0.387490 -1.572705
-0.488457 -0.343367 -0.717094
-0.482306 -0.439654 -2.526077
-0.477938 -0.350570 4.674545
-0.464700 -0.486216 0.548353
-0.497224 -0.299403 -1.264252
-0.431089 -0.322102 4.087819
-0.453517 -0.360849 5.277859
-0.492268 -0.332585 4.469135
-0.496176 -0.395310 -1.235986
-0.443647 -0.320752 4.867821
-0.453866 -0.444010 5.162134
-0.488450 -0.430254 4.357036
-0.485053 -0.352333 -1.257783
-0.468667 -0.373886 5.050441
-0.482581 -0.361759 -1.715548
-0.473762 -0.397584 5.221938
-0.478365 -0.334766 -1.666810
-0.462333 -0.350487 4.427809
-0.495941 -0.374662 3.960398
-0.461729 -0.372178 5.271156
-0.490129 -0.414817 -1.752993
-0.473939 -0.445653 -2.470934
-0.499600 -0.434810 5.047066
-0.469063 -0.306123 4.322001
-0.460224 -0.295676 4.122838
-0.459576 -0.355537 4.738060
-0.471470 -0.463137 6.103230
-0.426589 -0.295024 3.810337
-0.487781 -0.364633 4.061443
-0.474027 -0.327913 4.679175
-0.462152 -0.380872 4.185167
-0.482766 -0.407801 -1.921742
-0.497506 -0.414508 5.223957
-0.458092 -0.443018 5.402721
0.227719 -0.170289 -1.522614
-0.470665 -0.352965 4.268670
-0.453103 -0.297699 3.744963
-0.412003 -0.325423 4.316485
-0.454980 -0.295709 3.567881
-0.454193 -0.400934 5.159607
-0.479167 -0.392761 -1.398966
-0.468483 -0.342024 4.767099
0.048241 0.122371 -1.790597
-0.425084 -0.329376 4.734155
-0.460467 -0.441436 5.054769
-0.474421 -0.382095 3.697564
-0.466024 -0.373628 4.789896
-0.497062 -0.342395 4.104486
-0.486965 -0.289000 3.759066
-0.467872 -0.316037 4.332414
-0.468953 -0.357032 5.167669
-0.483424 -0.375210 4.424229
-0.485745 -0.409618 5.274025
-0.491967 -0.333160 4.645526
-0.489609 -0.368860 -1.302523
-0.486080 -0.398547 5.694969
-0.480165 -0.354972 -1.311586
-0.483794 -0.352359 4.623010
-0.494985 -0.454609 5.951762
-0.463700 -0.289668 3.334968
-0.463452 -0.456174 5.903738
-0.467472 -0.392923 4.190823
-0.472205 -0.388805 5.161351
-0.473682 -0.324706 4.074641
-0.478613 -0.339631 -1.226796
-0.481898 -0.354838 -1.875600
-0.487157 -0.311803 4.972416
-0.463457 -0.454406 6.081607
-0.449138 -0.321898 4.294521
-0.467705 -0.379196 4.500155
-0.488372 -0.368640 4.696712
-0.462339 -0.318658 4.050180
-0.463571 -0.379826 4.799849
-0.483310 -0.376767 5.316900
-0.436018 -0.302096 3.375449
-0.461276 -0.331287 3.786618
-0.458693 -0.315892 4.484788
-0.494629 -0.386114 -1.780606
-0.450552 -0.330302 4.704726
-0.480296 -0.464525 5.495544
-0.499611 -0.379298 -1.448073
-0.463142 -0.364505 4.192607
-0.410748 -0.347434 4.156412
-0.450194 -0.464124 6.153400
-0.499854 -0.385926 4.408550
-0.497930 -0.287825 -1.372519
-0.437774 -0.390861 4.829737
-0.493777 -0.357139 -2.154954
-0.473122 -0.418555 4.555880
-0.479674 -0.454225 4.751062
-0.457016 -0.447244 -6.235933
-0.457518 -0.351129 5.201238
-0.497352 -0.375125 4.595776
-0.493555 -0.448534 5.777646
-0.465417 -0.336288 4.349230
-0.474227 -0.324430 -1.563490
-0.477933 -0.349675 4.534149
-0.495963 -0.400036 -1.585245
-0.474272 -0.462389 5.744438
-0.406651 -0.342373 3.776254
-0.484486 -0.456228 -6.074787
-0.478983 -0.422021 -2.087075
-0.469228 -0.386715 4.580064
-0.461945 -0.435740 5.126015
-0.495481 -0.443512 5.991199
-0.467946 -0.330635 3.448667
-0.459603 -0.373619 4.803874
-0.489417 -0.407660 -2.297796
-0.488623 -0.400789 4.618430
-0.488867 -0.389811 -2.279395
-0.497925 -0.392857 -2.500441
-0.486139 -0.421969 -1.836829
-0.472261 -0.449678 5.887396
-0.442422 -0.354486 3.243243
-0.490341 -0.399492 -1.768086
-0.480052 -0.444001 -2.825077
-0.478413 -0.399647 -2.202636
-0.498222 -0.392138 -2.254581
-0.499666 -0.318260 4.076646
-0.482505 -0.464180 -6.262729
-0.499168 -0.494150 5.653373
-0.489670 -0.273386 4.700570
-0.496492 -0.422285 -2.269456
-0.494329 -0.378544 5.259657
-0.466897 -0.453674 4.693986
-0.479774 -0.483861 -2.265591
-0.487853 -0.449053 -2.815776
-0.474302 -0.361872 4.091384
-0.488763 -0.404777 -1.430956
-0.468878 -0.383605 5.711181
-0.465334 -0.412073 4.155830
-0.490665 -0.432850 -2.853044
-0.472098 -0.360554 5.139758
-0.491261 -0.461279 8.597471
-0.464149 -0.429754 4.925338
-0.475196 -0.401124 -1.777589
-0.443080 -0.413957 4.244663
-0.491371 -0.366439 -1.451491
-0.475518 -0.408652 -1.990825
-0.490204 -0.368544 4.864741
-0.488203 -0.357406 -0.792510
-0.499098 -0.359205 -1.126800
-0.471964 -0.477098 0.453743
-0.485596 -0.399590 3.752587
-0.491120 -0.367378 -1.245584
-0.486158 -0.314293 -1.394758
-0.483491 -0.343968 -1.136299
-0.457816 -0.424062 4.913744
-0.494610 -0.371062 -1.688785
-0.481243 -0.424055 4.834990
-0.490243 -0.354338 -1.484321
-0.474644 -0.470527 5.754915
-0.499970 -0.366326 -0.857416
-0.472543 -0.340325 -1.880514
-0.436755 -0.292055 4.179440
-0.485852 -0.396070 4.762659
-0.491467 -0.428144 4.819455
-0.496813 -0.350351 3.494007
-0.489145 -0.405987 5.083118
-0.474795 -0.458057 5.231701
-0.459150 -0.470633 5.298844
-0.442816 -0.344613 3.828517
-0.416153 -0.339170 4.746693
-0.498276 -0.459146 5.866660
-0.486641 -0.418500 5.182467
-0.483694 -0.314028 -1.354409
-0.482841 -0.374582 4.256947
-0.485739 -0.344807 5.126369
-0.465755 -0.362117 4.333752
-0.474999 -0.326758 4.682302
-0.474120 -0.387762 5.544496
-0.490218 -0.387127 5.047035
-0.422815 -0.358478 3.804522
-0.449972 -0.468200 5.007445
-0.481945 -0.437858 -2.032439
-0.485639 -0.292544 3.532161
-0.493456 -0.438246 5.784135
-0.463737 -0.346548 4.868827
-0.490569 -0.351362 4.891930
-0.475064 -0.359365 -0.420196
-0.471165 -0.392537 4.551117
-0.481230 -0.377316 -1.722994
-0.445836 -0.441166 5.656435
-0.492010 -0.400081 -1.851040
-0.463492 -0.432646 5.576890
-0.497422 -0.337795 -1.068568
-0.467329 -0.374719 4.499886
-0.439316 -0.380236 3.281912
-0.498438 -0.438865 5.071738
-0.477916 -0.469955 6.270464
-0.416073 -0.300430 4.407752
-0.475529 -0.379864 4.193024
-0.415228 -0.276808 4.129274
-0.492031 -0.481872 -6.180508
-0.453397 -0.332628 3.081463
-0.473014 -0.464861 5.349820
-0.474288 -0.380553 -1.736462
-0.455878 -0.327448 4.232342
-0.442975 -0.341281 4.143671
-0.481183 -0.366087 -1.694446
-0.445937 -0.318256 4.532961
-0.466733 -0.479579 12.180840
-0.470253 -0.365223 -1.575636
-0.499420 -0.384984 -1.152242
-0.481514 -0.324192 4.030635
-0.479754 -0.406839 5.386921
-0.484161 -0.428048 -1.658498
-0.491073 -0.407592 5.248190
-0.446397 -0.474076 12.392253
-0.496207 -0.351758 4.070056
-0.460214 -0.359226 4.294248
-0.446736 -0.435083 4.938816
-0.396889 -0.359596 4.399554
-0.493167 -0.464230 5.198131
-0.481553 -0.400188 -2.022124
-0.467444 -0.415668 5.652833
-0.462611 -0.368878 4.701120
-0.487941 -0.400234 -1.093382
-0.473714 -0.348303 4.020842
-0.488070 -0.335832 -2.014363
-0.497220 -0.372732 4.731986
-0.465776 -0.290250 4.520385
-0.498751 -0.412390 -2.265687
-0.470923 -0.432030 4.698307
-0.476752 -0.397576 5.061016
-0.466267 -0.434012 5.029939
-0.494962 -0.378850 4.418502
-0.487702 -0.377736 -2.170289
-0.489633 -0.375828 -1.290860
-0.483402 -0.257073 3.706102
-0.492861 -0.429764 4.622797
-0.440200 -0.304959 3.602420
-0.474127 -0.372378 4.687051
-0.494009 -0.420167 -1.705018
-0.468029 -0.309576 4.066466
-0.472047 -0.417796 -1.384703
-0.462696 -0.311070 3.777074
-0.447710 -0.306586 3.768039
-0.448121 -0.455717 5.717603
-0.426649 -0.347738 3.288052
-0.480054 -0.295228 4.927156
-0.494871 -0.381252 -1.102029
-0.454855 -0.390394 4.469040
-0.467426 -0.319218 4.455061
-0.442684 -0.366922 4.187146
-0.476463 -0.354400 4.200407
-0.486855 -0.363753 4.219132
-0.480863 -0.397731 -1.589206
-0.496862 -0.388780 5.682238
-0.464858 -0.405159 5.382097
-0.464438 -0.345507 4.870494
-0.498820 -0.454936 -1.917151
-0.481718 -0.370076 -1.888611
-0.496183 -0.441335 5.987736
-0.492774 -0.296242 -1.062437
-0.480192 -0.453509 5.814787
-0.468719 -0.329768 3.549380
-0.479244 -0.444151 5.935455
-0.486258 -0.386370 -1.741771
-0.427219 -0.320499 4.198008
-0.452224 -0.352325 5.135109
-0.499830 -0.445535 -2.991111
-0.480288 -0.375003 -1.634888
-0.498608 -0.357759 -0.736073
-0.444933 -0.342636 4.799660
-0.493937 -0.392454 -1.253027
-0.439884 -0.277049 4.071355
-0.497870 -0.407665 -1.938384
-0.437562 -0.311664 4.311319
-0.492746 -0.416479 -1.678283
-0.494605 -0.386336 -2.227587
-0.403802 -0.361375 4.076511
-0.446554 -0.370806 4.496100
-0.492194 -0.357731 -1.383422
-0.459468 -0.401569 4.868882
-0.478347 -0.288550 -1.660778
-0.469458 -0.358142 4.089577
-0.468473 -0.354141 4.359507
-0.442923 -0.376222 4.302441
-0.495940 -0.451025 9.297474
-0.497144 -0.465604 4.381452
-0.483164 -0.435408 5.923283
