-0.407178 -0.479588 -5.615152
-0.402940 -0.429871 -5.871254
-0.498052 -0.421925 -5.791589
-0.427830 -0.440231 -5.427700
-0.498208 -0.421998 -2.743806
-0.415762 -0.443458 -6.164170
-0.486968 -0.419846 8.936754
-0.499115 -0.476869 -5.940013
-0.407657 -0.445317 -5.788048
-0.429517 -0.488173 12.350489
-0.489984 -0.421741 9.149384
-0.457108 -0.403796 5.814996
-0.417538 -0.419824 -5.617330
-0.470714 -0.450417 6.168653
-0.438153 -0.437965 -5.675832
-0.499609 -0.397453 9.191070
-0.413198 -0.410113 -5.259595
-0.407168 -0.461325 -5.737687
-0.486393 -0.427054 9.357654
-0.428889 -0.417162 -5.705437
-0.442581 -0.498975 0.508126
-0.486256 -0.406843 8.551909
-0.404406 -0.434986 -5.798618
-0.414078 -0.497017 11.982798
-0.418171 -0.494280 6.260850
-0.411633 -0.471747 -5.908252
-0.431985 -0.451591 -5.613125
-0.479031 -0.428243 9.114947
-0.483129 -0.432049 8.901510
-0.436126 -0.430362 -5.971492
-0.492270 -0.477930 8.376301
-0.398113 -0.442266 6.187181
-0.421598 -0.392915 -5.789858
-0.414387 -0.420229 6.198632
-0.427271 -0.434111 -5.601938
-0.370553 -0.430569 3.090846
-0.497225 -0.453437 9.352176
-0.412192 -0.431767 -5.795878
-0.442158 -0.421601 -5.817384
-0.491247 -0.495771 8.941374
-0.434163 -0.495742 -5.601625
-0.442284 -0.443848 -5.359217
-0.395121 -0.467060 -5.984008
-0.494353 -0.410813 9.215566
-0.497999 -0.455346 8.771931
-0.497152 -0.425979 8.830629
-0.486682 -0.443171 9.047231
-0.435134 -0.447540 6.120575
-0.422601 -0.415672 -5.814016
-0.438147 -0.450655 -5.822497
-0.445548 -0.484574 -5.678297
-0.474511 -0.449605 9.364643
-0.416211 -0.451189 -6.111350
-0.423685 -0.451305 6.050704
-0.496331 -0.430177 8.877486
-0.479817 -0.455852 9.231253
-0.484386 -0.481475 8.921715
-0.415619 -0.449976 -6.027284
-0.484104 -0.455187 8.758791
-0.455892 -0.419666 -5.623561
-0.489685 -0.431774 -5.865666
-0.470373 -0.464909 -5.820123
-0.374118 -0.407119 5.856612
-0.391797 -0.477405 6.227497
-0.417204 -0.437796 -4.964841
-0.436460 -0.425104 -4.875483
-0.417607 -0.454288 -6.013314
-0.472900 -0.413900 -5.252318
-0.412138 -0.441570 -6.136300
-0.428682 -0.452616 -6.141159
-0.477193 -0.433247 9.076148
-0.492898 -0.389864 8.263022
-0.484849 -0.483265 9.034151
-0.431660 -0.452656 -6.271627
-0.478937 -0.432874 8.710549
-0.446754 -0.392168 -5.727886
-0.423592 -0.435301 -5.970768
-0.415526 -0.424707 -5.250436
-0.440743 -0.447326 5.907955
-0.499141 -0.447081 -5.384489
-0.422708 -0.425298 -6.177469
-0.497250 -0.434057 -4.924243
-0.438373 -0.421852 5.932256
-0.438304 -0.364584 6.080538
-0.482392 -0.443962 -2.918072
-0.422650 -0.397531 -5.047384
-0.407978 -0.440112 -5.898497
-0.483319 -0.414058 -2.191640
-0.497807 -0.428417 9.067044
-0.472920 -0.455573 8.747884
-0.426847 -0.403218 -5.895555
-0.492425 -0.399355 -5.531162
-0.407439 -0.492497 -5.227066
-0.443034 -0.426091 5.946045
-0.396762 -0.448051 -6.227071
-0.427740 -0.413534 -6.055250
-0.489482 -0.490055 -2.922181
-0.406524 -0.448211 -5.503661
-0.478203 -0.448663 8.565359
-0.445661 -0.456360 -6.119315
-0.423237 -0.435227 -5.685105
-0.425194 -0.395495 -6.089794
-0.499234 -0.461781 -2.624672
-0.389253 -0.469236 -5.573940
-0.478944 -0.440280 8.264482
-0.416869 -0.406466 -6.010905
-0.488836 -0.445892 9.285470
-0.410076 -0.486090 -5.494169
-0.416968 -0.445903 -5.245979
-0.467403 -0.439647 -5.249928
-0.426274 -0.423769 -5.268094
-0.496775 -0.466523 -2.985289
-0.451455 -0.448848 -6.059344
-0.432463 -0.420339 -5.472489
-0.440201 -0.417854 -5.917151
-0.442513 -0.425407 6.190194
-0.432601 -0.481932 -5.793884
-0.466484 -0.418919 -5.688292
-0.424311 -0.407631 6.091519
-0.453527 -0.404738 -6.161997
-0.497877 -0.442122 8.418607
-0.493961 -0.488086 8.788621
-0.496090 -0.428643 -5.916349
-0.483010 -0.432686 8.516595
-0.494859 -0.408659 9.370165
-0.446218 -0.430203 -5.629976
-0.426270 -0.418766 -5.650715
-0.447099 -0.411068 -5.777795
-0.498888 -0.420407 -5.805195
-0.481273 -0.446985 -3.077891
-0.417734 -0.436831 -6.236705
-0.480603 -0.412368 -2.934684
-0.432770 -0.446171 -5.713695
-0.384742 -0.473681 -6.023096
-0.499586 -0.486258 -2.067172
0.473177 -0.122887 1.007082
-0.487883 -0.416434 9.309920
-0.434370 -0.422952 -6.063619
-0.483959 -0.458188 -5.323192
-0.434728 -0.431418 -5.225295
-0.448616 -0.425344 -5.574059
-0.491297 -0.415021 8.249443
-0.491606 -0.396863 8.830518
-0.435521 -0.399982 -5.674069
-0.452605 -0.428196 -6.141250
-0.411884 -0.437014 -6.011026
-0.448995 -0.443116 -5.503135
-0.402510 -0.433267 -5.227072
-0.482345 -0.443158 8.625632
-0.411102 -0.410012 -5.132808
-0.440335 -0.399625 -4.989369
-0.491051 -0.453355 8.998580
-0.391215 -0.419748 -5.969155
-0.487322 -0.427964 8.779115
-0.424531 -0.449497 -5.591161
-0.449200 -0.424676 -5.074426
-0.490923 -0.497768 9.403458
-0.479862 -0.490395 8.924629
-0.441747 -0.404617 -5.012267
-0.414258 -0.404996 -5.789922
-0.329940 0.085984 -4.483794
-0.492646 -0.438823 -5.524996
-0.495769 -0.464341 8.608361
-0.433170 -0.443263 -6.003614
-0.390521 -0.448999 -5.588610
-0.487903 -0.445875 9.038484
-0.498515 -0.482478 -2.960904
-0.445581 -0.414664 -5.336202
-0.490000 -0.415195 5.416073
-0.442227 -0.422459 5.886718
-0.424619 -0.411961 -6.005605
-0.488531 -0.421815 8.497027
-0.432996 -0.437613 -6.049816
-0.453108 -0.467877 -5.449821
-0.410996 -0.398981 -6.164817
-0.431319 -0.425063 -6.150008
-0.400280 -0.449205 -5.331623
-0.419445 -0.413759 -5.846211
-0.412542 -0.420555 -5.888744
-0.422267 -0.413560 -5.503647
-0.387775 -0.495818 -5.826219
-0.424213 -0.487294 -5.284429
-0.441363 -0.440839 -5.355246
-0.476924 -0.494952 -2.616746
-0.485915 -0.438679 8.618287
-0.490507 -0.440866 8.233813
-0.408746 -0.444128 -6.260966
-0.422503 -0.390824 -5.721219
-0.426915 -0.433457 -5.930116
-0.465053 -0.421852 6.226358
-0.425488 -0.397516 -5.759457
-0.451877 -0.499054 5.973307
-0.494826 -0.407581 -5.857871
-0.392210 -0.421487 -5.680042
-0.474635 -0.442682 9.397939
-0.437835 -0.456655 -5.578058
-0.484335 -0.461721 9.148496
-0.431854 -0.417853 -6.245521
-0.418665 -0.424004 -6.061012
-0.425709 -0.432684 -5.660980
-0.406542 -0.419897 -5.287591
-0.437575 -0.422616 -5.472120
-0.428473 -0.464513 -6.258437
-0.495011 -0.402828 -2.787923
-0.491746 -0.435575 9.277065
-0.417866 -0.462337 -5.708780
-0.422211 -0.405967 -5.379937
-0.429049 -0.472619 -5.843045
-0.490277 -0.427844 9.058720
-0.474509 -0.446940 8.693815
-0.414798 -0.429559 -5.232902
-0.449025 -0.403041 -5.373283
-0.410997 -0.416401 -6.193327
-0.411402 -0.445924 -5.760155
-0.494609 -0.432973 -6.031578
-0.426897 -0.451500 6.260240
-0.401025 -0.414825 -5.424764
-0.446239 -0.446802 -5.179081
-0.408427 -0.428291 6.161647
-0.488989 -0.432761 -3.091353
-0.453745 -0.439411 -6.025097
-0.412414 -0.452376 -6.026751
-0.431690 -0.448455 6.085681
-0.479120 -0.438569 -4.743443
-0.412147 -0.438391 -5.129776
-0.409836 -0.415094 -5.929422
-0.425495 -0.425493 -5.770061
-0.497413 -0.433159 9.171249
-0.442894 -0.471118 -5.569969
-0.429458 -0.453100 -6.020192
-0.392083 -0.369627 6.018416
-0.448105 -0.433704 -5.606538
-0.390049 -0.461238 -5.713061
-0.407648 -0.437111 -5.836452
-0.439069 -0.495062 12.304937
-0.421772 -0.406845 -6.167056
-0.405534 -0.473484 -6.018690
-0.469235 -0.426180 -5.519379
-0.420756 -0.374349 -6.093788
-0.441620 -0.382950 -5.923793
-0.492214 -0.472345 -5.495140
-0.441737 -0.431714 -5.899574
-0.483283 -0.460108 -4.903677
-0.450997 -0.385557 -5.693511
-0.438578 -0.466193 -6.054180
-0.468924 -0.455108 -5.745803
-0.421643 -0.450037 -5.467193
-0.467362 -0.459378 -5.573422
-0.411384 -0.488424 0.110226
-0.423574 -0.433025 -5.236669
-0.475413 -0.437521 -5.668795
-0.396968 -0.405832 -6.193338
-0.469476 -0.450153 -6.030272
-0.497357 -0.434427 -5.924205
-0.494644 -0.417546 -2.880481
-0.416157 -0.425407 -5.114202
-0.498129 -0.410953 9.223958
-0.411993 -0.462394 -6.146524
-0.432193 -0.413261 -5.481828
-0.474259 -0.455412 8.348859
-0.467768 -0.424733 -6.088561
-0.483314 -0.475167 9.105406
-0.377243 -0.480523 -6.097013
-0.448158 -0.395409 -5.715581
-0.428837 -0.400221 -5.807737
-0.398664 -0.447062 -5.439719
-0.448061 -0.415343 -5.871236
-0.410363 -0.466640 -5.357076
-0.456758 -0.430685 -4.906556
-0.429565 -0.404171 -5.789063
-0.413504 -0.493056 12.425411
-0.425100 -0.477620 -5.360380
-0.413683 -0.437781 -5.273010
-0.493526 -0.430240 8.778937
-0.446517 -0.403054 -5.660143
-0.495376 -0.407210 8.984985
-0.448409 -0.407882 -6.108971
-0.441767 -0.404262 -5.916711
-0.447949 -0.499060 -5.776820
-0.480270 -0.388221 -5.704611
-0.433609 -0.430661 -5.758485
-0.438090 -0.473596 12.371666
-0.400262 -0.425433 -5.580676
-0.499108 -0.429590 -5.346383
-0.411338 -0.494610 5.970624
-0.478167 -0.405255 8.425817
-0.438336 -0.406732 -5.858713
-0.400815 -0.497839 10.764420
-0.417189 -0.442963 -5.816936
-0.436392 -0.499500 -5.556779
-0.421491 -0.470063 -5.930774
-0.433318 -0.421132 -6.155613
-0.459903 0.483448 11.593820
-0.424726 -0.446955 -5.157113
-0.430699 -0.411514 -5.751476
-0.405068 -0.424771 -5.578353
-0.429856 -0.490225 6.036081
-0.441696 -0.418306 -5.180470
-0.491043 -0.420067 -6.068197
-0.478533 -0.442610 8.868048
-0.419289 -0.480542 -4.933606
-0.492418 -0.445528 8.597296
-0.440602 -0.411323 -6.076322
-0.441026 -0.463715 5.843185
-0.421613 -0.430965 -5.247022
-0.480580 -0.424460 9.137445
-0.449552 -0.396673 -5.662426
-0.479494 -0.445893 8.940132
-0.408163 -0.424246 -6.044042
-0.396907 -0.442791 -5.534662
-0.421389 -0.464067 -6.012681
-0.490033 -0.471354 9.008955
-0.461818 -0.404015 5.469132
-0.482807 -0.430738 8.709235
-0.495857 -0.433127 9.027365
-0.422388 -0.454623 -5.554225
-0.410500 -0.447246 -6.105177
-0.489695 -0.462309 8.241232
-0.424041 -0.461747 -6.068422
-0.421193 -0.423602 6.132474
-0.495641 -0.456122 8.451264
-0.420323 -0.438945 -5.590265
-0.473465 -0.423650 8.956781
-0.494939 -0.415583 9.066088
-0.475454 -0.435670 -2.491163
-0.438138 -0.448841 -6.180950
-0.418703 -0.424116 -6.099682
-0.408668 -0.435274 6.024399
-0.422791 -0.400579 -5.156005
-0.404852 -0.496030 11.322746
-0.436164 -0.479552 -5.241785
-0.414803 -0.430421 -4.953689
-0.415978 -0.432550 -6.124107
-0.429658 -0.383143 -5.891062
-0.414088 -0.427828 -6.050968
-0.484106 -0.499645 -2.432214
-0.438977 -0.475888 0.036131
-0.479063 -0.408677 -5.559120
-0.431313 -0.491145 0.041216
-0.490336 -0.400279 9.395930
-0.484996 -0.423682 9.017814
-0.488761 -0.460946 -5.599215
-0.430365 -0.420320 -4.421986
-0.411506 -0.435526 -5.269842
-0.414508 -0.418895 -5.829903
-0.451234 -0.401922 6.243132
-0.488000 -0.430316 8.781799
-0.435076 -0.425202 -5.182482
-0.409159 -0.478298 -6.109477
-0.403188 -0.427079 -5.315348
-0.427649 -0.450448 -5.648528
-0.390137 -0.449797 -5.747796
-0.431325 -0.424816 -5.860907
-0.382863 -0.413502 -5.941904
-0.483488 -0.489672 -2.945199
-0.390341 -0.443141 -5.369897
-0.497629 -0.406502 -6.201484
-0.400389 -0.421808 -6.160516
-0.445565 -0.498741 -6.214537
-0.434137 -0.482600 -6.128924
-0.418421 -0.496353 -5.758129
-0.457588 -0.391182 -5.509556
-0.451349 -0.443919 -5.719788
-0.413182 -0.434292 -5.956810
-0.413048 -0.471746 -5.914891
-0.425335 -0.428628 -5.608213
-0.384055 -0.467453 6.221410
-0.493288 -0.450687 9.075389
-0.456611 -0.412122 -5.385040
-0.417145 -0.452461 -6.196665
-0.431127 -0.394049 -5.158629
-0.487825 -0.413889 8.393601
-0.490365 -0.433119 -6.203850
-0.391348 -0.465312 -5.622564
-0.427306 -0.397616 -5.871407
-0.432505 -0.404929 -5.787692
-0.419521 -0.416989 5.970430
-0.453086 -0.416381 -5.050033
-0.405549 -0.409840 -5.498848
-0.425728 -0.499005 11.564921
-0.442282 -0.392246 -5.246359
-0.495808 -0.468618 8.418187
-0.453248 -0.424063 -6.029150
-0.447031 -0.498788 -5.338486
-0.413000 -0.432397 6.156608
-0.425211 -0.395288 6.056566
-0.410300 -0.439735 -6.124273
-0.496077 -0.468698 9.195203
-0.436952 -0.451220 -4.634876
-0.443036 -0.401642 -5.271000
-0.411876 -0.465288 -5.316094
-0.395678 -0.472682 6.028767
-0.490886 -0.434157 -3.139890
-0.436924 -0.412234 -5.378945
-0.429096 -0.454321 -5.344339
-0.409937 -0.436135 -4.955883
-0.491475 -0.428742 -2.737096
-0.450919 -0.385120 -5.956244
-0.485635 -0.439109 8.606011
-0.497348 -0.462757 -5.356182
