-0.393270 -0.442264 3.971905
-0.431975 -0.450491 3.866625
-0.401658 -0.447011 4.091072
-0.423601 -0.454222 4.193206
-0.429188 -0.460480 4.364280
-0.431388 -0.454564 4.417604
-0.399541 -0.441894 3.986432
-0.406630 -0.471213 4.735127
-0.391730 -0.443321 4.224843
-0.340329 -0.443424 4.248914
-0.290497 -0.447495 4.361491
-0.419175 -0.437064 4.359327
-0.375255 -0.437034 3.621378
-0.418691 -0.482563 1.753320
-0.395723 -0.448874 3.753930
-0.347597 -0.456502 3.389639
-0.378346 -0.447208 4.084135
-0.471663 -0.458224 4.453802
-0.388349 -0.481867 2.693986
-0.326086 -0.467078 3.592884
-0.405846 -0.430554 3.690508
-0.410915 -0.477814 3.920239
-0.353986 -0.457135 4.910383
-0.402139 -0.460126 4.339258
-0.389998 -0.430907 4.990212
-0.496509 -0.424960 4.322818
-0.355280 -0.443790 4.117827
-0.384209 -0.427964 3.721611
-0.343049 -0.449410 4.426159
-0.350244 -0.487554 2.011857
-0.442490 -0.435810 4.525160
-0.398925 -0.427960 3.601997
-0.472849 -0.473315 2.082249
-0.364054 -0.470586 3.477551
-0.372175 -0.459574 5.022049
-0.359754 -0.485182 2.482986
-0.437047 -0.478282 2.428628
-0.366913 -0.477282 2.621532
-0.420996 -0.447367 4.207382
-0.233871 -0.428072 3.896290
-0.368506 -0.457762 4.411815
-0.418648 -0.478852 2.059021
-0.483691 -0.454236 4.538300
-0.384584 -0.479191 1.750003
-0.369002 -0.459755 3.379138
-0.378768 -0.478825 3.836640
-0.475148 -0.442629 4.687922
-0.332989 -0.456672 4.463145
-0.421036 -0.455026 4.490986
-0.412253 -0.460788 4.222365
-0.473907 -0.442192 4.106135
-0.391346 -0.433262 3.533877
-0.459989 -0.440004 3.437796
-0.440913 -0.437795 3.428924
-0.423190 -0.440900 4.462302
-0.271076 -0.413004 4.745688
-0.442275 -0.451102 3.904535
-0.448199 -0.468721 3.755616
-0.386880 -0.437925 4.803868
-0.265465 -0.459552 4.365978
-0.335929 -0.467838 4.656416
-0.374685 -0.479636 3.149171
-0.383992 -0.426182 3.929979
-0.428292 -0.454949 4.532098
-0.422980 -0.435402 3.779431
-0.394171 -0.442970 4.750012
-0.397291 -0.467573 4.132923
-0.398722 -0.490246 1.789089
-0.478799 -0.449074 3.807687
-0.419339 -0.446167 4.628903
-0.411240 -0.463103 4.464615
-0.365429 -0.448941 3.880533
-0.349266 -0.440033 3.323853
-0.456689 -0.487996 4.009446
-0.324542 -0.427379 3.470265
-0.410835 -0.464384 4.132148
-0.381816 -0.457594 4.554745
-0.390775 -0.436507 4.629527
-0.407595 -0.467242 4.255077
-0.480965 -0.446297 3.184963
-0.416661 -0.473142 4.457744
-0.390380 -0.485500 2.713933
-0.447559 -0.448160 4.282035
-0.422101 -0.478290 2.144645
-0.430670 -0.495606 1.783962
-0.452290 -0.455049 4.352434
-0.407811 -0.440794 4.085730
-0.419188 -0.424750 4.178605
-0.418226 -0.422917 4.188714
-0.353889 -0.452029 3.805544
-0.428190 -0.434017 4.230957
-0.396548 -0.412320 4.328328
-0.449160 -0.470919 4.094741
-0.372227 -0.455366 4.621005
-0.375940 -0.488653 2.396882
-0.433088 -0.467786 3.794565
-0.472989 -0.435802 4.612961
-0.427998 -0.466574 4.016772
-0.359213 -0.444269 3.462677
-0.430976 -0.437919 4.520520
-0.382712 -0.475322 4.360459
-0.460599 -0.438937 3.535361
-0.371528 -0.454087 3.701056
-0.381984 -0.455406 3.800938
-0.384933 -0.439194 3.795853
-0.412075 -0.462115 4.102767
-0.421277 -0.464055 4.954567
-0.372855 -0.461313 4.104890
-0.399526 -0.435760 4.100812
-0.395937 -0.457170 3.148333
-0.375225 -0.441037 3.588633
-0.421603 -0.469109 4.912093
-0.386702 -0.464510 4.199825
-0.277769 -0.421790 4.406016
-0.432266 -0.432465 3.510204
-0.352502 -0.432032 3.941174
-0.460303 -0.441837 4.528900
-0.361504 -0.464644 4.527541
-0.445718 -0.460661 4.293972
-0.461612 -0.448743 4.370496
-0.393085 -0.464493 3.378230
-0.416296 -0.467550 3.737219
-0.324764 -0.402330 3.234877
-0.356723 -0.448361 4.302277
-0.430947 -0.476390 3.940313
-0.384079 -0.451259 3.749454
-0.370708 -0.456764 4.254105
-0.355803 -0.460649 4.211233
-0.293584 -0.448208 4.163529
-0.447232 -0.439177 4.495778
-0.469873 -0.465642 4.377089
-0.381249 -0.437431 3.908709
-0.415511 -0.449684 4.313903
-0.348312 -0.416863 4.074730
-0.375025 -0.471299 4.377943
-0.496376 0.240519 -5.478365
-0.475289 0.229076 -5.531091
-0.409124 -0.462807 4.502718
-0.397946 -0.455935 4.313548
-0.405588 -0.461823 4.218776
-0.386392 -0.462936 4.079643
-0.400537 -0.478421 2.318924
-0.351786 -0.425745 3.556871
-0.451392 -0.418177 3.982561
-0.400440 -0.483290 1.939814
-0.420728 -0.442201 4.054185
-0.407954 -0.457549 5.721839
-0.382700 -0.477041 1.648198
-0.450120 -0.427007 4.308135
-0.407748 -0.453232 3.954895
-0.255589 0.446806 4.037631
-0.415081 -0.431178 3.986267
-0.410442 -0.443202 4.802165
-0.405607 -0.441629 4.918777
-0.405646 -0.428907 4.246775
-0.450081 -0.401850 4.154342
-0.383960 -0.488762 2.505311
-0.344402 -0.462810 3.700454
-0.435321 -0.450243 4.434145
-0.421813 -0.443816 3.968616
-0.408557 -0.461541 4.779856
-0.344016 -0.448729 3.903744
-0.395737 -0.453268 4.001191
-0.476261 -0.470248 4.921732
-0.361060 -0.464300 4.831544
-0.457580 -0.446128 4.538111
-0.419574 -0.420190 4.135389
-0.479062 -0.445342 4.275118
-0.426687 -0.473010 3.687456
-0.388285 -0.464181 4.187224
-0.455980 -0.448780 4.081469
-0.380606 -0.466681 3.941003
-0.385494 -0.466164 4.162748
-0.420297 -0.483202 2.761174
-0.380476 -0.452984 4.611353
-0.441768 -0.484300 2.143015
-0.279969 -0.478442 2.626359
-0.359500 -0.461178 4.004977
-0.455004 -0.421387 4.254984
-0.347425 -0.476808 1.596602
-0.326177 -0.452086 4.964620
-0.471944 0.228815 5.953333
-0.395724 -0.457056 3.637256
-0.409725 -0.440338 3.478454
-0.390056 -0.434897 4.636225
-0.371602 -0.422193 4.219702
-0.374439 -0.426706 4.161647
-0.449516 -0.448614 4.314408
-0.339185 -0.442288 4.427324
-0.399067 -0.463703 3.659321
-0.429735 -0.436860 4.222716
-0.352645 -0.450206 4.702255
-0.399689 -0.447403 4.797552
-0.478805 -0.492118 2.275002
-0.412589 -0.479613 2.776203
-0.399128 -0.434246 3.928743
-0.371585 -0.460226 3.516844
-0.425361 -0.416945 4.568582
-0.400188 -0.428849 4.444269
-0.491091 -0.482415 -0.706910
-0.493448 0.247058 9.102997
-0.365331 -0.462086 3.828421
-0.439912 -0.465147 4.523739
-0.441297 -0.412578 4.429978
-0.384095 -0.467700 3.488409
-0.445269 -0.456105 4.735266
-0.328851 -0.433873 3.293177
-0.438907 -0.447785 4.028855
-0.443797 -0.491288 1.848830
-0.357886 -0.465213 4.218727
-0.329042 -0.446883 4.099826
-0.348463 -0.479725 2.747642
-0.455248 -0.448193 4.537460
-0.386460 -0.456096 4.614748
-0.443215 -0.484704 1.975795
-0.398362 -0.457272 3.913461
-0.339931 -0.430254 4.936153
-0.396965 -0.437514 3.875038
-0.387678 -0.454577 3.309894
-0.386910 -0.469765 4.206268
-0.436661 -0.467357 4.302248
-0.440513 -0.470286 4.883904
-0.423604 -0.478343 1.494128
-0.354346 -0.494858 1.873370
-0.464948 -0.431722 4.775986
-0.421297 -0.435861 5.616806
-0.386739 -0.423316 4.378483
-0.385336 -0.476168 1.903022
-0.459614 -0.472188 3.571035
-0.433051 -0.464004 4.619939
-0.310477 -0.452874 3.778097
-0.455398 -0.476285 3.907093
-0.319516 -0.443011 3.593230
-0.460518 -0.435356 4.256734
-0.408673 -0.473855 4.128699
-0.408833 -0.440472 4.189191
-0.250254 -0.376626 4.644725
-0.436213 -0.446200 3.788525
-0.426011 -0.428681 5.110071
-0.350527 -0.467086 3.962722
-0.462224 -0.431366 3.584624
-0.421665 -0.450043 3.509079
-0.417821 -0.434397 3.899381
-0.405066 -0.432427 4.563214
-0.463931 -0.474896 4.149444
-0.422615 -0.460334 3.895343
-0.374691 -0.464171 4.205780
-0.348452 -0.431333 4.178647
-0.447420 -0.473613 1.945248
-0.393411 -0.437433 3.821637
-0.438394 -0.440400 3.523293
-0.384764 -0.459650 4.373713
-0.452981 -0.449892 4.625240
-0.458684 -0.448596 4.271524
-0.425857 -0.462849 4.184647
-0.397546 -0.443799 5.047273
-0.415415 -0.441954 4.138819
-0.414449 -0.455879 4.207421
-0.360401 -0.477793 2.056954
-0.378860 -0.481891 1.884580
-0.494468 -0.472338 4.241187
-0.366474 -0.464099 3.923153
-0.382760 -0.473152 3.921425
-0.355769 -0.443983 4.373402
-0.363425 -0.446940 4.985312
-0.493307 -0.422453 4.467830
-0.364132 -0.459316 4.434697
-0.362329 -0.428909 3.847802
-0.439955 -0.455146 5.195426
-0.390922 -0.492147 1.348674
-0.438973 -0.468391 4.702208
-0.373311 -0.426942 4.382606
-0.364851 -0.466432 3.769461
-0.415642 -0.424541 4.125807
-0.346335 -0.450436 3.759300
-0.422606 -0.449999 4.224397
-0.353816 -0.449433 3.988618
-0.415703 -0.449542 3.186301
-0.480454 -0.448330 4.325705
-0.398907 -0.496715 1.776582
-0.409831 -0.445605 4.092583
-0.381355 -0.469883 4.124938
-0.383141 -0.428570 3.560433
-0.337302 -0.467357 3.132043
-0.409428 -0.470387 4.701857
-0.358275 -0.422675 3.692850
-0.344247 -0.466555 3.576181
-0.440575 -0.449821 4.191782
-0.350279 -0.498577 2.186016
-0.372546 -0.452480 4.322551
-0.437064 -0.464555 3.631124
-0.415043 -0.436490 4.333223
-0.440122 0.206769 -5.116131
-0.381424 -0.435100 4.407903
-0.420119 -0.457573 5.031993
-0.467116 -0.455557 3.694317
-0.405191 -0.422782 3.650931
-0.385231 -0.456629 3.580177
-0.448013 -0.421054 4.235960
-0.364316 -0.443391 3.816913
-0.371340 -0.453024 3.450286
-0.327917 -0.461648 3.946357
-0.398440 -0.450400 4.013676
-0.401168 -0.458320 3.357492
-0.405087 -0.476285 2.529244
-0.434920 -0.450351 4.363423
-0.355163 -0.425899 3.732358
-0.393850 -0.448232 4.095420
-0.496651 -0.472731 -0.987629
-0.357823 -0.428204 4.058083
-0.392841 -0.439115 3.791608
-0.394502 -0.477926 2.003677
-0.043053 0.378832 -3.196088
-0.373567 -0.470129 2.894581
-0.423872 -0.469690 3.796526
-0.426063 -0.437797 4.443554
-0.387814 -0.458745 4.132945
-0.412170 -0.486150 2.453417
-0.382778 -0.447606 4.050290
-0.493561 -0.455495 4.516338
-0.382211 -0.430675 3.300132
0.341848 0.121844 -2.701926
-0.200956 -0.450375 5.002068
-0.373685 -0.457240 4.884334
-0.323810 -0.469180 4.573619
-0.431928 -0.465643 4.300789
-0.442048 -0.484602 1.952693
-0.472718 -0.469786 4.925540
-0.432772 -0.449327 5.102063
-0.437451 -0.437836 4.009889
-0.410367 -0.463896 3.818951
-0.355985 -0.438461 4.055767
-0.396898 -0.469210 4.774451
-0.323115 -0.485590 1.731607
-0.376137 -0.446947 4.245563
-0.359175 -0.449777 4.174118
-0.497638 -0.466742 -1.477985
-0.358198 -0.441983 4.039019
-0.418229 -0.420923 4.593382
-0.427189 -0.445323 4.496850
-0.318942 -0.460179 3.457943
-0.408991 -0.449550 3.877576
-0.353542 -0.483515 2.256413
-0.428994 -0.466407 4.258483
-0.415569 -0.451377 3.402884
-0.447167 -0.483247 4.397545
-0.391345 -0.480942 2.830328
-0.390757 -0.450131 3.741699
-0.408782 -0.459772 4.435273
-0.369901 -0.464190 4.314902
-0.391800 -0.453385 4.125457
-0.411868 -0.470541 3.390940
-0.364075 -0.456412 4.097176
-0.361337 -0.436045 3.396296
-0.395398 -0.481876 1.809616
-0.419688 -0.408255 4.119757
-0.405944 -0.429332 4.700409
-0.354564 -0.455983 3.861405
-0.476928 -0.470983 2.516935
-0.367475 -0.462800 3.811415
-0.383677 -0.475992 4.436368
-0.367879 -0.463655 4.421367
-0.379953 -0.456689 4.574925
-0.415106 -0.472430 2.322965
-0.380081 -0.413715 3.719239
-0.328243 -0.446189 3.943106
-0.349462 -0.469179 4.458906
-0.444303 -0.473308 2.797676
-0.383484 -0.441124 3.391459
-0.155185 -0.414925 -2.043193
-0.433861 -0.405886 4.071754
-0.391953 -0.461417 4.050173
-0.437562 -0.423258 3.565582
-0.453353 -0.443974 4.214012
-0.393390 -0.459736 4.939732
-0.407870 -0.480044 0.952672
-0.403045 -0.474781 2.382875
-0.351570 -0.478833 1.388849
-0.421903 -0.478315 3.862436
-0.433715 -0.458554 3.951457
-0.460171 -0.449139 3.551260
-0.359199 -0.450831 4.654816
-0.468436 -0.446211 4.289132
-0.458209 -0.462628 4.168998
-0.367176 -0.477139 3.917727
-0.425932 -0.432748 3.737775
-0.370377 -0.410002 3.619208
-0.450138 -0.452224 5.567352
-0.395091 -0.442880 5.157488
-0.448404 -0.469657 4.750043
-0.390799 -0.465950 3.780771
-0.341588 -0.443060 3.708449
-0.373437 -0.447791 3.799038
-0.388996 -0.460600 3.840504
-0.450065 -0.421248 3.442517
-0.457410 -0.457400 4.249064
-0.387597 -0.435654 4.188362
-0.365080 -0.433826 3.104370
-0.366524 -0.477311 3.404108
-0.447572 -0.451594 5.075908
