-0.358551 -0.450554 4.417458
-0.453126 -0.446971 5.102458
-0.323261 -0.471025 4.454106
-0.398153 -0.447296 4.757055
-0.350731 -0.458076 5.490160
-0.496194 -0.454699 -2.175413
-0.460470 -0.454968 5.546903
-0.407161 -0.450226 5.731906
-0.490685 -0.461133 -2.844468
-0.445141 -0.471726 0.647968
-0.344096 -0.457645 4.938185
-0.394911 -0.477190 0.642057
-0.411565 -0.495330 5.543931
-0.417104 -0.490807 1.807192
-0.382448 -0.447208 6.061609
-0.358114 -0.462305 4.559830
-0.322931 -0.464838 4.016791
-0.475533 -0.471950 12.175131
-0.436914 -0.460223 5.428443
-0.420855 -0.424056 5.128342
-0.404569 -0.465425 5.262224
-0.464222 -0.479235 0.548901
-0.338845 -0.443517 4.709996
-0.357329 -0.444002 4.959081
-0.427325 -0.468521 5.896461
-0.458117 -0.450107 5.691660
-0.319509 -0.432101 5.426658
-0.474765 -0.479478 12.423062
-0.339298 -0.437677 4.865988
-0.487405 -0.465746 -3.033925
-0.386586 -0.495650 0.570515
-0.412047 -0.487508 1.124942
-0.339643 -0.491377 4.617398
-0.418355 -0.432538 5.798808
-0.426723 -0.496426 0.740698
-0.475169 -0.458776 5.111137
-0.468449 -0.481978 1.075123
-0.487596 -0.437440 -3.053394
-0.416539 -0.431986 5.412875
-0.415325 -0.422183 5.386686
-0.422666 -0.465671 -6.210331
-0.404672 -0.444430 5.212781
-0.402499 -0.441256 5.012682
-0.388624 -0.470892 5.270757
-0.334436 -0.464365 4.685568
-0.494887 -0.413368 -1.681812
-0.482847 -0.489567 6.039039
-0.430335 -0.427612 5.597198
-0.495769 -0.412318 -2.512130
-0.312391 -0.424057 4.404568
-0.457687 -0.445973 4.640191
-0.445526 -0.468598 5.431429
-0.467326 -0.450806 5.633243
-0.366950 -0.425081 4.218531
-0.371242 -0.448162 4.581017
-0.368505 -0.455386 4.769400
-0.384071 -0.485481 1.880915
-0.444873 -0.435384 5.127462
-0.374916 -0.495800 0.947642
-0.387624 -0.434980 4.418576
-0.494295 -0.449955 -2.671971
-0.420351 -0.438280 4.562031
-0.443193 -0.419148 5.284228
-0.412372 -0.465487 5.418648
-0.400377 -0.451323 6.058236
-0.310902 -0.446932 5.111921
-0.474461 -0.421221 4.831874
-0.376532 -0.443507 4.946684
-0.418270 -0.438988 5.674707
-0.468300 -0.495142 0.537365
-0.335491 -0.485701 1.429028
-0.358638 -0.452040 5.277836
-0.416687 -0.445398 6.193014
-0.411411 -0.476926 1.424621
-0.369056 -0.498463 1.928703
-0.428455 -0.445659 -6.227234
-0.434148 -0.469096 5.894770
-0.480560 -0.458372 6.108643
-0.497327 -0.472938 -2.445602
-0.372713 -0.438914 4.746767
-0.438204 -0.473856 5.753037
-0.449550 -0.438237 4.935239
-0.337868 -0.490526 1.232944
-0.432379 -0.473598 5.967586
-0.380931 -0.454111 4.770999
-0.455160 -0.494556 1.474503
-0.427288 -0.467151 6.083173
-0.399420 -0.446981 4.806330
-0.368538 -0.440250 4.735387
-0.404611 -0.472428 5.573562
-0.385363 -0.442268 5.905881
-0.466466 -0.452239 5.461675
-0.333596 -0.491650 0.942212
-0.418186 -0.471971 5.358966
-0.407822 -0.466528 5.052882
-0.452118 -0.472368 1.027444
-0.421621 -0.428683 5.032558
-0.331566 -0.426837 5.296106
-0.344408 -0.443535 4.766879
-0.490543 -0.490511 8.936424
-0.448971 -0.480382 0.755859
-0.401722 -0.434388 5.032016
-0.367490 -0.456057 5.469280
-0.363633 -0.443040 3.988715
-0.392273 -0.495020 5.139214
-0.379759 -0.474076 5.229045
-0.469470 -0.444786 -6.145817
-0.386489 -0.465706 5.181019
-0.368004 -0.467091 4.639745
-0.423758 -0.455283 4.617586
-0.492678 -0.481636 -1.847798
-0.432817 -0.463272 5.563739
-0.267641 -0.475226 3.701772
-0.486964 -0.478257 0.335909
-0.369728 -0.441710 4.919584
-0.336670 -0.467464 4.604496
-0.336944 -0.460561 5.317591
-0.343757 -0.497099 4.644100
-0.423025 -0.448505 5.634119
-0.398753 -0.474366 0.649100
-0.388357 -0.453818 4.646194
-0.317896 -0.465513 4.666597
-0.491598 -0.438908 6.036614
-0.436784 -0.482342 0.948947
-0.375349 -0.455736 5.036917
-0.384035 -0.473315 0.855716
-0.379442 -0.474033 4.585794
-0.293581 -0.458868 4.977404
-0.356861 -0.428206 4.693001
-0.467447 -0.463975 5.297718
-0.477589 -0.452222 5.430597
-0.360069 -0.459069 6.123716
-0.453487 -0.441361 5.639748
-0.383877 -0.444715 5.853683
-0.441036 -0.429097 6.023360
-0.439294 0.238882 4.949941
-0.481783 0.249501 5.083492
-0.370185 -0.485607 0.435604
-0.386422 -0.474375 1.157242
-0.486154 -0.449650 5.255117
-0.397064 -0.437281 5.410369
-0.359378 -0.479800 5.343503
-0.326005 -0.425756 4.969214
-0.438273 -0.494509 0.733638
-0.452189 -0.458108 5.241874
-0.413934 -0.459112 5.403942
-0.435763 -0.486706 1.357143
-0.367624 -0.445084 4.993501
-0.425905 -0.481327 0.155448
-0.460481 -0.472963 0.402980
-0.337316 -0.442063 4.198860
-0.374345 -0.452915 4.997365
-0.446157 -0.454041 5.351655
-0.462912 -0.428141 5.627725
-0.438653 -0.457729 5.237871
-0.379034 -0.462082 5.319984
-0.405505 -0.465512 5.339506
-0.498463 -0.421613 -2.384506
-0.395394 -0.436222 5.459378
-0.409011 -0.481625 0.596546
-0.481810 0.285333 5.319867
-0.492641 -0.468062 5.841844
-0.420775 -0.457447 5.137460
-0.401264 -0.418457 6.182814
-0.372734 -0.450170 4.812563
-0.388687 -0.453159 5.168065
-0.317059 -0.442485 4.257933
-0.437277 -0.439962 4.963622
-0.442758 -0.462817 4.661066
-0.427286 -0.402881 5.287424
-0.481313 -0.452083 5.427212
-0.445668 -0.454749 5.254910
-0.494822 -0.432556 5.623982
-0.451427 -0.438634 5.700580
-0.394584 -0.481123 5.108705
-0.380008 -0.480470 5.372785
-0.476092 -0.451976 5.881263
-0.363356 -0.463700 5.276788
-0.414652 -0.497382 0.814326
-0.418811 -0.454973 5.398878
-0.321861 -0.457925 5.360319
-0.498140 0.274495 5.785482
-0.389939 -0.441374 4.768474
-0.396164 -0.438318 5.596720
-0.496627 -0.465963 -2.689461
-0.470471 -0.453268 6.077119
-0.400116 -0.488862 1.468231
-0.423024 -0.466078 5.265505
-0.408249 -0.474770 12.458772
-0.489836 -0.459431 5.350505
-0.450785 -0.467046 5.626590
-0.491052 -0.452850 -2.981775
-0.370014 -0.472527 1.406850
-0.490510 -0.453085 5.027382
-0.293841 -0.468005 3.926773
-0.387826 -0.422096 4.888014
-0.306947 -0.416341 4.956686
-0.460805 -0.467306 5.565770
-0.403293 -0.467434 5.003577
-0.425085 -0.425966 5.393925
-0.459178 0.257987 4.977874
-0.418931 -0.487919 1.249170
-0.385115 -0.492027 0.264367
-0.379215 -0.466945 5.220571
-0.336739 -0.496115 1.284567
-0.388487 -0.468470 5.144225
-0.438482 -0.450447 5.556608
-0.450288 -0.448020 5.861350
-0.353929 -0.466907 4.216774
-0.477511 -0.439584 -2.755868
-0.391888 -0.473801 1.024552
-0.430749 -0.466735 5.691539
-0.466149 -0.457782 5.259067
-0.421264 -0.460318 5.978082
-0.396408 -0.478668 1.381702
-0.389656 -0.484323 5.441236
-0.351663 -0.460388 5.249482
-0.397098 -0.452123 5.779001
-0.395210 -0.443986 5.827037
-0.396174 -0.444205 5.676178
-0.403526 -0.463685 5.829522
-0.450213 -0.479738 1.200835
-0.410281 -0.445266 5.233280
-0.446615 -0.465561 4.872777
-0.327866 -0.473260 4.301157
-0.347528 -0.467613 4.516497
-0.399611 -0.444392 5.057731
-0.405741 -0.435807 5.726930
-0.465472 -0.468424 5.310486
-0.482212 -0.469383 5.862361
-0.408892 -0.443131 5.239613
-0.498655 -0.464521 -2.710357
-0.449438 -0.451079 5.313325
-0.432576 -0.442522 6.131026
-0.408381 -0.456187 5.172570
-0.434674 -0.460148 5.719072
-0.391518 -0.434496 5.511313
-0.402991 -0.473147 0.711490
-0.415589 -0.426378 5.346200
-0.341085 -0.437637 5.025431
-0.398531 -0.457646 4.782396
-0.457056 -0.422008 5.544351
-0.411873 -0.460554 5.725736
-0.469434 -0.471871 4.931625
-0.433660 -0.482990 0.989896
-0.350339 -0.460149 4.485769
-0.468773 -0.475657 0.883738
-0.377159 -0.430557 4.292422
-0.429716 -0.494360 0.968339
-0.468789 -0.451511 5.051432
-0.496009 -0.448634 5.610559
-0.442160 -0.446856 5.058659
-0.438053 -0.440688 5.783495
-0.395456 -0.440890 4.606350
-0.476292 -0.432039 5.183130
-0.368508 -0.483464 1.395487
-0.374069 -0.466462 4.969448
-0.461793 -0.481450 0.873890
-0.377257 -0.449254 5.032595
-0.382408 -0.455054 5.884473
-0.373668 -0.448672 4.582067
-0.386886 -0.473897 1.720581
-0.391311 -0.453031 6.230843
-0.305174 -0.430254 4.501699
-0.449571 -0.436018 5.115838
-0.402497 -0.447758 4.657361
-0.397139 -0.452214 5.470724
-0.385176 -0.458566 5.349168
-0.389528 -0.492484 5.321017
-0.353469 -0.435883 5.444093
-0.391841 -0.450942 5.435856
-0.385088 -0.460241 4.690551
-0.454322 -0.463394 5.281848
-0.346758 -0.475609 0.489869
-0.394363 -0.465280 5.069842
-0.303512 -0.423258 3.265505
-0.356948 -0.447557 4.653004
-0.413432 -0.452757 5.550726
-0.488225 -0.427932 6.093928
-0.381546 -0.489387 1.085919
-0.288295 -0.444201 5.103113
-0.404932 -0.442279 5.888690
-0.369192 -0.454667 4.807661
-0.448365 -0.442925 4.688397
-0.364667 -0.432756 4.752748
-0.371085 -0.433827 5.134021
-0.415420 -0.479957 0.813545
-0.405652 -0.450768 5.160686
-0.427861 -0.434378 5.722128
-0.413582 -0.478786 0.742202
-0.385800 -0.479725 2.098925
-0.458313 -0.438258 6.081020
-0.443685 0.285718 4.969273
-0.418933 -0.451756 5.311098
-0.411641 -0.447957 5.050578
-0.444248 -0.447801 5.208200
-0.402043 -0.477270 1.074817
-0.410380 -0.459180 5.186503
-0.499851 -0.487180 8.869745
-0.312792 -0.457214 3.038878
-0.456483 -0.469689 5.025286
-0.440798 -0.477502 0.924461
-0.452470 -0.479803 1.100645
-0.406244 -0.488803 1.040877
-0.411636 -0.488580 0.400312
-0.329098 -0.471566 4.909864
-0.420842 -0.445097 5.093435
-0.433879 -0.422926 4.753281
-0.359723 -0.426592 4.962852
-0.399341 -0.448503 5.549201
-0.387331 -0.458212 4.726913
-0.309905 -0.425987 4.371868
-0.488317 0.226912 4.807181
-0.353500 -0.461878 5.041935
-0.413425 -0.448255 6.075569
-0.355991 -0.448367 5.122269
-0.438420 -0.467908 5.864509
-0.396035 -0.480179 0.297370
-0.441020 -0.482543 0.448213
-0.404885 -0.437790 5.654071
-0.360292 -0.492783 1.287665
-0.399595 -0.464685 4.489014
-0.398603 -0.428532 4.972391
-0.409475 -0.427514 5.442712
-0.416559 -0.466673 5.922308
-0.429495 -0.456937 5.501177
-0.364543 -0.475282 1.674907
-0.343026 -0.469439 4.886183
-0.403833 -0.460743 5.221633
-0.419433 -0.465033 6.075389
-0.353256 -0.443911 4.834386
-0.444025 -0.475172 0.923412
-0.411062 -0.460555 5.900935
-0.296391 -0.425757 4.580952
-0.406632 -0.452071 5.467369
-0.414432 -0.434770 6.272757
-0.420142 -0.468770 -6.175863
-0.456143 -0.456593 4.908983
-0.475255 -0.484772 0.985758
-0.417319 -0.457253 5.868719
-0.438710 -0.475313 5.308773
-0.379419 -0.450667 5.122397
-0.437224 -0.467185 5.931104
-0.390760 -0.472592 1.979588
-0.485505 -0.427205 5.512467
-0.367123 -0.450965 4.841533
-0.387350 -0.428908 4.865929
-0.357668 -0.466237 4.055366
-0.474086 -0.489787 0.928361
-0.409093 -0.449282 4.971710
-0.294027 -0.443543 4.389355
-0.358366 -0.475943 1.007588
-0.446027 -0.464768 5.557179
-0.370967 -0.451332 4.193386
-0.389853 -0.457467 5.985324
-0.403530 -0.462771 5.141647
-0.401462 -0.431599 5.521546
-0.490269 -0.462973 -5.915757
-0.399519 -0.449602 5.189473
-0.432767 -0.467002 5.052197
-0.384419 -0.451264 5.556538
-0.335308 -0.456966 4.402611
-0.454723 -0.465791 5.333379
-0.320922 -0.466580 4.370183
-0.381501 -0.467065 4.899771
-0.426620 -0.472195 5.698283
-0.464400 -0.441995 5.932813
-0.380498 -0.441720 4.428885
-0.364719 -0.468357 5.107377
-0.426937 -0.462209 5.838840
-0.421962 -0.439170 5.294699
-0.310767 -0.461371 4.601641
-0.322632 -0.442226 3.698588
-0.386215 -0.430376 5.691346
-0.339546 -0.444198 4.773785
-0.359373 -0.472939 1.928630
-0.421273 -0.438630 5.652916
-0.403174 -0.459996 4.218031
-0.322193 -0.477552 5.535329
-0.321663 -0.464648 5.073158
-0.446218 -0.443177 5.250970
-0.307797 -0.432530 4.543859
-0.399418 -0.424714 5.446790
-0.445210 -0.446933 5.193074
-0.430416 -0.455501 5.332316
-0.347369 -0.493652 1.802401
-0.394202 -0.448809 5.946328
-0.448975 -0.455418 5.878712
-0.415380 -0.435289 5.924736
-0.428322 -0.474800 0.672779
-0.407168 -0.436476 4.985295
-0.440012 -0.442093 5.485122
-0.430535 -0.444710 5.648977
-0.356155 -0.453637 4.671725
-0.388438 -0.483482 1.119067
-0.369781 -0.441475 4.658456
-0.450646 -0.460462 5.792991
-0.406493 -0.479509 0.590920
-0.432893 -0.477670 1.016404
-0.425386 -0.472071 0.248600
