-0.470042 -0.486813 8.449681
-0.477483 -0.454306 -1.902888
-0.425928 -0.436453 -2.154992
-0.474388 -0.411455 -1.518037
-0.468943 -0.447200 -2.461439
-0.433949 -0.489679 -1.711123
-0.499374 -0.484439 -2.221496
-0.497061 -0.496182 -2.561392
-0.458633 -0.495344 -2.264258
-0.486522 -0.482916 6.419751
-0.454876 -0.492221 -2.490082
-0.474640 -0.476161 -2.062274
-0.463647 -0.497512 7.833738
-0.483898 -0.423116 -2.115488
-0.467020 -0.459884 -2.935701
-0.452893 -0.480826 -2.062657
-0.428953 -0.461316 -2.304384
-0.478520 -0.471041 -2.931145
-0.449310 -0.487693 -2.279625
-0.463952 -0.463386 -1.567741
-0.452399 -0.458243 -2.261932
-0.484477 -0.442454 -2.390627
-0.448486 -0.485140 -2.434060
-0.479835 -0.454074 5.229243
-0.446602 -0.448302 -1.940376
-0.481472 -0.493365 -1.690011
-0.467594 -0.405955 -1.816712
-0.460837 -0.422679 -2.222885
-0.478309 -0.445045 5.174724
-0.430774 -0.464477 -1.851877
-0.474080 -0.494664 8.215072
-0.490697 -0.499839 5.132172
-0.425601 -0.450817 -2.541840
-0.494519 -0.481141 -2.851008
-0.490449 -0.382256 5.838156
-0.431314 -0.488559 8.671963
-0.464674 -0.497648 -2.870639
-0.450175 -0.471555 -2.084661
-0.480846 -0.479194 -1.893395
-0.454357 -0.491413 -2.133330
-0.441379 -0.424749 -2.193788
-0.438172 -0.451082 -2.333526
-0.448861 -0.453177 -1.599265
-0.478174 -0.417506 -1.781138
-0.459403 -0.469553 -2.562594
-0.479187 -0.438503 -1.618147
-0.494212 -0.436083 5.657909
-0.491488 -0.499943 8.483715
-0.498618 -0.476113 1.216525
-0.480074 -0.478086 8.656133
-0.467650 -0.395833 -2.792405
-0.483955 -0.444640 -2.429461
-0.477775 -0.474044 7.971522
-0.482475 -0.442880 -2.272404
-0.465071 -0.496056 8.841878
-0.432429 -0.490918 9.071362
-0.459987 -0.390195 -1.953076
-0.430682 -0.479951 8.163527
-0.472132 -0.465129 -2.168764
-0.481887 -0.482087 -3.130267
-0.431906 -0.343170 -2.917422
-0.453200 -0.481191 8.406971
-0.489819 -0.469359 -2.442914
-0.465410 -0.486678 8.318940
-0.494966 -0.499134 5.604275
-0.482009 -0.442711 -1.626401
-0.461317 -0.492297 -2.179261
-0.481830 -0.420122 -1.790937
-0.426046 -0.443029 -2.181712
-0.490415 -0.455275 -2.617530
-0.485611 -0.397924 5.743777
-0.493624 -0.491149 9.485268
-0.484577 -0.450503 -2.062325
-0.457617 -0.471888 -2.943767
-0.477237 -0.457937 -2.383141
-0.489823 -0.459072 -1.513523
-0.465471 -0.443363 -2.183117
-0.457475 -0.479935 -2.848411
-0.496033 -0.485088 -1.873121
-0.469882 -0.455876 -1.585986
-0.436432 -0.456709 -2.917080
-0.450682 -0.428055 -1.134761
-0.459601 -0.471617 -2.366075
-0.484208 -0.450341 -1.945827
-0.498101 -0.456450 5.541331
-0.467744 -0.455035 -2.566689
-0.460337 -0.476805 -2.503681
-0.494053 -0.497383 9.126047
-0.431992 -0.470136 -2.492163
-0.467698 -0.423675 -1.956856
-0.470043 -0.476343 -1.923581
-0.458590 -0.445207 -2.445841
-0.495325 -0.480835 8.827940
-0.448539 -0.481492 -1.957735
-0.479069 -0.479490 -1.709483
-0.472824 -0.473512 -2.353540
-0.479931 -0.463716 -1.869099
-0.489989 -0.491148 8.958787
-0.495179 -0.455583 5.521996
-0.481249 -0.466069 -2.739623
-0.483008 -0.421669 -2.223487
-0.453230 -0.439706 -1.537887
-0.455305 -0.374943 -2.760275
-0.491989 -0.425401 5.972941
-0.433829 -0.372545 -2.160691
-0.444028 -0.495919 -2.519821
-0.473714 -0.480375 -2.909518
-0.480445 -0.495521 8.572463
-0.453165 -0.465851 -3.140684
-0.452992 -0.462568 -2.389866
-0.454577 -0.457381 -2.368350
-0.488643 -0.497961 8.511742
-0.480158 -0.455603 -2.610774
-0.427123 -0.439569 -2.543799
-0.441786 -0.498697 7.666742
-0.484851 -0.483386 9.005989
-0.443795 -0.456601 -2.385173
-0.455176 -0.445173 -1.572628
-0.487782 -0.476792 -2.505799
-0.434615 -0.459545 -2.608492
-0.480551 -0.489534 -2.107103
-0.464272 -0.418948 -2.023680
-0.486898 -0.413091 -2.446835
-0.466021 -0.477041 -1.816098
-0.484534 -0.449407 -2.308316
-0.488029 -0.439503 -2.853682
-0.459708 -0.497975 -2.670871
-0.445224 -0.439795 -2.303725
-0.452400 -0.438559 -2.516884
-0.488992 -0.412161 4.449114
-0.489099 -0.393735 5.197174
-0.462846 -0.485431 -2.286805
-0.442429 -0.453577 -2.549468
-0.475546 -0.498954 -1.951397
-0.498396 -0.492272 -1.628296
-0.488082 -0.432427 -1.827075
-0.321874 0.462034 -4.433876
-0.442694 -0.464428 -2.111593
-0.445756 -0.481483 8.651504
-0.457817 -0.440948 -2.342980
-0.477385 -0.401729 -2.110899
-0.479490 -0.491546 8.290721
-0.499329 -0.491392 -1.916170
-0.438478 -0.475292 -2.395760
-0.444897 -0.396115 -2.612496
-0.494318 -0.494508 -2.070259
-0.488795 -0.448488 5.533317
-0.482189 -0.496862 -2.703063
-0.482529 -0.412716 -2.596068
-0.452604 -0.473524 8.783214
-0.468770 -0.464800 -1.600217
-0.450630 -0.497523 -2.359738
-0.484650 -0.457522 -2.703878
-0.440505 -0.447333 -2.197080
-0.471168 -0.469250 -1.240123
-0.470769 -0.470123 -2.019366
-0.478534 -0.447203 -1.526131
-0.471173 -0.495630 -2.486813
-0.442890 -0.475909 -2.152376
-0.478661 -0.437694 -2.253282
-0.461741 -0.498055 -2.240308
-0.461093 -0.472165 -3.115584
-0.475386 -0.488304 -2.135894
-0.490514 -0.466709 -2.242800
-0.457449 -0.452362 -2.739768
-0.495390 -0.443667 -2.316619
-0.478824 -0.486859 8.980411
-0.490665 -0.399601 -1.039087
-0.445515 -0.486277 8.184754
-0.491313 -0.473800 -2.096218
-0.468219 -0.416648 -1.611006
-0.462908 -0.496118 -3.002872
-0.437236 -0.488914 8.633129
-0.457925 -0.485347 7.810027
-0.485252 -0.458212 -1.985679
-0.465231 -0.486396 8.880105
-0.479134 -0.463044 -2.968091
-0.499830 -0.389307 -2.052817
-0.468677 -0.470099 -1.955426
-0.482496 -0.475342 -1.695677
-0.444641 -0.429475 -2.359734
-0.261781 0.469700 -3.277596
-0.488920 -0.458080 -2.232829
-0.485818 -0.485831 7.164120
-0.471629 -0.463266 -2.211755
-0.479943 -0.475561 8.005126
-0.473629 -0.439336 -2.288838
-0.495047 -0.480485 5.860489
-0.432319 -0.485957 -2.311918
-0.458097 -0.479958 -2.112135
-0.428211 -0.484739 -1.717067
-0.462091 -0.498404 8.088588
-0.447704 -0.450425 -2.524225
-0.472122 -0.495015 -1.660865
-0.463569 -0.433025 -2.554450
-0.498716 -0.471538 -2.723427
-0.460536 -0.456370 -1.966584
-0.458943 -0.473557 -2.684485
-0.458685 -0.440389 -2.585634
-0.460891 -0.436681 -2.487162
-0.384951 0.491529 -2.443996
-0.449552 -0.480775 -2.006247
-0.465580 -0.470154 -3.040798
-0.495988 -0.459474 -1.708112
-0.467520 -0.480963 7.844981
-0.457296 -0.456636 -2.438993
-0.462961 -0.446369 -2.220661
-0.465820 -0.448165 -1.976536
-0.474850 -0.493610 8.657948
-0.479045 -0.430559 5.403968
-0.475109 -0.481056 8.038077
-0.470506 -0.490231 -1.445535
-0.494148 -0.437256 6.260460
-0.458646 -0.494647 8.253258
-0.448784 -0.476141 8.167025
-0.447954 -0.472902 -2.795438
-0.484862 -0.429231 -2.336066
-0.470690 -0.492646 8.032974
-0.460813 -0.448006 -1.909715
-0.497669 -0.492284 0.955409
-0.478421 -0.476464 -2.442638
-0.461877 -0.446526 -2.675740
-0.449977 -0.431440 -2.095777
-0.463344 -0.457192 -1.754080
-0.427532 -0.488719 -1.996870
-0.447300 -0.469243 -2.708590
-0.486137 -0.463375 -2.682309
-0.475470 -0.479706 -2.831859
-0.460356 -0.438551 -1.154968
-0.494677 -0.477633 -1.699391
-0.459602 -0.445173 -1.915985
-0.446569 -0.488768 -1.767322
-0.438575 -0.479983 -1.649074
-0.425976 -0.456650 -2.096908
-0.457924 -0.473527 -2.391026
-0.494484 -0.405014 4.971881
-0.418709 -0.429117 -1.654463
-0.434495 -0.445960 -2.686523
-0.489924 -0.390705 -2.556167
-0.493912 -0.492743 -2.683731
-0.463227 -0.472565 8.356071
-0.457015 -0.457147 -2.057838
-0.497864 -0.413588 -2.525445
-0.491733 -0.450260 5.684450
-0.456526 -0.461652 -1.703195
-0.465101 -0.424963 -2.335542
-0.436856 -0.470774 -2.455801
-0.455495 -0.489739 8.320990
-0.472547 -0.494350 -1.830694
-0.469488 -0.481046 -2.346827
-0.480779 -0.492417 -2.061503
-0.462769 -0.483991 7.690700
-0.477425 -0.453988 -3.131279
-0.475569 -0.427779 -1.585452
-0.470510 -0.470108 -2.307063
-0.455290 -0.468238 -2.534905
-0.473197 -0.455210 -2.201469
-0.490577 -0.448835 5.607628
-0.435423 -0.492774 -2.379356
-0.481098 -0.427780 -2.242734
-0.470645 -0.453710 -2.273134
-0.481692 -0.479012 7.784169
-0.454093 -0.483145 -2.249127
-0.439932 -0.468367 -2.643015
-0.466169 -0.493751 8.458674
-0.488893 -0.484277 1.016391
-0.433315 -0.472570 -1.671462
-0.490389 -0.489258 8.784275
-0.473879 -0.490780 7.983409
-0.465113 -0.407445 -2.665102
-0.496968 -0.477194 -1.885695
-0.433908 -0.457211 -1.478577
-0.493093 -0.441268 -1.488538
-0.449879 -0.463217 -2.216732
-0.480052 -0.424394 -2.880050
-0.475518 -0.450056 -2.680565
-0.429718 -0.475884 -2.421768
-0.493547 -0.497974 5.403653
-0.472465 -0.437525 -2.047728
-0.448271 -0.488603 -1.485683
-0.499502 -0.482530 4.601222
-0.464248 -0.496825 8.722077
-0.472911 -0.497190 8.637977
-0.484268 -0.481157 9.251191
-0.476900 -0.410839 -2.195376
-0.472914 -0.473945 -2.225357
-0.469530 -0.490692 8.158120
-0.469457 -0.438592 -1.936182
-0.451119 -0.471623 -2.369480
-0.436224 -0.468539 -2.303075
-0.457027 -0.494014 7.850049
-0.444115 -0.427800 -1.904048
-0.260161 0.475156 -3.242603
-0.457315 -0.493468 -2.342502
-0.471475 -0.410645 -2.006816
-0.475258 -0.468536 -1.918223
-0.467651 -0.468119 -3.463140
-0.480340 -0.435385 -1.874423
-0.493921 -0.479203 -2.210193
-0.459338 -0.481681 8.904712
-0.480558 -0.402409 -2.547672
-0.472831 -0.479035 8.451038
-0.468015 -0.498607 -1.703912
-0.485027 -0.459534 -3.209008
-0.441189 -0.449235 -2.515450
-0.468973 -0.426428 -1.934925
-0.469990 -0.492201 -2.642645
-0.471196 -0.487367 9.270355
-0.489211 -0.444643 -1.696405
-0.487403 -0.450041 6.189739
-0.449739 -0.491585 -2.401694
-0.495746 -0.492487 -1.842017
-0.117706 0.444106 -1.214685
-0.479507 -0.376189 -2.042752
-0.479060 -0.437302 6.441806
-0.456873 -0.488188 -2.389504
-0.481293 -0.463221 -2.448471
-0.460228 -0.488775 8.546720
-0.468655 -0.472084 -1.807021
-0.452276 -0.441837 -2.252793
-0.471502 -0.472622 -2.384705
-0.097159 0.183697 0.163885
-0.474888 -0.499320 9.185873
-0.492460 -0.492112 5.578701
-0.487371 -0.480920 1.417610
-0.461666 -0.439148 -3.419355
-0.479241 -0.465224 -2.701340
-0.462509 -0.440660 -2.142678
-0.483140 -0.446808 -2.368299
-0.463377 -0.436122 -2.238821
-0.486962 -0.404001 5.411089
-0.447036 -0.472681 -1.739384
-0.460673 -0.459897 -2.826203
-0.456753 -0.449113 -1.833041
-0.459651 -0.376757 -2.628406
-0.461187 -0.488775 7.987307
-0.480362 -0.497508 9.466791
-0.476579 -0.409094 5.212555
-0.485771 -0.448912 5.574270
-0.464483 -0.405177 -2.141751
-0.471207 -0.464668 -1.661445
-0.498749 -0.491708 1.105043
-0.476522 -0.427926 -2.646803
-0.471569 -0.418355 -1.809705
-0.424650 -0.451285 -3.166951
-0.448741 -0.433562 -2.261225
-0.484182 -0.439274 5.571456
-0.467261 -0.417670 -2.586243
-0.475467 -0.454100 -2.192150
-0.479832 -0.492772 5.030389
-0.478825 -0.408128 5.911960
-0.472958 -0.471408 7.946085
-0.445682 -0.491489 -1.347581
-0.456916 -0.477841 7.934087
-0.490453 -0.426517 -2.030946
-0.469485 -0.416658 -3.141003
-0.441770 -0.365787 -1.728941
-0.438891 -0.494876 -2.858318
-0.453638 -0.487349 7.758780
-0.490356 -0.409201 5.418263
-0.452620 -0.476479 -2.730524
-0.455957 -0.471536 -2.034807
-0.487856 -0.488519 8.222681
-0.460436 -0.498043 -2.720967
-0.488214 -0.435492 4.964110
-0.469611 -0.425821 -2.245016
-0.431258 -0.447287 -1.831667
-0.457498 -0.473041 -2.323186
-0.462578 -0.438722 -2.219590
-0.443516 -0.467492 -1.868364
-0.441074 -0.442101 -2.533811
-0.486715 -0.468169 -2.536557
-0.475192 -0.431757 -1.835782
-0.442949 -0.424363 -2.539486
-0.435567 -0.496391 -2.411225
-0.462408 -0.494877 -2.280331
-0.494606 -0.489978 -3.444727
-0.443589 -0.480077 -2.228332
-0.488838 -0.479789 0.474294
-0.438024 -0.442266 -1.440689
-0.490388 -0.421328 -1.995768
-0.475679 -0.491894 8.415142
-0.455745 -0.451908 -2.414722
-0.461043 -0.487337 -2.386173
-0.437599 -0.439886 -2.455029
-0.469355 -0.492387 8.629324
-0.489336 -0.433726 -2.636221
-0.477916 -0.418401 -2.350489
-0.477999 -0.466292 -1.721111
-0.475263 -0.467371 -1.434718
-0.474709 -0.499795 0.663822
-0.473078 -0.478708 -2.931298
-0.433408 -0.427516 -2.402600
-0.468863 -0.458187 -2.184820
-0.431519 -0.484206 -3.357459
-0.425169 -0.458580 -2.852024
-0.472008 -0.480068 -1.522753
-0.454018 -0.448912 -1.961278
-0.451672 -0.481284 8.425059
-0.460632 -0.402005 -2.581597
