-0.449881 -0.449301 -5.160901
-0.470460 -0.422969 -4.982601
-0.497053 -0.486683 -1.569458
-0.491244 -0.436018 -4.984421
-0.454217 -0.476049 10.459118
-0.458392 -0.476494 10.296387
-0.468191 -0.442891 -5.750487
-0.471191 -0.468583 -5.130246
-0.416174 -0.489168 11.150019
-0.489171 -0.439574 -5.150004
-0.475108 -0.470991 10.329603
-0.411262 -0.481530 10.536426
-0.484732 -0.447203 -4.447492
-0.439951 -0.489841 10.872359
-0.452586 -0.469364 -5.493848
-0.440315 -0.480756 10.558384
-0.463506 -0.480592 10.808005
-0.448592 -0.481006 10.421864
-0.400898 -0.422184 -4.536979
-0.474863 -0.490288 10.447981
-0.432730 -0.469469 -3.579564
-0.491954 -0.438548 -3.974825
-0.458083 -0.489781 11.293524
-0.425913 -0.475449 11.200978
-0.490016 -0.430797 -4.582424
-0.495756 -0.489748 10.804237
-0.422426 -0.481342 10.918170
-0.443535 -0.455770 -4.972252
-0.441849 -0.448123 -4.034242
-0.385725 -0.484582 11.455889
-0.434829 -0.430933 -4.013226
-0.468598 -0.492311 11.136128
-0.460230 -0.441017 -4.791795
-0.455423 -0.483047 -4.022116
-0.462452 -0.427748 -4.048683
-0.472218 -0.442094 -4.885401
-0.401527 -0.443175 -4.622732
-0.424900 -0.487861 11.063878
-0.469377 -0.455868 -4.748170
-0.474395 -0.437753 -4.763305
-0.457223 -0.489690 9.874759
-0.486210 -0.427003 -4.455034
-0.443333 -0.486995 11.039675
-0.455539 -0.477177 10.381880
-0.456782 -0.426528 -4.895987
-0.496998 -0.481726 -1.275924
-0.471730 -0.473748 10.911234
-0.395556 -0.442520 -3.776061
-0.460717 -0.495076 11.055910
-0.445384 -0.462427 -4.132064
-0.497040 -0.450824 -4.143891
-0.448838 -0.462011 -4.560491
-0.461839 -0.434954 -4.639009
-0.442930 -0.455855 -4.048082
-0.421384 -0.428549 -4.262512
-0.470676 -0.463948 -4.494399
-0.498397 -0.493714 10.217599
-0.475759 -0.486222 10.678465
-0.490825 -0.447064 -4.650045
-0.481285 -0.461318 -5.689101
-0.407825 -0.468749 -4.565911
-0.451830 -0.486728 11.158397
-0.485976 -0.469208 -4.564374
-0.491431 -0.436761 -4.709763
-0.409070 -0.481662 10.687989
-0.434951 -0.488931 10.828907
-0.412780 -0.470549 10.843724
-0.477953 -0.469944 -4.180439
-0.445249 -0.434958 -4.996147
-0.454197 -0.441319 -5.101123
-0.453740 -0.496962 -4.372784
-0.476789 -0.451152 -4.239109
-0.482227 -0.429957 -4.223576
-0.487515 -0.476610 -1.317488
-0.443838 -0.441363 -3.654785
-0.439784 -0.481555 10.480941
-0.444748 -0.486535 10.344734
-0.438480 -0.416561 -4.861906
-0.480354 -0.478207 11.281770
-0.443689 -0.497656 11.591554
-0.396226 -0.458057 -3.687825
-0.418965 -0.486357 10.046215
-0.480555 -0.488631 10.962573
-0.483123 -0.436044 -4.102329
-0.456618 -0.462204 -5.240403
-0.446396 -0.490417 10.448884
-0.480823 -0.441232 -4.866359
-0.424877 -0.491748 11.057286
-0.486530 -0.472146 -3.960301
-0.486059 -0.491696 10.819473
-0.464662 -0.465902 -4.433181
-0.412815 -0.495320 11.235573
-0.415661 -0.445614 -4.265646
-0.414056 -0.468254 -4.535567
-0.422732 -0.447638 -4.220712
-0.494942 -0.482836 -1.470435
-0.428541 -0.433219 -3.725147
-0.461758 -0.442984 -4.200196
-0.430848 -0.441936 -4.277168
-0.464345 -0.441087 -3.472826
-0.451085 -0.425288 -4.236934
-0.358219 -0.427836 -3.660127
-0.457270 -0.439958 -3.983703
-0.418675 -0.496430 -4.531253
-0.428822 -0.485234 10.806935
-0.482603 -0.440736 -4.308812
-0.451129 -0.453725 -4.995813
-0.469982 -0.496053 11.102224
-0.416439 -0.489162 10.522001
-0.458811 -0.442539 -4.240868
-0.475389 -0.462395 -5.107415
-0.495495 -0.492334 -1.540264
-0.441698 -0.447522 -5.022212
-0.431003 -0.491087 10.600581
-0.471596 -0.451199 -5.062070
-0.441112 -0.494232 10.826700
-0.444425 -0.428821 -4.457289
-0.431970 -0.489311 10.987467
-0.481813 -0.485004 11.450595
-0.389482 -0.497127 11.026583
-0.410789 -0.477629 11.593004
-0.477621 -0.482668 11.282132
-0.467014 -0.499161 -4.652520
-0.465286 -0.469259 -4.477207
-0.431433 -0.466389 -5.030119
-0.465768 -0.459279 -4.535405
-0.435483 -0.482809 10.781625
-0.445819 -0.453901 -5.313899
-0.464757 -0.490330 11.438248
-0.444406 -0.491013 10.862460
-0.427162 -0.464944 -4.494365
-0.441754 -0.472877 10.841476
-0.452666 -0.492795 10.499687
-0.447793 -0.487732 10.936317
-0.488454 -0.471572 7.687944
-0.458227 0.382016 4.922244
-0.446867 -0.444774 -4.365672
-0.461231 -0.476397 -3.982750
-0.421963 -0.444252 -5.442366
-0.403829 -0.461512 -5.003596
-0.423125 -0.438566 -5.007996
-0.494001 -0.484852 -0.625074
-0.441596 -0.464804 -4.962889
-0.406708 -0.466923 -4.488763
-0.470256 -0.427294 -4.426813
-0.464248 -0.431957 -3.986960
-0.417515 -0.442021 -3.419631
-0.463890 -0.421668 -3.946548
-0.404528 -0.495094 10.200721
-0.443545 -0.454183 -4.335426
-0.447291 -0.431551 -4.561090
-0.449553 -0.471475 -4.616307
-0.427982 -0.482675 10.196891
-0.441006 -0.475393 10.612476
-0.474707 -0.451885 -4.065350
-0.448032 -0.450132 -4.655221
-0.436771 -0.469119 -4.130645
-0.409277 -0.466715 -4.262506
-0.466388 -0.476844 10.731816
-0.471592 -0.484397 10.892887
-0.456861 0.345393 4.366367
-0.499436 -0.453247 8.317838
-0.494307 -0.452274 -5.224237
-0.443148 -0.459229 -4.908733
-0.458909 -0.471330 -4.152366
-0.452664 -0.470634 -3.818755
-0.391728 -0.483471 10.394050
-0.435552 -0.483481 11.404173
-0.467674 -0.422146 -5.608221
-0.491831 -0.464184 -4.728928
-0.433760 -0.442144 -4.851334
-0.431211 -0.487643 11.170864
-0.471939 -0.470455 10.180295
-0.457991 -0.496004 -4.570140
-0.466263 -0.437313 -4.962494
-0.451814 -0.436048 -4.938051
-0.452044 -0.458270 -4.669112
-0.413497 -0.480741 9.871771
-0.442346 -0.485145 10.894345
-0.453312 -0.457312 -5.089292
-0.476724 -0.465121 -4.736711
-0.416977 -0.418811 -4.182625
-0.417879 -0.452037 -4.057653
-0.407228 -0.447236 -4.952770
-0.473651 -0.476659 10.876132
-0.473624 -0.499180 -4.202985
-0.466731 -0.475754 11.100894
-0.497317 -0.471298 7.172533
-0.441147 -0.476130 10.228775
-0.449881 -0.491101 10.845173
-0.397366 -0.430781 -4.141701
-0.482477 -0.485847 10.295830
-0.424652 -0.456905 -5.322798
-0.497768 -0.441416 -3.514520
-0.466218 -0.481189 11.578680
-0.494382 -0.462373 -3.965409
-0.498293 -0.468503 -3.478707
-0.459716 -0.424009 -5.194435
-0.441153 -0.437488 -4.542017
-0.446352 -0.461954 -5.432559
-0.436334 -0.498002 -4.122288
-0.470913 -0.494815 10.926914
-0.431419 -0.423083 -4.413030
-0.480781 -0.486115 10.410552
-0.441672 -0.424024 -5.218328
-0.458113 -0.452910 -4.715407
-0.405223 -0.473437 -4.296362
-0.448128 -0.482092 11.090002
-0.402843 -0.449090 -4.391767
-0.462680 -0.452920 -4.082917
-0.437261 -0.475293 10.139125
-0.457969 -0.458935 -4.673174
-0.486190 -0.496730 -3.414885
-0.438709 -0.461745 -3.419281
-0.477903 -0.472919 10.561875
-0.478430 -0.458557 -4.514134
-0.412915 -0.440130 -3.932537
-0.416095 -0.443099 -3.948778
-0.414157 -0.482583 10.589426
-0.452276 -0.485100 11.925515
-0.454660 -0.435339 -4.344471
-0.458381 -0.448599 -4.058749
-0.486119 -0.490917 9.922479
-0.403778 -0.437442 -4.538103
-0.488531 -0.481083 10.998715
-0.479647 -0.456834 -4.099184
-0.413223 -0.462849 -5.190591
-0.434446 -0.480867 11.367071
-0.445745 -0.447639 -4.939206
-0.439079 -0.445125 -4.767537
-0.430617 -0.430040 -4.305148
-0.467031 -0.480840 9.842484
-0.446654 -0.498053 10.995957
-0.458763 -0.433924 -4.431701
-0.484447 -0.443075 7.270498
-0.486055 -0.493688 11.136216
-0.483412 -0.463713 -4.270902
-0.426302 -0.469505 -4.461063
-0.439279 -0.479395 11.050116
-0.451036 -0.426882 -4.952111
-0.462066 -0.472862 -4.303514
-0.499480 -0.425259 -3.981542
-0.458720 -0.482461 10.712495
-0.479778 -0.424406 -4.676391
-0.428536 -0.496170 9.997557
-0.426302 -0.480605 -4.366790
-0.480080 -0.476293 10.898243
-0.480733 -0.494029 10.837189
-0.398370 -0.487777 11.418398
-0.440151 -0.486327 10.584925
-0.476650 -0.455039 -4.863177
-0.460670 -0.481166 10.957594
-0.490059 -0.452715 -3.980996
-0.402656 -0.490248 10.717940
-0.478907 -0.424641 -5.025177
-0.446261 -0.452269 -4.242388
-0.435066 -0.492334 -4.142689
-0.456504 -0.437830 -5.201043
-0.488164 -0.469351 -4.320090
-0.478428 -0.431755 -4.187694
-0.476618 -0.429951 -4.703391
-0.459246 -0.461036 -4.689291
-0.426771 -0.494049 -5.465399
-0.470672 -0.460985 -4.683056
-0.458042 -0.492197 10.599031
-0.446786 -0.467163 -4.706835
-0.460660 -0.490230 11.005549
-0.491298 -0.493000 11.461687
-0.451126 -0.484369 10.398535
-0.493237 -0.449811 -4.062308
-0.426694 -0.444457 -4.424321
-0.474597 -0.469995 -5.049445
-0.424966 -0.480214 11.531980
-0.473197 -0.461466 -4.233379
-0.473898 -0.449053 -5.063140
-0.474488 -0.458132 -3.933510
-0.414436 -0.444669 -4.431206
-0.462177 -0.428347 -4.220657
-0.417854 -0.438047 -4.050574
-0.481089 -0.416183 -5.021150
-0.455400 -0.470412 -5.109549
-0.470591 -0.469518 -4.112233
-0.440753 -0.480001 -4.861565
-0.431752 -0.467330 -4.280545
-0.402969 -0.466701 -3.930139
-0.472968 -0.465257 -4.274876
-0.467062 -0.469482 -3.894747
-0.463721 -0.483768 11.364351
-0.488337 -0.434991 -4.386796
-0.489577 -0.410033 -4.065041
-0.434959 -0.459280 -4.658882
-0.460757 -0.483177 10.380742
-0.473219 0.358110 4.983486
-0.458710 -0.486860 10.564023
-0.459772 -0.478742 10.749301
-0.448979 -0.472551 10.796802
-0.462243 -0.480938 10.527206
-0.406766 -0.489965 10.207621
-0.412040 -0.493153 10.198512
-0.433741 -0.494506 10.984114
-0.498168 -0.478112 10.855362
-0.494006 -0.433254 -4.379275
-0.463670 -0.464930 -4.228775
-0.401590 -0.495367 10.986999
-0.463777 -0.454522 -4.729407
-0.407435 -0.428765 -4.145665
-0.463891 -0.462887 -4.560176
-0.422554 -0.486502 10.880305
-0.417894 -0.422451 -3.984463
-0.446054 -0.429682 -4.071578
-0.470221 -0.457361 -3.811252
-0.469672 -0.479245 10.340268
-0.470552 -0.436665 -4.436986
-0.492056 -0.446860 -4.538652
-0.439272 -0.423668 -4.808365
-0.414478 -0.458302 -4.637182
-0.463117 -0.469189 -5.003128
-0.475970 -0.465666 -4.242969
-0.395106 -0.462632 -5.014401
-0.466232 -0.483195 10.200361
-0.431339 -0.431008 -4.652537
-0.485032 -0.442196 -4.154893
-0.475836 -0.477191 10.760699
-0.467346 -0.472607 -3.997211
-0.493963 -0.474824 10.064648
-0.415204 -0.492227 10.245911
-0.474716 -0.468390 -4.559440
-0.483728 -0.464266 -2.753736
-0.445359 -0.494674 10.437607
-0.494807 -0.495185 10.147129
-0.419975 -0.473649 10.871585
-0.455247 -0.487816 10.794564
-0.411553 -0.446106 -4.649120
-0.464981 -0.459224 -4.747114
-0.399561 -0.437954 -4.493386
-0.436704 -0.456233 -4.434375
-0.478528 -0.484730 10.585838
-0.419909 -0.470709 -4.348206
-0.440096 -0.486513 9.885000
-0.418354 -0.444393 -4.390432
-0.366791 -0.483374 -4.438543
-0.461510 -0.477822 10.628722
-0.455818 -0.468441 -4.551861
-0.415238 -0.431280 -4.238601
-0.425436 -0.467094 -4.016898
-0.450154 -0.474542 10.958744
-0.371332 -0.487901 -5.164692
-0.488156 -0.480417 -1.617471
-0.498286 -0.498346 -4.303933
-0.463554 -0.476818 10.768656
-0.458489 -0.479413 11.345412
-0.461296 -0.476686 10.454270
-0.497690 -0.436811 -4.125772
-0.450259 -0.458314 -4.636516
-0.415020 -0.470281 -3.794490
-0.456086 -0.421161 -4.271371
-0.481290 -0.447579 -4.428658
-0.449399 -0.427942 -4.752790
-0.407387 -0.439259 -5.219138
-0.413140 -0.439452 -4.825066
-0.429630 -0.468282 -4.929670
-0.438988 -0.472375 -4.347557
-0.493600 -0.448076 -4.490269
-0.365955 -0.495132 10.488819
-0.437788 -0.480201 11.126548
-0.452182 -0.474138 11.045944
-0.449719 -0.437748 -4.393251
-0.419660 -0.476109 11.067475
-0.452404 -0.439412 -4.567451
-0.413104 -0.488812 11.211055
-0.400358 -0.453039 -4.575829
-0.447703 -0.415127 -5.257512
-0.416701 -0.470874 -4.412560
-0.410033 -0.439620 -3.740263
-0.428829 -0.448086 -4.133844
-0.472450 -0.482856 10.278795
-0.415073 -0.474725 10.995496
-0.422490 -0.493362 10.872993
-0.469577 -0.483064 11.068689
-0.488059 -0.497814 6.900845
-0.430016 -0.487848 10.684827
-0.479134 -0.427315 -4.810062
-0.422993 -0.459794 -4.605785
-0.487448 -0.444760 6.977013
-0.497337 -0.487447 9.859969
-0.421813 -0.445089 -4.751418
-0.496937 -0.452052 7.804952
-0.464875 -0.461184 -5.219743
-0.482967 -0.441672 -5.104587
-0.399504 -0.436103 -5.021908
-0.490512 -0.499757 10.368893
-0.400988 -0.425966 -4.742662
-0.426313 -0.470404 -5.357981
-0.461616 -0.439997 -4.750077
-0.446896 -0.468284 -4.501720
-0.452372 -0.491740 11.186879
-0.407260 -0.420757 -4.008960
-0.499841 -0.497329 9.963205
-0.495248 -0.479574 10.796030
-0.452565 -0.452284 -5.332044
