-0.486089 -0.494050 6.616629
-0.449129 -0.432762 -3.525705
-0.467810 -0.462615 -2.751348
-0.482693 -0.412202 -2.605739
-0.473560 -0.430091 -3.853340
-0.455214 -0.497198 9.016651
-0.492478 -0.479796 -3.369714
-0.490551 -0.418494 6.297453
-0.471636 -0.441367 -3.086947
-0.481484 -0.446304 -3.573602
-0.451433 -0.497542 -3.433619
-0.491237 -0.469011 -3.891853
-0.492576 -0.467374 6.059221
-0.489418 -0.452439 -3.662228
-0.498479 -0.472500 6.756523
-0.468903 -0.430506 -3.316063
-0.499154 -0.462413 -2.893632
-0.451991 -0.455640 -3.429140
-0.485469 -0.471331 9.120419
-0.477930 -0.429246 -3.250738
-0.492954 -0.456360 6.228023
-0.479509 -0.453995 -3.077196
-0.453209 -0.402071 -2.944400
-0.469446 -0.447523 -3.689440
-0.470438 -0.390122 -3.119854
-0.476921 -0.430255 -3.524688
-0.489753 -0.458691 6.136397
-0.496959 -0.499398 -3.791657
-0.469006 -0.463634 -2.318008
-0.488638 -0.455525 6.403560
-0.471723 -0.493910 -3.665001
-0.491117 -0.436677 5.727292
-0.488044 -0.436665 -2.887333
-0.482217 -0.482915 -3.661426
-0.493856 -0.480128 -2.654867
-0.486534 -0.488830 6.257521
-0.477719 -0.465348 -2.723841
-0.480191 -0.497156 9.092716
-0.488970 -0.440323 -4.350050
-0.421531 -0.474935 -3.110205
-0.466934 -0.412742 -2.934636
-0.439504 -0.468940 -3.549357
-0.474451 -0.389240 -3.170140
-0.473661 -0.451627 -2.968425
-0.478165 -0.458353 -3.315333
-0.491410 -0.398665 6.589668
-0.374718 -0.388767 -1.851760
-0.488440 -0.426292 -3.501650
-0.484067 -0.421612 -3.357081
-0.473850 -0.478927 9.274836
-0.493532 -0.427658 -3.179299
-0.472394 -0.446319 -3.022490
-0.493217 -0.454143 -3.109882
-0.488942 -0.440108 6.836283
-0.495952 -0.387234 5.770183
-0.458982 -0.455335 -2.448049
-0.485564 -0.480922 6.451575
-0.484965 -0.465211 -2.607638
-0.477293 -0.492625 -2.878029
-0.460185 -0.431908 -4.345398
-0.439478 -0.485701 -3.013713
-0.490793 -0.449953 -3.135457
-0.444599 -0.438591 -3.079213
-0.463189 -0.479001 -3.713437
-0.466776 -0.428424 -3.044178
-0.493666 -0.463792 -3.432705
-0.484935 -0.476004 8.611173
-0.480219 -0.433826 -3.488373
-0.471050 -0.396437 -3.065917
-0.452320 -0.415644 -2.878191
-0.482575 -0.461832 -2.537379
-0.498669 -0.455536 -3.082641
-0.491929 -0.497758 -3.557335
-0.487122 -0.471133 6.776774
-0.495347 -0.411385 6.345008
-0.473498 -0.478345 -3.239354
-0.458965 -0.476397 -3.416691
-0.499625 -0.442269 -2.639030
-0.450746 -0.473702 -3.274526
-0.475913 -0.494250 -3.319793
-0.492276 -0.472861 9.758269
-0.482272 -0.475331 -3.173637
-0.481295 -0.458310 -3.398221
-0.435994 -0.466434 -4.044623
-0.456294 -0.491150 -2.708890
-0.474747 -0.481661 9.663100
-0.487494 -0.488513 -3.377710
-0.486092 -0.445901 -3.340260
-0.451383 -0.457560 -3.183294
-0.479893 -0.455860 -3.344899
-0.474519 -0.484602 -3.092481
-0.484199 -0.415795 -3.651100
-0.497110 -0.493470 6.268980
-0.493022 -0.480929 6.927460
-0.437728 -0.447371 -3.334410
-0.466360 -0.461022 -2.948213
-0.428773 -0.450370 -3.685671
-0.481714 -0.437104 -3.154952
-0.484125 -0.417301 -3.131715
-0.494274 -0.496730 9.926728
-0.499543 -0.434508 -2.530490
-0.491485 -0.439926 -2.480094
-0.474148 -0.496340 9.187020
-0.492218 -0.454012 -3.404752
-0.446078 -0.496585 9.655219
-0.468594 -0.459247 -4.152387
-0.468189 -0.471215 -3.195109
-0.466866 -0.475786 -2.190862
-0.489088 -0.463970 6.817535
-0.484006 -0.454020 -2.793298
-0.460175 -0.491225 -4.027309
-0.499364 -0.434485 7.082082
-0.465798 -0.439248 -3.316334
-0.459894 -0.455948 -2.885382
-0.491489 -0.433917 -3.003330
-0.481755 -0.470198 -3.761878
-0.462857 -0.491610 -3.916827
-0.487655 -0.380761 -2.996846
-0.481887 -0.416432 6.796048
-0.445098 -0.444808 -3.124840
-0.473560 -0.434307 -3.223895
-0.481058 -0.463373 -3.581906
-0.478262 -0.477889 -3.670461
-0.465531 -0.490616 -2.941221
-0.463920 -0.437014 -3.070156
-0.491523 -0.408045 -2.437662
-0.476311 -0.479296 -3.630501
-0.479082 -0.435165 -2.874825
-0.399677 -0.416473 -1.931551
-0.465339 -0.443152 -3.215082
-0.458990 -0.495109 10.199184
-0.485570 -0.426903 6.673157
-0.486612 -0.467945 -4.482823
-0.493111 -0.477533 -0.476074
-0.493867 -0.482986 9.508916
-0.460103 0.188605 -6.115594
-0.451398 0.136187 -3.145328
-0.449181 -0.474950 9.864839
-0.494779 -0.457044 -3.777897
-0.468216 -0.484960 -2.800578
-0.487904 -0.443269 -3.113504
-0.465070 -0.400415 -3.183927
-0.464705 -0.497235 -4.006781
-0.475120 -0.439065 -2.309919
-0.479415 -0.410029 -2.856047
-0.470149 -0.490565 -2.486332
-0.492781 -0.452542 -2.756231
-0.481265 -0.443372 -3.710327
-0.498614 -0.453363 -3.004981
-0.467242 -0.496199 -3.186026
-0.059994 0.004543 -6.064485
-0.498678 -0.478773 -3.784782
-0.475518 -0.482854 9.091335
-0.492757 -0.471512 9.802233
-0.433995 -0.487944 -4.000612
-0.492776 -0.418098 6.467232
-0.457106 -0.499881 10.279924
-0.476990 -0.491877 -3.451514
-0.472444 -0.417231 -2.153011
-0.428184 -0.468710 -3.413997
-0.463939 -0.496974 -2.975559
-0.485271 -0.466274 -3.559311
-0.457461 -0.453318 -3.299409
-0.439881 -0.473509 -2.721365
-0.492078 -0.430589 -3.381838
-0.455526 -0.447405 -2.969333
-0.493301 -0.401070 6.599146
-0.493691 -0.423111 -3.079918
-0.486567 -0.431366 -2.755205
-0.445031 -0.445852 -3.360612
-0.463875 -0.481235 -3.451709
-0.470163 -0.459884 -3.075815
-0.489289 -0.463753 -3.421337
-0.479706 -0.454561 -2.767219
-0.456013 -0.426161 -2.670663
-0.458323 -0.412408 -3.700505
-0.444183 -0.479663 -3.151489
-0.465905 -0.399507 -4.182021
-0.487567 -0.439961 -3.205016
-0.491588 -0.435708 -2.848355
-0.446765 -0.477151 9.016244
-0.464232 0.057468 -6.037782
-0.482728 -0.467455 -2.807765
-0.495977 -0.433229 -2.841397
-0.494882 -0.447566 -3.892072
-0.468442 -0.401773 -3.537095
-0.485254 -0.427860 -3.097235
-0.493415 -0.459687 -3.867160
-0.489719 -0.481565 -3.288295
-0.411150 -0.495608 -2.685921
-0.497059 -0.441687 6.015484
-0.444378 -0.487462 -3.765939
-0.474833 -0.465996 -4.014286
-0.481876 -0.473012 -3.265340
-0.493436 -0.497107 9.920381
-0.492069 -0.463406 -3.285187
-0.498976 -0.444961 -3.730818
-0.457500 -0.481111 -3.029411
-0.466349 -0.466022 -3.202499
-0.484533 -0.410045 -3.898902
-0.356140 0.102041 5.502238
-0.496869 -0.449428 -3.219304
-0.496756 -0.481946 -0.908407
-0.480477 -0.423868 -3.301633
-0.495208 -0.456097 -2.846515
-0.487259 -0.497351 0.237901
-0.463289 -0.407124 -2.318651
-0.481405 -0.477230 -3.655989
-0.482300 -0.478367 6.552648
-0.476873 -0.447901 -3.638954
-0.443894 -0.478889 -3.077469
-0.469783 -0.468936 -3.630040
-0.483381 -0.473415 9.474827
-0.496798 -0.420222 -2.824888
-0.498274 -0.442528 -3.170627
-0.477698 -0.470534 9.035653
-0.487127 -0.394855 6.556865
-0.477175 -0.425811 -2.593874
-0.498324 -0.397900 -2.454453
-0.490601 -0.436982 6.799587
-0.478213 -0.474635 -3.592132
-0.499469 -0.496982 9.729528
-0.492246 -0.460884 5.908695
-0.469403 -0.464480 -2.859588
-0.485371 -0.436320 -3.049112
-0.478023 -0.491403 8.872614
-0.466496 -0.474563 -3.005721
-0.468547 -0.413139 -2.677048
-0.449354 -0.480942 8.542889
-0.484085 -0.409040 6.464178
-0.466594 -0.488726 9.883303
-0.496930 -0.462023 -3.740990
-0.466170 -0.421867 -2.814034
-0.467787 -0.474262 -3.674575
-0.487075 -0.471083 6.225379
-0.436078 -0.487428 -3.058866
-0.290169 -0.398436 -3.265186
-0.492371 -0.456801 -3.001793
-0.482343 -0.472037 5.736505
-0.458921 -0.487326 -3.506170
-0.474038 -0.465221 -2.955740
-0.489491 -0.466545 6.875785
-0.492791 -0.452191 6.219245
-0.432058 -0.404974 -2.645534
-0.488208 -0.480080 9.737306
-0.484601 -0.414663 -3.481715
-0.487121 -0.457694 -3.195440
-0.490816 -0.425509 -2.747714
-0.481068 -0.467067 6.530841
-0.469258 -0.434946 -3.166320
-0.491930 -0.496288 9.878394
-0.493692 -0.476192 -3.118543
-0.491564 -0.433848 -3.099945
-0.497554 -0.483032 -3.239950
-0.459215 -0.416962 -3.195007
-0.473347 -0.439858 -2.926686
-0.490222 -0.490046 -0.062567
-0.462073 -0.443098 -3.339013
-0.479155 -0.446242 -2.733325
-0.485734 -0.469363 -2.955827
-0.468082 -0.440709 -3.270838
-0.427771 -0.462184 -3.404605
-0.414950 -0.426749 -2.057234
-0.498300 -0.487928 -0.211557
-0.467792 -0.479259 9.062601
-0.477013 -0.429231 -3.828731
-0.457840 -0.493118 -2.920493
-0.484143 -0.433646 -3.408089
-0.481080 -0.416762 -3.292253
-0.462593 -0.452402 -2.853429
-0.479760 -0.464323 -2.758205
-0.495450 -0.444323 -2.158790
-0.459080 -0.473502 -3.734993
-0.450261 -0.448753 -3.564741
-0.493715 -0.486502 -4.016188
-0.472698 -0.465743 -3.648177
-0.461010 -0.474970 -3.461503
-0.464705 -0.442506 -3.121517
-0.491315 -0.433677 -3.832922
-0.481080 -0.433803 -2.739593
-0.494696 -0.492454 10.082068
-0.450665 -0.421839 -2.778015
-0.471497 -0.409888 -3.240764
-0.481541 -0.482751 -3.265283
-0.494573 -0.416481 -3.836073
-0.493570 -0.445185 -3.874575
-0.451126 -0.498951 9.832114
-0.477574 -0.448261 -2.815579
-0.454096 -0.424680 -3.397989
-0.493346 -0.493844 9.116666
-0.482573 -0.461495 -3.127811
-0.485094 -0.437408 -3.622651
-0.382985 0.051888 4.542919
-0.456764 -0.453881 -3.051940
-0.488921 -0.484464 -3.132879
-0.484699 -0.449812 -3.477616
-0.470681 -0.450157 -2.719236
-0.499270 -0.476425 6.473024
-0.475349 -0.433044 6.650630
-0.486655 -0.450599 -3.190082
-0.474793 -0.405982 6.488634
-0.495355 -0.477542 6.520875
-0.498887 -0.452776 -2.951855
-0.475571 -0.462223 -3.547197
-0.469096 -0.464892 -3.802999
-0.452769 -0.378088 -2.762193
-0.418291 -0.486701 -2.979597
-0.481220 -0.434642 -2.927659
-0.494496 -0.487547 6.717030
-0.453399 -0.492124 9.684170
-0.494103 -0.487697 6.681975
-0.455388 -0.474451 -3.210735
-0.154269 0.474220 4.722385
-0.471176 -0.394690 -3.508533
-0.498160 -0.427895 -3.491821
-0.499273 -0.474436 -3.896621
-0.487425 -0.432236 -3.515170
-0.496324 -0.483393 9.387657
-0.421231 -0.440281 -2.813636
-0.488628 -0.455823 5.824367
-0.472709 -0.385213 -2.925910
-0.157462 -0.164099 4.057057
-0.401122 -0.412176 -2.579011
-0.499733 -0.481517 -3.353124
-0.488111 -0.498182 8.610624
-0.483115 -0.413762 -3.821537
-0.486435 -0.471393 -3.507877
-0.483550 -0.420372 6.705155
-0.464155 -0.418264 -3.076772
-0.489171 -0.430718 6.203053
-0.460898 -0.437392 -3.013116
-0.467773 -0.478738 -3.062512
-0.494778 -0.421845 -2.923857
-0.474425 -0.463719 -3.567557
-0.495968 -0.439689 -2.269411
-0.463885 -0.465600 -3.905071
-0.461300 -0.430457 -3.348456
-0.484522 -0.454133 -2.844439
-0.482894 -0.456338 -3.837426
-0.498502 -0.459254 -2.930704
-0.469482 -0.476290 9.175208
-0.470075 -0.467292 -3.610319
-0.482877 -0.377407 6.192397
-0.467507 -0.426167 -2.940822
-0.467907 -0.456737 -3.899254
-0.454897 -0.454641 -2.968225
-0.498328 -0.468685 -2.941204
-0.492286 -0.400381 -3.082623
-0.483904 -0.464337 6.421785
-0.487246 -0.429662 -2.849223
-0.454385 -0.381851 -2.920867
-0.486059 -0.403623 6.792788
-0.475011 -0.464539 -2.571596
-0.484239 -0.470965 -3.210667
-0.459550 -0.466472 -3.141087
-0.491690 -0.481591 7.073565
-0.474846 -0.492957 8.753695
-0.496116 -0.498853 -3.441581
-0.484935 -0.419950 -3.711488
-0.430311 -0.415949 -3.595239
-0.495414 -0.453290 -3.390645
-0.442967 -0.448417 -3.538245
-0.497687 -0.423389 -3.183727
-0.477396 -0.493865 -3.525436
-0.460449 -0.496251 -3.748440
-0.485430 -0.449378 6.405452
-0.463027 -0.455749 -2.813652
-0.476842 -0.391954 6.611082
-0.490624 -0.430277 -3.371559
-0.389520 -0.391838 -2.325247
-0.455409 -0.488093 9.271185
-0.496735 -0.398950 6.075054
-0.499405 -0.436746 -2.506004
-0.483879 -0.499701 6.587045
-0.484235 -0.456386 6.059053
-0.491527 -0.475913 9.359201
-0.479791 -0.449820 -3.594356
-0.479992 -0.464895 -3.513084
-0.484054 -0.492573 -3.623614
-0.452517 -0.496147 9.472090
-0.455592 -0.411621 -3.035438
-0.487751 -0.459214 -2.620349
-0.493787 -0.432354 5.278939
-0.497559 -0.452674 -2.920988
-0.467487 -0.460268 -3.911640
-0.452402 -0.495393 -2.968093
-0.495145 -0.413918 -3.017757
-0.469330 -0.441463 -3.023225
-0.489814 -0.441587 6.295965
-0.461000 -0.462536 -3.645633
-0.490621 -0.471720 5.572747
-0.475298 -0.456284 -2.847015
-0.476967 -0.463146 -2.718325
-0.491434 -0.474996 6.511938
-0.496060 -0.420405 5.794450
-0.419289 -0.468550 -2.369248
-0.490726 -0.402489 7.195526
-0.476890 -0.479906 9.144526
-0.472136 -0.440716 -2.729046
-0.487280 -0.460337 -3.115964
