-0.423478 -0.434062 -2.455447
-0.433972 -0.395822 -1.967146
-0.417181 -0.435754 -2.859880
-0.414105 -0.498798 -2.814287
-0.417791 -0.463484 -3.480133
-0.386482 -0.469075 -2.247636
-0.441734 -0.481092 -2.310052
-0.447806 -0.481406 7.962512
-0.420190 -0.463677 -2.165906
-0.419198 -0.490707 -2.679456
-0.404255 -0.496056 9.140630
-0.411137 -0.441950 -3.108534
-0.440108 -0.443474 -3.242299
-0.418346 -0.486629 -2.600467
-0.409616 -0.453745 -2.361704
-0.453753 -0.463248 -2.704923
-0.418984 -0.469654 -3.309853
-0.437648 -0.423930 -3.324193
-0.450927 -0.464280 -2.739038
-0.415715 -0.432639 -1.829717
-0.413937 -0.400521 -2.880029
-0.434133 -0.499773 -3.711525
-0.424608 -0.444659 -2.370621
-0.491684 -0.486830 5.321089
-0.394730 -0.469714 -3.412319
-0.442949 -0.479785 -3.449960
-0.408385 -0.466379 -2.566796
-0.460471 -0.484498 7.647967
-0.424432 -0.464139 -2.241147
-0.434003 -0.463680 -3.385279
-0.400166 -0.490070 -2.670417
-0.412160 -0.425461 -3.187700
-0.498284 -0.478012 -2.981655
-0.393381 -0.443021 -3.511994
-0.411474 -0.390320 -2.836417
-0.398492 -0.484924 9.445030
-0.399089 -0.474035 -2.758564
-0.401378 -0.420557 -2.783755
-0.412186 -0.490843 9.355364
-0.406925 -0.460925 -2.410607
-0.427905 -0.468578 -2.042038
-0.403204 -0.466084 -2.105104
-0.385246 -0.440879 -3.043939
-0.466456 -0.489999 8.926920
-0.477120 -0.466965 5.824239
-0.397531 -0.459572 -2.539703
-0.420373 -0.482976 -2.635841
-0.392539 -0.476629 -2.630505
-0.429602 -0.431979 -3.054589
-0.394315 -0.443655 -2.410826
-0.430976 -0.450212 -2.637937
-0.397788 -0.497911 8.282286
-0.477116 -0.470393 5.962307
-0.451611 -0.458053 -3.066093
-0.418257 -0.471186 -2.777092
-0.410574 -0.468829 -2.073719
-0.429842 -0.488043 -2.737710
-0.383405 -0.491022 8.743188
-0.434133 -0.412355 -2.089081
-0.419556 -0.494954 9.339660
-0.412703 -0.437244 -2.549026
-0.403241 -0.461287 -3.033235
-0.499657 -0.466079 5.284624
-0.429082 -0.486443 8.929689
-0.410577 -0.467660 -2.977737
-0.439597 -0.484080 -2.819395
-0.340331 -0.408977 -2.013340
-0.373112 -0.469671 -2.899407
-0.398940 -0.465369 -3.030583
-0.453841 -0.498712 8.547752
-0.495282 -0.495337 6.151909
-0.437469 -0.449723 -2.372606
-0.427782 -0.470543 -1.836361
-0.391473 -0.474577 -2.944540
-0.407479 -0.448381 -2.717978
-0.414212 -0.475433 -1.668913
-0.468298 -0.449395 -3.176281
-0.433811 -0.459346 -2.327979
-0.493663 -0.488956 0.091595
-0.418547 -0.497838 -2.677577
-0.409387 -0.497422 -3.404390
-0.428655 -0.487813 8.827529
-0.401180 -0.468338 -3.050361
-0.474839 -0.477128 5.792861
-0.407048 -0.460074 -2.645318
-0.439994 -0.483593 -2.805196
-0.436980 -0.442831 -1.990019
-0.423806 -0.436241 -3.261753
-0.410655 -0.492252 -1.820279
-0.430477 -0.482561 -2.414015
-0.416787 -0.439806 -2.483283
-0.399115 -0.441130 -3.150693
-0.407878 -0.459468 -2.608521
-0.429011 -0.483216 8.319123
-0.397644 -0.494687 8.548849
-0.424653 -0.460074 -3.374210
-0.433602 -0.476787 -2.723712
-0.439022 -0.477739 -2.198813
-0.399763 -0.494430 8.993662
-0.393772 -0.487020 -2.441138
-0.411202 -0.449735 -3.017757
-0.434676 -0.488084 -3.047932
-0.408188 -0.488868 -2.384515
-0.420774 -0.434193 -2.577408
-0.490100 -0.492696 -0.043661
-0.401355 -0.438831 -2.526658
-0.421868 -0.421903 -2.314162
-0.416157 -0.486134 8.097368
-0.398112 -0.458937 -3.076401
-0.380991 -0.421600 -1.593116
-0.409084 -0.438150 -2.921581
-0.448706 -0.477956 -2.660303
-0.397644 -0.458835 -2.361474
-0.432759 -0.468842 -3.438512
-0.380055 -0.488308 -1.960405
-0.398895 -0.454658 -3.290288
-0.396800 -0.430331 -2.305021
-0.394468 -0.463067 -2.873493
-0.412271 -0.477446 -2.676116
-0.396857 -0.452594 -2.192924
-0.428964 -0.495529 8.433189
-0.424569 -0.444778 -2.327094
-0.410479 -0.495883 -2.599184
-0.435392 -0.479029 -3.359587
-0.428266 -0.499668 -2.144515
-0.415839 -0.479278 -2.346391
-0.436390 -0.497753 -2.479883
-0.424346 -0.493003 -2.104069
-0.413355 -0.487540 -3.216784
-0.444834 -0.456124 -2.756994
-0.435451 -0.460559 -2.215820
-0.420937 -0.426708 -2.868649
-0.431540 -0.443477 -2.554330
-0.494765 -0.481287 5.838011
-0.432041 -0.471446 -2.482020
-0.443719 0.145197 -5.377106
-0.470634 0.337313 5.356264
-0.481323 -0.484768 5.179781
-0.435740 -0.431293 -3.251134
-0.424689 -0.462098 -2.906368
-0.410568 -0.453723 -3.032923
-0.422990 -0.434294 -2.431100
-0.383454 -0.482674 -2.398272
-0.403772 -0.498394 8.883227
-0.440983 -0.470528 -2.993204
-0.437146 -0.418151 -2.969387
-0.471830 -0.482356 5.598297
-0.384171 -0.426851 -3.084974
-0.426641 -0.472281 -2.767802
-0.430513 -0.488862 8.348063
-0.382212 -0.452331 -2.589451
-0.421312 -0.421738 -3.330586
-0.432737 -0.422148 -3.608036
-0.438318 -0.446714 -2.948912
-0.499535 -0.486833 5.690784
-0.421742 -0.456132 -2.758071
-0.397790 -0.436452 -2.686588
-0.402589 -0.499409 8.242365
-0.412666 -0.435963 -2.680755
-0.437704 -0.468546 -2.770127
-0.467811 0.168459 -5.451561
-0.496335 -0.479309 -3.204826
-0.401969 -0.492547 -3.067868
-0.427651 -0.470689 -2.799767
-0.431159 -0.471634 -1.561252
-0.412754 -0.448608 -3.182821
-0.418868 -0.485272 -2.951323
-0.420417 -0.383662 -2.603052
-0.399306 -0.484991 -2.590475
-0.409805 -0.482443 -2.217123
-0.380629 -0.426983 -2.125500
-0.438974 -0.445837 -2.443914
-0.411918 -0.486217 9.152299
-0.459426 -0.481958 -2.636066
-0.429726 -0.427787 -2.664693
-0.433354 -0.494060 -3.281911
-0.477759 -0.443982 6.455108
-0.440076 -0.446676 -2.846065
-0.490612 -0.498763 -0.358477
-0.428338 -0.452610 -2.556050
-0.404164 -0.439935 -2.290805
-0.450382 0.156808 -4.930943
-0.368787 -0.467977 -2.393178
-0.402998 -0.460775 -2.748821
-0.484449 -0.462126 5.310682
-0.415922 -0.466207 -3.018112
-0.404169 -0.436252 -3.446887
-0.403195 -0.479569 -2.181468
-0.404212 -0.482713 8.991846
-0.384195 -0.400573 -2.720782
-0.420488 -0.460007 -2.514144
-0.489446 -0.481822 6.243310
-0.427999 -0.474111 -2.252281
-0.398340 -0.494726 -2.688131
-0.488962 -0.431309 5.493665
-0.458161 -0.489541 -2.495003
-0.412733 -0.425940 -2.537623
-0.485818 -0.490596 6.436502
-0.415491 -0.492952 -2.968754
-0.445550 -0.470197 -2.665219
-0.312064 0.407986 -4.880384
-0.442603 -0.437907 -3.037495
-0.420710 -0.469919 -2.248842
-0.485687 -0.459710 6.181329
-0.417790 -0.484645 -3.462959
-0.422835 -0.477761 9.141538
-0.394719 -0.466139 -3.034094
-0.437843 -0.485421 -2.986065
-0.410654 -0.487259 -3.031641
-0.489115 -0.454156 5.415052
-0.453564 -0.473087 -2.262997
-0.422900 -0.485206 -3.249438
-0.409382 -0.443419 -3.129539
-0.401877 -0.435688 -3.619310
-0.429961 -0.452378 -2.665101
-0.441693 -0.468144 -3.327229
-0.490694 -0.494356 5.862852
-0.431098 -0.498998 8.796897
-0.383328 -0.448980 -2.642157
-0.400927 -0.491871 -2.184408
-0.405170 -0.443569 -3.337505
-0.425933 -0.417696 -1.857734
-0.414572 -0.456776 -2.181072
-0.392477 -0.464729 -3.244841
-0.437011 -0.490579 -3.249961
-0.431509 -0.499546 8.604673
-0.385823 -0.488200 -2.144573
-0.400761 -0.468125 -3.136227
-0.396636 -0.437040 -2.783206
-0.415653 -0.446204 -2.688581
-0.422715 -0.405328 -2.777035
-0.441830 -0.476637 -1.966441
-0.416843 -0.444288 -2.741339
-0.400467 -0.484179 -2.836334
-0.412463 -0.481621 -1.480025
-0.428557 -0.433493 -2.854121
-0.406271 -0.470030 -2.749755
-0.393375 -0.475370 -3.188904
-0.416861 -0.444662 -2.808005
-0.374002 -0.494895 -1.774242
-0.411148 -0.476304 -1.931529
-0.426288 -0.468930 -3.906740
-0.487590 -0.486454 -0.438139
-0.412164 -0.391195 -2.444059
-0.443044 -0.478339 8.225835
-0.411709 -0.496502 8.488232
-0.394370 -0.441425 -2.771443
-0.432345 -0.420865 -2.737938
-0.405435 -0.467722 -2.732127
-0.401852 -0.498215 7.669619
-0.448778 -0.440617 -3.049949
-0.393944 -0.449244 -2.734057
-0.433302 -0.454544 -3.158590
-0.368042 -0.488221 8.592812
-0.390969 -0.492667 8.357399
-0.415189 -0.499691 9.160758
-0.414104 -0.461121 -1.651977
-0.416045 -0.478569 -1.716154
-0.426028 -0.449679 -2.286059
-0.428566 -0.476018 -2.542046
-0.493455 -0.427539 6.360637
-0.386449 -0.451364 -2.894853
-0.420711 -0.475078 -2.002619
-0.437143 -0.451367 -2.374055
-0.404089 -0.496163 8.755437
-0.409651 -0.474808 -2.471807
-0.401789 -0.465734 -3.145062
-0.496085 -0.494511 9.207356
-0.435416 -0.490938 9.809145
-0.477724 -0.459583 6.140804
-0.416190 -0.446468 -3.136718
-0.447679 -0.425389 -2.947355
-0.398611 -0.463243 -1.974617
-0.423479 -0.458418 -2.653320
-0.440143 -0.465052 -2.796752
-0.437031 -0.449980 -2.595816
-0.432242 -0.494142 -3.120994
-0.395698 -0.440667 -2.813961
-0.400632 -0.415490 -3.307862
-0.406853 -0.473885 -2.429817
-0.481611 -0.495251 5.477255
-0.376172 -0.449976 -3.448546
-0.398975 -0.476220 -3.410289
-0.426572 -0.439583 -2.527433
-0.437297 -0.496158 8.866712
-0.412647 -0.378028 -2.912872
-0.443234 -0.466256 -3.439307
-0.438378 -0.463786 -3.001131
-0.467662 -0.472402 8.827153
-0.411456 -0.463236 -3.465021
-0.420867 -0.467699 -2.522974
-0.412473 -0.486459 -2.432447
-0.232794 0.413825 -5.763649
-0.434669 -0.447559 -2.900811
-0.460752 -0.460710 -2.902536
-0.425277 -0.486111 -2.166417
-0.401096 -0.447348 -3.204171
-0.476856 -0.478323 6.105160
-0.417124 -0.494148 -1.850927
-0.414262 -0.439997 -2.448762
-0.407900 -0.464433 -2.943177
-0.413863 -0.490604 -2.049869
-0.394330 -0.412754 -2.562243
-0.386830 -0.443914 -2.736804
-0.395135 -0.425287 -3.009003
-0.486107 -0.470737 5.536189
-0.449224 -0.491449 9.522208
-0.418007 -0.433505 -2.938774
-0.426970 -0.446643 -2.528393
-0.420792 -0.474593 -2.870029
-0.398529 -0.464245 -2.453102
-0.402334 -0.473900 -2.483636
-0.450802 0.121668 -5.724318
-0.391230 -0.466097 -3.196977
-0.413898 -0.488643 -2.870229
-0.406066 -0.468939 -2.550836
-0.452478 -0.474511 -2.317240
-0.396819 -0.431128 -3.528013
-0.427002 -0.478908 -3.274794
-0.429167 -0.483252 9.055626
-0.406512 -0.490673 -3.387085
-0.396046 -0.470087 -2.923512
-0.410721 -0.481691 -3.164279
-0.432865 -0.401658 -2.225918
-0.402484 -0.474055 -2.838087
-0.423960 -0.485042 -2.257128
-0.426704 -0.453444 -3.095519
-0.422776 -0.478435 -2.464522
-0.439851 -0.490277 -2.784382
-0.477889 -0.499399 9.056204
-0.432923 -0.487677 -2.370418
-0.410011 -0.485350 9.126392
-0.395612 -0.430941 -3.214296
-0.488422 -0.493649 9.179724
-0.424108 -0.469525 -3.157415
-0.443127 -0.457521 -3.457871
-0.406572 -0.493146 8.810815
-0.431837 -0.427351 -2.747665
-0.430798 -0.464348 -3.250098
-0.415259 -0.437606 -1.865816
-0.418601 -0.491154 8.660450
-0.414704 -0.491378 8.985566
-0.424651 -0.444869 -2.315639
-0.476939 -0.448254 -2.313048
-0.447329 -0.470538 -2.015582
-0.410000 -0.489133 8.821485
-0.405501 -0.429663 -2.404791
-0.449139 -0.458679 -3.549198
-0.421729 -0.447009 -2.151398
-0.422975 -0.468085 -2.793235
-0.405097 -0.482810 -2.245625
-0.478179 -0.452108 5.499602
-0.415554 -0.489746 -2.612947
-0.411455 -0.473739 -2.906516
-0.433343 -0.482023 -2.661620
-0.417237 -0.494280 8.506937
-0.415737 -0.476657 -2.628951
-0.393691 -0.457360 -2.674040
-0.397686 -0.461270 -2.158730
-0.423513 -0.482139 -2.568040
-0.414359 -0.424108 -3.179782
-0.434522 -0.409247 -4.293489
-0.439842 -0.482276 -2.228515
-0.409311 -0.483882 -2.575126
-0.399781 -0.477494 -2.082297
-0.417034 -0.413201 -2.984683
-0.411366 -0.481496 -2.797440
-0.402266 -0.420410 -2.718233
-0.407893 -0.441907 -2.888708
-0.416214 -0.486068 -3.873870
-0.413399 -0.476713 -2.773646
-0.383599 -0.492985 -2.413447
-0.433268 -0.450173 -2.240142
-0.462585 -0.475191 -3.513472
-0.410916 -0.462145 -3.323402
-0.410285 -0.466551 -2.873603
-0.387184 -0.459232 -2.668713
-0.365125 -0.446690 -2.760106
-0.445025 -0.468533 -2.617673
-0.423660 -0.466347 -2.029704
-0.442555 -0.476131 -2.366442
-0.417882 -0.499861 -3.093691
-0.409756 -0.444783 -2.253885
-0.496995 -0.491376 -3.243703
-0.424397 -0.439722 -2.910047
-0.484758 -0.472183 5.936522
-0.401156 -0.429468 -2.885909
-0.412438 -0.425804 -2.235119
-0.359751 -0.438424 -2.474966
-0.420055 -0.491868 -2.823141
-0.431161 -0.440412 -3.078720
-0.386791 -0.444040 -2.977401
-0.441687 -0.475847 -3.198651
-0.389799 -0.430368 -3.187683
-0.350775 -0.461943 -2.693262
-0.402546 -0.466783 -1.986307
-0.382069 -0.471560 -2.046520
-0.450461 -0.496558 8.846600
-0.420704 -0.479847 8.936142
-0.481770 -0.459644 6.475411
