-0.443773 -0.425068 3.301350
-0.438125 -0.420970 3.355426
-0.421390 -0.423369 3.706788
-0.427404 -0.398928 3.455786
-0.422262 -0.444096 4.059927
-0.423619 -0.449702 4.695596
-0.442175 -0.415906 4.124629
-0.449403 -0.449868 3.659612
-0.421593 -0.443257 4.200765
-0.437384 -0.350920 3.770652
-0.420036 -0.397547 4.691128
-0.431827 -0.407272 3.483641
-0.496895 -0.451742 -1.264926
-0.410219 -0.456753 3.560114
-0.446204 -0.381519 4.372318
-0.411969 -0.404505 4.805403
-0.441073 -0.446409 3.856615
-0.411734 -0.387702 3.983246
-0.483694 -0.461190 -1.362173
-0.448998 -0.462635 4.312630
-0.423334 -0.443337 3.930875
-0.442209 -0.396619 4.504502
-0.416760 -0.385442 4.550840
-0.415544 -0.498826 4.203934
-0.425440 -0.396871 4.110045
-0.396147 -0.420385 4.250054
-0.430577 -0.369020 4.043755
-0.446919 -0.397721 3.978209
-0.427695 -0.489371 2.163330
-0.437034 -0.460724 4.393701
-0.394476 -0.429058 4.266657
-0.499478 -0.413708 4.568134
-0.420847 -0.443863 4.722792
-0.424403 -0.406336 4.003397
-0.474491 -0.414035 -0.866632
-0.383038 -0.438857 4.486831
-0.392306 -0.389519 3.436576
-0.491431 -0.380919 3.462764
-0.416472 -0.470812 4.159592
-0.492797 -0.465340 4.049909
-0.422773 -0.460067 3.632792
-0.487462 -0.473449 -0.899428
-0.411712 -0.443549 4.108944
-0.442272 -0.394990 4.256778
-0.423447 -0.453188 5.164146
-0.401754 -0.430103 4.292231
-0.419706 -0.444195 4.425339
-0.413774 -0.431209 4.294525
-0.437934 -0.464118 3.867941
-0.449882 -0.451995 4.884891
-0.454495 -0.401371 4.181428
-0.460501 -0.467800 4.246980
-0.447452 -0.414608 3.391072
-0.496102 -0.468512 5.045283
-0.444707 -0.482068 4.956302
-0.488622 -0.392603 3.856240
-0.440615 -0.404387 4.648766
-0.494452 -0.423845 -0.667331
-0.448012 -0.386144 3.777679
-0.442212 -0.409952 3.516076
-0.463062 -0.444371 4.382114
-0.486451 -0.387391 -1.398114
-0.410592 -0.477609 5.228757
-0.451591 -0.375267 4.317014
-0.417964 -0.404470 4.334032
-0.497457 -0.443244 -1.680445
-0.419819 -0.482611 3.168780
-0.437657 -0.420310 4.302084
-0.482053 -0.463421 5.127250
-0.443724 -0.434212 3.461996
-0.484994 -0.460460 3.028937
-0.414666 -0.428173 4.060727
-0.480614 -0.419827 3.783907
-0.491555 -0.420873 5.071433
-0.476592 -0.497845 -0.525162
-0.416919 -0.399234 3.978444
-0.418468 -0.446991 3.612758
-0.437744 -0.358074 3.649654
-0.413328 -0.386673 4.303655
-0.380506 -0.410723 3.798511
-0.452585 -0.422465 4.228210
-0.484425 -0.410206 4.446684
-0.459830 -0.439464 4.039406
-0.492757 -0.428450 3.494169
-0.429957 -0.388725 3.975885
-0.422999 -0.394575 4.301070
-0.450317 -0.438876 4.165181
-0.431128 -0.420181 3.668158
-0.455603 -0.427976 3.309938
-0.494458 -0.462297 -1.549518
-0.430343 -0.448980 4.334196
-0.433122 -0.471287 2.166757
-0.427144 -0.428085 3.802836
-0.413409 -0.430512 4.891262
-0.420942 -0.438047 4.260350
-0.418366 -0.428037 3.928270
-0.430095 -0.376630 3.776103
-0.417294 -0.431022 4.460075
-0.430217 -0.428767 4.523759
-0.432793 -0.466263 4.826832
-0.410082 -0.499130 1.869214
-0.427541 -0.474560 4.119565
-0.450557 -0.434151 4.131175
-0.433065 -0.452825 4.523260
-0.438342 -0.440762 4.415603
-0.435963 -0.481351 1.475676
-0.429639 -0.430019 4.318101
-0.429670 -0.349939 3.363204
-0.498325 -0.428174 -0.754014
-0.425563 -0.400393 4.554714
-0.420525 -0.405805 4.662309
-0.439861 -0.456744 3.651707
-0.468823 -0.455418 4.530199
-0.436842 -0.439163 4.720535
-0.499426 -0.468575 4.191316
-0.433927 -0.426816 5.047337
-0.424081 -0.427195 4.447572
-0.420082 -0.436939 3.803478
-0.438392 -0.478233 4.514829
-0.419276 -0.397943 3.972865
-0.498764 -0.390517 -0.991882
-0.440157 -0.464750 4.941456
-0.391809 -0.373417 3.527492
-0.426093 -0.421965 4.153217
-0.424586 -0.429046 4.247875
-0.480327 -0.460137 3.844591
-0.408063 -0.439708 4.366020
-0.433747 -0.439317 4.133994
-0.488726 -0.414682 4.086107
-0.450549 -0.422464 4.194991
-0.441701 -0.415590 5.051326
-0.456259 -0.422100 4.563826
-0.476266 -0.397879 -1.532391
-0.432689 -0.409659 3.869875
-0.440455 -0.424051 4.264933
-0.084530 -0.218196 0.122541
-0.480726 -0.363186 -1.047495
-0.489014 -0.422159 4.032685
-0.430568 -0.429786 4.820579
-0.447228 -0.404184 3.486267
-0.438696 -0.372016 3.577235
-0.433753 -0.490242 2.893535
-0.391036 -0.485567 3.898664
-0.422742 -0.395196 3.529983
-0.447813 -0.431072 4.452411
-0.409531 -0.463704 4.658228
-0.499987 -0.437680 -1.902283
-0.424953 -0.440360 4.051637
-0.461844 -0.433325 4.017941
-0.426737 -0.461667 4.085267
-0.435255 -0.451537 4.340709
-0.431728 -0.369370 3.035877
-0.497648 -0.383913 4.176104
-0.497081 -0.440695 -1.279860
-0.438869 -0.430047 4.657350
-0.399691 -0.368356 3.232331
-0.431541 -0.395659 4.509230
-0.449866 -0.440718 4.377569
-0.495166 -0.435554 -1.873098
-0.435323 -0.465716 4.307237
-0.232615 -0.215546 2.702689
-0.437747 -0.382567 3.790236
-0.429973 -0.437517 4.063346
-0.429962 -0.384288 4.292521
-0.425983 -0.416494 4.821765
-0.404551 -0.426475 4.258644
-0.392847 -0.402949 3.766793
-0.421573 -0.420203 3.593803
-0.434521 -0.385830 3.429289
-0.489248 -0.463433 4.671666
-0.442481 -0.435900 4.205752
-0.449943 -0.437635 4.447441
-0.498440 -0.452749 -2.075393
-0.440319 -0.398891 4.081463
-0.497710 -0.427507 3.755442
-0.452213 -0.455716 4.200379
-0.418713 -0.429839 3.972133
-0.495134 -0.382585 3.982314
-0.424676 -0.457751 3.841901
-0.406045 -0.474027 4.387306
-0.494052 -0.462906 -1.253372
-0.487858 -0.334186 4.237364
-0.453938 -0.455441 4.236347
-0.447095 -0.456729 3.974942
-0.487484 -0.381402 -0.902321
-0.442468 -0.418617 4.086096
-0.421136 -0.465104 4.180336
-0.411303 -0.375723 3.073151
-0.445439 -0.423593 3.892921
-0.449093 -0.414122 4.326736
-0.418659 -0.389889 3.825617
-0.465980 -0.416301 4.272967
-0.497989 -0.478139 1.360742
-0.410768 -0.381504 3.429207
-0.421331 -0.375720 3.915102
-0.430197 -0.411693 4.098157
-0.413993 -0.437187 3.916101
-0.472037 -0.377431 4.489093
-0.417693 -0.459089 4.195848
-0.494017 -0.436092 -0.672373
-0.452748 -0.375468 4.081940
-0.488242 -0.401395 -2.038509
-0.440629 -0.457363 3.960113
-0.497758 -0.465018 -0.901189
-0.488776 -0.402984 3.027998
-0.418005 -0.464671 4.362924
-0.391890 -0.394826 3.173535
-0.428157 -0.447618 4.357260
-0.483635 -0.371780 -0.621391
-0.461308 -0.451794 4.080507
-0.418085 -0.425952 4.593603
-0.452772 -0.442920 3.836508
-0.463955 -0.426860 4.411149
-0.419960 -0.438230 4.249263
-0.410976 -0.448173 4.740668
-0.444401 -0.422398 4.812119
-0.453670 -0.413734 4.133375
-0.457056 -0.390875 4.265656
-0.415046 -0.482674 3.755028
-0.422272 -0.398380 4.581905
-0.420240 -0.463217 3.547182
-0.435167 -0.436638 4.125175
-0.408358 -0.469258 4.723753
-0.414048 -0.384635 3.109297
-0.492934 -0.381114 -1.167382
-0.392845 -0.469726 3.301714
-0.432774 -0.475290 4.090954
-0.400187 -0.448294 4.381585
-0.475389 -0.494539 7.871668
-0.476404 -0.473415 1.533805
-0.455090 -0.392066 4.003412
-0.418118 -0.430586 4.453049
-0.447718 -0.404091 4.280250
-0.422415 -0.410817 4.234679
-0.447323 -0.485078 1.480483
-0.394104 -0.499591 2.762211
-0.437929 -0.465104 3.866981
-0.420072 -0.483367 4.412996
-0.429274 -0.477694 3.737340
-0.433592 -0.400548 3.830254
-0.482184 -0.463364 3.855973
-0.399422 -0.454225 4.472682
-0.478394 -0.369238 -1.221477
-0.481377 -0.370081 4.001660
-0.399019 -0.417925 3.761403
-0.442465 -0.402267 4.089176
-0.418297 -0.417921 3.441475
-0.432852 -0.452630 4.460108
-0.422540 -0.425467 3.541166
-0.431067 -0.369976 3.509224
-0.387792 -0.465130 3.694198
-0.408566 -0.394980 4.410549
-0.389235 -0.441808 4.239070
-0.449235 -0.463923 3.979652
-0.436664 -0.423757 3.858861
-0.426835 -0.398501 3.989086
-0.439685 -0.455282 4.544635
-0.410408 -0.368621 3.093729
-0.495981 -0.396023 -0.934003
-0.411176 -0.414765 4.522154
-0.424339 -0.450614 4.594789
-0.467153 -0.406274 4.074317
-0.371887 -0.479237 3.558455
-0.437941 -0.402218 3.806636
-0.438589 -0.477630 3.329710
-0.400772 -0.468343 3.324437
-0.427299 -0.481473 2.358825
-0.411671 -0.400162 4.502739
-0.498716 -0.405667 4.348356
-0.443626 -0.387034 3.886160
-0.408909 -0.426257 3.709460
-0.398155 -0.409323 5.302753
-0.424088 -0.441950 4.465081
-0.412695 -0.435990 4.583299
-0.433689 -0.463946 4.489804
-0.476804 -0.464779 -1.100655
-0.469511 -0.412589 4.403045
-0.414913 -0.423758 5.139086
-0.433484 -0.400166 4.075224
-0.414781 -0.436548 4.475993
-0.393354 -0.430405 4.789109
-0.421449 -0.400158 4.762143
-0.488393 -0.442040 4.094333
-0.409926 -0.427869 4.710375
-0.400903 -0.431199 3.290570
-0.482017 -0.448012 3.938510
-0.425527 -0.401242 3.489723
-0.493863 -0.456350 -1.122481
-0.444072 -0.461031 4.815314
-0.425076 -0.426564 4.517866
-0.449992 -0.441045 4.447390
-0.445716 -0.432659 3.926371
-0.120203 0.471197 -5.173105
-0.403093 -0.447181 4.656831
-0.442923 -0.388065 4.243104
-0.414648 -0.451152 4.060797
-0.428912 -0.475209 3.371752
-0.458541 -0.445298 3.866569
-0.459347 -0.480202 2.253263
-0.420896 -0.471285 4.074567
-0.450607 -0.413109 3.934803
-0.417641 -0.414204 3.980784
-0.407626 -0.432129 4.026525
-0.417942 -0.422101 3.528309
-0.428823 -0.417510 4.504289
-0.397909 -0.385746 2.698969
-0.407405 -0.421605 4.394448
-0.456140 -0.466485 4.291687
-0.405312 -0.462321 3.657189
-0.489069 -0.446440 -0.547846
-0.436211 -0.409192 4.331006
-0.494246 -0.450444 -2.416435
-0.484763 -0.291277 -2.504399
-0.487877 -0.422736 4.235101
-0.429111 -0.429139 3.863982
-0.444309 -0.437237 3.229479
-0.429329 -0.376010 4.145355
-0.433463 -0.351113 3.458106
-0.440801 -0.455218 4.427665
-0.423086 -0.431185 4.179844
-0.474028 -0.416309 4.240473
-0.493769 -0.405612 3.924905
-0.448662 -0.450202 4.000975
-0.419393 -0.443588 4.380659
-0.402360 -0.438400 4.786681
-0.421940 -0.429106 4.500276
-0.394511 -0.398894 3.485708
-0.402424 -0.455354 4.580082
-0.406550 -0.466037 3.778125
-0.472868 -0.401914 0.023970
-0.432163 -0.445799 4.938619
-0.442803 -0.467155 4.131544
-0.490562 -0.464895 -1.749563
-0.427932 -0.405469 4.643885
-0.483980 -0.400650 4.307351
-0.480488 -0.468232 -0.580464
-0.433888 -0.429307 4.553901
-0.441941 -0.413708 4.027707
-0.413899 -0.433829 4.426075
-0.427485 -0.465047 4.356189
-0.417886 -0.419343 4.152067
-0.444264 -0.421398 4.285958
-0.433354 -0.404202 3.140065
-0.440272 -0.363905 2.993499
-0.430055 -0.379387 4.764438
-0.392136 -0.403468 3.849282
-0.426769 -0.474904 4.972822
-0.410344 -0.438724 3.124699
-0.416733 -0.458343 4.202373
-0.413832 -0.453320 4.231440
-0.435055 -0.455996 4.342486
-0.498141 -0.419749 -1.811433
-0.497194 -0.406831 -1.077260
-0.433835 -0.443045 4.321471
-0.422041 -0.491393 3.001052
-0.449891 -0.461405 4.666165
-0.490040 -0.435876 -0.656599
-0.498298 -0.463807 -1.764184
-0.433258 -0.444710 3.570329
-0.495688 -0.379576 3.774335
-0.437284 -0.467929 3.970820
-0.488106 -0.388091 -1.028630
-0.430943 -0.392227 3.782699
-0.492849 -0.444123 4.140586
-0.450294 -0.457392 4.327842
-0.443889 -0.495239 3.157238
-0.437510 -0.470677 2.167121
-0.438075 -0.366434 3.239285
-0.437658 -0.384846 4.735976
-0.413881 -0.445567 4.084872
-0.421598 -0.435246 4.005435
-0.445173 -0.399188 3.891127
-0.439148 -0.374037 5.102230
-0.432245 -0.446457 4.375215
-0.424343 -0.395134 4.787718
-0.447792 -0.415765 4.711950
-0.487590 -0.359527 3.905572
-0.444292 -0.383882 3.901289
-0.383322 -0.472863 4.058044
-0.406475 -0.391663 4.196408
-0.449226 -0.452065 4.846499
-0.411097 -0.440920 3.428239
-0.465692 -0.407295 3.233805
-0.460968 -0.417004 3.591278
-0.450414 -0.369607 4.068983
-0.470546 -0.400259 -1.546781
-0.423818 -0.415841 4.608722
-0.481119 -0.388048 3.845601
-0.446509 -0.416516 4.158654
-0.410010 -0.431268 3.938082
-0.495602 -0.425674 -0.760000
-0.441818 -0.482251 2.592135
-0.417071 -0.445182 4.656392
-0.395815 -0.463838 3.631826
-0.454388 -0.451369 5.041261
-0.427071 -0.439053 3.399933
-0.411792 -0.441924 4.196850
-0.497622 -0.465490 4.416600
-0.456633 -0.458481 4.307570
-0.495680 -0.458027 3.979979
