-0.469817 -0.353984 3.323370
-0.447151 -0.288386 2.484779
-0.387552 -0.429510 2.671368
-0.392615 -0.364387 3.331231
-0.422310 -0.315502 2.591633
-0.498740 -0.272905 2.484850
-0.368472 -0.406374 3.377991
-0.483327 -0.361979 3.493236
-0.433068 -0.366425 2.736439
-0.391229 -0.313836 2.125411
-0.467582 -0.419153 3.043473
-0.399614 -0.383013 3.274821
-0.392839 -0.365030 2.924135
-0.446573 -0.403489 2.764187
-0.421617 -0.380218 2.882153
-0.427995 -0.379902 2.517634
-0.482278 -0.388850 2.675543
-0.450929 -0.344688 3.592743
-0.496901 -0.405431 0.323628
-0.439498 -0.341648 2.536062
-0.420858 -0.372403 2.808089
-0.438765 -0.371563 2.111413
-0.446611 -0.363933 2.775225
-0.422435 -0.310896 2.598030
-0.412504 -0.327699 3.100011
-0.425163 -0.353498 3.829647
-0.378280 -0.385537 2.272849
-0.435114 -0.307019 3.558287
-0.491876 -0.376457 2.520734
-0.478446 -0.332060 2.702767
-0.484533 -0.332394 2.664398
-0.392809 -0.405710 2.637262
-0.491335 -0.307412 -0.315695
-0.412591 -0.389733 2.375344
-0.416910 -0.319443 2.087829
-0.436344 -0.364353 3.062915
-0.385572 -0.450839 3.228718
-0.430317 -0.385289 3.143939
-0.391512 -0.392941 3.296094
-0.414176 -0.401129 3.011170
-0.451721 -0.307283 3.575547
-0.388722 -0.347149 2.513969
-0.429568 -0.362193 3.560639
-0.492857 -0.379253 2.336183
-0.441287 -0.386338 2.279211
-0.479861 -0.403875 -0.317957
-0.494092 -0.354558 3.255828
-0.467395 -0.378543 2.306253
-0.440817 -0.403152 2.926099
-0.414481 -0.329062 2.817833
-0.496579 -0.350758 -0.071693
-0.439914 -0.434034 3.032662
-0.393457 -0.281201 1.226539
-0.420842 -0.320734 1.675319
-0.409360 -0.324684 3.207894
-0.438226 -0.350559 2.287292
-0.497863 -0.383488 2.601054
-0.454507 -0.376904 2.838781
-0.437630 -0.359580 2.315000
-0.396437 -0.341995 3.084815
-0.423475 -0.381009 2.691146
-0.455925 -0.332210 3.141441
-0.388164 -0.333560 2.055378
-0.462844 -0.390357 3.393915
-0.389680 -0.389473 2.574467
-0.373819 -0.389626 3.315719
-0.401757 -0.344925 3.050094
-0.435760 -0.342905 2.959176
-0.413581 -0.303464 2.770555
-0.396635 -0.398330 3.011465
-0.436918 -0.343348 3.240585
-0.430348 -0.353474 3.157162
-0.403249 -0.377859 2.409401
-0.486860 -0.416064 -0.296913
-0.411249 -0.384812 1.954561
-0.439971 -0.279692 3.556744
-0.421939 -0.295393 2.683848
-0.396865 -0.381691 2.717434
-0.428075 -0.341411 2.013651
-0.403196 -0.368111 2.441128
-0.437284 -0.331503 3.149174
-0.450339 -0.410418 3.200158
-0.415693 -0.335606 2.106675
-0.431652 -0.330646 2.810038
-0.415330 -0.330401 2.733969
-0.399989 -0.350712 2.792624
-0.405687 -0.413375 2.626983
-0.445515 -0.277531 2.289777
-0.412403 -0.269768 2.067518
-0.401923 -0.298504 2.367845
-0.410745 -0.288520 2.724474
-0.396635 -0.316060 2.666917
-0.447166 -0.260291 2.261347
-0.434440 -0.449766 2.980287
-0.427693 -0.344537 2.731463
-0.447744 -0.409941 2.369503
-0.492358 -0.354838 -0.400052
-0.403649 -0.344776 2.372014
-0.440832 -0.375935 2.565108
-0.411221 -0.379535 2.190280
-0.453444 -0.389380 3.691939
-0.388872 -0.403815 3.481517
-0.443775 -0.311526 3.369471
-0.492808 -0.279914 0.916932
0.020868 -0.485919 -3.235451
-0.434301 -0.392695 2.780298
-0.418109 -0.317724 3.446337
-0.464411 -0.332494 3.041093
-0.470913 -0.353502 3.346278
-0.445265 -0.294500 2.976452
-0.425529 -0.365437 3.347201
-0.446804 -0.340880 2.354800
-0.459421 -0.306278 2.965457
-0.429441 -0.390782 2.500113
-0.408676 -0.318999 3.524325
0.039309 0.023794 -1.000025
-0.436737 -0.375978 3.023189
-0.437001 -0.349852 2.615546
-0.402257 -0.392890 2.731271
-0.430895 -0.420298 2.679326
-0.385577 -0.343809 1.723137
-0.423490 -0.423413 2.646044
-0.389559 -0.288028 2.661521
-0.399300 -0.341141 3.571533
-0.433963 -0.334263 2.903471
-0.364146 -0.429505 1.709273
-0.496786 -0.415009 3.043192
-0.394210 -0.320896 2.325731
-0.436554 -0.274608 2.429611
-0.410423 -0.344304 2.595631
-0.385575 -0.415260 3.010810
-0.499367 -0.370776 2.726505
-0.423701 -0.323453 2.845740
-0.439750 -0.296573 2.769611
-0.449191 -0.328784 2.774075
-0.430627 0.077164 5.313358
-0.382601 -0.383640 3.113884
-0.396837 -0.322753 3.220624
-0.413590 -0.378831 2.432902
-0.424218 -0.282609 2.555281
-0.407809 -0.330197 2.988828
-0.448387 -0.393356 3.585811
-0.407763 -0.321415 2.789711
-0.424124 -0.345020 2.434010
-0.498049 -0.349727 0.304636
-0.447859 -0.274751 2.075149
-0.395795 -0.345153 2.480568
-0.394006 -0.390435 2.070306
-0.490430 -0.359882 3.013194
-0.490268 0.057440 4.466438
-0.453780 -0.296533 2.931457
-0.451243 -0.371673 2.855939
-0.487620 -0.295656 2.943019
-0.411365 -0.348333 1.989617
-0.396080 -0.341529 3.151110
-0.420611 -0.260870 1.773697
-0.432635 -0.300753 2.154036
-0.443051 -0.380870 2.672491
-0.458436 -0.384044 2.800987
-0.434325 -0.360782 2.606700
-0.470946 0.117868 4.850295
-0.428815 -0.354731 2.434819
-0.415732 -0.307799 2.123436
-0.421480 -0.318651 3.327982
-0.394555 -0.312392 2.455167
-0.460804 -0.349266 2.407783
-0.430615 -0.344176 2.674003
-0.443452 -0.316806 2.504488
-0.498157 -0.402490 -0.186712
-0.497116 -0.311160 3.224254
-0.395531 -0.394775 1.941692
-0.439874 -0.424810 2.419538
-0.389761 -0.369609 3.473048
-0.477334 -0.406610 0.085527
-0.439444 -0.294936 2.124204
-0.445462 -0.354572 3.110798
-0.435281 -0.345325 2.711260
-0.439759 -0.319239 2.690874
-0.418900 -0.347822 3.389863
-0.388236 -0.401381 3.361831
-0.444040 -0.326957 2.641514
-0.424130 -0.355200 2.433407
-0.439723 -0.331869 2.029253
-0.403910 -0.419554 2.444620
-0.397245 -0.368447 2.527229
-0.431361 -0.338677 2.443043
-0.421942 -0.328355 2.906166
-0.403536 -0.353581 3.480375
-0.444776 -0.316536 2.986439
-0.389097 -0.376352 2.661515
-0.428708 -0.390480 2.306911
-0.439317 -0.276248 2.161163
-0.485349 -0.255801 3.567257
-0.452348 -0.362234 2.703637
-0.459388 -0.317211 3.326368
-0.407348 -0.362930 3.529401
-0.453993 -0.257701 2.717395
-0.405054 -0.384672 2.214033
-0.473097 -0.297342 2.951286
-0.391832 -0.372448 2.638202
-0.437436 -0.298530 2.579395
-0.366180 -0.302826 2.467342
-0.492035 -0.372221 0.697490
-0.426338 -0.300964 1.670926
-0.426374 -0.363999 3.456743
-0.453888 -0.340821 3.037145
-0.380745 -0.390381 2.668003
-0.400409 -0.299913 1.630405
-0.433030 -0.384806 2.841521
-0.427546 -0.344035 3.040555
-0.379857 -0.335193 2.553227
-0.406566 -0.321831 2.805799
-0.435662 -0.389382 2.597808
-0.435388 -0.349058 3.019468
-0.422179 -0.357713 2.780219
-0.401202 -0.339485 2.518275
-0.431974 -0.374816 2.644059
-0.407955 -0.364195 3.205933
-0.401302 -0.312496 2.229839
-0.399551 -0.285980 2.636696
-0.400381 -0.391907 2.900138
-0.427295 -0.343006 2.929771
-0.496128 -0.343037 0.154002
-0.498371 -0.354580 2.836846
-0.439949 -0.372268 2.592113
-0.426497 -0.311312 2.378650
-0.436422 -0.318186 2.316539
-0.442130 -0.316492 2.417038
-0.454984 -0.362260 3.390483
-0.413939 -0.282141 2.077146
-0.428493 -0.359046 2.552347
-0.397688 -0.345175 2.244203
-0.421275 -0.314648 2.441083
-0.433595 -0.382499 2.261977
-0.448864 -0.390646 3.882493
-0.442255 -0.446854 2.805247
-0.430998 -0.301618 2.090642
-0.434577 -0.345046 3.034324
-0.492367 -0.387109 0.109353
-0.469809 -0.262999 2.396477
-0.428112 -0.358303 2.355447
-0.391029 -0.384799 3.412290
-0.484762 -0.361570 3.098496
-0.437811 -0.380637 2.179396
-0.432757 -0.322225 2.941586
-0.385767 -0.404046 2.661152
-0.442735 -0.373151 3.113285
-0.435069 -0.306087 2.592554
-0.388741 -0.330341 2.111311
-0.409886 -0.372711 2.641260
-0.414975 -0.315668 2.062929
-0.491288 -0.373042 2.872055
-0.487634 -0.293117 3.458007
-0.419992 -0.300985 2.581148
-0.425024 -0.366191 2.757460
-0.426550 -0.308229 2.007164
-0.432316 -0.308867 2.301406
-0.407259 -0.427948 2.438442
-0.411633 -0.434739 3.336253
-0.383275 -0.427301 2.181263
-0.428981 -0.286615 2.461715
-0.434182 -0.325213 1.994948
-0.486758 -0.282133 3.121086
-0.445702 -0.365362 3.082727
-0.422629 -0.314687 2.294865
-0.440826 -0.374769 3.062998
-0.422002 -0.290008 2.622144
-0.439770 -0.393300 2.899790
-0.408969 -0.339716 3.045980
-0.436550 -0.318252 2.573842
-0.445303 -0.359296 2.870116
-0.397193 -0.323170 3.329618
-0.403374 -0.325675 2.549822
-0.418693 -0.419621 2.735482
-0.463039 -0.374220 2.930941
-0.435976 -0.340120 2.357416
-0.398047 -0.429047 2.743649
-0.434007 -0.320366 2.774246
-0.405181 -0.351617 2.493846
-0.459014 -0.292005 2.038551
-0.387690 -0.393518 2.618226
-0.423713 -0.320509 3.096154
-0.422341 -0.345535 2.364680
-0.418373 -0.260343 2.068368
-0.442167 -0.354191 2.799591
-0.405031 -0.334955 2.827748
-0.403205 -0.421759 2.921444
-0.471310 -0.337505 3.101098
-0.429869 -0.299920 2.974238
-0.470367 -0.396405 2.602084
-0.401289 -0.324431 2.640786
-0.427369 -0.356832 2.672353
-0.474840 0.045211 4.362092
-0.407795 -0.384784 2.761491
-0.436504 -0.338880 3.401262
-0.391149 -0.337611 2.783615
-0.461143 -0.367169 2.762562
-0.414778 -0.411442 1.610548
-0.493229 -0.362678 3.073063
-0.430631 -0.298839 2.477859
-0.498383 -0.271864 0.722949
-0.400065 -0.406568 2.582579
-0.404086 -0.303740 2.467288
-0.401461 -0.342544 2.385569
-0.454644 -0.358103 2.569405
-0.483694 -0.355791 2.541708
-0.451410 -0.349548 2.285518
-0.451317 -0.293786 2.618126
-0.424771 -0.319307 2.947548
-0.442661 -0.338124 2.883923
-0.423911 -0.359119 2.215837
-0.414584 -0.268900 2.417276
-0.443688 -0.350758 2.779588
-0.401395 -0.364515 2.754920
-0.396595 -0.335123 2.002957
-0.428034 -0.320773 3.800679
-0.415004 -0.355209 1.388816
-0.430125 -0.327465 2.554782
-0.455493 -0.360543 3.197633
-0.495875 -0.271174 -0.689303
-0.425978 -0.341478 2.642407
-0.374919 -0.412437 2.847395
-0.420899 -0.344854 3.200563
-0.392832 -0.451489 2.707912
-0.388493 -0.400510 2.867117
-0.430002 -0.389704 2.047716
-0.499652 -0.406737 2.496784
-0.442605 -0.391597 2.771892
-0.404181 -0.335848 2.489523
-0.479985 -0.320523 2.929981
-0.058025 -0.305115 -3.298113
-0.430240 -0.318093 2.804018
-0.494134 -0.403888 0.686573
-0.498665 -0.350666 3.337692
-0.437842 -0.363757 2.507218
-0.445381 -0.430382 2.925458
-0.417571 -0.368410 1.890511
-0.387999 -0.372321 2.837658
-0.426211 -0.337409 2.127079
-0.394031 -0.392068 2.129795
-0.427448 -0.371681 2.000974
-0.399595 -0.378697 2.484320
-0.426831 -0.348104 2.451847
-0.436727 -0.352433 2.654933
-0.406345 -0.296655 2.623523
-0.405084 -0.302671 2.047575
-0.410279 -0.363158 2.580494
-0.491836 -0.382923 2.116875
-0.424201 -0.316420 2.371198
-0.436032 -0.353126 3.300650
-0.438114 -0.292111 1.977066
-0.372723 -0.329470 2.321698
-0.437547 -0.381490 2.901845
-0.422075 -0.313545 2.762672
-0.424680 -0.324686 2.613072
-0.427912 -0.335423 3.024070
-0.442935 -0.329258 2.080309
-0.416850 -0.338457 3.210307
-0.398716 -0.288254 2.086686
-0.415300 -0.295136 2.101638
-0.446401 -0.385092 2.297559
-0.453075 -0.357753 3.525324
-0.456342 -0.387768 2.536652
-0.462935 -0.317364 3.290768
-0.418163 -0.289681 3.225218
-0.379441 -0.366634 2.493633
-0.428143 -0.358432 2.329010
-0.421731 -0.342677 2.689915
-0.393419 -0.423478 3.289353
-0.446288 -0.323300 3.234210
-0.436904 -0.340872 2.993069
-0.441723 -0.365545 3.008979
-0.491200 -0.464268 0.033188
-0.450995 -0.393862 1.733442
-0.461260 -0.334002 2.821062
-0.447029 -0.362734 3.661639
-0.431882 -0.326914 2.665283
-0.440632 -0.296544 2.767120
-0.432686 -0.315507 2.480463
-0.468103 -0.300960 3.877059
-0.435089 -0.374430 3.262460
-0.495821 -0.376757 -0.452231
-0.404369 -0.357366 3.184295
-0.395956 -0.321372 2.862383
-0.458511 -0.372295 2.759333
-0.467806 -0.253863 2.330296
-0.434692 -0.361418 2.778102
-0.410988 -0.310891 2.073562
-0.374012 -0.395693 1.964305
-0.429121 -0.382607 3.022113
-0.491623 -0.358841 3.448186
-0.499812 -0.387771 0.533129
-0.444610 -0.340545 2.954971
-0.393366 -0.360007 3.237316
-0.434378 -0.391398 2.068544
-0.389193 -0.392664 2.913015
-0.387497 -0.308149 2.705763
-0.444858 -0.342861 2.848335
-0.430925 -0.305065 2.805501
-0.437150 -0.309342 3.081720
