-0.351597 -0.188535 3.106961
-0.300599 -0.091755 3.352970
-0.245145 -0.346572 3.784587
-0.338568 -0.107173 3.091361
-0.315417 -0.077299 3.299690
-0.265545 -0.239681 3.371457
-0.259684 -0.106712 3.657632
-0.272705 -0.125697 3.514430
-0.239417 -0.100361 3.261908
-0.150807 -0.499082 3.058698
-0.298953 -0.190089 3.070354
-0.310103 0.133376 2.702038
-0.296357 -0.255933 3.228218
-0.242729 -0.147724 3.631193
-0.323883 -0.001832 3.215212
-0.334572 0.032581 3.172263
-0.285656 -0.124086 3.602836
-0.267472 -0.112347 3.419550
-0.209200 -0.381508 3.732677
-0.205189 -0.401652 3.619109
-0.264142 -0.219856 3.389351
-0.199306 -0.226318 3.347942
-0.279591 -0.190189 3.289900
-0.229055 -0.363833 3.816116
-0.271433 -0.187937 3.510243
-0.341033 -0.056911 3.226522
-0.365589 -0.122666 3.421921
-0.319504 -0.151121 3.241713
-0.294079 -0.188652 3.256288
-0.316366 -0.099582 3.232068
-0.326758 -0.165499 3.160990
-0.350097 0.191742 2.551489
-0.304039 -0.003295 3.177089
-0.178056 -0.450821 3.279103
-0.265775 -0.211369 2.924950
-0.313237 -0.095743 3.054015
-0.343188 -0.115107 3.385870
-0.286994 -0.283956 3.595130
-0.207402 -0.412176 3.704400
-0.308735 -0.164348 3.283363
-0.347642 -0.176870 3.349442
-0.259809 -0.120505 3.424912
-0.383856 -0.117000 3.451898
-0.191009 -0.223745 3.206689
-0.277330 -0.119302 3.461307
-0.283112 -0.069425 3.422581
-0.315666 -0.097632 3.210865
-0.261980 -0.258707 3.202791
-0.285804 -0.196397 3.898957
-0.273713 -0.190562 3.446906
-0.317008 -0.070333 3.345617
-0.267032 -0.125710 3.462808
-0.126123 -0.337307 3.854108
-0.328289 -0.193175 3.291755
-0.257560 0.398864 2.865736
-0.324501 0.121111 2.677976
-0.250816 -0.322322 3.350166
-0.368506 -0.203904 3.125874
-0.314150 -0.149925 3.259834
-0.283533 -0.224776 3.676134
-0.148009 -0.449942 3.490058
-0.125757 -0.324540 3.895057
-0.279120 -0.155680 3.236533
-0.272285 -0.285535 3.336408
-0.348008 0.125098 2.660990
-0.088782 -0.436237 3.270208
-0.345449 0.138319 2.808820
-0.280657 -0.152930 3.668963
-0.252750 -0.251240 3.471935
-0.301020 -0.059910 3.019053
-0.300559 -0.312413 3.471297
-0.356234 -0.119063 3.201839
-0.177308 -0.211378 3.323082
-0.243637 -0.137258 3.658394
-0.297563 0.047108 3.228757
-0.315377 -0.113221 2.963092
-0.356793 0.019932 3.218286
-0.298681 -0.152493 3.253885
-0.224862 -0.010362 3.193995
-0.277058 -0.160904 3.262821
-0.332864 -0.138800 3.492263
