0.128996 -0.325013 2.538636
0.059076 0.325347 2.584093
0.157165 -0.379275 2.385254
0.103487 0.272896 2.313559
0.119673 0.231440 2.582983
0.086611 0.208150 2.304114
0.156067 -0.444003 2.489536
0.197561 0.348620 2.559122
0.418169 -0.459874 2.554493
-0.472693 -0.318164 3.039336
0.007868 0.276943 1.631592
-0.260941 0.227449 2.189090
-0.284453 -0.392421 1.161532
0.162862 0.284682 2.742889
-0.377132 0.083324 2.648114
-0.384307 0.059644 2.948966
-0.361373 0.253313 2.717851
-0.310558 0.058546 2.700530
-0.399417 -0.211380 2.799190
0.252831 -0.457514 2.465445
0.255322 0.197260 2.570768
0.192400 -0.450352 2.593636
-0.350555 -0.376838 1.491175
0.118659 -0.301898 2.210160
0.091384 0.423655 2.597398
0.113516 -0.339809 2.386311
-0.260456 0.247311 2.873034
-0.299017 0.151003 2.269701
0.058252 0.178450 1.836962
0.230326 0.207984 2.794643
0.231256 0.136992 1.484927
0.341694 0.165251 2.652178
-0.314161 -0.317887 1.587185
0.117380 -0.374260 2.659563
0.115196 -0.328304 2.539684
-0.039485 0.286685 1.647476
0.132646 0.108091 2.396394
0.193870 -0.455025 2.532141
0.120687 -0.432416 2.484769
0.343414 0.430767 2.682383
-0.260540 0.112207 2.430842
0.152056 -0.451421 2.538170
-0.448515 0.285642 2.135562
0.312028 0.175481 2.815649
0.314097 0.478766 2.602418
0.136241 -0.487650 2.573004
0.155664 -0.402734 2.846532
0.334980 0.450911 2.488257
0.109484 0.148703 2.178063
0.275119 -0.460702 2.409096
0.104872 -0.460738 2.742908
0.112992 0.480835 2.743555
0.244364 0.494289 2.768815
-0.378733 0.142904 2.829989
0.095781 -0.424330 2.847628
0.220002 0.262515 2.978230
0.106162 -0.306517 2.436113
0.315408 -0.380329 2.421975
0.320221 0.464106 2.573332
0.052508 0.203582 2.489486
0.123523 0.229487 2.516832
-0.326745 -0.059606 2.839297
0.023304 0.248815 1.430591
-0.280338 -0.310825 2.062213
0.323100 0.441056 2.327723
0.499411 -0.386256 2.248023
-0.301716 -0.386647 2.103903
-0.319642 0.210548 2.348147
0.172191 0.350257 2.101923
0.217276 -0.321688 2.577828
-0.254926 -0.318009 1.432756
0.217293 0.460734 2.747754
-0.328066 0.187561 2.912110
0.233469 -0.436500 2.575998
0.175847 -0.443624 2.582513
-0.381443 0.227820 2.418439
-0.268358 0.278845 2.479074
0.064576 0.181462 2.405779
-0.306774 -0.021818 2.967628
0.180520 0.447264 2.543208
0.245052 0.437063 2.453044
