-0.476121 0.010369 1.580185
0.391548 0.340197 1.543804
-0.495307 0.011334 1.369803
0.429433 -0.077133 1.396238
0.471817 -0.023402 1.388990
-0.454254 0.028009 1.746103
-0.414698 0.332236 2.450496
-0.299330 0.091042 1.538354
0.448602 0.268853 0.918340
0.154446 0.469821 1.717544
-0.475130 -0.041995 2.167306
0.050547 0.435748 1.770771
0.484689 -0.003472 1.455826
-0.476820 -0.165346 1.940709
0.392141 0.497081 0.355576
0.326627 0.354361 1.539004
0.028067 -0.447842 0.599814
-0.487299 0.030047 1.722431
0.458479 0.256883 1.024988
0.435922 -0.082865 1.529879
-0.466677 0.004180 1.530590
0.457773 -0.036164 1.485429
0.468057 -0.063851 1.722056
0.079083 0.465841 1.399557
0.143626 0.498922 1.564635
-0.483117 0.041230 1.444554
0.287850 -0.113372 1.708037
-0.452031 0.015865 1.741002
-0.494571 0.018885 1.133821
0.133219 0.485583 1.747475
-0.464640 0.056473 1.623491
0.430223 -0.328500 2.416728
-0.324182 -0.028155 1.486638
0.209895 0.384394 1.606062
-0.491225 -0.039414 1.664852
0.112547 0.496469 1.717437
0.069997 0.466855 1.359020
-0.442304 0.061653 1.410876
0.478042 -0.003749 1.277601
-0.475830 0.043118 1.607491
-0.487230 -0.014981 1.558432
0.442810 0.009463 1.101859
0.234328 0.065278 1.146208
0.464309 -0.050359 1.693946
-0.328365 0.316673 1.840704
0.286453 0.307906 0.878140
-0.220998 0.341055 1.268665
0.481234 -0.056431 1.556806
-0.473497 0.035720 1.560305
0.147836 -0.465063 1.369925
0.158287 0.454427 1.878953
0.408102 0.308154 1.317898
-0.481700 0.059800 1.163222
-0.466251 0.059490 1.356909
0.098244 0.417512 1.603523
0.282048 -0.470186 1.675252
0.428309 -0.084675 1.006003
-0.408286 -0.067808 1.014488
0.081004 0.446395 1.767061
-0.486499 -0.096463 1.573996
0.035955 0.023526 1.333964
-0.451241 0.053947 1.161920
-0.447684 -0.159807 1.585889
0.154573 0.477611 1.621399
0.460424 -0.109072 0.785932
-0.007658 0.438021 1.609958
0.464309 -0.184419 1.357267
0.429773 0.333052 1.689541
0.497639 -0.210801 1.270700
0.455086 -0.153887 1.282585
0.428480 -0.358344 1.678782
0.160217 -0.487433 1.271567
-0.455804 -0.130918 1.710082
0.364535 -0.089084 0.898314
0.446673 0.051169 1.418414
0.105404 0.429553 2.027597
0.160662 -0.491407 1.657965
0.186092 -0.408225 1.460146
-0.385037 0.237605 0.829948
-0.432709 0.050053 1.568252
0.158932 0.493991 1.639929
0.245299 0.105013 1.406780
0.141976 0.377241 1.342023
-0.373771 0.055949 1.243913
0.496127 -0.012968 1.281797
0.146643 0.444865 1.672177
0.157896 0.362095 1.913576
-0.476518 0.046489 1.362943
-0.445519 -0.124372 1.554615
0.045637 -0.049370 2.083543
-0.231159 0.404033 1.298337
0.453403 -0.093143 1.592496
0.187767 0.464696 1.708037
0.081462 0.051270 1.329784
0.370418 0.153512 0.113538
-0.474756 0.033837 1.562718
-0.489411 -0.071347 1.536755
-0.458571 0.055478 1.280393
0.212965 0.385789 1.632531
-0.443862 0.245976 1.258118
-0.456368 0.041884 1.879094
0.323844 0.338792 1.744231
-0.468943 -0.119727 1.501366
-0.485696 0.008574 1.733609
-0.462627 0.040796 1.393203
0.233455 0.403822 1.713387
-0.457476 0.001514 1.664560
0.027216 0.005786 1.614536
0.321361 0.373516 1.277040
-0.447319 -0.370835 2.017273
0.479960 -0.150981 1.808084
0.092351 -0.496649 1.627555
0.136087 0.490265 1.488179
0.129302 0.401111 1.932175
0.150166 -0.099506 0.950819
0.436188 -0.071035 1.183263
-0.150005 0.434656 0.909737
0.303898 0.329626 1.925368
0.122813 0.429107 1.721346
0.481751 -0.018355 1.351817
-0.483734 -0.021416 1.694391
0.148697 0.418250 1.666661
-0.188534 0.187340 1.818526
0.460704 -0.031987 1.423692
0.232332 0.409796 1.619264
-0.486982 0.430866 1.557655
0.480463 0.126182 0.614786
0.254380 -0.199927 0.378056
-0.239290 0.459314 1.307195
-0.075070 0.092313 1.902576
0.103166 0.373850 1.645845
-0.385263 -0.292800 1.483023
0.226994 0.399618 1.480901
-0.405844 0.381456 -0.026898
0.035749 -0.003507 1.747663
0.189876 0.326417 1.180920
-0.478166 0.032685 1.572953
0.204073 0.327029 1.231803
0.044665 0.444628 1.824102
0.174363 0.021587 0.892790
0.305944 -0.206453 1.411343
-0.488546 0.044142 1.429431
-0.166399 0.201262 1.631322
-0.471270 0.498908 1.626364
0.437318 -0.470619 1.467613
-0.499205 -0.017856 1.551406
0.420534 0.327546 1.709359
-0.036891 0.382004 1.705025
0.126458 0.459078 1.261259
0.299723 -0.454397 1.645723
0.125014 0.339038 1.683330
0.129484 0.459102 1.881617
0.424565 0.466549 0.456551
0.387431 -0.485958 0.645760
-0.477550 0.022707 1.787158
0.491449 0.002216 1.436660
0.156685 0.322304 1.559336
0.053108 0.404489 1.582519
0.456925 -0.053629 1.247448
0.480407 -0.022609 1.551946
0.118696 0.318180 1.800110
0.492770 -0.045112 1.960534
-0.091007 0.205550 1.607062
-0.475802 0.048252 1.458736
-0.495768 0.055214 1.163899
0.331114 0.329188 1.828071
-0.445263 0.060835 1.179444
-0.492972 -0.039463 1.533872
-0.455145 -0.140862 1.592153
0.471382 0.104131 0.990870
-0.456652 0.038782 1.592058
0.453829 -0.027493 1.304022
0.024279 -0.025271 1.517965
0.493410 -0.007453 1.855237
0.090357 0.490993 1.647179
-0.354345 -0.199557 1.303202
-0.201232 0.044173 1.597577
0.487739 -0.035443 1.543030
0.175513 -0.403965 1.109154
-0.494735 0.024357 1.607876
0.362037 0.079887 1.442182
0.308034 0.207711 1.036532
0.472253 -0.003470 1.422020
0.082997 0.421518 1.525310
-0.277956 0.013122 1.957094
0.167021 0.300940 1.526192
-0.480668 0.029377 1.638203
0.483864 -0.192620 1.259826
0.227443 0.086923 1.753639
-0.495230 -0.042322 1.845527
0.166013 -0.471755 1.110953
-0.471825 0.064139 1.503208
0.108041 0.424353 1.865276
0.307075 0.232544 1.176902
0.454958 -0.046466 1.363877
-0.444259 0.025127 1.866992
0.497967 -0.433412 1.889480
-0.163280 0.052736 1.491200
-0.476481 0.055827 1.452940
-0.449073 0.054019 1.652379
0.078410 0.478925 1.717994
-0.484824 0.017126 1.750766
0.479444 -0.151680 1.294499
0.135642 -0.222142 1.509135
0.458028 -0.038285 1.486296
-0.072740 0.022036 1.453179
0.130903 0.135413 1.236169
0.169667 0.493995 1.607465
0.379204 -0.375179 2.134629
0.425928 0.054534 0.774829
0.494814 -0.005818 1.601082
-0.368047 0.443893 1.341701
0.476617 -0.045972 1.482444
0.191982 0.457404 1.611148
0.422659 -0.350374 1.700579
-0.206007 0.325205 1.310656
0.457642 -0.069896 1.698973
0.073190 0.434416 1.747473
0.476356 -0.022720 1.431615
0.461807 -0.160770 1.446480
0.232911 0.083843 1.387180
-0.385554 -0.098407 1.429576
-0.295427 -0.234485 1.820931
0.482701 0.006350 1.532076
0.472389 -0.043543 1.491397
0.237642 0.489525 1.411500
-0.463413 -0.368931 1.698029
0.267362 0.077366 1.200429
0.460706 -0.090044 1.415729
-0.276488 -0.027346 0.942883
0.447864 -0.036383 1.482459
0.485462 -0.005712 1.676473
0.386726 -0.368665 1.726381
0.121596 0.470276 1.611691
-0.471425 -0.015977 1.834576
-0.451944 -0.038825 1.332090
-0.451929 0.056853 1.184071
0.178485 -0.478703 1.473490
-0.494406 0.017016 1.721981
-0.034153 -0.434704 1.514088
-0.486426 -0.006737 1.366581
0.450142 -0.081400 0.983548
0.194195 -0.387377 2.103373
-0.462201 -0.033942 1.630026
-0.303979 0.006519 1.004364
0.231888 0.361283 1.138082
0.424313 -0.063437 1.349714
-0.492303 -0.079724 1.411965
0.389067 0.321284 1.679565
0.294696 0.065733 1.141363
0.147448 0.385323 1.843911
0.076121 -0.495247 1.001698
0.479697 -0.020668 1.427773
0.245953 0.422391 1.737773
0.252258 0.341068 1.243484
0.461993 -0.048910 1.500965
-0.246454 0.254388 2.221159
0.497078 0.058033 1.060227
0.079089 0.482825 1.848701
0.408787 0.327117 1.603883
0.476821 -0.364042 1.496456
0.185671 0.498288 1.765679
0.064748 -0.017326 1.935114
-0.493863 0.081331 0.355304
-0.478827 0.216857 1.232260
-0.414421 0.247643 1.074947
0.480992 0.056719 1.353753
0.381455 0.124982 0.737461
0.458950 -0.091287 1.318346
0.029462 -0.042420 1.139958
0.455864 0.126048 0.876161
-0.350397 -0.284427 1.417327
0.012702 0.264561 1.581790
0.253657 0.335951 1.325587
0.499580 -0.020301 1.507596
0.386904 0.020792 1.431867
0.496119 -0.002654 1.641668
-0.461083 0.013575 1.467895
0.403454 0.312050 1.652720
-0.011707 -0.022227 0.630031
0.058272 0.455310 1.589879
0.320232 0.190467 1.109160
0.061207 0.464760 1.701453
0.149250 0.334901 1.453775
0.071761 0.146719 0.647197
0.488929 0.026926 1.512923
0.287965 0.302059 2.203383
0.216713 0.077478 1.541161
0.144763 0.323232 1.585088
0.478365 0.013756 1.500137
0.226122 0.396344 1.642192
0.058363 -0.159690 1.521256
0.441708 -0.054077 1.502178
0.387462 0.081113 1.422317
0.269465 0.357416 1.441076
-0.406303 0.244811 1.154968
-0.463895 -0.010600 1.649114
0.168973 0.070304 1.810367
0.435962 -0.064770 1.279450
-0.467301 -0.117665 1.627650
-0.499537 -0.023509 1.686206
0.393468 0.003284 0.567419
0.279027 0.063933 1.481004
-0.306401 0.004749 1.403829
0.462477 -0.044919 1.390623
0.160727 0.428042 1.584148
0.463318 -0.068859 1.275681
0.410335 -0.094213 1.293188
-0.403267 0.220788 0.629148
0.495410 0.001941 1.349550
0.176024 -0.002534 0.704378
-0.491771 0.051350 0.570497
-0.412525 0.258908 0.831931
0.296213 0.210003 1.266286
0.481922 -0.024631 1.593612
0.452498 0.242551 1.019543
0.406048 0.342278 1.304978
0.162465 0.406969 1.663632
0.128291 0.422475 1.545452
0.066739 0.289782 2.027639
0.154964 0.491543 1.625426
0.063483 -0.024933 2.009587
0.498204 -0.040301 1.498609
0.466639 -0.172135 1.091455
0.371172 0.357883 1.456281
-0.350724 0.496061 0.347280
0.427918 -0.069191 1.271023
-0.090602 0.025155 1.492284
-0.482075 -0.026711 1.604066
0.402998 -0.068592 1.147316
0.128468 0.396963 1.546511
-0.055214 -0.144132 1.438383
-0.341165 -0.012746 1.263896
0.208749 -0.470964 2.014482
-0.489342 0.058546 0.981386
-0.485584 0.009778 1.568101
0.387298 0.332363 1.765860
0.139057 0.445459 1.645906
-0.428612 0.261600 1.347497
-0.289171 0.009264 0.890420
0.104338 0.362105 1.300266
0.278834 -0.091045 1.680381
0.434539 -0.053222 1.132432
0.435838 0.329477 1.498383
0.025988 0.422963 1.265851
-0.431887 -0.139074 1.716028
0.482048 -0.013575 1.517161
0.251951 0.393233 1.204752
-0.306016 0.005579 1.334773
0.021782 0.496064 1.187743
0.451418 -0.038845 1.609185
-0.476118 0.043999 1.526255
0.040233 0.414137 1.655285
0.402532 -0.262914 1.396696
0.168593 -0.083227 0.942319
-0.479601 0.039512 1.608190
-0.484293 0.354654 2.160527
0.491975 -0.200344 1.053638
0.470081 -0.005677 1.507993
0.148121 0.349024 1.631307
0.025022 -0.180216 1.756933
-0.485366 0.420126 0.265756
0.020038 -0.173468 1.006446
-0.489223 0.084668 0.479254
-0.064957 0.226228 1.468731
0.492084 0.006787 1.573274
-0.000198 -0.131856 1.545114
0.295918 0.362865 1.689663
0.478182 -0.029006 1.602243
0.421787 0.066171 1.109887
-0.270973 0.400857 1.757710
0.438452 -0.079712 1.165783
-0.450198 0.045103 1.523199
-0.386240 0.201632 0.616189
0.248273 -0.109773 1.357139
0.194582 0.333727 1.429893
0.315960 -0.400189 2.167097
-0.499247 0.008856 1.635243
0.161751 0.430452 1.691340
0.391392 -0.241083 0.776925
0.056180 0.465085 1.724675
0.470191 -0.055097 1.523711
-0.478445 0.023664 1.629856
0.466643 -0.353493 2.005133
-0.435860 0.271906 1.129139
0.378760 0.317175 1.573118
-0.419688 0.433800 0.495433
0.426754 -0.068423 1.516190
0.493040 -0.075634 1.886905
0.479583 -0.180709 0.905385
0.158328 0.296032 1.339254
0.162442 0.328899 1.393553
-0.496706 -0.004981 1.622717
0.496301 0.011795 1.739818
0.427116 -0.076070 1.093367
0.340476 0.186729 1.178774
-0.193097 0.443959 1.604302
-0.316552 -0.329021 1.235490
-0.495084 -0.015310 1.570038
-0.475617 0.032252 1.620497
