-0.204129 0.082349 1.741157
0.244025 -0.094558 0.828908
-0.388470 -0.043887 1.379805
0.115198 0.408741 1.623888
0.217490 0.343723 1.188485
0.457817 -0.354784 1.694795
0.085431 -0.429932 1.183360
0.064282 0.062461 1.323088
-0.154976 0.083996 1.500026
0.277724 0.362635 1.400762
0.323700 -0.048799 1.063648
0.343511 0.359703 1.438376
0.292294 0.044447 1.388043
0.226706 -0.019525 1.375905
0.338016 0.345956 1.248872
0.472771 -0.187648 1.073373
0.336530 -0.466564 1.594487
-0.152200 0.140627 1.263510
-0.264436 0.035111 1.658794
-0.328513 -0.342871 1.273058
0.131481 0.390424 1.420023
-0.081717 0.004914 0.973146
0.279210 -0.049449 0.954189
0.480768 -0.105049 1.431725
0.280464 -0.020856 1.323950
0.303846 0.376863 1.449096
0.324920 -0.047643 1.013313
0.033780 -0.017532 1.426479
0.195422 0.458664 1.544882
0.187946 0.395459 1.866697
0.451438 0.169237 1.765038
-0.282730 -0.241471 1.132312
-0.369972 0.036731 2.537890
-0.389720 0.049785 1.291377
0.169866 0.414092 2.133605
0.302869 0.342509 1.556413
0.355773 -0.069915 0.831239
-0.466911 -0.022841 1.376232
-0.196595 0.102856 1.539574
-0.492178 0.187461 1.317450
-0.080450 -0.281930 1.390719
0.288404 0.398980 1.414695
0.450370 0.175814 1.712700
-0.356302 0.135596 1.023394
0.310469 -0.453392 1.635719
-0.105464 0.065924 1.367562
-0.082691 -0.375172 1.757000
-0.401874 -0.010811 1.611475
0.285029 0.224486 1.404268
0.123303 0.453821 1.731331
-0.032174 -0.363360 1.428015
0.413937 -0.109966 0.514905
0.453827 0.257866 2.314129
-0.324921 0.114369 1.609080
0.148543 0.470058 1.496728
0.119022 -0.039592 1.686942
-0.498714 -0.130504 1.343893
0.177982 -0.036079 0.837072
0.104488 0.400534 1.651014
-0.245060 -0.336473 1.621589
0.297152 -0.005577 1.035249
-0.281209 -0.486449 1.355785
0.075409 -0.205283 1.798012
0.469464 0.241147 1.798403
-0.391622 0.006954 1.125112
-0.418828 0.362392 1.656600
-0.451776 0.331952 2.129756
-0.156281 0.125024 1.386012
-0.349007 0.123002 1.161357
0.391945 -0.149156 0.187565
0.407190 0.319580 1.214175
0.379653 -0.097525 0.404119
0.366296 -0.084231 0.643690
-0.086166 0.447419 0.960140
-0.112197 -0.086402 2.001820
0.089670 0.393482 1.684270
0.122716 -0.217881 1.102602
-0.336867 -0.334919 1.429158
0.085371 0.374194 1.966596
-0.210944 0.069468 1.387436
0.212138 -0.207406 2.213305
0.154286 0.436354 1.410548
-0.435856 -0.296544 1.696257
-0.388460 0.010245 1.457193
-0.075336 -0.388787 1.533101
0.061476 -0.498686 2.067199
-0.184101 -0.251463 1.649031
-0.173888 0.073137 1.709980
-0.458768 0.413303 1.620870
0.016082 -0.303943 2.045899
-0.241059 -0.360838 1.408274
0.373026 -0.064976 0.802783
0.091374 0.233239 1.610359
-0.394849 -0.039355 1.260017
0.139465 0.368269 1.327686
0.095898 0.351049 1.546189
0.336119 0.380078 1.153757
-0.413752 -0.017332 1.588103
0.441944 0.158786 1.624396
-0.424140 0.342370 1.654073
-0.496415 0.279364 1.927079
-0.037479 -0.114835 0.750414
0.288296 -0.494787 1.614276
-0.391938 0.034906 1.734505
-0.005161 -0.253744 2.089074
0.340188 -0.045831 1.090362
0.276090 0.402066 1.267056
0.264604 0.484740 1.749390
0.206385 0.444879 1.725209
0.489845 0.267632 2.676935
-0.416503 -0.017685 1.512737
-0.124691 0.045425 0.947752
-0.027863 0.060766 1.372239
0.339154 0.368850 1.283342
0.318169 -0.283743 1.481704
0.499652 -0.013081 1.844073
0.089393 0.047680 1.442493
-0.383665 -0.304690 1.366514
-0.421873 -0.293642 1.844176
0.021282 0.140929 1.269570
0.458117 0.249824 2.703184
-0.032997 -0.382793 1.555087
-0.285531 -0.223436 1.127885
-0.094127 0.024780 0.893840
0.335054 -0.043405 0.775992
0.365778 -0.075522 0.650154
0.023832 -0.040038 0.587974
0.370039 -0.074605 0.335687
0.142646 0.449252 1.738878
-0.441478 0.431063 1.545067
0.100181 0.407140 1.851306
-0.291659 -0.477974 1.557295
0.314109 -0.040655 1.117325
0.101397 0.380024 1.891827
0.063902 -0.257590 1.859266
0.234033 0.263710 1.753234
0.105283 0.363377 1.733862
0.013745 -0.308510 2.654909
-0.227803 0.090871 1.685674
-0.417055 0.019543 1.403134
-0.190214 0.109596 1.368446
-0.343877 0.123700 1.041655
-0.085287 0.205019 1.334505
0.067095 -0.213983 1.821729
0.402504 0.143934 1.878484
-0.427737 -0.342191 1.859123
0.315068 -0.064487 0.920483
0.175646 0.277441 1.397484
-0.001298 -0.413548 2.259620
0.038608 0.157864 1.698715
-0.271326 0.023919 1.500582
-0.434696 0.017603 1.563587
-0.443072 0.392378 1.554582
-0.052210 -0.434792 1.881619
-0.320371 0.052406 1.538877
-0.376736 0.059124 2.066740
0.291956 0.402026 1.455810
0.293512 0.369732 1.514683
0.432302 -0.147791 0.535725
-0.170199 0.143364 1.247918
-0.225553 0.038178 1.635015
0.496063 -0.235334 0.863288
-0.054266 0.009070 1.173768
-0.206438 0.122396 1.623454
-0.380566 -0.006730 1.376193
-0.106109 0.209810 1.637373
-0.373698 -0.018609 1.730093
-0.073604 -0.006953 0.699534
0.195644 0.384925 1.969641
0.373973 -0.075989 1.027582
0.383328 0.457566 1.521224
0.430095 -0.139870 0.851254
-0.269120 -0.279794 0.760287
0.014947 0.147831 2.413548
-0.071028 -0.189735 1.864890
0.159120 -0.043662 1.215359
-0.106539 -0.389926 1.952154
0.326269 0.331216 1.228030
-0.493260 -0.093230 1.614967
0.282719 0.389881 1.575511
0.338258 0.325225 1.511706
0.285257 0.424807 1.731584
0.435862 0.302446 2.580802
0.048008 -0.226951 1.802670
0.083429 0.066964 1.142047
-0.054700 -0.394885 1.514606
0.145171 -0.458211 1.793060
0.411705 -0.242689 1.641160
-0.471882 0.409310 1.500801
0.423650 0.407993 1.533358
-0.421357 -0.002882 1.353451
-0.489234 -0.316342 1.331047
-0.297031 -0.217941 1.225598
0.076137 -0.427346 1.452777
-0.484714 -0.131553 1.205671
-0.144642 0.089969 1.429094
-0.349943 0.083493 1.043588
0.320409 -0.033421 1.192844
0.138062 -0.344308 1.905958
-0.350938 -0.078408 1.255445
-0.454619 0.386570 1.169464
0.090051 0.439755 1.796936
0.158730 0.450823 1.705478
0.113205 0.137037 1.525359
-0.005766 -0.302319 1.929868
0.157941 0.378587 1.490553
-0.430447 -0.053557 1.662207
-0.093197 0.040995 1.079531
0.268493 0.376328 1.290291
-0.426831 -0.017144 1.237486
-0.114368 -0.124444 1.735029
-0.210070 0.111691 1.482736
0.211395 -0.365138 1.324672
0.471922 -0.175750 1.218781
-0.490055 0.384912 1.821434
0.329612 -0.064164 1.234550
-0.324758 -0.451356 2.150753
0.276476 -0.040745 1.272324
0.106619 0.062580 1.558562
0.138643 0.478182 1.739888
-0.358742 0.118458 1.354666
0.018287 -0.349742 1.442569
-0.448706 0.053967 1.467726
-0.379425 0.020128 1.707933
0.223111 -0.000932 1.148098
0.447675 0.190726 1.853224
0.176366 0.404559 1.662784
0.442153 0.256515 2.530901
0.456009 0.198518 1.560235
0.385157 -0.082462 0.689193
-0.357966 0.146891 1.003757
0.187758 0.213865 0.989295
-0.098272 0.013843 0.805541
-0.307494 0.123075 1.390199
0.327930 -0.032083 1.005602
0.450192 0.183892 1.841998
0.255720 0.319222 1.484052
-0.237243 -0.348625 1.954314
-0.291023 0.271997 2.583415
0.086019 0.380250 1.743163
-0.189810 0.061296 1.511082
0.334391 -0.034361 1.155357
0.443840 -0.180649 1.103767
0.191509 -0.069668 0.718104
0.439707 -0.135840 0.607970
-0.389092 -0.035771 1.429087
0.337472 -0.453514 1.577022
0.290170 0.484296 1.228366
0.296981 0.350251 1.131175
-0.361312 -0.043508 1.364526
0.349025 -0.065103 0.775563
-0.403250 -0.065488 1.569105
-0.230157 -0.125684 1.673252
0.394331 -0.105073 0.848328
-0.395611 0.032079 1.531790
-0.208628 -0.070245 1.071641
0.314027 0.383184 1.307242
-0.493707 -0.309216 1.971980
-0.142088 0.063971 1.133431
-0.353677 -0.164987 1.870375
-0.089165 -0.280669 1.597598
0.172384 0.119105 1.375349
0.045711 -0.090883 1.274204
0.165686 0.395311 1.500088
0.177672 0.386547 1.680236
0.307560 -0.043259 1.182653
-0.452999 0.402401 1.773056
0.320416 -0.059461 0.911579
0.444903 -0.138674 0.777076
0.123769 -0.442594 1.285172
0.357668 -0.100144 0.489812
-0.194183 0.103473 1.566885
0.299327 0.481101 1.422953
-0.234104 -0.365308 1.690200
-0.485505 0.310281 2.151761
0.443051 0.305170 2.466199
-0.405218 0.021339 1.386035
0.043462 -0.066160 1.042590
0.367256 0.213528 1.236680
-0.122221 0.042844 1.021822
-0.120963 -0.235524 2.510238
0.142946 -0.025886 1.304956
0.054678 0.409015 1.127762
0.021863 0.446825 1.296423
0.211696 0.320564 1.353595
0.094208 0.448327 2.000260
0.132367 0.406396 1.535832
0.121423 0.471024 1.832241
0.421758 0.165871 1.600415
-0.488801 0.410681 1.690006
0.384091 -0.094156 0.832227
0.131064 -0.427107 1.171283
-0.304035 -0.196291 1.567849
0.174637 0.396766 1.765761
0.346449 -0.052228 0.738101
-0.023512 -0.342282 1.793630
0.238920 -0.007000 1.332986
0.117338 0.380499 1.699853
0.188009 0.480745 1.782436
-0.475989 -0.146954 0.714600
0.056339 -0.280690 1.640882
0.431413 -0.408646 1.009761
-0.430931 0.338474 1.932796
0.300801 0.402550 1.204150
-0.361062 0.417587 2.032934
0.048265 0.418735 1.493860
0.203614 -0.048325 1.071720
0.224362 -0.063674 0.738008
0.399361 -0.075794 0.761938
0.328394 0.356814 1.411619
0.115066 -0.095769 0.909977
0.265442 -0.027116 0.909777
0.104889 0.382007 1.465870
0.349544 0.425832 1.524434
0.328855 -0.051888 0.652781
-0.163016 0.488776 1.403025
0.338860 -0.484710 1.345643
0.306851 -0.431260 1.099948
0.071464 0.389904 1.778154
0.158598 0.028545 1.166079
0.179055 0.445012 1.758698
0.497603 0.217773 1.093709
0.295701 -0.171922 2.591114
-0.192243 0.094030 1.571415
-0.043106 0.428881 1.434806
0.392556 -0.415422 0.478239
-0.441559 -0.028030 1.688504
0.341781 -0.076631 0.879481
0.109389 0.404002 1.639138
-0.241585 0.061880 1.474879
0.166171 0.429651 1.896421
-0.496025 0.193394 1.128749
0.035431 -0.200775 1.108465
-0.279800 -0.250832 1.149516
0.078086 0.059672 1.427683
0.105472 0.415773 1.586523
0.272103 0.377310 1.626335
0.335745 0.436068 1.272320
-0.072193 0.029625 1.210255
-0.465155 0.026537 1.872853
0.083575 0.369514 1.929881
0.097518 0.390440 2.169107
0.422594 0.177798 1.627928
-0.405800 0.097836 0.818686
0.080296 0.414015 1.426130
-0.425239 0.039864 1.230024
-0.398506 -0.005280 1.321983
0.063497 -0.499145 2.951606
-0.151270 0.072940 1.451740
0.077248 -0.213776 1.761519
0.044415 -0.255574 1.764611
-0.371025 -0.310448 1.175827
0.355588 0.430946 1.905867
-0.062682 -0.377640 1.482411
-0.232244 -0.356650 1.670090
0.082351 0.155362 1.571256
0.218193 -0.231108 0.880486
-0.377461 0.082421 1.149920
0.292541 0.495839 1.168802
-0.162698 0.078235 1.552440
0.104294 0.417864 1.437992
0.094629 0.367584 1.658837
-0.071988 0.434981 1.244931
0.361920 -0.060283 0.885989
0.335091 0.328012 0.937012
-0.436293 -0.287043 1.863332
-0.448383 0.004409 1.595355
0.240910 0.352931 1.158673
0.214903 -0.379754 1.201761
0.118523 0.029060 1.755762
0.328164 0.373751 1.160070
-0.475250 -0.003218 1.747787
-0.394552 -0.012907 1.272025
0.164381 0.406590 1.756933
-0.411777 -0.003970 1.476224
-0.069924 0.176746 1.566906
0.044123 0.035445 1.672880
0.116488 0.397499 1.634912
-0.107875 -0.282260 1.255839
-0.407919 -0.031305 1.560816
0.050585 0.468916 2.113974
0.285452 0.240601 1.374449
0.204960 0.272970 1.464971
-0.455433 -0.012183 1.282176
-0.007580 0.041539 1.793674
-0.377998 0.320554 1.221020
-0.084426 0.457912 1.858780
0.099056 0.425031 1.521078
-0.350456 0.106311 1.022369
0.336373 -0.465295 0.899747
0.433276 0.305235 1.394361
-0.211583 0.371757 0.644317
-0.139032 -0.253352 1.103439
-0.076298 -0.310564 1.523061
0.075060 0.043621 1.332479
0.312748 0.371222 1.195891
-0.076462 0.016914 0.932500
0.445810 -0.155951 1.019737
-0.431171 -0.026351 1.497134
0.389304 0.315527 1.314868
