-0.441743 0.488822 1.721795
0.177374 -0.321014 1.502628
0.262024 0.009810 1.940877
-0.464868 -0.279026 0.909160
-0.465017 0.410058 1.583569
0.112724 -0.101880 1.600538
-0.305285 -0.060724 1.721069
0.196245 0.374548 1.364176
0.491497 0.396766 1.850151
0.157083 -0.323169 1.883486
0.311892 -0.133837 1.054446
-0.346983 -0.405276 0.949483
0.387192 0.407968 2.261128
0.320802 0.300641 1.792705
0.144359 -0.311125 1.663837
0.482541 -0.193709 1.444780
0.476760 -0.089399 1.676025
-0.022076 0.397248 2.103188
0.217489 -0.007986 1.414084
0.441888 -0.182313 1.228837
-0.379660 -0.338164 1.118005
-0.066454 0.039367 0.770914
-0.063151 -0.019178 1.321220
0.482889 -0.120579 1.179143
0.302045 0.148706 1.675932
0.141987 -0.323109 1.788546
0.482877 -0.128387 1.364379
0.477051 0.106924 1.512504
0.385042 -0.157056 1.286399
-0.466468 -0.286746 1.048282
0.236468 0.450351 1.160967
0.476290 -0.148897 1.282773
0.095718 0.357737 1.461246
0.345234 0.171971 2.422205
0.387960 -0.195476 1.250348
0.071882 -0.379117 1.819852
0.420241 -0.132146 1.274858
0.126955 -0.008279 1.252667
-0.319274 0.256718 1.365760
0.493348 0.405929 1.399223
0.195893 -0.037546 1.444179
-0.459299 -0.207766 1.065873
0.335351 0.494433 1.809827
0.499629 0.458529 2.044305
-0.485722 -0.073701 1.426698
0.322525 0.402541 1.492425
0.469872 -0.101978 1.213142
0.214643 -0.032890 1.716405
-0.094664 -0.437836 0.680815
0.412422 -0.184969 1.351006
0.489081 -0.098882 1.863691
0.312456 -0.192856 1.464438
-0.203190 -0.461960 0.888017
-0.293987 -0.489552 1.459229
0.454122 -0.171428 1.316895
0.251242 -0.070472 1.106725
0.471474 -0.132230 1.274343
-0.036172 0.325942 2.275073
-0.192595 -0.403604 -0.194367
0.462581 -0.146449 1.185545
-0.499268 0.316339 1.546140
-0.495069 -0.221665 0.939231
0.471598 0.122816 1.703250
0.342326 -0.479071 2.591083
-0.399719 0.031724 0.855676
0.340496 -0.435270 1.742757
-0.199231 -0.467554 1.226166
0.269453 0.382406 1.631644
-0.447381 0.498954 1.373626
0.119541 -0.346193 1.647900
-0.352456 -0.417940 1.704160
-0.466783 -0.242470 1.003844
0.461274 -0.106182 1.491005
0.181082 -0.339600 1.700654
0.480028 -0.098752 1.289637
0.146231 -0.333523 1.755799
0.070307 0.022024 0.968731
0.142478 -0.204640 1.722175
0.148809 0.407553 2.155148
0.343636 0.360680 2.263347
0.152449 -0.079691 1.892304
0.499509 -0.172988 1.435447
-0.346756 0.001882 1.864510
0.419422 0.095227 1.424110
0.089932 -0.222344 1.752913
0.153490 -0.342930 1.904893
-0.360189 -0.065025 1.892460
-0.360569 0.253887 1.470637
0.145478 -0.313410 1.592107
0.401654 -0.138795 1.603433
0.410746 -0.146519 1.251832
0.404272 -0.151581 1.484745
0.362166 -0.453702 2.150360
0.203953 0.046453 1.673711
0.204060 0.405919 1.908398
0.153070 -0.365987 1.608057
-0.186479 -0.391084 -0.022411
-0.234958 -0.145322 2.663943
0.434774 0.433512 1.717819
0.163498 -0.323057 1.841867
0.261655 0.323024 1.479799
0.442695 -0.155164 1.438658
0.453474 -0.084367 1.022331
0.209491 -0.050455 1.608974
-0.330616 -0.429613 1.659732
0.430381 -0.130835 1.322316
0.406880 -0.206362 1.278533
-0.497740 -0.132402 1.363777
0.466975 -0.141479 1.482982
-0.204731 0.378409 1.225306
-0.419933 0.054382 0.972511
-0.471481 0.195060 1.630874
-0.220229 0.358207 1.318554
-0.288534 -0.468945 1.391549
0.011175 0.056836 1.463537
-0.488125 -0.054906 1.571610
-0.043749 0.099821 2.217582
0.095397 -0.263013 -0.115172
-0.392357 -0.370240 1.079533
0.351212 0.310651 1.693492
-0.372265 -0.444441 1.884546
0.334313 -0.266782 1.142489
-0.265647 -0.060798 1.614515
0.439871 0.062475 1.892177
0.432850 -0.148943 1.283432
0.485600 -0.214644 1.264249
0.167022 0.007723 1.160022
0.433722 -0.162437 1.297927
0.481050 -0.187702 1.574703
0.452391 -0.167924 1.381317
-0.454698 -0.275211 0.818607
0.160231 -0.304691 1.912196
0.170500 -0.339563 1.793796
0.155197 -0.284199 1.654484
0.001597 0.034139 1.262953
0.362084 -0.427771 1.955150
0.113630 -0.320789 1.701307
0.337290 0.318754 2.122948
0.311766 0.354307 1.547260
-0.109126 0.046817 0.932049
0.493022 0.496428 1.838308
-0.499751 0.425276 1.457799
0.221612 -0.014001 1.526330
0.367033 0.100749 1.553734
0.226683 -0.049448 1.510749
0.489765 -0.154007 1.194896
0.425877 -0.148430 1.526680
0.352791 -0.461763 2.286456
0.151344 -0.329356 1.694963
0.249071 0.162304 1.674204
-0.486135 0.306644 1.358287
-0.071423 0.143524 1.014899
0.165824 -0.325838 1.795328
0.438903 -0.168137 1.126399
0.180622 0.056412 2.035422
0.271234 0.144167 1.894307
0.489311 -0.230967 0.940508
0.156149 -0.325002 1.989193
0.486568 -0.144885 1.268838
-0.183452 0.178021 1.931946
0.271578 -0.271381 0.570161
0.481771 -0.130675 1.251407
-0.190134 0.239832 1.281588
-0.436912 0.491706 1.292861
0.456589 0.085468 1.430018
-0.193386 -0.472538 1.151296
0.111215 0.016054 1.017105
-0.133962 0.036201 0.895671
0.294462 0.382685 1.591020
0.403047 -0.165570 1.231022
0.399892 -0.219174 0.920549
0.423918 -0.155397 0.936527
0.445662 -0.104211 1.371249
0.151839 0.208865 2.430925
0.421460 -0.124389 1.203640
0.161818 -0.319744 1.223295
0.406435 -0.188550 1.266439
0.426705 0.445425 1.803532
0.141609 -0.335911 1.851716
-0.374816 -0.458440 -0.137798
0.427685 0.467183 1.882825
0.441076 -0.211115 1.089216
0.158594 -0.352810 1.913692
-0.264295 -0.036754 1.831685
0.253588 0.423273 1.764171
0.051733 -0.190564 1.675846
-0.468383 -0.061751 1.572777
0.126334 -0.071658 0.838930
0.149142 -0.357087 2.402779
-0.470578 -0.225052 0.728183
-0.426520 0.139168 1.086916
0.150918 -0.286019 2.121096
0.231002 -0.018351 1.616948
0.435323 -0.139933 0.979645
0.495290 -0.150072 1.190460
-0.183335 -0.482754 0.625571
0.477022 0.472188 1.886831
0.165585 -0.330911 1.766556
0.445714 -0.207658 1.590571
0.210511 0.024072 1.177864
-0.072147 -0.488008 2.078860
0.406053 -0.194248 1.254824
-0.476839 -0.190251 1.213353
0.190588 0.148414 2.772973
0.001336 -0.223365 1.247144
0.434627 0.475213 1.617096
0.261021 0.146100 1.564413
-0.328906 0.242444 1.486677
0.446879 -0.220226 1.022398
-0.130361 0.305474 2.263837
0.207972 -0.015417 0.867898
0.499379 0.294129 1.615834
-0.008030 -0.405053 2.166243
-0.443400 -0.191126 1.484987
0.116519 -0.343943 1.788220
-0.331727 -0.411845 1.493184
-0.477579 -0.084151 1.676128
0.147279 -0.074833 0.966729
-0.078302 0.351608 1.656835
0.483127 -0.163847 1.597207
0.146343 0.456122 1.781301
-0.498412 -0.065630 1.273084
-0.220020 0.376336 1.171906
-0.182305 0.267293 2.022049
-0.347515 0.228932 1.287909
-0.109839 0.340650 1.698762
0.380650 -0.212377 1.333757
-0.094249 0.472815 1.815178
0.254655 0.331323 1.315982
0.423327 -0.123530 1.177828
0.337380 0.334669 1.994336
0.484930 0.433676 1.298197
0.448707 0.088280 1.678696
0.296978 0.461057 1.542960
0.477014 -0.140295 1.105590
-0.412064 0.478770 1.524999
0.115213 -0.416917 2.022835
0.415148 -0.157316 1.190840
-0.481359 0.475529 2.128060
-0.169431 -0.408430 0.888663
0.313915 0.129831 2.627544
0.418351 -0.120346 1.305663
0.409844 -0.159276 1.489769
0.135399 -0.281153 1.747617
0.415311 -0.132109 1.200593
-0.487039 0.054903 1.495241
0.450388 -0.100691 1.402203
0.408172 -0.141583 1.548609
0.029757 -0.434451 2.387080
-0.495535 0.092917 1.447348
0.406154 -0.134545 1.564953
0.157381 -0.307407 1.588615
-0.426841 0.101531 1.440945
0.446754 -0.136479 0.980009
0.205052 -0.142593 0.910096
-0.490789 0.065011 1.206625
-0.342698 -0.422247 1.356029
0.205210 0.010929 1.364063
-0.191895 0.232730 1.365026
-0.330085 -0.181592 1.366455
0.162647 -0.307695 1.608920
-0.435729 0.113490 0.965346
0.222327 -0.043577 1.249906
0.487022 -0.201386 1.116918
0.150084 -0.333936 1.951680
0.301947 -0.067855 1.624216
0.313400 -0.259887 1.168983
0.356534 0.108779 1.866442
0.421601 -0.172091 1.288747
0.351896 -0.287593 0.975362
0.244513 -0.225247 0.750404
-0.332340 0.217315 1.511287
0.176381 -0.287699 1.627256
0.249929 -0.206171 1.927293
0.346918 -0.470907 1.802491
0.339213 -0.495654 1.967260
0.246863 -0.044599 1.430038
0.218546 -0.043837 1.607217
0.355078 0.496461 1.774613
-0.400604 0.230116 1.590151
-0.248884 -0.066416 1.166393
0.411355 0.301343 1.543172
0.150969 -0.289861 1.765171
-0.353324 0.062307 -2.480459
0.357665 -0.456067 2.105216
0.458978 -0.192469 1.059767
0.408933 -0.230366 0.999595
-0.463379 -0.185392 1.163414
-0.339053 0.478103 1.488687
-0.390628 -0.251001 1.249736
0.478122 -0.161704 1.135399
-0.462633 -0.097971 1.574019
0.213777 0.068315 1.698132
0.312552 -0.301686 1.410644
0.441061 -0.150400 1.356556
0.196557 -0.244227 1.925322
0.315533 0.307392 1.594296
0.272858 -0.490811 2.339555
0.492885 -0.261553 0.881495
-0.477545 -0.059026 1.820464
-0.473339 -0.071358 1.549102
0.285987 -0.475263 2.394514
-0.306485 -0.436789 0.869824
0.138281 -0.329121 1.675492
0.138395 -0.299614 1.824760
0.190774 -0.315255 1.795578
0.168211 -0.274763 1.581250
0.064488 -0.433342 0.609386
0.418984 -0.180896 1.600715
0.152105 -0.319262 1.829682
0.417183 -0.154589 1.425471
-0.454380 0.128425 0.729792
0.131846 -0.368497 1.922541
0.425942 -0.177861 1.391215
-0.496279 -0.285344 0.967031
0.427080 -0.176167 1.488785
0.084677 -0.182737 1.336329
-0.378608 -0.413084 0.310241
0.158771 -0.329487 1.830335
-0.084076 0.329318 2.220503
-0.486108 -0.200926 1.487727
-0.408188 -0.461341 1.740970
0.476410 -0.120655 1.308382
0.432049 0.455353 1.777540
-0.434671 -0.473857 1.907303
0.171400 -0.339313 2.032167
-0.399847 0.073466 1.151875
0.409404 -0.167024 1.460510
-0.485347 -0.294226 0.625936
0.272703 0.369137 1.645560
0.488450 -0.257878 0.998946
0.190477 0.419918 1.717583
0.181446 -0.135748 1.056172
-0.481509 -0.234785 1.036016
0.499802 0.419940 1.481987
-0.476968 -0.216508 0.779476
-0.378282 -0.468456 -0.033130
0.476173 -0.181408 1.376623
-0.170816 0.203116 1.955097
-0.344299 0.134689 2.507757
-0.329732 0.256603 1.587812
0.468803 0.184700 1.642836
0.438329 0.450899 1.801686
0.432052 0.115872 1.368074
0.228980 0.348453 1.313446
0.219784 0.002809 1.567680
-0.437047 0.102723 0.882527
0.157588 -0.354116 1.986225
0.405304 0.358907 1.680460
-0.434306 0.117613 1.178726
-0.001133 -0.093046 0.988133
0.279657 -0.480823 2.318079
0.405274 -0.167097 1.188525
0.447167 -0.121259 1.203163
-0.485567 -0.181520 1.075630
-0.023456 0.315735 1.789972
0.168406 -0.054827 1.800902
0.485229 0.427763 1.314536
0.080387 -0.354559 2.263596
0.344710 0.309140 2.059606
0.143677 -0.314160 1.416616
0.176959 -0.333602 1.873345
0.125041 -0.329578 1.628257
0.318344 -0.180645 1.438832
0.341823 -0.445249 2.081282
0.497716 0.019087 1.515195
0.126475 -0.023452 1.423155
0.165949 -0.316269 1.464292
0.131846 -0.212863 1.001115
-0.219033 0.314689 2.145832
0.482669 -0.285392 0.946199
-0.007451 0.351624 2.097381
-0.380122 0.127210 1.665829
0.172935 -0.258783 2.238689
0.256024 0.025592 1.645628
0.344698 -0.460675 2.210623
0.338004 0.280588 1.583865
0.159378 -0.320252 1.749448
-0.222631 -0.121371 2.502467
0.253590 -0.086836 1.892935
0.171278 -0.291753 1.660458
0.250013 0.396803 1.726608
0.403631 0.437694 1.904550
-0.483505 0.024239 1.414769
0.212445 0.365043 1.574323
-0.419099 0.476084 1.871484
0.155694 -0.318043 1.422256
0.131314 -0.301522 1.759863
0.316767 0.379255 1.479711
0.485272 -0.105877 1.438409
0.246986 0.471065 2.789670
0.431258 0.448949 1.658854
-0.301000 -0.029400 1.206275
-0.336886 -0.052744 1.702171
-0.472547 0.397603 1.324201
-0.374801 -0.345274 1.313077
0.228633 -0.016638 1.660540
0.466829 -0.163096 1.196632
-0.215134 0.189514 1.523796
0.432252 0.472165 1.785614
