-0.303428 -0.244904 1.265148
-0.157172 0.157372 0.611150
-0.210424 -0.400174 1.133522
0.238889 0.061769 1.360036
0.164618 0.000163 2.323679
0.353334 0.322636 1.666220
0.295050 0.218479 1.467603
0.120480 -0.277794 1.119235
-0.148772 -0.242769 2.164223
0.333263 0.027197 1.652823
-0.210990 0.445249 0.567596
0.330645 0.029448 1.707907
0.337883 -0.284142 1.495442
0.328922 -0.348153 1.481127
0.346286 0.019351 1.616898
0.053479 0.126611 1.000973
0.381743 0.210124 1.592593
0.146547 -0.248649 1.442507
-0.225711 -0.299642 1.304428
-0.024550 0.239653 0.544130
0.311688 0.036780 1.531072
0.015260 -0.331274 1.719042
-0.437554 -0.441639 1.502768
-0.087422 0.396702 0.656638
-0.413839 -0.412352 1.281387
0.353282 0.040098 1.848114
-0.232510 0.474591 0.460874
-0.073523 -0.365717 1.472317
0.207080 0.129150 1.395481
0.267415 0.061970 1.431875
-0.489424 -0.159494 1.496008
-0.144962 0.404004 0.646489
-0.294704 -0.322950 1.354865
-0.232999 -0.292759 1.496978
0.260974 0.079215 1.289107
0.343376 0.021178 1.569182
-0.090929 0.307968 0.415553
-0.277220 -0.367352 1.017380
-0.304226 -0.231306 1.575006
-0.338925 -0.147180 1.431302
0.029904 0.385467 1.282157
0.358141 0.067286 1.837262
-0.478494 -0.157227 1.425005
-0.170359 -0.217120 0.882528
0.303545 0.213240 1.927395
0.114298 -0.301306 1.279362
-0.204981 0.294738 1.371241
-0.286051 -0.341358 1.275588
0.165140 -0.115153 1.434999
0.000386 0.124698 0.919429
0.053440 0.308945 1.618123
-0.028609 0.268853 0.603515
0.178354 -0.135223 1.522560
-0.256587 -0.230760 1.455080
0.042706 0.144075 1.931447
-0.166394 -0.478039 2.854615
-0.086575 0.381835 0.393762
-0.346888 0.381671 -0.298219
-0.112619 0.039590 1.816167
-0.047848 0.257108 0.524283
-0.424160 -0.381718 1.419858
-0.012994 0.126403 1.363187
0.060775 0.465017 1.057382
0.366121 -0.097189 1.477528
-0.239401 -0.330940 0.858578
0.377948 0.011529 2.374143
0.380834 -0.014752 1.485440
-0.198921 -0.196592 1.384157
-0.279803 -0.227784 1.452908
-0.202592 0.097520 0.161465
0.313535 -0.020949 2.114822
-0.005822 0.133949 1.081349
-0.098171 0.311427 0.539792
-0.096453 0.076443 1.544552
-0.226040 0.436923 0.255452
-0.117011 0.038665 1.568336
0.282184 0.419869 2.081635
0.403422 0.281483 2.068682
-0.128320 0.016790 1.573414
-0.238576 -0.255034 1.695663
0.459836 0.372760 0.990454
0.261504 0.098301 1.567155
0.418665 0.336161 1.005990
-0.224937 -0.325943 1.358257
-0.028205 0.279514 1.143508
-0.124150 0.143630 1.748819
0.006549 0.376481 0.679441
-0.276609 -0.275908 1.876363
-0.435241 0.096842 1.653839
-0.030337 0.253218 0.636132
-0.046789 0.278827 0.652137
-0.096892 0.358222 0.147222
-0.012481 -0.090342 2.472318
-0.216088 -0.391939 1.556371
0.268531 0.025410 1.723059
-0.057289 0.013724 1.688025
0.337724 0.045805 1.940850
-0.294305 -0.349356 1.039439
-0.429235 -0.183353 0.840352
0.492606 0.009906 1.682426
-0.450527 -0.048663 1.511997
0.461312 0.323717 1.792607
0.335175 0.174312 1.649079
-0.226434 -0.309730 1.435334
0.039465 0.401770 1.246742
-0.230900 0.470528 0.518508
0.314657 0.080386 1.938012
0.369546 0.141661 1.517475
0.258607 0.116981 1.541512
0.191500 -0.149935 1.434469
-0.193708 -0.375886 1.218099
0.204755 -0.387132 1.063270
0.230527 -0.321606 1.204279
0.315884 0.038255 1.760123
0.346933 0.395418 1.721762
-0.411592 -0.379087 0.527731
0.135696 -0.286506 1.956731
-0.359220 0.362199 1.752112
0.354666 0.339826 1.534604
0.337297 -0.321978 1.674328
0.250976 -0.114506 2.217634
0.105618 0.282284 1.386525
-0.089824 0.421568 1.099279
-0.001787 -0.332301 1.135056
-0.134571 0.359581 0.100369
-0.095821 0.324430 0.119493
0.471407 0.475752 0.867055
-0.043201 0.226101 0.676067
0.056925 0.124841 1.698163
-0.362100 0.105433 1.440241
0.020742 0.081886 1.242972
-0.431255 0.140586 2.715422
-0.396045 -0.433193 1.216273
-0.103168 0.029090 1.827099
0.029525 0.376394 1.186996
0.139248 -0.105449 1.952161
0.037506 0.030448 1.949890
-0.030678 0.318916 1.078324
-0.285026 -0.234095 1.387996
-0.264229 -0.313517 1.095367
-0.227162 -0.210356 1.351229
-0.270131 -0.224421 1.696835
0.220470 -0.197029 0.780397
0.015516 0.466825 1.830579
-0.424886 -0.205069 0.664018
0.419264 0.309511 2.024400
-0.146061 0.343734 0.370613
0.311376 -0.066267 1.710563
-0.420177 0.107166 1.777308
0.243386 -0.207021 1.126786
-0.245104 -0.297927 1.248985
-0.469972 -0.300381 1.859858
0.474206 0.070680 1.690470
-0.423877 0.093054 1.765646
-0.222334 -0.278184 1.569221
-0.390325 -0.271681 1.782415
0.328561 0.077109 1.811630
0.361474 0.035937 1.431439
0.013746 0.194629 0.693637
-0.195175 -0.187963 1.461154
-0.222218 -0.302366 1.450890
-0.096784 0.279914 1.091382
0.171259 -0.356096 1.019388
-0.305168 -0.211084 1.594262
-0.245081 -0.336522 1.239974
-0.017540 -0.113791 1.199715
-0.290392 -0.348055 1.179321
-0.064539 -0.390218 2.085743
0.287152 0.029488 1.532371
-0.085424 0.310919 0.572197
-0.424428 0.087812 1.660869
-0.036019 0.238351 0.533956
-0.005092 0.301000 1.398166
0.092529 -0.196814 1.255092
0.486334 0.291361 2.392326
-0.383047 0.406413 -0.208139
-0.197513 0.271086 1.388310
0.269262 -0.012703 2.324093
-0.177485 0.460812 0.533330
0.326279 0.052194 1.604068
0.161350 -0.040799 2.724192
0.357118 0.099218 1.789544
0.154796 -0.096698 1.793335
-0.083110 0.433810 0.987997
0.156544 -0.261302 1.824899
0.133134 0.261870 1.081027
0.298626 0.204023 1.301550
0.412011 0.420264 1.517398
-0.442532 0.091629 1.663007
0.355327 0.078146 1.652191
-0.301019 -0.328284 1.143622
0.485779 0.307075 0.601061
0.025510 0.375380 1.144189
0.127961 0.235633 1.009485
-0.099802 0.358521 0.373414
-0.060708 -0.235528 1.795380
-0.252168 -0.250749 1.675156
-0.365797 -0.429464 1.379382
-0.020075 0.247609 0.714871
-0.314362 -0.412657 1.939283
0.478265 0.046718 1.550796
0.023320 0.118284 1.901672
0.051913 0.124690 1.729075
0.401689 -0.290241 1.351528
-0.002899 0.314540 1.163671
0.281359 0.020225 2.292352
0.455821 -0.401407 1.605201
0.037981 -0.312559 1.690554
0.339530 0.053671 1.731593
-0.340288 -0.342682 1.587539
-0.195244 -0.452691 1.672964
-0.236991 -0.208474 1.838490
0.355202 0.291474 1.203088
0.015412 0.136289 1.430576
0.478376 0.062874 2.016899
-0.148177 0.321377 -0.379010
0.399164 0.168324 2.199980
-0.422851 -0.425452 1.445791
0.216787 -0.268642 0.853781
0.038543 0.149363 1.823316
-0.274032 -0.252141 1.397904
0.043522 0.315655 1.495011
0.328259 -0.311555 1.819665
-0.236599 -0.323717 1.489479
0.324250 -0.341126 1.666333
0.488473 -0.150140 1.684822
0.275068 0.070459 1.141735
0.152283 -0.143473 1.700673
-0.456337 -0.151055 1.112226
-0.039027 0.248693 -0.054492
-0.199417 -0.212453 1.385858
-0.443133 -0.217321 1.067933
0.001950 -0.335979 1.775150
-0.291929 -0.222465 1.631125
-0.205628 0.462500 0.456450
-0.450848 -0.168191 1.272907
0.101113 -0.059633 2.116583
-0.028791 0.231790 0.565936
0.498270 -0.121898 0.930477
-0.136003 0.017778 1.967950
0.010566 -0.301751 0.794196
-0.218422 0.471906 0.523947
-0.050054 0.190033 0.584507
-0.219722 0.172573 0.629883
-0.037449 0.270639 0.705405
-0.209182 -0.379940 1.448806
0.395787 0.195667 2.225119
0.323382 0.150318 2.112706
0.347406 0.003221 1.562281
-0.200192 -0.385798 1.208855
-0.109509 0.310756 0.818659
-0.356165 -0.438691 1.329187
0.045598 0.471772 1.486546
-0.038460 0.267928 0.297813
-0.249089 -0.307665 1.001917
-0.139275 -0.404709 1.676955
0.357334 0.045763 2.113131
0.378399 0.354237 1.350725
-0.002222 -0.277449 0.875900
-0.016906 0.290833 1.044654
0.025034 0.390426 1.248930
0.382401 -0.237938 0.968160
0.333900 0.366455 1.724035
0.286667 0.061676 1.401214
0.267493 0.027721 1.840209
-0.320391 -0.491822 0.494430
0.481399 0.079012 1.795003
-0.392471 -0.442199 1.236627
-0.021034 0.264211 0.795758
0.265983 0.204243 1.636568
-0.069508 0.165196 1.366805
-0.320461 -0.236230 1.421396
-0.431353 0.096693 1.384240
0.025860 0.109212 0.994721
0.459252 -0.034207 1.311253
0.148004 -0.093135 1.597716
-0.247921 -0.314006 1.188819
0.436649 0.484435 0.851619
-0.486484 -0.141493 1.581737
0.009032 -0.307805 1.730842
-0.095987 0.411125 0.658701
0.189189 -0.348853 0.924176
-0.099498 0.056828 1.955294
-0.022273 0.113930 1.595674
0.122658 -0.049578 2.032034
0.052767 0.127685 1.760064
0.248609 0.077603 1.512423
0.003348 0.141943 1.400198
-0.463434 -0.187638 0.902165
-0.497852 0.061964 1.509172
-0.063494 0.298155 0.033981
0.309456 0.226086 1.710068
-0.134273 0.462335 1.498173
0.313071 0.046218 1.929369
-0.184219 0.439473 0.711135
-0.019795 0.331288 1.018369
0.307071 -0.332385 1.737969
0.237467 0.015104 1.812097
0.043479 0.140791 1.954914
-0.109096 0.410894 1.120338
0.005762 0.355404 1.450221
-0.364909 0.185413 2.046415
0.247945 -0.075574 1.987243
0.364366 0.056463 1.869051
-0.435008 0.084129 1.432304
-0.048019 0.085780 2.077827
-0.172641 0.171710 0.257668
-0.202274 0.152419 0.240470
-0.007641 0.253518 0.749861
0.331686 0.021616 1.764053
0.410749 -0.492483 1.157496
-0.368710 -0.457953 1.163292
-0.062851 0.034149 1.551495
0.349982 0.105032 1.919746
-0.155018 0.306400 -0.208573
-0.005117 0.145899 1.162911
0.359454 0.193925 1.393837
0.314301 0.243178 1.765689
-0.139508 0.031153 1.841488
0.361841 -0.346918 1.459356
0.085433 0.112743 1.536741
-0.279983 -0.141136 1.467344
-0.041761 0.286150 0.927037
-0.302848 -0.238239 1.456812
-0.127444 0.072879 1.760173
-0.375191 0.087207 1.321629
-0.400989 -0.363062 0.899072
-0.220322 0.416106 0.467176
0.081117 0.071152 1.465972
-0.254515 -0.281586 1.412869
0.263444 0.070903 1.506883
-0.283550 -0.160490 1.140698
0.052274 0.469450 1.598110
0.046837 0.303375 1.035999
0.118821 -0.267436 1.559926
0.087693 0.097699 1.200220
0.312058 0.052583 1.624372
0.382809 0.115100 1.601047
0.191151 -0.350055 0.960967
0.251421 -0.366793 1.852526
-0.125307 0.013535 1.493184
-0.131767 0.030024 2.006201
0.478407 -0.154196 1.130124
-0.239459 -0.285264 1.117986
-0.125107 0.056151 1.821123
-0.297812 -0.302343 1.562767
-0.298571 -0.336747 0.917013
-0.174155 0.085540 2.009160
-0.050400 -0.268156 1.438323
0.051899 0.470223 1.335610
0.043428 0.403741 1.319070
-0.278953 0.304786 0.969200
0.329176 0.106832 1.776497
0.220957 0.190851 0.927443
-0.010153 0.214654 1.131752
0.348028 -0.240579 1.210486
0.388741 0.412645 1.774122
-0.280358 -0.264837 1.029348
-0.456248 0.112903 0.746330
-0.015907 -0.260883 1.199187
-0.060804 0.079140 1.875821
-0.115087 0.004321 2.043918
-0.194442 0.087420 2.101569
-0.091227 0.285495 0.169624
-0.471408 -0.043726 0.994285
0.354153 0.354511 1.372360
-0.476725 -0.323550 1.826498
0.336430 0.011833 1.770718
0.138064 0.275120 1.396498
0.137510 -0.302537 1.340563
0.336322 0.037795 2.021195
-0.402282 -0.342098 1.083904
-0.199900 -0.365202 1.275843
0.273550 0.064716 1.503775
-0.230735 -0.347376 1.210817
0.097845 -0.180250 1.242367
0.156441 -0.326313 1.178462
0.070119 0.061261 2.185299
0.008977 0.377407 1.266795
-0.317229 -0.353414 1.398917
-0.024312 0.126155 1.589127
0.149879 -0.103964 1.978649
-0.034663 -0.104346 2.089545
-0.298637 -0.351695 1.095895
0.133327 -0.308202 1.345071
-0.065751 -0.084547 0.830361
-0.180645 0.117086 2.373793
-0.048949 0.090844 1.919907
-0.311388 -0.257245 1.016978
0.338370 0.191308 1.680362
0.247038 -0.047250 2.075081
0.068315 -0.081559 1.908854
0.032586 0.388428 1.532712
0.023067 0.357994 1.243574
0.144933 -0.289392 1.277885
0.327466 0.025164 1.795545
0.198313 -0.374948 0.635476
0.029132 0.133356 1.168504
-0.364785 -0.363316 1.483245
0.239758 -0.055022 2.464559
