0.177478 -0.456374 0.995338
-0.127452 0.396008 0.863270
0.264424 -0.414254 0.682385
-0.062273 0.143913 1.068312
0.195814 -0.475584 1.144109
0.336138 0.442131 1.376984
-0.005722 -0.479066 1.666625
-0.185566 0.168921 0.985240
-0.052800 0.141772 1.165866
0.243863 -0.424656 0.654365
-0.068607 0.076103 1.299439
0.267748 -0.420735 0.622564
0.201916 -0.482083 1.034559
-0.430032 0.077639 1.308726
0.186188 0.478834 1.137355
-0.147525 0.363557 0.878661
0.252108 -0.438232 1.026415
0.216773 -0.440418 0.758426
-0.108824 0.147409 1.349744
0.367566 0.455206 0.803449
0.015121 0.009478 0.509147
0.201618 0.412897 1.003429
-0.130062 0.280873 2.214711
-0.125283 0.114149 0.967261
-0.016646 -0.061530 1.086689
0.233372 -0.433151 1.097161
-0.144341 0.411974 0.932413
0.251463 -0.441203 0.915737
-0.085870 -0.253993 0.757684
0.233119 -0.429316 0.837621
0.253646 -0.412793 0.517352
0.449861 0.428932 0.568665
0.142225 -0.493913 1.185925
-0.218132 0.119188 1.402238
0.182221 -0.499559 1.359789
0.259566 -0.384148 0.346281
0.253785 -0.445178 0.711594
0.284786 -0.399832 0.629190
0.208927 -0.439148 0.814755
0.222689 -0.433381 0.708715
0.227868 -0.425836 0.895886
0.176215 -0.462655 0.978600
0.175597 -0.481724 1.169042
0.163749 -0.486722 0.951789
0.191599 0.445371 1.046239
-0.284786 0.110896 1.453918
0.152455 0.478071 0.975753
0.195589 -0.466800 0.843547
0.279762 -0.428629 0.529755
0.201309 -0.440951 0.982516
0.273226 -0.431012 0.771146
-0.081163 0.094384 1.010976
0.250203 -0.377976 0.527051
0.254807 -0.419967 0.813654
0.114454 0.335677 0.712117
0.233332 0.360994 0.013427
-0.085429 0.477083 2.019552
-0.450463 -0.243057 0.657128
0.255589 -0.416925 0.742327
0.272836 -0.349629 0.557585
-0.094979 0.173494 0.881675
0.261837 -0.427426 0.925796
0.142930 0.497164 1.472220
0.242020 -0.429531 0.900760
0.256055 -0.427871 0.833121
0.395499 0.457322 1.463436
0.239548 -0.293185 0.656353
0.064784 0.472648 1.164697
-0.249309 0.026086 -0.488711
-0.193330 0.117842 1.174263
0.161243 -0.499211 1.395242
0.168833 0.489056 1.362276
0.183211 -0.439415 0.894790
0.260700 -0.427224 0.722945
0.210691 -0.437757 0.976572
-0.478928 0.323881 0.718847
0.052672 -0.139279 0.832436
0.380121 0.202065 0.914828
0.187828 -0.465393 1.034481
0.256463 -0.419902 0.673345
0.239985 -0.365869 0.414926
0.340720 0.487989 0.541093
-0.279459 0.152388 0.709488
0.168202 -0.449353 0.854556
-0.180413 0.403253 0.874047
0.126498 0.478520 1.401196
-0.386452 0.169166 0.815316
0.225734 -0.418078 0.870824
-0.122671 0.392145 0.862865
0.170105 -0.481713 1.375603
0.265716 -0.395685 0.407394
-0.001219 -0.221589 0.080242
-0.075149 0.153610 0.990000
0.257950 -0.411136 0.438525
0.247884 -0.422810 1.016260
0.239177 -0.434163 1.198218
0.064514 -0.155662 0.830620
0.263580 -0.364801 0.368959
-0.048663 0.079044 1.472604
0.216264 -0.162846 0.532983
0.249236 -0.441768 0.842475
0.177008 -0.488881 1.021935
0.265155 -0.368479 0.428944
0.266768 -0.431437 0.725257
0.263216 -0.442908 0.615523
-0.111401 0.376187 0.867743
0.138607 -0.455878 1.136950
0.140699 0.478341 1.572570
-0.080495 0.235134 0.963039
-0.074467 0.164673 1.144294
0.251235 -0.435804 1.183677
-0.142329 0.413608 0.906468
0.253934 -0.359726 0.504692
0.217311 -0.441974 1.167363
0.189168 -0.479767 1.015424
0.250557 -0.347683 0.462452
0.228578 0.063218 0.920821
0.266670 -0.426032 0.400406
0.260326 -0.448554 0.682932
0.188568 -0.462836 0.661642
0.198363 -0.429081 0.920313
0.012548 -0.138303 1.019801
-0.123378 0.136745 1.305250
-0.087851 0.192311 0.761956
-0.139126 0.178783 0.718449
-0.077343 0.152141 1.467218
-0.306101 0.184148 0.697465
0.191801 -0.445606 0.836410
-0.073526 0.219836 0.937200
-0.058488 0.208684 1.003489
0.193156 -0.484624 1.296621
0.245491 -0.353923 0.310080
0.020184 0.016285 0.733657
0.251935 -0.422425 0.947682
0.165916 -0.447532 1.042459
0.247034 -0.406023 0.492387
0.242683 -0.431450 0.917611
-0.184336 0.127551 1.542693
-0.122630 0.427102 1.110985
0.198190 -0.353104 0.433312
-0.044599 0.114134 1.423700
0.190174 -0.450171 0.945802
-0.122797 0.193331 1.078691
-0.072084 0.171384 0.782555
-0.058566 0.183299 0.611228
0.188987 -0.479374 1.181366
-0.185974 0.394446 0.590790
0.409748 -0.109325 0.650434
0.177323 -0.463266 0.880941
-0.005825 -0.478134 1.667853
-0.458665 0.024420 1.011815
0.300854 -0.080131 0.634037
-0.208680 0.130964 1.169922
-0.101562 0.343483 0.559743
0.189584 -0.434967 0.781715
0.182223 -0.484174 1.131946
0.108306 0.484615 1.490286
-0.134294 0.389320 0.679788
0.242968 0.023279 1.069766
0.196381 -0.454410 0.713554
-0.108722 0.367014 0.840839
0.092236 0.491491 1.658272
-0.146766 0.183885 1.041126
0.251594 -0.364640 0.647080
0.254329 -0.393801 0.589656
0.145895 0.498628 1.443924
0.239177 -0.467106 1.374968
0.199893 -0.464158 1.102826
0.232717 -0.460679 1.092790
0.227741 -0.355011 0.216421
0.257688 -0.437889 0.651120
0.181721 -0.484851 1.276364
-0.009450 0.113444 1.155984
0.167253 -0.496368 1.177754
-0.163724 0.201761 1.229235
0.403153 0.191098 1.227359
0.262950 -0.426988 0.605030
0.134542 0.493606 1.302745
-0.052425 0.155823 1.316478
0.194930 -0.473694 1.078193
0.090944 -0.483340 -0.385785
-0.093289 0.151423 1.213782
0.016767 -0.459035 1.667510
-0.129074 0.344448 0.905633
0.230394 -0.437289 0.955031
-0.003046 -0.076751 1.199024
0.226169 -0.428844 1.053502
0.118898 0.470195 1.107111
0.232303 -0.358988 0.255434
0.260918 -0.054250 0.923268
-0.009118 -0.189972 0.335402
0.199978 -0.458190 0.934396
0.150475 0.483858 1.150974
0.181608 0.125475 0.446183
-0.319727 0.251361 -0.342498
0.196181 -0.430861 0.879363
0.357041 0.386302 1.231439
0.268107 -0.397457 0.492683
0.280119 -0.435052 0.768677
0.182610 -0.045782 1.644640
0.207236 -0.449927 0.857361
0.193136 -0.476994 1.273284
0.250542 -0.399716 0.364642
0.160280 0.253357 1.764727
0.249468 -0.101805 -0.198270
0.214928 -0.422190 1.042042
0.256516 -0.346866 0.514556
0.398438 0.003175 1.427527
0.199824 -0.473350 1.222720
0.361433 0.362283 0.786092
0.221612 -0.462691 0.986438
0.472293 0.176509 0.773333
0.476829 0.062795 1.569761
-0.115699 0.400584 0.844470
-0.062511 0.221753 0.976668
0.238386 -0.432498 0.933890
0.267208 -0.304844 0.291549
-0.151350 0.461548 1.096136
0.185845 -0.480089 1.056443
0.187694 0.486801 1.491345
0.257630 -0.382484 0.531850
0.202760 -0.447925 1.116779
-0.102005 0.156544 1.277807
0.138400 -0.498160 1.385949
0.189906 -0.468130 1.069850
-0.133326 0.371769 0.545180
0.350809 0.481823 1.016186
0.255559 -0.421170 0.564859
0.239111 -0.381688 0.337849
-0.473661 0.143954 0.388251
0.282483 -0.153740 0.715252
0.201125 -0.449422 0.921490
0.148265 0.484982 1.215041
0.256335 -0.452184 1.037473
0.185788 0.228902 0.188590
0.179983 -0.485106 1.399642
0.249192 -0.386741 0.310777
0.155175 -0.482936 1.276689
0.244826 -0.453050 1.035904
-0.082697 0.151100 1.099693
0.181581 -0.446588 1.178459
0.175034 -0.485370 1.480179
-0.071365 0.298153 1.395755
0.142289 -0.344752 0.575887
0.246646 -0.443067 0.867072
0.027300 0.006825 0.596083
0.253443 -0.446740 1.081611
0.365158 -0.315936 0.605368
0.047603 0.404402 1.251904
-0.324250 -0.143489 0.886745
-0.122596 0.379185 0.752363
-0.112939 0.195356 1.107392
-0.050587 0.176141 0.778423
0.279455 -0.438880 0.828550
-0.118448 0.037739 0.713198
0.148756 0.479643 1.311610
0.297107 -0.129288 0.201394
0.138940 0.481652 1.285618
0.247047 -0.452809 1.154750
-0.148985 0.142375 1.534909
-0.116709 0.157439 1.068091
0.223792 0.428789 1.348342
0.290703 -0.426499 1.171302
0.216784 -0.415442 0.123953
-0.111328 0.378437 1.048076
0.250475 -0.346684 0.673964
0.266175 -0.413345 0.568191
0.287161 -0.412547 0.451552
0.251375 -0.384801 0.516228
0.184223 -0.427068 0.787472
0.268693 -0.367906 0.611111
-0.068858 -0.051081 1.178938
0.023353 -0.125312 0.763652
-0.083902 -0.126065 0.624509
-0.059437 -0.293112 0.839187
0.179352 -0.489904 1.341092
0.177127 -0.458216 0.992247
-0.192929 -0.104698 1.093805
-0.059072 0.191212 0.900297
-0.136594 0.362936 0.798980
0.254409 -0.423414 0.559645
0.309467 -0.074171 1.705093
0.244196 -0.437550 0.791698
-0.140424 0.191435 0.856637
-0.111725 0.377943 0.778478
0.264223 -0.438611 1.062704
0.255892 -0.437009 0.608533
0.356740 0.270811 0.885103
-0.145742 0.244335 0.059373
0.200675 -0.451326 0.894490
-0.122642 0.422424 0.770199
0.024969 0.032604 0.730046
0.422261 -0.177544 0.991098
0.239513 -0.437039 1.113849
0.158823 -0.486021 1.026913
-0.074917 0.159088 1.063361
0.183529 -0.482210 0.886208
0.268552 -0.445110 0.703510
0.112014 -0.460439 -0.523201
-0.131775 0.350988 0.532816
0.196437 -0.494109 1.116737
0.417516 -0.399951 1.319163
0.266088 -0.421359 0.474842
0.184989 -0.470446 1.257348
0.153079 -0.483407 1.338537
0.221141 -0.432681 0.810647
-0.420626 -0.324309 0.105429
0.217869 0.487202 1.239824
0.291716 -0.390944 0.325166
0.203589 -0.427996 0.928086
-0.027842 -0.496330 1.944945
0.254003 -0.423242 0.915959
-0.063128 0.177011 0.939865
0.220775 -0.424202 0.856940
0.118394 0.489323 1.408203
-0.185873 0.073995 1.345039
-0.489563 0.060415 0.924527
-0.177986 0.404054 0.939933
-0.121871 0.358316 0.850724
-0.122184 0.200956 0.515728
0.218743 -0.371088 0.303811
0.213608 -0.436687 0.828727
0.081696 0.476236 1.711759
0.171307 -0.491558 1.148653
-0.094144 0.217072 0.614656
0.090614 0.321663 1.212310
-0.040856 -0.072832 1.218251
0.273537 -0.390212 0.570646
0.245636 -0.451885 0.936500
0.136964 0.476577 1.262687
-0.111828 0.311316 1.526910
-0.059831 0.060848 1.129555
-0.087244 0.153634 1.082637
0.259755 -0.384497 0.627091
0.257167 -0.425967 0.581794
0.177931 -0.457665 0.712291
-0.248006 0.124980 1.204593
0.249675 -0.425009 0.978787
-0.177234 0.092221 1.302952
-0.074776 0.494287 1.984698
-0.129266 0.387133 0.658203
-0.076549 0.190220 0.885450
-0.432153 0.089647 1.942850
-0.040432 -0.498286 1.794613
0.059774 0.268517 -0.394264
-0.109206 0.139414 1.194905
0.207057 -0.465860 1.106438
-0.454142 0.093369 0.478238
0.247497 -0.428893 1.083217
0.309471 -0.408325 0.708174
0.255204 -0.376108 0.207027
0.281170 -0.435470 1.493754
-0.022937 -0.312474 0.594300
0.164275 -0.462543 1.236624
0.034755 -0.103570 0.724219
0.124872 -0.443631 1.113497
0.172278 -0.296456 0.861738
0.104914 -0.397287 -0.160727
-0.080102 0.156060 1.198002
-0.078806 0.095831 1.305164
-0.489231 0.422338 1.252803
0.401279 0.394232 1.363933
-0.108367 0.384482 0.811651
0.249856 -0.362976 0.475665
0.172210 0.477224 1.309018
0.192590 -0.472711 0.871452
0.223344 -0.373706 0.085347
-0.108708 0.407890 0.642220
-0.239252 -0.213201 0.639513
0.233398 -0.441257 0.981219
0.296413 0.272679 0.386560
0.275026 -0.352512 0.391344
0.223775 -0.445762 0.846763
0.181500 -0.469581 1.002465
-0.463949 0.109496 0.488190
0.231291 -0.436097 0.865268
0.229415 -0.418623 0.926101
0.246527 -0.429271 0.721735
-0.167459 0.079693 1.302132
-0.075554 0.207152 0.652405
0.254539 -0.419784 0.687303
0.126166 0.475400 1.245044
0.267479 -0.429803 0.770253
0.186876 0.497585 1.306143
-0.151518 0.432378 1.291444
-0.045745 0.210157 0.714098
-0.183401 0.180595 0.898168
0.001952 -0.113753 0.805801
0.058086 0.458130 1.713558
0.210853 -0.466251 1.194248
0.258468 -0.365925 0.538847
-0.118177 0.384094 0.479319
0.188871 -0.466798 0.963868
0.246325 -0.426584 0.818291
-0.188825 0.091772 1.523188
-0.038584 0.085226 1.209042
0.249129 -0.425884 0.699702
0.220711 -0.435782 0.753942
0.182499 -0.476355 1.168607
0.246290 -0.427330 0.744189
