-0.411807 -0.351194 1.949904
0.085151 -0.043583 1.751088
0.025378 -0.312979 1.708845
0.409108 0.496785 1.521379
0.120557 -0.405039 1.630503
-0.349839 -0.330529 2.057164
-0.241863 -0.039631 1.580250
-0.235365 -0.322352 1.803370
0.100250 -0.118481 1.187952
0.250920 0.090857 2.548779
-0.429075 -0.416486 1.408463
0.103667 0.004240 1.833118
-0.100488 -0.071596 1.791691
-0.412291 0.429050 1.618340
-0.292903 0.256735 1.143336
0.209774 0.014423 1.287056
-0.225523 -0.376982 1.737396
-0.288617 -0.321005 1.676758
0.053633 -0.091435 1.155647
0.210736 -0.478122 0.771220
0.426459 0.016697 1.194942
-0.428522 -0.393528 1.544999
0.424232 -0.482474 1.164490
0.264400 0.423073 1.604638
-0.202828 0.148449 1.240143
0.440333 -0.248159 1.527237
-0.446703 -0.485572 1.339406
-0.007545 -0.261388 1.936574
-0.276753 -0.467617 1.108766
-0.408783 0.437874 2.150030
0.442698 -0.263151 1.467628
0.413205 0.445596 2.127405
0.393937 0.437533 2.399204
-0.251811 0.020306 1.325990
0.469681 -0.441115 1.754574
0.362487 0.154109 2.034214
-0.436863 0.230062 1.703946
0.438261 -0.227314 1.304745
-0.424306 -0.368574 1.902128
-0.418636 -0.362046 1.749378
-0.436202 -0.369634 1.569767
0.458323 -0.101958 1.424738
-0.242200 -0.262649 1.280880
0.466457 -0.453560 1.617929
-0.398562 0.417033 2.351149
0.241450 -0.036874 1.548668
0.309801 0.030861 0.909934
0.473908 -0.438185 1.942216
0.476695 -0.267437 1.601597
-0.366422 0.256946 1.681423
0.217620 0.047058 1.420632
0.043452 -0.071930 1.679902
-0.375076 -0.205781 1.173737
-0.291510 -0.228001 1.471389
0.216035 0.036505 1.417646
-0.497979 0.243846 1.415838
-0.271052 -0.403702 2.257781
-0.488001 -0.457653 1.504783
0.169019 0.050705 1.556336
0.130908 -0.488387 0.439545
-0.332479 -0.326846 1.499043
0.428402 -0.194227 1.559734
0.328921 0.439471 1.637604
0.207099 0.057906 1.450843
0.465965 -0.476438 1.669885
0.167558 0.027745 1.603828
0.003017 -0.403450 1.060093
0.200154 -0.005655 1.109182
-0.266885 -0.244416 1.263098
0.248731 -0.230878 2.439474
0.318241 0.264636 1.694818
-0.264008 0.250198 1.627317
0.414369 0.475806 1.533515
0.429912 -0.036107 1.643301
-0.231252 -0.264386 1.256480
0.025333 0.084402 1.419788
-0.341201 0.249362 1.480153
-0.364012 -0.444981 1.350208
0.255308 -0.053507 1.596651
-0.315925 -0.244868 1.770306
-0.283800 0.204208 1.574937
0.313321 -0.168209 1.711484
0.221935 0.020953 1.350206
-0.385016 -0.358841 1.744246
0.107967 -0.388446 1.761081
-0.327010 0.192337 1.041967
-0.279755 -0.010359 1.250430
-0.298249 -0.231595 1.779616
0.303928 0.468422 1.071850
-0.228384 -0.327026 1.665278
-0.281854 0.269107 1.338297
0.465180 -0.492011 2.154857
0.247736 0.052236 1.583675
-0.228875 -0.320409 1.741318
-0.284059 -0.021174 1.178713
-0.380922 -0.204771 1.272442
0.468219 -0.461100 1.553497
0.407844 -0.167585 1.065734
0.226384 -0.017628 1.534526
0.211048 -0.083358 1.184292
-0.352895 -0.202030 1.581884
0.264749 -0.027538 1.570020
0.358171 0.474680 1.496193
-0.133515 -0.298833 1.025882
0.479829 -0.268936 2.188994
0.223445 0.001390 1.383881
-0.452262 -0.353585 1.472691
-0.226260 -0.344215 1.751065
0.247306 0.045912 1.474021
-0.059575 -0.410132 1.649738
0.443431 -0.495547 1.799844
0.345911 0.277102 1.300090
0.214978 0.086723 1.508599
0.197479 0.015256 1.249860
-0.383859 -0.386023 1.588570
0.463355 -0.439811 1.292687
-0.405656 0.094279 1.788000
0.223810 -0.011179 1.435459
0.234588 0.026775 1.648725
-0.411616 -0.400855 1.567019
-0.419078 -0.392216 1.502009
0.226435 0.023886 1.586059
-0.389921 -0.072362 1.964759
-0.460293 -0.397040 1.782340
-0.400752 0.171106 1.737868
-0.320153 0.258204 1.502876
0.335214 -0.178689 1.652331
0.371553 -0.089347 2.063085
0.464766 0.070686 1.717142
-0.232600 0.034827 1.357636
0.158621 0.033289 1.248666
0.358483 0.390422 1.402078
0.211945 0.022162 1.347258
-0.395134 -0.411724 1.556941
-0.224219 -0.383414 1.752086
-0.294607 0.007038 1.230907
0.447297 -0.272504 1.656581
-0.297045 -0.002454 1.344388
0.265404 0.050415 1.478623
-0.229732 -0.291950 1.367702
-0.224139 -0.352139 2.000971
-0.430184 -0.345042 1.692406
0.415835 -0.077727 1.763605
-0.257299 0.259627 1.811687
-0.436029 0.097062 1.694748
-0.077876 -0.360662 1.009435
-0.489452 0.213145 2.142796
0.283420 0.469956 1.169680
0.237529 0.037701 1.859636
-0.264171 0.251865 1.677159
-0.458943 0.056632 1.336754
0.195076 0.059414 1.687761
-0.436640 0.254775 1.032637
-0.320626 0.261964 1.603418
-0.435571 -0.356335 1.417576
-0.412145 -0.379049 1.445335
-0.212353 -0.013330 1.257985
0.216624 -0.004371 1.273389
0.422694 -0.419265 1.949830
-0.408015 -0.398045 1.856924
0.097732 -0.059908 1.729812
-0.388347 -0.411275 1.729152
0.426870 -0.101769 1.882062
-0.382911 -0.198121 1.454300
0.384592 -0.200159 1.197219
0.474972 0.071748 1.281726
0.008224 -0.187015 1.830636
-0.391536 -0.407475 1.442888
0.355595 0.443982 1.541363
0.242472 -0.200826 1.576440
-0.387942 -0.292887 1.601315
0.249712 -0.217131 2.227157
-0.209312 -0.330765 1.845747
-0.427699 -0.357873 1.547001
-0.164354 0.230842 0.834012
0.429321 0.471620 2.125980
-0.372680 -0.365343 1.805480
-0.476570 -0.397994 1.682056
0.364167 -0.354421 2.604239
-0.442198 -0.330796 1.533905
0.460487 -0.090447 1.626226
0.090951 -0.053242 1.802725
-0.425243 -0.367211 1.833934
0.099726 -0.018600 1.658542
-0.374840 -0.410326 1.583755
-0.230837 -0.074955 1.596399
-0.348360 -0.313520 2.050886
-0.291068 0.460846 1.032692
-0.271616 -0.249117 1.220290
-0.288681 -0.273329 1.404193
-0.174798 0.149802 1.066091
-0.376446 -0.179814 1.334225
0.218193 0.014831 1.311897
0.120572 -0.039391 1.904954
-0.476501 -0.397923 2.134186
0.197700 -0.350635 1.761015
-0.416561 0.398959 2.098918
0.005771 -0.139003 1.532759
-0.431073 -0.315610 1.716507
-0.328781 -0.233788 1.493155
0.226417 0.098968 1.792717
0.376790 -0.243343 1.748400
0.340528 0.437967 1.215786
-0.024719 0.404403 1.935213
-0.372134 -0.398586 1.792156
-0.057126 -0.296682 1.913818
0.419090 -0.079223 1.942522
0.023925 0.311116 2.554250
-0.391138 -0.453939 1.251870
-0.132206 0.348040 0.700042
-0.058729 -0.272910 1.840518
-0.287816 0.234706 1.523257
0.101722 -0.400735 1.591034
0.262741 0.053017 1.533782
-0.490156 0.252320 1.608182
0.426982 -0.001576 0.961380
-0.467275 -0.453661 2.103667
0.215159 0.005280 1.344532
-0.437312 -0.367660 1.674985
0.003187 -0.434647 0.688821
0.406683 -0.076075 1.315795
0.481179 -0.458213 1.459299
0.352095 0.398037 1.308858
-0.446374 -0.357578 1.567413
-0.280858 -0.258444 1.444854
-0.104163 0.134835 1.106970
0.443763 -0.472013 2.098931
0.393841 -0.097352 1.620523
-0.370160 -0.429201 1.448181
-0.390366 -0.399574 1.657777
0.492157 -0.434454 1.843596
0.091936 -0.337541 1.039740
-0.214719 -0.352581 1.696204
-0.334384 0.157604 1.129130
-0.396850 -0.385416 1.701544
0.167343 -0.381107 1.639158
-0.415046 -0.189952 1.166226
-0.325117 0.236385 1.406628
-0.372693 -0.343652 1.673878
-0.309999 0.426556 1.598204
-0.404129 -0.373493 1.813971
0.480780 -0.463054 1.725623
0.351253 0.421812 1.496439
-0.474922 -0.383349 1.727782
-0.424144 -0.373635 1.730399
0.228130 -0.006121 1.241203
0.428741 -0.496932 1.723710
0.472360 -0.475464 1.580838
0.222621 -0.006657 1.190726
0.458560 -0.091927 1.611560
-0.390964 0.266025 1.657471
-0.300265 -0.472777 1.364095
-0.433574 -0.397379 1.836028
0.199931 0.033696 1.355553
0.251787 -0.006405 1.486330
0.475509 -0.449379 2.029698
0.010549 -0.146948 1.400604
0.330456 -0.145384 1.661097
0.234874 0.069424 1.562752
-0.041488 0.374032 1.918630
-0.174971 -0.474710 1.503037
0.182560 0.076767 1.467791
-0.021730 -0.402838 1.134557
0.431385 -0.221903 1.445297
0.224064 -0.153998 1.614788
-0.446742 0.055373 1.762476
0.407516 -0.235343 1.452660
-0.317039 0.379917 1.134407
0.482464 -0.452203 1.745627
-0.323906 -0.372215 1.322452
-0.034539 -0.126638 1.910724
0.149241 0.486025 0.552950
0.285267 0.050647 1.478314
0.201314 -0.031126 1.498440
0.205009 -0.369958 1.549736
0.450196 -0.074881 1.157051
0.275190 -0.312236 2.548041
0.065903 -0.322560 1.303265
0.229937 -0.002063 1.213910
-0.420542 -0.350436 1.377209
-0.316392 0.228893 1.030428
0.345699 -0.135734 2.074671
0.207227 0.062133 1.116283
-0.255380 -0.011399 1.604153
0.405753 -0.078683 1.622271
-0.437251 -0.339347 1.809871
-0.240436 -0.000213 1.748081
0.442607 -0.092590 1.755604
0.233077 -0.040157 1.309618
-0.320791 -0.224877 1.489451
0.209716 0.007269 1.282854
-0.312157 -0.492311 1.488057
0.144234 -0.385525 1.796833
0.488762 -0.065405 1.625441
-0.049645 0.065399 1.423357
0.393649 -0.072832 1.621297
-0.442285 -0.366636 1.403737
-0.036547 -0.260633 2.070506
0.412269 -0.457697 1.073270
0.436028 0.476766 1.984894
-0.450742 -0.405112 1.572102
-0.278602 -0.278936 1.473490
-0.287290 -0.263846 1.490988
-0.378794 -0.369567 1.905599
-0.437252 -0.435409 1.847859
0.018632 0.094683 1.454818
0.415171 -0.467801 1.085344
0.438011 0.497809 2.016964
0.099324 -0.048136 1.892949
0.173514 -0.361933 1.896564
-0.220724 -0.332292 1.761747
-0.074159 -0.147206 1.924516
0.319564 -0.070086 1.408944
0.039411 -0.096057 1.169415
-0.060328 -0.346562 1.222385
-0.213314 0.010747 2.457929
-0.078624 0.120488 0.851402
-0.477844 0.076694 1.067360
0.221618 0.017965 1.067735
0.394984 -0.051611 1.822664
0.406648 0.143309 1.868894
-0.329106 -0.372913 1.552042
0.441946 -0.432975 1.804567
0.419090 0.460092 2.047593
0.369976 -0.012461 1.318220
-0.331897 -0.463021 0.880488
-0.483864 -0.409052 2.033557
-0.346984 -0.392377 1.600331
-0.488923 -0.413155 1.760596
-0.068587 -0.373524 1.245876
0.217919 -0.003937 1.163315
0.462505 -0.457895 1.664659
-0.398823 -0.401075 1.610603
-0.362228 0.259283 1.526372
-0.363644 -0.213748 1.127490
-0.404079 -0.381308 1.744136
0.229853 -0.003194 1.592033
0.216423 0.046424 1.613796
0.424724 -0.057900 1.627343
-0.429106 -0.366474 1.635981
-0.289111 0.388017 1.400703
0.491862 -0.467863 1.818113
0.443605 -0.450668 1.584160
0.342965 0.259867 1.028748
-0.435177 0.079996 1.657563
0.153079 -0.389987 1.030987
-0.495154 -0.377460 1.390941
0.218344 0.007753 1.173453
-0.399310 -0.365657 1.682163
-0.383027 0.231490 0.783628
-0.075666 -0.381165 1.585589
-0.382843 -0.331999 1.906901
0.275725 0.124064 2.879813
-0.404882 -0.418279 1.484496
-0.416063 -0.374314 1.687229
-0.240928 -0.291275 1.584301
0.098351 -0.020522 1.721262
-0.223182 0.475580 1.271247
-0.444014 -0.383737 1.604239
0.226842 -0.005060 1.378311
-0.352298 -0.487346 1.416186
-0.488410 0.219168 2.317503
-0.386803 -0.417596 1.770153
0.167381 -0.151367 1.364459
0.318461 0.066017 1.082860
-0.400528 -0.369907 1.865207
-0.273148 -0.494958 1.331699
-0.027109 0.117103 0.595441
-0.023917 -0.195319 2.097961
0.420982 -0.061398 1.471721
-0.219613 0.019658 1.729836
0.469758 -0.449680 1.752484
-0.372201 -0.358666 1.616202
0.436638 -0.050296 1.842408
0.296441 0.489717 1.143850
0.079488 -0.025584 1.724462
-0.399688 0.404933 1.524037
-0.258107 -0.266809 1.481297
0.228126 0.035382 1.721824
-0.119642 0.461799 2.106342
0.212232 0.048059 1.505380
0.476537 -0.456695 1.861948
-0.452508 -0.345576 1.469486
-0.377095 -0.426257 1.352770
0.260843 -0.043789 1.374209
0.247167 -0.025480 1.064324
0.032772 0.294397 2.406542
0.475399 -0.437262 1.911837
-0.363447 -0.417364 1.643407
-0.457835 -0.447945 2.224264
-0.156158 -0.078942 1.798749
0.208922 -0.053598 1.258932
0.299258 -0.050522 1.205724
-0.434881 -0.358243 1.652417
0.388180 -0.491267 1.133480
0.060302 -0.129518 1.287757
-0.414642 0.078010 1.542128
0.003714 -0.415496 0.976205
0.002441 -0.248706 1.707534
-0.372412 -0.310604 1.792940
