-0.309553 -0.388276 4.262483
0.476092 0.336650 3.771938
-0.011502 -0.084514 5.236414
-0.276892 0.013078 -4.950384
-0.184454 0.176409 -0.389154
0.021006 0.423275 0.340233
0.409258 0.146344 1.732057
0.236994 0.089323 -5.983118
0.139850 -0.401905 4.266074
0.273343 0.170786 1.427956
0.121092 -0.029612 2.310559
-0.407728 0.128293 -4.886014
-0.208418 0.101278 1.380145
0.199914 -0.139689 1.874038
0.337536 -0.102814 -3.418780
-0.414897 0.221532 5.302506
-0.089196 0.489683 5.355449
-0.432431 0.430389 5.344075
-0.055613 -0.123490 -2.955185
0.171277 -0.443197 2.378146
0.404777 0.294480 5.306661
0.075561 0.038732 -0.173692
0.148806 -0.230337 -6.246385
-0.217309 -0.126249 2.611869
-0.033066 -0.341918 -4.323365
0.180633 -0.484683 0.748679
-0.001389 0.320225 5.918153
0.223111 0.051469 1.759739
0.233354 0.109777 -4.005751
0.391232 -0.409975 -0.748667
0.430118 0.150369 0.552546
-0.395102 -0.466425 5.126641
0.461830 0.152023 1.762580
0.472463 -0.397327 -3.635818
0.138878 -0.088663 3.317850
-0.481915 0.124461 -0.989859
0.459075 -0.062057 2.307134
-0.493894 -0.181613 7.516463
-0.309912 -0.127285 3.831384
0.105841 -0.047498 -3.431615
-0.268626 -0.442706 3.621951
-0.009802 0.143802 -4.762360
-0.477144 -0.440444 5.176037
0.160379 -0.210314 1.281089
0.191065 -0.410255 -6.029915
-0.387104 0.213422 1.757257
-0.398417 0.355957 -4.021417
-0.026503 0.134819 -0.674465
-0.067068 -0.000989 2.323446
0.208496 -0.273638 -1.066232
-0.300973 0.383714 0.088982
0.270689 0.013140 -2.983215
-0.285732 -0.320412 1.239924
0.067713 -0.148359 3.089411
0.399759 0.426523 5.911839
0.124110 -0.170264 3.861489
-0.061846 -0.225110 3.838090
-0.154562 -0.450040 -3.135279
-0.462440 0.220828 -2.479636
0.411170 0.154286 -4.702248
-0.120222 -0.345108 5.528205
0.260252 0.385575 -0.109411
-0.449136 0.213441 3.545705
0.334783 -0.064940 5.275585
0.498621 0.314632 2.537956
0.437518 0.145500 2.561223
-0.057168 -0.497515 -0.017742
-0.027474 0.340878 1.703497
0.120704 0.336199 3.794501
0.171200 0.203998 3.813642
-0.379928 -0.353206 -5.135113
-0.449033 -0.161948 6.110635
-0.026907 0.461089 -5.334467
0.354100 0.444994 0.886372
-0.212895 0.357845 1.453640
-0.436165 0.045107 -2.446145
0.354053 -0.473787 -5.785221
-0.037772 0.413173 0.573815
0.195293 0.241738 -4.913272
0.185200 0.099223 -3.461775
-0.219248 -0.430827 -2.649175
-0.048826 -0.315971 1.280932
0.250842 0.299296 6.121381
0.248911 0.356471 1.732341
0.227714 -0.457991 -5.054435
-0.307360 -0.258266 -3.674743
0.456741 -0.140140 -1.012444
0.091194 -0.495074 8.208433
-0.436997 -0.210728 2.602129
0.120358 0.002501 1.674401
-0.219545 0.246394 -3.485903
0.469101 -0.282907 -4.988742
-0.016479 -0.148522 -4.925405
0.396785 -0.328435 2.393170
0.361076 -0.232096 2.854749
-0.095323 -0.291810 2.387449
0.242780 -0.205796 1.812801
-0.049992 0.039507 -3.410694
-0.342350 0.175427 -2.457641
-0.334155 0.230387 3.817476
0.341601 0.156692 -2.200442
-0.184952 -0.300353 1.309569
-0.278847 -0.011477 -3.644925
0.417644 -0.170550 0.007568
0.162997 0.133544 -2.195940
0.330199 0.109759 -0.950307
-0.132819 0.099634 -0.703015
0.242676 -0.073908 1.443616
0.329773 -0.012698 1.524122
0.189833 0.084507 -1.068664
0.236837 -0.134782 4.265027
-0.418057 -0.280774 4.173297
-0.431809 -0.082373 3.353860
-0.171876 0.421138 -5.321556
-0.459583 0.115549 -2.440956
-0.423148 0.449491 -4.582610
0.374021 0.123482 -2.713113
-0.363052 -0.091681 -4.854673
0.012796 -0.285227 2.916920
-0.206105 0.266616 3.252577
-0.003490 -0.316563 6.037296
0.172777 -0.096114 2.572609
0.163227 0.456283 1.736165
-0.222499 -0.330540 2.029702
-0.485495 -0.335513 -4.458999
0.175341 0.488763 10.874100
-0.266913 -0.434809 1.275558
0.161538 -0.019892 2.646198
0.414064 -0.284494 5.102965
0.346340 -0.077729 -5.101102
0.355981 -0.388301 -2.961104
0.410198 -0.109853 -3.380662
-0.105586 -0.116811 3.791534
0.025352 -0.350006 -2.457771
0.268245 -0.045506 -3.388230
0.072275 0.426904 4.687592
-0.108688 0.122670 -3.408078
-0.296717 0.307959 -5.333533
-0.161496 0.079523 3.039209
0.410074 0.365013 -4.932200
0.198036 0.091496 -0.119012
0.024209 0.399142 -1.021051
-0.287982 -0.118798 -5.963904
0.379831 0.315842 -0.093256
0.203580 -0.104193 1.982680
0.348462 -0.332508 5.263268
0.135661 0.377421 4.748912
0.393618 0.023816 -0.730433
-0.040070 0.387897 -0.408595
0.335204 0.473825 -4.524240
0.188592 0.399775 -3.983010
-0.434643 -0.287438 -0.162705
0.148299 -0.498421 5.469521
0.297058 -0.035171 -5.388437
0.206216 -0.489898 1.866997
0.382379 -0.360086 5.779443
0.460803 -0.400482 -0.797523
-0.365259 -0.140011 3.142555
-0.207063 -0.058454 -3.149940
0.373692 0.402774 2.758895
0.172175 -0.182230 4.322713
0.156908 -0.434554 -6.094349
0.484693 0.181405 2.519826
-0.210857 -0.483670 -3.672772
-0.341391 0.368436 -2.268935
0.103800 -0.234554 -4.009997
0.064538 -0.418286 -5.218771
0.330850 0.069749 -5.677013
-0.222944 0.414631 -4.465129
0.016862 -0.107357 4.103623
-0.327267 -0.193214 4.326027
-0.199328 -0.232995 1.699045
-0.358256 -0.104927 -1.158512
0.496852 0.410880 -0.865154
0.161392 -0.375077 1.349292
0.238980 0.350747 0.824169
-0.313195 0.429271 -3.296356
-0.005289 -0.467737 -3.326574
-0.168912 0.259026 -3.047857
0.020693 0.120813 2.887761
0.306697 0.130915 -4.339258
-0.129212 -0.070035 0.747682
-0.383754 0.429429 5.866649
-0.393351 -0.102682 2.011330
0.375964 -0.257344 -0.147066
0.288441 -0.277033 -4.832725
0.369131 -0.231178 1.507587
0.160308 0.330935 2.491136
0.035719 0.328657 -1.690170
0.400015 -0.236102 1.642353
-0.421531 0.291331 -3.409352
0.479127 0.312807 9.154475
0.386932 -0.491006 4.972782
0.401012 -0.010421 5.929178
0.299559 -0.285762 3.402469
0.223491 0.260334 5.845440
-0.351616 -0.260062 -1.222411
0.475622 0.279272 0.803537
-0.188674 0.494773 -3.310020
-0.215248 -0.089342 -3.242717
-0.195429 0.379319 4.517618
0.061821 -0.472417 -1.016007
-0.157159 -0.269538 -4.739513
0.147246 -0.023476 -2.534536
-0.035172 -0.315152 5.022753
-0.272521 -0.129301 6.034557
-0.034471 0.298869 4.572817
-0.225992 0.319518 4.556788
-0.028253 0.345808 3.575202
0.375068 0.222885 -1.524960
0.460939 -0.009644 5.121821
0.403980 -0.034341 -0.764056
-0.112767 -0.117441 3.918871
-0.256182 0.088391 3.886420
0.415986 -0.163066 5.916978
-0.012818 -0.033855 -5.358841
-0.220262 -0.132955 -0.946304
0.041873 0.061644 5.141805
0.013883 -0.343056 3.415480
0.166025 -0.212749 5.778066
-0.183535 -0.128295 3.642565
0.312467 0.132629 -6.277057
-0.349519 -0.053203 -0.775422
-0.385722 0.420264 2.332162
-0.091436 -0.165980 5.923050
0.137431 -0.232188 3.656137
-0.030101 0.384219 -5.036009
-0.028646 -0.319552 1.559046
-0.269236 -0.402812 -1.823511
0.112184 0.358169 -1.078749
-0.244442 -0.353910 1.481422
0.175754 -0.428350 -3.083650
0.485684 -0.336251 2.094756
-0.441178 0.376097 6.220935
-0.290985 0.348938 5.734072
0.173377 -0.410835 -0.834324
0.049603 -0.297810 -3.327971
0.093397 0.114526 1.161255
-0.229404 0.113982 5.702314
-0.370366 0.010839 -5.663197
-0.313035 -0.015299 0.363705
-0.047091 -0.499998 8.025420
0.063985 -0.389250 6.139118
-0.308189 0.094804 -4.282577
0.239084 -0.464545 -0.654529
-0.218406 0.201602 -0.222139
-0.026540 0.421107 5.206921
-0.394667 -0.375530 1.600834
0.391220 -0.097019 -0.919241
-0.114515 0.430105 -3.943969
0.019396 -0.078543 -4.237307
0.083779 0.426548 -5.864917
0.004897 0.392678 -3.937841
0.498704 -0.373537 -5.962892
-0.289932 0.381023 1.227699
0.349406 -0.168025 -3.577706
-0.253140 0.440617 3.335844
-0.489361 0.285690 -3.808310
0.054210 0.114579 1.146434
-0.011843 0.123387 4.653926
-0.473131 -0.307659 0.412031
-0.181841 -0.120758 -2.627856
0.377324 0.115073 4.595983
0.395545 0.010651 0.634805
0.363904 0.044549 3.717579
0.089826 0.136835 -4.279682
-0.229570 -0.079577 -6.083666
-0.235089 -0.488520 -3.531200
0.088763 -0.351996 -2.299344
-0.157017 0.076051 -3.522945
0.445128 0.184544 -3.371974
-0.204530 0.367629 1.935638
-0.467988 -0.360484 -4.159598
-0.456821 -0.429042 -6.196872
0.100187 0.435535 -3.936247
-0.399783 -0.469507 -4.814127
0.311329 0.156385 3.450046
0.015483 0.447358 -1.870919
-0.236684 -0.335227 -3.009817
-0.323840 -0.208186 5.672397
-0.316881 0.282861 3.609890
0.498736 -0.011986 -1.914102
-0.088367 -0.257477 -5.254129
-0.048976 -0.415211 0.327951
-0.087902 -0.479162 1.547784
0.214436 -0.458252 -4.026429
-0.490806 0.297550 0.764064
-0.019874 0.209098 -1.788060
0.089602 0.004780 4.731631
-0.153696 0.031689 -3.523962
-0.376538 0.148418 0.158801
0.417022 0.278959 -2.002070
-0.447057 -0.384309 6.151818
0.444517 -0.484713 7.896377
0.466187 0.183975 -1.774328
0.052185 0.455618 -3.848946
0.131898 0.243928 -5.808082
0.429890 -0.476913 1.566783
0.450156 0.031705 -4.238553
0.303517 -0.243315 -1.824241
0.207137 0.407026 -4.327024
-0.118918 0.034366 4.008172
0.256452 -0.211828 -3.759879
0.478319 -0.224802 -4.079749
-0.063509 0.127090 -0.780266
0.386082 0.059442 4.554534
-0.313700 0.159775 0.734378
-0.328646 0.308037 -0.471813
-0.249554 -0.468466 -6.140918
-0.351925 -0.384272 -0.866154
-0.082412 0.026137 -4.224194
0.377481 -0.095171 5.957155
-0.242724 0.300195 2.093644
-0.326089 0.220173 2.111657
0.003174 0.272648 -3.139672
0.398841 0.487976 0.499835
-0.387947 0.463675 -1.226821
0.081405 0.362319 -3.907577
0.004853 -0.123119 -1.853368
0.197835 -0.494539 2.816859
-0.376698 -0.063453 0.383615
0.365908 -0.035093 -1.694566
0.463214 -0.052436 -1.677336
0.034053 0.343426 3.656575
0.441539 -0.369951 6.201810
-0.044330 -0.493785 0.096992
0.175329 0.424377 5.060850
-0.041848 -0.297262 0.393728
-0.037751 -0.057458 4.813394
0.012154 -0.076443 -2.319296
-0.251171 -0.331840 4.572106
0.334799 0.247504 -2.655222
0.117009 -0.045682 -3.097310
0.154547 0.436032 -4.234386
-0.486401 -0.008563 4.858658
0.236539 -0.089848 5.458637
0.343001 -0.414730 -2.821444
-0.360549 0.234965 -3.831741
0.178643 -0.090082 4.437954
0.340004 0.250038 -5.820770
0.124667 -0.071406 -6.107180
-0.113702 0.446371 -5.520555
0.073391 -0.414232 -6.146800
-0.293553 -0.101223 4.013536
-0.362659 -0.150729 -1.349027
-0.086807 -0.397565 -6.144880
-0.344703 -0.209777 2.769485
-0.263520 -0.090492 -2.575847
-0.336865 -0.490506 4.045883
-0.190392 -0.119647 4.801925
0.484072 -0.415052 -0.890479
0.475851 -0.017076 4.429498
-0.376712 0.305434 -0.034234
0.369423 0.191451 5.496328
0.251759 0.080141 4.944480
-0.412051 -0.405212 3.257201
-0.414763 -0.030111 2.451728
-0.306016 -0.377637 -3.257962
0.023986 -0.010304 -2.863473
-0.365419 -0.110143 -4.123529
0.324030 -0.485317 2.202926
-0.006571 0.451722 1.989199
0.498502 -0.161401 -1.673286
-0.141646 -0.278625 -2.247208
0.454972 -0.074422 6.223585
-0.272802 0.395909 -0.248759
0.445563 -0.058635 3.211429
0.004340 -0.200150 0.379749
-0.158516 0.189610 0.441390
0.069722 0.201390 4.368118
0.193470 0.016921 3.983756
-0.374380 0.149791 -2.876208
-0.034207 0.472158 -5.819291
-0.074281 -0.179301 2.163044
0.442541 0.497542 5.145857
0.189120 -0.057108 -1.812922
0.499258 0.320203 1.116854
0.068082 -0.190882 -1.632157
-0.233055 0.142096 4.388769
0.313045 0.333957 1.120448
0.256523 0.253212 -0.028176
-0.344028 -0.441171 -5.926488
0.242726 -0.039917 -6.115728
0.417734 0.446934 6.277127
0.080713 0.472582 -4.285147
-0.170824 0.429968 4.312840
-0.120545 -0.436831 0.121666
-0.405801 0.040360 -1.833419
-0.473423 0.088894 -1.287617
0.373309 -0.135052 2.985139
0.254627 -0.089780 -2.290110
-0.418568 -0.444498 -2.226284
-0.368642 -0.147991 0.995940
-0.038509 -0.432797 -5.666361
0.005076 0.316714 -3.120668
-0.027083 0.122660 -4.197133
0.484595 -0.348052 2.773527
-0.144260 0.071706 3.190504
-0.263953 -0.179696 4.847896
0.456540 0.158534 3.951048
