-0.006784 -0.086534 -1.120891
-0.224174 -0.011442 3.771938
-0.377476 0.409310 -4.188364
0.262188 0.479499 -4.950384
-0.219721 0.090213 -0.389154
0.173635 0.017302 -5.942952
0.320006 0.223390 -1.409535
0.474248 -0.272772 3.441660
-0.491042 -0.116919 -1.124482
-0.193497 0.168899 -1.427956
0.139099 -0.074579 -5.452151
-0.452833 0.263633 -1.744421
-0.167523 0.323862 -1.380145
0.016178 0.138912 1.267554
-0.021361 0.155588 3.418780
-0.421839 -0.273004 0.980679
0.369004 -0.129166 5.355449
-0.072681 -0.261359 5.344075
-0.360962 -0.119493 -0.186408
0.390415 -0.003352 -2.378146
0.434964 -0.370930 -5.306661
0.316490 0.177465 3.315284
0.088486 0.165910 -3.178393
0.488754 -0.315776 -2.611869
-0.117969 -0.376655 1.959820
0.070611 0.153848 5.534506
0.058999 0.475552 5.918153
0.200280 0.370201 4.523446
-0.240602 0.300889 -5.419027
0.281300 0.259286 -0.748667
-0.402553 -0.196933 -5.730639
-0.060114 -0.325471 5.126641
0.408953 0.275437 -1.762580
0.008760 0.288580 5.788960
-0.464261 0.022860 3.317850
-0.428748 -0.121296 -4.131451
-0.226172 -0.082207 -5.448726
-0.072553 -0.019263 1.908315
-0.382336 -0.018946 -5.593394
-0.214375 -0.032443 3.431615
0.180221 0.419490 2.661234
0.471835 0.099643 -1.620768
0.339348 -0.073424 -1.107148
-0.237063 0.110874 -4.422682
0.382519 0.288402 2.888322
-0.383667 0.203259 4.525928
0.261991 0.344389 5.403361
0.385307 -0.409170 0.674465
0.429175 -0.140182 0.818146
-0.414993 0.298463 -2.075360
0.426419 -0.340781 6.194204
-0.364518 0.314534 3.299970
-0.213101 -0.134585 1.901669
-0.312373 0.413382 0.052182
0.435674 0.481585 -5.911839
0.026427 0.270999 2.421696
-0.323446 0.134442 2.445095
-0.075652 -0.481968 0.006313
-0.042282 -0.399078 -0.661957
0.301958 0.076267 4.702248
-0.276592 0.274489 -0.754980
0.034147 -0.209566 -3.251004
-0.351633 -0.021349 -2.737481
0.084792 0.171547 1.007600
-0.368071 0.428115 -3.745229
-0.430996 0.051045 0.580369
0.288863 -0.311417 -3.159334
0.452474 -0.016189 -1.438095
-0.434124 -0.206570 3.794501
-0.256836 -0.498693 2.469543
0.038422 -0.468764 -1.148072
0.161033 -0.011110 6.110635
0.249042 -0.213538 -0.948718
-0.163188 0.210594 4.027964
-0.045998 -0.054016 4.595232
-0.294986 -0.144453 0.695448
-0.183890 0.329628 -0.497964
-0.007263 0.259559 2.567778
0.344283 0.204839 4.913272
-0.037448 -0.488968 -2.821410
0.290307 0.477577 -2.649175
-0.029483 0.004732 -4.422524
0.119834 0.435744 2.979788
0.483366 0.013754 4.873933
-0.159860 -0.311894 1.228750
0.417406 -0.215574 3.674743
0.162569 0.274495 1.012444
0.353187 -0.394569 -4.357938
0.322511 -0.321559 -2.602129
-0.006527 0.285250 -1.467191
-0.357435 -0.118213 2.797282
-0.407681 0.078446 1.847149
0.260394 0.378051 -4.925405
0.495072 -0.000377 5.534762
0.031119 0.184984 3.428436
0.054876 -0.082030 -2.387449
-0.338239 0.250362 -4.470385
-0.432382 0.097122 -2.872491
-0.310017 -0.370287 0.683951
-0.263579 -0.492819 6.959068
-0.000403 -0.451988 -4.082743
0.403421 0.104261 1.832024
0.286850 -0.183408 -2.638260
-0.187336 -0.089047 3.134025
-0.139759 -0.400380 2.195940
0.407762 -0.347352 -4.091899
0.083573 -0.136603 0.703015
-0.391283 0.390892 -1.443616
0.167725 0.254427 4.665714
-0.373387 0.356027 2.072928
-0.422146 0.155081 4.265027
0.053091 0.476678 10.456482
-0.039916 -0.351364 6.070918
-0.009451 -0.253884 -0.961630
-0.307483 -0.172084 0.700636
0.183053 -0.128921 -1.700575
0.422356 -0.351324 -0.428479
-0.164186 0.430516 4.570104
-0.486524 0.114189 -3.366265
-0.090157 -0.073770 -6.172201
0.442561 -0.061812 0.245890
-0.099599 -0.293499 0.568983
0.390312 -0.079356 -1.736165
-0.006744 -0.325172 5.171295
0.185399 0.090580 1.317406
0.129724 -0.201874 -1.449322
0.133192 -0.130796 1.866034
0.313706 -0.099938 -0.495395
0.485570 -0.243405 -1.961372
0.428150 -0.111199 1.182083
-0.239072 -0.321628 3.322081
-0.053489 0.440470 2.902523
-0.320208 -0.365837 -5.633244
-0.323166 0.154061 2.457771
-0.175843 0.416072 -2.894955
-0.194759 -0.339785 4.687592
-0.498533 0.041132 -2.875107
-0.028947 -0.066267 -0.949652
-0.124902 -0.180266 6.180802
0.241581 0.124127 4.492578
0.108146 0.187237 -3.260604
-0.348785 -0.216021 -5.262135
-0.062283 -0.261731 5.963904
-0.103034 -0.312932 3.048337
-0.108042 -0.234906 -4.300505
-0.014127 0.490756 5.263268
0.471072 -0.385397 4.675866
0.416034 0.161846 -5.552752
-0.156655 0.108759 -0.408595
0.320771 -0.053757 4.524240
-0.011391 0.429761 0.841417
0.193114 -0.032052 6.120480
-0.454433 -0.326149 5.469521
-0.036014 0.365981 2.246845
-0.062579 -0.188905 1.274596
-0.185446 0.441167 5.779443
-0.016552 -0.107797 -0.797523
0.135254 -0.150377 6.282223
-0.023312 0.031450 -6.274838
0.382786 0.424551 2.758895
0.080774 -0.144826 -1.960472
0.264547 -0.412850 -3.330429
-0.269708 0.454632 -3.763360
0.496861 0.028120 -0.531179
0.264268 0.118183 5.410527
-0.145890 -0.013825 0.868404
-0.288170 -0.000131 -2.077179
-0.182008 0.205700 -3.747765
-0.141114 0.142921 4.959649
-0.142021 -0.057426 -4.103623
-0.385628 -0.169316 4.326027
0.423217 0.448555 1.699045
-0.042677 0.027516 -1.158512
-0.481447 0.212811 4.006746
0.472466 0.131791 1.792301
-0.446387 0.255749 0.824169
-0.045528 0.089428 -6.128422
-0.408451 -0.486831 0.184981
-0.108367 -0.250973 -6.189450
-0.404209 0.174687 3.395424
0.380684 0.159839 1.943927
-0.231925 -0.252926 -0.747682
-0.465366 0.071937 -2.725056
-0.014085 -0.360955 -5.152922
-0.029705 0.164457 3.288659
-0.418668 0.415082 1.450461
-0.049438 0.482686 10.932365
-0.410535 0.147291 -2.491136
0.246879 -0.364698 -1.451423
-0.369993 0.493663 10.924017
-0.192247 -0.140766 -0.267760
0.100185 -0.188647 3.411895
-0.159780 -0.102063 -4.451996
0.496824 0.256056 3.495600
-0.106030 0.063643 2.880716
-0.022016 -0.305053 -0.437745
-0.325048 -0.383057 -1.919181
-0.048222 0.031690 -5.479648
-0.193725 0.300171 0.168427
-0.069773 0.002087 -0.101124
-0.279879 -0.187042 -1.765568
-0.264930 0.372958 5.267178
0.134932 0.496500 -4.739513
-0.301513 -0.167244 -0.607056
-0.254048 -0.429414 1.881161
0.166310 -0.220473 0.248629
0.467219 -0.366400 4.572817
0.104939 -0.320365 -1.726397
0.198456 -0.179199 -2.707983
0.131450 -0.464196 -4.666553
0.251648 0.110528 4.302957
0.180305 0.485627 -5.519129
0.210109 0.329105 3.918871
-0.174335 0.212003 2.396765
0.471852 -0.019550 -0.366207
0.474576 0.436960 5.358841
0.076799 -0.129773 -5.336881
0.474147 0.269462 -2.000212
-0.354683 0.256084 -3.415480
-0.408966 0.424475 -5.778066
0.369927 0.300897 2.640620
-0.082265 0.198628 -3.147721
-0.341618 0.407612 3.917014
0.183940 0.216608 -3.951023
-0.012341 0.038661 5.923050
0.238035 0.467478 5.768640
-0.394770 0.404847 -1.894417
0.097904 0.449704 -4.724139
-0.037909 -0.169272 -4.965103
-0.200272 0.134157 -4.220341
0.283166 0.373105 -4.623015
-0.423828 0.052047 0.057943
-0.097318 0.011101 5.236349
0.307962 -0.293901 -0.062250
0.104307 0.272259 -3.690706
-0.407355 -0.389712 3.975917
-0.466121 -0.302112 -6.096806
0.381891 -0.006116 -5.121930
0.225846 0.203918 3.722464
0.395176 0.268487 0.619989
-0.247554 -0.183982 -5.919480
0.115542 0.112117 1.742235
0.277590 0.064505 3.285660
-0.203949 -0.114793 1.140984
0.216704 0.021170 -3.796122
0.286957 -0.171212 6.061046
-0.085116 0.058549 -4.217857
-0.281879 0.389611 -4.742426
0.077595 -0.339306 2.222352
0.400337 0.173841 2.339216
-0.093081 -0.498738 5.187470
-0.074664 0.198906 -0.418268
0.472435 0.090400 -3.937841
0.279025 -0.017344 3.461886
-0.333153 0.476682 4.369292
0.412526 0.381434 -5.847072
-0.179417 0.361660 6.088934
-0.046971 0.054038 -0.666717
0.488649 -0.070705 -5.136751
-0.358872 -0.371787 1.512334
-0.395519 0.005420 2.729561
0.438411 0.413511 2.627856
-0.126463 -0.417959 1.454391
-0.067411 0.397485 -3.776398
-0.331583 0.178537 5.707199
-0.426359 -0.085795 -4.279682
0.326775 0.055014 0.199519
-0.197966 -0.397801 2.751985
0.081758 -0.387948 5.440936
-0.153324 0.084385 -3.522945
-0.040322 0.356142 -2.911212
-0.047285 0.428749 -4.347547
-0.122936 0.194543 -2.123588
0.273085 0.499401 -6.196872
0.444536 0.121240 -5.488531
0.305952 0.244802 1.672535
0.049626 0.113226 -3.450046
0.168528 0.158774 -1.270674
-0.086691 0.249653 -0.131776
0.498904 -0.384923 5.672397
0.072638 -0.421630 -3.609890
0.126466 -0.153525 -1.227490
-0.464941 0.029602 4.170649
0.147030 -0.053849 5.955234
0.159920 0.287987 1.547784
-0.392549 -0.124300 -5.398348
-0.285459 -0.251100 -3.905657
-0.341442 -0.307709 -1.788060
0.296826 -0.236773 1.551554
-0.145919 0.050192 -3.523962
0.257949 -0.148472 -6.124384
-0.085139 0.495123 4.281115
0.230146 0.204936 -0.131367
-0.011946 0.275609 -4.669993
0.289252 -0.363719 -1.774328
-0.133925 -0.454224 -2.434240
-0.290926 -0.170447 5.808082
0.473109 0.293001 1.566783
-0.464226 -0.384885 2.044632
-0.396954 -0.330739 -4.458944
0.158720 0.387167 1.956161
0.091817 -0.173654 -0.866579
-0.480272 0.030894 0.618287
0.110278 0.460874 -4.079749
-0.408985 0.449265 0.780266
0.306966 -0.423348 1.412941
-0.319694 -0.377029 5.548807
-0.264686 -0.413052 2.669780
0.411638 -0.058587 6.140918
0.375533 -0.410677 -4.007746
0.133896 -0.462007 -5.200584
0.419870 0.455359 -2.815562
0.379281 -0.368670 -4.189541
0.128714 -0.452924 4.171528
-0.233194 0.251962 -0.001921
-0.148746 -0.350166 0.499835
-0.244048 0.324568 4.368413
0.319467 -0.171410 2.375608
-0.001897 -0.465999 -1.288225
-0.009278 0.058300 -2.816859
-0.389487 -0.032506 -5.899570
-0.036304 -0.277294 -4.836159
-0.317951 -0.238630 1.464257
0.339094 -0.038993 -5.768203
-0.175900 0.245390 3.060218
0.324950 0.450816 -3.044600
-0.147234 0.301662 -1.222335
-0.095912 -0.165525 0.393728
-0.048226 -0.227433 -4.611384
0.317261 0.032260 -0.822297
0.242928 -0.003960 1.711080
0.186261 -0.213387 0.486370
-0.357566 -0.477552 0.044282
-0.200269 -0.001122 1.092793
-0.083311 -0.336443 -4.566119
-0.451830 0.002374 -0.824548
0.120238 0.195873 -2.821444
-0.334150 -0.091705 -0.690149
-0.259938 -0.457052 4.986824
-0.021087 -0.054654 5.820770
0.271718 -0.185602 -3.317598
-0.326763 -0.113436 -5.520555
0.256619 -0.050084 3.277977
0.222326 -0.346525 5.411242
0.006268 -0.343031 -4.934158
0.419649 -0.087242 3.279898
-0.377637 -0.294022 2.769485
0.355439 0.136303 5.717440
-0.004653 -0.044417 -5.378895
0.227373 -0.153495 -4.622852
-0.258830 -0.212639 2.251114
-0.469593 -0.358996 4.995280
0.386978 -0.063191 6.248951
-0.026155 0.435191 0.786857
0.270997 -0.401088 4.480297
0.110159 0.352456 -0.115608
-0.277990 0.175728 -0.689865
0.003175 0.127161 6.166815
-0.332160 -0.032813 2.863473
-0.347218 0.154085 -2.159656
-0.039577 0.203607 -4.080259
-0.382441 0.292691 1.989199
-0.396623 -0.125114 1.468307
-0.116344 -0.322672 -5.388801
-0.205849 -0.284061 -3.201193
0.165684 -0.255678 -0.248759
-0.298184 -0.189842 3.071757
0.007062 -0.207852 0.379749
-0.420726 0.209484 -0.441390
0.434732 0.063356 4.368118
-0.022266 -0.018421 -0.842164
-0.232660 -0.325030 -6.017801
-0.402416 -0.291028 5.819291
-0.086389 0.243560 4.120141
0.033833 0.276388 2.004265
-0.393164 -0.487047 1.812922
-0.222030 -0.000524 2.024738
-0.407643 -0.059386 1.509436
0.342078 -0.068839 4.388769
-0.001002 0.030140 -4.262041
-0.022248 -0.050203 -3.113417
-0.251945 -0.319513 5.926488
0.137928 -0.244815 2.974135
-0.187536 0.381691 3.147650
-0.381968 0.274488 1.998038
-0.360386 0.491749 -4.312840
0.430159 0.129716 3.263259
0.201848 -0.360363 -1.308173
0.464180 -0.252158 -1.853976
-0.265147 -0.456915 -3.298046
-0.158612 -0.191599 -0.851483
-0.016625 -0.017575 0.915309
-0.487160 0.109049 -2.145653
0.253211 -0.202915 2.524768
-0.237433 0.091373 -0.020925
0.334082 -0.494354 5.227645
0.435915 -0.472884 2.773527
-0.098620 -0.454861 6.234274
-0.191000 -0.149033 -4.576881
-0.026395 0.362006 5.473730
