0.363765 0.136440 -5.162294
-0.342807 0.064851 3.771938
0.406187 -0.110721 -1.046771
0.368475 0.246215 1.808792
-0.078846 0.277188 -2.752439
-0.352463 -0.371060 5.942952
-0.066336 0.303783 4.873650
0.126683 0.243399 -5.983118
-0.153018 0.182460 -5.158704
-0.237168 0.221251 -1.713636
0.086072 -0.348640 -2.310559
-0.189010 0.364735 4.538764
-0.263067 0.455957 -1.380145
-0.017268 -0.269635 1.874038
0.312258 -0.405391 2.864405
-0.170569 0.077294 -4.122272
0.395458 -0.171824 -0.927736
-0.138096 -0.372044 -0.939111
-0.485065 0.017942 -0.186408
-0.129723 -0.047918 -5.519738
0.062020 -0.043941 0.976524
0.417707 0.440628 3.315284
0.045290 0.464334 -3.104793
-0.183861 0.393988 2.611869
0.070213 0.077593 -1.959820
-0.433125 -0.313096 -3.890272
-0.446825 0.112095 -3.506625
0.312681 0.499058 10.806631
0.284668 -0.055594 -5.419027
-0.356103 -0.418624 -5.534518
0.151917 -0.077868 -0.552546
-0.014931 0.474584 11.409827
0.493315 0.409697 4.520605
0.143859 -0.478636 3.635818
-0.358555 0.260632 3.317850
0.055731 0.279985 2.151734
0.476806 -0.364172 -2.307134
0.400574 -0.463710 5.049907
-0.370023 0.376633 -3.831384
0.155339 -0.093517 -3.431615
-0.267586 -0.063564 -0.480358
-0.030168 0.062188 4.662418
0.166153 0.062417 2.034444
0.108064 -0.257935 1.281089
0.346867 0.193353 -0.253271
-0.246756 0.327461 -1.757257
0.333282 0.400414 2.261768
0.234767 -0.133147 -5.608720
-0.299108 -0.195110 -2.323446
0.273424 -0.499159 5.216953
0.436658 0.233866 -6.194204
-0.288737 0.270517 2.983215
0.478028 -0.370295 5.043261
-0.276052 0.062431 6.231004
-0.199336 0.128427 0.371346
0.470093 0.102968 -2.421696
-0.032738 0.418131 3.838090
-0.025853 -0.418522 -6.276872
-0.114933 -0.423573 0.661957
0.200047 0.026784 -1.580937
-0.042674 -0.387482 -3.896573
0.044240 0.112177 3.251004
0.407876 0.026966 3.545705
-0.450399 0.330644 4.149193
-0.357996 0.132897 -5.679549
-0.026581 -0.438211 -5.702816
0.240445 -0.133121 3.123851
-0.217791 0.022169 4.845090
-0.417040 -0.311940 -2.488684
-0.121438 -0.241654 -3.813642
0.161396 0.365889 5.135113
0.061791 0.263350 6.110635
0.105429 -0.380865 -0.948718
-0.482928 0.424025 5.396813
0.220732 -0.035124 -1.453640
-0.421072 0.294876 -3.837040
0.354394 -0.470632 -2.643629
-0.447617 -0.284899 -3.715408
0.349608 0.356937 4.913272
0.423312 0.347900 -2.821410
-0.434320 -0.273634 5.790768
-0.098000 -0.364528 1.280932
0.201105 0.054793 2.979788
0.099837 0.094605 -1.409252
-0.211066 -0.155912 -1.912843
-0.237757 0.323476 2.608442
-0.486949 0.201804 -2.129148
0.134925 -0.030694 5.066840
-0.300233 0.483999 -3.681056
-0.032842 0.289140 -1.674401
0.182416 -0.274144 3.485903
0.149810 -0.252881 1.294444
0.385053 0.200898 -4.925405
-0.140659 -0.160760 0.748423
0.391744 -0.341580 -3.428436
0.270148 -0.037088 0.754144
-0.253289 0.007501 -4.954393
-0.120684 -0.425175 -3.410694
-0.479556 -0.020087 -3.825544
-0.423025 -0.205673 -5.607302
0.081571 -0.329213 -4.082743
-0.192159 -0.186699 1.832024
-0.483252 0.031001 0.503333
-0.237048 -0.012993 3.134025
-0.021162 -0.251049 2.195940
0.435644 -0.170733 -5.332878
-0.249320 0.360933 0.703015
0.116565 0.422061 4.585209
-0.301184 0.215372 -1.617471
0.210407 -0.165439 -1.068664
-0.230335 -0.094088 -5.159751
0.106144 -0.147984 -1.031705
-0.215480 -0.468668 6.070918
-0.258998 -0.496141 -0.961630
-0.375060 0.307193 2.440956
0.117567 -0.094406 -1.441017
-0.436178 -0.473021 0.428479
0.410675 0.482075 4.570104
-0.283938 0.353199 2.916920
-0.101988 -0.039332 -0.110984
0.190268 0.384551 -6.037296
0.367016 -0.121198 -0.568983
0.264079 0.007749 4.877758
0.445077 0.335377 -5.171295
0.295193 -0.180335 -4.458999
-0.347543 -0.177816 4.590914
-0.208968 -0.484370 -1.275558
-0.155507 -0.122505 2.646198
0.340677 0.463461 -1.180220
0.237081 -0.189045 5.101102
-0.125820 -0.125708 -2.961104
0.182346 0.179702 3.380662
-0.319207 -0.284185 -5.633244
-0.113565 0.496752 3.825414
0.078281 -0.037579 -2.894955
-0.443942 -0.386696 -1.595593
-0.193792 -0.394540 -3.408078
-0.180191 -0.239061 -0.949652
-0.127530 0.207422 0.102383
0.050229 0.315943 4.492578
0.129235 -0.380483 3.260604
0.097957 0.353186 -4.162643
-0.479804 0.416265 2.822312
-0.109365 0.377070 -3.048337
-0.131422 0.025405 -1.982680
-0.246410 -0.072494 4.161510
0.104096 -0.428694 4.675866
-0.097867 0.132871 -0.730433
-0.066029 0.115692 -2.732998
0.441007 0.073604 -1.758946
0.314002 -0.077076 -3.983010
0.110380 0.339966 -0.162705
0.448311 0.369425 -0.813664
-0.324455 0.205497 2.246845
0.129102 -0.423441 4.416188
0.383834 -0.410032 3.645335
-0.003187 0.299860 2.344070
0.185249 -0.160051 -0.000963
0.026338 0.115344 -6.274838
-0.059795 0.177463 -5.900488
0.262893 0.441400 1.960472
0.393203 -0.473697 -2.952756
-0.438855 0.308479 2.519826
-0.162074 0.062713 -3.672772
0.275665 0.419480 -2.268935
0.346867 -0.342671 0.868404
0.162590 -0.211096 -5.218771
-0.441446 -0.068552 -3.747765
0.318609 0.398576 -1.323536
0.110832 0.187136 2.179562
-0.172678 0.478491 -4.326027
-0.137848 0.416019 1.442548
-0.015605 0.180371 1.158512
-0.000895 0.437198 -5.418032
0.264506 -0.063750 1.792301
0.379245 -0.367718 0.824169
-0.115645 -0.361399 0.154764
-0.470093 -0.361646 3.326574
-0.102486 0.310310 -0.093735
-0.132182 -0.349011 -2.887761
0.282866 -0.481694 1.197666
-0.137409 0.086330 2.393911
0.343951 0.005753 -2.725056
0.271455 0.270485 5.152922
0.028782 0.308235 -3.288659
0.212211 0.392405 -4.592053
-0.315735 0.452756 -1.507587
-0.408397 0.061512 3.792050
-0.443734 -0.343177 4.593016
0.088523 0.469382 -1.499240
-0.499632 -0.200290 2.873833
0.415099 -0.127771 2.871290
-0.252743 -0.390860 -4.972782
-0.070014 0.227872 -5.929178
0.184020 0.344184 -2.880716
-0.080367 -0.434768 -3.579338
0.244082 0.170693 -1.919181
0.071864 -0.265840 3.945130
-0.285937 -0.015126 -6.114758
-0.071116 0.012484 0.101124
-0.224977 -0.047016 4.517618
-0.029049 -0.169658 4.157600
0.407496 0.457196 -1.543672
-0.047137 0.099713 5.676129
0.323376 -0.140420 5.022753
-0.092719 0.252580 0.248629
-0.069075 -0.318671 -1.431225
0.452548 -0.248947 -1.415195
-0.078533 -0.401699 -0.433610
-0.329041 -0.424752 1.616632
0.250859 0.108809 1.980228
-0.436765 -0.438777 3.905649
-0.046219 -0.280618 0.777278
0.436859 -0.024348 3.886420
-0.144541 0.381781 -0.366207
0.471726 0.414787 4.065937
-0.047114 0.023392 -5.336881
0.289932 -0.131911 -4.282973
-0.030086 0.025630 3.415480
0.385960 -0.287785 -0.505119
-0.445088 -0.127699 3.642565
-0.132076 0.260215 -3.147721
0.481416 -0.372440 2.366171
-0.250339 -0.491749 5.473754
-0.392943 0.497032 9.784913
0.013271 -0.478516 3.656137
0.409321 0.123461 -4.388769
0.215995 0.499011 -4.724139
0.474923 -0.438487 1.318082
-0.051791 0.008101 5.204436
-0.386153 0.382993 -4.801763
-0.390695 0.365952 6.225242
0.069178 -0.309360 -4.188429
0.338496 -0.080893 0.062250
-0.468220 -0.482335 -3.690706
0.157724 0.164818 -0.834324
-0.409830 -0.439831 2.955214
0.383688 -0.212784 -1.161255
-0.175802 0.311044 2.560721
0.425278 0.107797 -3.761581
-0.145026 -0.391203 -2.777887
0.401008 0.014787 -4.540950
0.331706 0.378371 -3.285660
-0.016111 -0.021099 -1.140984
0.243693 0.139470 2.487063
0.090012 -0.385398 -0.222139
-0.144954 0.095533 -1.076264
0.019950 0.435078 -4.742426
-0.016964 -0.348133 2.222352
-0.415588 -0.399890 5.480809
0.496102 0.435756 8.329063
-0.108962 0.116809 3.559861
-0.443536 -0.273511 -0.796249
0.259863 0.181537 0.320293
0.285974 -0.012423 -4.369292
-0.478150 0.373249 -0.436113
-0.318433 0.421686 6.088934
-0.149119 -0.160979 5.616468
0.373364 -0.087874 4.288026
0.228345 -0.338957 -4.770852
0.395574 0.030159 -3.553624
-0.314278 -0.352431 3.655329
-0.040775 -0.435972 1.687202
-0.159542 0.357344 -3.776398
0.096905 0.295317 -5.707199
-0.359373 -0.037935 5.145096
0.177404 0.046902 -6.083666
0.494801 -0.419444 5.893578
0.227087 0.113322 3.983841
0.481354 -0.175247 -5.901833
0.175204 0.061239 3.371974
0.366858 -0.182741 -4.347547
0.399837 -0.358633 -1.018005
0.285672 -0.365776 6.196872
-0.484877 -0.293136 -2.346938
-0.285245 0.242835 1.469058
0.473942 -0.164255 -2.833140
-0.139680 0.441995 1.870919
-0.123823 0.070863 0.131776
0.268173 -0.148731 3.752381
-0.104641 0.114615 0.468297
-0.490685 0.382922 -1.227490
0.353003 -0.418633 -4.170649
-0.338592 0.290994 -5.955234
0.391175 0.335326 -4.735401
-0.026721 -0.347492 0.884837
0.458139 0.297891 3.905657
-0.492192 -0.121442 4.929653
0.490196 -0.188634 1.551554
0.470139 -0.199952 0.382370
0.181495 -0.440781 6.124384
-0.286320 -0.365360 2.002070
0.193553 0.111507 -6.151818
-0.437892 0.316579 -4.669993
0.257850 -0.206275 4.508857
0.227225 -0.015044 -3.848946
0.354007 -0.232383 -3.616695
0.486561 0.342920 1.574809
0.050069 0.442148 5.186225
-0.083108 -0.398208 4.965834
0.380950 -0.299887 -4.327024
0.401439 0.167052 -2.275013
-0.290801 -0.143725 0.618287
0.167956 0.434108 4.079749
0.266183 -0.480878 8.644512
-0.113169 -0.498303 7.696126
-0.139895 0.111793 2.407214
0.216681 0.154692 0.471813
0.360103 0.483553 0.142267
-0.134471 -0.245847 4.007746
0.152324 0.413959 2.058992
0.100709 -0.236494 -5.957155
-0.360818 0.338656 -5.235237
0.045773 0.068444 1.029935
-0.183212 0.232659 6.281265
0.328248 0.466609 2.641757
0.366764 0.136717 -4.368413
-0.076432 0.204276 5.517200
0.199696 -0.117432 -1.853368
0.465978 0.148217 -3.466326
0.069946 -0.271039 -3.525208
-0.204412 -0.304174 1.694566
0.249252 -0.245613 1.677336
-0.085625 0.089174 3.656575
-0.192643 -0.062304 -3.060218
0.322186 -0.477572 -3.238585
-0.284357 0.144325 1.919257
-0.185115 -0.310004 2.747865
0.061602 -0.228655 -4.813394
-0.156688 0.331485 2.319296
0.162300 -0.052687 -4.852672
-0.070815 0.484186 -3.627963
-0.317419 -0.032659 0.044282
0.422804 0.077575 -1.092793
0.451916 -0.393760 -4.566119
0.371001 0.376750 -5.458637
0.419110 -0.033065 0.320148
-0.415921 -0.490055 3.831741
0.463644 -0.130965 -1.296361
0.026562 -0.461931 2.679177
0.376980 -0.425868 2.965587
0.060399 0.170637 -2.378962
0.299943 0.416507 3.005208
0.312107 -0.040610 4.013536
0.216826 -0.460843 4.934158
0.465617 0.472785 -3.279898
0.260155 -0.359955 3.513700
0.160458 0.250951 -3.707338
0.208694 -0.145252 -5.378895
-0.328733 -0.143752 -4.801925
-0.419320 -0.400039 0.890479
0.335689 -0.009534 -1.287906
0.431090 -0.407173 -0.034234
-0.069893 -0.448027 2.354736
-0.040638 -0.181622 -1.802888
0.093073 -0.193178 -6.167577
-0.473897 -0.220423 -2.451728
-0.014796 0.039718 0.116370
0.004028 0.273606 3.419712
0.070881 -0.203239 -2.159656
0.022238 0.311656 2.202926
-0.465773 -0.475767 -1.989199
0.368409 -0.127851 1.673286
0.174946 -0.485443 0.894384
-0.238005 0.314568 3.081992
-0.093668 -0.270000 -6.034426
-0.323687 0.488560 -3.071757
-0.341079 -0.482447 -3.521341
0.333930 -0.083841 -2.700203
-0.042750 0.396927 -5.056660
0.330474 0.483418 3.983756
-0.465506 0.310889 -3.406977
0.414534 -0.212254 -3.605487
0.303427 -0.094805 4.120141
-0.187378 -0.396908 4.278920
-0.197184 -0.269801 4.954514
-0.370927 -0.031667 5.166331
0.208644 -0.028300 -4.773749
-0.146170 0.402852 -1.247176
-0.375557 -0.078111 -2.021145
-0.068259 -0.333333 3.169768
-0.165460 0.171214 3.498290
0.228511 -0.430280 3.309050
-0.237352 0.320810 -3.135535
-0.453691 -0.421114 5.139631
-0.269866 -0.249824 -4.312840
0.454451 0.090016 -3.263259
0.189028 -0.065772 -1.833419
-0.343888 0.098113 -1.853976
-0.192397 -0.109035 3.298046
0.463018 0.248208 -0.851483
0.109310 -0.050428 0.915309
0.048511 -0.325619 -2.145653
0.055230 -0.389514 2.524768
-0.189633 -0.118904 6.262261
-0.286296 0.239529 2.086052
-0.059013 -0.143220 -0.368066
-0.060639 -0.053774 0.048911
0.451315 -0.191162 1.706304
0.092974 -0.086694 -3.951048
