-0.001930 -0.321166 2.120320
-0.487119 0.069321 -1.354783
-0.400950 0.436502 -0.759200
-0.342707 0.462113 -0.417300
-0.498121 0.019029 -1.713761
-0.452344 0.065305 -1.558531
-0.491816 0.009547 -1.685389
-0.427500 0.387338 -1.077505
-0.325291 0.442702 -0.013259
-0.333814 0.452161 -0.623033
-0.477751 -0.179164 -1.313734
-0.487410 0.058621 -1.556046
-0.495745 0.039858 -1.761970
-0.338958 0.475855 -0.383704
-0.433405 0.395572 -1.288591
0.044057 -0.018981 3.033108
-0.121259 -0.316045 -2.200572
0.353465 -0.323630 0.794428
0.399514 0.248191 -0.246120
-0.404504 0.431795 -0.971165
-0.483840 0.422950 -1.526321
-0.233767 0.175080 -1.127607
-0.349040 0.455933 -0.333117
-0.433815 0.432237 -0.954858
-0.489059 0.003402 -1.510709
-0.489056 -0.015175 -1.472865
-0.488871 -0.180822 -1.498011
-0.492397 0.025032 -1.786115
-0.449192 0.023309 -1.507874
-0.123501 -0.322681 -1.843314
-0.499856 0.404938 -1.745786
-0.381835 0.345344 -0.961712
-0.496012 -0.166361 -1.434841
-0.123625 -0.211309 -1.517133
-0.447112 0.168718 -0.627711
-0.030959 -0.353420 -0.158796
-0.395063 0.423639 -1.001785
-0.474310 0.019990 -1.680518
-0.467468 0.056869 -1.557612
-0.481269 0.034714 -1.733285
-0.490154 0.030815 -1.816643
-0.390063 -0.321827 1.426221
-0.167574 -0.207690 -1.458735
-0.485267 -0.022950 -1.623400
-0.420266 0.445918 -0.697666
-0.238984 -0.250424 -1.094897
-0.003928 -0.329245 2.018068
-0.328123 0.360941 -0.484351
-0.489956 -0.006718 -1.738499
-0.311703 0.358713 -0.839474
-0.125655 -0.311261 -2.058661
-0.428533 -0.002808 -1.490674
-0.499168 0.017166 -1.500219
-0.441565 0.421994 -1.146875
0.331311 0.485494 3.128052
-0.011532 -0.455189 -3.140324
-0.461879 -0.086038 -1.480844
-0.202111 -0.252427 -1.157230
-0.478620 -0.188057 -1.371980
-0.107384 -0.318858 -2.077292
-0.494358 -0.072884 -1.752369
-0.487960 -0.061418 -1.704515
-0.491710 -0.165107 -1.544539
-0.463690 0.058645 -1.423326
-0.496748 -0.170569 -1.254977
-0.338694 0.465430 -0.219039
-0.121807 -0.314981 -2.157191
-0.332461 0.463099 -0.306994
0.009051 -0.071189 -0.872667
-0.247047 0.171439 -1.246286
-0.240255 0.182723 -1.219391
-0.484057 -0.036034 -1.507429
-0.499040 -0.038858 -1.552898
-0.485369 0.013375 -1.777579
-0.387211 0.395616 -0.639791
-0.457880 0.070808 -1.298597
-0.413804 0.422172 -0.978509
-0.339264 0.482905 -0.261603
0.341807 0.374819 1.301326
-0.489204 0.038842 -1.710553
-0.387272 0.419948 -0.630057
0.378962 0.392919 -2.384400
-0.214265 0.184726 -1.021973
-0.438950 0.381187 -1.100122
-0.377017 0.359406 -0.688222
-0.472558 0.006709 -1.808386
-0.497080 0.018122 -1.727296
-0.496372 0.480965 -1.362064
0.492743 -0.408350 2.559312
-0.488420 0.022666 -1.639494
-0.327699 0.489568 -0.196780
-0.278386 0.174146 -1.210495
0.312432 0.483310 3.108176
0.137473 -0.079566 0.643266
-0.499582 0.017655 -1.697266
-0.377323 0.361811 -0.893000
0.440582 -0.499722 2.550756
-0.435097 0.428536 -0.889444
-0.483253 0.425426 -1.348315
0.353546 0.368295 1.163073
-0.096109 -0.329807 -2.089702
-0.481271 0.020971 -1.877448
-0.353171 0.426864 -0.276987
-0.477156 0.093766 -1.647018
-0.113416 -0.330631 -1.996530
-0.439298 0.413109 -0.868558
-0.023838 -0.447287 2.924787
-0.496349 -0.167703 -1.304867
-0.488449 -0.049787 -1.528620
-0.340283 0.469420 -0.277542
-0.494177 -0.059861 -1.591643
-0.465290 -0.190813 -1.508943
-0.455762 0.009114 -1.360503
-0.499969 0.016050 -1.611007
-0.437826 0.063261 -1.499468
-0.495109 -0.161100 -1.632010
-0.455562 0.405438 -1.023007
-0.327617 0.458492 -0.052175
-0.459991 0.073193 -1.554381
-0.478699 0.040643 -1.544349
-0.492385 -0.146573 -1.737934
-0.478903 -0.169781 -1.554063
-0.430295 0.440810 -0.931590
-0.487449 0.001838 -1.527768
-0.498109 -0.126908 -1.359795
-0.473706 0.088349 -1.588195
-0.073724 0.197420 2.094154
0.404959 0.252118 -0.063684
0.319661 0.484147 -3.121678
0.009055 -0.074849 -0.791448
-0.409244 0.436582 -0.898694
-0.463846 0.078391 -1.619744
-0.464338 0.428338 -1.147985
-0.340534 0.474188 -0.190990
-0.355519 0.447479 -0.244767
-0.351823 0.453952 -0.310339
-0.496202 0.000733 -1.657712
-0.495590 0.029367 -1.394873
-0.460068 0.067481 -1.567937
-0.497468 0.023101 -1.427006
-0.343397 0.454809 -0.218864
-0.496625 0.381243 -1.625842
0.374991 0.114958 0.683185
0.132390 -0.352820 1.929637
-0.333787 0.356679 -0.748237
-0.478650 -0.172394 -1.467575
-0.243587 0.157085 -1.060627
-0.479674 -0.150290 -1.173032
-0.026603 0.276496 0.866319
-0.337632 0.498745 -0.555762
-0.444909 0.042399 -1.436492
-0.486397 0.005417 -1.589900
-0.427080 0.425504 -0.981609
-0.484341 -0.177961 -1.729178
-0.478330 -0.176313 -1.589387
0.344023 0.367607 1.181844
-0.485408 0.012924 -1.463479
-0.486489 -0.009372 -1.673595
-0.454791 0.402982 -0.912785
-0.337103 0.461685 -0.051812
-0.489280 0.028779 -1.646460
-0.263624 0.173775 -1.314915
-0.123957 -0.315581 -2.337953
-0.476622 -0.170700 -1.497266
-0.492269 0.029851 -1.886022
0.412020 0.269390 -0.105103
-0.485750 -0.172255 -1.309772
0.315131 0.388418 1.233026
-0.498946 -0.060132 -1.390453
-0.415383 0.496532 -0.969074
-0.494217 0.083412 -1.669520
-0.489798 -0.139658 -1.218365
-0.470108 0.059285 -1.377624
-0.016614 -0.104733 -0.869080
-0.487793 0.008692 -1.663274
-0.352268 0.438889 -0.429130
-0.479580 -0.006482 -1.293863
-0.498139 0.000502 -1.608841
-0.454864 0.058606 -1.446255
-0.489595 -0.174372 -1.291520
-0.458010 0.424791 -1.229981
-0.003054 -0.492953 -2.980762
-0.410250 0.425363 -0.815258
-0.473447 0.041212 -1.737593
-0.477842 0.099206 -1.751526
0.137400 -0.356954 1.932839
-0.465325 0.065812 -1.183018
-0.423341 0.404441 -1.210317
-0.480399 0.009124 -1.478273
-0.487868 -0.009773 -1.244639
-0.495769 -0.174435 -1.507551
-0.471735 0.082304 -1.440435
-0.454801 -0.182881 -1.497569
-0.346018 0.456392 -0.575093
-0.448172 0.401861 -1.299085
-0.461222 0.447861 -1.180122
-0.449561 0.405517 -1.049944
-0.495328 -0.024189 -1.528656
-0.325317 0.178753 -1.403080
0.035015 -0.028846 2.863543
-0.498105 0.004834 -1.659736
-0.473936 0.395503 -1.250111
-0.103376 -0.308603 -2.003547
-0.453566 0.089277 -1.366617
-0.272817 0.158792 -1.349147
-0.463094 0.322215 -0.767255
-0.496005 0.011780 -1.442430
-0.427849 0.362017 -1.367634
-0.490502 -0.066711 -1.473271
-0.485589 -0.018455 -1.305423
-0.310269 0.357985 -0.846044
-0.486538 -0.041471 -1.572970
-0.400640 0.481990 -1.067638
-0.338490 0.452846 -0.261837
-0.486029 -0.162347 -1.595014
-0.466409 0.045214 -1.540679
-0.321411 0.346378 -0.485362
0.138118 -0.355309 2.236107
-0.491881 0.380503 -1.292681
-0.488145 0.414568 -1.462989
-0.499406 -0.177997 -1.760979
-0.465895 0.076773 -1.488237
-0.022596 -0.473779 2.972633
-0.459855 -0.153702 -1.310946
-0.493272 0.002828 -1.766548
-0.380149 0.355492 -0.842894
-0.123344 -0.313450 -1.883771
-0.326315 0.446891 -0.274101
-0.012112 -0.333467 2.237646
-0.488356 -0.029867 -1.571817
-0.487699 -0.051575 -1.516816
-0.114060 -0.319035 -2.103112
-0.409411 0.432681 -1.048654
-0.357619 0.444675 -0.427610
-0.337550 0.480126 -0.596346
-0.476138 -0.152694 -1.421409
-0.139651 -0.299017 -2.146514
-0.477095 0.044897 -1.472806
-0.461650 0.353078 -1.108717
-0.345158 0.459935 -0.371447
-0.336916 0.460778 -0.314438
-0.350271 0.463914 -0.160674
-0.338837 0.470038 -0.198394
-0.085374 -0.308520 -2.033940
-0.492424 -0.172909 -1.414517
0.371879 0.141554 0.663200
-0.476745 -0.175267 -1.345014
0.381527 0.099203 0.601014
-0.473291 0.050578 -1.696759
-0.473612 0.005714 -1.628783
-0.469479 -0.159148 -1.244588
0.345839 -0.021905 2.760200
0.010478 -0.065199 -0.787928
-0.457132 0.362378 -1.144243
-0.422689 0.410719 -1.023320
0.332330 0.416143 2.431333
-0.476347 -0.172442 -1.084342
-0.360430 0.440244 -0.339867
-0.483937 0.003339 -1.835172
-0.016836 -0.499877 3.077321
-0.454828 0.425548 -1.230968
-0.027534 -0.495498 -3.119252
0.416712 -0.362266 0.540892
-0.475869 0.426209 -1.224459
-0.488796 -0.046195 -1.532561
-0.319478 0.342239 -0.742911
-0.478320 0.091689 -1.808774
-0.123380 -0.312735 -2.124330
-0.291844 0.155315 -1.244923
-0.494157 0.020880 -1.650828
-0.411890 0.429081 -1.086064
-0.450946 -0.005402 -1.700868
-0.441533 -0.002034 -1.379718
-0.493190 -0.079203 -1.643469
-0.474694 0.377612 -1.674483
-0.493834 0.053471 -1.588574
-0.418665 0.417700 -0.975703
-0.490633 0.001392 -1.653288
-0.235537 -0.109987 -2.248465
-0.484613 0.018700 -1.837458
-0.331332 0.463627 -0.482978
0.047048 -0.473596 -2.962122
0.007152 -0.078626 -0.766701
0.375520 -0.328647 0.820947
-0.329371 0.482598 -0.280514
-0.441627 -0.020956 -1.337427
-0.023825 -0.497122 3.070290
-0.454065 0.074091 -1.409513
-0.456311 0.405647 -1.426545
-0.497684 0.038907 -1.395678
-0.346617 0.447214 -0.307511
0.139322 -0.351383 2.027789
-0.479457 0.010363 -1.202375
-0.384791 0.350076 -1.153688
-0.474375 -0.015307 -1.985880
0.085426 -0.333559 -1.425724
-0.498448 -0.063929 -1.615811
-0.326626 0.177624 -1.097883
-0.342744 0.439555 -0.279242
-0.364332 0.343544 -0.989394
-0.446331 0.359882 -1.318380
-0.119663 -0.319496 -2.011595
-0.346786 0.450463 -0.298170
-0.417192 0.443641 -0.955931
-0.490485 0.415512 -1.397573
-0.347026 0.448844 -0.379021
-0.091929 -0.329706 -2.239861
-0.485251 -0.144233 -1.695347
-0.036393 -0.480468 3.042182
-0.354879 0.424315 -0.427114
-0.471147 -0.031613 -1.457102
-0.450646 0.420906 -1.129241
0.409363 0.100860 0.544287
0.387170 0.118158 0.493866
-0.338240 0.458243 -0.317817
0.152714 -0.359971 1.945880
-0.494385 -0.010267 -1.834338
-0.498820 0.012999 -1.524551
-0.471858 -0.039090 -1.575219
-0.488151 0.060206 -1.799606
-0.499875 -0.143223 -1.537639
-0.341268 0.485557 -0.110236
-0.471228 0.425116 -1.465690
-0.338529 0.353633 -0.581315
-0.448545 0.402432 -1.378102
0.387800 0.279152 0.030023
-0.482703 -0.179994 -1.708181
-0.419240 0.431118 -0.761877
-0.335456 0.450252 -0.067022
-0.482348 0.063577 -1.519941
-0.480286 0.076495 -1.599477
-0.484712 -0.173750 -1.561045
-0.492531 0.076235 -1.573950
-0.137080 -0.197921 -1.319224
-0.136801 -0.296705 -2.122722
-0.451299 0.343623 -1.221559
-0.343752 0.345731 -0.965912
-0.346471 0.456015 -0.242609
-0.351163 0.469502 -0.023148
-0.481355 -0.156510 -1.517644
-0.498862 0.091030 -1.727347
-0.462553 -0.172402 -1.498687
0.044864 -0.499123 2.976055
-0.480813 -0.160852 -1.321103
-0.482538 0.010518 -1.564122
-0.401212 -0.337890 1.784802
0.295481 0.401989 1.678239
-0.492466 0.003694 -1.597801
0.367320 -0.329260 0.823700
-0.132442 -0.208661 -1.407063
-0.492019 -0.170491 -1.412306
-0.350450 0.451597 -0.593494
-0.483368 -0.002719 -1.808217
-0.410009 0.432157 -0.942255
-0.467447 0.029554 -1.523786
0.144915 0.329261 -2.172208
-0.492129 0.029605 -1.859819
-0.463944 0.335879 -1.075509
-0.385611 0.362649 -0.994872
-0.492729 -0.130098 -1.498468
-0.133500 -0.297696 -2.360841
-0.491737 -0.186989 -1.495243
-0.118630 -0.321816 -2.299153
-0.257658 0.141518 -1.289085
-0.499878 0.109666 -1.607630
-0.456567 0.057936 -1.573145
0.441306 -0.345023 0.824000
-0.475668 -0.175700 -1.570429
0.149168 -0.363563 1.949907
0.158313 -0.350299 1.794665
0.391134 0.264920 -0.225286
0.372327 0.097993 0.544192
-0.353587 0.457565 -0.342842
-0.140801 -0.325212 -2.094652
-0.013844 -0.364540 2.473580
-0.498039 0.019305 -1.681069
0.404744 0.239850 0.012674
-0.027077 -0.488132 -2.847868
-0.496219 -0.042864 -1.465094
-0.481246 -0.179906 -1.374940
-0.487410 -0.155509 -1.407246
0.038430 0.022325 -0.366824
-0.120999 -0.327081 -1.879450
-0.445703 -0.125605 -1.383553
-0.405841 0.339414 -0.902096
-0.481593 -0.024507 -1.483685
-0.488257 -0.040793 -1.490863
-0.416481 0.443974 -0.905985
-0.113507 -0.329187 -2.172481
-0.361045 0.375798 -0.799226
0.041737 -0.495106 3.118812
-0.497961 0.414537 -1.814071
-0.477543 -0.056619 -1.371997
-0.439657 0.386547 -1.132097
0.040407 -0.467473 -2.420023
-0.475917 0.016485 -1.630551
-0.431267 0.344055 -1.134109
-0.336035 0.477661 -0.237762
-0.466909 0.000450 -1.616745
0.319420 0.392383 1.403801
