-0.490008 0.105274 -1.844531
-0.399763 0.262907 -1.311275
-0.469018 -0.470522 2.217025
-0.133995 0.365819 2.121706
-0.486533 -0.403239 1.125462
-0.425727 0.107684 -1.629994
-0.479093 0.105607 -1.613448
-0.471919 0.099798 -1.371619
-0.017725 0.499115 0.092948
-0.475683 0.119164 -1.497115
-0.385398 -0.196085 -2.179445
-0.497063 -0.456342 0.420386
-0.083655 0.234713 -0.134745
-0.496937 0.087431 -1.612885
-0.493343 -0.495268 1.376825
-0.251694 0.352962 -0.776108
-0.492676 -0.402094 2.032007
-0.453941 0.114298 -1.587964
-0.003526 0.474835 -0.226781
-0.029439 0.164217 -0.208961
-0.469486 -0.468122 2.478065
-0.491897 0.101810 -1.720691
-0.471023 -0.397391 -2.301118
-0.487790 -0.406834 1.299083
-0.042908 0.145495 -0.305904
-0.431328 0.110213 -1.654679
-0.158954 0.230637 -1.196361
-0.001650 0.478351 0.163924
-0.455772 0.232970 -1.348294
-0.438617 -0.489818 2.195115
-0.153676 0.339221 2.173930
-0.474666 0.104277 -1.498843
-0.477237 -0.404261 2.004993
-0.492193 -0.497116 1.081098
-0.453614 -0.499784 2.164599
-0.247711 0.369210 -0.577140
-0.489533 -0.407747 1.086217
-0.025660 0.499591 0.127802
-0.016706 0.473905 -0.031925
-0.013100 0.492550 -0.268356
-0.037769 0.491611 -0.297301
-0.486256 -0.406515 1.984524
-0.485891 0.113246 -1.506783
-0.483358 0.095783 -1.656903
-0.337011 0.456900 -2.882977
-0.027380 0.459732 -0.105443
-0.017947 0.498273 -0.044425
-0.481923 -0.414319 1.170221
-0.008337 0.463849 0.349042
-0.032096 0.167503 -0.329946
-0.039401 0.160336 -0.335969
-0.481846 0.216102 -1.187906
-0.488985 0.147525 -1.494384
-0.010514 0.468516 -0.132400
-0.009304 0.487591 -0.056270
0.289194 -0.356695 2.563205
-0.493263 -0.410589 2.103657
-0.458615 0.106198 -1.524386
-0.495898 -0.398725 1.148839
-0.471948 0.109239 -1.741654
-0.486942 -0.468766 2.567069
-0.484498 -0.487682 -0.474483
-0.022404 0.468624 -0.005334
0.300863 -0.452798 0.586707
-0.008202 0.479817 -0.048964
-0.040455 0.151802 0.004707
-0.486228 -0.453179 2.532126
-0.496528 0.086560 -1.460043
-0.487490 -0.411871 1.028975
-0.496438 -0.460383 0.413080
-0.492965 -0.459351 0.794789
-0.000686 0.470445 0.015191
-0.022017 0.492381 -0.120255
-0.013283 0.483905 -0.062313
-0.493430 -0.394421 2.063834
-0.484046 -0.396082 2.060181
-0.473654 -0.456181 2.302239
-0.492393 -0.496001 0.831979
-0.497113 0.086947 -1.559715
-0.007355 0.459843 -0.199123
-0.002463 0.493007 -0.064963
-0.336951 0.188795 0.635211
-0.497111 -0.423670 1.210016
-0.262533 0.358661 -0.434960
-0.023842 0.471955 -0.142782
-0.023972 0.483136 0.059381
-0.002319 0.454716 0.173254
0.001793 0.488154 -0.160183
-0.473480 -0.491517 0.836314
-0.479979 -0.460191 2.552907
-0.459560 0.233955 -1.401144
-0.484012 -0.402930 1.814568
-0.481443 -0.496781 -2.395831
-0.471924 -0.487363 2.727097
-0.014070 0.472406 -0.241965
-0.015011 0.473001 -0.051511
-0.488134 0.168448 -1.747158
-0.490232 -0.390234 1.221293
-0.017632 0.480250 0.284313
-0.481354 -0.476472 0.604763
-0.016970 0.461874 -0.029803
-0.004819 0.458891 -0.096011
-0.474888 -0.490230 0.570438
-0.486735 -0.490912 0.415994
-0.022820 0.483184 -0.011319
-0.027864 0.479048 -0.175569
-0.490638 -0.422052 1.014481
-0.342095 0.466523 -3.058489
-0.013670 0.478092 -0.042701
-0.022092 0.478128 0.054240
-0.484402 0.108725 -1.623333
-0.489238 -0.410192 1.083038
-0.067772 0.074848 -1.981595
-0.485741 -0.490464 -0.712593
-0.027491 0.476561 -0.077912
-0.026936 0.486780 -0.178996
-0.487952 -0.404086 2.156080
-0.493802 -0.390522 1.036345
-0.468008 -0.494741 2.351124
-0.489872 -0.469042 0.560868
-0.003803 0.477726 -0.254495
-0.473382 -0.486735 0.538950
-0.022525 0.467427 0.078705
-0.010362 0.480012 -0.069421
-0.456409 0.111244 -1.344072
-0.014707 0.479678 0.179785
-0.480529 -0.422493 1.307340
-0.470273 -0.480251 2.521012
-0.486681 -0.416050 1.067756
0.335762 -0.322651 2.718628
-0.485912 -0.393912 1.913806
-0.471030 0.091571 -1.551883
-0.449124 0.127201 -1.574099
-0.486809 -0.490409 -0.529945
-0.017591 0.483548 -0.076450
-0.022829 0.482675 -0.007829
-0.008659 0.456548 0.053765
-0.481514 -0.400881 1.938763
-0.496696 -0.402112 1.190742
-0.497772 0.097754 -1.478813
-0.485123 -0.425768 0.983767
-0.489233 0.157148 -1.400910
-0.031154 0.476392 -0.256442
-0.491631 -0.395482 1.455388
-0.497051 -0.488436 0.584412
-0.473166 0.170575 -1.646277
-0.495768 -0.442966 0.911490
-0.016390 0.480034 -0.092383
-0.489669 -0.482855 -0.647538
-0.000567 0.492434 -0.066936
-0.004840 0.492043 0.111268
-0.019808 0.460530 -0.034750
-0.002132 0.492787 -0.011012
-0.476384 -0.493448 -0.488843
-0.012278 0.460098 0.128985
-0.476482 0.110291 -1.790248
-0.006158 0.478161 -0.068831
-0.481759 0.103796 -1.431806
-0.497655 0.152901 -1.625246
-0.463296 0.091803 -1.525624
-0.499807 0.152810 -1.620181
-0.085064 0.283163 -0.299313
-0.484402 -0.401249 1.950296
-0.449009 0.116156 -1.531456
0.401574 -0.177785 2.892809
-0.477228 -0.422263 1.310666
-0.482826 -0.417741 1.350614
-0.440727 0.099336 -1.683467
-0.493730 -0.392403 1.172758
-0.488637 -0.407884 1.249081
-0.483410 0.104178 -1.581026
-0.485999 -0.383470 1.635889
-0.483478 0.108026 -1.459656
-0.498521 -0.450879 2.716208
-0.045122 0.471822 -0.129637
-0.479789 0.109898 -1.610049
-0.493787 -0.408868 1.097661
-0.060754 0.460867 0.000878
-0.456427 0.100095 -1.651281
-0.457628 -0.498319 2.307104
-0.486477 -0.424262 1.089641
-0.457724 0.131443 -1.577131
0.000140 0.465240 -0.150017
-0.499713 0.110582 -1.553944
-0.496200 -0.467939 2.602105
-0.468375 -0.490163 -2.441303
-0.472855 0.111772 -1.565916
-0.487719 -0.449699 2.839720
-0.492539 0.161774 -1.225510
-0.019907 0.475065 -0.129790
-0.395853 0.240814 -1.378768
-0.038801 0.180753 -0.003883
-0.494153 -0.400774 1.975893
-0.496979 -0.384638 1.239994
-0.003858 0.477723 -0.103382
-0.469441 -0.492938 -2.670117
-0.499760 -0.404675 1.978906
-0.034827 0.206427 -0.141604
0.214590 0.381864 1.074192
-0.016359 0.461106 -0.049454
-0.497511 0.101839 -1.594829
-0.027432 0.497935 0.184304
-0.175668 -0.261900 -1.348427
-0.495818 -0.391524 2.049993
-0.098383 0.237056 -1.365859
-0.492558 -0.459782 0.693852
-0.486703 0.102105 -1.336868
-0.022643 0.451229 0.109724
-0.483279 -0.419213 1.032039
0.246333 -0.389519 2.891997
-0.492127 -0.452925 0.394417
-0.485726 -0.399589 0.958049
-0.493780 -0.456173 2.559801
-0.484437 -0.397311 2.140606
-0.484426 -0.400420 1.999605
-0.494330 -0.406717 1.228295
-0.004373 0.498867 0.069910
-0.493049 -0.395727 0.929451
-0.480046 -0.460503 2.362795
-0.257718 0.360905 -0.677569
-0.495100 0.098418 -1.748292
-0.466798 -0.393890 1.985524
-0.480498 0.090681 -1.566824
-0.008167 0.471644 -0.214808
-0.477336 -0.497975 0.645613
-0.479345 -0.479653 0.445399
-0.473757 -0.485625 0.537278
-0.485122 -0.398643 1.917322
-0.464583 0.098270 -1.515328
-0.003985 0.481560 -0.205752
-0.028592 0.487949 -0.053207
-0.019663 0.487697 -0.061381
-0.017266 0.475264 -0.195114
-0.012516 0.473374 -0.274342
-0.493354 -0.402664 2.214705
-0.473798 -0.431334 1.183028
-0.480920 -0.401493 1.997693
-0.494540 0.160638 -1.568792
-0.490712 0.094785 -1.876644
-0.041166 0.155033 -0.381896
-0.485240 0.105835 -1.497834
-0.499780 0.140525 -1.494626
-0.006508 0.478227 -0.097301
-0.002023 0.456087 -0.015833
-0.497933 0.087742 -1.459221
-0.461202 0.113797 -1.719707
-0.481032 -0.427020 1.209610
-0.011763 0.476505 0.033199
-0.007034 0.493164 0.210076
-0.056668 0.425893 -0.125187
-0.463751 0.107476 -1.728693
-0.478205 0.097249 -1.664702
-0.492442 0.170404 -1.741403
-0.489155 -0.395896 1.815052
-0.499188 -0.406461 1.125912
-0.024506 0.470710 -0.092356
-0.012357 0.481182 -0.156759
-0.028250 0.483465 -0.116757
-0.020762 0.496102 -0.204600
-0.025149 0.497738 0.199165
-0.013375 0.467013 -0.111242
-0.488891 0.169247 -1.786525
-0.008368 0.464469 0.077199
-0.013293 0.489905 -0.200615
-0.496971 -0.482940 0.739490
-0.485588 -0.416270 1.079809
-0.472638 -0.449523 2.604719
-0.007078 0.481424 -0.138270
-0.031440 0.189774 -0.290295
-0.482706 -0.492204 2.054392
-0.475529 -0.468996 2.687688
-0.242196 -0.109741 0.031951
-0.491529 -0.448346 2.339633
-0.483251 -0.492520 -0.764409
-0.462171 0.112896 -1.567086
-0.008360 0.479804 -0.019891
-0.049652 0.149591 -0.221342
-0.490849 -0.400008 1.314335
-0.009374 0.464335 0.092571
-0.038636 0.169257 -0.270190
-0.033235 0.183207 -0.337709
-0.034758 0.158205 -0.084368
-0.484592 -0.404388 1.233958
-0.479072 -0.492521 -0.677004
-0.013531 0.486367 -0.139419
-0.052766 0.495469 -0.229174
-0.491843 0.152554 -1.459651
-0.230095 -0.267000 -1.526745
-0.494595 -0.391852 2.087038
-0.010666 0.481338 -0.194035
-0.466848 0.089667 -1.472296
-0.472756 -0.484174 -2.164355
-0.039376 0.178514 -0.502871
-0.443272 0.229742 -1.329536
-0.034875 0.477408 -0.209592
-0.470263 -0.497513 2.502592
-0.497232 0.095913 -1.584503
-0.480817 0.204182 -1.553206
-0.470517 0.102554 -1.424407
-0.470426 -0.455807 2.618161
-0.485950 -0.410819 1.149037
-0.483714 -0.461487 0.684214
-0.498576 0.096263 -1.792667
-0.496330 -0.390812 1.250565
-0.467172 0.097478 -1.381323
-0.002382 0.481014 0.043210
-0.012134 0.474677 -0.006943
-0.005928 0.475526 0.036380
-0.487783 -0.475480 0.562240
-0.009758 0.475674 -0.224354
-0.448272 0.121484 -1.527890
-0.019211 0.477399 0.074574
-0.016253 0.468523 -0.071256
-0.478364 -0.494028 2.105495
-0.478687 0.092094 -1.613243
-0.206045 -0.259936 -1.594252
-0.493848 -0.386666 1.798934
-0.484190 -0.494013 -0.745465
-0.459444 0.096694 -1.493523
-0.498389 -0.414325 1.299334
-0.496628 0.155883 -1.546626
0.298769 0.077446 -2.671172
-0.033164 0.170496 -0.217021
-0.473936 0.093993 -1.392400
-0.009963 0.456150 -0.156286
-0.027889 0.479907 0.029105
-0.410881 0.174298 -1.394596
-0.473806 0.098735 -1.447970
-0.499375 0.162753 -1.487676
-0.492427 -0.385671 1.361386
-0.029498 0.478177 -0.080791
-0.030390 0.493298 0.040463
-0.494855 0.090498 -1.824431
-0.485880 -0.497112 2.257494
-0.481861 -0.489589 0.862385
-0.496568 0.101405 -1.493285
-0.004405 0.497323 -0.237487
-0.015163 0.463873 -0.001396
-0.487780 -0.399050 1.794316
-0.001403 0.483786 -0.183844
-0.471871 0.112269 -1.647401
0.326767 0.056170 -2.164395
-0.019320 0.474874 0.054894
-0.488990 -0.387316 1.186989
0.195971 0.379374 0.979571
0.249982 -0.389536 3.026143
-0.020441 0.452985 0.165307
-0.074207 0.477026 -0.129345
-0.285997 0.354111 -1.764504
-0.338565 0.349776 -0.338615
-0.259530 0.352043 -1.012089
-0.494052 0.159481 -2.034075
0.002424 0.467040 0.149124
-0.445881 0.116232 -1.693025
-0.486729 -0.395641 1.363394
-0.499217 -0.409281 1.255207
-0.483476 0.088603 -1.416809
-0.487044 -0.399277 1.974001
-0.022489 0.495059 0.000838
-0.007630 0.496787 -0.179507
-0.493831 -0.400669 2.183150
-0.492866 -0.454306 2.445432
-0.264319 0.343683 -0.668279
-0.293303 0.467816 -2.468486
-0.480534 -0.399015 2.033062
0.001538 0.480288 -0.005077
-0.479151 0.110061 -1.448249
-0.002051 0.489711 -0.280730
-0.496330 -0.405895 -0.978952
-0.489310 -0.496703 0.726069
-0.492738 0.169336 -1.721260
-0.164931 0.234940 -1.112745
-0.016773 0.456624 -0.023680
-0.032338 0.445447 0.045651
-0.025184 0.491336 -0.065064
-0.473986 -0.395638 2.106593
-0.020736 0.462695 0.076093
-0.017695 0.482208 0.042328
-0.042914 0.466509 0.107437
-0.006298 0.451078 -0.074321
0.251259 -0.381125 2.791085
-0.495684 -0.430039 1.401327
-0.490156 0.102042 -1.587025
-0.000683 0.494873 0.195808
-0.460033 -0.483622 -2.215939
-0.473201 -0.488491 -0.882914
-0.009885 0.498440 -0.013385
-0.486262 0.107505 -1.408681
-0.485174 -0.408900 1.077540
-0.469863 -0.493250 -2.456005
-0.486149 -0.463496 0.274325
-0.482024 -0.391528 1.715909
-0.014807 0.477954 -0.321639
-0.008327 0.498829 -0.115472
-0.178007 -0.264937 -1.258865
-0.021516 0.493717 -0.090555
-0.489367 -0.424545 1.076206
-0.011370 0.491308 -0.103042
-0.003187 0.477285 0.126811
-0.239919 0.382500 -0.801009
