-0.094634 -0.173687 2.569853
-0.031277 0.259292 -0.470127
-0.055630 0.470182 0.207527
-0.008502 -0.288090 2.795945
-0.011809 0.397733 0.165519
-0.321297 -0.427424 2.982378
-0.151414 -0.422023 2.949940
-0.478955 0.319041 -1.680787
-0.253647 0.232304 -1.299101
-0.439059 0.370506 -1.362295
-0.028360 0.235779 -0.349266
-0.017951 0.392074 0.513472
-0.302086 -0.484671 3.120124
-0.087276 -0.145220 2.778537
-0.113924 -0.394838 2.844138
-0.489141 0.341907 -1.689503
-0.395208 0.378849 -1.314194
-0.440314 0.438882 -1.555043
0.271392 0.091679 0.359331
-0.185287 -0.444167 2.874283
-0.137442 -0.286943 2.864601
-0.165760 -0.423901 3.003363
-0.471622 0.259331 -1.421029
-0.369959 0.205125 -1.063310
-0.450194 0.396939 -1.449620
-0.083922 -0.205865 2.704112
0.028123 -0.303918 2.859314
-0.076526 -0.461825 2.946622
-0.102976 -0.462691 2.881274
-0.071356 -0.464021 3.037478
-0.125834 -0.431862 2.988508
-0.240486 0.306477 -1.251048
-0.104979 -0.151882 2.697722
-0.085610 -0.198869 2.943045
-0.073618 -0.230626 2.755317
-0.429166 0.419938 -1.271487
-0.481053 0.376846 -1.250221
-0.074295 -0.127028 2.601525
-0.111021 -0.314296 2.447871
-0.481056 0.391368 -1.398522
-0.073718 -0.421018 2.978934
-0.037105 0.236548 -0.498827
-0.033379 0.215334 -0.169842
-0.086124 -0.457081 -3.058911
0.307988 0.465387 0.899715
-0.154817 -0.469213 2.838549
-0.071379 -0.132189 2.680617
-0.405178 0.411412 -1.234985
-0.495438 0.343971 -1.819504
-0.463050 0.353448 -1.359245
-0.066882 -0.289286 2.846599
-0.094908 -0.456476 2.929765
-0.098081 -0.174793 2.726210
-0.138039 -0.275803 2.971662
-0.109049 -0.233765 2.827381
-0.093193 -0.353330 2.807044
-0.086005 -0.334433 2.896520
-0.473552 0.403171 -1.511019
-0.079200 -0.281213 3.029291
-0.040019 0.204816 -0.325486
0.476064 0.110300 1.087873
-0.042014 0.214703 0.013281
-0.097518 -0.247725 2.528523
-0.479361 0.231128 -1.919323
-0.106877 -0.383754 2.851691
-0.469003 0.355782 -1.465605
-0.099801 -0.153651 2.869835
-0.045990 0.213578 -0.155554
-0.078457 -0.167098 2.659126
-0.117903 -0.233670 2.444725
-0.056046 -0.445469 3.087059
-0.433287 0.362576 -1.495344
0.120414 0.348715 -1.159426
-0.068476 -0.290865 2.869820
0.212766 -0.418803 -3.137121
0.039059 -0.277577 2.902996
-0.462933 0.343951 -1.518829
-0.114783 -0.153042 2.547338
-0.481495 0.224939 -1.525540
-0.492231 0.225979 -1.561299
-0.137946 -0.281018 3.039814
-0.060953 -0.223963 2.683394
-0.033370 0.277946 -0.126022
-0.146372 -0.413500 -3.083407
0.470993 -0.014660 3.057320
-0.091354 -0.132067 2.801142
-0.491792 0.245862 -1.610405
-0.401982 0.402224 -1.059173
-0.040682 0.498562 -0.242544
-0.142076 -0.438228 3.094661
-0.486646 0.364963 -1.527863
-0.497684 0.226961 -1.890102
-0.489756 0.225782 -1.565658
-0.040803 0.214809 -0.260837
-0.077123 -0.445661 3.103833
-0.163339 -0.434230 -3.138489
-0.456289 0.390963 -1.397683
-0.096013 -0.181920 2.642697
-0.409318 0.409742 -1.320254
-0.133472 -0.307567 2.863573
-0.049363 -0.436059 3.035266
-0.111899 -0.446538 2.974846
-0.094449 -0.460307 3.111639
-0.165248 -0.477740 2.910062
-0.061765 -0.164155 2.577729
0.438621 0.122172 1.006620
-0.115071 -0.151768 2.735052
-0.154217 -0.410833 -2.993383
-0.469288 0.357337 -1.623657
-0.416949 0.401104 -1.298753
-0.040848 0.208162 -0.381305
-0.018718 0.414241 -0.093122
-0.094722 -0.434441 2.964905
0.025133 0.441568 0.175469
-0.076543 -0.134847 2.500502
-0.139834 -0.310709 2.767299
-0.111863 -0.160373 2.812533
-0.484456 0.329044 -1.484769
-0.039351 -0.425243 3.109576
-0.146852 -0.418920 3.014901
-0.080259 -0.443205 3.041707
-0.091286 -0.228305 2.926204
-0.071741 -0.448390 3.094695
-0.469637 0.359645 -1.606869
-0.071487 -0.278296 2.718285
-0.074244 -0.288269 2.671339
-0.262209 0.247113 -0.944269
-0.160339 -0.410834 -3.035053
-0.471144 0.378555 -1.240387
-0.081040 -0.131118 2.405336
-0.462206 0.312945 -1.623978
-0.098468 -0.166939 2.766652
-0.066114 -0.245577 2.798978
-0.095829 -0.231974 2.756933
-0.088640 -0.249449 2.640215
-0.110043 -0.432751 -3.052031
-0.485265 0.215521 -1.674798
-0.493129 0.342837 -1.758275
-0.470813 0.401034 -1.157023
-0.451389 0.378818 -1.212498
-0.488999 0.334835 -1.559085
-0.088478 -0.144918 2.799731
-0.084850 -0.266925 2.702367
-0.077827 -0.265744 2.826107
-0.494854 0.346143 -1.764907
-0.031413 0.211159 0.062467
-0.494348 0.343751 -1.538336
-0.456305 0.349043 -1.557715
-0.270641 0.239650 -0.912368
-0.496297 0.364737 -1.728405
-0.038890 0.482938 0.034323
-0.075462 -0.265111 2.959401
-0.265060 0.232684 -1.216316
-0.178457 -0.471841 3.114165
-0.101927 -0.206496 2.814654
-0.119002 -0.140133 2.633770
-0.102872 -0.204116 2.757995
-0.101681 -0.150902 2.766397
-0.022969 -0.329943 2.575912
-0.158853 -0.470835 -3.097261
-0.169542 -0.474716 3.041051
-0.473788 0.376777 -1.355516
-0.087209 -0.158040 2.650106
-0.102734 -0.184387 2.559703
-0.096819 -0.164006 2.722001
-0.088078 -0.255548 -3.113637
-0.471047 0.367453 -1.565270
-0.066772 -0.239553 2.797955
-0.499685 0.353647 -1.349056
0.016670 -0.273571 2.919143
0.018597 0.492498 -0.081121
-0.242478 0.227001 -1.271222
-0.066808 -0.242356 2.955025
-0.267994 0.241462 -1.082243
-0.497514 0.222675 -1.511261
-0.092203 -0.160361 2.387042
-0.078913 -0.240208 2.906570
-0.444827 0.154800 -1.943196
-0.040345 0.228932 -0.150455
-0.447702 0.412287 -1.341815
-0.079448 -0.411923 3.105028
-0.103459 -0.453399 3.091601
-0.497898 0.401192 -1.783163
0.331394 -0.123403 3.044248
-0.063742 -0.274484 2.853790
-0.090754 -0.213221 2.843601
-0.243455 0.227342 -1.353573
-0.088199 -0.452894 -3.127831
0.073551 -0.240691 2.870365
-0.097273 -0.229684 3.095395
-0.073639 -0.251207 3.079662
-0.092131 -0.147370 2.709262
-0.246969 0.225060 -1.114211
-0.174307 -0.408246 3.017866
-0.074071 -0.160982 2.713966
-0.265370 0.208932 -1.007451
-0.085846 -0.293887 2.675465
-0.499126 0.219800 -1.401801
-0.240087 0.237025 -1.054132
0.486165 0.130643 0.976463
-0.099701 -0.403574 2.718444
-0.086154 -0.316323 2.538052
-0.109513 -0.462304 3.013969
-0.077179 -0.291363 2.565390
-0.082092 -0.152981 2.511701
-0.093435 -0.232156 2.722944
-0.495440 0.396114 -1.831843
-0.466413 0.347601 -1.582696
-0.037356 0.196543 -0.347211
-0.089698 -0.271373 2.596159
-0.028119 0.490583 0.175764
-0.476287 0.346230 -1.465475
-0.406291 0.380209 -1.213277
-0.451167 0.399325 -1.235057
-0.084999 -0.464159 -2.981854
-0.035259 0.488468 0.050655
-0.436758 -0.361522 -0.517981
-0.476675 0.225634 -1.947753
-0.091297 -0.116679 2.569316
-0.102240 -0.399874 -3.095798
-0.085223 -0.173496 2.559526
-0.161733 -0.437783 3.004026
-0.435123 0.368302 -1.525666
-0.137401 -0.299088 2.792631
-0.206730 0.386997 1.380255
-0.418097 0.393108 -1.356552
-0.063665 -0.435308 3.010540
-0.273196 0.482579 -1.872999
-0.481498 0.346751 -1.687999
0.004429 0.481257 -0.156066
-0.496578 0.237122 -1.502125
0.010667 -0.285706 2.799278
-0.084966 -0.306986 2.301417
0.011195 0.478928 -0.289853
-0.457329 0.390779 -1.464915
-0.474774 0.330613 -1.696364
-0.179882 -0.472286 3.001030
-0.136110 -0.302473 2.562425
-0.408642 0.390985 -1.315418
-0.039222 0.219550 -0.372015
-0.398879 0.472152 -1.068069
-0.051839 -0.423808 3.133532
-0.440729 0.406835 -1.258769
-0.103168 -0.247993 2.669681
-0.052053 -0.432767 2.897456
-0.492515 0.268372 -1.606152
-0.333333 0.235384 -1.465351
-0.091762 -0.129546 2.560923
-0.099767 -0.349010 2.939948
-0.040834 0.221656 -0.004919
-0.033974 -0.477592 -2.983032
-0.064106 -0.246848 2.950120
-0.066812 -0.278093 2.919380
-0.146766 -0.315210 2.948003
-0.069025 -0.440600 -2.968806
-0.358602 0.218468 -1.291354
-0.443459 0.363349 -1.724712
-0.082825 0.257068 -0.037500
-0.401714 0.382632 -1.447523
-0.139117 -0.433976 -3.118167
0.010599 -0.298173 2.726989
-0.115446 -0.151897 2.528557
-0.448658 0.410186 -1.194907
-0.029494 -0.431301 2.876574
0.468002 0.127411 0.601933
-0.142485 -0.312125 2.793759
-0.467083 0.369569 -1.685505
-0.101895 -0.444258 2.811836
-0.057211 0.487220 -0.077860
-0.155570 -0.422107 3.005731
-0.436431 0.431202 -1.207204
-0.055487 -0.449831 -3.092649
-0.440205 0.388162 -1.496045
-0.488364 0.223877 -1.511664
-0.114042 -0.301933 2.776386
-0.078744 -0.262770 2.760098
-0.089588 -0.253365 2.733386
-0.094195 -0.141068 2.708206
-0.173071 -0.494582 2.947951
-0.107544 -0.209852 2.686262
-0.463753 0.332270 -1.707246
-0.052745 0.493759 0.045268
-0.456066 0.372391 -1.407818
-0.150703 -0.280066 2.957552
0.274469 0.104444 0.653747
-0.252454 0.208140 -1.221706
-0.078776 -0.142491 2.607493
-0.087881 -0.294372 2.650156
-0.498385 0.346722 -1.874081
-0.089441 -0.192049 2.857168
-0.085820 -0.253991 3.039412
-0.083750 -0.409705 3.140812
-0.443019 0.366131 -1.607636
-0.057581 0.241642 -0.168877
-0.054880 -0.436303 -2.977241
-0.085022 0.410261 0.637621
-0.119845 -0.315438 2.623351
-0.067445 -0.261359 2.818427
-0.077728 0.263513 -0.112383
-0.105752 -0.311405 2.525780
-0.492655 0.379531 -1.374029
-0.134772 -0.285022 2.826306
-0.105067 -0.133706 2.528219
-0.141389 -0.276603 2.699602
0.210429 -0.419113 -2.990923
-0.067595 -0.257489 2.740096
-0.080815 -0.433509 -3.104128
-0.254550 0.237826 -1.176708
-0.476942 0.259868 -1.477671
0.483936 0.142823 1.115123
-0.087483 -0.453609 -3.112338
-0.096272 -0.322466 2.712502
-0.389046 0.411245 -1.353193
-0.041562 -0.439127 3.015483
-0.080377 -0.307649 2.507528
-0.148432 -0.410111 3.087328
-0.481641 0.394952 -1.357475
-0.091414 -0.460311 3.081205
-0.481736 0.362766 -1.352530
-0.489433 0.230390 -1.714595
-0.483629 0.223545 -1.563289
-0.072745 -0.255217 2.603789
-0.160468 -0.441086 -2.805005
-0.484519 0.361700 -1.575796
-0.092403 -0.240374 2.844426
-0.112909 -0.464231 -3.086772
-0.037414 -0.498413 3.131247
-0.480521 0.322970 -1.496430
-0.103074 -0.225133 2.564583
0.350178 -0.117477 3.042492
-0.489276 0.345788 -1.916005
-0.454017 0.399035 -1.381089
-0.057392 0.392892 -0.514760
0.009496 0.448652 -0.293602
-0.458255 0.402036 -1.516208
-0.436163 0.357975 -1.712457
-0.037002 -0.434142 3.046635
-0.411973 0.398207 -1.386093
-0.087738 -0.255768 2.563839
-0.427098 0.363489 -1.321343
-0.243830 0.253116 -1.180696
-0.475412 0.350471 -1.325397
-0.355298 0.210504 -1.341809
-0.495623 0.214783 -1.587800
-0.459114 0.389981 -1.503058
-0.094476 -0.223204 2.619959
-0.252949 0.223437 -1.250581
-0.489639 0.352992 -1.621944
0.009208 0.476922 0.049411
-0.461359 0.353977 -1.533517
-0.122307 -0.250575 2.790805
-0.033330 0.468251 0.209115
-0.099246 -0.212420 2.614993
-0.395361 0.393488 -1.343955
-0.002328 0.401089 0.309106
-0.098766 -0.159279 2.505829
-0.471817 0.402665 -1.473710
-0.095347 -0.135175 2.737726
-0.475895 0.338071 -1.776290
-0.114188 -0.281119 2.948318
-0.452381 0.327120 -1.770272
-0.438977 0.374870 -1.561349
-0.258501 0.242922 -1.137165
-0.101419 -0.158217 2.577439
-0.092976 -0.181473 2.270478
0.419462 0.323019 3.131274
-0.492599 0.351268 -1.703984
-0.073798 -0.444952 2.877685
-0.058233 -0.445116 -3.120391
-0.405930 0.373308 -1.521772
0.378974 -0.212193 3.006803
-0.245810 0.226927 -1.468249
-0.128853 -0.289602 2.740007
-0.484644 0.219406 -1.475628
-0.458986 0.347292 -1.774459
-0.053319 -0.430179 3.009133
-0.478561 0.323327 -1.695742
-0.457630 0.368502 -1.457209
-0.100386 -0.172818 2.485610
-0.432712 0.382969 -1.559910
-0.047358 0.285609 -0.233946
-0.057303 -0.447385 3.059877
-0.094319 -0.173157 2.625998
-0.090701 -0.452586 2.908409
-0.243905 0.229558 -1.244529
-0.047891 0.274983 -0.121660
-0.472281 0.392053 -1.452658
-0.445928 0.363518 -1.481211
-0.462909 0.383209 -1.387366
-0.462856 0.372981 -1.481773
-0.170001 -0.484209 3.127087
-0.264517 0.235722 -1.081869
-0.270150 0.225336 -1.266010
-0.125888 -0.444976 -2.869068
-0.105699 -0.160767 2.690151
-0.110308 -0.232411 2.902130
-0.111612 -0.230588 2.684194
0.009122 -0.301210 2.768347
-0.163459 -0.484561 3.077578
-0.076446 0.454436 0.076091
