0.182500 0.135405 -2.177164
0.372682 -0.037525 1.293008
0.488854 0.039216 -1.768029
-0.181711 0.449015 2.834658
-0.229844 0.474179 3.111852
-0.010696 0.481488 2.924543
-0.004463 0.493081 -3.137715
-0.018306 0.498167 -3.007993
-0.488363 0.436881 -2.511750
0.224692 0.169264 -2.439847
-0.005250 0.496547 3.055907
0.287684 -0.114517 1.408524
-0.152896 -0.123427 1.928219
0.246168 0.140979 -2.108231
0.255430 0.162416 -2.067257
0.195459 -0.046363 2.746276
-0.499293 0.301742 -1.418124
-0.028527 0.491116 3.119154
0.465680 -0.028053 1.670480
0.029305 0.485047 3.067687
0.051521 0.489918 -3.106946
0.052196 0.457026 -2.999405
0.189379 0.132020 -2.029199
-0.021078 0.470188 3.012171
-0.026444 0.499228 2.987273
-0.488661 0.491333 -2.877538
-0.214615 0.485904 -2.960388
0.000161 0.498167 2.913588
-0.497340 0.291157 -1.456654
-0.494105 0.394292 -2.432177
0.471667 0.073756 -1.376712
-0.029346 0.492094 3.067953
-0.014977 0.493997 3.067409
-0.015973 0.490924 2.883922
0.457107 0.075059 -1.278361
-0.028286 0.485036 -3.101208
-0.470121 0.311308 -1.876837
-0.224777 0.483781 -2.824590
-0.019902 0.491574 -3.090135
-0.496532 0.353036 -1.480445
-0.141887 0.346276 -2.699535
-0.030911 0.499877 2.981980
-0.012710 0.492590 3.121549
-0.003851 0.488333 3.015770
0.484866 0.037222 -1.463912
-0.017187 0.488327 3.076827
-0.009140 0.499173 3.086432
0.083447 0.474434 -3.015061
-0.487017 0.466496 -2.483589
-0.030092 0.491181 -2.852692
-0.163737 0.185210 -2.769451
0.458696 0.026435 -1.612622
0.037469 0.478587 -2.732201
-0.228121 0.465127 2.815342
-0.486789 0.462822 -1.531397
-0.205968 0.481150 3.115451
-0.472329 0.336157 -1.721680
-0.495282 0.357247 -1.840093
-0.148427 0.346966 -2.825448
-0.020657 0.493212 2.732203
0.058876 0.468790 3.086068
0.156112 0.155341 -2.132575
0.280702 -0.087618 1.506702
0.471512 -0.028184 1.441959
-0.022671 0.476689 3.083702
0.254105 -0.295476 -1.266996
-0.158318 0.175369 -3.094736
-0.488693 0.376618 -1.764004
-0.176362 0.181914 -2.681148
-0.017195 0.490674 3.038186
-0.018232 0.497071 -2.855965
-0.009151 0.479119 2.971211
-0.490322 0.416150 -0.993604
-0.497059 0.332654 -1.337795
-0.021307 0.495156 -2.855268
0.483663 -0.010847 1.537705
-0.029666 0.494614 2.996087
0.364300 0.261819 1.017381
0.468754 0.033136 -1.566822
-0.495317 0.363079 -1.220122
0.032200 0.479032 -2.822555
-0.458528 0.306980 -1.728156
-0.133636 0.346294 -3.122692
0.042965 0.461955 -2.953627
-0.036717 0.495659 -3.134825
-0.008307 0.489792 -3.137222
-0.479500 0.446212 -1.498360
0.219977 0.226740 -2.123625
-0.199931 0.475115 3.092231
-0.489314 0.293793 -1.359299
0.132832 -0.029225 1.943005
-0.217813 0.465055 3.055952
-0.095795 -0.498736 -0.158059
0.444527 0.032114 -1.586091
-0.019060 0.492071 3.090654
-0.023471 0.494318 3.006442
0.497047 0.032826 -1.317549
-0.015783 0.494028 -3.099007
0.288851 0.078585 -2.393812
-0.003277 0.496602 2.907500
0.003018 0.486714 -3.121958
0.046857 0.493587 -2.927925
-0.482227 0.398143 -0.738052
-0.453541 0.326216 -1.510431
0.491594 0.024384 -1.605766
-0.014539 0.496598 -2.829875
-0.017099 0.485243 3.129296
-0.473648 0.482259 -3.056200
-0.019037 0.493428 -3.064676
0.355102 0.270663 0.718815
-0.494957 0.323440 -1.298209
-0.154715 0.191634 -2.686738
-0.495129 0.283452 -1.579196
-0.482319 0.294251 -1.572364
-0.483978 0.481409 -2.784851
-0.021042 0.490635 3.109778
0.038508 0.496396 -3.139198
-0.476471 0.470415 -1.657797
-0.194164 0.474315 3.030156
-0.010217 0.494042 3.024549
-0.025895 0.491214 3.132638
-0.257569 -0.022114 0.240705
0.387913 0.199597 -1.691803
-0.499543 0.285434 -1.383304
-0.203859 0.463658 2.906431
-0.484347 0.355977 -1.916644
0.251250 -0.296209 -1.414250
-0.024134 0.491742 2.921668
-0.485285 0.311017 -1.772755
-0.478267 0.294146 -1.700222
-0.008132 0.492760 2.996467
0.472871 0.063438 -1.118155
-0.032606 0.497879 -3.010634
-0.107216 0.367618 3.128027
-0.499768 0.381993 -0.955191
0.345608 0.268119 0.652606
-0.489384 0.312937 -1.633670
-0.492398 0.427483 -2.505042
-0.018247 0.497116 3.029603
0.144129 -0.412253 0.008749
-0.471590 0.478243 -1.643019
-0.007379 0.490926 -3.031751
-0.198199 0.472919 -3.132214
0.037241 0.468412 -3.103789
0.496443 0.047321 -1.488764
-0.018512 0.490366 2.941719
-0.012641 0.494249 -3.044983
-0.199328 0.477183 -2.942340
0.028628 0.437050 1.564336
0.238885 0.165254 -2.060373
0.243894 0.214335 -2.173781
0.199514 0.111019 -1.972454
-0.013174 0.495365 -3.028635
-0.483130 0.310725 -1.905035
-0.215415 0.449136 2.898221
0.041030 0.478103 -3.104259
-0.179430 0.469408 -3.081224
-0.493366 0.294576 -1.516096
-0.025525 0.498159 -3.065533
0.229219 0.165734 -2.164539
0.055075 0.450427 -2.954254
-0.014534 0.497745 -3.039401
-0.482416 0.276476 -1.421494
0.267354 -0.294110 -1.312958
-0.483307 0.290677 -1.546710
-0.009013 0.484072 3.067117
0.191723 -0.066704 2.696689
-0.491100 0.479624 -2.222179
-0.499301 0.395966 -1.164451
0.057441 0.428056 -2.857074
-0.465651 0.307369 -2.027912
-0.001977 0.484135 -2.969555
0.470046 0.053020 -1.331712
-0.433590 0.218966 1.972253
0.153140 -0.414308 0.114822
0.037709 -0.105607 -0.020080
0.495729 0.107967 -1.736270
-0.489571 0.302615 -1.714369
-0.026737 0.494721 3.051691
0.155577 -0.078746 2.767323
-0.030376 0.490859 -2.996037
-0.498401 0.393553 -2.236102
0.032106 0.489795 -2.849176
0.056045 0.440096 -3.077533
0.100018 -0.478330 -0.238102
0.488048 0.040843 -1.306687
0.063061 0.466046 -2.854207
0.172635 0.337689 -2.479141
0.035172 0.459636 3.057039
-0.477748 0.288433 -1.579625
-0.418023 -0.401077 -0.044659
-0.011605 0.499617 -3.117048
-0.492197 0.354697 -1.558125
-0.488620 0.341168 -1.897229
-0.012475 0.487475 2.869740
0.173110 0.147749 -2.243331
0.205672 0.124991 -2.327188
0.054477 0.455905 3.123840
0.469410 0.061070 -1.261785
0.485206 0.062881 -1.548155
-0.491396 0.280384 -1.457360
0.032079 0.484657 -3.108613
0.173215 0.148637 -2.194502
0.242242 0.231653 -2.536400
-0.025196 0.494941 3.031498
0.156245 0.440233 -2.910345
-0.481891 0.448905 -2.352941
-0.492001 0.418343 -2.462483
0.162801 0.161668 -2.010216
-0.465890 0.443258 -1.896978
-0.006182 0.491194 -3.040518
-0.495721 0.294927 -1.654382
0.475480 0.127186 -1.312765
0.016630 0.450014 1.641086
0.177379 0.137727 -2.218086
-0.015382 0.494571 -3.019099
-0.023478 0.494874 3.112178
0.037824 0.467418 -3.133381
-0.028496 0.496917 -3.083995
-0.020484 0.487033 -3.096114
-0.175387 0.182423 -2.667705
-0.497547 0.281877 -1.660553
-0.468754 0.444775 -1.874386
0.496296 0.036019 -1.559676
0.183759 0.140422 -2.026516
0.042008 0.496947 -2.814892
-0.496888 0.281185 -1.840843
0.372594 0.272689 0.833353
-0.019494 0.481263 3.113574
-0.472118 0.289252 -1.769998
-0.023457 0.492173 -3.024331
0.034299 0.483863 3.108984
-0.022369 0.498943 3.091547
0.350428 0.265294 0.768556
0.368616 0.270328 0.725848
-0.024019 0.485558 2.918422
-0.461379 0.462015 -1.665221
-0.012211 0.487131 2.994876
-0.026992 0.478385 3.055701
-0.485311 0.412662 -0.907879
-0.497696 0.415983 -2.031180
-0.482250 0.456692 -1.222988
0.355415 0.259727 0.806707
0.271273 -0.267381 -0.930203
0.497577 0.035754 -1.360104
0.153656 -0.411918 0.209506
-0.152613 -0.139437 1.902623
0.495997 0.051191 -1.607153
-0.021088 0.489042 3.021358
-0.480740 0.324853 -1.833843
-0.495597 0.422982 -2.080342
0.185109 0.137531 -2.086867
0.168534 0.379815 -2.517722
0.055408 0.483326 -3.016997
-0.028230 0.492507 -3.063053
-0.013508 0.499157 -3.041972
0.196825 0.128405 -2.069431
-0.484014 0.471117 -1.604784
-0.206631 0.476789 3.094989
-0.210357 0.454375 2.793911
-0.016028 0.496119 -3.061760
-0.465381 0.315910 -1.960949
0.180544 0.145325 -2.130560
0.240345 0.125882 -2.206912
-0.498520 0.283131 -1.505918
0.176703 0.136254 -2.129473
0.178805 0.157542 -2.496561
0.290573 -0.094971 1.514065
-0.031350 0.498235 3.069381
-0.479199 0.318918 -1.764369
-0.020970 0.484103 -3.132903
0.008636 0.485136 2.841378
-0.014337 0.498861 -3.016321
0.124839 -0.478574 -0.143367
-0.028240 0.499680 -3.008909
0.219303 0.169696 -2.031667
0.041058 0.462054 -2.759269
-0.026043 0.493680 -3.048379
-0.472447 0.463419 -1.405618
0.156135 -0.429469 0.388049
0.029088 0.477934 3.101742
-0.032687 0.495456 -2.884663
-0.029168 0.497558 3.089055
-0.019289 0.496658 3.016089
-0.016033 0.490612 2.886388
-0.212200 0.462765 3.114191
-0.472486 0.325314 -1.629427
-0.498958 0.407048 -0.959194
0.048406 0.487709 3.120747
-0.496244 0.349059 -1.399500
0.358989 0.269615 0.685393
0.042690 0.475498 2.882809
-0.486396 0.317269 -1.857680
0.446833 0.028883 -1.819099
0.160590 -0.324681 -1.712208
0.189245 0.124643 -2.295330
0.280606 -0.101243 1.363352
-0.030618 0.493286 2.902290
-0.488335 0.360384 -1.974140
-0.023503 0.493905 -2.970485
0.205285 0.128027 -2.141619
-0.492350 0.326418 -1.294754
0.348069 0.269008 0.755666
-0.024246 0.487911 -3.098330
-0.189487 0.462171 3.009977
-0.112798 -0.496003 -0.138154
-0.497414 0.303582 -1.484681
-0.460560 0.475053 -1.873301
-0.139954 0.338493 -3.068015
0.263079 0.154855 -1.979683
0.162160 -0.318452 -1.768516
0.495640 0.034450 -1.516414
-0.020160 0.499748 3.093321
0.067595 0.437216 -2.725085
-0.156599 0.152085 -2.975692
-0.467702 0.471710 -1.562853
-0.167399 0.164663 -3.011906
-0.482288 0.322117 -1.950006
-0.497529 0.358718 -1.530257
-0.008199 0.481112 -3.092488
0.241891 0.160810 -2.130319
-0.478349 0.469933 -1.720067
-0.154764 0.170106 -3.062092
-0.028631 0.490343 3.105888
0.008940 0.497470 3.048195
-0.017992 0.495324 3.107684
-0.496180 0.407586 -0.613909
0.062370 0.475363 -3.082314
0.354652 0.247873 0.878074
-0.022858 0.498096 2.972055
0.036866 0.472775 -3.003438
-0.017517 0.497799 -3.117923
-0.491946 0.321949 -2.011911
-0.019762 0.479717 2.972883
-0.022260 0.498014 -3.140347
0.451089 0.068238 -1.250310
-0.471870 0.071633 -2.573771
0.376583 0.248298 0.844376
0.231584 0.153218 -2.098333
-0.489107 0.287444 -1.583894
-0.203288 0.498605 -2.917481
0.429980 -0.025107 1.818193
-0.490462 0.298754 -1.498127
-0.021187 0.495214 2.731006
-0.168024 0.178443 -2.866484
-0.481959 0.284545 -1.859599
-0.026031 0.498966 3.034486
-0.482188 0.499318 -3.047455
-0.024660 0.499539 3.038331
-0.028994 0.495205 -2.923683
-0.149407 -0.138432 1.810482
0.340306 0.268384 0.736519
-0.023331 0.473912 3.035655
0.031373 0.473277 3.128904
0.478415 0.041224 -1.356164
-0.023952 0.496521 3.031043
-0.492314 0.280629 -1.553497
-0.023006 0.493442 -3.066010
0.492764 0.026890 -1.388148
-0.495623 0.296973 -1.490386
-0.489045 0.285440 -1.538802
-0.478562 0.290783 -1.737360
-0.486934 0.316859 -1.686128
0.222352 0.110351 -2.087753
-0.200070 0.450014 2.696703
-0.493900 0.288696 -1.606399
0.447815 0.057960 -1.012786
0.196102 0.117809 -1.985312
0.462250 0.063780 -1.518534
0.211917 0.112263 -2.050228
-0.022765 0.496905 -3.012126
0.246102 0.159376 -2.128842
0.096691 0.200216 1.175089
-0.456760 0.318841 -1.702133
0.486564 0.038065 -1.314796
0.149749 -0.408841 0.332727
0.440425 -0.020583 1.827029
-0.466985 0.447791 -2.029632
-0.472433 0.325225 -2.019882
0.224010 0.206312 -1.832735
0.311154 -0.107054 1.442980
0.054769 0.483129 -3.010420
0.186953 0.133454 -2.155076
0.055685 0.465487 -2.721937
-0.019680 0.498800 -3.025078
0.019516 0.467843 -2.836171
-0.474366 0.446291 -1.549876
-0.008010 0.489794 2.951662
-0.484371 0.450913 -2.682276
0.051499 0.480741 -3.120304
-0.499351 0.334334 -1.622646
-0.030744 0.490995 -2.907915
-0.493175 0.492553 -2.619636
0.495632 0.043820 -1.333148
-0.010680 0.492383 3.019151
-0.480854 0.430736 -2.261517
0.017366 0.492562 3.116884
0.369045 0.258511 0.919936
-0.484293 0.445991 -2.414596
0.188793 0.142841 -2.212683
