0.454976 0.498438 0.038248
0.430417 0.470114 -0.089418
0.225022 -0.334317 2.068959
0.331914 -0.469386 0.416135
0.413179 0.476862 0.092197
-0.111558 0.411075 -0.150209
0.452161 0.499507 -0.377808
0.493510 0.471038 3.005995
-0.497165 0.045405 -2.704663
0.319369 0.082797 -0.555028
0.458744 0.480807 -0.334318
0.452825 0.488862 -0.007573
0.066070 -0.115622 -1.077964
0.420577 0.484582 0.116627
0.474538 0.486529 -0.009063
0.484967 0.492611 0.037851
0.366404 -0.414264 0.560593
-0.496475 0.042185 -2.796497
0.359917 -0.298264 -2.460736
0.417976 0.468778 0.232399
0.439706 0.493681 -0.142558
0.431669 0.475004 0.027576
0.197370 -0.151324 -0.909416
0.496402 -0.491483 1.437523
0.424332 0.493361 0.019431
-0.016439 -0.387920 2.656360
0.420381 0.499468 -0.035592
0.207113 -0.133702 -0.612247
0.009867 -0.056901 -0.836819
0.245620 0.325100 0.026524
0.375583 0.484270 0.042305
0.487351 0.494455 -3.040469
0.484341 0.490466 3.071611
0.429941 0.486751 -0.115872
0.442498 0.201170 0.720994
-0.492550 0.056073 -0.237927
0.487769 -0.244099 -1.585163
0.480837 0.466006 0.077463
0.006116 -0.029213 -0.891571
0.495600 0.466144 -3.059647
0.447460 0.498053 -0.170360
0.368952 0.441525 0.031300
0.439458 0.497603 0.079941
0.452992 0.054091 -1.264637
0.006458 -0.352736 3.078634
0.451761 0.488199 0.130257
0.367765 0.478937 -0.060543
0.383040 -0.222790 -1.178306
-0.492243 0.061904 -0.810179
0.430896 0.486571 0.185559
0.387909 0.483131 0.106625
0.396078 0.493318 0.120668
0.461066 0.209019 0.549464
0.021636 0.498738 0.131664
0.407746 0.496303 0.051826
0.394069 0.496251 0.056664
0.431048 0.456227 0.069744
0.464463 0.494391 0.097116
-0.076281 -0.491745 2.994258
0.482393 0.482143 3.119283
-0.169030 0.007959 -1.175825
0.434681 0.491520 -0.105761
0.470691 0.460889 0.018277
0.346817 0.499940 0.125933
0.404521 0.468739 0.253628
-0.481917 0.080177 -1.737991
0.367580 0.482733 0.053871
0.418668 0.496056 -0.230479
0.417430 0.464350 0.254626
0.404051 0.497429 -0.001966
0.414782 0.487306 0.239432
0.371503 -0.405348 0.665880
0.210319 -0.375633 1.496397
0.244438 -0.373385 1.356377
-0.070758 -0.447437 2.926034
0.482187 -0.432428 -1.749896
0.480671 -0.474239 -1.883635
0.453071 0.499422 -0.039200
0.404799 0.498553 -0.176206
0.435889 0.488408 -0.160167
0.330345 0.497966 0.100457
-0.496217 0.026528 -0.205915
-0.456155 0.108791 -1.591929
0.488108 0.482750 3.022636
0.385704 0.462764 -0.403891
0.460188 0.482548 0.064081
0.339389 0.077706 -0.574917
0.457412 0.489868 -0.020343
0.416537 0.490863 0.215824
0.031667 -0.038334 -0.931641
0.463553 0.485102 0.097479
0.490328 0.486287 -0.004561
0.491590 0.491688 0.146181
0.445131 0.499743 0.096752
0.479575 0.453048 -3.015195
0.366234 0.486524 0.163065
-0.049820 0.098582 1.345188
0.394606 0.482841 0.123289
0.099691 -0.318039 1.825540
0.400926 0.475151 0.049813
-0.027069 0.417407 0.182627
0.499988 0.495639 0.230454
0.467758 0.494768 0.051095
-0.117017 0.410304 -0.134805
0.499994 0.459163 2.996512
-0.046268 -0.441419 3.087421
0.452297 0.485982 0.048360
0.481324 0.489807 -0.277302
0.475415 0.447909 3.042857
0.491084 -0.471662 -1.640320
0.463792 0.487715 -0.094300
0.433625 0.478352 0.159699
0.456018 0.491966 0.139380
0.195076 -0.350482 -2.714150
0.447303 0.458502 0.019583
0.400890 0.469478 -0.028740
0.427527 0.483529 -0.007191
0.371117 -0.385885 0.532156
0.241593 0.298090 0.247469
0.383312 0.474075 0.089132
0.444836 0.499500 0.195864
0.485064 0.473712 -2.819140
0.401539 0.463181 0.176107
0.483106 -0.182086 -0.625658
0.405163 0.480273 -0.243601
0.389873 0.468311 0.127227
-0.482602 0.076108 -1.933892
-0.112258 0.441429 -0.381452
0.366603 0.458593 -0.039544
0.389809 0.489762 0.049278
0.468695 0.475034 0.058178
0.409029 0.473430 -0.024563
0.040047 -0.048650 -0.891919
0.397762 0.475410 -0.090101
0.457162 0.475384 -0.185926
0.458702 0.486673 -0.070389
0.458767 0.482140 -0.000726
0.396868 0.481091 0.024784
0.484325 -0.483022 -1.611739
0.446394 -0.072383 -1.282206
0.469176 0.493867 -0.078509
0.385919 0.461593 -0.030850
0.485016 0.446581 -3.130906
-0.497912 0.025475 -0.091606
0.486765 0.480118 -2.954401
0.381280 0.451605 -0.109847
0.482280 -0.189278 -0.828751
0.376740 -0.403734 0.686006
0.099887 0.020717 -0.571322
0.405727 0.461721 -0.191579
0.459570 0.491934 0.185639
0.488242 0.479256 -2.915493
0.356081 -0.393112 0.684965
-0.086018 0.149441 0.811465
0.463345 0.494118 -0.046265
0.456943 0.495634 0.174693
0.370133 0.489985 -0.003296
0.408421 0.459585 0.075979
0.396376 0.497152 -0.085553
0.491697 0.470638 0.133604
-0.049361 0.123341 0.892385
0.410641 0.488500 0.079619
0.404481 0.465889 -0.076529
0.008091 0.387253 0.028416
0.380579 0.480970 -0.174527
0.423543 0.479764 0.116936
0.363020 0.411348 -0.123036
-0.087066 -0.145685 -2.684590
0.423324 0.487308 0.053698
0.484235 -0.444677 -1.610751
0.202455 -0.345430 -2.677441
-0.083684 -0.124922 -2.147150
-0.378552 -0.061026 -2.482851
-0.167821 -0.068641 -1.170618
0.461864 0.484128 -0.127386
0.391678 0.463990 -0.074926
0.435704 0.486479 0.149156
0.498975 0.071075 -1.991281
0.423152 0.490510 -0.120924
-0.499888 0.045793 -0.346115
-0.021667 0.468190 -0.106678
0.377046 0.470906 -0.164052
0.034028 -0.484628 2.903527
0.002734 -0.368904 2.775694
0.434064 0.491063 0.179017
0.006919 0.400489 -0.203563
-0.495916 0.039163 -2.562921
0.400244 0.482265 -0.105403
0.370303 0.492393 -0.028426
0.477501 0.462751 -3.137339
-0.488761 0.047786 -2.923072
0.451153 0.498639 0.146308
0.224239 -0.316100 -2.738772
0.436131 0.498589 -0.008015
0.387569 0.482725 -0.167675
0.267812 -0.323536 2.007017
0.421341 0.497762 -0.106379
0.467752 0.084486 -0.089447
0.432472 0.479098 0.045488
-0.343062 -0.008655 -2.108058
-0.005124 0.399632 -0.109530
-0.493523 0.050237 -1.676327
0.452866 0.475589 0.023288
0.495521 0.470238 -3.018386
0.445506 0.490200 -0.032605
0.436974 0.494538 0.080241
0.458847 0.498478 0.305268
-0.476559 0.022093 3.128423
0.369740 0.486417 -0.095443
0.400888 0.495618 0.033361
0.470523 0.497719 0.005352
0.497653 0.493399 0.048454
0.432624 0.499155 0.022145
-0.484078 0.056433 -1.727879
0.490927 0.457965 3.037435
0.476767 0.448892 3.141510
-0.019213 -0.037818 -1.056797
-0.138962 -0.224800 2.774156
0.409499 0.468692 -0.173806
0.401340 0.477923 0.177561
0.462231 0.461821 0.114814
0.463549 0.498853 0.047534
-0.149017 -0.041404 3.101611
0.398873 0.481865 -0.002715
0.138256 -0.321132 1.591562
0.403117 -0.439032 0.367637
0.394259 0.451211 -0.446225
0.433548 0.479256 0.083876
-0.492277 0.012044 -2.703572
0.245982 -0.357925 -2.564526
0.439558 -0.044625 -1.319419
0.028296 -0.026382 -0.898224
0.456793 0.490510 -0.066565
0.008830 -0.488510 2.614068
0.410905 0.468337 -0.033922
0.460743 0.495792 0.143230
0.459658 0.482858 0.072629
0.077128 -0.127211 -1.108293
0.378228 -0.448789 0.478727
0.442711 0.492775 -0.217278
0.454543 -0.494972 -1.612999
0.414533 0.497928 0.165422
0.377083 -0.389507 0.712151
0.450435 0.475517 0.017158
0.395359 0.487626 -0.333794
0.404012 0.437332 0.089840
0.329405 -0.435885 0.052521
0.401075 0.483699 -0.048262
0.231216 0.266917 0.285921
0.495493 0.457806 -0.099435
0.406554 -0.073639 -1.252151
-0.482230 0.054397 -1.826827
0.117059 -0.025712 -2.483404
0.396277 0.495320 0.088907
0.417867 0.499820 -0.188375
0.458260 -0.023100 -1.235014
0.480856 -0.493525 -1.641970
0.336712 -0.338602 -2.178202
0.496523 -0.480726 -1.595590
0.047698 -0.038675 -0.745533
0.385762 0.464513 0.006388
0.456031 0.490746 -0.032533
0.381315 0.499266 0.132098
-0.042099 0.166045 0.064264
-0.377401 -0.073212 -2.273706
0.472033 0.485190 -0.166063
0.484607 0.495552 0.053715
0.005176 0.495810 -0.044146
-0.167353 -0.046386 -1.154745
0.413337 0.474559 -0.072973
0.399465 0.494839 0.062527
0.387294 0.473203 -0.162475
0.096491 -0.324231 1.847196
0.388839 0.497902 -0.278400
0.371942 0.458357 -0.092798
0.452784 0.198242 0.503176
0.470374 0.466711 0.000075
0.418335 0.482148 -0.137728
-0.112747 0.412635 -0.361876
0.016851 0.397467 -0.187714
0.417778 0.485045 0.081562
-0.065043 -0.458795 2.875274
-0.338626 -0.104717 -2.151636
0.392213 0.459673 0.048672
0.285472 -0.375100 1.298495
0.445496 0.473990 -0.052130
0.375035 0.490022 -0.069172
0.498988 0.462681 0.065328
0.406673 0.496750 0.147520
0.453716 0.496624 -0.037929
0.406796 0.453752 0.116241
0.446018 0.496247 -0.054441
0.429706 0.480376 0.077060
0.443941 0.490838 0.089479
0.407042 0.474315 -0.067973
-0.014024 -0.037070 -1.168981
0.478563 0.481610 -3.081632
-0.490658 0.043374 -2.052470
0.416638 0.486506 -0.032354
0.472145 0.493813 0.170459
0.421889 0.494432 -0.076951
0.450098 0.499348 0.224731
0.499609 0.472128 2.828921
-0.049451 0.134494 0.529075
-0.498840 0.061074 -1.690835
-0.491391 0.056781 -1.713830
0.346974 -0.476746 0.245038
-0.492171 0.048516 -2.707827
0.354146 0.093959 -0.456772
-0.058682 -0.450434 2.826873
0.404763 0.455033 -0.000574
-0.020403 -0.031083 -0.995720
0.376780 -0.443676 0.337149
0.445876 0.496582 -0.013495
0.488876 0.470160 2.988597
0.433148 0.483332 -0.092403
0.395831 0.179833 -0.669523
0.481083 -0.469587 -1.762138
0.476580 0.483671 0.164856
0.397902 0.486756 -0.008644
0.238379 -0.362076 3.136327
0.389513 0.483910 -0.164990
0.386124 0.450573 0.099867
0.268947 -0.345736 1.320202
0.492705 0.441848 3.000739
0.407015 0.480672 -0.385844
0.450910 0.470191 0.340487
0.395780 0.474829 -0.032164
0.392528 0.491491 0.166872
-0.058427 -0.465755 2.731146
0.417440 0.483806 0.239670
-0.490352 0.062288 -1.923218
0.084739 -0.000767 -0.459535
0.262481 -0.357324 -2.151007
0.495639 0.485024 0.007212
0.489701 -0.473096 -1.659400
0.014651 0.392184 -0.097922
0.468364 -0.492809 -1.470535
0.387059 0.467895 -0.234772
0.474788 -0.472772 -1.660226
-0.498410 0.019641 -2.966575
0.441875 0.473887 -0.004211
0.473036 -0.247148 -1.514108
0.386729 0.490383 0.158131
0.380181 0.469953 0.106160
0.404434 0.492370 0.024649
-0.480800 0.078226 -1.584475
-0.487582 0.066159 -1.639284
-0.446255 -0.071945 -2.754315
0.399575 0.470582 0.077672
0.497534 0.493093 0.035434
0.400614 0.462290 -0.110184
0.382757 0.497211 -0.001627
0.463072 -0.044231 -1.600266
0.475147 0.486544 3.044954
0.383801 0.460161 0.054512
0.256039 -0.331278 2.231930
0.480022 0.468641 -0.040991
0.415537 0.496902 -0.048238
0.465112 0.484573 -0.173757
-0.154901 -0.045891 2.153854
0.457069 0.492893 0.057692
0.196964 -0.171249 -0.559527
0.407461 0.473974 -0.257672
0.395231 0.468657 -0.237288
0.187237 -0.354772 1.650456
0.475488 -0.484796 -1.483915
0.449932 -0.493267 1.683618
0.388698 0.480729 -0.125008
0.468581 -0.490051 -1.501943
0.067357 -0.105622 -1.074119
-0.494002 0.015685 -2.977577
0.372721 0.490891 0.165782
0.458497 -0.230736 -1.637868
0.092550 -0.322541 2.058118
-0.033607 0.156766 0.279444
0.377224 0.495113 -0.010139
0.368110 0.443324 -0.100748
-0.017033 0.401333 -0.078909
0.095256 -0.000657 -0.853829
0.198788 -0.345780 -2.704397
0.486689 0.482521 3.097030
0.378900 0.487745 -0.138527
0.391955 -0.096679 -2.712608
0.389340 0.455170 0.243585
-0.143504 -0.052611 3.026667
0.246371 0.193152 -0.595855
0.401332 0.478896 -0.063698
0.412416 0.466042 -0.163724
-0.061496 -0.127694 -2.553444
0.456838 0.499839 0.030452
0.480966 0.137373 -0.110424
0.495937 -0.490266 1.517391
0.469951 0.496730 -0.184322
0.393329 0.468942 -0.175947
0.008134 -0.020422 -0.882725
0.461996 0.174320 0.224894
0.491916 -0.463111 -1.712140
0.457399 0.483407 0.034341
0.475793 0.489640 0.326798
