0.484954 0.499585 -0.106025
0.460298 0.467435 0.123487
0.210687 -0.307963 2.486538
0.359353 -0.457259 0.135564
0.443051 0.479624 -0.021339
-0.081896 0.406586 -0.440017
0.480045 0.488440 -0.038261
0.463785 0.475094 3.038900
-0.475653 0.032710 -1.528204
0.344866 0.066988 -0.473842
0.487084 0.470964 -0.136429
0.482825 0.488634 -0.137462
0.080264 -0.142052 -1.145121
0.450373 0.488073 -0.008674
0.495463 0.486257 -3.015900
0.485054 0.493746 3.088002
0.391812 -0.398313 0.660418
-0.475294 0.032036 -1.674105
0.336606 -0.317148 -2.562716
0.447169 0.475688 -0.085767
0.469401 0.489418 0.030266
0.461657 0.475831 -0.183976
0.215796 -0.174998 -0.576616
0.499612 -0.461749 -1.331627
0.454326 0.493944 0.189372
-0.042976 -0.373928 2.767189
0.450362 0.498401 0.065200
0.231664 -0.150944 -0.856840
0.029962 -0.079176 -0.712309
0.275610 0.325895 0.312185
0.405556 0.485539 0.009563
0.457504 0.491427 0.092737
0.454415 0.492564 0.052671
0.459740 0.483283 -0.119130
0.465033 0.220974 0.554128
-0.463395 0.049003 -2.104464
0.487338 -0.274096 -1.715101
0.489253 0.468327 0.331080
0.024961 -0.052555 -1.035304
0.465701 0.463689 -2.916059
0.477026 0.492967 0.073236
0.398937 0.442464 0.070133
0.469362 0.499998 -0.109687
0.462034 0.025486 -1.068848
-0.023482 -0.350849 2.738897
0.481507 0.492096 -0.353397
0.397710 0.477121 0.123129
0.394515 -0.250509 -1.147022
-0.471562 0.040172 -1.653756
0.460380 0.492106 0.080923
0.417739 0.486324 0.025818
0.425860 0.496929 0.037124
0.486650 0.224686 0.468457
0.051376 0.497324 0.023272
0.437706 0.497857 0.060243
0.424021 0.497950 -0.063322
0.460975 0.458317 0.023180
0.494321 0.497300 -0.217974
-0.105956 -0.487341 2.902459
0.452401 0.482812 0.163124
-0.157487 -0.019731 -1.178621
0.464514 0.488354 0.059332
0.499314 0.461437 -3.016889
0.376579 0.496292 -0.282057
0.433561 0.476267 -0.023517
-0.486909 0.050595 -1.611730
0.397537 0.484349 -0.146621
0.447875 0.489203 0.142492
0.446463 0.471906 0.029778
0.434051 0.497370 -0.045186
0.443926 0.494420 0.205395
0.395094 -0.386816 1.028942
0.212549 -0.345716 1.462917
0.250821 -0.344072 -2.801655
-0.100064 -0.441020 2.914327
0.476843 -0.461949 -1.464728
0.471438 -0.497217 1.668286
0.483048 0.498246 -0.035770
0.434334 0.493294 -0.257423
0.465505 0.483623 -0.123918
0.360194 0.499026 -0.115364
-0.466850 0.020394 -2.365508
-0.456789 0.078798 -1.530006
0.458320 0.486310 -0.177248
0.413290 0.450974 -0.077610
0.490127 0.484470 -0.212218
0.364567 0.061393 -0.492512
0.487406 0.489257 0.087465
0.445841 0.497288 0.078930
0.049562 -0.062412 -0.911001
0.493411 0.488022 0.173928
0.479672 0.486151 2.941234
0.478730 0.496058 3.005710
0.474990 0.497359 -0.016128
0.449814 0.449266 2.936384
0.395836 0.491394 -0.137846
-0.043109 0.127822 1.158487
0.424378 0.486531 -0.016245
0.092131 -0.289008 1.863607
0.430889 0.476645 -0.020093
0.002432 0.422855 0.209496
0.470805 0.497508 -2.623254
0.497719 0.496300 0.300750
-0.087290 0.406272 -0.266867
0.470309 0.463500 3.093324
-0.076224 -0.439795 2.921863
0.482262 0.487432 0.125081
0.489822 0.481595 2.989136
0.445561 0.450866 2.835105
0.489000 -0.498410 1.608097
0.493659 0.484890 -0.035475
0.463244 0.483123 -0.032121
0.485727 0.496134 0.143045
0.167775 -0.362919 -2.914900
0.477297 0.459089 0.027485
0.430878 0.468615 0.109734
0.457527 0.483314 0.255118
0.396969 -0.370663 0.565255
0.270679 0.305438 0.305611
0.413193 0.476745 0.029031
0.474263 0.494662 -0.071024
0.456610 0.464205 0.083950
0.431075 0.468437 -0.067287
0.492577 -0.199655 -2.343393
0.434277 0.473037 -0.068248
0.419630 0.472118 -0.236695
-0.493257 0.048064 -1.555740
-0.084414 0.430261 -0.368191
0.396580 0.457407 -0.135841
0.419773 0.491240 -0.049339
0.498644 0.476779 0.013461
0.439020 0.472693 0.096757
0.058885 -0.071998 -0.949523
0.427640 0.472711 -0.221662
0.486644 0.469838 0.208576
0.488628 0.484563 0.103518
0.488767 0.482118 0.072283
0.426859 0.481835 0.062987
0.483097 -0.487003 1.533650
0.454932 -0.101143 -1.482929
0.499084 0.491514 -0.205163
0.415904 0.460667 0.218823
0.455017 0.446261 -3.108297
-0.468038 0.022730 -2.318897
0.457289 0.474535 -0.044743
0.411099 0.448316 0.159981
0.497446 -0.211391 -2.118071
0.399954 -0.384730 0.661388
0.125123 0.004495 -0.644186
0.435178 0.456009 -0.049791
0.489054 0.497471 0.240751
0.459005 0.472530 0.346464
0.379314 -0.374133 0.733674
-0.065365 0.171200 0.908063
0.493313 0.492731 0.108178
0.486486 0.499152 -0.158921
0.400132 0.489886 0.000489
0.438334 0.461862 -0.186043
0.426266 0.494588 -0.031171
0.478570 0.474634 0.468180
-0.030535 0.146698 0.946654
0.440546 0.490886 -0.005953
0.434393 0.463596 -0.044798
0.038079 0.388105 -0.014129
0.410123 0.475760 0.183461
0.453338 0.483264 -0.159780
0.392793 0.407666 -0.060436
-0.113988 -0.158923 -2.532086
0.453281 0.488918 0.089396
0.483037 -0.474654 -1.784703
0.175629 -0.358860 -2.790937
-0.100033 -0.150075 -2.664723
-0.402275 -0.079389 -2.485115
-0.156133 -0.096271 -1.420309
0.491621 0.480317 0.017407
0.421594 0.461744 -0.117378
0.465371 0.490937 0.171818
0.486729 0.043688 -1.903420
0.452933 0.486891 -0.142679
-0.471667 0.035616 -1.757193
0.008162 0.464996 -0.172390
0.406643 0.466006 -0.009440
0.004874 -0.477554 2.684898
-0.025281 -0.358171 2.859080
0.463584 0.496405 -0.120195
0.036300 0.394424 -0.427290
-0.478968 0.022756 -1.081710
0.430077 0.479108 0.290159
0.400291 0.491541 0.021486
0.447502 0.462624 2.916013
-0.481953 0.041282 -1.461069
0.480832 0.496988 0.091717
0.196640 -0.327861 3.023746
0.466130 0.498348 -0.131368
0.417148 0.477718 0.002101
0.255136 -0.296345 1.872488
0.451172 0.494576 0.159344
0.497632 0.081806 -0.118906
0.462441 0.480462 0.214248
-0.358415 -0.034428 -1.940389
0.024696 0.396352 -0.267909
-0.496683 0.020404 -1.833384
0.482858 0.476288 -0.075998
0.465749 0.466551 2.959921
0.475490 0.489222 0.116252
0.466877 0.496943 -0.020983
0.487460 0.492505 -0.188717
-0.493444 0.022488 -0.593374
0.399604 0.483558 -0.128614
0.430871 0.496619 -0.003679
0.499477 0.497880 -3.053590
0.472383 0.494852 0.761649
0.462617 0.499820 -0.028173
-0.488771 0.026803 -1.824700
0.461089 0.461084 2.989282
0.446767 0.448894 2.928879
-0.004463 -0.063941 -1.137110
-0.166960 -0.214024 2.614906
0.439047 0.463504 0.024987
0.430868 0.483222 -0.138621
0.492034 0.465257 0.069040
0.493515 0.499721 0.000544
-0.178993 -0.040205 2.875370
0.428873 0.481784 0.018210
0.137633 -0.291138 1.867448
0.431113 -0.428250 0.668413
0.421321 0.438265 -0.167616
0.463442 0.481769 0.218445
-0.480555 -0.000681 -0.573204
0.220840 -0.374293 -2.631184
0.447021 -0.073682 -1.312820
0.046986 -0.049849 -0.874064
0.486726 0.488514 0.017543
-0.017092 -0.473408 2.650880
0.440888 0.467320 0.185657
0.490436 0.499925 0.067103
0.489579 0.485035 0.000986
0.090514 -0.154060 -1.083662
0.404856 -0.434970 0.417190
0.472005 0.486308 0.379769
0.453278 -0.475055 1.309637
0.444123 0.497132 -0.017294
0.399792 -0.369904 0.796336
0.480430 0.476031 0.042718
0.423703 0.477797 0.213841
0.433891 0.440023 -0.012018
0.359364 -0.434310 0.117718
0.431040 0.482252 -0.020994
0.259998 0.275378 0.392824
0.474655 0.454828 0.187961
0.415952 -0.102129 -1.226674
-0.489827 0.025375 -1.578772
0.093326 -0.044063 -2.341502
0.426159 0.497984 -0.154420
0.447336 0.494202 -0.010263
0.468145 -0.051425 -1.550571
0.478723 -0.476551 1.691924
0.319589 -0.363236 -2.150687
0.495779 -0.489283 1.502906
0.069740 -0.059026 -0.894987
0.415762 0.464705 0.168595
0.486016 0.489770 0.201972
0.411053 0.496783 0.246399
-0.012161 0.167971 0.022667
-0.396794 -0.096100 -2.623022
0.498379 0.480231 3.079831
0.485436 0.497163 3.019408
0.035147 0.494486 0.325110
-0.155229 -0.073826 -2.685208
0.443258 0.472372 0.146668
0.429406 0.496714 0.105990
0.416899 0.468350 0.008662
0.088304 -0.295369 1.714655
0.417684 0.489657 -0.140658
0.401813 0.455578 -0.177901
0.479066 0.212708 0.611557
0.499626 0.466714 -3.085045
0.448051 0.478030 -0.002755
-0.084690 0.402014 0.000132
0.046324 0.391869 -0.159357
0.447678 0.487489 0.205669
-0.093985 -0.450900 3.056634
-0.355088 -0.129797 -2.242024
0.422178 0.461132 0.208195
0.293541 -0.346206 1.241879
0.475456 0.472426 0.322204
0.404963 0.487948 -0.155606
0.471076 0.464639 0.012047
0.436348 0.498840 0.199306
0.483694 0.495486 0.121776
0.436594 0.457231 -0.073905
0.475974 0.494614 -0.137176
0.459617 0.482686 -0.104654
0.473821 0.493519 -0.091649
0.436973 0.472277 -0.138725
-0.002292 -0.064680 -1.168842
0.448617 0.479812 0.165161
-0.495444 0.016787 -1.217614
0.446622 0.485535 0.013181
0.498290 0.498902 -3.096537
0.451801 0.492126 -0.174717
0.479344 0.493966 -0.120197
0.471064 0.481356 2.638107
-0.023553 0.149636 0.751975
-0.497568 0.031290 -1.309098
-0.495668 0.027087 -1.868593
0.376078 -0.469469 0.260742
-0.480608 0.035907 -1.651952
0.381071 0.080727 -0.556320
-0.087209 -0.441147 3.006425
0.434763 0.455016 0.063416
-0.004086 -0.056258 -1.015864
0.405091 -0.433752 0.408104
0.475873 0.496177 0.146261
0.459227 0.474732 -2.933713
0.463020 0.480564 -0.078624
0.419354 0.161214 -0.829443
0.475378 -0.499039 -1.813329
0.493827 0.488594 3.130409
0.427900 0.486497 0.061325
0.208379 -0.361918 -2.961551
0.419106 0.478983 0.007072
0.415974 0.453564 0.097252
0.276386 -0.316673 2.082575
0.463002 0.446060 2.966725
0.434809 0.469381 0.052096
0.479188 0.480210 0.078535
0.425765 0.473864 -0.216169
0.422111 0.496474 0.156740
-0.085935 -0.453785 2.691882
0.446582 0.490928 -0.001938
-0.499293 0.034132 -1.210958
0.111627 -0.014073 -0.731876
0.246035 -0.382414 2.722401
0.474362 0.485240 2.829211
0.487047 -0.497022 1.532809
0.044507 0.389251 -0.064593
0.471367 -0.477342 1.485462
0.416236 0.460916 -0.353426
0.472109 -0.497348 1.873597
-0.472048 0.014417 -0.490323
0.471875 0.473761 0.037443
0.474736 -0.277100 -1.498993
0.416355 0.495107 -0.054016
0.410013 0.473132 -0.030434
0.434425 0.493109 0.085106
-0.481211 0.048228 -1.690148
-0.489635 0.036229 -1.816719
-0.474033 -0.083275 -2.788668
0.429485 0.472910 -0.191641
0.472485 0.494155 0.410194
0.430432 0.458991 -0.148925
0.412757 0.497162 0.230898
0.462188 -0.074218 -1.389431
0.445287 0.489439 -0.083427
0.413756 0.461796 -0.101954
0.237619 -0.307600 1.756561
0.490003 0.467412 3.070331
0.445502 0.495455 -0.097235
0.494660 0.479387 -0.018139
-0.171418 -0.020848 -3.061946
0.487019 0.494623 -0.206599
0.222389 -0.187173 -0.848807
0.436470 0.466329 -0.185474
0.424390 0.461605 -0.105848
0.184850 -0.324867 -2.796153
0.478091 -0.485317 1.496446
0.446555 -0.463457 -1.651965
0.418464 0.476989 0.063698
0.470645 -0.480021 1.662864
0.081652 -0.131997 -1.189470
-0.476401 0.010787 -0.570405
0.402309 0.495841 -0.055026
0.456487 -0.260669 -1.589177
0.078502 -0.296033 1.683622
-0.004771 0.165040 0.012340
0.407222 0.494809 -0.050453
0.397958 0.440307 -0.058533
0.012873 0.398969 0.197791
0.114969 -0.023271 -0.391452
0.171610 -0.358482 3.126439
0.456718 0.483858 0.357431
0.408612 0.483602 -0.162837
0.364673 -0.109157 -2.580206
0.418454 0.462405 -0.163634
-0.173306 -0.049171 3.009468
0.271201 0.176316 -0.692450
0.431272 0.476986 0.187399
0.442015 0.461153 -0.123179
-0.086455 -0.144338 -2.330278
0.486825 0.499248 -0.141361
0.489217 0.134067 3.060408
0.497538 -0.460309 -1.531428
0.499443 0.491232 -0.023788
0.422866 0.463691 -0.317518
0.027186 -0.043596 -0.962892
0.491241 0.181010 0.270048
0.487690 -0.492812 -1.598280
0.487381 0.484437 0.095844
0.495794 0.499271 3.027529
