-0.483801 -0.287083 1.331160
0.069252 -0.418221 0.170066
-0.024412 0.311581 0.993844
-0.490105 -0.426231 0.646892
-0.478331 -0.217039 1.606127
0.128136 -0.479063 -0.139905
0.125895 -0.469838 0.147188
-0.465321 -0.257591 1.575234
-0.306048 0.496061 3.075781
-0.124328 -0.017334 -2.258665
0.083078 -0.387826 -0.258512
-0.470305 -0.205280 1.612994
0.129806 -0.462275 -0.114957
-0.468489 -0.235358 1.566657
-0.230541 0.340142 2.786164
-0.278862 0.296717 -2.863585
-0.146156 -0.002806 -2.259033
-0.444249 -0.434017 0.615899
-0.310216 0.479475 2.980045
0.134501 -0.439285 0.043032
-0.458352 -0.262866 1.649503
-0.300526 0.449901 3.101033
-0.474198 -0.213620 1.657773
0.040251 -0.465284 0.025807
0.313137 -0.482829 0.900282
-0.468704 -0.265031 1.699905
-0.459435 -0.265884 1.699552
0.129649 -0.486068 0.071285
-0.280310 0.287034 -3.030708
-0.460992 -0.212623 1.489240
-0.462508 -0.259319 1.521582
-0.108161 0.355116 1.166763
-0.470470 -0.275167 1.367167
0.055808 -0.436476 -0.197074
0.000498 0.293275 0.830089
-0.371748 0.423672 0.978606
-0.479073 -0.193665 1.313324
0.474032 -0.046774 -1.759475
0.110970 -0.241837 0.542292
-0.236552 0.275613 -2.761699
-0.488887 -0.290000 1.599434
-0.472307 -0.216923 1.351406
0.148187 -0.487786 0.077922
0.151289 -0.442446 -0.052785
-0.086817 0.337876 1.299014
0.145408 -0.494734 -0.003751
0.127377 -0.478465 -0.058913
-0.470996 -0.216819 1.455118
-0.311822 0.484480 2.975455
-0.465207 -0.262373 1.780977
-0.243234 0.472070 2.968424
-0.280312 0.442292 -3.015656
-0.280562 0.398173 -2.810418
-0.485380 -0.272330 1.297906
-0.248539 0.266395 -2.984682
-0.458285 -0.260512 1.496675
-0.454987 -0.228116 1.476463
-0.478268 -0.191955 1.730514
-0.464904 -0.275839 1.516958
0.151235 -0.468576 0.186008
-0.123861 -0.007135 -2.518678
-0.454047 -0.272261 1.742590
-0.460629 -0.216476 1.595717
0.028292 -0.468564 -0.052269
-0.447934 -0.261643 1.721515
-0.417437 -0.433045 0.958499
-0.303886 0.460206 -2.994828
-0.223089 0.475621 3.004125
-0.240791 0.263169 -2.783099
-0.486476 -0.353916 1.720969
0.146896 -0.449424 0.038598
0.142174 -0.493764 -0.231590
-0.305446 0.463867 2.992632
-0.125130 0.004094 -2.248741
0.086436 -0.379651 -0.049957
-0.486611 -0.210552 1.419863
0.050381 -0.484591 0.079654
-0.176915 0.334509 2.214769
-0.496019 -0.362302 1.732201
0.011873 0.273564 0.723742
-0.002046 -0.060632 -1.857860
-0.263853 0.246877 -3.130084
-0.112541 -0.016491 -2.215200
0.474932 -0.144810 -1.106887
-0.459675 -0.286814 1.686416
0.101393 -0.404248 -0.045766
-0.222079 0.297457 -3.117093
-0.272805 0.251654 -2.970769
-0.188842 0.320285 2.767623
-0.189507 0.342826 2.260749
-0.488940 -0.264879 1.229073
-0.440045 -0.256806 1.926589
0.206995 0.051602 -2.873809
0.215824 0.038560 -2.854853
-0.451316 -0.264260 1.673814
-0.439087 -0.234782 1.685239
0.369266 -0.197542 -1.988282
0.094365 -0.462767 -0.252532
-0.478458 -0.281386 1.476851
0.119231 -0.238789 0.598672
-0.454505 -0.274232 1.497621
-0.446726 -0.267976 1.571915
-0.468462 -0.223183 1.625817
-0.071554 0.314865 0.959766
-0.050897 0.339576 0.528102
0.140998 -0.477526 0.230385
0.124427 -0.477090 0.129319
-0.085122 0.335415 1.393840
-0.482548 -0.276640 1.473908
0.085125 -0.368159 -0.152864
-0.134280 0.371977 2.060240
-0.470563 -0.268575 1.466456
-0.280291 0.453482 -2.810252
-0.261254 0.461425 -3.108705
-0.477772 -0.285438 1.393099
-0.462668 -0.228256 1.349404
-0.491412 -0.350654 2.093389
0.128606 -0.446407 0.052073
-0.291760 0.462978 -2.886513
0.143595 -0.461114 0.141812
-0.472283 -0.220613 1.640554
0.048851 -0.452891 -0.136150
-0.494013 -0.347697 1.670583
-0.270413 0.420529 -2.968930
-0.442408 -0.263276 1.897316
-0.462260 -0.226951 1.470230
-0.022105 0.309758 0.917629
0.135834 -0.479669 0.063862
-0.298500 0.439474 3.113908
-0.070092 -0.061652 -2.113550
0.136971 -0.446145 0.043371
-0.480758 -0.223229 1.710045
-0.471629 -0.202066 1.719338
-0.461819 -0.253933 1.354252
-0.293089 0.460102 2.863433
0.146406 -0.477055 -0.056839
-0.434321 -0.263531 1.770137
-0.228223 0.303638 3.085817
0.138276 -0.439771 0.170736
-0.240794 0.282185 -3.088250
-0.258542 0.259260 -2.714092
0.130389 -0.451896 -0.020491
-0.465072 -0.220115 1.417573
-0.122987 -0.017092 -2.488758
0.150280 -0.469983 0.062732
-0.484529 -0.356549 1.711039
0.128654 -0.478737 0.071812
-0.448820 -0.236089 1.449275
0.466473 -0.059601 -1.559068
-0.462421 -0.195190 1.463263
-0.471614 -0.262442 1.361379
-0.490433 -0.192361 1.535251
0.143915 -0.485201 0.075552
0.143264 -0.459413 0.152916
-0.475826 -0.214198 1.525767
-0.297091 0.268562 -2.731268
-0.457402 -0.273277 1.692594
-0.260469 0.254764 -2.922394
-0.111231 -0.001483 -2.304793
-0.250384 0.440283 3.102107
-0.465136 -0.220735 1.582588
0.134329 -0.465679 0.026320
0.053693 -0.456346 0.085555
-0.180361 0.393551 2.537559
-0.200963 0.401744 2.498632
0.048917 -0.445464 -0.088671
-0.213374 0.377155 2.673955
-0.283938 0.453998 -2.878344
-0.377110 0.438343 0.814196
-0.291057 0.400774 -2.999307
0.149285 -0.490388 0.433918
-0.048123 0.319574 0.713780
0.153764 -0.465573 0.244212
-0.046066 0.339733 1.091248
-0.461061 -0.204710 1.545998
-0.316334 0.427883 3.064636
-0.456922 -0.263153 1.568327
-0.480429 -0.210061 1.686896
-0.452729 -0.258155 1.418385
-0.247227 0.357576 2.448029
-0.493939 -0.205298 1.687376
-0.251377 0.436169 3.119979
-0.450903 -0.231865 1.551824
-0.296686 0.410514 -3.029812
-0.272111 0.270375 -2.670278
-0.465504 -0.279099 1.482544
-0.114954 -0.012180 -2.719842
-0.101047 -0.010796 -2.387275
0.085221 -0.226899 0.619304
-0.016726 0.262052 0.600735
-0.249675 0.487009 -2.951294
0.125851 -0.470827 0.203774
-0.465927 -0.204528 1.566009
0.026434 0.276469 0.402904
-0.489509 -0.285927 1.308766
-0.014995 0.304631 0.635363
0.153155 -0.498193 0.115848
-0.275903 0.448335 3.076083
-0.164679 0.348411 2.201067
-0.495417 -0.279608 1.659884
-0.052319 0.322994 1.098318
-0.124303 -0.027073 -2.414845
-0.480154 -0.287714 1.437773
-0.035771 0.320825 0.658111
-0.477039 -0.215139 1.440086
-0.490640 -0.283911 1.809649
-0.258725 0.269725 -3.016882
-0.284588 0.496331 -3.043887
0.193214 -0.137004 -2.043156
-0.289803 0.491425 2.862380
0.125333 -0.454735 0.016042
0.105841 0.015233 -2.631482
0.202823 0.080604 -1.023236
-0.310860 0.499450 -2.853446
-0.285133 0.317749 -2.975324
0.152008 -0.491726 0.208420
0.066519 -0.473441 -0.133047
-0.117168 -0.032332 -2.669072
0.454786 -0.057863 -2.070197
-0.477511 -0.283510 1.437843
-0.289147 0.273979 -2.706103
0.111590 -0.494288 0.139758
-0.275595 0.269893 -2.996681
0.148421 -0.474401 -0.077898
-0.070375 0.327724 1.009169
-0.476976 -0.340426 1.967891
-0.333318 0.362940 -2.978597
-0.089009 -0.003052 -2.713268
-0.455749 -0.235848 1.378549
-0.301633 0.490954 -3.071415
-0.483246 -0.231914 1.667023
-0.061032 -0.053402 -2.087047
-0.483699 -0.262221 1.615424
-0.309297 0.413660 -3.025232
-0.480043 -0.208208 1.475754
-0.026045 0.299053 0.782888
-0.246073 0.258209 -2.718539
0.152358 -0.475158 -0.095511
0.055431 -0.375920 -0.260133
-0.279327 0.259332 -2.693076
0.089623 -0.409517 0.147278
-0.294737 0.497766 2.641148
-0.068988 0.324926 1.160340
-0.472484 -0.267655 1.572564
-0.472175 -0.272044 1.607346
-0.110681 -0.041406 -2.307128
0.091334 -0.424103 -0.060791
-0.269877 0.311019 -2.903955
-0.461798 -0.254062 1.518497
0.109791 0.038487 -2.743944
-0.053139 0.323743 1.305465
0.138897 -0.496298 -0.144646
-0.219970 -0.430629 -1.705649
0.458103 -0.050899 -1.662367
-0.466945 -0.273327 1.684770
0.083919 -0.402207 0.093735
0.150026 -0.463772 -0.198631
-0.296928 0.442900 -3.130847
-0.471658 -0.279662 1.485078
-0.456345 -0.254658 1.631600
0.064150 -0.396522 -0.254867
-0.193745 0.319991 2.861818
-0.258963 0.459109 -3.141311
-0.194977 0.364439 2.528271
0.126734 -0.487074 0.009060
-0.235818 0.297561 -2.882743
-0.470151 -0.261016 1.585913
-0.280844 0.299310 -3.138306
-0.461686 -0.205892 1.600793
0.142625 -0.473808 -0.019514
-0.446817 0.002881 1.782832
-0.471320 -0.202226 1.614949
0.087693 -0.405594 0.124235
-0.455257 -0.258225 1.671403
-0.482892 -0.344484 1.939713
-0.328287 0.381656 3.101420
-0.469236 -0.277929 1.723463
-0.462072 -0.277933 1.494450
-0.272021 0.470389 3.122418
-0.012918 0.285012 0.658031
-0.260557 -0.356156 1.138868
-0.452349 -0.226181 1.684664
-0.299254 0.432510 -3.106194
0.054850 -0.462668 -0.016445
0.140904 -0.491613 0.254345
-0.157456 0.348614 2.295605
-0.057252 -0.054146 -1.801110
-0.463604 -0.214423 1.462076
-0.449463 -0.222266 1.528094
-0.306004 0.478378 -2.957847
0.050135 -0.221198 1.163296
-0.455960 -0.231364 1.710152
-0.019606 0.304924 0.566132
0.088982 -0.414281 -0.123652
-0.482449 -0.274704 1.537872
0.134652 -0.469981 -0.030535
-0.453679 -0.271918 1.601612
-0.464417 -0.244485 1.605102
-0.076765 0.336142 1.032606
-0.487855 -0.361070 1.297376
-0.492807 -0.280845 1.641228
-0.044146 0.291392 0.694465
-0.247199 0.374506 2.159770
0.453298 -0.061996 -1.640620
-0.490477 -0.361862 1.917218
0.361133 -0.182365 -1.965085
-0.449015 -0.268407 1.721104
-0.273117 0.281267 -2.861779
-0.454648 -0.230961 1.600038
-0.451900 -0.219765 1.577484
0.084255 -0.498991 0.201674
0.138232 -0.499272 -0.219804
0.140932 -0.492449 0.152770
-0.277759 0.303649 -2.939248
-0.273084 0.305698 -3.043092
-0.472374 -0.197948 1.929313
0.475791 -0.145538 -0.827329
-0.040573 0.314283 0.734173
-0.291173 0.474154 2.937388
-0.487106 -0.361507 1.843621
-0.451324 -0.257863 1.439992
-0.275293 0.472504 3.092887
-0.220906 0.469912 -3.006285
-0.452278 -0.213204 1.465478
-0.461973 -0.216124 1.469187
-0.441244 -0.236167 1.747447
-0.270223 0.277350 -2.870698
-0.205018 0.298654 2.929878
0.096421 -0.430960 -0.051047
-0.460152 -0.219106 1.443986
-0.478117 -0.283815 1.572818
-0.108309 -0.007581 -2.513916
-0.243763 0.283003 -2.935510
0.151189 -0.477739 -0.081062
-0.485542 -0.278543 1.471826
-0.016644 0.310180 0.872078
-0.488334 -0.283712 1.683490
0.145171 -0.465034 0.090403
-0.470639 -0.281552 1.338039
0.152670 -0.466458 0.274986
-0.303465 0.496588 2.808450
0.152225 -0.485589 0.329130
-0.276979 0.296534 -2.935031
-0.449036 -0.271759 1.602583
-0.228958 0.274809 2.999611
0.128130 -0.490399 0.159115
-0.468843 -0.204720 1.459306
0.135655 -0.480037 0.154552
-0.474765 -0.213797 1.374717
-0.445047 -0.280776 1.806066
-0.463630 -0.276819 1.540480
0.126091 -0.462057 -0.168874
-0.489230 -0.216671 1.567190
-0.478048 -0.221447 1.794052
-0.468698 0.487013 1.221430
-0.476439 -0.223732 1.228586
-0.219093 0.296747 2.944829
-0.499261 -0.340640 1.562569
-0.258543 0.256390 -2.834810
-0.496908 -0.199716 1.565301
0.088092 -0.415325 -0.123224
-0.296955 0.487488 3.020469
-0.227425 0.293789 3.066516
-0.460876 -0.211243 1.532256
-0.302756 0.461632 3.132182
-0.253325 0.260840 -2.818905
-0.243680 0.263009 -3.031934
0.206007 0.067471 -2.851837
0.123115 -0.476653 0.052502
-0.469157 -0.215326 1.404846
-0.097995 -0.024702 -2.613388
-0.277457 0.480288 3.023607
-0.196003 0.318291 2.519744
0.008405 0.271046 0.478034
-0.450861 -0.226474 1.452777
-0.288156 0.296141 3.123306
0.476801 0.014737 -1.267713
-0.246037 0.424472 3.103697
-0.482623 -0.262682 1.631370
-0.434513 -0.487280 0.993717
-0.274532 0.272413 -2.879069
-0.487080 -0.265173 1.370597
-0.452451 -0.202172 1.620606
-0.298535 0.444450 -2.879717
0.152407 -0.443548 0.056224
-0.285431 0.465458 -3.025100
0.097171 0.042302 -3.021950
0.143632 -0.479913 0.156453
-0.222299 0.457082 2.965668
-0.096857 -0.011771 -2.110969
-0.045492 0.324771 0.872796
-0.476100 -0.191445 1.362539
-0.467226 -0.208965 1.444764
-0.130804 0.351990 1.870562
0.081630 -0.480408 -0.267231
-0.467456 -0.207744 1.208297
0.025557 0.064786 -0.832516
0.221347 0.089056 -0.487293
0.480773 -0.156861 -0.839858
-0.242087 0.365202 2.313724
