-0.484163 -0.109760 1.608672
0.247250 -0.423490 0.034595
0.106321 0.432276 0.643008
-0.356816 -0.306633 0.870476
-0.477404 -0.038864 1.764053
0.304297 -0.471440 -0.010757
0.305039 -0.462669 0.085107
-0.482777 -0.078855 1.334640
-0.485068 0.489706 2.911255
-0.269827 -0.120554 -2.660735
0.260282 -0.408982 -0.092666
-0.458332 -0.026098 1.909264
0.306977 -0.456843 -0.085081
-0.471685 -0.056154 1.483866
-0.362737 0.456317 2.348172
-0.452623 0.255996 -2.792753
-0.280762 -0.121298 -2.433093
-0.301170 -0.325224 0.663980
-0.489232 0.495013 -3.086138
0.313269 -0.428573 0.011667
-0.470978 -0.085434 1.414492
-0.480198 0.451440 -3.053695
-0.470770 -0.035261 1.656204
0.216894 -0.478485 -0.379486
0.385151 -0.319421 1.291157
-0.483168 -0.086352 1.880235
-0.488887 -0.090502 1.701531
0.308403 -0.477382 0.127620
-0.452051 0.236241 -2.952121
-0.459763 -0.033220 1.493496
-0.473525 -0.081331 1.715149
-0.059056 0.472526 -1.242586
-0.470890 -0.096625 1.614698
0.230699 -0.471965 -0.322318
0.132848 0.413426 0.745904
-0.445962 0.480661 3.099062
-0.479737 -0.019074 1.439404
0.439693 -0.222304 -1.578941
0.281645 -0.190544 0.577059
-0.406051 0.220851 -2.996274
-0.487851 -0.110501 1.556710
-0.465507 -0.038264 1.416430
0.327066 -0.482458 0.055031
0.328444 -0.433105 -0.116536
-0.033778 0.491199 -1.149267
0.324976 -0.497663 -0.185441
0.306531 -0.477978 -0.184659
-0.469801 -0.037253 1.722832
-0.488486 0.496246 -3.124404
-0.489929 -0.088027 1.675506
-0.421418 0.460853 -3.092491
-0.458259 0.432341 3.135739
-0.453538 0.350758 -2.945677
-0.487601 -0.095437 1.501642
-0.421376 0.222212 -2.701890
-0.456777 -0.081802 1.643258
-0.459177 -0.049957 1.435830
-0.493332 -0.012851 1.615731
-0.459951 -0.097443 1.619567
0.330099 -0.453133 -0.046104
-0.268822 -0.111811 -2.510007
-0.456970 -0.092821 1.713046
-0.483830 -0.038685 1.344716
0.205041 -0.488396 -0.088808
-0.468370 -0.083396 1.834565
-0.285376 -0.313780 0.567853
-0.480453 0.474001 -3.107755
-0.400341 0.460151 2.998377
-0.414401 0.216899 -2.960403
-0.499444 -0.174834 1.515904
0.325699 -0.437254 0.152971
0.318643 -0.478308 0.145874
-0.483015 0.481429 -2.979020
-0.258563 -0.114902 -2.282165
0.264582 -0.390777 -0.121960
-0.496294 -0.032931 1.694769
0.229281 -0.485645 -0.150469
-0.321053 0.438979 2.400788
-0.493826 -0.184155 1.515372
0.138193 0.401104 0.656858
-0.058480 -0.231444 -1.743819
-0.434447 0.194682 -2.843184
-0.253514 -0.125569 -2.485133
0.470443 -0.309456 -1.841488
-0.475604 -0.108962 1.866300
0.279783 -0.417094 -0.164127
-0.400473 0.298328 3.068371
-0.444899 0.217834 -2.761679
-0.351539 0.392232 2.443693
-0.330487 0.450585 2.280006
-0.469396 -0.090380 1.889378
-0.468990 -0.080894 1.626443
0.046325 -0.027391 -2.442126
0.066163 -0.058236 -2.228069
-0.471952 -0.086000 1.865132
-0.466381 -0.058345 1.520670
0.266631 -0.343880 -2.123294
0.270816 -0.480210 0.034686
-0.471338 -0.102225 1.677292
0.282205 -0.186170 0.567543
-0.463884 -0.094984 1.664629
-0.465739 -0.090120 1.512734
-0.462211 -0.044971 1.718915
0.051058 0.443504 0.824756
0.080643 0.458508 0.853896
0.318828 -0.463207 -0.024134
0.303064 -0.457506 0.153490
-0.037925 0.494600 -0.971771
-0.485168 -0.097662 1.605410
0.261041 -0.397656 -0.223683
-0.165715 0.453969 -2.900779
-0.458116 -0.091358 1.421803
-0.456687 0.426717 -3.088174
-0.438206 0.441954 3.065920
-0.478989 -0.108790 1.684351
-0.468606 -0.051365 1.709597
-0.495220 -0.179024 1.473508
0.307800 -0.441500 0.096921
-0.468578 0.442525 3.111182
0.321274 -0.442577 0.297950
-0.475828 -0.041761 1.643668
0.227292 -0.472918 -0.099200
-0.497053 -0.169694 1.620241
-0.448642 0.400967 -3.100300
-0.460675 -0.087072 1.706479
-0.472590 -0.048901 1.478510
0.120265 0.415572 0.764481
0.313309 -0.483236 0.076433
-0.474016 0.428599 -3.039783
-0.179392 -0.203075 -2.210289
0.316280 -0.441145 -0.046652
-0.495356 -0.044962 1.719140
-0.473772 -0.025204 1.801772
-0.458776 -0.075865 2.013652
-0.470529 0.470004 -3.072293
0.326083 -0.476603 -0.129530
-0.447027 -0.085233 1.665513
-0.407611 0.308675 -3.083083
0.316300 -0.432471 -0.089863
-0.418155 0.260544 -3.090418
-0.430216 0.213474 -2.935996
0.309511 -0.441179 0.043048
-0.476619 -0.044782 1.763294
-0.267401 -0.122679 -2.365313
0.329094 -0.456312 -0.006124
-0.486920 -0.179725 1.323389
0.306641 -0.476961 -0.111446
-0.433158 -0.056962 1.592516
0.431618 -0.234928 -1.834919
-0.480283 -0.018428 1.697968
-0.463320 -0.085305 1.669143
-0.498527 -0.015199 1.599885
0.322288 -0.464132 -0.076558
0.319319 -0.433969 0.084178
-0.479426 -0.034602 1.548645
-0.464622 0.205224 -3.092598
-0.484515 -0.096097 1.570247
-0.433483 0.209843 -2.985439
-0.230496 -0.133145 -2.448352
-0.429523 0.445845 -3.062214
-0.469149 -0.042065 1.736630
0.313221 -0.470530 0.260334
0.232604 -0.465904 -0.082990
-0.302591 0.482233 -2.288141
-0.329015 0.476187 -1.864025
0.226540 -0.467644 0.190025
-0.347341 0.489837 2.287765
-0.460531 0.424161 3.080416
-0.451399 0.499296 -3.019694
-0.459437 0.342334 -2.624372
0.321499 -0.497135 -0.065711
0.090728 0.432567 0.594960
0.332100 -0.457918 0.226306
0.074197 0.470610 0.945326
-0.464581 -0.025159 1.591960
-0.495536 0.422137 3.021134
-0.467606 -0.084691 1.719776
-0.479796 -0.031073 1.484137
-0.480725 -0.085809 1.684381
-0.387618 0.462752 2.895092
-0.499259 -0.026855 1.712773
-0.429760 0.435716 3.106351
-0.446008 -0.053425 1.896250
-0.470792 0.374886 -2.640899
-0.436608 0.203891 -2.592149
-0.485201 -0.103294 1.685923
-0.248343 -0.125697 -2.606184
-0.240293 -0.123725 -2.439474
0.250475 -0.158426 0.253787
0.125806 0.370173 0.783678
-0.427205 0.472012 3.098876
0.304756 -0.468276 -0.106824
-0.438750 -0.027397 1.685712
0.168403 0.379351 0.726331
-0.495589 -0.108219 1.405777
0.134322 0.400203 0.590309
0.332585 -0.489798 0.090791
-0.454024 0.430465 -2.919621
-0.294352 0.470242 2.404319
-0.486867 -0.102033 1.677344
0.069240 0.453275 0.596417
-0.271758 -0.128491 -2.531797
-0.488749 -0.109226 1.354777
0.094696 0.442790 0.877182
-0.470583 -0.038284 1.834690
-0.495127 -0.106168 1.671449
-0.434322 0.234707 -2.690829
-0.462942 0.494664 -2.901972
0.229107 -0.275151 -0.687092
-0.467161 0.495774 3.019837
0.304582 -0.448539 -0.093581
-0.017827 -0.111205 -2.384847
0.205523 -0.093585 -1.609777
-0.486546 0.489714 3.076791
-0.461097 0.282233 -2.810974
0.330773 -0.491791 -0.005820
0.245847 -0.483833 0.128296
-0.264330 -0.135169 -2.624375
0.431635 -0.232765 -1.482589
-0.480057 -0.106759 1.426611
-0.463667 0.234974 -2.761980
0.290757 -0.481838 0.046337
-0.448799 0.226228 -3.103734
0.326402 -0.456088 0.248212
0.047023 0.460862 0.772110
-0.490235 -0.165458 1.325414
-0.494132 0.317123 -0.391235
-0.220389 -0.121814 -2.417128
-0.441580 -0.059127 1.604791
-0.480363 0.496104 3.133753
-0.474485 -0.054283 1.442203
-0.167746 -0.197513 -2.423597
-0.499659 -0.084133 1.788786
-0.484394 0.377556 -2.532090
-0.475007 -0.029767 1.415346
0.118833 0.400834 0.833369
-0.415823 0.204763 -2.971351
0.331745 -0.467604 -0.150639
0.229742 -0.413157 -0.297412
-0.450036 0.207591 -2.715475
0.268185 -0.408783 -0.058289
-0.468119 0.487938 -3.023385
0.046077 0.459345 0.664717
-0.479474 -0.090681 1.590384
-0.488534 -0.093298 1.560758
-0.253026 -0.147969 -2.528541
0.269095 -0.441428 -0.194273
-0.442618 0.269249 -2.969093
-0.473876 -0.076785 1.774533
-0.045221 -0.042356 -2.512635
0.055174 0.463425 0.773350
0.316634 -0.482295 0.017810
-0.231516 -0.390059 1.804262
0.429997 -0.227413 -1.944844
-0.475704 -0.094403 1.671443
0.262517 -0.407393 -0.037329
0.327887 -0.459629 0.209515
-0.470460 0.416164 -2.900220
-0.479520 -0.101051 1.884884
-0.453099 -0.077279 1.779108
0.242712 -0.414659 0.046204
-0.355893 0.390271 2.394315
-0.436328 0.446133 -2.997659
-0.331098 0.479950 2.039793
0.306309 -0.493402 0.016797
-0.413871 0.292258 -3.051008
-0.475925 -0.081684 1.830711
-0.458363 0.289752 -2.865310
-0.452073 -0.027744 1.839151
0.320962 -0.459120 0.271581
-0.479122 0.178843 1.652556
-0.486849 -0.024539 1.673158
0.266001 -0.404431 -0.070531
-0.475294 -0.080514 1.878214
-0.488885 -0.171536 1.753985
-0.499497 0.336931 -0.440065
-0.461732 -0.099380 1.868512
-0.478800 -0.100489 1.926398
-0.451677 0.464483 3.083021
0.125301 0.399422 0.810877
-0.172687 -0.199941 0.941324
-0.474843 -0.047965 1.425597
-0.476854 0.410490 -2.994117
0.233650 -0.471461 0.102439
0.318904 -0.471398 -0.393562
-0.276305 0.481380 2.557546
-0.151515 -0.202554 -2.163771
-0.459310 -0.038474 1.609274
-0.449289 -0.042528 1.592522
-0.482291 0.485938 2.879402
0.069288 -0.046943 1.645940
-0.449511 -0.052539 1.411612
0.126214 0.409617 0.532878
0.267709 -0.424546 -0.112540
-0.476383 -0.096321 1.806948
0.312581 -0.464664 -0.079259
-0.464227 -0.093694 1.576713
-0.477973 -0.067661 1.647814
-0.021774 0.495231 -1.250357
-0.490856 -0.183042 1.417666
-0.488431 -0.103022 1.518142
0.094175 0.404050 0.611159
-0.386234 0.479344 2.914654
0.432292 -0.238122 -1.490838
-0.490972 -0.185157 1.396126
0.264847 -0.329611 -1.946568
-0.464127 -0.090793 1.625694
-0.448114 0.242649 -2.661292
-0.467663 -0.052195 1.631863
-0.453417 -0.041590 1.478261
0.262929 -0.495553 0.043422
0.317018 -0.499722 -0.151114
0.320048 -0.488840 0.089551
-0.455346 0.279338 -2.730941
-0.450190 0.282632 -2.769159
-0.494251 -0.020637 1.725042
0.468871 -0.308625 -1.610831
0.100270 0.426060 0.814454
-0.469598 0.489503 2.862030
-0.493997 -0.184742 1.497210
-0.445352 -0.079435 1.407546
-0.454525 0.473236 -2.953143
-0.397869 0.456809 -3.127705
-0.459697 -0.037056 1.656151
-0.463867 -0.037507 1.607144
-0.466836 -0.059028 1.728186
-0.440661 0.221090 -2.834161
-0.381548 0.318738 -2.990498
0.274140 -0.431592 0.086700
-0.458607 -0.039737 1.444075
-0.489590 -0.106543 1.377798
-0.253066 -0.113017 -2.623054
-0.421301 0.257817 -2.807800
0.330161 -0.489250 -0.141178
-0.485723 -0.103248 1.595532
0.115923 0.427068 0.661105
-0.491707 -0.104979 1.548770
0.323435 -0.451780 0.168110
-0.466705 -0.104129 1.475961
0.329364 -0.449906 -0.135312
-0.481237 0.497981 3.107458
0.328558 -0.478615 0.053270
-0.453929 0.271497 -2.909707
-0.462635 -0.093700 1.703566
-0.406942 0.273065 -2.971924
0.304034 -0.483916 -0.017706
-0.465677 -0.026844 1.487111
0.314862 -0.470718 0.099527
-0.463590 -0.035921 1.515088
-0.463915 -0.102900 1.762780
-0.472265 -0.098298 1.611310
0.304510 -0.456153 -0.003910
-0.482381 -0.037505 1.350904
-0.484849 -0.042441 1.389190
-0.469820 0.343805 -2.929238
-0.490016 -0.049185 1.660552
-0.396465 0.310508 3.126553
-0.497456 -0.163398 1.488705
-0.420928 0.183881 -2.966259
-0.499657 -0.020209 1.814547
0.266813 -0.419165 0.093521
-0.474638 0.496392 -2.996274
-0.405922 0.301701 3.027920
-0.458344 -0.032054 1.717359
-0.482121 0.457264 3.130913
-0.424796 0.208717 -3.016680
-0.413473 0.211156 -2.764647
0.058046 -0.030406 -2.213248
0.302028 -0.463474 -0.016476
-0.487340 -0.038916 1.653803
-0.245327 -0.126181 -2.615338
-0.456455 0.485918 -3.023636
-0.361254 0.386274 2.572681
0.141154 0.387884 0.632484
-0.464547 -0.049160 1.380618
-0.464410 0.266048 -2.900560
0.463787 -0.154233 -1.673710
-0.422894 0.446247 -2.928522
-0.487178 -0.084022 1.679922
-0.352560 -0.328160 0.786683
-0.443772 0.214295 -2.774131
-0.487330 -0.086606 1.896015
-0.449306 -0.023421 1.614750
-0.476391 0.446357 -2.650329
0.331798 -0.448766 -0.052631
-0.461203 0.427808 3.102850
-0.055192 -0.041502 -2.868474
0.322127 -0.462650 0.196674
-0.399762 0.465075 2.982022
-0.225444 -0.135311 -2.258525
0.076512 0.456569 0.653896
-0.474446 -0.012525 1.525168
-0.467942 -0.029719 1.717468
-0.180345 0.475228 2.954038
0.257698 -0.484550 0.123573
-0.472203 -0.032757 1.573893
0.014542 -0.080851 -1.971169
0.342765 -0.040058 -0.987205
0.478744 -0.316024 -1.862374
-0.373333 0.483921 2.705149
