-0.474938 -0.414182 1.403191
-0.304161 -0.276333 -1.408382
-0.372658 0.032312 0.685440
-0.467784 -0.327203 -1.670737
-0.477066 -0.359387 -1.475392
-0.317656 -0.496245 0.078423
-0.319124 -0.476073 -0.062252
-0.479357 -0.330814 -1.667389
0.140757 0.495726 -3.124939
0.171475 0.312624 -1.994932
-0.354909 -0.445197 0.493454
-0.485257 -0.368688 -1.719509
-0.313047 -0.488208 -0.097156
-0.467002 -0.352019 -1.520307
-0.428305 0.047181 1.088572
0.147693 0.418012 -2.993167
0.140318 0.330467 -2.024894
-0.429700 -0.390259 -1.759809
0.132885 0.482692 2.967122
-0.308957 -0.474830 -0.082977
-0.499212 -0.283371 -1.597681
0.145665 0.471689 -3.025052
-0.477919 -0.361324 -1.660434
-0.297373 -0.256007 -1.433074
0.036563 -0.170993 -1.081747
-0.471257 -0.319780 -1.685308
-0.457363 -0.383948 -1.725304
-0.316128 -0.487865 0.075889
0.151222 0.408155 -2.840974
-0.491661 -0.358188 -1.388094
-0.447363 -0.380603 -1.588710
-0.393457 0.024008 0.782852
-0.466868 -0.339621 -1.496447
-0.388056 -0.475081 0.110712
-0.371486 0.046260 0.556894
-0.482775 0.002375 1.752928
-0.483708 -0.373632 -1.649540
0.192726 0.152414 -0.348152
-0.300811 -0.299189 0.337261
0.185875 0.369190 -2.827092
-0.465165 -0.411294 1.089432
-0.476154 -0.357624 -1.720075
-0.296563 -0.487650 -0.021557
-0.293904 -0.490433 0.076734
-0.401720 0.025415 0.655964
-0.301375 -0.462564 -0.019586
-0.314981 -0.489168 0.024212
-0.466304 -0.376309 -1.430913
0.134935 0.485942 3.090036
-0.451860 -0.386538 -1.658172
0.200977 0.484318 -3.064980
0.163769 0.479601 -2.871248
0.163032 0.461356 3.133827
-0.443141 -0.377687 -1.759096
0.171731 0.407067 3.122749
-0.489650 -0.314049 -1.635202
-0.466011 -0.358145 -1.852994
-0.482712 -0.375099 -1.473000
-0.436682 -0.295179 -1.324669
-0.295084 -0.496554 0.047499
0.159865 0.335499 -2.226117
-0.449090 -0.338816 -2.374732
-0.476392 -0.366039 -1.572276
-0.309067 -0.255968 -1.284549
-0.484699 -0.332950 -1.533359
-0.437274 -0.396632 -1.543343
0.140188 0.483625 -2.973188
0.219132 0.460834 -3.001230
0.187930 0.391174 -2.999515
-0.450452 -0.381796 -1.528662
-0.294337 -0.461317 0.068960
-0.303754 -0.498720 0.133280
0.139600 0.489487 -2.954632
0.166137 0.340789 -2.262820
-0.352679 -0.439041 0.122973
-0.466257 -0.372045 -1.534053
-0.395739 -0.490574 -0.107576
0.120473 0.354720 0.137890
-0.483319 -0.351230 -1.900422
-0.366820 0.037612 0.413516
0.152261 0.309701 0.060864
0.159310 0.378484 -2.727768
0.148540 0.342096 -2.131872
0.096005 0.039665 -0.292403
-0.488837 -0.350373 -1.732661
-0.341899 -0.459573 0.111655
0.210175 0.379375 -2.738071
0.147535 0.394488 -2.779252
-0.449074 0.030811 0.218910
-0.386783 0.050756 0.666023
-0.477921 -0.338221 -1.630700
-0.412520 -0.387073 -2.385314
0.374814 0.206485 -0.529840
0.377279 0.218478 -0.406147
-0.437454 -0.419330 1.575484
-0.487650 -0.354643 -1.508451
0.370481 0.161460 -0.569344
-0.346227 -0.472049 0.115586
-0.479389 -0.411265 2.035467
-0.302116 -0.338520 0.599666
-0.472774 -0.339731 -1.727768
-0.471173 -0.325432 -1.524029
-0.482468 -0.352778 -1.481673
-0.404014 0.018770 0.698494
-0.379940 0.040942 0.660854
-0.303911 -0.466055 -0.226068
-0.317255 -0.487705 0.089392
-0.401415 0.025772 0.768990
-0.464446 -0.302930 -1.370133
-0.352995 -0.442734 0.303821
-0.384350 0.056124 0.472287
-0.494455 -0.339395 -1.554862
0.159962 0.482806 3.006132
0.182544 0.495957 -3.044790
-0.472512 -0.349276 -1.648893
-0.473580 -0.354000 -1.751359
-0.458224 -0.381996 -1.810117
-0.318575 -0.464829 0.112000
0.155012 0.481522 3.091473
-0.300761 -0.477843 -0.018718
-0.448157 -0.376433 -1.716192
-0.391530 -0.448746 0.265990
-0.453272 -0.383352 -1.763244
0.172324 0.470563 -2.990861
-0.476814 -0.327669 -1.497030
-0.481403 -0.354581 -1.791992
-0.375094 0.035618 0.517989
-0.309672 -0.474601 0.023069
0.146201 0.474236 3.004325
0.174443 0.312830 -2.159617
-0.309233 -0.479290 -0.186803
-0.486848 -0.357936 -1.727041
-0.482540 -0.378463 -1.847967
-0.457537 -0.318384 -1.707411
0.153193 0.479394 3.049572
-0.296137 -0.499583 -0.054121
-0.477901 -0.322385 -1.837475
0.204956 0.396960 -3.118453
-0.307531 -0.471921 -0.028924
-0.099765 0.352251 -0.235061
0.163033 0.410801 -2.885405
-0.316059 -0.487465 0.064535
-0.461890 -0.365791 -1.689788
0.160037 0.322980 -2.158901
-0.295653 -0.490970 0.138076
-0.460660 -0.322423 -1.629449
-0.317382 -0.498502 0.198313
-0.483683 -0.352803 -1.703345
0.184916 0.163905 -0.187524
-0.479157 -0.375746 -1.633073
-0.444842 -0.302487 -1.466021
-0.489479 -0.370649 -1.292722
-0.302668 -0.498110 -0.070552
-0.302661 -0.468473 0.101175
-0.479877 -0.361686 -1.738217
0.130686 0.391848 -2.785691
-0.447653 -0.385540 -1.651582
0.164361 0.396724 -3.028241
0.170175 0.344889 -2.275998
0.196084 0.458739 -3.010095
-0.483055 -0.367978 -1.219980
-0.311166 -0.492821 -0.235963
-0.389378 -0.465232 0.186087
-0.442910 0.051923 0.979486
-0.455614 0.061570 1.060565
-0.389716 -0.460830 0.248367
-0.446394 0.029610 0.851392
0.159428 0.460110 3.005285
-0.489781 0.017452 1.761686
0.151498 0.458586 3.116854
-0.296666 -0.486777 0.155675
-0.390756 0.187372 -0.678907
-0.294345 -0.486070 0.163176
-0.372721 0.039349 0.532710
-0.486787 -0.378662 -1.764088
0.130913 0.454513 -3.099924
-0.491025 -0.386887 -1.649639
-0.458965 -0.369101 -1.692353
-0.491739 -0.380937 -1.685284
-0.432379 0.030534 0.776830
-0.475644 -0.373567 -1.767693
0.191137 0.463297 -3.018310
-0.494830 -0.351723 -1.435182
0.147410 0.446144 -2.789434
0.151461 0.403959 -2.793934
-0.499737 -0.344843 -1.577815
0.174455 0.326396 -2.292989
0.174339 0.338386 -2.437281
-0.305644 -0.346417 0.768494
-0.385567 0.016954 0.629015
0.195408 0.481418 -3.003072
-0.320430 -0.484287 -0.006080
-0.485644 -0.367074 -1.662270
-0.364562 0.063718 0.464128
-0.492672 -0.409467 1.564296
-0.370079 0.032698 0.671958
-0.292430 -0.499751 0.270897
0.170089 0.479736 -3.057910
-0.388288 0.034859 0.688508
-0.452731 -0.297089 -1.568033
-0.384492 0.028213 0.766357
0.156574 0.318154 -2.132371
-0.468066 -0.298787 -1.300447
-0.370087 0.024410 0.489634
-0.456805 -0.370356 -1.815179
-0.468858 -0.349193 -1.461017
0.173122 0.387712 -2.762089
0.160045 0.496109 -2.888314
0.344749 0.279808 -2.007016
0.156714 0.498117 2.989043
-0.319413 -0.481818 0.238845
0.378226 0.356707 -2.360495
-0.117714 0.392342 -0.667778
0.136035 0.490975 -2.918905
0.149905 0.417151 -2.853252
-0.294693 -0.480288 0.007795
-0.373939 -0.495482 -0.158338
0.159551 0.317624 -2.185981
0.207162 0.155691 -0.631112
-0.490980 -0.348079 -1.375956
0.136420 0.409627 -3.047135
-0.335146 -0.483043 -0.086171
0.150142 0.401935 -2.990008
-0.298739 -0.484137 0.055894
-0.400018 0.028101 0.495344
-0.445088 -0.383535 -1.653059
0.104818 0.443712 -2.903460
0.132278 0.321607 0.001401
-0.440145 -0.387127 -1.603473
0.141748 0.479505 3.121669
-0.450446 -0.379051 -1.766590
0.196125 0.311528 -2.266665
-0.463802 -0.381953 -1.593794
0.137979 0.446264 3.107660
-0.461918 -0.367484 -1.636308
-0.374609 0.022273 0.795812
0.176398 0.386114 2.998732
-0.294794 -0.480104 -0.129491
-0.372974 -0.352799 0.451259
0.145588 0.396277 -2.969089
-0.352853 -0.447648 0.344188
0.151614 0.477483 -2.933267
-0.390940 0.015066 0.821350
-0.461789 -0.312893 -1.422629
-0.477083 -0.342063 -1.796886
0.153608 0.318055 -2.260107
-0.353239 -0.474482 0.266975
0.159551 0.413476 2.992515
-0.484882 -0.332789 -1.842576
0.344798 0.360137 -2.326961
-0.384361 0.029377 0.546201
-0.306963 -0.493355 0.156394
-0.114279 -0.021161 -2.325743
0.187065 0.133537 -0.101176
-0.449552 -0.383608 -1.572709
-0.349625 -0.445577 0.024288
-0.297548 -0.486456 0.277134
0.150051 0.464136 3.140264
-0.480463 -0.353007 -1.685001
-0.471917 -0.334282 -1.795963
-0.362028 -0.426706 0.341146
0.228379 0.385233 -3.027969
0.179654 0.487064 -2.879753
0.240678 0.450413 -3.013199
-0.319104 -0.492464 0.085735
0.189095 0.417176 -3.056519
-0.481124 -0.388843 -1.522724
0.146132 0.423163 -2.783920
-0.468871 -0.378579 -1.711795
-0.300951 -0.484015 -0.064172
-0.415382 -0.430727 0.785614
-0.468433 -0.370123 -1.615563
-0.351464 -0.458371 0.128013
-0.456496 -0.382111 -1.832360
-0.438391 -0.418105 1.055150
0.110889 0.466725 -3.118706
-0.477155 -0.340638 -1.523172
-0.438766 -0.323011 -2.817913
0.171934 0.491079 -3.095805
-0.380050 0.028804 0.529156
-0.402990 -0.410524 1.791929
-0.499307 -0.354706 -1.656255
0.145866 0.460142 -3.030380
-0.387930 -0.472037 -0.016415
-0.303187 -0.487678 -0.348035
-0.402771 0.036249 0.594955
0.170451 0.329606 -2.267538
-0.473512 -0.362798 -1.730085
-0.466965 -0.358366 -1.732395
0.140082 0.479117 -3.074384
0.145093 -0.363361 -1.718400
-0.477133 -0.350624 -1.622152
-0.378930 0.044383 0.430779
-0.353302 -0.473858 0.268848
-0.475045 -0.345784 -1.626270
-0.312034 -0.475429 -0.082538
-0.478815 -0.346356 -1.711774
-0.486061 -0.381467 -1.659286
-0.401372 0.033478 0.483195
-0.475691 -0.330347 -1.542787
-0.487120 -0.289055 -1.568626
-0.403724 0.022539 0.757205
-0.431160 0.030668 1.034133
0.205752 0.177185 -0.767959
-0.434929 -0.399509 1.974742
0.369592 0.170953 -1.037377
-0.478759 -0.381741 -1.752164
0.150950 0.417971 -2.894448
-0.468881 -0.352763 -1.596978
-0.469378 -0.362295 -1.470408
-0.355459 -0.470768 0.014335
-0.309143 -0.482989 -0.137315
-0.306955 -0.496668 0.034399
0.141101 0.439597 -2.638754
0.157024 0.409067 -2.733803
-0.498125 -0.367239 -1.559650
0.426757 0.272977 -1.937932
-0.386077 0.036219 0.600587
0.154307 0.490479 -2.974155
-0.436509 -0.394630 1.938647
-0.494071 -0.319009 -1.386070
0.171996 0.481143 -3.113025
0.220774 0.469031 -3.111831
-0.488595 -0.362342 -1.638782
-0.481020 -0.358163 -1.582538
-0.482706 -0.353243 -1.481900
0.151475 0.424350 -2.894910
0.103328 0.372775 0.185075
-0.347062 -0.459578 0.224174
-0.457076 -0.368395 -1.582195
-0.440702 -0.344858 -2.116749
0.173593 0.337490 -2.210161
0.178898 0.399272 3.133334
-0.294068 -0.494510 0.129322
-0.481349 -0.346120 -1.578219
-0.370526 0.034372 0.548844
-0.480009 -0.350071 -1.578414
-0.300929 -0.480679 -0.119034
-0.471224 -0.406660 1.965984
-0.291237 -0.468152 -0.154188
0.136837 0.482627 -2.874177
-0.294175 -0.487843 0.083699
0.151494 0.419612 -2.986483
-0.495331 -0.322030 -1.751951
0.204564 0.366592 -2.823876
-0.319617 -0.499564 0.088313
-0.482298 -0.370407 -1.619628
-0.308395 -0.489097 -0.266853
-0.483418 -0.364173 -1.572429
-0.479843 -0.344760 -1.620209
-0.476346 -0.339875 -1.737631
-0.319385 -0.472726 -0.031149
-0.481100 -0.369412 -1.439162
-0.488601 -0.360405 -1.654810
-0.494955 0.042960 1.332483
-0.461396 -0.361700 -1.560378
0.207915 0.386334 -3.045727
-0.458705 -0.337124 -1.672662
0.162903 0.408269 -2.901758
-0.487780 -0.372052 -1.585201
-0.348294 -0.478247 0.176446
0.146934 0.493824 -3.051082
0.204249 0.398045 -2.695084
-0.463818 -0.361645 -1.595642
0.143009 0.462671 -2.969491
0.163345 0.405139 2.930424
0.178422 0.395572 -2.782525
0.372624 0.208977 -0.367818
-0.321615 -0.477336 0.021045
-0.467838 -0.359738 -1.775756
0.178604 0.322279 -2.278654
0.169519 0.494354 3.082690
0.222421 0.433406 -3.031921
-0.364831 0.025959 0.645684
-0.485238 -0.354221 -1.533118
0.137766 0.423128 -2.935153
0.230630 0.304919 0.315987
0.199698 0.436275 -2.988921
-0.450828 -0.319028 -1.825474
-0.443153 -0.292198 -1.212407
0.151114 0.400415 -3.057434
-0.464770 -0.386081 -1.532787
-0.490732 -0.372517 -1.762509
0.146975 0.468526 3.049619
-0.291958 -0.485276 0.033064
0.160258 0.470469 2.945864
0.394771 0.355055 -2.445070
-0.301932 -0.499394 0.291765
0.213459 0.491904 -2.976268
0.165204 0.347485 -1.934037
-0.386656 0.037835 0.726652
-0.487729 -0.374395 -1.719112
-0.477027 -0.372478 -1.629408
-0.390716 0.027279 0.917897
-0.357779 -0.495203 0.020545
-0.487890 -0.375476 -1.607576
-0.113826 0.472306 -1.663460
-0.120836 0.372673 -0.575205
0.420836 0.257650 -1.865109
-0.439731 0.043798 0.855872
