0.086071 0.091433 0.849358
0.439271 -0.170798 -1.608595
0.321756 -0.153440 -1.486587
-0.491003 0.041203 1.336863
0.482721 -0.466250 0.841204
0.062707 0.182817 0.908891
0.080798 0.068837 0.523425
0.457727 -0.497323 -0.241690
0.321227 -0.158301 -1.506449
0.228699 -0.107297 -2.259748
0.060095 0.078288 0.512307
0.455204 -0.483781 -0.048073
0.228414 0.073440 0.067630
0.068606 0.191033 0.864758
0.070461 0.161313 1.123908
0.353092 -0.208424 0.111992
0.045648 0.085448 0.979263
0.432822 -0.188012 -1.703253
0.039256 -0.208671 0.672288
-0.465047 -0.033983 1.417316
0.461030 -0.186017 -1.806296
0.272035 -0.439240 0.026206
0.069782 0.051309 0.661426
-0.475401 -0.028432 1.721510
0.443898 -0.172797 -1.715219
0.444949 -0.494942 0.130933
0.186278 -0.066334 -2.108820
0.065884 0.174987 0.811868
0.425315 -0.486402 -0.365182
0.349553 -0.165065 -1.696402
0.176321 -0.321064 0.117568
0.414521 -0.475658 -0.037834
0.046892 0.126924 0.713298
0.435948 -0.172615 -1.984091
-0.471954 0.039697 1.494044
-0.437545 0.049798 1.586008
0.215566 -0.126157 -2.118360
0.380511 -0.477473 0.044143
0.343428 -0.191495 0.277016
0.194319 -0.332124 0.277318
0.387763 -0.196828 -1.743524
0.365655 -0.172961 -1.683769
0.397506 -0.485907 -0.032767
0.356425 -0.156089 -1.541617
0.335409 -0.155004 -1.850346
0.057862 0.063469 0.893130
0.356467 -0.193537 -1.658060
0.388456 -0.188294 -1.725757
-0.467866 0.046096 1.715369
0.331127 -0.165610 -1.682720
-0.462359 0.050208 1.399755
0.323622 -0.459761 -0.050438
0.425509 -0.482685 -0.032218
0.034678 0.098897 0.820363
-0.444258 0.063198 1.524284
0.204484 -0.097967 -1.886282
0.458568 -0.158601 -1.651800
0.134630 0.149081 0.994893
0.100620 0.108636 1.751650
0.364783 -0.182564 -1.823379
-0.468260 -0.043579 1.509395
0.349291 -0.203619 -1.833923
-0.456738 0.041418 1.440281
0.055797 0.086419 0.828868
0.435737 -0.463574 -0.038032
0.090505 0.100782 0.741836
0.426654 -0.473736 -0.166886
0.343902 -0.185362 -1.760674
0.307846 -0.072083 -1.876534
0.433302 -0.490365 -0.133115
0.445234 -0.189201 -1.672127
0.433676 -0.485380 -0.157218
0.398495 -0.214201 -1.919870
0.444326 -0.489449 0.019930
0.070473 0.136382 1.012362
0.353086 -0.176624 -1.668717
0.048181 0.092945 0.652597
0.066169 0.172005 0.780265
-0.489761 0.047100 1.388557
-0.068994 0.400402 -3.068762
0.122958 0.156057 1.036692
0.498776 -0.466792 2.456434
0.485333 -0.467707 1.036354
0.287850 -0.394698 0.159948
0.065864 0.075966 0.621762
0.495232 -0.174564 -1.926021
0.060593 0.094497 0.835890
0.389948 -0.205352 -0.121741
0.357450 -0.188510 -1.909178
0.186794 -0.001897 -2.201912
0.370984 -0.198416 -1.901866
0.198658 -0.104087 -1.962498
0.042961 0.116212 0.761296
0.103301 0.177864 0.980185
0.435642 -0.493607 -0.136582
0.318349 -0.438276 -0.458727
0.452112 -0.163218 -1.639429
0.136878 -0.356881 -0.270140
0.497447 -0.471001 2.115415
0.421690 -0.472966 -0.273844
0.183340 -0.337849 0.281773
0.068871 0.176279 0.591406
0.431664 -0.044278 -1.781751
-0.457260 0.032369 1.570941
0.080427 -0.284965 0.887156
0.212287 -0.095085 -1.989084
0.490010 -0.160697 -1.763937
0.025345 0.117821 0.702040
0.092859 0.173695 0.970634
0.043034 0.113787 0.874782
-0.382785 -0.087982 1.294057
0.280869 -0.435292 0.236197
-0.436475 0.061100 1.563946
-0.372636 0.395651 -0.652399
-0.453274 0.053902 1.480486
0.426614 -0.483655 -0.041072
0.139926 0.132615 1.392404
0.476140 -0.135278 -1.537800
0.417785 -0.461549 -0.338070
0.455007 -0.062031 -1.900721
0.380939 -0.492875 -0.077520
0.066650 0.157697 0.781403
0.121892 0.156054 1.161930
0.460448 -0.493242 -0.092212
0.104247 0.059215 0.703461
0.079990 0.158340 0.892285
0.401415 -0.191266 -1.634505
0.082574 0.183693 0.664688
0.400225 -0.460791 0.110165
0.384689 -0.208021 -1.871491
-0.445968 0.062216 1.534500
0.465721 -0.491945 -0.087354
0.119018 0.155111 0.870937
0.056969 0.164663 0.884947
0.440626 -0.490327 -0.001888
0.066606 0.108213 0.728148
0.444281 -0.487428 -0.136880
-0.471277 -0.034067 1.459614
0.088346 0.046504 -2.880894
0.378340 -0.208448 -1.983897
0.067085 0.144170 0.968261
0.194266 -0.312614 0.428854
0.208515 -0.290865 0.400191
0.094542 0.062853 0.620399
0.398274 -0.482418 0.226399
-0.001245 0.495583 3.008436
0.361469 -0.179230 -1.898135
0.205448 0.093777 -0.218174
0.475475 -0.051961 -1.842368
0.415984 -0.465614 -0.190541
0.206902 -0.337714 0.042869
0.380775 -0.205414 0.128626
0.197344 -0.312163 0.284569
-0.442042 0.058247 1.415271
0.086657 0.167838 0.691455
0.069444 0.134073 0.896855
0.432791 -0.497357 0.263006
0.067559 0.106020 0.824157
0.221296 -0.109301 -2.051781
0.438164 -0.498558 -0.236649
-0.488930 0.051635 1.553521
0.124442 0.160542 0.901006
0.460870 -0.484908 0.045891
-0.073472 0.413131 2.878491
0.279975 -0.411295 0.066721
0.398711 -0.490873 -0.152465
0.490712 -0.172650 -1.631305
-0.389257 -0.124786 1.210028
0.234419 0.060242 0.246252
-0.065738 0.421544 -3.000356
0.047623 0.086687 0.839313
0.495404 -0.464240 2.270886
0.324472 -0.086440 -1.927772
0.470419 -0.489984 0.018117
0.200511 -0.112775 -2.054312
0.273779 -0.391722 0.241074
0.266579 -0.394053 0.314288
0.217894 0.058077 0.104152
0.103021 0.166448 0.961757
0.378790 -0.193152 -1.836330
0.074948 -0.082860 -2.473446
0.055188 0.145057 0.877765
0.341627 -0.189165 0.047364
0.252656 -0.196763 -0.223228
0.059458 0.101136 0.910690
0.064817 0.102978 0.806034
0.261137 -0.049201 -2.134997
0.102909 0.054762 0.967298
-0.068554 0.419790 3.112531
-0.381107 -0.124470 1.069973
-0.017472 0.113464 0.762669
0.004595 0.113647 0.800015
0.450512 -0.483916 -0.009150
0.072488 0.080929 0.552374
0.255995 -0.482599 0.057046
0.228671 -0.046785 -1.908899
-0.032327 0.262742 -2.784244
0.433434 -0.469750 -0.023107
0.426412 -0.194925 -1.919013
0.379543 -0.184360 -1.825457
0.105870 0.078396 0.664177
-0.074116 0.399394 -2.975468
0.126870 0.146820 -2.317038
0.342747 -0.066071 -2.423546
0.233799 -0.309684 0.444923
0.187851 -0.321709 0.396556
0.446262 -0.494348 -0.214663
0.489725 -0.488782 -1.582543
0.311480 -0.067866 -2.001836
0.294343 -0.424140 0.286365
0.072109 0.096161 0.818134
0.076462 0.168285 0.731767
0.143739 0.162041 1.184436
-0.469658 0.038761 1.667755
0.386662 -0.187563 -1.728505
0.392137 -0.202461 -1.701313
0.328538 -0.160010 -1.649385
0.153422 -0.049339 -2.145901
0.275270 -0.397632 0.476765
0.333074 -0.249392 -2.749112
0.265515 -0.495540 -0.039647
0.138653 0.145677 0.990196
-0.074596 0.423287 -2.920561
0.189915 -0.092760 -2.118164
0.435634 -0.494955 -0.178029
0.368316 -0.184058 -1.985682
0.310984 -0.075469 -1.726095
0.260322 -0.383399 -0.074452
0.450596 -0.499273 -0.172075
-0.485104 0.041864 1.422732
0.434458 -0.180837 -1.795629
0.317277 -0.090429 -1.847026
-0.488088 0.062258 1.647021
0.486910 -0.480880 -1.012727
0.415842 -0.470080 -0.064640
0.106540 0.162714 1.268499
0.437707 -0.499497 0.070627
0.489906 -0.175153 -1.896453
0.217131 -0.326076 0.068586
-0.067586 0.403743 -3.080879
0.384005 -0.179843 -1.683432
0.119987 -0.031889 -2.002579
0.093005 0.122165 1.002243
0.368220 -0.215251 0.133170
0.047247 0.142489 1.128999
0.077467 0.109593 0.723058
0.416627 -0.476060 -0.258025
0.224327 -0.315250 0.409211
0.142262 -0.047212 -1.863671
0.414664 -0.497086 -0.080521
-0.075807 0.400319 -3.005469
0.432754 -0.491993 0.140159
0.113336 0.160947 0.681713
-0.463788 -0.019425 1.557846
0.452461 -0.073465 -1.859582
0.426342 -0.495710 0.099944
0.105385 0.163347 0.798719
0.428739 -0.182848 -1.866246
0.050887 0.073122 0.589939
0.072677 0.166781 0.853914
-0.470533 0.049447 1.333564
0.456497 -0.497421 0.089927
0.370108 -0.193573 -1.615689
0.064059 0.087272 0.633051
0.317121 -0.080590 -1.759788
-0.074410 0.403150 -3.135946
0.078274 0.082324 0.720742
0.241276 -0.388580 0.004607
-0.047022 0.257023 -2.827353
0.492828 -0.477438 -1.006858
0.199608 0.001634 -2.397216
0.474892 -0.494342 -0.163927
0.495538 -0.475534 -1.255431
0.440947 -0.166078 -1.727755
0.107924 0.068817 0.566583
0.494063 -0.376512 -1.133798
-0.429839 0.026715 1.780850
0.142728 -0.013370 -2.156184
0.478774 -0.182375 -1.816917
0.309135 -0.464971 0.007462
0.222420 -0.330263 0.150813
0.360209 -0.180589 0.461760
0.421842 -0.489914 -0.069452
-0.457345 0.040563 1.503396
-0.461297 -0.050178 1.650536
-0.382039 -0.143602 0.913190
-0.483003 0.051904 1.579637
-0.464098 0.042712 1.420076
0.298492 -0.450873 -0.035488
0.253961 -0.033563 -1.837956
0.314615 -0.061089 -1.743115
0.447102 -0.049467 -1.831945
0.073559 0.176829 0.757023
0.103844 0.101611 0.545148
0.434168 -0.468948 -0.049243
0.387436 -0.190261 -1.812911
0.357090 -0.191866 -1.785157
0.454283 -0.497597 0.015283
0.191835 -0.069415 -2.346959
0.371420 -0.474793 -0.138956
0.374704 -0.185193 -1.571981
0.278779 -0.396555 0.269353
0.266402 -0.400364 0.076190
0.442376 -0.492928 0.241078
0.303490 -0.158106 -1.744542
0.047657 0.115123 0.633800
0.427554 -0.472258 -0.076946
0.060170 0.066999 0.708244
0.455394 -0.058036 -1.892136
-0.204789 0.149515 3.094668
0.430498 -0.053194 -1.914098
0.208642 -0.071093 -2.248717
-0.488302 0.046916 1.530673
0.447996 -0.498045 0.079401
0.061225 0.074043 0.983062
0.129314 0.140283 0.906816
0.196986 -0.324430 0.560229
0.185283 -0.333231 0.225743
0.279662 -0.394286 0.289247
0.455214 -0.480562 -0.035547
0.335707 -0.166420 -1.706628
0.429213 -0.485295 -0.078559
0.081924 0.095740 0.678086
0.335946 -0.166724 -1.779256
-0.421411 -0.041617 1.606276
0.406791 -0.200032 -1.500444
0.462649 -0.495346 -0.183860
0.363693 0.070175 -1.928809
0.287303 -0.425200 0.327905
-0.474578 -0.035820 1.338265
0.418920 -0.491438 -0.019386
0.318019 -0.448689 0.171152
0.099457 0.099015 0.669362
0.459091 -0.168907 -1.706378
0.078101 0.067104 0.851412
0.455638 -0.154588 -1.724291
0.442618 -0.196753 -1.839051
0.381584 -0.188086 -1.761537
0.052869 0.158467 0.985405
0.444328 -0.155593 -2.066084
0.041800 0.071258 0.680983
-0.469210 -0.013098 1.812755
0.449058 -0.485605 0.028690
0.453758 -0.481653 0.034094
0.310600 -0.080027 -1.765305
0.176165 -0.307131 0.138043
0.433495 -0.469127 -0.435771
0.063357 0.095461 0.895585
0.402113 -0.489877 -0.058625
0.288230 -0.415830 0.059873
0.450363 -0.499768 0.145570
0.276347 -0.422385 0.255540
0.442905 -0.497808 0.301438
0.425980 -0.486902 -0.146639
0.440834 -0.144415 -1.738350
0.211220 -0.319061 0.584018
-0.446428 0.026226 1.467974
0.363756 -0.057238 -2.367295
0.098343 0.065677 0.751284
0.318554 -0.083441 -1.797975
0.078857 0.090970 0.722351
0.162052 -0.348579 0.134319
-0.053242 0.411027 3.027956
0.224791 -0.302305 0.342329
0.285491 -0.440162 0.161938
0.234719 -0.015924 -1.773839
0.430294 -0.496191 -0.113461
0.325109 -0.186419 -1.734787
0.434390 -0.490690 -0.102600
0.485597 -0.149435 -1.863849
0.209664 -0.110732 -2.156438
0.367719 -0.194219 -1.866236
0.111476 0.065399 0.640561
0.452347 -0.026751 -1.975062
0.283129 -0.405983 0.370813
0.467829 -0.170475 -1.808718
0.184781 -0.080922 -2.226584
0.461433 -0.496545 -0.090395
0.430539 -0.486282 -0.301058
0.058355 0.161552 0.744831
0.488051 -0.175917 -1.538118
0.136149 -0.045855 -1.898061
0.316767 -0.474140 0.042046
0.466649 -0.148237 -1.664913
0.188876 -0.085353 -2.129471
0.049509 0.085855 0.652556
0.087624 0.083560 0.883154
-0.071530 0.436977 -2.747918
0.440278 -0.497959 0.010462
0.335418 -0.151391 -1.526990
0.433244 -0.476326 0.248618
0.021281 0.110171 0.777338
0.470279 -0.367629 -1.160150
-0.474277 0.054779 1.692041
-0.013317 0.490966 3.081943
0.116811 0.163471 1.100798
0.061897 0.063644 1.054241
0.143791 0.108221 1.764415
0.374096 -0.206938 -1.571375
0.137566 0.157900 1.079953
