-0.053213 -0.430653 -1.195787
-0.314860 -0.394698 -0.353783
0.344354 -0.119241 -0.870964
0.378263 -0.001958 -0.503165
0.204408 -0.107653 -0.805582
-0.142342 -0.469587 -1.013147
-0.296978 -0.347909 -0.063885
0.387331 0.032662 -0.458523
-0.244376 -0.491318 -0.427936
0.233594 -0.078056 -0.806696
-0.331896 -0.445623 -0.681533
-0.305691 -0.383310 -0.215420
0.109502 -0.358631 -0.816564
0.434565 0.019179 -0.099666
0.008483 -0.365890 -0.266857
-0.270561 -0.483310 0.283312
-0.299640 -0.482211 -0.714356
-0.053035 -0.441070 -0.512953
0.386701 0.046707 -0.708332
0.448214 0.064748 -0.251080
-0.137478 -0.462950 -1.229541
0.073185 -0.376234 -1.024728
-0.225830 -0.499959 -0.136929
0.350631 -0.098369 -0.845716
-0.357059 -0.480971 -1.294170
0.102609 -0.334639 -0.913407
-0.312903 -0.415826 -0.418573
0.099437 -0.343962 -0.892689
0.105407 -0.432612 -0.367032
-0.229659 -0.495660 -0.497726
0.431534 0.051077 -0.205306
0.092260 -0.381500 -0.719558
0.358433 -0.087937 -1.042196
0.066238 -0.366000 -0.949419
0.150506 -0.133736 -1.215434
0.384922 0.033823 -0.628262
-0.362169 -0.499516 -1.187668
0.381466 -0.031995 -0.356246
-0.131244 -0.479882 -1.218023
-0.311951 -0.495517 -0.744673
0.123463 -0.347049 -0.900882
-0.201056 -0.146281 0.854289
0.085914 -0.382761 -1.106087
0.182937 -0.129338 -0.702914
-0.133774 -0.447902 -1.099266
0.110874 -0.325865 -0.689194
0.452532 0.073389 -0.143638
0.347652 -0.104497 -0.914574
-0.234322 -0.495849 0.059134
-0.206518 -0.149275 0.856865
-0.242240 -0.493715 -0.221698
0.202289 -0.092030 -0.816265
0.367418 0.038718 -0.466131
0.078495 -0.374779 -0.926289
-0.332596 -0.412935 -0.443755
0.378939 0.022175 -0.827408
-0.353838 -0.482642 1.265642
0.112908 -0.361301 -0.836549
0.429694 0.125425 -0.144568
0.093389 -0.361385 -0.626558
0.457931 0.138679 -0.544104
0.067907 -0.375615 -1.070837
-0.270991 -0.488477 -0.008699
0.109898 -0.354922 -0.999722
-0.333008 -0.371546 -0.519417
-0.309393 -0.346618 -0.107824
0.390917 0.031924 -0.320652
-0.242581 -0.498354 -0.083117
0.084209 -0.375240 -0.860303
-0.366935 -0.493062 -1.357816
0.097688 -0.367528 -1.015595
-0.360449 -0.490384 1.349185
0.371487 0.028379 -0.533319
0.371908 -0.032795 -0.783361
-0.130858 -0.447665 -0.939601
0.206775 -0.132130 -0.908069
-0.185808 -0.128559 0.810961
-0.065294 -0.423707 -1.001317
0.201211 -0.137399 -0.868195
-0.342365 -0.483600 -0.951399
0.078548 -0.357479 -0.921973
0.043306 -0.348798 -0.643342
0.366017 0.007536 -0.384917
0.224892 0.398529 -2.044648
0.116319 -0.340416 -1.003832
0.229074 -0.124871 -0.812173
0.440169 0.060037 0.106325
-0.205148 -0.165277 0.960249
-0.242696 -0.496171 -0.060744
-0.305695 -0.319829 -0.254566
0.093896 -0.368168 -0.855462
-0.168118 -0.399341 -1.357606
-0.212548 -0.131863 0.901716
0.372828 0.051690 -0.871889
-0.383283 -0.499719 1.392176
0.091494 -0.370494 -0.754106
0.370762 -0.063227 -0.716191
0.088423 -0.358864 -0.860158
-0.364866 -0.497261 1.428479
0.144049 -0.147575 -0.829272
0.372654 0.093343 -0.915080
0.079080 -0.363516 -0.925575
-0.187161 -0.473501 -0.571933
0.200965 -0.121357 -0.684821
-0.150808 -0.448010 -1.217626
0.367219 0.030707 -0.566872
0.119899 -0.313720 -0.986177
-0.330123 -0.295580 -0.470999
0.376699 0.039678 -0.321894
-0.222167 -0.495242 -0.357590
-0.359268 -0.488966 -1.343988
-0.273397 -0.471974 -0.681049
-0.231897 -0.483631 -0.228177
0.350417 0.030321 -0.287840
0.339273 -0.138032 -0.569559
-0.063841 -0.445519 -0.945920
0.155566 -0.139380 -0.795938
0.362850 0.047975 -0.606832
0.422088 0.094320 -0.618048
-0.063190 -0.438399 -0.675718
0.073057 -0.371330 -0.821520
0.214358 -0.130811 -0.868304
0.079844 -0.373081 -0.811115
-0.011907 -0.409310 -0.720385
-0.282816 -0.461305 -0.682324
-0.361280 -0.479482 1.212361
-0.055086 -0.410544 -1.092915
0.456314 0.141319 -0.192730
-0.376108 -0.483292 0.969198
-0.304537 -0.333132 -0.410723
0.041254 -0.405095 -0.557700
0.053108 -0.391860 -0.766146
0.381156 0.072399 -0.799977
0.351030 -0.034189 -0.735586
0.348111 -0.075355 -0.722306
0.023673 -0.403259 -1.122570
-0.358055 -0.495910 -1.041247
0.100698 -0.384282 -0.599965
0.097020 -0.365584 -0.784491
0.466956 0.129501 -0.248138
-0.233985 -0.461617 -1.141101
-0.254792 -0.482507 -0.087967
-0.196410 -0.144580 0.853262
0.040787 -0.330725 -1.197724
0.367172 -0.056976 -0.793595
-0.046356 -0.433985 -0.733232
0.083382 -0.387917 -0.680997
0.344756 -0.121718 -0.732299
0.430733 0.154804 -0.611756
0.105085 -0.358945 -1.257049
-0.367455 -0.487245 1.304742
-0.111898 -0.462168 -1.071783
-0.261445 -0.468625 -1.020775
0.104410 -0.290676 -1.648292
0.073401 -0.393016 -0.546386
-0.090295 -0.437473 -1.076964
-0.219973 -0.454445 -0.835596
0.405541 0.124242 -0.271160
0.178582 -0.220863 0.985553
0.101296 -0.363061 -0.947697
0.256352 -0.031047 -0.627677
0.111827 -0.356582 -0.714431
0.102692 -0.352953 -1.005057
-0.250712 -0.481278 -0.906765
-0.260290 -0.465117 -0.786331
0.073657 -0.344920 -0.932054
0.337843 -0.119450 -0.541839
0.431608 0.158507 -0.901104
-0.234711 -0.038286 -3.136326
0.473854 0.180451 1.396307
0.363356 -0.037674 -0.855881
0.412947 0.017442 -0.305339
0.362999 -0.062461 -0.521185
0.456834 0.070695 -0.105186
0.239783 -0.027024 -0.749574
0.209191 -0.117760 -0.658818
0.087407 -0.376490 -0.946509
0.442618 0.133134 -0.081677
0.360612 0.070891 -0.241098
0.206159 -0.142997 -0.650496
0.053798 -0.385544 -0.906138
0.047506 -0.377645 -0.683711
0.364520 -0.006481 -0.767710
0.369981 0.024592 -0.553204
-0.326082 -0.404212 -0.121627
0.317869 -0.119344 -0.869857
0.441833 0.037855 -0.041426
0.071147 -0.395746 0.164569
-0.150902 -0.472040 -1.418380
0.354690 -0.050550 -0.675379
0.357616 -0.100385 -0.746910
0.342557 -0.035778 -0.717897
0.074254 -0.387873 -0.787007
-0.360238 -0.497582 0.954399
0.067177 -0.378364 -0.746332
0.114672 -0.324469 -0.762578
-0.366015 -0.496451 -1.199263
-0.150897 -0.470451 -1.183387
0.067635 -0.369798 -0.828748
0.400682 0.032948 -0.360461
-0.095829 -0.340119 -1.629669
-0.204985 -0.474801 -0.548875
-0.352101 -0.496419 1.283377
0.120645 -0.349736 -1.008996
-0.334002 -0.435619 -0.697675
0.234367 -0.067244 -0.572118
0.076860 -0.328634 -0.997537
0.361443 0.062938 -0.445301
-0.374830 -0.479841 1.233679
0.455706 0.066652 -0.272746
-0.360435 -0.499041 -1.167802
-0.240134 -0.499927 0.224462
0.439929 0.149297 -0.121352
-0.273822 -0.483726 -0.564641
0.059700 -0.408468 -0.908903
-0.321561 -0.415783 -0.719446
0.091816 -0.364399 -0.842182
0.081100 -0.384819 -1.078950
0.336946 -0.068040 -0.395285
-0.371030 -0.494884 1.143816
-0.137409 -0.445403 -1.143742
0.343985 -0.110377 -0.828490
0.378940 0.074610 -0.419058
-0.242738 -0.498594 0.104296
0.446873 0.105711 -0.180208
0.376852 0.026334 -0.640334
-0.257865 -0.466221 -0.620282
0.362055 -0.020359 -0.866027
0.218202 -0.073005 -0.738070
0.085003 -0.389008 -0.769890
-0.349766 -0.467148 -0.875158
0.157732 -0.482885 -0.014510
0.314221 -0.148864 -0.916065
0.424902 0.180205 -0.318963
0.348695 -0.084879 -0.910578
0.176097 -0.234793 1.134740
0.432105 0.140610 -0.503059
0.070006 -0.384755 -0.943597
0.090208 -0.355576 -0.885359
0.437554 0.130329 -0.240592
0.064496 -0.395208 -0.693861
0.105731 -0.368959 -0.656438
0.437491 0.133777 -0.464285
0.098465 -0.358614 -0.946069
0.107123 -0.324884 -1.060499
0.344050 -0.130799 -0.834987
0.441816 0.132166 -0.297178
0.078888 -0.367753 -0.852084
0.071608 -0.395118 -0.875140
0.113225 -0.301701 -0.774090
0.142137 -0.481468 -0.137828
0.377562 0.017677 -0.388008
-0.192154 -0.498687 -0.873826
0.179258 -0.136482 -0.903363
0.067367 -0.359605 -1.005980
0.099215 -0.335657 -1.072013
-0.362274 -0.496997 -1.059752
-0.356615 -0.462580 -1.071253
0.077830 -0.360382 -0.806602
0.275765 -0.137564 -0.911733
-0.067460 -0.442243 -0.930844
0.061223 -0.373895 -0.739534
0.155178 -0.151045 -0.977074
-0.058508 -0.439351 -1.042645
0.084353 -0.378722 -0.501006
0.108632 -0.348423 -0.858035
-0.224134 -0.492546 0.030061
0.113171 -0.329445 -0.871449
0.066154 -0.384565 -0.855346
-0.359538 -0.477803 -1.313614
-0.253319 -0.474988 -0.643323
-0.338634 -0.452376 -1.007936
0.344525 -0.121506 -0.770619
0.135247 -0.488296 -0.084401
-0.238261 -0.478084 -0.401216
0.127279 -0.318574 -0.917376
0.436711 0.045655 -0.044041
-0.201468 -0.465481 -0.779405
0.421786 0.116385 -0.225087
0.081529 -0.343655 -1.220244
0.374638 0.055584 -0.506414
0.095428 -0.358828 -1.009941
0.372013 0.022837 -0.541547
-0.308345 -0.475919 -0.723619
-0.158616 -0.425373 -1.194702
0.074751 -0.274517 -0.817972
-0.324277 -0.427011 -0.563019
0.060063 -0.382569 -0.869308
-0.183597 -0.165315 1.054439
0.443083 0.135185 -0.504623
0.367716 0.027448 -0.809566
-0.193816 -0.496727 -1.028749
0.437374 0.101379 -0.256523
0.331287 0.135035 -0.600616
0.204145 -0.154206 -0.690268
0.450779 0.077484 -0.085736
-0.255562 -0.496617 0.361941
0.108111 -0.359429 -0.805906
0.122993 -0.484332 0.213197
0.184689 -0.112825 -0.851492
-0.064223 -0.437352 -0.884170
0.080164 -0.379786 -1.017603
-0.306567 -0.386620 -0.410740
0.095856 -0.372610 -0.873936
0.363461 0.032960 -0.725935
0.388105 0.052007 -0.296483
-0.198299 -0.133622 0.953774
0.347777 -0.000074 -0.703331
-0.231856 -0.488513 -0.329309
0.102574 -0.380087 -0.765120
-0.343716 -0.462170 -0.992919
-0.276640 -0.496948 -0.062391
-0.181823 -0.133858 0.871680
0.439643 0.067756 -0.526437
-0.000437 -0.412331 -0.820428
-0.333459 -0.409616 -0.471426
-0.207598 -0.143649 0.962825
0.208755 -0.130224 -0.853683
0.057064 -0.395260 -0.828577
0.070625 -0.385005 -0.441309
0.187186 -0.135279 -0.736126
0.380737 0.070044 -0.805045
0.435037 0.195708 -0.541346
-0.362781 -0.496021 1.056956
0.087977 -0.368150 -0.604759
0.188084 -0.115322 -0.871526
-0.229071 -0.496135 -0.285947
-0.312347 -0.318557 -0.035693
0.338443 -0.081512 -0.711206
0.368276 -0.084475 -0.575392
-0.201566 -0.492170 -0.848301
-0.382788 -0.489049 1.256008
0.074830 -0.388142 -0.683914
0.343834 -0.118351 -0.907751
0.464370 0.072511 -0.167373
0.110716 -0.362436 -0.744348
0.423465 0.108431 -0.452656
-0.164821 -0.456689 -0.985449
-0.283665 -0.487393 -0.247388
-0.311989 -0.314988 -0.081150
0.085336 -0.367802 -1.122860
0.360957 -0.094526 -0.552478
-0.363118 -0.497573 1.139859
0.077020 -0.371588 -0.933949
0.084563 -0.382066 -0.863322
0.372019 -0.088137 -0.761468
-0.247466 -0.499847 0.356881
-0.215340 -0.492729 -0.570079
0.065949 -0.390457 -0.968176
-0.367651 -0.494530 -1.122737
-0.308461 -0.333792 -0.016195
-0.363763 -0.497874 -1.119442
-0.312853 -0.384919 -0.617702
0.115120 -0.332257 -1.216203
0.094553 -0.372912 -0.753587
0.465313 0.087800 -0.120421
-0.324740 -0.305323 0.019604
0.362004 0.056940 -0.494438
0.351674 0.005714 -0.301639
0.465681 0.146359 -0.037166
0.423866 0.164710 -0.557800
0.093394 -0.358443 -0.837781
-0.350506 -0.483282 0.901259
0.061348 -0.395016 -0.947510
-0.368950 -0.480863 1.074203
-0.261758 -0.464693 -0.896045
0.416898 0.170732 -0.343067
0.106139 -0.309590 -0.736241
0.088920 -0.381611 -0.877501
0.217152 -0.115158 -0.809537
-0.366529 -0.492066 1.209883
-0.203181 -0.151125 1.116156
-0.229234 -0.491456 -0.061184
0.064143 -0.361272 -1.110255
0.001487 -0.424174 -0.729101
0.086043 -0.355562 -1.056012
0.205687 -0.368852 0.110609
0.114300 -0.375052 -0.938403
-0.050197 -0.447541 0.023156
0.385414 0.159098 -0.243932
-0.329850 -0.323706 -0.253309
-0.256772 -0.499752 -0.139945
-0.297726 -0.328509 -0.062253
0.332789 -0.123840 -0.713011
0.085890 -0.360184 -0.789676
0.365165 -0.011620 -0.772742
-0.046370 -0.443701 -0.218675
0.077371 -0.394792 -0.869840
0.205631 -0.121310 -0.790234
0.205937 -0.131418 -0.751323
0.044174 -0.387141 -0.663430
0.079819 -0.374963 -0.762174
0.074624 -0.374573 -0.751442
-0.319470 -0.324890 -0.288784
0.075917 -0.365922 -0.898404
-0.346067 -0.399286 -0.478342
0.342978 -0.115962 -0.523840
-0.108863 -0.396847 -1.228504
-0.344203 -0.444333 -0.482973
0.447345 0.083398 -0.115762
