0.001080 -0.494617 3.022095
-0.087000 -0.494004 3.022946
0.219052 -0.369954 0.106406
0.114712 -0.491977 3.034125
0.497536 0.142004 1.560856
0.498878 0.146316 1.203345
0.404349 0.100554 1.495875
0.205888 -0.387655 0.190420
0.329564 -0.018311 1.670272
0.485305 0.227120 1.389732
0.398691 0.106691 1.775811
0.064155 -0.409801 0.091980
0.494890 -0.033717 1.444681
0.217143 -0.376860 0.040447
0.213416 -0.343143 0.249441
0.487699 0.127507 1.483155
0.435924 0.094091 1.683263
-0.085503 -0.491796 -3.127543
0.465665 0.238761 1.601786
0.416085 -0.387573 -2.148456
0.498395 0.152350 1.831637
0.476423 0.106695 1.654287
0.437883 0.070815 1.303220
-0.075352 -0.494987 -2.801984
0.496498 0.140064 1.422182
0.317995 0.318551 -2.523288
0.490960 0.154133 1.466820
0.494301 0.122604 1.497924
0.494040 0.137739 1.509348
0.495870 0.225419 1.531205
-0.011745 -0.495159 2.957033
0.036586 -0.360854 0.282762
0.498232 0.156498 1.669316
0.215701 -0.394194 0.451128
0.488196 0.029561 1.626129
0.222116 -0.373094 0.465192
0.492868 0.138834 1.528573
0.498795 0.145660 1.495174
0.499449 0.044558 1.275922
0.498068 0.155265 1.423485
0.485514 0.126449 1.685418
-0.486349 0.389223 -2.453327
-0.089237 -0.496074 3.092807
0.056411 -0.369500 0.150637
-0.048516 -0.483370 -3.092350
0.206117 -0.336340 0.656640
0.078036 -0.490025 -2.303368
0.215024 -0.387729 0.105717
0.492910 0.124995 1.725128
0.104662 -0.267883 1.254277
0.076994 -0.416670 -0.175482
0.493478 0.210919 1.665542
-0.064439 -0.495862 -3.116098
0.413427 0.089634 1.498596
0.071260 -0.217347 2.695871
0.461960 0.074094 1.545813
0.188965 -0.327670 0.282419
0.497530 0.148883 1.619313
0.489383 0.167994 1.423176
0.477856 0.226961 1.374152
0.495150 0.144454 1.559244
-0.078897 -0.495661 3.137053
0.494589 0.135056 1.246770
0.459337 0.229538 1.233974
-0.408604 0.161441 1.151945
0.410340 0.108900 1.485579
0.497699 0.156501 1.689369
0.006910 -0.468650 3.010993
0.407831 -0.374920 -1.999511
0.452710 0.157796 1.419697
-0.066087 -0.492938 -3.125990
0.476464 0.213484 1.622529
0.207185 -0.315749 0.134829
0.228438 -0.405748 0.068460
-0.065786 -0.479249 -3.057238
0.496750 0.136220 1.700359
0.498851 -0.090522 1.531622
0.220638 -0.333498 0.528930
0.188045 -0.309522 0.345289
-0.085195 -0.484553 -3.104807
0.194722 -0.308169 0.506325
0.235430 -0.398424 -0.065103
0.491697 0.138951 1.597862
-0.011327 -0.496512 -3.012567
0.343496 -0.027186 1.540348
0.465203 0.139808 1.559860
0.495187 -0.024936 1.774574
0.058975 -0.247371 1.802923
-0.076592 -0.498960 -3.022254
0.495681 0.155845 1.593665
0.413807 0.123543 1.494261
-0.073299 0.327043 2.433106
0.417872 0.112035 1.507433
-0.080441 -0.496957 -2.890886
0.477393 0.227159 1.426226
0.495485 0.151596 1.655401
0.398224 0.234275 -1.957153
0.491045 0.139179 1.537488
0.459269 0.161621 1.346049
-0.067426 -0.491757 -2.908591
0.045988 -0.409839 -0.156674
0.483045 0.148126 1.512439
0.339256 -0.011153 1.466575
0.175565 -0.312786 0.872048
0.478900 -0.028272 1.670283
0.225803 -0.389810 0.343098
0.231017 -0.361814 0.395522
-0.024826 -0.499826 -3.121178
0.096621 -0.249410 1.335227
-0.082718 -0.492341 3.140734
0.464951 0.147725 1.536551
0.493197 0.139636 1.656266
-0.084013 -0.479805 -3.102748
0.467183 0.142876 1.395935
-0.031692 -0.492181 -2.992116
0.450211 0.162608 1.648329
0.057554 -0.436223 0.041656
0.461457 0.079993 1.480793
0.493367 0.150555 1.311516
0.486183 0.141254 1.662806
0.028227 -0.432476 -0.135194
0.498705 0.153259 1.568179
0.469967 0.243458 1.536315
0.455290 -0.018550 1.780379
0.129575 -0.281837 1.035750
0.490056 0.143366 1.323980
0.486134 0.148392 1.420298
0.417779 0.101887 1.437729
0.462028 -0.383587 -2.226028
0.175117 -0.321589 0.420448
-0.022406 -0.497531 -2.997918
-0.070872 -0.496526 3.022659
0.069600 -0.403931 0.188618
0.229342 -0.360744 -0.172441
0.221107 -0.404338 0.090433
0.495965 0.219628 1.315067
0.436219 0.095582 1.603414
-0.465752 0.204089 1.333146
-0.446369 0.223221 1.371946
0.494300 0.132208 1.450591
0.394721 0.102277 1.420922
-0.064168 -0.496059 3.016926
0.347019 0.003350 1.711181
0.212448 -0.388886 0.298415
0.469658 0.255223 1.565528
0.499929 0.154877 1.330745
0.201676 -0.315511 0.367618
0.192732 -0.392167 0.456701
0.479196 0.142046 1.636355
-0.166233 0.144919 2.863982
0.469357 0.231049 1.583606
0.171126 -0.320549 0.507463
0.149654 -0.393076 -0.374872
0.485108 0.166272 1.559618
0.036127 -0.389963 0.144558
-0.078442 -0.496297 3.108010
0.494538 0.132417 1.714690
0.208563 -0.300587 0.648757
0.443526 0.161008 1.421461
0.224296 -0.365843 0.056622
0.186954 -0.305243 0.690798
0.224065 -0.351059 0.299092
0.088569 -0.415690 0.467330
0.492937 0.154652 1.548996
0.485779 0.154165 1.302013
0.493245 0.173078 1.467753
0.229745 -0.394182 0.023490
0.455062 0.147564 1.484092
0.205813 -0.384399 0.139656
-0.131944 -0.117931 -2.515007
0.202434 -0.328857 0.542750
0.478237 0.140430 1.339013
0.487644 0.153620 1.432243
0.495963 0.204955 1.189129
0.441016 0.161426 1.455241
0.436279 0.081622 1.614598
0.499623 0.222045 1.510342
0.499553 0.137821 1.512771
0.094250 -0.417198 0.364461
0.413707 0.105094 1.740747
-0.077207 -0.489077 -2.968477
-0.082184 -0.498531 -3.106947
-0.066892 -0.495133 3.004045
0.134163 -0.293058 0.730580
0.031024 -0.394424 -0.164193
0.481428 0.150934 1.857725
0.499357 0.224544 1.489115
0.224687 -0.408949 0.299075
0.491881 0.046599 1.468703
0.489590 0.170766 1.647354
0.490509 0.153306 1.313470
-0.462482 0.203093 1.537954
0.498439 0.160110 1.618467
0.474079 0.240413 1.808526
0.449024 -0.115675 2.148689
0.180447 -0.321216 0.525267
-0.072272 -0.493967 3.045491
0.479661 0.136659 1.564195
0.210244 -0.309169 0.924977
0.470706 0.141968 1.568454
0.499779 0.103373 1.751438
0.480689 0.224943 1.734032
0.497661 0.131172 1.488846
0.437574 0.157392 1.271757
0.476892 0.223232 1.523849
0.218194 -0.398651 0.129110
0.489281 0.131366 1.524882
0.437199 0.223622 -2.325203
0.498113 0.212690 1.702667
0.423825 -0.399278 -2.102591
0.120890 -0.260586 1.260594
0.493248 -0.034418 1.178521
0.489231 0.119627 1.811708
0.493183 -0.030510 1.686138
0.213959 -0.387643 0.143635
0.482463 0.152827 1.367844
0.496972 0.152238 1.517905
0.212481 -0.394235 0.306435
0.207447 -0.358502 -0.265013
0.013712 -0.463694 -2.968112
0.418000 0.104913 1.810466
0.463231 0.223818 1.265868
0.391135 0.105964 1.337917
0.434286 0.114598 1.542373
-0.188055 0.016575 2.150020
0.214102 -0.199827 1.686880
0.495149 0.000239 1.739991
0.491042 0.156546 1.649987
0.481796 0.232019 1.800457
-0.082390 -0.496000 -2.878331
0.498808 0.140711 1.304845
-0.078382 -0.490770 -3.057534
0.498738 0.147722 1.555525
0.222416 -0.390814 0.485615
0.498857 0.173106 1.774348
0.494901 0.136459 1.184617
0.488392 0.132909 1.434016
0.408712 0.095659 1.649792
0.115550 -0.258607 1.370988
0.413362 0.118578 1.526221
0.038738 -0.372319 0.123364
0.219848 -0.359776 0.384843
0.068324 -0.484232 2.596813
0.214667 -0.339953 -0.004935
0.058986 -0.113747 0.226389
-0.450798 0.222804 1.446957
0.421643 0.095699 1.627322
-0.077404 -0.494468 -3.094398
0.340911 -0.025912 1.708902
0.489372 0.157717 1.647983
0.054527 -0.413090 0.071971
0.490185 0.152701 1.682953
0.496770 0.153617 1.785767
0.053020 -0.393944 0.099045
0.490165 0.147592 1.650845
-0.445087 0.234460 1.344550
0.423823 0.100306 1.757159
-0.079226 -0.492202 3.078422
0.498819 0.121508 1.416760
0.141254 -0.302841 0.994923
0.225259 -0.360739 0.191947
-0.071647 -0.486976 -3.091018
-0.499437 0.195843 1.520377
0.208112 -0.406128 0.310523
0.494211 -0.025733 1.483786
0.436429 0.154809 1.377825
0.488805 0.159204 1.305829
0.209680 -0.387896 0.097602
0.495228 0.102274 1.420576
0.491801 0.204935 1.633842
-0.031574 -0.495268 2.851851
0.499898 0.226030 1.792205
0.453892 0.154138 1.770113
0.493099 0.158957 1.739651
-0.074258 -0.491450 3.078039
0.484395 0.154367 1.221841
0.426725 -0.400288 -2.153909
0.485159 0.142560 1.360108
0.415760 0.105270 1.714577
0.157639 -0.292985 0.744946
0.058967 -0.344262 0.286086
0.450291 0.228389 1.336637
0.207179 -0.370625 0.416955
0.355811 0.303419 -2.670923
-0.068582 -0.490293 -2.994227
0.496361 0.136948 1.649433
0.490760 0.159534 1.777055
-0.070146 -0.495437 -2.941687
0.332254 0.018204 1.482820
0.464523 -0.022406 1.459770
0.209004 -0.400319 0.162262
0.485627 0.152290 1.704788
0.466422 -0.018770 1.400831
0.433909 -0.140225 2.429862
0.486928 0.108019 1.603671
0.040064 -0.410008 0.179092
0.162352 -0.268667 1.911643
-0.164705 0.152861 2.955014
0.010784 -0.456234 0.563003
0.203930 -0.378205 -0.091047
-0.489844 0.200252 1.309309
0.232058 -0.387204 -0.117298
0.449782 0.151797 1.366470
0.205553 -0.382568 -0.172382
0.492261 0.148376 1.504645
0.061164 -0.478387 -2.560919
0.493139 0.000414 1.581110
-0.367236 0.256175 -2.453003
0.499286 0.159281 1.640433
0.217929 -0.346468 0.013985
0.498063 0.134644 1.651818
0.485299 -0.030009 1.434752
-0.375716 0.402946 3.082044
0.439131 0.172288 1.209320
0.488609 0.110327 1.506963
0.491198 -0.046411 1.627894
0.323903 0.325922 -2.512198
0.152509 -0.266431 0.817037
0.497962 0.130668 1.608116
0.497888 0.149728 1.658686
0.415672 0.109034 1.686515
0.206714 -0.399146 0.460572
0.499048 0.138445 1.762441
0.096161 -0.470956 -2.769705
0.484180 0.160696 1.532990
0.210121 -0.368633 0.127759
0.495658 0.148828 1.448740
0.436934 0.084783 1.874402
0.495478 0.226620 1.571053
0.029913 0.112214 2.440302
0.487771 0.123700 1.616583
0.460899 0.016362 0.824323
0.498290 -0.022721 1.273559
0.425081 0.113692 1.507222
0.448024 0.120279 1.733347
0.218316 -0.396520 0.515632
0.482319 0.150889 1.594644
0.154296 -0.253383 2.370835
0.429143 0.166349 1.167650
0.448373 0.215798 1.743124
0.496703 0.231763 1.399386
0.432822 0.165279 1.333870
0.037922 -0.411438 0.044771
-0.067769 -0.499772 3.121451
0.497659 0.214149 1.631373
0.417029 0.107757 1.450097
0.492735 0.135587 1.432953
0.477536 0.129402 1.437754
-0.155227 0.134654 3.061884
0.480370 0.141342 1.191331
0.493440 0.153545 1.734460
0.428525 0.114835 1.470396
0.496557 0.155438 1.613054
0.201198 -0.369579 0.047822
0.216069 -0.391295 0.090547
0.135624 -0.304188 1.087247
0.176498 -0.403844 0.774869
0.448912 0.061822 1.544098
0.447262 0.163841 1.532446
0.439718 0.090772 1.596673
-0.089550 -0.481766 -3.066928
0.033979 -0.391209 0.212433
0.494068 0.136471 1.515524
0.220691 -0.345640 0.321670
0.483145 0.147181 1.561217
0.460079 0.229638 1.507436
0.456060 0.156091 1.365237
0.430723 0.111989 1.520663
0.008295 -0.449968 0.764799
0.427407 0.093369 1.245917
0.417827 0.139213 1.583814
-0.485676 0.375264 -2.336562
0.443746 0.106952 1.743728
-0.034357 -0.496025 -2.964401
0.452435 0.045527 0.979211
0.199572 -0.349979 0.204766
0.498553 0.159840 1.725551
0.496357 0.120347 1.789579
-0.079119 -0.479007 3.087306
0.492287 0.233948 1.321742
0.477826 0.139444 1.681834
-0.070690 -0.495977 -3.027750
0.076906 -0.436819 0.320189
0.009889 -0.464017 2.784367
0.198668 -0.376918 0.066146
0.480104 0.147310 1.519055
0.196059 -0.301818 0.491128
0.498795 0.120867 1.399421
0.498917 0.124274 1.553245
0.205168 -0.331539 0.489084
-0.082129 -0.473350 2.983099
-0.079197 -0.499292 2.982447
0.475978 0.228191 1.421397
0.415803 0.093417 1.490784
-0.070702 -0.495955 -3.005578
0.493871 0.128043 1.287970
0.498598 0.159997 1.732245
0.455229 0.115242 1.493257
0.188299 -0.327613 0.668375
-0.063291 -0.484583 -3.114759
