-0.443075 0.275471 1.295808
0.433130 -0.114992 -1.729240
0.497244 0.283253 -1.302888
-0.488890 -0.378654 -1.660295
0.493938 0.283920 -1.500765
-0.479681 -0.458462 -0.116548
-0.431489 -0.392256 -1.545192
-0.492682 -0.422105 -1.849440
-0.186449 -0.497670 1.626346
-0.260543 -0.349800 -1.012602
0.479476 -0.115135 -1.443574
0.483948 0.274468 -1.463574
-0.493768 -0.490238 -0.094862
-0.484931 0.257555 1.319849
-0.310272 -0.382051 -0.432298
-0.484097 -0.400793 -1.455506
-0.186769 -0.318010 -0.915684
-0.273826 -0.232020 -0.745839
0.256062 0.431900 -1.643570
-0.483284 -0.452961 -0.412953
-0.467338 -0.419623 -1.546303
-0.136807 -0.228245 0.369821
-0.483211 -0.393489 -1.473873
-0.440546 0.260312 1.446005
-0.295397 -0.328368 -1.339551
-0.426182 0.241841 1.626093
-0.331380 -0.390847 -0.497731
-0.495732 -0.486925 -0.399063
-0.248124 -0.431718 -0.076922
-0.486862 -0.479782 -0.519829
-0.474517 -0.495943 -0.257882
-0.273669 -0.370613 -0.631109
-0.448132 0.282929 1.437097
-0.390620 0.216060 1.236229
-0.485601 -0.396773 -1.493191
-0.275144 -0.306203 -1.205292
-0.432884 0.255933 1.289557
-0.369545 0.264644 1.258851
-0.324381 -0.388211 -0.433234
-0.371268 -0.296058 -1.088765
-0.472678 -0.490078 2.915571
0.414462 -0.105343 -1.938260
0.487101 -0.111073 -1.676355
-0.479621 -0.493786 2.881530
0.393841 -0.078906 -1.892227
-0.485146 -0.497175 -0.470926
-0.389985 0.271753 1.274736
-0.244959 -0.311115 -1.119738
-0.492423 -0.397116 -1.441944
-0.454452 -0.325566 -1.636713
-0.451837 -0.400172 -1.739998
-0.482707 -0.493925 -0.197928
-0.429902 0.275936 1.330426
-0.454318 -0.408015 -1.775582
-0.448581 -0.400060 -1.561906
-0.252407 -0.353033 -0.839174
-0.221294 -0.350306 -0.863258
-0.484728 -0.283634 -1.655537
-0.296350 -0.368390 -0.769884
0.401156 -0.110492 -1.826993
0.486019 0.157228 -1.538990
0.424401 -0.119311 -1.839255
-0.455805 -0.407501 -1.421367
-0.244868 -0.358904 -0.774775
-0.241127 -0.358509 -0.846497
-0.482711 -0.387351 -1.290479
-0.431743 0.285209 1.444672
0.436733 -0.119454 -1.767530
-0.448553 0.274871 1.476616
-0.471167 -0.409412 -1.636022
-0.485527 -0.456684 -2.319182
-0.252215 -0.349920 -0.795898
0.497663 -0.121505 -1.765271
-0.496719 -0.407345 -1.374199
-0.306066 -0.347342 -0.763511
-0.465601 -0.344593 -1.320746
-0.496739 -0.399781 -1.133934
-0.476237 0.220516 1.571981
-0.230675 -0.346117 -0.708302
-0.339633 -0.405815 -0.519154
-0.478700 -0.410278 -1.291627
-0.463139 -0.377063 -1.378750
0.370472 -0.032450 -2.196862
-0.479388 -0.449515 -0.094850
-0.232568 -0.218319 -1.846658
-0.340605 0.274412 1.143367
-0.242054 -0.352390 -0.887675
-0.201983 -0.307784 -0.916824
0.358808 0.471111 -2.997585
-0.493581 -0.459218 -0.141132
-0.462869 -0.379863 -1.645895
-0.236406 -0.363769 -0.794908
-0.226534 -0.361841 -0.655192
0.415660 -0.123280 -1.929568
-0.488643 -0.439149 -0.154566
-0.154224 -0.247002 0.188723
-0.290846 -0.333489 -1.244180
-0.383229 0.282616 1.171783
-0.229466 -0.311287 -1.295367
-0.393884 -0.395621 -1.483392
-0.482482 -0.488741 2.641090
-0.478768 -0.490390 2.560037
-0.494980 -0.452922 -0.441302
-0.214305 -0.311949 -1.359284
-0.483438 0.187474 1.483927
0.483780 0.148793 -1.788245
-0.480700 0.275055 1.595348
-0.138416 -0.252127 0.331033
-0.471659 -0.386069 -1.265951
-0.220692 -0.314032 -0.963837
0.412280 -0.128683 -2.005864
0.293915 0.483487 3.022927
-0.479361 -0.485844 -2.376569
0.498311 0.146123 -1.591981
-0.382317 0.279161 1.212662
-0.478545 -0.409507 -1.421418
-0.495604 0.238695 1.598813
-0.499127 -0.412952 -1.522674
-0.477027 -0.458620 -0.474118
-0.492711 -0.485855 0.304529
-0.438197 -0.416682 -1.641503
-0.470097 -0.400227 -1.394548
-0.466849 -0.457458 2.757400
-0.485182 -0.379166 -1.731974
-0.454362 -0.401079 -1.673984
-0.480421 -0.405583 -1.347243
-0.159862 -0.479577 -1.556421
-0.459472 -0.368376 -1.302897
-0.245163 -0.157846 -0.499970
-0.391323 0.269902 1.097674
-0.496358 -0.426194 -1.620718
-0.478149 0.208405 1.716558
-0.486113 -0.397213 -1.489360
-0.466636 -0.399358 -1.207162
-0.296098 -0.359312 -0.889883
-0.492170 -0.456750 -2.553239
-0.337852 -0.469750 -1.259852
-0.489903 -0.400349 -1.732617
-0.306395 -0.320144 -1.211724
-0.229416 -0.324225 -1.015233
-0.481376 -0.403517 -1.543869
-0.445195 0.280518 1.492539
-0.273092 -0.351727 -1.121218
-0.312911 -0.360173 -0.841960
-0.492505 -0.395816 -1.920688
0.399170 -0.111649 -1.880007
-0.498799 -0.398471 -1.710589
-0.465236 -0.395296 -1.143298
-0.164624 -0.483245 -1.392170
-0.498768 -0.380801 -1.662537
0.387604 0.402321 -2.735385
-0.301470 -0.371549 -0.676846
-0.181429 -0.498829 1.724485
-0.468707 -0.493945 -2.760800
-0.479583 0.220344 1.620998
-0.496492 0.263724 1.354297
-0.403023 0.262617 1.272682
-0.429989 0.292686 1.505027
-0.476555 -0.349192 -1.505177
-0.142609 -0.378028 0.160873
-0.137104 -0.413358 -0.044619
-0.448214 -0.307559 -1.658019
-0.444703 0.268153 1.440297
-0.493156 0.260182 1.738941
-0.438009 0.275519 1.522996
-0.306799 -0.360968 -0.839219
-0.489003 -0.371818 -1.431264
-0.474657 -0.390355 -1.396486
-0.494141 -0.389853 -1.423578
-0.490169 -0.360200 -1.685295
0.373125 0.254373 -2.180267
-0.124369 -0.495107 1.329925
-0.328092 -0.370184 -0.939125
-0.182184 -0.490817 -1.589239
-0.235207 -0.367115 -0.754783
-0.346935 0.266555 1.261028
-0.461136 -0.399207 -1.481291
-0.243256 -0.362049 -0.875487
0.454661 -0.108609 -1.701731
-0.252765 -0.303863 -1.035821
-0.349457 -0.355648 -0.994058
-0.465574 -0.482747 -2.991459
-0.288934 -0.232622 -0.706612
-0.170592 -0.485231 -1.534172
-0.482230 -0.402020 -1.518424
-0.476870 -0.294710 -1.662757
-0.125821 -0.498193 1.519224
-0.493481 -0.494126 -0.628652
-0.489073 -0.345490 -1.591061
-0.472950 -0.397889 -1.399682
-0.287129 -0.360354 -1.073928
-0.328856 0.252988 1.410053
-0.137408 -0.495489 1.296428
-0.137692 -0.218631 0.503120
-0.399252 0.274153 1.199062
-0.173950 -0.486676 1.777449
-0.256005 -0.356346 -0.769278
-0.238650 -0.369594 -0.842992
-0.188815 -0.497217 -1.493639
0.497154 0.192317 -1.500184
-0.286423 -0.363494 -0.818657
-0.266288 -0.357489 -0.408536
-0.463893 -0.479204 -2.894690
-0.481261 -0.382343 -1.485537
-0.394976 0.276273 1.322729
-0.466559 -0.384687 -1.353770
-0.286955 -0.220267 -0.963749
-0.481408 -0.380246 -1.725646
0.479764 -0.113258 -1.891358
-0.448728 -0.409499 -1.537071
0.296506 0.477919 2.808590
-0.471629 -0.395917 -1.121922
-0.226443 -0.337292 -1.009616
-0.283608 -0.324553 -1.378805
-0.483176 -0.449361 -0.344466
0.295741 0.480534 2.784848
-0.490969 -0.482749 2.113154
-0.235409 -0.358637 -0.608304
-0.456593 0.289429 1.052903
-0.286318 -0.366849 -0.684061
-0.436239 0.279870 1.431665
-0.479578 -0.451069 0.201990
-0.269523 -0.352361 -0.815619
-0.475033 -0.432806 -1.521332
-0.385139 -0.099795 -2.307845
-0.234711 -0.326195 -1.069233
-0.472601 -0.493701 -2.880415
-0.200166 -0.234832 -1.775601
-0.493925 -0.398149 -1.418676
0.392979 0.257006 -1.852599
-0.237184 -0.358472 -0.850392
-0.462756 -0.340412 -1.444416
-0.274585 -0.341946 -0.949188
0.487690 0.180584 -1.408790
-0.477625 0.220534 1.530173
-0.466729 -0.411071 -1.394991
-0.473941 -0.457152 -0.088925
-0.456578 -0.422499 -1.385044
-0.275845 -0.342356 -1.079954
0.411288 -0.122456 -1.945002
-0.178777 -0.225083 -1.747516
-0.463732 -0.469369 -2.919639
-0.239769 -0.309592 -1.074135
-0.494344 -0.401363 -1.481816
-0.499045 -0.486040 -0.534279
-0.475350 -0.381655 -1.676526
-0.491886 0.217780 1.721775
-0.408106 0.282200 1.306182
-0.227059 -0.359010 -0.514647
0.433976 -0.122142 -1.632566
-0.483603 -0.455128 -0.396962
-0.478798 -0.396700 -1.499217
-0.469919 -0.395351 -1.636487
-0.416977 -0.427393 -1.401030
-0.494566 -0.492128 -0.268094
-0.482877 0.216076 1.960987
-0.366900 0.195466 1.062902
0.491534 -0.017394 -1.409713
-0.297838 -0.353503 -0.824698
-0.495791 -0.493560 -2.410099
-0.475849 -0.343157 -1.693109
-0.479088 0.232184 1.366088
-0.296336 -0.314522 -1.161810
-0.477604 -0.457017 -0.164029
0.483225 0.153412 -1.375377
-0.480122 -0.416144 -1.535080
-0.483766 -0.372593 -1.468244
-0.470206 -0.461215 -0.090147
0.457686 0.316099 -1.533369
-0.425193 -0.378341 -1.464075
-0.290434 -0.298473 -1.072093
-0.473848 -0.475144 -0.182932
-0.260909 -0.331623 -1.375246
-0.421376 -0.372205 -1.388050
-0.404634 -0.381500 -1.385477
-0.406549 -0.397947 -1.508593
-0.244381 -0.353116 -0.729027
-0.383702 0.272283 1.028904
-0.214252 -0.309337 -0.848189
-0.479752 0.232162 1.620673
-0.485222 -0.409245 -1.437659
0.468342 0.293179 -1.293493
-0.278391 -0.347946 -0.968810
-0.456413 -0.391219 -1.534620
0.243639 0.428295 -1.758545
-0.113832 -0.478671 1.430556
-0.373238 0.267702 1.352442
-0.258492 -0.348727 -0.852023
-0.477840 -0.396367 -1.598063
-0.438968 0.262534 1.476714
-0.258397 -0.347020 -0.978644
-0.452655 -0.367984 -1.639406
-0.491951 0.231353 1.459372
0.474307 -0.116515 -1.946035
-0.490022 -0.445676 -0.187991
0.486548 0.320192 -1.736057
-0.458695 -0.436735 -1.619212
-0.449665 -0.397539 -1.543225
0.494135 -0.032508 -1.523094
-0.253923 -0.351135 -0.803053
-0.487246 -0.361256 -1.503705
-0.475407 -0.402227 -1.508046
-0.448274 0.279855 1.299014
-0.440400 -0.401586 -1.780476
-0.307637 -0.343957 -0.943893
-0.322378 -0.366510 -0.983463
-0.481018 -0.446526 -0.281570
-0.178077 -0.490476 -1.629742
-0.463951 -0.384091 -1.409622
0.476177 0.187572 -1.753555
-0.499505 -0.450043 -0.517293
-0.259041 -0.362272 -0.615576
-0.249089 -0.310539 -1.172754
-0.483341 -0.495205 0.296404
-0.281644 -0.357584 -1.035394
-0.140649 -0.242005 0.050765
-0.460518 -0.282584 -1.606320
-0.492864 -0.494432 -0.356203
-0.493782 -0.382009 -1.452643
-0.231031 -0.358746 -0.865988
-0.228397 -0.349000 -0.735259
-0.464587 -0.378267 -1.733331
-0.490373 -0.488390 -2.416135
-0.475616 -0.376486 -1.555384
-0.247593 -0.355735 -0.784805
-0.482650 -0.480115 3.027860
-0.479309 -0.457154 -0.324898
-0.452585 -0.415074 -1.627880
-0.287377 -0.222993 -0.570392
-0.181440 -0.476028 -1.487292
-0.469668 -0.392659 -1.322302
-0.276123 -0.324799 -1.371712
0.481393 -0.024176 -1.258551
0.386572 0.239573 -1.869337
-0.321473 -0.326897 -1.033232
-0.283165 -0.227997 -0.884036
-0.476982 -0.485425 -2.615692
-0.244594 -0.325587 -0.666000
-0.493025 -0.393283 -1.409142
-0.270432 -0.355458 -0.922873
-0.159476 -0.469860 -1.457190
-0.471336 -0.388079 -1.650909
-0.431648 0.223082 1.256618
-0.236318 -0.369071 -0.768712
-0.238533 -0.314281 -0.904641
-0.278130 -0.212088 -0.690106
-0.169187 -0.486656 1.291004
-0.473027 -0.392157 -1.567699
0.400981 0.257320 -2.112418
-0.474627 -0.387140 -1.278343
-0.424802 -0.402542 -1.378401
0.310141 0.480766 2.965227
-0.404837 0.229142 1.290296
-0.220260 -0.326443 -1.213950
0.273150 0.476458 -2.864744
-0.491541 0.266023 1.751264
-0.470615 0.200272 1.660420
-0.329187 0.272355 1.159179
-0.476225 -0.402618 -1.377689
-0.297446 -0.380647 -0.481912
-0.497600 -0.398044 -1.522268
-0.285976 -0.348185 -0.892473
-0.173096 -0.489961 -1.608703
-0.344424 0.267440 1.334781
-0.420020 0.282441 1.382311
0.282861 -0.155907 -0.816870
-0.483293 -0.392118 -1.522078
-0.463197 -0.486391 -2.850429
-0.471834 -0.467649 -0.050356
-0.229152 -0.349039 -0.829945
-0.170122 -0.454803 -1.348930
-0.147301 -0.490899 1.265267
-0.307204 -0.374353 -0.809437
-0.243452 -0.369965 -0.966728
-0.499741 -0.397438 -1.448549
-0.469939 -0.478666 -3.022829
-0.476234 -0.417432 -1.418955
-0.382388 0.184820 1.099077
-0.488803 0.251541 1.620107
-0.294451 -0.340030 -0.846526
0.386514 -0.023722 -2.373264
-0.470808 -0.495380 2.993137
-0.371286 0.265774 1.430401
-0.474087 -0.489275 -2.681206
-0.147524 -0.494068 1.647504
0.379241 -0.028094 -2.240171
-0.296903 -0.331324 -1.175542
-0.455264 0.252655 1.406388
-0.467577 -0.306143 -1.596382
-0.364518 0.203402 1.038580
-0.128854 -0.484760 -1.728896
-0.179914 -0.494153 -1.626794
-0.185453 -0.492208 1.476707
-0.473161 -0.458582 -0.257398
-0.445226 0.287240 1.454551
-0.449277 -0.404855 -1.420500
-0.459762 -0.390301 -1.485145
-0.423479 -0.413025 -1.235415
-0.134365 -0.469713 -1.408994
0.491434 0.288404 -1.476555
