0.432580 0.051697 1.426008
0.008216 -0.454585 2.843814
0.148463 0.347449 1.785279
-0.000773 -0.453262 2.945087
0.496948 0.071684 1.472737
0.451222 0.054900 1.776206
0.473720 0.064974 1.473282
0.124911 0.331154 1.973048
0.026459 -0.477118 2.992281
0.132754 -0.384582 2.961542
0.423307 0.057403 1.510289
0.137985 0.324867 1.928096
0.487935 0.075287 1.527153
0.137280 0.357369 1.870960
0.127131 0.334043 1.946093
0.476095 0.064283 1.383233
0.461906 0.066450 1.688956
0.004437 -0.456373 -3.126669
0.156914 0.368712 1.900586
-0.274529 0.272602 2.250280
0.495468 0.070030 1.655024
0.459814 0.040822 1.376767
0.029137 -0.450904 3.022031
0.008238 -0.479969 3.094226
0.444578 0.060706 1.602455
0.171624 0.362841 1.864389
0.464686 0.062164 1.606470
0.455132 0.063683 1.601155
0.486948 0.060307 1.652617
0.135333 -0.355509 2.916922
0.421357 0.054726 1.973145
-0.223085 0.270052 2.162623
0.435681 0.069130 1.437181
0.155133 0.345306 1.989127
0.450186 0.051984 1.480434
0.138617 0.331550 1.645134
0.443388 0.057617 1.492243
0.443577 0.065807 1.616515
0.483545 0.079694 1.361327
0.439190 0.070066 1.644895
0.459591 0.063279 1.542663
0.283849 -0.068692 -1.856958
0.012845 -0.466777 -3.129726
0.159975 0.342752 1.738419
0.066098 -0.455831 2.971647
0.140288 0.355593 2.009006
-0.283553 0.266714 2.487109
0.134911 0.345792 1.883724
0.440155 0.072493 1.545033
0.461421 0.005351 1.800543
0.082052 -0.448697 3.120825
0.010963 -0.414862 3.044026
0.014999 -0.452379 3.008055
0.420537 0.056166 1.631834
-0.128054 -0.194113 2.437391
0.430232 0.078520 1.669162
0.091046 0.289959 1.955368
0.465246 0.059908 1.703557
0.488725 0.070777 1.672803
0.146459 0.340534 1.987454
0.498244 0.067291 1.515157
0.008886 -0.495067 3.079134
0.462448 0.064580 1.434213
0.160735 -0.398253 3.098325
0.099479 -0.420033 3.087698
0.497924 0.059350 1.362992
0.465455 0.078347 1.560900
0.038137 -0.445917 2.893125
-0.227726 0.280786 2.509778
-0.066630 0.182161 2.403613
0.477225 0.076385 1.696183
-0.056139 0.171165 2.403570
0.139841 0.336720 1.939239
0.151079 0.351387 1.824108
0.017220 -0.469789 2.809063
0.427103 0.060443 1.622286
0.448556 -0.011837 1.621847
0.140408 0.344316 1.639150
0.091589 -0.481271 -3.112180
0.007877 -0.471284 2.930978
0.142602 0.345431 1.844172
0.133496 0.343867 1.708905
0.470375 0.069428 1.566785
-0.347190 0.107101 2.438189
0.460234 0.053007 1.393855
0.040043 -0.471941 3.106024
0.417388 0.056876 1.511316
0.256936 -0.032838 -2.076630
0.023685 -0.470271 2.881277
0.449113 0.065008 1.620880
-0.228502 0.291542 2.335851
0.174031 -0.417992 -3.073807
0.300192 0.043582 -2.477472
0.013650 -0.447077 -2.971177
0.139879 0.326403 1.620393
0.463748 0.067503 1.752085
0.160764 0.367328 1.859918
0.458644 0.062627 1.694106
-0.038594 0.168475 2.140934
0.463468 0.074194 1.596070
0.187072 0.371822 2.137837
0.448880 0.058727 1.561258
0.452015 0.078468 1.546487
0.498924 0.049135 1.655343
0.469777 0.052651 1.811101
0.151411 0.355237 1.876861
0.126141 0.340000 1.907793
-0.063726 0.137829 2.612105
0.489524 0.051375 1.557158
0.020625 -0.450568 -3.044266
0.460861 0.062486 1.573150
0.442241 0.063691 1.637442
0.010338 -0.454088 3.101793
0.432332 0.059945 2.040179
0.354844 0.035140 2.165226
0.435191 0.070860 1.624121
0.151535 0.358513 1.860931
0.456322 0.075222 1.577208
0.454137 0.061924 1.453104
0.446743 0.058368 1.637272
0.089740 0.282491 2.019343
0.453796 0.068870 1.524440
0.131663 -0.474944 -3.139593
0.445546 0.049781 1.664411
0.485955 0.076652 1.420235
-0.074468 0.155229 2.301410
0.450572 0.057198 1.582139
0.460234 0.062722 1.576721
-0.217114 -0.443374 -3.005450
0.018826 -0.470404 3.134729
0.112776 0.352599 1.946086
0.024386 -0.449182 3.102949
0.160103 0.363292 1.677699
0.151981 0.351229 1.693256
0.138624 0.342945 1.950368
0.122901 -0.474382 -3.032206
0.463760 0.065078 1.818484
0.140298 0.348081 1.998819
0.161479 0.356891 1.927194
0.437309 0.059125 1.589522
0.474080 0.062180 1.569584
0.460249 0.083120 1.583155
0.473043 -0.009063 1.745957
0.131171 0.347242 1.504064
0.010109 -0.451811 3.101707
0.458314 0.065141 1.591864
0.131962 0.353265 1.820915
0.134883 0.341226 1.883253
-0.056200 0.164618 2.446188
-0.232300 0.269623 2.464354
0.068761 -0.474931 -3.105946
0.497192 0.052647 1.494650
0.461899 0.053879 1.597423
0.436347 0.070799 1.706806
0.077928 -0.478295 2.859691
0.006444 -0.466947 -3.002399
0.436188 0.062476 1.834546
0.147508 0.348126 1.740111
0.465928 0.069320 1.540743
0.156424 0.353683 1.624946
0.171018 0.348160 2.123834
0.129191 0.344389 1.933208
0.187750 0.366082 1.808861
0.424659 0.070105 1.690475
0.454242 0.065409 1.698079
0.495965 0.073124 1.642186
0.152703 0.342892 1.868488
0.438714 0.057752 1.762266
0.328161 0.392690 -2.631821
0.040613 0.279561 2.047711
0.141304 0.344247 2.015792
0.430171 0.057368 1.600281
0.489441 0.067166 1.679160
-0.274349 0.275674 2.547023
0.430920 0.070044 1.501165
0.464993 0.058374 1.813810
-0.237758 0.295540 2.480534
0.443888 0.058477 1.572576
0.081227 -0.476050 3.004958
0.457018 0.065822 1.487105
0.014652 -0.474702 3.037058
0.018142 -0.450041 -3.052547
0.010525 -0.457055 -2.952502
0.451535 0.080726 1.666531
0.142610 0.321396 1.675522
0.434117 0.059995 1.642997
0.142810 0.367097 1.786925
0.156364 0.347609 1.819994
0.457803 0.077810 1.726142
0.495321 0.072806 1.504864
0.445561 0.067155 1.795808
0.140203 0.344036 1.887324
0.473054 0.065353 1.475745
-0.072786 0.162945 2.364882
0.016035 -0.466534 -2.813977
-0.352499 0.095115 2.320212
0.005879 -0.467231 -3.053756
0.450759 0.056670 1.624501
0.151688 0.353932 1.865716
0.442745 0.064910 1.614129
0.017799 -0.469633 2.888571
0.020023 -0.453374 -3.124974
0.475617 0.057371 1.578002
0.425538 0.061711 1.434633
-0.077950 0.163545 2.521963
0.168654 0.350077 1.917502
0.441878 0.069061 1.600628
0.184919 0.362665 2.035778
0.126396 -0.496147 -3.008188
-0.313802 0.255751 2.556927
0.013799 -0.479838 -2.862871
0.404812 0.052714 1.492757
0.477077 0.062333 1.637197
0.455175 0.047773 1.752341
0.146763 0.352161 1.796223
0.444927 0.066490 1.707673
0.490272 0.055777 1.611635
0.128004 0.343705 2.012527
0.133216 0.346685 1.983837
-0.069909 0.138518 2.482189
0.447017 0.063546 1.305271
0.067335 -0.483489 3.068954
0.454153 0.065666 1.489459
0.465468 0.059399 1.582765
0.412263 0.043974 1.583606
0.106598 0.328948 1.756619
0.462812 0.082791 1.562778
0.451562 0.072698 1.490545
0.014797 -0.430479 3.097003
0.007999 -0.464141 -3.092486
0.464133 0.057869 1.587671
0.014649 -0.465253 -2.716160
0.441698 0.064847 1.523541
-0.053213 0.168781 2.253844
0.456701 0.071422 1.496603
0.449512 0.055540 1.500298
0.462523 0.053790 1.530920
0.466020 0.062423 1.474010
0.463451 0.081280 1.378381
0.472378 0.065577 1.503098
-0.094472 0.355707 1.614899
0.169799 0.348883 2.123710
0.437305 0.056731 1.620345
0.112713 0.341831 1.752812
0.112795 0.337260 1.742144
0.121818 0.341568 1.833123
0.069792 0.282374 1.872926
0.014418 -0.452978 -3.046104
0.443018 0.047063 1.385986
0.495955 0.071323 1.629108
0.171941 0.364288 1.945220
0.452909 0.057456 1.626304
0.485039 0.056130 1.719776
0.137089 0.354190 1.861818
0.456994 0.060001 1.762920
0.136646 0.344690 2.092164
0.494887 0.059400 1.549999
0.011015 -0.449073 2.880347
0.458208 0.063772 1.774213
0.013480 -0.454407 3.086048
0.145441 0.345356 1.776086
0.021601 -0.453763 2.813328
0.159197 0.349070 1.834145
0.172392 0.347548 1.700566
0.423615 0.051274 1.573214
0.460200 0.060037 1.614084
0.456225 0.063427 1.607301
-0.057004 0.130587 2.032690
0.462582 0.053825 1.608742
0.135091 -0.475999 3.056456
0.432694 0.039536 1.371552
0.010845 -0.438859 -2.988038
0.438754 0.068681 1.532846
0.478303 0.069630 1.550461
0.020551 -0.469752 2.959135
0.428018 0.068487 1.513869
-0.263354 0.280243 2.062240
0.459596 0.060041 1.318213
0.442527 0.067661 1.455434
0.461220 0.053055 1.191805
0.144303 0.354898 1.678930
-0.236007 0.294547 2.366272
0.171313 0.349237 2.102998
0.019518 -0.432997 -3.002432
0.468179 0.071947 1.462832
0.485656 0.055435 1.397404
0.462341 0.057087 1.415633
0.022343 -0.466367 -2.891386
0.476732 -0.008650 1.656020
0.497087 0.048217 1.355956
0.110032 0.337829 2.103990
0.435853 0.063989 1.701659
0.458238 0.048054 1.647244
-0.298625 0.258476 2.542449
0.472733 0.069645 1.334244
-0.251491 0.284616 2.276254
0.014235 -0.454925 -3.135830
-0.212983 0.290485 2.552019
0.151953 0.358935 1.623317
0.164915 0.348210 1.925944
0.147514 0.343266 2.051498
0.156067 0.353581 1.761736
0.446000 0.061674 1.681972
0.422764 0.048558 1.775034
0.466545 0.063438 1.562152
0.143170 0.359019 1.614440
0.478708 0.039967 1.638246
0.437597 0.057109 1.756356
0.467022 0.070900 1.759653
0.141886 0.347601 1.872712
0.456815 0.055802 1.632883
0.449470 0.057352 1.219933
0.484485 0.031863 1.580904
0.433937 0.076001 1.424171
0.441730 0.057861 1.640239
-0.473215 -0.210348 2.286058
0.263112 0.009292 -2.026634
0.460338 0.051763 1.503459
0.468830 0.069219 1.811788
0.438255 0.059370 1.421865
0.435847 0.066046 1.466091
0.129306 0.357240 1.880344
-0.071580 0.167004 2.117152
-0.368442 0.065057 2.602510
0.477651 0.061176 1.744534
0.127835 0.342651 1.965409
0.447194 0.064992 1.499595
0.452848 0.063840 1.646860
0.151117 -0.380321 2.966981
0.009317 -0.460842 2.992611
0.456139 0.055747 1.849536
0.142985 0.345844 1.920308
0.004055 -0.469604 -3.012861
0.466043 0.057329 1.487506
-0.319512 0.250913 2.655598
0.183005 0.347041 1.657884
0.457076 0.071828 1.732623
0.016935 -0.458029 3.119668
0.418040 0.065362 1.746099
0.154741 -0.472937 -3.116788
0.106416 -0.398310 3.036235
0.450714 0.061849 1.406059
-0.218987 -0.419596 3.139211
0.024933 -0.469763 -3.140582
0.146074 -0.471363 2.984302
0.478570 0.060850 1.640396
0.497496 0.065965 1.720264
0.470485 0.063700 1.635123
-0.238218 0.265063 2.045076
0.443208 0.066437 1.677250
0.431833 0.061908 1.706970
0.445696 0.052550 1.680491
0.474279 0.062234 1.579038
0.121218 0.339530 1.718874
-0.212950 0.189749 1.332786
-0.279729 -0.363894 0.137296
0.437710 0.053370 1.773727
0.499526 0.074524 1.827846
0.443277 0.078107 1.620986
0.493382 0.058959 1.342190
0.003861 -0.474979 3.035915
0.186489 0.349985 1.654693
0.452215 0.055839 1.671006
0.135095 0.337402 1.817288
-0.050572 0.163615 2.348998
0.137313 0.319267 1.887232
0.455570 0.070064 1.340909
0.458240 0.064543 1.996966
0.108395 -0.413239 2.741439
0.451286 0.066623 1.529649
-0.055339 0.152107 2.284874
0.296748 -0.066600 -1.941334
0.457857 0.065751 1.571050
0.062261 -0.473990 3.058175
0.141265 0.347499 1.928608
-0.191473 0.199172 1.243402
0.495502 0.056376 1.691910
0.492878 0.059635 1.701077
0.016874 -0.471275 -3.043851
0.023876 -0.449583 3.108109
0.470647 0.059151 1.414348
0.020181 -0.460040 3.079057
0.119366 -0.479411 -2.941856
0.155019 0.359170 1.882183
0.126437 0.306175 2.010674
0.441832 0.055340 1.583309
0.135399 0.348494 1.974719
0.435847 0.064698 1.751501
0.447641 0.062022 1.611840
0.158351 0.342167 2.132300
0.008074 -0.486733 -3.095420
0.449349 0.054478 1.407159
0.115543 -0.363775 3.020841
0.476469 0.060493 1.457698
0.011430 -0.487472 -2.912984
0.460517 0.061988 1.432575
0.428730 0.072639 1.654804
0.466646 0.070540 1.367688
0.440786 0.051671 1.291711
-0.269590 -0.336984 0.146944
