-0.338980 0.394647 2.203532
0.100084 0.467500 -2.907812
-0.498567 0.044815 1.527181
-0.494514 0.051957 1.681702
-0.474172 0.182502 2.568867
-0.483768 0.155831 1.798935
0.123674 0.430972 -2.337564
-0.428575 -0.247503 0.663882
-0.490051 0.070269 1.791804
0.495290 0.366618 0.967732
0.118998 0.444545 -2.734324
0.120388 0.431553 -2.891009
-0.487197 0.169480 1.911369
-0.497603 0.041361 1.373796
0.111999 0.404963 -2.312847
0.484114 0.389594 2.357537
-0.467736 -0.155027 1.633325
0.097424 0.387126 -2.585803
-0.440284 -0.254655 0.939520
-0.495749 0.048469 1.542829
-0.493292 -0.075751 1.637678
-0.493607 0.068834 1.826617
0.040466 0.435474 -2.878300
-0.486973 0.064716 1.487472
0.007047 0.452844 -3.065194
-0.448836 -0.134156 1.437733
0.027329 0.407408 -2.881134
-0.496999 0.049167 1.547407
-0.404857 -0.330402 0.531075
0.033955 0.445288 -3.020546
-0.474608 0.043200 1.471762
-0.454669 0.108099 1.657745
-0.488017 -0.038844 1.454677
-0.498211 0.015733 1.776689
0.487895 0.345189 0.556834
-0.476407 -0.124051 1.755413
-0.477803 0.171783 1.521381
-0.491225 -0.064850 1.521906
-0.487802 0.026716 1.505473
-0.493092 0.031422 1.594349
-0.473736 0.099971 1.549667
0.105452 0.372634 -2.447596
-0.489698 0.172430 1.885122
0.484981 0.355479 1.887527
-0.478341 0.051540 1.748768
-0.485663 0.065376 1.515114
-0.481824 0.049305 1.327328
-0.496074 0.069147 1.631542
0.111104 0.456715 -2.858901
0.074787 0.381450 -2.206670
0.034825 0.450924 -2.717093
0.439242 0.460022 -0.178594
0.458616 0.389577 1.155145
-0.384514 0.223072 2.264449
-0.495400 0.083885 1.625937
-0.468850 0.109846 1.656059
-0.453522 0.101748 1.405256
-0.475631 0.106490 1.769830
-0.492364 -0.046247 1.631924
-0.497973 0.013640 1.334180
-0.266204 0.342517 2.429668
-0.490999 0.205320 2.798019
0.482777 0.389036 2.204720
0.131712 0.355258 -2.277937
0.142150 0.477527 -2.957637
0.056294 0.406703 -2.629132
-0.493192 -0.009602 1.571452
-0.207619 -0.084951 -2.737906
-0.472091 -0.024877 1.498268
-0.323740 0.382585 2.177181
0.109071 0.367836 -2.636952
-0.495192 -0.049372 1.592439
-0.490386 -0.084600 1.790672
-0.476145 0.058304 1.827942
-0.490319 0.057250 1.491802
-0.483446 -0.048590 1.822960
0.109920 0.406194 -2.470689
-0.494033 0.043358 1.372388
-0.477977 -0.082165 1.520677
-0.458606 -0.127409 1.499540
-0.494811 0.043634 1.875586
-0.486374 0.043307 1.405503
-0.499865 -0.089807 1.383501
-0.477230 -0.337836 0.767560
-0.475118 -0.115359 1.696165
-0.474676 -0.057173 1.600015
-0.485406 0.047754 1.521534
0.118691 0.407760 -2.370635
0.114770 0.434595 -2.947441
0.117065 0.400904 -2.609985
0.109312 0.384863 -2.349301
0.131591 0.361252 -2.240296
0.122005 0.401780 -2.456432
0.488760 0.378739 2.466566
-0.479528 -0.126358 1.476256
-0.475388 0.166122 1.323352
0.032333 0.472460 -2.673470
-0.470126 0.086530 1.573994
0.052937 0.481770 -2.912813
0.466014 0.359468 1.021844
-0.399747 -0.332953 0.180521
-0.457470 0.171218 1.691395
0.020079 0.430328 -2.842192
-0.450673 0.084348 1.720831
-0.496126 0.055177 1.778139
-0.481469 0.146835 2.267306
-0.492216 0.163858 1.831727
-0.135472 0.180653 1.565785
-0.282545 0.310383 1.973443
-0.443460 0.185560 2.390819
-0.471108 -0.091955 1.567826
-0.482487 0.035614 1.633458
0.010631 0.396733 -2.488483
-0.455639 -0.064636 1.946413
-0.486995 0.053085 1.637987
-0.493669 0.059692 1.582867
0.462764 0.367450 1.105209
-0.483939 0.084810 1.524063
-0.480151 -0.068530 1.576738
-0.480973 0.027308 1.743954
-0.492377 0.038327 1.575282
-0.492646 0.055710 1.517939
-0.471805 0.173346 1.257544
-0.498279 0.045973 1.544854
-0.466946 0.025745 1.378031
-0.467969 0.165779 1.663829
-0.481237 -0.075293 1.704701
-0.489147 0.043855 1.592303
0.477514 0.403383 2.220417
0.108102 0.434262 -2.816106
-0.484912 -0.118892 1.474224
-0.489301 0.130566 1.653903
0.472623 0.315286 0.477927
-0.479995 0.035578 1.465872
-0.466321 0.032724 1.787435
-0.479895 0.056820 1.648931
-0.489337 0.172208 1.637119
-0.486588 -0.078625 1.433264
-0.499994 0.062719 1.525767
-0.253105 0.397621 2.184959
-0.444526 0.095081 1.494008
0.106480 0.441787 -2.884078
0.115618 0.388959 -2.486134
-0.481331 -0.032451 1.439593
-0.496373 0.048822 1.570489
-0.494266 0.070686 1.589925
-0.488427 0.175723 1.500353
-0.475406 -0.055967 1.443779
-0.489859 0.029484 1.694027
-0.486758 0.171992 2.491113
-0.458114 0.146891 2.659128
-0.472901 -0.012390 1.446316
-0.473085 0.175430 1.600278
-0.450280 -0.160670 1.486736
-0.321508 0.384581 2.308673
-0.491474 0.035390 1.692538
0.034394 0.438956 -2.756995
-0.498449 0.055700 1.680654
-0.073136 0.430854 -2.787780
-0.487646 0.153170 1.884052
0.490767 0.329664 0.606718
-0.430572 0.182237 2.616364
0.103261 0.362907 -2.448341
-0.487309 0.060578 1.584520
-0.481677 0.042623 1.669625
-0.499803 0.034957 1.504391
-0.476949 -0.073550 1.453329
-0.043145 -0.255160 -2.802275
-0.114785 0.089129 -1.711919
0.211852 0.355282 -0.228556
-0.483130 0.020742 1.721478
-0.480769 0.065312 1.452127
-0.470781 -0.068989 1.884102
-0.486325 0.029413 1.457882
0.482188 0.339568 0.510637
0.482986 0.312391 2.083624
-0.496653 0.022969 1.989690
-0.490463 0.023154 1.629997
-0.493730 0.044976 1.718555
-0.436187 -0.241709 0.813176
-0.489728 0.161099 1.289674
-0.486942 0.053836 1.636129
-0.489562 0.037444 1.418675
-0.496379 0.043921 1.753354
-0.449105 0.196667 2.447711
-0.499243 0.035819 1.496181
-0.481601 0.051163 1.344525
0.115306 0.393059 -2.559386
-0.494668 0.070472 1.529945
-0.479218 0.064593 1.619908
-0.493097 0.079812 1.547913
-0.266259 0.325401 1.980740
-0.493924 -0.000387 1.645515
0.022917 0.456652 -2.781623
-0.182014 0.372661 -0.970525
-0.457627 0.205329 2.581891
-0.486802 0.116515 1.519732
-0.488095 0.031889 1.554233
-0.495136 0.034721 1.770547
-0.495233 -0.257600 1.262638
-0.463071 -0.076607 1.524625
0.036743 0.461700 -2.815075
0.166554 -0.314099 -1.987796
-0.469632 0.167500 1.450312
-0.478550 -0.091495 1.413642
0.463769 0.348913 1.061013
-0.478967 0.092945 1.758639
0.486942 0.328803 0.775210
-0.485346 0.170621 1.628154
-0.497348 0.048353 1.375493
-0.470034 0.024379 1.880921
-0.430235 0.186500 2.466027
-0.499573 0.064491 1.597071
-0.497733 0.073134 1.168053
-0.468846 0.157210 1.463458
0.109619 0.432489 -2.702588
-0.272885 0.372347 1.713433
-0.479955 0.166093 1.680951
-0.475421 0.090092 1.581115
-0.496713 0.069255 1.664618
-0.468296 -0.077991 1.536161
-0.488313 0.028975 1.684135
-0.482549 0.063452 1.389330
0.108826 0.454578 -2.773432
-0.488637 0.038990 1.663100
-0.461503 -0.131877 1.642359
-0.466952 0.155039 1.656100
-0.492377 0.046193 1.642866
0.485689 0.360530 2.272558
-0.462195 0.179078 2.515411
-0.495656 0.051403 1.507172
0.110679 0.365069 -2.643203
-0.448759 -0.138041 1.677765
0.292524 0.397273 -2.375696
-0.484550 0.066402 1.471204
-0.067085 0.437434 -2.647049
-0.478970 -0.146079 1.268811
-0.463536 -0.120308 1.378448
-0.495638 0.057469 1.549936
-0.479751 0.043686 1.535787
-0.493420 0.020052 1.512779
-0.483343 0.148549 1.948569
-0.495400 0.026320 1.617122
0.130622 0.371349 -2.495620
-0.493322 0.030557 1.445082
-0.494357 0.044661 1.665425
-0.491448 0.050164 1.713105
-0.499792 0.077584 1.665044
-0.448403 0.143523 2.772205
-0.388298 -0.345757 0.346582
0.114003 0.369789 -2.346748
-0.474917 -0.120113 1.708512
-0.466723 0.119148 3.004865
0.487199 0.351599 2.417596
-0.496123 0.080201 1.678889
0.037993 0.470504 -2.953896
-0.499461 0.056769 1.572628
0.038547 0.422463 -2.884393
-0.074776 0.495259 2.579776
-0.185299 -0.107892 -2.800712
-0.493173 0.072980 1.633540
-0.342179 0.386096 2.262303
0.431187 0.433799 0.366260
-0.485319 0.039688 1.402271
-0.453854 0.095024 1.641483
-0.494812 0.060393 1.454679
0.024304 0.429466 -2.997896
-0.496847 0.040411 1.529677
-0.464108 0.178758 1.724540
-0.242977 0.382379 2.169911
0.096165 0.455703 -2.863034
-0.488335 0.062572 1.580094
-0.469901 0.035312 1.482415
0.116024 0.375441 -2.251778
0.113995 0.456086 -2.945768
-0.490431 -0.007208 1.638217
-0.491490 0.036511 1.644423
0.103159 0.431768 -2.531868
-0.480414 0.023065 1.378825
-0.475996 -0.075974 1.522419
-0.448632 -0.126774 1.559078
-0.497285 0.029773 1.898377
-0.484880 0.165877 1.793043
0.028593 0.397491 -2.642850
0.061144 -0.374427 0.464673
-0.454996 -0.114109 1.583199
0.031575 0.449051 -2.635039
-0.484190 -0.064363 1.532747
0.109612 0.368957 -2.517301
-0.461242 -0.058361 1.773353
-0.472662 0.068572 1.542427
-0.468715 0.030068 1.528395
-0.485209 0.040603 1.450356
0.487634 0.343454 1.631865
-0.484350 -0.057464 1.598435
-0.495015 0.041099 1.644091
-0.494119 0.015476 1.486301
0.108828 0.377619 -2.465340
0.109093 0.372911 -2.408531
0.488993 0.348475 0.715531
-0.435099 -0.112093 1.616400
-0.478843 0.158847 2.362326
0.118771 0.436205 -2.692893
-0.492634 0.006095 1.468843
-0.277284 0.332587 2.056097
-0.440216 -0.105893 1.342308
0.112288 0.379965 -2.471034
-0.253941 0.393516 2.073315
0.037079 0.456414 -2.814553
0.121457 0.371849 -2.174554
-0.482886 -0.097747 1.432411
0.104401 0.451331 -2.692690
0.112528 0.406736 -2.675521
0.312262 -0.431590 -1.524519
-0.496079 -0.127212 1.410000
-0.495591 0.056336 1.742337
0.110034 0.379121 -2.784364
-0.493652 -0.061376 1.753433
-0.459569 0.177252 2.590662
-0.455944 0.166236 2.335776
0.499335 0.370707 2.121866
-0.484545 0.021830 1.214109
0.240206 0.370608 -0.066683
-0.464893 -0.132524 1.487787
0.115859 0.355411 -2.165387
0.469062 0.383025 0.765660
0.133071 0.461310 -2.939801
0.110685 0.420899 -2.462945
-0.474599 0.051848 1.587694
-0.490252 0.037509 1.287756
-0.489306 0.172941 1.936084
-0.469245 0.180339 1.725418
-0.246566 0.353119 2.311359
-0.496922 0.177295 1.506258
-0.485803 0.038881 1.565421
-0.447721 0.188112 2.302108
-0.478617 -0.128618 1.535433
-0.471501 0.176827 2.778619
-0.456673 0.195605 2.823126
0.027095 0.427298 -2.850030
-0.489792 0.028157 1.620469
-0.485260 0.022782 1.694855
-0.495095 0.053762 1.696489
-0.488203 -0.003023 1.371648
-0.491754 0.054768 1.638370
-0.495516 0.069955 1.295679
0.058347 0.425101 -2.727472
-0.488108 0.021088 1.354100
-0.481518 0.007674 1.667571
-0.466210 0.101749 1.408305
0.107322 0.440563 -2.951306
0.048950 0.498417 -2.930600
0.037088 0.440474 -2.947223
-0.484261 0.174724 1.490498
-0.450123 -0.117159 1.636950
-0.488316 0.049976 1.399521
-0.044968 0.411883 -2.508816
-0.457482 -0.075824 1.761670
-0.468647 0.155036 1.380967
-0.499844 0.040711 1.662761
-0.485678 0.040266 1.543438
-0.470177 -0.095648 1.459488
-0.489470 0.020594 1.611915
-0.489681 0.096937 1.673431
-0.483569 -0.121732 1.699348
0.142079 0.460202 -2.993954
0.492153 0.356172 1.598338
-0.477550 0.157174 1.816579
-0.450920 0.096804 1.463976
-0.481839 -0.073255 1.620956
-0.482092 0.157333 1.445836
0.128623 0.393453 -2.310627
-0.136341 0.337895 2.797072
-0.498333 0.036829 1.575784
-0.491314 0.185112 1.646257
-0.487634 0.049506 1.451338
0.251826 -0.447974 -2.765565
-0.483732 0.168067 1.365172
0.125249 0.376031 -2.375877
0.482789 0.346579 0.984092
0.112165 0.450028 -2.858084
0.107854 0.444229 -2.769760
0.480600 0.395887 2.412948
-0.493679 0.046560 1.472852
-0.472977 -0.087684 1.829309
-0.461704 -0.129546 1.649126
0.113741 0.397264 -2.385096
-0.465230 0.163438 1.542244
0.496536 0.357050 2.387381
-0.482389 -0.077806 1.680055
-0.473705 0.107642 1.504500
-0.470080 0.160566 1.460166
-0.495026 0.073418 1.468707
0.063083 0.419517 -3.073707
0.118330 0.398997 -2.517312
-0.498531 0.065937 1.445045
-0.499065 0.058658 1.792813
0.248756 0.457073 -2.363746
-0.480957 0.080844 1.432132
-0.495309 0.055456 1.603059
