0.010358 -0.230558 2.474531
-0.147479 0.284285 -0.302988
-0.174338 0.460597 0.051315
0.098797 -0.340114 2.496140
-0.125304 0.361722 0.098408
-0.203058 -0.447490 2.943492
-0.032219 -0.424962 2.937904
-0.486255 0.422690 -0.627709
-0.274788 0.349566 -1.507421
-0.463496 0.477111 -0.613073
-0.142970 0.264549 -0.272507
-0.126171 0.340908 0.551761
-0.182303 -0.487148 -3.070755
0.019593 -0.197504 2.461212
-0.000806 -0.434175 2.751396
-0.494670 0.446549 -0.668437
-0.447996 0.485942 -1.010011
-0.498771 0.495799 2.271448
0.167271 0.033506 0.459414
-0.066357 -0.455138 -3.076546
-0.027492 -0.334569 2.730675
-0.045931 -0.418669 -3.047715
-0.453634 0.377197 -1.550720
-0.375488 0.324971 -1.524430
-0.488449 0.484028 -3.023748
0.027005 -0.248857 2.555553
0.145592 -0.327326 2.902074
0.039814 -0.472003 -3.127536
0.014216 -0.481215 -3.119300
0.045840 -0.485085 -3.110404
-0.006918 -0.447410 2.982007
-0.260382 0.246489 1.632643
-0.000278 -0.208972 2.572171
0.023043 -0.244603 2.716076
0.039706 -0.268136 2.797672
-0.495312 0.490193 -2.995490
-0.490947 0.484210 -1.875162
0.028603 -0.186901 2.579022
0.000789 -0.352486 2.953521
-0.466302 0.495645 -2.611680
0.043300 -0.438334 2.779292
-0.151913 0.269449 -0.225493
-0.148071 0.250260 -0.309340
0.030136 -0.477298 3.056820
0.248501 0.361489 1.081359
-0.035346 -0.469060 -3.041968
0.024595 -0.202396 2.461432
-0.457314 0.499922 -0.048050
-0.456233 0.453044 -2.321160
-0.495706 0.452489 -2.779159
0.039901 -0.342130 2.633938
0.021339 -0.484589 3.025252
0.001725 -0.237849 2.310467
-0.023871 -0.309927 2.933850
0.000642 -0.278274 2.554993
0.010781 -0.412431 2.637102
0.027803 -0.370832 2.686510
-0.497761 0.493312 -0.682554
0.032385 -0.322496 2.986898
-0.156883 0.231981 -0.246771
0.385490 0.034388 0.569076
-0.158251 0.240829 -0.407658
0.013702 -0.290558 2.626457
-0.482399 0.348617 -1.263655
0.006276 -0.420686 2.924205
-0.490162 0.451942 -2.813612
0.005178 -0.206746 2.644761
-0.158576 0.247662 -0.164393
0.022735 -0.230438 2.543271
-0.007788 -0.279083 2.775637
0.062554 -0.459991 2.985142
-0.457052 0.479289 -1.201747
0.095312 0.464729 -1.564090
0.041876 -0.336757 2.737747
0.329576 -0.391465 -2.922199
0.153575 -0.312907 2.757393
-0.458158 0.463389 -1.512691
-0.005190 -0.200430 2.561725
-0.480247 0.343274 -1.476307
-0.496188 0.345346 -1.472909
-0.023557 -0.317091 2.799390
0.050716 -0.267520 2.824165
-0.152201 0.287580 0.036836
-0.028912 -0.428234 2.789269
0.412630 -0.040832 0.038966
0.011694 -0.188883 2.822971
-0.446284 0.327431 -2.872675
-0.458761 0.488994 -0.041460
-0.146869 0.455268 0.245070
-0.023292 -0.446090 3.004951
-0.498559 0.466478 -0.665563
-0.492529 0.342222 -1.367961
-0.493894 0.343652 -1.742818
-0.157563 0.242134 -0.170854
0.042592 -0.441659 -3.139144
-0.047545 -0.431941 -3.073599
-0.483594 0.487146 -2.705188
0.002952 -0.246811 2.622772
-0.465133 0.490131 0.131723
-0.025027 -0.358507 2.723464
0.069807 -0.445222 3.041803
0.006635 -0.461574 3.031621
0.024052 -0.477825 3.064225
-0.046913 -0.486349 -3.115794
0.035126 -0.234435 2.563741
0.449866 0.034231 2.440633
-0.006182 -0.200995 2.624551
-0.034678 -0.408655 -3.131105
-0.491032 0.453193 -2.716928
-0.466331 0.489218 -0.040714
-0.156879 0.232000 -0.183815
-0.133447 0.382250 0.455826
0.023181 -0.450115 3.128735
-0.045543 0.491761 1.169076
0.016966 -0.209157 2.556427
-0.028187 -0.354334 2.834002
-0.000187 -0.203314 2.719553
-0.477785 0.427488 -0.546889
0.077318 -0.447812 3.058485
-0.028814 -0.429219 -3.061620
0.038185 -0.460836 2.883416
0.019199 -0.272215 2.844833
0.047214 -0.437739 -3.052122
-0.476055 0.443312 -3.002833
0.029185 -0.339346 2.310538
0.038778 -0.326848 2.823721
-0.302760 0.359863 -1.164769
-0.040584 -0.417824 3.124599
-0.484656 0.467088 -3.112271
0.022609 -0.190938 2.553429
-0.481927 0.415619 -0.505219
0.002451 -0.230642 2.758870
0.042382 -0.294189 2.849643
0.017072 -0.270518 2.716238
0.026463 -0.281920 2.829884
0.008352 -0.444661 -3.095205
-0.463841 0.329215 -1.303730
-0.476097 0.460032 -1.842724
-0.473328 0.486988 -3.076709
-0.492342 0.466075 -2.900749
-0.474403 0.450677 -1.829880
0.019660 -0.194581 2.920852
0.028228 -0.306405 2.797478
0.033714 -0.305851 2.673694
-0.481031 0.462345 -1.336659
-0.146703 0.237186 -0.213948
-0.474622 0.455379 -2.187242
-0.464961 0.466684 -1.353967
-0.322251 0.347179 -1.044022
-0.470465 0.460789 -2.857519
-0.139022 0.453393 0.540594
0.037354 -0.304898 2.671192
-0.312524 0.341366 -0.895840
-0.062023 -0.496720 2.923015
0.002400 -0.265461 2.561862
-0.018054 -0.202969 2.518425
0.007895 -0.248875 2.765296
0.003865 -0.207441 2.539170
0.088199 -0.373768 2.681824
-0.042389 -0.498032 3.040981
-0.051095 -0.483913 2.885741
-0.477888 0.478959 -2.545274
0.019432 -0.212657 2.762624
0.007870 -0.230319 2.760484
0.014123 -0.208600 2.810069
0.024987 -0.291469 2.596956
-0.498806 0.466060 -0.425618
0.040445 -0.289088 2.504410
-0.451931 0.442053 -2.867866
0.127066 -0.320159 2.820271
-0.053822 0.474453 1.006513
-0.275513 0.342090 -1.241136
0.047735 -0.273232 2.877411
-0.311373 0.351865 -1.174812
-0.494377 0.341220 -1.420138
0.010508 -0.221662 2.702686
0.030982 -0.287218 2.614443
-0.394560 0.263702 -2.031832
-0.155419 0.257828 -0.418127
-0.456914 0.493196 -3.120584
0.040204 -0.419654 3.099378
0.015212 -0.467163 -3.127913
-0.497662 0.492112 -0.794218
0.450405 -0.113486 -3.013685
0.048363 -0.316667 2.837158
0.020670 -0.257462 2.692456
-0.268702 0.344397 -1.358593
0.028678 -0.478510 3.035336
0.178285 -0.298661 2.629020
0.014212 -0.268533 2.816815
0.042818 -0.279997 2.861326
0.010777 -0.208736 2.638885
-0.271146 0.337546 -1.271024
-0.056557 -0.402222 3.016635
0.034628 -0.210476 2.561595
-0.323001 0.312194 -1.336258
0.026225 -0.336636 2.798345
-0.499758 0.339365 -1.684651
-0.265543 0.353665 -1.417299
0.401963 0.047187 0.895319
0.015710 -0.432189 2.743052
0.028137 -0.352200 2.739619
0.010294 -0.465365 3.066469
0.032003 -0.339981 2.654770
0.013845 -0.224532 2.469143
0.021568 -0.264751 2.858789
-0.473287 0.487935 -2.944466
-0.496948 0.438649 -2.890208
-0.152189 0.227311 -0.191471
0.015180 -0.329450 2.661963
-0.135850 0.462992 0.087345
-0.457515 0.424469 -2.840981
-0.449364 0.488654 -0.791600
-0.486162 0.483187 -2.986741
0.033249 -0.482752 2.907403
-0.147877 0.484317 0.344035
-0.451219 -0.320624 -2.769458
-0.470376 0.339650 -1.334635
0.011250 -0.178387 2.592604
0.013668 -0.428262 2.800600
0.026752 -0.216099 2.724871
-0.042985 -0.443324 3.125502
-0.459658 0.482149 -1.116863
-0.024452 -0.339425 2.812255
-0.244709 0.274389 1.269830
-0.464439 0.487518 -0.231398
0.052622 -0.447391 2.886975
-0.238190 0.403588 1.991842
-0.489661 0.449205 -0.641077
-0.106075 0.499764 -0.768425
-0.459098 0.330890 -2.936457
0.120617 -0.332311 2.825906
0.022938 -0.356652 2.719810
-0.096438 0.490270 0.903083
-0.480560 0.489021 -2.517929
-0.484466 0.425544 -2.920921
-0.061539 -0.463800 -2.875758
-0.021576 -0.337123 2.952186
-0.457527 0.490176 -0.429896
-0.151452 0.258546 -0.111232
-0.465084 0.498210 0.118747
0.065248 -0.434835 3.091358
-0.445694 0.484843 3.031501
0.013132 -0.277523 2.877850
0.066629 -0.431671 2.960412
-0.435180 0.224066 2.202669
-0.357744 0.351280 -1.118099
0.004787 -0.199938 2.615616
0.015210 -0.377097 3.013253
-0.156082 0.250297 -0.263694
0.082813 -0.495411 2.686047
0.045935 -0.288913 2.454229
0.035517 -0.333176 2.341600
-0.036209 -0.361172 2.760966
0.049904 -0.446551 3.064777
-0.373238 0.336907 -1.549570
-0.458455 0.481190 -1.223584
-0.199819 0.243432 -0.150058
-0.453320 0.486363 -0.661952
-0.019550 -0.440794 -3.134084
0.124055 -0.333799 3.004642
-0.005296 -0.197580 2.635550
-0.483567 0.494752 -2.972118
0.088995 -0.442020 3.108873
0.398483 0.035689 0.620567
-0.028314 -0.348114 2.753083
-0.452348 0.464338 -2.930698
0.017244 -0.456059 2.943036
-0.172389 0.462953 0.282759
-0.036782 -0.421705 3.047498
-0.499321 0.496689 2.157623
0.063688 -0.452527 -3.086896
-0.468942 0.483471 -0.217559
-0.482848 0.342239 -1.395735
-0.004821 -0.351113 2.754477
0.034339 -0.299882 2.644332
0.025171 -0.287365 2.868997
0.009623 -0.200996 2.589161
-0.053611 -0.489438 -2.995957
-0.000005 -0.262961 2.638377
-0.468103 0.419712 -2.814422
-0.127445 0.460838 1.796357
-0.495946 0.471053 -2.488342
-0.037884 -0.320566 2.849091
0.174386 0.042249 0.235991
-0.290079 0.319645 -1.353194
0.021319 -0.207766 2.613807
0.025132 -0.333463 2.786199
-0.479032 0.450291 -1.026595
0.017148 -0.246249 2.810058
0.025394 -0.297641 2.631826
0.035587 -0.418037 -3.116109
-0.466734 0.475458 -0.746965
-0.174305 0.265055 -0.267487
0.062659 -0.450345 -3.106998
-0.186465 0.346606 0.468752
-0.014524 -0.371851 2.577770
0.041147 -0.311349 2.780163
-0.185842 0.231397 0.821607
0.004786 -0.356005 2.653897
-0.489330 0.490914 -1.584779
-0.021742 -0.324034 2.805014
0.000300 -0.189423 2.789559
-0.026492 -0.306342 3.069981
0.327486 -0.393907 -3.025981
0.040533 -0.308788 2.607852
0.037640 -0.447735 2.849736
-0.297973 0.348870 -1.283734
-0.463089 0.352366 -2.859518
0.405197 0.053996 0.648693
0.030645 -0.463577 2.834198
0.017016 -0.358395 3.006401
-0.449276 0.493973 -0.134649
0.077513 -0.448736 3.001813
0.030397 -0.352968 2.659764
-0.029001 -0.416679 3.017093
-0.478188 0.495448 -2.737122
0.027970 -0.467077 3.021893
-0.498172 0.465076 -0.597291
-0.492240 0.344543 -1.332204
-0.479899 0.342652 -1.420197
0.039003 -0.296885 2.844327
-0.040808 -0.439891 -3.094264
-0.492204 0.457005 -0.423595
0.018955 -0.281387 2.667142
0.005758 -0.478227 2.998712
0.079461 -0.498881 -2.776467
-0.470202 0.419841 -2.570672
-0.001494 -0.287008 2.559864
0.469290 -0.125271 3.125504
-0.486172 0.446094 -2.633522
-0.485024 0.488191 -2.931539
-0.172982 0.424032 -0.145386
-0.051337 0.471305 1.412861
-0.455629 0.490343 -3.026904
-0.459981 0.473575 -1.176260
0.081883 -0.446019 2.987309
-0.468598 0.485492 -0.079793
0.025451 -0.293016 2.650796
-0.463675 0.469243 -0.594629
-0.273585 0.365530 -1.632822
-0.479772 0.446354 -2.791240
-0.377752 0.327656 -1.559724
-0.496891 0.333585 -1.802689
-0.449845 0.483902 -2.932534
0.014959 -0.272264 2.743396
-0.285196 0.337338 -1.561570
-0.463573 0.436624 -3.010299
-0.093428 0.486722 0.994210
-0.450959 0.470282 -1.883265
-0.013048 -0.295762 2.626667
-0.134690 0.470716 0.256697
0.005573 -0.268995 2.554373
-0.458370 0.481384 -0.149012
-0.121069 0.397718 -0.218492
0.009052 -0.208943 2.913520
-0.469269 0.494291 -2.892135
0.007871 -0.195653 2.497899
-0.479269 0.450727 -0.924146
0.002845 -0.307470 2.905116
-0.456265 0.398637 -2.682388
-0.443899 0.482713 -2.244886
-0.295980 0.355852 -1.253275
0.002227 -0.214552 2.886042
0.016648 -0.227226 2.512959
0.464154 0.301926 0.370219
-0.452868 0.454114 -2.256213
0.041370 -0.473644 3.092883
0.060998 -0.450883 2.974691
-0.456050 0.478241 -0.741238
0.498196 -0.223755 3.085402
-0.266072 0.343998 -1.389370
-0.017842 -0.332468 2.854683
-0.451368 0.311888 -2.607545
-0.458559 0.463583 -1.279089
0.063836 -0.448742 -3.137859
-0.499634 0.428794 -0.635241
-0.492953 0.462280 -2.803559
0.013697 -0.205079 2.813300
-0.468583 0.479210 -0.257016
-0.165148 0.301057 -0.095859
0.058945 -0.473147 2.766623
0.007933 -0.235167 2.556336
0.028511 -0.462467 2.979111
-0.316440 0.324082 -0.828509
-0.165570 0.295789 -0.258007
-0.473055 0.482154 -3.018647
-0.499957 0.458152 -2.748234
-0.454747 0.475952 -2.942331
-0.495894 0.470175 -2.731160
-0.050799 -0.474703 3.122789
-0.331902 0.331340 -1.056447
-0.328372 0.329754 -1.141059
-0.006116 -0.450334 3.048588
0.000457 -0.214783 2.652798
-0.003757 -0.285427 2.740496
-0.003526 -0.282632 2.732602
0.116360 -0.354063 2.807521
-0.044426 -0.493348 2.900616
-0.196166 0.450461 0.119943
