0.377534 0.117370 0.377930
0.197043 -0.200567 1.279693
-0.442267 0.358974 2.599672
-0.064973 -0.293800 -3.113969
-0.358168 -0.342077 2.754819
0.204114 -0.246365 1.504366
-0.482617 -0.448757 2.222494
-0.164160 -0.049829 0.996851
-0.423737 -0.479404 3.088134
0.406333 -0.146585 0.787164
-0.045300 -0.463208 1.424865
0.189950 -0.454250 -2.121425
-0.290267 0.358594 0.408276
0.197204 0.054884 2.346391
0.364231 0.390203 0.909087
0.498532 -0.019519 3.079155
0.388666 0.088589 -1.602155
-0.439095 0.422584 -1.784240
0.279941 -0.320018 1.623663
0.442118 -0.268780 -0.831907
-0.042532 -0.172654 1.660629
-0.429982 0.323571 2.109480
-0.068050 -0.292000 0.343460
0.291096 0.180608 -3.016829
0.023473 -0.345838 -3.018878
0.042337 -0.429223 1.713556
0.116585 -0.260099 1.306468
0.368606 -0.399294 -0.281593
-0.472702 -0.385453 -2.169317
-0.303592 0.441966 1.372541
0.299049 0.446183 0.830932
0.070867 0.358959 -2.202509
0.197341 0.031129 1.498980
0.023884 -0.325930 0.653485
0.441875 -0.085656 0.295255
0.369340 -0.320111 0.620587
0.121407 -0.370178 -2.531712
-0.371828 0.469631 -1.017762
-0.218457 0.224151 -0.691167
0.391284 -0.319975 0.126953
-0.316296 0.039041 2.736698
0.002582 0.107631 1.141760
0.326090 -0.231006 -2.861353
-0.229899 -0.221043 -2.602994
-0.446521 -0.011631 -2.331411
-0.198333 -0.452774 2.024806
0.019809 -0.374885 0.224868
-0.471708 -0.119379 -1.831608
-0.478477 -0.133758 -2.214249
0.356652 -0.104570 -2.841173
-0.358917 -0.409254 0.560922
0.285251 0.311861 -0.076185
-0.204025 -0.316950 3.053958
-0.399065 0.109020 -2.537616
0.130499 0.205163 -0.828309
-0.205875 -0.441156 0.549291
-0.099575 -0.253418 1.915261
-0.333909 -0.003609 2.523027
-0.333483 -0.142401 -1.802619
-0.404018 0.289736 2.181752
0.208578 0.268486 0.069885
-0.315345 0.467045 -0.360889
-0.140548 -0.382483 1.697321
0.267807 0.220191 -2.901796
0.379655 -0.288156 0.398465
-0.056587 -0.479867 1.856996
0.146473 0.370070 -1.847949
-0.177246 -0.408402 -2.132553
0.202557 -0.038885 0.539249
0.060813 -0.461600 1.360327
0.088699 -0.312320 0.946442
0.178297 0.462407 1.198384
0.003441 -0.476154 0.789705
0.374999 0.118758 -0.960453
0.325462 -0.165263 1.758156
-0.154920 -0.413846 -1.167827
0.184143 -0.227324 -1.069409
0.351669 -0.156324 -0.308616
0.047380 -0.142163 1.238438
0.219685 -0.161289 0.827257
-0.055072 0.323763 -0.727163
-0.407862 0.348852 0.482361
0.376606 -0.008341 -0.539133
0.325558 -0.221142 0.668165
0.146045 -0.070560 0.639390
-0.086341 -0.313604 0.090380
-0.269822 -0.489934 0.319624
0.129931 -0.241188 -0.292724
0.375742 0.025059 2.629577
0.282307 0.460790 0.194878
0.051304 0.062196 0.928699
0.182939 0.432071 -0.317986
0.362966 0.492377 -1.857913
-0.242080 0.340313 0.373437
-0.384506 -0.096000 1.859679
0.490670 0.365034 -3.086805
-0.364258 0.306689 -1.086471
0.141016 -0.324007 1.009832
-0.148265 -0.428352 -1.771437
-0.202143 0.181298 2.951370
-0.181798 -0.090436 1.417231
-0.139717 0.344083 0.118302
0.060868 0.070590 -1.675607
-0.134885 -0.015641 -1.293161
0.454204 0.123768 -2.307805
0.266569 0.003499 0.056281
0.149508 -0.419397 -2.158148
0.241745 -0.018582 2.807394
0.062531 0.253390 -1.798084
0.100519 -0.361952 0.017814
0.450847 0.033863 2.173153
-0.406728 -0.201175 -1.085928
0.054306 -0.291343 1.584697
-0.242799 0.181293 -0.963258
-0.400222 0.389013 -2.204271
-0.128709 -0.378329 1.761897
-0.431978 -0.424040 1.320478
-0.462699 -0.094777 -1.150788
-0.252925 -0.040738 -0.817379
0.060429 0.401575 -0.987791
-0.166362 0.142839 -0.710648
-0.438876 0.428621 -0.840908
-0.385584 0.080878 1.629999
0.221837 -0.372444 2.097811
0.235452 0.387363 0.162312
-0.289791 0.393091 -1.973609
0.106215 -0.078853 2.408141
-0.416867 0.194784 -2.168637
-0.350406 -0.026349 1.393219
-0.391523 0.415021 -0.771409
0.051146 -0.490054 -3.113424
-0.255789 -0.412701 -1.861412
0.304909 -0.394663 -0.028715
-0.240375 -0.438778 1.515667
-0.395647 0.362869 -1.341449
0.366128 0.397236 1.929281
0.254960 -0.271670 0.997238
0.165945 0.462909 1.654043
0.126759 0.201242 -1.122611
-0.279558 0.083866 0.629386
0.478792 -0.191751 -0.934682
-0.197801 -0.347334 1.763842
-0.087072 -0.252603 1.572594
-0.355880 0.401552 -0.398821
-0.147489 -0.430083 2.594188
-0.099445 0.283337 -1.312688
0.152039 0.194335 2.513488
0.024958 0.443802 1.045361
-0.468650 -0.057931 -2.122103
0.219995 0.468382 2.216319
0.245588 0.010049 -2.625669
0.216796 0.160927 1.149095
-0.313822 0.221978 1.079603
0.474992 -0.076999 -0.445843
0.029967 -0.465467 -1.995937
-0.126886 0.139548 2.863841
-0.179253 -0.032410 0.707544
0.014009 -0.293137 2.900458
0.221419 -0.341174 0.432723
-0.252861 -0.372758 2.266869
-0.126664 -0.302183 0.264807
-0.053700 -0.167903 1.994877
0.247505 0.394820 2.014200
-0.256214 -0.378190 1.393001
0.314927 0.204867 2.927599
0.179777 -0.494696 -0.308228
0.199231 -0.324304 0.023495
-0.470422 0.090409 -0.926499
0.465179 -0.169488 -0.450165
0.164941 0.495115 1.656550
-0.391819 -0.224268 -1.490529
0.204607 0.405195 2.358173
-0.377075 -0.423213 1.294088
-0.247887 -0.017850 2.785415
0.319118 -0.460318 0.356019
-0.389611 0.385599 0.158380
-0.291477 0.121874 1.347077
-0.418274 0.281300 -1.389315
0.296666 0.434001 -2.985182
-0.057685 0.485813 1.738885
-0.002100 0.425129 -0.774640
0.268257 -0.274825 0.946233
-0.241381 -0.084269 0.580074
-0.047129 -0.115786 0.896461
0.092183 0.460823 1.526739
0.284544 -0.448970 -0.232595
-0.147526 0.066414 -2.862730
-0.242682 -0.298764 1.117900
0.144773 0.475974 -0.451314
-0.446625 -0.466944 0.056649
0.093386 -0.395334 0.001883
-0.494603 -0.133506 2.700648
0.481463 0.026784 -0.052206
-0.161188 -0.248291 0.624021
-0.332912 0.070120 1.175442
-0.193290 -0.251144 0.688541
-0.142630 0.484853 2.357084
-0.290027 0.147292 0.602079
0.047070 0.171111 -1.268670
0.256870 0.202442 -0.480618
-0.113238 -0.115887 0.487716
0.375972 -0.219490 0.554003
-0.151623 -0.274159 0.164753
-0.050931 -0.328123 0.638919
0.499450 0.318152 -1.609695
0.199670 0.223539 2.672856
0.051418 0.269405 -0.195434
0.154679 0.457798 -0.249988
0.090464 0.037380 0.581086
0.248853 0.454800 1.778992
-0.099999 -0.405358 2.066199
-0.255192 0.313226 2.199836
-0.067627 0.283659 2.626871
-0.433840 -0.440510 -0.992408
0.393337 0.331355 0.925597
-0.071802 0.289708 -0.796280
-0.148569 -0.166185 0.889623
0.296825 -0.384840 -0.087950
0.322825 0.029895 2.788013
-0.483962 -0.200444 -0.894770
-0.168704 0.478095 -1.638617
0.405325 0.382492 0.064809
-0.333970 0.437049 -2.478726
0.145905 0.357477 -0.194058
-0.239680 0.156301 -0.243916
-0.269784 -0.055306 0.055115
0.175719 -0.171262 3.015316
-0.445121 0.095133 2.418354
0.035271 0.180960 -1.017203
0.114555 -0.148699 -1.610621
-0.351729 -0.410734 1.518492
0.402178 0.232255 -0.078728
-0.105619 -0.435446 1.804796
-0.497496 -0.002747 2.287309
-0.407752 -0.035979 2.995650
-0.470337 0.429600 1.765240
-0.472406 -0.327488 -0.832502
-0.029944 -0.348886 2.403285
0.175416 -0.491889 1.691995
-0.008359 0.358020 -1.722932
0.254948 -0.091764 0.045513
0.251007 -0.084306 -0.056724
0.325308 -0.424023 0.617548
0.193435 0.346861 2.460751
0.230638 -0.117586 -0.301817
0.134231 -0.428413 2.845482
0.339824 -0.483540 -1.292503
-0.279294 0.048074 1.923639
0.136385 -0.223109 -2.669232
-0.055061 -0.057267 1.070665
-0.001636 -0.326322 1.650879
0.214815 -0.254717 -1.097430
0.133489 -0.477225 -0.058194
-0.130733 -0.375585 -0.881000
0.257559 -0.080023 1.640705
0.004586 -0.154575 -2.341201
0.279684 -0.270291 0.969459
-0.007933 -0.220262 1.840474
0.193164 -0.316430 0.816926
-0.491207 -0.193500 0.221118
0.003039 0.432889 2.296252
-0.340246 -0.221276 0.088912
0.415045 -0.308542 -0.727677
0.236556 0.455643 1.645165
0.499791 -0.121565 -3.073906
-0.137039 -0.469582 0.395043
-0.017717 0.488460 0.398026
-0.077919 0.299204 -0.962875
-0.487896 -0.072381 2.436403
-0.181650 -0.337244 1.877962
0.376828 0.389699 2.510944
-0.165265 0.070996 3.010490
-0.458422 0.286318 3.031644
0.437194 0.210072 -0.107032
-0.404880 -0.427698 1.406826
-0.332193 0.058138 -0.556950
-0.236940 -0.168076 0.391207
-0.212308 0.103460 0.979865
0.318536 -0.026522 0.580297
0.312908 0.482603 -0.939159
-0.498009 0.306932 2.520378
-0.068174 -0.449588 -2.673791
-0.264391 -0.334131 1.150720
0.253564 -0.200272 1.724999
-0.122960 -0.240019 -2.600198
-0.187639 -0.305906 0.427772
0.406345 -0.106425 -1.247069
0.333207 -0.382743 0.396579
0.083253 -0.391693 1.055849
-0.104819 0.332898 -0.976786
0.294543 0.080668 -2.823151
-0.018754 -0.191540 0.300994
0.002062 0.427417 -0.361540
0.425524 -0.369451 0.327638
0.006283 -0.202642 2.183304
0.373103 -0.176930 1.133055
-0.348591 -0.174248 0.168277
0.212436 -0.083628 2.252357
0.438374 0.248257 0.516599
-0.403980 0.149944 3.040190
0.338611 -0.329871 1.222432
-0.080163 -0.357623 2.140982
-0.199380 0.463446 1.984998
-0.397320 0.122036 -3.100629
-0.350218 0.373358 -1.522838
0.226476 -0.349196 1.575681
-0.178544 -0.316932 -0.392656
0.242690 0.250332 2.757597
0.401989 -0.129456 3.078097
0.388121 -0.144314 1.081443
0.456543 0.127093 0.445355
-0.209965 0.158372 -1.294330
0.107673 -0.197862 -0.285683
-0.214081 0.297332 -3.100761
-0.215551 -0.285561 0.784750
-0.141853 -0.282257 0.133554
0.051268 -0.304903 -1.490037
0.269287 -0.215003 1.796119
0.422407 0.184576 -0.168295
-0.015442 0.250560 -1.273032
-0.195336 0.326804 1.576652
-0.328217 -0.070753 1.185256
0.018045 0.139466 1.251209
-0.396591 -0.296123 1.492705
0.354812 -0.040325 -0.893352
0.317975 0.472461 -1.583614
0.052376 0.398847 0.399989
0.320665 0.219167 0.132513
-0.130261 -0.298210 -0.710175
0.484065 -0.273831 -2.157329
0.164987 0.153262 -1.143719
-0.041582 0.453002 1.066277
0.285935 -0.158400 1.677595
0.394048 0.401600 -1.537962
0.266623 -0.186699 2.212410
0.175571 -0.407427 0.324772
0.269739 0.479935 -1.915599
0.367494 0.421664 2.275615
0.262112 0.162703 1.437243
0.432958 0.027188 2.152538
0.139802 -0.326793 1.128377
0.212554 0.366171 2.282783
0.314994 0.488603 -2.735877
-0.190531 -0.209517 0.557759
0.007461 0.069849 0.178063
-0.290168 -0.383787 -0.694717
0.079400 0.265163 -0.714234
-0.184090 -0.414451 2.083343
-0.483779 -0.264605 -2.983544
0.017736 0.407646 0.402627
-0.305533 -0.436124 0.029775
-0.150722 -0.277430 0.526455
-0.288168 0.294010 -2.742628
-0.128352 0.125441 1.031369
0.348724 0.388915 2.138387
0.003276 -0.411363 1.107473
-0.419475 -0.180589 -1.592850
0.237158 0.297951 -2.886618
-0.088267 -0.483057 -1.894645
0.010817 0.072209 -2.089962
0.222086 -0.478070 0.749374
0.328784 0.202784 -2.839471
-0.002572 0.319639 -0.289852
-0.199915 -0.468094 1.991465
-0.052196 0.326469 2.369895
-0.029271 0.192743 -0.381049
-0.111048 -0.127803 1.740712
0.420538 -0.466299 2.196274
-0.359262 -0.499445 0.420849
-0.398526 0.409772 1.903945
0.249432 0.445341 -1.920467
0.312184 -0.390821 -0.141261
0.012872 0.469935 -1.976824
-0.253523 -0.135756 -0.641973
-0.486720 0.013356 2.143714
-0.140583 -0.435964 3.126293
0.214167 0.165410 2.959819
-0.212596 -0.432538 -2.135838
0.281118 0.289824 2.853408
0.066376 0.473539 1.951344
-0.314567 -0.052956 1.125435
-0.080001 0.353783 -0.177546
0.093458 -0.493143 2.053353
0.219199 0.442110 0.933889
0.238775 0.492524 1.813384
0.401862 0.479450 -1.210492
-0.015402 -0.284010 0.470829
-0.464779 -0.472595 0.698002
-0.238426 -0.171428 1.164102
0.055165 0.341924 2.731417
-0.335287 0.374012 -0.353659
0.322836 0.405921 -2.390837
-0.097456 -0.378971 2.076670
-0.085455 0.089657 2.380786
0.250786 -0.202131 0.600642
-0.305859 -0.414226 2.291991
-0.165933 -0.282924 0.000760
-0.440155 0.147925 2.146558
0.201696 -0.494386 1.177649
-0.176286 -0.497091 -0.988388
