0.412351 0.065423 1.055904
-0.267509 0.221984 3.034296
0.105086 -0.175594 3.138361
0.431273 0.286514 0.323200
-0.416362 0.153937 2.820251
-0.372819 0.322589 1.586459
0.444010 -0.189414 -2.807681
0.325241 0.341209 1.139422
-0.409779 -0.190245 3.023098
-0.474821 -0.118844 -0.012958
0.323725 0.073458 -0.477937
0.212932 -0.008831 -2.111353
-0.192342 0.057382 2.454243
-0.163310 -0.069261 -2.947217
0.498083 -0.125062 -0.537610
-0.066339 -0.000890 -2.650240
0.249771 -0.097385 1.220243
-0.087776 0.261095 -0.302560
0.235963 0.040570 -1.196270
-0.375879 0.100227 1.980701
0.324035 -0.050123 2.410110
-0.077912 -0.061074 3.043848
-0.324886 0.161694 2.060462
-0.139665 -0.191097 -2.357581
-0.150552 0.184999 0.355465
-0.209870 0.054967 -2.902598
0.406412 -0.092562 -2.183227
0.415432 -0.125760 0.472018
-0.498604 0.258690 2.897109
0.448348 -0.279808 1.431735
0.021473 0.445565 -2.864838
0.287592 -0.265296 0.276641
-0.404526 -0.205893 -2.090503
0.051851 0.258951 -2.796224
0.499733 0.283284 0.429565
-0.384813 -0.149387 -2.108999
0.055683 0.184124 0.017143
0.358417 0.106932 1.364352
0.498129 0.362775 -0.161856
-0.229305 -0.120592 -1.743251
-0.497911 -0.392579 -2.109686
-0.094153 -0.134075 2.717091
0.400129 0.446937 -1.155836
0.363801 -0.213037 0.173366
-0.430267 0.473470 -0.892465
-0.433741 -0.072020 3.096907
-0.353116 -0.135067 -1.152040
-0.357332 0.410166 2.087888
-0.183581 0.121206 2.241789
-0.068386 0.261936 -2.879508
0.186711 -0.053274 2.544153
0.070003 -0.195788 1.551525
-0.354620 0.322608 -2.433354
-0.374640 -0.028570 -0.871992
0.308427 0.237872 -1.918038
-0.417011 -0.173204 -0.929469
-0.159103 0.270467 1.468578
0.282801 0.278212 -1.238681
-0.223318 0.239040 -2.151122
-0.034214 -0.033847 -1.805872
-0.200186 0.302392 0.355326
0.252239 0.382035 -1.889599
-0.313678 -0.262255 0.979638
-0.479081 -0.064194 -1.641940
-0.238678 -0.113589 -3.050633
-0.153666 -0.314160 -2.761451
-0.108431 0.357822 1.391889
-0.307722 0.420410 1.165118
0.103020 0.272348 2.239947
0.336751 0.125163 0.264930
0.367256 -0.238570 2.164762
0.450627 -0.027574 -1.023628
-0.293997 0.063882 2.923364
0.080683 0.396497 2.732388
0.020561 0.390826 -0.453490
0.097638 0.363306 1.560263
0.153363 0.157057 0.910662
-0.006377 0.419525 -1.884275
0.423541 0.134967 -0.107880
0.129446 -0.202478 2.358231
0.108795 0.306188 0.349996
-0.086450 0.311725 2.064764
-0.353662 0.211986 1.103719
0.360393 0.316510 -0.877440
0.478035 0.134151 -1.975458
0.255570 -0.062694 -0.954851
0.059957 -0.489947 2.297024
0.051246 0.021624 0.913075
0.329317 0.454315 1.565158
0.305664 -0.156137 1.310111
0.447222 0.450966 -3.092709
0.059062 -0.015053 3.068717
-0.105847 -0.396012 -1.561866
0.490142 -0.004101 -1.169076
0.303442 0.300535 -1.678031
-0.143014 0.180814 -1.224607
0.381737 -0.072334 -0.619539
-0.474122 0.486785 2.413127
-0.205722 0.101740 3.140401
0.190616 -0.292466 2.600751
0.403157 -0.034659 2.794042
-0.460021 -0.207577 -2.365543
0.388957 -0.238663 -2.372601
0.006805 0.207271 1.967607
0.262480 0.266525 -1.458985
-0.456761 -0.230750 -0.751034
-0.054242 -0.439113 -1.395996
0.105155 -0.050590 2.353429
0.213532 -0.330502 1.094283
0.208461 -0.190658 2.988945
0.286742 0.139836 -2.336658
0.320496 -0.023380 -0.675634
-0.251879 0.247218 -0.962970
0.095557 0.391390 -0.299740
-0.431769 0.099798 2.921873
0.078996 -0.063749 -2.411356
0.363471 -0.155300 -1.469234
0.184970 -0.476501 2.708800
-0.354202 -0.046877 2.902683
0.338326 -0.183747 1.073961
0.432000 0.284440 1.514930
-0.433717 -0.242274 1.168427
0.302956 -0.349916 -2.105132
-0.031112 0.335262 1.293613
-0.380339 0.344060 -2.142199
-0.241925 -0.338183 -0.699673
0.073042 -0.261200 -1.882085
0.410851 0.045737 1.038832
-0.498073 0.222944 -1.248872
0.347056 0.067299 1.883912
0.079977 0.184730 0.751129
0.353396 0.063169 1.104350
0.385603 0.286198 -1.400558
-0.294221 0.139349 0.991244
0.439560 0.112707 -2.626624
0.298817 0.445636 1.410893
-0.329954 0.357075 1.237110
0.408550 0.406684 3.021376
-0.061661 0.211746 2.884814
-0.462450 -0.262846 -2.040052
-0.309734 -0.255961 -0.427740
-0.211377 0.419201 -0.100501
0.463730 0.273163 0.961378
-0.052366 0.301121 3.101490
-0.205830 -0.213134 2.797418
-0.162476 -0.066932 -2.781697
-0.483713 0.191208 1.771238
0.066722 0.219406 1.374384
-0.133220 0.122142 1.194198
0.450272 0.240057 -1.686477
0.345412 0.416474 0.642740
0.495530 0.493193 0.699138
0.469347 -0.292746 -2.935151
0.235937 -0.462931 2.074885
0.346936 -0.045435 -1.994896
0.025283 0.286098 2.214593
-0.024537 0.320263 -1.341312
-0.399353 0.145181 2.686414
-0.131146 -0.357470 -2.809795
0.280399 -0.494406 2.399300
0.286742 0.119066 1.985683
0.491031 0.106563 -0.176451
-0.200545 0.271297 1.242658
0.064991 -0.070305 2.264883
0.047618 0.486769 -0.935903
-0.190920 -0.338236 0.611446
-0.045975 0.238054 -0.325057
0.107135 0.467775 -0.758504
-0.394131 -0.438615 2.429375
-0.350747 -0.160986 -1.779117
0.470599 -0.462430 0.881613
-0.279193 0.109079 2.871948
0.258284 0.117869 1.458719
0.178298 -0.481161 1.774375
0.474179 0.098083 1.324475
0.174224 -0.190208 -0.149351
-0.042851 -0.337713 -2.185773
-0.459495 -0.048683 -3.130419
-0.034642 -0.074649 -1.081893
-0.411224 -0.492433 -1.093142
-0.032481 0.255573 2.024893
0.263126 0.165087 2.762454
-0.053205 0.317667 -1.940052
0.068624 0.498408 -0.587084
0.436351 -0.215528 -2.980033
-0.396338 0.155983 2.210127
0.452895 0.409411 -1.332534
-0.127323 0.095665 -2.514383
-0.014037 0.126489 2.897718
-0.008024 0.303171 2.832393
0.194689 -0.362423 -2.815107
0.425632 0.082736 2.088368
-0.000024 0.432184 2.443391
-0.210194 0.311990 1.350336
0.128237 0.218686 1.293601
0.145040 0.138455 0.940591
0.082009 0.026807 0.829368
0.236527 0.270849 -1.663094
0.100761 -0.130020 -2.196047
0.261012 0.181690 -2.559580
-0.296913 0.303706 0.274225
0.052240 -0.063442 1.982499
0.416835 -0.241650 1.458709
-0.239876 0.273278 2.089081
0.009576 0.281280 1.527608
0.453800 0.196772 0.915669
0.414064 -0.334580 -1.430135
-0.156101 -0.333049 2.695664
0.284641 0.269874 2.685465
0.337284 0.492908 -1.390172
-0.316941 -0.173926 1.442411
0.496826 0.413225 0.983364
0.012116 -0.185145 1.978236
-0.338476 0.051846 0.292991
0.102491 0.347901 2.699584
-0.266701 -0.151393 1.987697
0.203068 -0.116591 2.296913
-0.083897 0.410593 2.911798
0.464765 0.098969 3.084468
-0.095254 -0.113682 1.940234
-0.275628 0.078674 -0.111161
0.044885 -0.346160 -1.882495
-0.152918 0.469665 -3.069847
-0.178663 -0.345793 0.438984
0.253738 -0.371765 0.563995
0.472948 0.274717 -0.962013
-0.388759 -0.175955 -2.754665
0.485718 -0.429844 2.857676
-0.446058 -0.181052 -0.123688
-0.210835 0.379781 1.425770
0.111187 -0.321310 1.259500
0.439457 0.471999 -0.401887
0.019661 0.234261 0.730344
0.460508 0.495581 -2.459677
-0.493376 -0.458445 0.693597
-0.055785 0.030949 0.489349
-0.196789 0.084033 3.078937
0.266453 0.238499 2.831344
-0.269757 0.081924 -3.016536
-0.331257 0.329292 1.552345
0.004563 -0.383019 -1.280333
-0.212007 -0.195462 0.842962
0.338999 -0.033265 -2.884796
0.244526 0.433854 -0.820495
0.346105 0.230931 -1.835543
0.035347 0.112180 -1.855107
-0.475616 -0.089888 -0.035422
0.328142 -0.357279 0.056706
0.415141 0.028109 -1.946634
-0.220267 0.010010 -2.203216
0.380639 0.046186 -2.772685
0.270019 0.124748 -0.146168
-0.375676 0.489828 -2.430657
0.174936 0.051737 -0.797176
-0.199928 -0.125737 -1.419288
-0.477532 0.324029 2.030338
0.163778 -0.222699 1.517626
0.107718 0.019414 -0.853677
-0.241353 0.015936 2.363169
0.062380 -0.378182 1.016757
-0.026621 -0.073280 -1.061850
0.360236 -0.029256 -0.446961
-0.391670 0.464852 -0.347724
0.375431 -0.299034 2.126585
0.347838 0.097244 1.097890
-0.266146 -0.096660 -2.639415
0.218117 -0.195738 1.983598
-0.337318 -0.270902 1.119222
-0.169101 0.384981 -0.329310
0.349234 0.257967 -2.133294
0.205068 0.395473 -2.075025
0.253958 -0.362133 -0.909113
0.455172 0.005700 2.182923
0.439373 -0.215873 -2.336050
0.448203 -0.273355 -0.601395
0.383720 -0.457345 1.837216
-0.115607 0.248780 0.242816
-0.069496 -0.187456 2.744200
0.093179 0.136504 0.072036
0.165749 -0.164591 -2.503465
0.428303 0.163397 -0.188238
-0.059197 0.246022 -3.013649
0.170496 -0.194918 2.188500
-0.009931 0.087336 2.678178
0.383923 0.420005 -3.077000
-0.362581 -0.346015 -0.612995
0.015794 0.454417 2.070141
0.062775 0.031802 0.924947
-0.427362 -0.085442 -2.450313
0.444433 -0.228498 -2.829189
-0.145615 0.132083 3.097599
-0.475774 0.366522 1.497979
0.276160 0.353820 -2.067671
0.192423 0.193846 1.069619
-0.303841 0.455728 0.469757
0.119186 0.025390 2.110238
-0.029343 -0.276913 2.765505
0.439131 -0.245966 -0.468720
-0.232139 -0.028562 1.934353
-0.134416 -0.023269 -1.940863
-0.385578 -0.108833 -2.239239
-0.242474 -0.322085 1.758375
0.150440 -0.401770 0.845246
0.213684 0.153770 -1.034115
0.476213 0.012094 -1.449508
0.171438 -0.430002 1.755967
0.425819 -0.186484 -2.715009
0.041390 0.026305 -1.738340
0.339153 0.447458 1.635745
0.424914 -0.228875 1.035021
0.042314 -0.303529 1.509688
0.084756 -0.292563 -0.575338
0.491136 -0.173838 -0.738376
0.289158 -0.011963 -0.342909
0.477731 0.472650 2.561483
0.444415 -0.132634 0.050564
0.019580 0.037510 2.915505
0.440620 0.397112 -0.088712
-0.108894 -0.266764 -2.274043
0.480811 0.331132 -0.118521
0.463633 -0.041124 -1.706655
-0.413216 -0.121277 -2.144196
0.102248 -0.132845 0.015440
0.306449 -0.483097 -0.191712
0.205711 -0.365598 1.231116
-0.211425 0.180954 2.949575
-0.159679 -0.380982 -1.725669
-0.260339 0.137195 -2.071040
0.317110 0.403882 -1.687362
0.077767 0.275814 1.112885
-0.446953 0.392595 -0.857349
0.124490 -0.269261 -0.951594
-0.110369 -0.039143 -0.418086
-0.437266 0.466042 -1.116931
-0.318995 -0.105420 2.698186
0.326716 0.378667 1.692962
0.381436 -0.093669 3.014909
0.156521 -0.214108 -0.148919
-0.403407 0.354604 1.723389
0.277109 -0.039554 -0.510176
0.414860 -0.165088 2.965256
0.248530 0.206363 1.055998
-0.007465 0.337563 -0.632089
-0.409805 -0.120420 -2.552220
0.439946 0.427690 0.056978
0.498938 -0.156896 1.140146
-0.451068 -0.213879 -0.484431
-0.308155 0.137606 2.853539
0.216084 -0.217022 2.470924
0.202750 0.117453 1.815989
-0.364548 0.486289 0.252101
0.263580 -0.044540 1.221392
0.443639 0.316914 -2.464823
0.389956 -0.153658 -1.023894
0.355496 0.251152 -2.389097
-0.394421 -0.152286 1.771711
-0.195878 -0.480973 -1.803245
0.064465 0.370389 1.906399
0.447527 0.276226 1.936797
-0.247180 0.136873 1.821458
-0.188552 0.283507 0.968494
-0.198406 0.193162 -1.428464
0.379078 0.094120 1.092077
-0.371140 -0.240943 0.279657
-0.209019 0.212449 0.788107
0.173983 0.180828 -1.126107
0.222642 0.039833 2.301082
0.022607 0.337449 1.052369
0.455984 -0.223733 -1.529940
0.084036 0.444748 -2.292333
-0.191104 0.045986 2.388994
-0.286826 0.190029 0.631279
0.419192 -0.271975 -2.883422
-0.242369 0.371284 3.101032
0.367589 0.125323 -0.607411
0.135872 0.068694 -0.572468
0.446006 0.489165 0.925721
0.034177 -0.398764 -1.677434
-0.479145 -0.211837 1.525707
-0.175245 -0.102819 -2.621236
-0.164556 0.372002 -2.424395
0.421868 -0.370603 -1.480687
-0.406791 0.336664 1.259791
0.139782 -0.002244 1.800763
0.467560 0.497125 -2.860725
-0.402728 0.437705 -2.517780
0.148061 -0.234708 3.063992
0.078584 -0.395563 1.957548
-0.479255 0.157221 -2.318807
0.062099 -0.425591 0.800700
0.283564 0.342910 1.389512
-0.167716 0.115952 -1.767393
-0.215877 -0.221628 1.056792
0.459604 0.299753 2.455280
-0.253902 0.052433 -1.117645
0.070049 -0.268106 -2.168760
-0.193018 -0.102070 -1.792974
0.479381 0.298795 2.249550
0.206392 0.092424 -0.527173
0.297017 -0.057627 1.392903
