-0.057118 0.456585 2.679699
-0.444410 0.173745 2.612949
0.328061 -0.489050 2.685471
0.205593 -0.251581 -0.844569
-0.096151 -0.222766 -0.612527
0.234369 -0.206327 -2.718846
-0.275952 -0.493509 3.014014
0.283528 -0.027519 -2.056481
0.224306 -0.316201 1.497140
0.019801 -0.226619 0.247029
-0.032733 -0.350384 1.963898
0.119400 -0.457227 -2.759081
-0.419176 -0.358070 -1.798838
0.319366 -0.128639 -2.405002
0.055117 0.313377 -2.140474
-0.013043 -0.225995 -0.958900
0.248214 -0.253878 -1.206857
-0.123834 -0.215519 3.042376
-0.246714 -0.404743 -0.369487
0.392892 0.105331 2.792345
0.116882 -0.313738 1.782146
0.226066 0.315242 -2.912541
-0.102865 -0.417848 1.390901
-0.220650 0.220699 -1.468337
-0.089271 0.276130 -2.341468
0.100842 -0.479814 2.016453
-0.308299 -0.440725 1.747951
-0.479404 0.033025 3.075861
0.458861 -0.352652 -2.039995
-0.266064 0.245613 1.367306
-0.282325 0.267484 1.468202
0.045590 -0.056165 -2.058769
0.058015 0.024808 -1.746523
-0.016771 -0.259659 0.381814
-0.103412 0.492357 1.037107
0.340557 0.212563 -2.039170
0.084411 -0.218756 -2.542601
0.372473 -0.146693 -1.577777
-0.088918 -0.406150 -1.378353
0.478554 0.222877 -0.853628
-0.304265 0.468753 0.779906
0.373036 -0.233847 -1.805112
0.213589 0.048799 -2.094816
0.327883 -0.013095 -2.791358
0.097741 -0.128322 -2.466464
0.212328 -0.037346 -2.011133
-0.196848 0.131550 -2.938093
0.126630 -0.212516 -2.015867
0.388456 -0.012763 -1.463815
0.449932 0.498218 -0.139430
-0.186562 -0.204144 -1.139769
0.433242 -0.118343 -1.683148
-0.135060 -0.424240 -1.265589
-0.438294 -0.352108 2.840616
-0.232088 -0.250274 2.586166
-0.373660 0.099750 -0.047167
-0.037249 -0.138892 -0.542999
0.021151 -0.405675 1.717374
-0.216493 -0.359310 2.494083
-0.122413 0.119644 -2.712121
0.008448 0.193373 -0.969798
-0.092532 0.178960 3.022903
0.415207 -0.386006 0.746205
-0.038960 0.452404 -0.281351
0.301032 -0.448885 3.129018
-0.270496 0.203664 -2.454526
0.031790 -0.276301 1.052915
0.022928 -0.075002 -1.231213
0.208354 -0.184632 -2.211817
-0.010651 -0.310419 -1.378015
-0.033680 0.112335 -1.190635
0.472766 -0.475063 -1.266605
-0.393076 -0.317177 -2.834623
0.472128 -0.090942 -0.571301
-0.218349 0.185053 0.280178
0.452955 -0.422760 0.875792
-0.020362 0.467624 2.949373
0.434115 -0.106133 0.408210
0.315268 -0.460683 -3.140165
-0.246337 0.419620 0.282025
-0.336808 0.199363 0.711596
0.229117 -0.144525 0.012441
-0.254920 0.469405 -2.170215
-0.327921 -0.201754 -1.541213
0.224423 -0.397136 -0.700281
0.122459 -0.370245 -3.027796
-0.123555 -0.139744 -2.803055
-0.151801 -0.047368 2.254637
-0.270079 0.366806 3.002354
-0.025582 0.450963 -1.460738
-0.489193 -0.328879 -1.840615
-0.116793 0.196525 -1.867426
-0.274913 -0.171079 2.879078
-0.017625 0.476612 2.559666
-0.267409 -0.089302 -1.930641
-0.228768 -0.352654 -2.755822
-0.231184 -0.298932 -2.602644
-0.179587 -0.359679 2.823601
0.375712 0.449151 -1.200638
-0.191000 0.184442 -1.857866
-0.149926 -0.485689 2.101462
0.419251 -0.403878 1.006109
0.463053 -0.117833 -1.254699
0.183706 0.085221 -0.726409
-0.434090 0.442041 -1.218595
0.487680 -0.264940 2.046836
-0.217595 -0.105863 0.743706
0.085906 -0.284138 1.518163
-0.442209 -0.054330 -2.806024
-0.254364 0.401351 1.199733
-0.270466 0.313690 -0.299812
0.001614 0.287548 2.951687
-0.246951 -0.107381 -1.568506
0.055245 0.075059 -1.914249
0.090319 -0.090363 -1.817876
0.338821 -0.227042 -1.279430
0.225658 0.495364 -0.201350
0.392250 -0.176747 -0.030829
0.145099 -0.070763 -2.061066
-0.173591 0.340548 0.057636
-0.014258 -0.357261 -1.622026
-0.284597 -0.253946 -2.602384
0.259775 -0.469571 2.675688
-0.233720 -0.282986 -3.016096
-0.440115 -0.081721 0.718687
-0.133416 0.114371 -1.673486
-0.339013 0.459750 1.655736
-0.338527 0.157961 -1.169280
0.247114 0.404027 -1.277959
-0.096521 -0.050974 -2.379539
0.225351 0.245013 -1.898105
0.074636 -0.104400 2.622814
-0.359335 -0.057448 0.743698
-0.448155 -0.202203 -3.011392
-0.242495 -0.438455 -2.827233
-0.440858 -0.362240 -2.993578
-0.163572 0.374115 2.879767
0.430508 -0.411731 1.171400
-0.117208 -0.197835 -2.911585
-0.293544 0.280315 2.744919
-0.216789 -0.498253 -1.115622
0.256943 0.087934 -1.445385
0.049757 -0.413990 -0.614655
0.160305 0.326905 -2.375292
0.348915 0.143098 -1.325916
0.113016 0.316898 -0.106888
0.032096 0.494152 -2.556441
-0.032603 -0.061365 2.990584
0.339799 0.120371 -0.345850
-0.063720 -0.068229 0.041860
0.053159 -0.477699 2.220235
-0.024327 0.155181 -2.750318
0.412344 -0.067045 -1.415585
0.442385 -0.274240 -0.812705
0.270514 -0.054906 -1.673071
0.093000 -0.127555 -2.664241
0.081617 -0.256916 2.922675
0.366307 -0.326530 0.814299
-0.083061 0.240783 -2.834653
0.227620 0.023567 -1.413304
-0.191179 -0.235258 0.654339
0.379502 -0.255884 0.097715
0.228092 0.079199 -1.833971
0.108133 -0.071930 -1.868420
0.480779 -0.033789 -2.372955
0.281540 0.454905 -0.697695
-0.060190 0.216155 2.994480
-0.252667 -0.264181 1.503274
-0.448877 0.429536 -1.174751
0.018677 -0.152113 2.840061
-0.128172 0.342273 -2.708330
0.315717 0.070493 2.588544
0.238486 -0.247106 -2.305964
0.456204 -0.230866 -1.624829
-0.034824 0.025061 -2.531025
-0.206328 0.112883 -1.215905
-0.337509 -0.407970 -2.641213
0.335138 -0.217367 -1.089653
-0.428779 -0.016699 -2.447540
0.155452 -0.310172 -1.752478
-0.367809 0.466976 -1.161521
0.294400 -0.251317 -2.399327
-0.355720 0.332094 -0.825618
0.410373 -0.253545 1.696613
-0.241543 -0.375352 2.577921
0.244564 -0.205234 -1.693267
-0.326086 -0.238620 -2.452163
0.142099 -0.150362 -1.979279
0.016258 -0.325675 0.274769
-0.263991 -0.458652 -1.739824
0.408831 -0.475311 0.134758
0.195184 0.133211 -1.992776
0.085186 -0.190203 -2.803159
-0.106302 -0.033252 -2.251659
-0.422810 -0.161760 2.120683
-0.428761 -0.116765 -2.546507
-0.146591 -0.010538 0.663963
-0.009739 -0.077449 -1.649012
-0.487124 0.033418 -3.085554
-0.212870 -0.484469 -2.441268
-0.111747 0.087037 -3.001941
-0.025236 0.456960 -1.184008
-0.161735 -0.317464 -1.614898
-0.040513 -0.105655 -2.657980
0.041136 -0.000163 -2.180209
0.126746 -0.254328 -0.454239
0.152904 -0.426749 1.527077
0.470798 -0.460402 1.333620
0.298866 -0.181077 -1.758761
0.331577 -0.394655 3.005995
-0.348889 -0.247425 0.615515
0.050207 -0.270211 -0.499410
0.339471 0.052906 -3.035018
0.416023 -0.295815 2.403157
0.388149 -0.082550 -0.668037
-0.383383 -0.343560 2.886245
0.356795 -0.168554 -2.724300
0.436908 -0.298922 -0.175780
-0.071925 -0.374777 2.644505
-0.130181 -0.454573 -0.011528
0.482058 -0.490513 -0.038897
0.028708 0.432714 3.108357
0.094628 -0.404293 -1.306946
0.031102 0.223941 -1.412952
-0.103557 0.317616 -1.671033
0.137760 -0.366434 -1.162561
0.223317 -0.100342 0.651154
-0.178714 -0.362806 3.079403
0.333154 -0.150411 2.637753
-0.027122 0.484015 -3.003122
-0.044998 -0.328580 -0.686131
0.155036 -0.293496 -1.465500
-0.300615 0.100320 -3.100292
-0.496022 0.071168 2.086474
0.012882 0.437099 -0.787391
0.391306 0.035730 3.066671
-0.378185 0.018642 1.901722
-0.112856 -0.125813 1.088021
0.185631 -0.236504 3.086927
0.241498 0.183485 -0.195715
0.096425 -0.068500 -1.786199
-0.428563 -0.405851 -2.466171
0.078019 0.035209 -1.809949
-0.030283 0.117324 -2.198684
0.158518 0.402894 -0.895065
-0.174286 0.243833 -2.854004
0.129595 -0.299108 -2.102525
0.062240 0.448043 -1.519136
-0.286271 0.220984 -1.759273
0.462068 -0.428968 0.965771
0.064767 -0.227969 -1.228935
-0.191762 0.126066 2.728922
-0.014697 -0.229217 -1.885849
0.291970 0.029754 2.673732
-0.012058 0.175557 -2.759706
-0.134088 -0.309664 -2.675774
0.107357 -0.300800 0.732839
-0.423690 0.086930 0.570285
-0.216677 -0.370518 -3.124016
0.009371 -0.068652 -2.681864
-0.160211 -0.098282 -3.020503
0.265721 -0.279863 -2.708693
-0.446711 -0.037970 1.414514
0.004233 -0.189353 0.575574
0.364520 -0.157687 1.871917
-0.183069 0.005498 0.641290
-0.074484 -0.093171 2.492221
0.060413 -0.448833 -2.015632
0.248013 -0.352182 -1.182332
-0.364250 -0.358904 2.849713
0.199491 -0.052507 -1.929299
0.354008 -0.078277 -2.381296
-0.397513 -0.314019 2.969477
0.033873 -0.256247 -2.819355
0.051755 0.110277 0.387410
0.244236 0.178160 -2.764374
-0.122835 0.300340 3.116176
0.314116 0.130392 -1.375775
0.036473 0.493058 -1.541418
0.089502 0.492210 -2.147281
-0.151218 -0.447839 -1.106772
-0.130033 -0.044748 -1.140053
-0.080658 0.002072 -1.159247
-0.173545 0.255969 -0.075001
0.121828 -0.059016 -1.655860
0.427919 -0.047669 -2.688513
0.019334 0.343098 -0.637221
-0.000383 0.421817 -2.235159
0.438336 -0.075484 -0.360097
0.339595 0.167399 -2.437854
0.280196 0.401249 -0.693687
0.015098 -0.191861 -2.607339
0.326686 -0.120047 0.458496
-0.153412 0.464148 -0.743948
0.353794 -0.296018 -0.926637
0.195966 -0.426471 -3.119783
-0.209802 -0.361280 -0.714356
0.281952 -0.400797 1.733220
0.320827 0.326588 2.935051
-0.485797 0.027836 2.931435
-0.056104 0.045089 -2.197298
-0.068814 0.286029 0.134045
0.253485 -0.202256 2.635005
0.064878 0.224394 -2.816713
0.361828 -0.113241 -2.807077
-0.049834 0.116573 -2.527515
-0.278305 -0.416152 1.219140
0.093598 -0.281061 -0.939585
0.428530 -0.480171 0.976022
0.414930 -0.035249 -1.715457
-0.197319 -0.318926 -2.956660
0.052252 0.110337 0.722432
-0.150419 -0.491296 2.665343
-0.358239 -0.267167 -2.614187
0.012619 0.364356 -2.210604
0.444854 0.352965 -2.279775
0.308425 0.113778 -2.105803
-0.286876 -0.236421 -2.315611
0.351526 -0.322652 2.781888
-0.167402 0.267678 2.769201
0.444608 0.036051 0.386218
-0.157228 0.234053 1.418273
0.319801 -0.036582 2.816559
-0.116820 0.141139 -2.291109
-0.226379 -0.382289 -2.947615
-0.161382 -0.484693 2.455755
-0.049098 0.341596 -2.813307
0.265662 -0.174767 -2.458142
0.248691 -0.494594 1.906104
-0.205089 0.451342 0.859770
0.221013 -0.159555 0.775988
0.440579 -0.425505 0.199601
-0.368031 0.486046 0.599781
0.324881 -0.321782 -2.561925
-0.091335 -0.400457 2.249342
0.286357 0.452006 -1.020600
-0.405753 -0.247077 2.758987
0.173991 -0.141569 -2.856378
-0.147418 0.159333 2.695751
0.219643 0.221019 1.979103
-0.438617 0.472302 1.995419
0.048754 -0.280168 -0.567509
0.217299 -0.478605 1.435637
-0.292726 -0.243751 -2.245685
0.129679 0.031879 -2.441329
0.484796 -0.104572 -2.013057
0.158817 0.323562 -0.259716
0.149607 -0.051519 -1.633573
-0.430267 -0.293436 -0.702254
-0.427241 -0.193228 -1.418665
0.253856 0.268066 2.447612
-0.059588 0.173712 -2.451207
0.428408 -0.277631 2.115547
0.333198 -0.295121 -1.422710
0.193576 0.373630 -1.596151
0.106303 -0.113195 -2.446179
-0.154124 0.149680 -1.144172
-0.493864 -0.407593 2.188931
-0.469392 0.310907 1.717715
0.333426 -0.409438 -0.393595
-0.208707 -0.161209 -3.121825
-0.014757 -0.099434 2.984031
0.443263 -0.223982 -1.157500
0.228754 -0.204292 0.247450
-0.017807 -0.160570 0.726921
0.437568 -0.141472 1.929200
0.215738 0.094207 -0.601152
0.275235 -0.305180 1.647609
0.000193 0.092172 -1.443464
-0.388092 -0.384235 -2.929801
-0.022923 0.104196 -1.671655
-0.330240 -0.184641 -2.067136
0.145448 -0.075434 -1.822528
0.445381 -0.170371 0.166695
0.191685 -0.398581 0.278091
0.454419 -0.416998 -0.602019
0.390424 -0.021905 0.304847
0.184181 0.064480 -0.939283
0.277177 0.332637 -2.849467
-0.404683 -0.076375 -1.904615
-0.273478 -0.076367 -1.171331
-0.493194 -0.227884 -0.862678
-0.182006 -0.441848 -1.919199
-0.481643 0.154708 0.648697
-0.104245 -0.421685 -1.046332
-0.368495 -0.169709 -2.102422
0.379201 0.134925 -2.468037
-0.309370 -0.320768 -2.171104
-0.263242 -0.247848 2.588061
0.363329 -0.334766 0.319569
-0.379501 0.257159 1.735334
0.087870 0.087147 1.622705
-0.240711 0.000096 -2.928563
0.049337 -0.042771 -1.623456
0.191089 -0.083746 1.735018
0.364326 0.126490 2.311797
0.334702 0.235739 -2.993901
0.074663 0.188508 -0.527395
-0.285017 -0.011075 -1.459660
-0.230768 -0.314638 3.057943
