0.086536 -0.303474 -2.096593
0.328986 -0.028121 1.907243
-0.332677 -0.376075 1.045660
-0.259829 -0.144858 2.078369
-0.119448 0.397987 1.360220
0.230222 0.349692 3.070304
-0.441494 0.375951 -0.333966
0.473595 -0.185798 0.823361
0.423688 0.253549 -0.887139
-0.355512 0.335084 1.893313
-0.297225 0.321998 0.977471
0.486775 -0.497097 -2.264426
-0.051219 0.403797 -2.756627
-0.251009 -0.180789 0.435595
-0.027705 -0.125008 0.581445
-0.269736 0.266631 0.051531
-0.275889 -0.119299 0.737177
0.276212 -0.466315 1.718934
-0.066105 -0.007370 -1.185968
0.392056 -0.456719 0.739112
0.111425 -0.333821 -0.033584
0.068566 -0.433746 -1.658870
0.141921 -0.194453 -2.640780
-0.232376 -0.016323 -0.115186
-0.176300 0.368977 1.552019
-0.319718 -0.156217 -1.363614
-0.435803 0.085769 0.664713
0.294938 -0.150995 -0.777800
0.388717 -0.123327 -1.984913
-0.331798 -0.237095 2.697449
-0.366392 0.225381 -1.133387
-0.002328 -0.264699 -0.838404
0.329511 -0.375994 -2.143194
-0.417565 -0.015287 3.054938
-0.142807 -0.209917 0.179546
0.421093 -0.482358 2.372480
0.022474 -0.410671 -0.394668
-0.495434 0.208545 1.725171
0.416239 -0.371908 1.901380
0.303010 -0.010027 -1.473281
0.309073 0.370658 1.990631
0.068755 0.266087 1.951234
-0.473327 -0.446893 -2.303558
0.116471 0.222849 2.603594
0.320497 -0.147336 -1.022471
-0.061798 0.267805 -1.439452
0.191265 -0.225978 1.452753
-0.035971 0.443082 1.609811
-0.333283 0.451320 -1.270207
-0.044659 -0.163504 -2.202262
0.139951 -0.033105 2.171648
0.079074 -0.299959 2.088145
-0.041952 -0.026020 0.535561
-0.103597 -0.215045 -0.774443
-0.391117 -0.265222 1.971593
-0.006976 -0.154957 -2.426006
-0.185285 0.449937 -1.024465
-0.449661 -0.072144 1.509185
-0.489717 0.077574 1.843710
-0.112695 -0.013805 -0.702254
0.458867 0.213177 1.828725
0.357668 -0.290907 2.819658
-0.337126 -0.123909 0.040359
0.440407 0.494149 -2.487150
0.357199 -0.031374 -1.871827
0.377286 -0.058291 1.836169
-0.153297 -0.134735 1.067103
0.419453 0.195258 1.970178
-0.451598 0.038177 2.823425
0.012683 0.090035 1.181333
0.071162 0.480908 0.610768
-0.477512 0.341364 2.469545
0.184715 0.375040 -1.098462
-0.490253 0.407302 1.580467
0.127813 0.248502 -2.779906
0.374102 -0.315986 0.588882
0.355676 -0.223217 2.760485
0.149613 -0.164360 2.013366
0.410811 0.434183 -1.113628
0.437842 0.492393 -1.806868
-0.447510 0.267153 1.214209
0.442097 -0.107798 1.938555
0.336448 0.095272 -1.713261
-0.179646 -0.468113 1.042771
-0.024599 -0.056105 0.100857
0.347220 -0.453766 1.355291
-0.127407 -0.441790 -0.598833
0.102990 0.370354 2.377356
0.292832 0.331073 -0.989106
-0.319897 0.452115 0.674372
-0.019006 0.206239 0.352910
-0.285280 0.202908 -0.845938
-0.184196 0.113221 3.084079
-0.348312 -0.414780 -0.185793
-0.280502 -0.464986 2.217730
0.290762 0.154351 1.310455
-0.363814 -0.012990 -1.022352
0.079145 -0.291619 3.002913
-0.277278 -0.403003 1.416195
-0.370941 0.067872 -0.133651
0.453676 0.281420 -2.886970
-0.181468 -0.281438 1.165279
0.356151 -0.348092 2.934553
0.453110 -0.444242 -2.748144
0.486706 0.359314 0.853883
0.483021 -0.234037 2.126255
-0.203740 0.063491 0.526240
-0.492457 0.425712 2.268967
0.473578 0.309776 1.246937
-0.365228 -0.235901 1.364659
-0.452628 0.039661 -1.489984
-0.193681 0.218217 2.375902
-0.380306 0.088954 -0.835270
-0.059609 -0.246778 0.564323
0.451521 -0.173144 1.373494
-0.132061 0.165652 0.962924
-0.489843 -0.038503 -1.791483
-0.498124 0.316691 -2.255711
0.384238 0.249155 -2.619936
-0.447436 -0.453998 2.730155
0.235970 -0.280836 -0.631239
-0.284533 0.072629 0.806033
-0.357077 0.495671 1.471606
-0.338873 0.471979 1.193449
0.245237 -0.289237 -0.592141
0.043950 -0.270673 -0.683685
-0.160819 0.375558 -1.535478
0.126171 -0.316298 -0.893089
-0.471016 0.124990 -1.453488
0.349308 0.155919 0.240590
0.385271 0.079862 -1.758128
0.472079 -0.378999 -2.992773
-0.071227 -0.463971 -2.613124
-0.228361 -0.433265 0.736755
0.316252 0.198339 -1.537943
-0.371318 0.248215 0.043449
-0.462800 0.408611 -1.971984
0.399291 -0.451685 1.422030
-0.085563 -0.179665 0.775987
-0.392790 0.043264 -0.731783
0.061621 -0.193839 0.476959
0.145007 0.442945 -0.509043
-0.280201 0.004046 1.846719
-0.498380 0.394156 1.068368
0.010324 0.026709 0.418282
-0.493119 -0.256197 2.093418
-0.493010 0.173948 -2.718569
-0.460752 0.474479 -0.425245
0.297892 -0.127461 -2.317632
0.312139 -0.077389 -2.748890
0.392171 0.466940 2.034114
-0.106902 -0.478906 1.047796
0.492056 -0.390439 -1.805911
-0.375541 0.485845 0.972181
0.499355 -0.120917 1.177946
-0.153302 0.117817 -0.053551
-0.174818 -0.458628 -3.106499
-0.181788 0.117107 -0.333915
-0.012871 0.140667 0.944917
0.498287 -0.221659 2.535294
-0.375760 0.285872 0.819402
-0.456878 0.069500 1.679147
0.205201 -0.324619 -1.138891
-0.415991 -0.301757 -2.101957
-0.375797 0.101192 -3.126268
-0.477396 -0.076557 -1.944046
0.087622 -0.046688 1.066231
-0.367929 0.134453 -1.282364
0.101021 -0.240700 -0.637976
0.015628 0.203729 -1.165362
-0.173487 0.251147 2.712534
-0.080763 -0.181153 -0.687527
-0.489101 -0.055405 -1.992556
-0.273779 -0.102816 0.377305
0.275544 0.492185 -0.312247
-0.275123 0.445239 0.912973
0.461115 0.023961 -1.885909
-0.355331 0.377799 3.074418
0.422251 -0.425717 0.154221
0.031258 -0.281364 -3.040116
-0.331309 0.284144 0.860123
0.191046 -0.312652 3.090069
-0.315301 -0.034102 2.230450
-0.251673 0.355707 1.655464
-0.250858 0.269353 0.947139
-0.035188 -0.282048 2.534217
-0.316423 0.095818 0.116957
-0.124282 0.415992 -1.723594
-0.184026 0.111544 1.033132
-0.207304 -0.322209 -1.991417
0.451463 -0.325914 -2.587825
-0.128119 -0.360071 1.143254
-0.311228 -0.285673 -0.848988
-0.071806 -0.159522 -0.139771
0.069766 0.395620 -0.967514
0.321275 -0.401630 -0.676652
0.119323 0.340056 -0.639099
-0.338096 -0.041205 1.068651
-0.196563 -0.019464 -0.120395
-0.162659 -0.180067 0.554170
-0.410522 0.066390 3.002656
-0.367686 0.178781 0.250614
-0.232056 0.211412 0.808369
0.311476 -0.154671 2.521358
0.025124 -0.307798 2.298527
0.116917 -0.443596 -0.046876
-0.178821 0.352770 0.053794
-0.268214 0.114202 2.058382
-0.178464 -0.131073 0.758358
0.487327 -0.484346 1.069963
-0.392640 -0.450452 2.444367
0.048043 -0.476462 1.709926
-0.425472 0.339064 -0.263746
-0.022243 -0.014512 0.390669
-0.315904 0.106105 0.251248
0.107199 -0.426561 -2.350422
-0.296370 -0.147552 -0.370438
-0.070519 -0.027496 -2.454418
0.056500 -0.213521 -1.030966
0.130977 -0.147383 2.008093
-0.134607 -0.372062 -0.818245
0.269880 -0.384679 0.342952
0.435893 -0.384300 -1.797017
0.409425 0.477520 -2.681684
0.449873 -0.298755 2.674476
-0.434268 0.242506 0.451260
0.443346 0.017208 1.729178
0.179308 0.262654 -0.978029
0.316680 -0.049773 -0.072728
0.457462 0.193083 -1.053343
-0.373211 0.268682 0.456704
0.252453 0.393549 2.852826
0.313254 0.127471 -2.269865
-0.392687 0.400765 1.159596
0.199811 -0.329104 2.291291
-0.493506 0.407941 0.773117
0.073909 0.167684 -0.773290
0.252424 -0.246495 3.067519
-0.304027 -0.247049 2.386362
0.226644 0.216436 -2.054420
0.460067 -0.262237 2.652055
-0.268663 0.444194 1.713406
-0.331286 -0.303754 -0.951237
-0.118238 0.057320 0.278334
-0.367218 -0.373707 0.905730
0.323520 0.206536 -1.402123
0.069798 0.069505 -2.391249
0.153024 -0.457917 -2.328497
0.311376 -0.421764 1.854427
0.481047 0.009159 3.131752
-0.465690 0.027959 2.310546
-0.065393 -0.474609 -0.799888
-0.276059 -0.388886 1.103423
-0.371112 0.161724 2.021721
-0.359020 -0.238040 2.009883
-0.357689 0.174930 -1.218788
-0.346105 -0.171143 2.545702
0.105680 -0.056805 -2.109192
-0.000339 -0.252969 0.266992
-0.204985 0.178067 2.844898
0.055357 -0.090442 -0.302761
-0.043682 0.303471 -2.076406
-0.038832 -0.152053 1.228238
0.443837 -0.281903 1.252396
0.131543 -0.220652 2.681327
-0.103360 -0.225588 -2.341363
-0.278025 0.366663 2.100520
0.330983 0.193691 0.761621
0.396560 -0.221193 2.336026
-0.036156 -0.317448 3.026596
-0.132807 -0.355919 -2.953389
-0.093649 -0.180683 0.784535
-0.071960 0.044287 0.593511
-0.317251 -0.079130 0.549820
0.133975 -0.272193 -0.022495
0.171009 -0.121069 -2.882570
-0.170380 -0.140903 -0.788488
-0.356832 0.016772 -0.725318
-0.425331 -0.073325 -2.064630
0.085873 -0.052613 -2.289266
-0.474894 0.414379 -1.250586
0.196090 0.003130 1.524638
-0.403839 -0.004543 -0.603177
-0.400061 0.094733 2.934620
0.156765 -0.085538 1.398614
0.111543 -0.250900 -1.079363
0.005026 -0.452152 0.908071
0.140376 -0.085993 1.434816
0.329781 0.389069 -0.868652
0.213909 0.039100 -2.049983
-0.440837 0.125208 -1.415228
0.149446 -0.347638 -1.963435
-0.165984 -0.489392 -3.089583
-0.462918 0.381600 0.689329
0.333934 -0.264743 1.749284
-0.247543 0.022407 -0.111192
-0.034884 -0.228459 0.467249
-0.266368 -0.189682 -2.011208
0.040141 -0.433686 -0.720452
0.022061 0.286142 -1.858063
0.003516 0.020055 3.070901
-0.162933 -0.215102 -0.768424
0.161147 0.254449 0.536529
-0.306119 -0.116054 0.157085
0.494019 -0.380756 -1.621144
0.471082 -0.223405 2.670852
0.446983 0.003666 0.069992
-0.165874 0.058823 0.100178
0.196265 0.395228 -2.739310
-0.489394 0.204806 1.422130
-0.047469 -0.363312 -2.842975
-0.263547 0.191152 -0.788168
0.189088 0.231760 -2.678234
-0.173101 0.364538 0.754142
-0.437151 -0.283431 -0.670744
0.453923 0.416687 0.638364
-0.198974 0.344370 2.818303
0.355373 -0.367107 -0.207180
-0.022624 -0.209336 -1.902825
0.463958 0.171885 -1.510401
-0.418957 0.324642 0.638078
0.110449 -0.471014 -0.035996
-0.365126 0.209979 -0.815716
0.150729 -0.416749 -2.506262
0.312655 0.277148 -2.990345
0.041959 -0.063130 1.735100
-0.152112 0.398456 1.374894
-0.053704 0.462462 -1.911491
-0.245809 -0.188010 -1.718220
0.010811 0.082024 2.473662
-0.139207 -0.168793 -1.715922
-0.144106 0.391242 0.237003
-0.202802 -0.230126 0.392512
-0.454737 0.352663 2.939036
0.087590 -0.409421 0.139481
-0.180221 0.135304 -2.454564
-0.231084 -0.318739 -1.756025
-0.064856 0.480396 1.651456
-0.436059 -0.173098 -0.703636
0.037584 -0.383082 0.562791
0.247342 -0.391296 -0.138980
0.171190 0.192697 -0.754148
0.173625 -0.138035 2.560938
0.199313 0.456446 -2.267248
-0.145324 0.131804 0.519723
-0.432374 0.324411 -0.506494
0.303523 0.408498 -1.611669
-0.322123 0.250963 0.442154
-0.342438 -0.305298 1.728834
0.418463 -0.133367 0.932069
-0.188331 -0.491748 0.825548
-0.344740 -0.261593 1.683354
-0.411658 0.222122 2.094861
-0.485767 0.261389 0.816623
-0.485469 0.087396 -1.870645
0.456391 -0.421180 0.747491
-0.036695 0.330637 -0.927786
0.377336 -0.222647 3.026304
-0.300684 0.068292 -0.391895
0.371493 -0.143828 -1.795978
-0.476226 0.076138 0.467711
-0.075782 0.458621 -1.934893
-0.371857 -0.090095 0.990691
-0.458740 -0.248273 -2.721568
-0.100112 -0.135415 -2.412371
-0.433641 -0.298490 -2.950648
0.356191 -0.379383 -1.943646
-0.023874 -0.064174 0.109643
0.225746 0.467291 2.161295
-0.239951 0.227612 -1.024260
0.196642 -0.308682 2.066974
-0.227069 -0.390317 -0.640707
-0.264458 -0.136295 0.354959
0.032153 -0.114447 1.150890
-0.162985 -0.022930 -1.634878
-0.493371 0.282683 1.250161
0.038725 -0.147030 -2.372968
-0.335996 0.293199 -2.686149
-0.408484 0.082446 -1.474688
0.092944 0.412486 -0.507789
0.434427 -0.355776 2.857929
0.080957 -0.195943 -1.070406
0.027811 -0.056132 1.708449
0.338142 0.102937 -0.840530
0.360973 -0.052640 1.047145
-0.158464 -0.302812 0.100398
0.328547 0.249558 0.061956
0.214124 0.436857 -1.935487
-0.236629 -0.438945 0.002551
-0.282584 0.157519 1.525500
-0.401424 0.430198 -0.706420
-0.006552 -0.423819 -2.907975
-0.499337 0.318835 2.297632
0.448128 -0.372818 2.003096
-0.321566 0.205102 1.429819
-0.291857 -0.258872 0.379503
-0.117444 0.465915 -0.171153
0.459839 0.246421 0.067981
0.052684 -0.190434 0.574109
-0.183261 -0.245703 0.635983
