-0.305635 -0.237744 0.291214
0.033834 0.036237 0.186059
0.253836 0.169443 1.412028
-0.333871 0.013753 2.773342
0.368330 -0.424812 2.966919
-0.438547 -0.479577 2.427308
0.183304 -0.062448 1.750675
0.009403 -0.259672 -3.086055
0.375699 -0.391285 -1.161407
0.222406 0.096895 2.254130
-0.394203 0.050624 2.388998
-0.446559 0.303086 2.480372
-0.012894 0.424193 -0.662306
0.308631 0.195468 0.273726
-0.406707 0.420653 1.595645
0.014324 0.339974 -1.246556
-0.051595 0.326302 -2.246922
0.382913 0.390110 -0.885473
0.056186 0.091533 -0.128347
0.043238 -0.168888 -0.045531
-0.450880 -0.162404 -1.531840
0.026278 0.131864 0.703452
-0.463612 0.164294 -2.206910
0.055617 -0.352419 0.206296
0.096272 -0.163444 2.394571
0.339762 0.460734 0.437140
-0.259491 -0.081782 0.551478
-0.492035 -0.341494 -2.610858
-0.175440 -0.029524 -1.482645
-0.383896 -0.490002 1.498766
-0.104159 -0.434550 -1.881399
0.136015 0.390993 -2.432763
0.316710 0.304498 -0.497669
-0.377931 -0.142110 0.048834
0.289580 -0.260213 -1.910288
0.449580 0.295266 0.025508
-0.191740 0.135373 2.711735
-0.288709 0.303758 1.871646
-0.281506 -0.168806 1.977913
0.116657 -0.205387 -2.563099
0.071071 0.230017 2.232507
-0.114341 -0.293221 0.280269
-0.307554 0.417850 3.014117
-0.043131 -0.154112 -0.689678
-0.339740 -0.218934 -0.583985
0.472481 -0.204564 1.061890
-0.206012 0.176479 1.988752
0.354864 0.418693 -0.570223
0.499264 -0.321419 -2.137629
0.239502 -0.381406 1.905535
-0.041985 -0.032322 -1.100807
0.069311 -0.418512 2.315817
0.386877 0.076463 2.973346
0.119166 0.141826 1.280928
-0.193327 0.200970 -0.493031
0.186404 -0.477620 1.179381
-0.371124 0.004013 -2.332699
0.043855 -0.334719 0.778107
0.143287 0.241552 1.166790
0.177931 -0.233555 1.888358
0.377636 0.468701 -0.271454
-0.338171 0.107529 2.494327
-0.465361 0.049484 -0.366701
-0.070087 -0.105058 2.112567
0.174032 0.339155 -0.122502
0.043986 -0.120322 -0.606804
0.029025 -0.051116 2.184581
-0.278157 -0.265861 -2.812869
0.054849 -0.400091 -0.453866
-0.204114 -0.011960 -2.042995
-0.325534 -0.369843 -3.111416
-0.478124 0.312415 0.769154
-0.276442 0.027524 2.458136
-0.421760 -0.285375 -0.654602
-0.433682 -0.183256 1.007597
-0.078936 -0.036502 -1.725287
-0.361791 -0.200265 -1.028623
-0.163528 0.034698 2.370740
0.051599 0.337838 -2.333529
-0.087486 0.182708 -0.675409
-0.474956 -0.168651 1.087444
0.466047 -0.376349 -1.019144
0.057510 -0.036422 -0.025348
-0.189638 -0.061297 2.856776
0.438964 -0.376861 2.595679
0.022155 -0.319413 1.513358
-0.297124 0.065217 0.041068
-0.458460 0.103103 -2.525051
-0.162326 -0.064675 -1.137532
-0.325889 -0.023694 -2.101814
-0.156882 -0.462436 2.943039
-0.209218 0.400100 -0.581931
-0.025877 0.195653 2.910238
-0.096136 -0.244293 0.688229
-0.063975 -0.256861 1.882835
0.128235 0.302310 -3.057709
0.333160 0.031678 0.010917
-0.270339 -0.458467 -2.953940
0.300468 -0.355135 -1.045279
-0.048760 -0.075724 -2.523502
-0.144413 0.169493 1.337945
-0.175256 0.127068 -0.089887
-0.210107 -0.496044 -1.286240
-0.480491 0.379268 0.132101
0.026109 0.419234 2.110107
0.009995 0.057265 -1.011524
0.198476 -0.289562 0.964874
0.236463 0.149694 -0.780934
-0.435776 0.487783 -3.124154
-0.458579 -0.373813 -2.513642
-0.452770 0.407658 1.191203
-0.459558 -0.311804 -1.549236
0.078954 0.091692 -0.474343
-0.483167 -0.070977 2.979722
-0.494029 -0.425543 -0.556438
0.321360 0.101233 0.173080
0.315222 0.069060 -0.483480
-0.461699 -0.492889 -1.598509
-0.471249 -0.151976 2.246089
-0.248817 -0.296885 -2.280782
-0.328092 -0.243196 -1.465011
-0.460557 0.455106 2.156283
-0.183714 -0.297610 1.089854
0.042863 -0.313468 -0.210217
0.327840 0.169750 -0.177886
0.323019 -0.046196 1.107141
-0.181290 0.202619 1.105713
-0.280377 -0.464377 1.756413
0.499505 -0.168123 0.163682
0.049819 -0.012560 -0.731813
-0.364303 -0.390414 -2.869396
0.384012 -0.029359 -0.268682
0.413133 -0.474319 2.705404
-0.172049 -0.265801 -0.675010
-0.391127 0.028030 -2.913553
0.276233 0.016827 -1.803800
0.371660 0.365126 -0.754445
0.071938 -0.400268 -0.888797
0.480727 0.041736 1.573765
0.358586 0.284624 -0.473662
-0.101509 0.257458 0.966796
-0.379496 -0.329095 -1.868539
0.159881 -0.307010 -2.638632
-0.232081 -0.122307 2.865389
-0.013494 -0.287976 -0.770797
0.384547 0.145085 1.611077
0.338210 -0.290062 0.328296
-0.239579 -0.212775 -2.482972
-0.144782 0.140104 2.866574
0.170000 0.078264 1.501562
0.456765 -0.302004 -2.017222
-0.110516 0.483856 2.586645
-0.107449 -0.241995 -2.689893
0.214166 0.189130 0.927321
0.268869 -0.183317 1.628956
0.224929 0.466136 1.453961
-0.373048 -0.443198 -1.792379
-0.218383 -0.044968 -2.401144
-0.373383 0.319217 2.566786
-0.111408 0.301356 0.215160
-0.433593 -0.249031 -0.698492
-0.381054 0.174527 -2.252234
-0.012076 0.338333 1.757352
0.437628 0.183089 1.395570
0.128496 -0.418366 2.950272
-0.101392 0.264546 -1.808504
0.008712 -0.157103 -2.984552
0.102139 -0.067415 -2.324436
0.465068 0.415652 -2.352035
-0.120813 -0.197055 1.073796
-0.483547 0.062971 -2.324644
0.155433 -0.448539 -1.490865
-0.064722 0.411510 3.007020
0.002344 0.467553 -0.574534
-0.017422 -0.316477 -1.332823
-0.227209 -0.175055 -2.510750
0.347378 -0.262261 -1.148283
0.239709 0.111830 2.056523
-0.312004 0.259038 0.529795
-0.353582 0.163324 1.608090
-0.142056 0.363246 0.347883
-0.204573 0.023991 1.288560
0.045628 0.497583 2.446548
0.037983 -0.482621 -1.673180
-0.415697 -0.016113 0.861973
-0.356494 -0.163968 -0.528633
-0.406297 -0.497355 1.067645
-0.275876 -0.215995 2.536554
0.467530 -0.034735 0.655929
-0.356012 -0.295540 -1.276647
-0.239254 0.050553 -1.148099
-0.419356 -0.097515 2.784098
0.333515 -0.248157 1.535087
0.092415 0.446406 1.853272
-0.155453 -0.212029 -0.438202
-0.131563 0.412012 -1.379823
-0.159566 0.006826 -2.679912
-0.362872 -0.025220 0.822786
0.196172 0.369209 0.617146
0.071103 -0.186119 2.416057
0.357664 -0.057302 0.767767
-0.149535 -0.212792 -0.263569
-0.437159 -0.042778 -1.286714
0.444504 -0.381618 0.992195
0.237167 -0.294727 0.358725
-0.464953 -0.393524 -0.599641
0.440354 -0.484615 -2.748186
0.022064 -0.023947 -1.042429
-0.439363 0.344496 -1.402967
0.156147 -0.440679 1.155709
0.260272 -0.205604 -0.263227
-0.466936 0.322537 2.134336
0.346797 0.321899 -0.908790
0.361454 0.368962 -0.298745
0.215228 -0.490946 -0.015921
-0.391020 0.495769 -1.246788
-0.346063 -0.030223 0.235424
0.168940 0.022846 -0.259727
-0.400716 -0.268128 -0.611651
0.170587 0.438427 -1.571055
0.399596 -0.257722 -2.061856
0.017877 0.132144 2.736350
-0.272254 -0.034365 -3.123332
0.165430 0.161957 -1.818546
-0.372643 0.496492 1.765294
-0.434034 0.018522 1.990239
0.066477 -0.355761 -2.000259
-0.475107 0.111863 0.446323
0.440957 -0.129759 -0.416528
-0.100798 -0.452549 -1.025895
-0.079829 -0.267540 2.652069
-0.138148 0.406075 3.018361
0.165457 -0.236053 -1.771522
-0.291340 0.294340 -2.809664
-0.469264 -0.097113 1.616800
-0.221830 -0.000570 -2.192730
-0.355918 -0.143487 -0.296833
-0.262013 -0.229019 0.033143
-0.461538 0.080964 0.115804
-0.331894 -0.346868 0.316520
0.156272 0.113946 -1.341888
-0.381689 0.492285 1.649891
-0.247237 0.038127 0.917704
0.490565 -0.489831 0.013430
-0.307387 -0.125908 2.761770
-0.426587 0.000747 0.581600
0.217762 0.172562 -1.261971
-0.253717 -0.070780 -2.156439
-0.465020 0.084827 0.263284
0.243979 0.037063 -1.119995
0.425235 -0.387834 -1.036917
0.063068 0.398967 -2.495235
-0.325018 -0.441066 0.092307
-0.197953 0.424201 -0.944348
0.144151 -0.218488 1.548523
-0.395475 0.002627 -1.706160
-0.130422 -0.151853 2.895165
0.359500 -0.266996 2.176838
-0.402691 0.276219 -1.594484
0.073177 -0.434015 -1.302366
-0.446484 -0.137871 1.852232
0.016976 -0.143946 0.550608
0.497108 -0.149766 -2.873211
-0.197509 0.395210 -1.004561
-0.461818 -0.472666 -0.877405
-0.291497 0.037902 1.945671
0.277543 0.122459 1.772514
0.016649 0.480139 2.516627
0.326064 0.091610 2.277457
-0.233673 0.106671 0.055080
0.287718 -0.204510 1.681299
-0.210574 -0.116634 3.067373
-0.460443 -0.486434 2.199760
0.390945 0.017384 2.127081
0.206368 0.366518 0.829357
-0.243186 -0.134569 0.278111
0.288717 0.048275 2.519486
-0.181658 -0.148459 1.714217
0.451353 -0.298152 1.674410
-0.361608 0.251887 2.646727
0.159430 -0.389334 -2.800583
-0.288183 0.153176 0.379258
-0.352015 -0.049709 -2.754162
-0.055205 -0.274158 -0.749401
-0.280441 0.390714 -1.910401
0.306542 -0.246561 -0.800501
0.422427 -0.169945 -0.896439
-0.311539 0.258097 -1.686417
0.146994 -0.399940 -0.704885
-0.462206 -0.356127 -1.115971
0.223384 -0.277977 0.509304
-0.096411 -0.287036 0.920489
0.119543 0.049614 0.362121
-0.021304 0.277046 -1.696943
-0.434969 -0.266570 -2.773958
0.213335 0.052088 -1.073731
-0.227394 -0.076305 -1.371192
-0.360168 0.317377 0.918723
-0.475536 0.278808 -0.594091
0.368491 -0.141659 0.507607
-0.212177 -0.058621 2.062239
-0.488636 0.464866 2.622571
-0.457590 0.467733 -2.102672
0.406767 -0.111661 -0.181882
-0.099609 -0.188282 0.802527
-0.201570 0.188331 -3.115259
0.148216 -0.022733 -2.653543
-0.304075 0.213534 0.224551
-0.186247 0.253609 2.044659
-0.498502 0.279643 -2.315633
0.117342 -0.253392 -2.526823
0.139362 0.156367 -0.728244
0.110969 -0.067921 0.775645
-0.443414 0.009508 2.000464
-0.445977 0.303505 -1.878304
-0.403023 -0.187826 0.535840
-0.051849 -0.355506 -0.650749
-0.282366 -0.084564 2.050907
0.436800 -0.213649 -1.796686
0.252301 -0.121485 -0.923729
-0.244324 -0.478573 1.675812
-0.404842 0.431992 0.517814
-0.489436 -0.086391 1.790034
-0.035125 -0.461144 -3.067809
0.271757 0.287096 1.797201
-0.474929 0.428639 1.431911
0.471354 0.274356 1.077756
0.425503 0.170098 1.882993
-0.173538 -0.321222 0.715703
0.008108 -0.204035 2.049066
0.156601 -0.414090 -2.581422
-0.217160 -0.467959 2.168694
0.398909 -0.479128 3.125750
0.385979 -0.277537 1.337363
-0.400488 0.349492 1.900979
0.243780 -0.030909 -1.136116
0.138276 0.429403 2.146165
0.207400 -0.281923 2.407721
0.394429 -0.061012 0.103231
-0.178128 -0.278337 2.823765
0.372742 -0.014991 -3.042771
-0.269637 0.044522 -1.346121
-0.436932 -0.493853 -1.647883
-0.363448 0.097821 3.128856
0.249751 -0.008183 2.394933
-0.311042 0.466025 1.422810
-0.027869 0.330716 2.318418
0.480355 -0.438526 2.723416
-0.187742 -0.270326 -1.420461
-0.062737 -0.298350 -0.548287
-0.273089 -0.376125 1.989745
-0.375336 -0.041438 -2.803761
-0.318196 0.246246 0.509565
0.497403 -0.128309 2.770708
0.432311 -0.433337 2.321670
0.076458 -0.110249 -3.010005
-0.089345 0.117884 0.786700
-0.447506 -0.268393 2.758481
0.198264 -0.289401 -1.587317
0.461111 -0.012941 -2.086548
-0.307634 -0.079667 -2.387025
-0.384860 -0.437275 -1.698135
0.239612 0.060961 -0.519514
0.392869 -0.131821 -0.256348
0.306284 -0.133769 0.155044
-0.326151 -0.212239 0.906230
-0.243772 -0.460970 -1.625563
-0.192898 -0.415473 1.453391
0.091594 -0.189249 -2.332848
0.120995 -0.440570 2.567421
-0.175240 -0.496707 -3.125512
0.372578 -0.479233 -1.708141
-0.461097 -0.254571 2.935690
0.386747 0.076138 1.114885
-0.464302 -0.144400 1.972961
-0.236516 0.219045 1.148698
-0.111640 -0.366376 -0.277323
0.240987 -0.482926 -1.490526
0.305591 0.064839 -2.002842
-0.093821 0.463607 -0.558507
-0.134308 -0.286478 -1.632753
-0.244373 0.241995 0.803897
0.349765 0.003925 -2.524410
0.319675 0.020246 -0.927342
0.340232 -0.233087 2.088149
0.081200 0.153026 0.982931
-0.124763 0.154222 -0.637227
-0.304192 0.049940 -0.326141
0.357538 -0.318789 1.079017
-0.218538 0.410845 -3.129775
-0.281265 -0.264132 3.103966
-0.169421 -0.290508 -1.309205
0.116454 0.240981 -1.992117
-0.258551 -0.161766 0.038664
0.112481 -0.054660 1.044923
-0.306656 0.128355 -0.137099
0.076564 -0.164532 2.536841
-0.383320 -0.299943 -2.390165
-0.082406 0.039729 -2.367316
-0.038178 -0.025778 -1.523066
