-0.311753 0.340259 -0.286850
0.335826 0.181280 -0.521129
-0.037484 -0.301287 -1.230469
-0.473912 -0.016116 -0.696363
0.495806 0.485219 -1.985867
-0.098089 0.002857 -1.190981
0.151731 0.192540 -0.006092
0.062450 -0.383633 0.899922
0.067079 -0.268197 -2.983790
-0.145985 -0.090905 2.159477
-0.416653 0.379538 -3.114521
0.082383 0.027368 -0.798108
-0.031094 0.462178 -0.617086
0.055069 -0.071194 -0.548666
0.482971 -0.247125 0.401946
-0.475264 0.071897 -2.146506
-0.086325 0.008673 -0.839703
0.497800 0.171660 -2.406094
-0.418663 0.449390 1.767106
-0.156053 -0.119499 -1.234506
-0.148724 0.326964 -0.314687
-0.044197 -0.036670 -1.056246
0.382704 0.075197 1.894345
0.184703 -0.037187 2.066148
-0.046673 0.384113 0.178472
-0.020185 -0.167590 -1.569557
-0.475690 -0.219337 -0.418048
0.182976 0.309016 2.564318
-0.284260 -0.320807 0.403607
0.326823 -0.321739 0.182122
0.290950 0.286645 2.650591
0.348158 0.212317 -2.943439
0.328699 0.400593 1.569743
0.366334 -0.187442 -1.586425
0.175995 0.294338 1.555612
0.002289 0.169034 -0.198765
-0.499202 0.465003 -2.563031
-0.497899 -0.112091 -1.310787
-0.374336 -0.246525 1.825351
-0.295062 0.025418 2.224277
-0.236478 0.144275 -1.159148
0.356350 0.101560 -0.296041
-0.403861 0.266157 -0.188471
-0.129714 0.389649 -1.381273
0.284570 0.229770 -0.423962
-0.300649 0.283772 -1.849287
0.025035 -0.169013 -1.324156
-0.261199 -0.040936 -0.657989
-0.433245 0.287338 1.256900
0.258902 -0.485764 2.910447
-0.260139 -0.251596 -2.052061
-0.163881 0.164160 -1.763821
-0.136470 0.427044 -2.168422
0.165097 0.069296 2.321752
0.418213 0.099405 1.871562
0.302271 0.032625 -2.901341
0.330003 0.464015 0.461066
-0.363897 0.236726 -0.042646
0.288504 0.189410 2.594575
0.078383 -0.312878 -0.122658
0.430880 0.257320 -1.833737
-0.413790 -0.086934 -1.411579
0.292513 0.174984 -0.933815
-0.411007 -0.389711 -1.529927
-0.142634 0.385330 -2.350279
0.123692 0.249677 -0.034283
-0.174189 0.117604 0.474714
-0.197221 -0.221980 3.048612
-0.051522 0.080923 0.030399
0.126866 0.354093 -0.083570
0.406605 -0.011587 0.541292
-0.147584 0.303569 -0.211957
-0.265794 -0.249266 1.427147
0.043937 -0.196530 -1.898464
-0.174641 0.171853 -0.002145
0.347580 0.050332 -0.492063
-0.115140 -0.018224 -1.260591
-0.336948 -0.180427 2.811454
-0.366680 -0.047507 -0.703245
-0.049481 -0.437841 0.188731
0.420660 0.239280 -0.450864
-0.251644 0.476142 -0.480111
-0.243741 0.391977 0.847567
-0.132361 0.147189 -1.730464
0.394773 0.429934 -2.274807
-0.181327 0.025205 -1.571354
0.133291 0.373288 -0.870808
-0.402539 -0.170491 -0.317545
-0.171999 -0.459718 -2.802208
-0.349390 -0.233770 -2.960401
-0.340233 0.165642 -2.148747
0.122508 0.313391 1.329018
0.115189 0.272782 -0.232169
0.086222 0.233618 -0.601097
-0.014190 -0.068045 0.383864
0.180693 0.097770 -1.737583
-0.035612 0.330715 0.783386
-0.427459 0.408585 -2.522808
0.134263 0.331990 -0.288476
-0.392351 0.183083 -2.183533
-0.486745 0.197293 2.157302
-0.389869 -0.379900 -1.750028
-0.444969 -0.066212 -1.182507
-0.011374 -0.261674 -1.598414
0.262080 0.394192 -1.022048
-0.263883 -0.494654 0.632000
0.252837 0.076441 -2.806590
0.192133 0.421824 0.117506
-0.183576 0.188542 0.328590
-0.221995 0.077287 -0.851329
-0.446193 0.204503 2.856528
0.123028 0.359860 2.421705
0.356336 -0.397281 0.948033
-0.018122 -0.334169 1.136237
-0.016458 0.140740 0.119119
-0.446787 -0.315455 -2.577881
0.290923 -0.311367 -0.077904
-0.281316 0.449931 -1.851307
-0.475171 0.082324 -2.080728
-0.449461 -0.292056 -0.440307
-0.458521 -0.420271 0.213992
-0.358822 0.320554 -1.184644
-0.001211 -0.235389 2.794497
0.392465 -0.484162 0.009512
0.296971 0.169624 0.339766
-0.335219 0.331436 2.503104
-0.102642 0.487548 -0.345741
0.098511 0.411780 -0.319381
-0.116302 0.030956 -0.412450
0.225601 0.382598 -0.843219
-0.053797 -0.425112 1.222515
-0.156362 0.101389 0.003853
-0.273402 -0.195459 -2.247376
-0.245208 -0.163155 -2.894784
-0.379520 -0.211410 -1.894684
-0.459053 -0.384544 1.004688
0.325071 -0.414462 -0.511998
0.252636 0.424116 -1.453698
-0.110948 0.346320 2.467705
0.244688 -0.344493 -2.717138
0.099227 -0.408366 0.949330
-0.254827 -0.381666 -0.832738
-0.390518 -0.388722 1.831944
0.013497 0.145405 -0.913384
-0.451503 0.376966 0.494259
-0.077172 -0.237752 -0.583179
0.159485 0.084660 2.312953
-0.173479 0.441076 0.435941
-0.352299 0.452550 1.275555
0.430571 0.298749 -0.406528
0.249093 -0.064485 -0.297899
-0.402166 0.425128 2.282558
0.468919 0.077915 1.848497
0.351188 -0.312444 0.728688
-0.232636 -0.019843 -0.732325
0.434575 -0.088043 0.456497
0.063258 0.385899 0.356234
0.418015 -0.029246 2.006323
-0.280608 -0.253588 1.991483
-0.081456 -0.218484 -0.114892
-0.125115 -0.413613 0.544517
0.214839 -0.225810 -3.013815
0.132718 -0.090890 0.616335
-0.203815 -0.197061 -2.345640
0.005067 0.427313 0.706716
-0.155172 -0.048130 -1.152356
-0.213716 -0.483854 -1.638238
0.244965 0.317242 -0.284709
0.318836 -0.434848 2.701150
0.278243 0.346155 0.648825
0.484987 -0.080713 -1.089951
0.332972 0.454894 -1.229970
-0.031939 -0.044847 0.162442
-0.083513 0.312372 0.744420
-0.398447 -0.482072 -2.142007
-0.129831 -0.291605 -1.247632
0.296580 -0.443824 2.665312
-0.274937 0.258753 -1.289448
0.360607 0.494905 2.921100
-0.030243 -0.349446 -2.183387
0.149754 0.235066 -0.959705
-0.245297 -0.419333 -2.988313
-0.116860 -0.427194 -2.517357
0.125237 0.198486 1.053407
0.135029 -0.108250 1.160037
-0.474860 0.304037 0.045045
0.486921 -0.220779 0.993025
-0.045189 -0.133751 -0.564677
-0.119222 -0.087817 -1.782879
0.239583 0.330602 0.646903
-0.404628 -0.100476 -1.063003
-0.434684 -0.034854 -1.866991
-0.479725 -0.012446 -2.410225
-0.249664 -0.336241 -1.634072
-0.026207 -0.335153 -1.772860
0.094039 -0.297036 -1.177392
-0.305033 -0.182413 -1.839805
-0.023981 -0.154588 -1.230914
0.329968 0.396004 -0.861934
-0.433227 0.320125 -1.292204
0.339070 0.039627 2.508504
0.314609 -0.201763 -2.868841
-0.133049 0.435470 -1.189783
0.284266 -0.498042 0.681758
0.118570 0.131700 -0.563980
-0.219553 -0.017341 -2.547758
-0.133530 -0.310819 -0.949133
-0.143585 -0.227200 2.509216
-0.239072 0.479057 2.094186
0.082840 0.253291 -0.954766
0.003470 -0.466373 -1.819257
0.065680 0.060958 -0.731794
0.059135 -0.260293 2.378828
-0.491672 -0.475180 -2.317882
0.445403 -0.425133 -2.803310
0.113339 -0.255139 2.791119
0.083941 0.331437 -1.083564
-0.142891 -0.389869 1.799154
0.349775 0.404772 1.702497
-0.411272 -0.315854 -2.336723
0.070816 0.437216 1.869199
-0.323563 -0.354513 -1.804172
-0.438633 0.178111 -2.630184
-0.191114 0.251064 2.543303
-0.342596 0.494566 -1.546986
0.013937 0.173564 -0.447070
-0.207020 -0.065702 -2.932611
-0.165232 0.256357 -0.538362
0.281048 0.466811 -1.658639
-0.101666 0.176688 -2.134479
0.437815 0.200170 2.107519
-0.015804 0.008359 -2.480063
-0.405827 -0.146721 -1.799448
-0.427964 -0.330569 -1.845073
-0.175413 0.440812 1.589665
0.077094 -0.066613 0.930847
0.385318 0.305599 -2.224984
-0.157300 -0.060749 -1.869376
-0.305480 -0.106007 -2.108021
-0.272582 0.119396 -2.064811
-0.167337 -0.027086 -1.854766
-0.428579 0.147708 -2.468597
0.231576 0.360596 -0.960118
-0.331651 -0.342638 2.364556
0.255731 -0.168554 -1.350065
0.013761 -0.112256 -2.926398
0.424912 -0.463282 0.447304
0.283711 -0.328318 -0.473195
0.215951 -0.498592 -2.140092
-0.084424 0.443430 1.834330
0.370428 0.407626 -0.032708
-0.079756 -0.445784 1.404049
0.298957 -0.167832 -2.882433
0.026320 0.299149 -1.852879
-0.034115 0.026955 0.029664
-0.230467 -0.035161 2.159723
-0.150957 0.227954 0.025853
0.449046 0.036174 -1.644321
0.431098 0.254336 -1.652936
-0.095446 0.089051 -1.541870
-0.098664 0.387158 -0.533536
-0.119879 -0.395204 0.449422
-0.262870 -0.100283 -2.754736
-0.285903 0.449794 -1.460811
-0.106759 -0.461971 -2.054189
-0.003327 0.027905 0.399936
-0.004222 -0.280071 -0.823675
0.247916 -0.349034 -1.239660
0.024813 0.065502 -1.263027
-0.189808 0.202828 0.220216
-0.316733 -0.433302 0.775184
0.264826 0.352801 2.039447
0.219846 0.101481 -1.261039
-0.210100 0.165735 -0.782526
-0.341707 -0.238784 3.133381
-0.195372 -0.282787 -1.709227
0.249286 0.428982 -1.895069
-0.052263 0.037257 -0.435974
0.198910 -0.351301 -1.778807
-0.081667 -0.291153 -2.054151
-0.467539 0.172582 -0.051401
-0.368864 -0.348957 1.735972
0.204501 -0.032261 2.090955
-0.442927 -0.353867 -0.792662
0.282159 0.473514 0.028777
-0.275314 -0.302551 -1.300654
0.354599 0.153069 -2.303656
0.305554 -0.057965 -0.273468
-0.372935 -0.477166 1.011039
0.284813 0.354741 1.314988
-0.211395 -0.223453 1.064633
0.026642 0.134509 1.337146
-0.056974 0.101688 2.565811
-0.430702 -0.489260 1.348279
-0.059352 -0.411640 -1.446167
0.455849 0.023601 -1.559090
0.049410 0.488484 0.313180
0.416700 0.389562 1.240606
-0.487816 -0.289129 -3.018012
0.254006 -0.470162 -1.150674
0.102045 -0.163324 -1.376979
0.256171 -0.013407 0.329497
0.287088 -0.209893 -0.756542
-0.013695 0.336659 -2.029346
0.115575 -0.439716 -1.284913
0.431836 0.481392 -1.510311
-0.150135 -0.110119 1.370523
0.259941 0.293459 1.153971
0.365880 0.041802 1.151309
-0.287341 -0.316323 -1.145465
0.096480 0.193093 -1.457884
0.319458 0.402662 -2.544820
0.061359 0.117670 3.103112
-0.110854 0.347844 0.766607
0.409772 0.289848 2.290819
0.022271 0.224800 -0.897284
-0.445448 0.323607 -3.055257
-0.056473 -0.068170 -0.882203
-0.060715 0.000385 1.049334
0.412990 -0.295000 2.432906
0.339041 -0.122643 -0.671584
0.405209 -0.440829 -2.336391
0.128907 -0.347549 -2.095426
0.263940 -0.164181 2.557206
0.120199 -0.081161 0.652302
0.012725 0.197496 -0.428609
-0.304655 0.487229 -0.031004
0.074007 -0.032900 1.629115
-0.153483 0.056766 -2.513475
0.229467 0.341517 -2.574969
0.431038 -0.491238 -0.017748
-0.379266 0.297746 -2.797369
0.068334 -0.174842 -1.741202
-0.266244 -0.496915 -2.333883
-0.057451 0.126065 -0.911369
0.279282 0.107804 -3.119210
-0.448122 -0.419883 -2.917484
-0.452820 0.468736 -2.014026
-0.095782 -0.066481 -0.162867
-0.481776 0.327861 2.269907
0.347873 -0.329834 2.503776
-0.226560 0.242259 -1.301592
-0.442450 0.114492 -0.116628
-0.163294 -0.173178 -1.365356
0.272803 0.399546 2.414323
0.349563 0.436063 -0.208700
0.158402 0.374085 1.745145
-0.240912 0.361764 -0.894917
0.426572 -0.365066 1.923354
-0.163413 0.447565 -1.104497
-0.141423 -0.042060 -0.699664
-0.485075 0.491861 0.594398
0.270418 0.499947 -0.068198
0.384884 -0.335205 1.231040
-0.036113 0.104323 -0.999093
0.468489 0.050796 -1.362147
0.275178 0.098812 3.041171
-0.406043 -0.022951 -1.068897
-0.070919 -0.336849 -1.850086
-0.277823 -0.116993 -2.568523
0.209547 0.472769 2.193832
0.166556 -0.306006 -1.419078
0.168268 0.240480 0.216400
-0.364096 -0.437228 -2.056489
-0.359395 -0.234417 -2.498805
-0.389519 -0.050916 3.103950
0.337137 -0.324397 -0.967752
-0.343118 -0.005065 -1.335573
-0.260525 0.001670 2.653528
-0.466868 -0.330891 -2.084306
-0.337043 0.156460 -2.505886
0.049502 0.398172 0.861699
0.269124 0.262316 -2.836630
-0.421666 0.249708 -2.014581
-0.270504 0.436608 0.294803
-0.013455 -0.050518 0.144905
0.197617 0.021615 -2.922925
-0.348505 -0.049137 -0.367528
0.319822 0.427755 -1.003278
-0.381401 0.272941 -1.988315
0.119166 0.091909 -0.496539
-0.272839 0.104158 -2.198704
0.033896 0.130417 -0.369970
-0.133288 0.453477 -0.964724
0.348857 -0.480116 2.679859
-0.078781 -0.038410 -0.306547
0.195414 -0.065416 -1.101648
0.156894 0.216279 0.207383
-0.141329 -0.492220 -1.556801
-0.106817 -0.290584 1.770924
0.021577 -0.005830 -1.078580
-0.435206 0.128721 -3.139788
-0.475483 -0.460758 -2.755605
0.444213 0.460807 1.687862
0.081950 0.264045 0.432326
0.044890 0.351145 0.302215
-0.038680 0.424869 -0.333140
-0.165739 -0.133019 -1.899414
-0.342627 0.010254 -0.267489
0.210665 -0.265918 -1.477199
