0.488108 -0.352494 0.158873
-0.313621 -0.170726 -2.980848
0.498257 0.478067 -2.955799
0.096294 0.213133 2.991151
0.124226 -0.089871 -1.771197
-0.236161 0.382940 -1.327662
-0.006777 0.115204 -0.690673
0.468534 -0.483223 0.506353
0.391764 -0.388508 -0.916207
0.133841 -0.112893 0.166122
-0.291270 0.013149 0.011504
-0.152656 0.352041 -2.004239
-0.008539 0.432829 2.464584
-0.283905 -0.469874 1.729474
0.098703 0.445989 0.111317
0.295479 -0.080468 -2.217035
0.380605 -0.303276 -2.956256
0.361379 0.274502 -2.163917
-0.004634 0.439775 -0.504315
0.159743 0.489688 -0.052592
-0.275166 -0.085383 0.693431
0.476096 -0.478782 -0.291912
-0.048854 -0.304827 -1.882410
-0.484867 0.063960 -0.926938
0.228317 0.136669 -1.090767
0.193532 -0.044673 -0.362132
0.345669 0.459090 1.668237
-0.136547 -0.059803 2.866649
-0.115170 0.023700 -1.965379
0.348052 -0.420062 1.192250
0.069735 0.093600 -2.248668
0.209726 -0.032058 -2.155202
0.018848 -0.357145 -2.061785
-0.434946 0.031052 0.705928
0.163521 0.479893 -1.895913
0.485076 0.120964 -2.330481
0.157376 0.012619 -0.817649
0.146739 -0.157646 -0.729252
-0.357704 0.450314 0.702738
0.006584 0.227251 -2.962172
0.164070 0.289567 0.676209
0.239977 -0.059378 -3.018772
-0.275409 0.003500 -0.326617
-0.169855 0.007449 -2.579529
0.118619 0.297266 0.208205
-0.352514 -0.311759 -0.767483
-0.479692 -0.391255 -0.507192
-0.313164 -0.125259 3.092636
-0.053912 0.489023 -1.186218
-0.093538 -0.008812 2.759059
-0.291978 0.437592 2.193416
-0.491532 -0.293937 -0.055869
-0.141799 0.330492 -2.749497
-0.014717 0.342932 2.321003
-0.073204 -0.178590 -1.186495
0.127409 0.225106 -1.051955
-0.479840 0.444075 -0.055208
-0.488096 0.248257 2.099417
0.265461 0.165545 -1.720476
-0.000760 -0.424287 0.213943
0.062090 0.383113 1.561762
0.487866 0.389306 1.310654
-0.478589 0.210790 -2.484110
0.118584 0.187866 -1.646126
-0.369097 -0.008223 0.047321
0.464239 -0.275590 -0.313549
0.309053 0.403721 -1.516320
-0.426465 -0.346025 -2.313021
0.344668 0.081250 1.059030
-0.353237 0.138342 -1.930509
-0.064012 0.042448 -2.014569
-0.104634 -0.034896 1.288911
-0.204386 -0.426324 -3.064673
-0.302297 0.157140 -2.860000
0.342618 0.331633 0.925536
-0.485626 -0.121698 -0.631511
0.304077 -0.398685 2.686626
-0.420541 0.017479 -2.380723
-0.099304 0.351674 -2.683930
-0.057253 0.193537 -2.265666
0.124772 -0.045749 0.129543
0.051690 -0.041964 -1.780857
-0.472192 0.433542 1.071516
-0.353330 0.445604 -0.844963
0.269332 -0.139090 -0.773993
-0.195005 -0.123921 2.636588
-0.148740 -0.489873 1.350777
-0.356739 -0.200868 1.827353
0.432150 0.215112 -0.825561
-0.369259 0.388557 3.089746
0.044806 0.246220 -0.800244
-0.466663 -0.221043 2.116609
0.387214 0.392500 2.294113
0.416316 -0.106443 -1.855646
0.442679 -0.175919 -2.417028
-0.289441 -0.263186 -1.975418
-0.458940 0.352975 1.904064
0.492160 0.424923 2.427180
0.487507 -0.168424 2.548839
0.178778 0.317145 -0.872412
0.076310 0.433640 -0.848648
-0.019273 -0.322285 -1.968873
-0.466525 -0.034318 -0.656598
0.485465 0.186891 -1.937067
0.099028 0.053646 -1.249347
-0.498937 -0.137035 -2.448707
-0.494908 0.242089 2.039156
0.118947 -0.474568 -1.681147
-0.297488 0.028980 0.122710
0.255068 -0.055817 1.937452
-0.085166 0.175385 -2.231348
-0.155119 0.330734 -3.024593
-0.407072 0.202995 -1.649837
0.045928 0.157854 -1.675867
0.383354 -0.376317 -2.998827
0.290373 -0.054030 -2.664389
0.351585 -0.412559 0.379176
-0.343254 -0.023792 1.823682
0.139225 0.465543 -0.623461
-0.316343 0.224519 -3.042930
-0.499452 -0.165322 -0.646171
0.194961 -0.008438 -0.047117
-0.318904 0.247580 -2.754303
-0.191131 -0.029646 -2.388779
0.156455 -0.327220 -2.109277
0.167634 0.363935 -0.387142
-0.234475 -0.255277 0.633106
0.059608 -0.083614 -1.164146
-0.499383 0.418860 -2.830137
-0.156132 -0.335883 2.348539
0.413910 -0.400348 0.238885
-0.332569 0.350859 -0.462259
-0.029021 0.075472 -1.946468
0.156006 0.156946 0.478309
0.301253 0.407357 -0.160520
0.437040 0.497388 -2.082699
0.316786 0.112391 -2.345203
-0.080953 0.192929 -1.649275
0.296284 0.378131 3.079944
-0.366401 -0.052322 -2.333218
-0.379210 -0.071913 -0.186772
-0.477670 0.301554 1.930159
-0.489757 0.367191 -2.185367
0.151610 0.150932 -0.569021
-0.353254 -0.193723 1.896263
-0.221117 -0.498896 -1.388447
-0.305969 0.372135 -2.004644
0.040006 -0.071627 -2.591659
-0.358031 0.231642 1.199060
0.022759 0.444170 2.604711
0.452127 0.261209 -0.759867
-0.119219 -0.006964 1.290410
-0.100907 0.145244 -2.342780
0.308495 -0.297368 2.160607
0.017601 0.151525 -2.184706
0.322283 0.150193 -2.375826
-0.064304 0.402101 0.359165
0.338380 0.285442 -1.765216
-0.258457 -0.065608 -1.175961
-0.409892 -0.141029 2.997124
-0.329566 -0.319127 0.230275
-0.400701 0.402764 -0.569165
0.370951 0.154795 2.800200
0.474777 0.021976 0.872403
0.362239 0.328290 -2.140854
-0.002222 -0.349516 1.507492
0.080126 -0.485874 -2.179043
-0.429151 -0.099177 -0.140732
-0.269585 0.249586 -0.539716
0.008803 0.229770 -2.691697
-0.216897 0.360966 -0.169960
0.250769 -0.049005 -2.804001
-0.339974 -0.468207 -0.142834
-0.292036 -0.059336 0.528343
0.353823 -0.261342 -0.239830
-0.444174 0.314645 -1.118033
0.357111 -0.386470 -1.698709
-0.047103 -0.011872 2.249381
-0.460403 0.337509 -1.811068
0.394282 -0.320420 1.614647
0.349697 -0.112242 0.678734
0.402658 0.455279 1.490234
-0.052283 -0.103191 -0.899197
0.267132 -0.045097 1.200926
-0.125419 0.447515 -1.144331
-0.040125 -0.198529 -1.772126
0.134373 0.239477 1.480183
0.399549 0.464268 2.121042
-0.075653 -0.348804 -3.022352
-0.442599 0.160986 -1.745595
-0.476284 0.442774 2.139059
-0.315199 0.447056 1.050100
-0.129960 0.085038 -1.933822
-0.166975 0.496358 0.987258
-0.019997 0.097035 -3.103928
-0.175038 -0.103873 1.684697
-0.224600 0.313274 -1.154425
-0.389514 -0.454837 -1.586767
-0.312362 -0.172928 -0.488602
-0.252051 -0.123192 1.003835
-0.255943 -0.470762 -0.904891
-0.373598 -0.489008 1.893962
-0.267974 -0.114228 -2.063939
-0.387989 0.428777 -0.812599
0.337351 0.163738 -2.960739
-0.260068 0.092674 0.061879
-0.417844 -0.032697 -2.062637
0.496050 0.397768 -1.089273
-0.377941 0.290130 -1.972098
-0.327982 0.431530 -2.426737
0.261965 -0.242789 -1.625153
-0.301526 0.373632 1.333522
-0.377882 0.242696 -1.877758
0.364798 -0.171175 -2.250542
-0.280747 -0.489413 1.800708
0.216588 -0.444903 0.734727
0.453607 -0.232851 2.903801
0.482009 -0.140288 -0.617445
-0.205782 0.245369 -2.003182
-0.262924 0.319712 2.377228
0.411051 -0.228960 -1.146972
0.160420 0.466862 -2.128296
-0.465845 0.073377 2.977219
0.136005 -0.179399 -3.117110
-0.274114 -0.050201 2.888216
-0.042183 0.004590 -2.480926
0.271936 0.261048 -2.549099
-0.056368 0.204369 -2.234234
0.280253 -0.129454 1.260960
0.396173 0.094392 -1.919964
-0.105692 -0.245701 -2.430835
0.484548 0.446117 2.897040
0.162480 0.095136 1.097432
-0.366125 -0.276602 -2.960734
-0.065820 -0.262695 -0.207121
-0.104310 -0.160152 -1.990634
0.265937 -0.056293 -2.547760
-0.421851 0.145580 -2.670615
-0.016799 0.116121 -1.453363
-0.481752 0.247531 2.504693
-0.201572 -0.385421 1.632018
-0.095561 0.045027 -2.201068
0.344483 0.096471 -0.832976
-0.413131 0.016566 -2.699330
-0.358634 0.079855 -0.683796
-0.389468 -0.275632 -1.239298
-0.243919 0.002893 -0.716355
-0.473504 0.481240 -1.235327
-0.338904 0.043369 1.354100
0.338548 0.031796 2.604583
-0.002452 0.480568 -2.910920
0.475405 -0.487161 -1.811085
-0.285633 -0.392709 0.473074
0.134786 -0.019663 -2.457970
-0.310906 0.432261 -0.953983
-0.498642 0.468617 2.510202
0.220032 -0.448625 -0.846976
0.387028 0.494701 1.632710
0.090657 0.147015 -1.573087
-0.323517 -0.347462 2.051646
-0.075305 -0.186778 0.346787
0.117838 0.489672 -2.061493
0.457011 0.323983 3.019698
-0.022481 0.266887 -1.452289
0.352695 -0.059370 1.007399
-0.364699 0.078503 0.022112
-0.142351 -0.487842 -0.953337
-0.297095 0.219377 -0.220940
-0.080446 -0.407515 1.873239
-0.092459 -0.164926 -1.328641
-0.028847 0.212487 -1.072542
-0.357758 0.467427 0.410075
0.001493 -0.235486 -0.877205
0.345164 0.453931 -1.390527
0.075369 -0.326052 -2.756513
-0.102560 -0.204511 -0.426413
-0.060756 0.360786 -2.119917
-0.488498 0.456487 -2.057229
0.470878 0.483479 -1.486717
-0.354511 0.267435 -0.410650
-0.276378 0.192287 -1.783429
-0.079633 0.061593 -2.107506
-0.324645 0.445150 -0.867087
0.451722 -0.280131 2.491670
-0.435131 -0.267155 1.019721
-0.389527 0.231812 0.462473
-0.223689 -0.225823 0.283218
0.044836 -0.247991 -2.726614
-0.435640 0.082680 2.925971
-0.306589 0.206595 -1.739537
0.256490 0.305842 1.575327
0.476658 0.174263 -0.260588
-0.041540 -0.494739 0.366711
-0.308017 -0.104174 2.488289
-0.313845 -0.006166 0.423932
-0.380662 0.381848 2.712822
0.004640 0.009839 -3.065744
-0.336872 0.426539 2.555627
-0.040267 -0.291471 0.599572
0.255189 0.150468 2.919925
0.499304 0.305451 -0.836229
-0.328903 -0.079596 -2.054950
0.016569 0.154404 -1.205090
0.288095 0.130958 -1.003696
0.327560 -0.355900 -0.596636
0.363219 0.176144 -1.098314
-0.128239 0.196081 -2.735539
-0.094132 0.383273 -2.656659
-0.269711 0.287418 1.481013
0.273322 -0.474316 0.291707
-0.287484 0.007472 -0.017526
0.324239 -0.018053 -3.123536
-0.234324 -0.408075 0.012971
-0.404990 -0.457275 -2.377047
0.030569 -0.124291 -1.565814
-0.178727 0.482371 -2.549720
-0.122229 0.470486 -2.907216
0.459088 -0.272247 3.135627
0.469195 -0.164961 2.441310
-0.136579 0.197676 -2.765939
0.327786 0.345547 0.171019
0.318449 0.102611 2.428164
0.326930 -0.445176 1.431037
0.475133 -0.472064 -0.672963
-0.430467 -0.442357 0.269696
0.139652 -0.364193 2.457057
-0.251614 -0.415219 3.106419
-0.434912 -0.354974 -2.415854
-0.465425 0.301276 -1.073762
-0.295831 -0.000370 -2.810034
0.032088 0.149987 -0.752145
-0.365234 0.337128 2.798216
0.232689 0.480485 3.007260
0.346226 -0.098270 -1.700045
-0.394016 0.376041 -0.840817
0.024148 0.144216 -1.417662
-0.468445 0.427240 -2.171275
-0.351244 -0.263714 0.155977
-0.138589 -0.016474 -2.387002
-0.344800 0.116388 -0.290053
-0.180358 0.031250 3.046360
0.277423 0.312063 -3.037935
-0.260825 -0.052985 0.204097
0.103738 0.314936 1.241082
-0.478404 0.224721 1.302841
0.351129 -0.076787 -2.429258
-0.029693 0.114468 -1.199213
-0.293514 0.434695 2.055425
-0.424559 0.442158 -1.797169
0.072920 0.438433 1.627040
-0.204236 0.197094 2.713527
0.101263 0.492793 0.275240
-0.128086 -0.017900 2.528914
0.030612 0.170137 -1.159700
-0.017314 -0.114876 0.203534
-0.345456 0.461198 0.644515
0.329401 -0.096270 -2.138849
-0.029315 0.281307 -2.014871
0.017752 0.293601 -0.656591
-0.372127 -0.181185 0.300465
-0.204132 -0.367819 -2.398630
0.348106 -0.265732 0.245057
-0.399178 -0.406585 1.699080
0.299994 0.002367 -0.551234
-0.325711 0.012164 0.367661
-0.441476 0.116163 -2.886727
-0.136779 -0.379384 1.078493
0.341226 -0.344208 -0.495625
0.336961 0.495075 -0.496546
-0.015955 -0.474312 2.002877
0.226261 -0.499606 -0.741926
-0.362262 0.348707 -0.267166
0.317643 0.375932 -0.827551
-0.476869 0.013104 -2.177534
-0.309610 -0.291502 -1.262041
0.173297 0.466675 -1.358971
0.277922 -0.450074 1.430950
-0.420042 0.396533 -0.341381
0.145499 0.499491 0.116424
0.283925 0.406632 2.278219
-0.262213 0.096872 -2.535109
-0.335699 -0.185309 -0.263069
0.434358 0.124162 -1.856271
-0.251250 -0.191166 0.805057
0.237995 0.089182 2.316485
0.473201 -0.225955 0.388476
0.351293 0.213107 2.702564
0.136703 0.083587 -0.878213
-0.480813 0.124735 2.987031
-0.021527 -0.290086 0.484034
0.481655 -0.418233 0.017705
0.109960 0.239088 -0.222900
0.174517 -0.142750 -1.690527
-0.276806 -0.014002 1.516776
-0.453472 0.417767 -0.375905
0.048110 -0.323620 1.080956
-0.391958 0.454768 -0.870765
0.326771 -0.079885 0.013288
-0.000072 0.314835 -0.706509
0.006166 0.477983 0.001940
