-0.047126 -0.350125 -0.871300
0.277998 0.495062 -0.573266
-0.154269 0.088161 1.269079
-0.040197 -0.007842 1.879374
0.389157 -0.410898 1.704672
-0.356396 -0.160413 0.760217
0.102957 -0.231645 -0.326891
0.174066 0.092737 -0.904448
-0.464458 -0.432139 -1.682812
-0.475084 -0.389087 2.352073
-0.333189 -0.393981 1.949778
-0.245444 -0.299420 -0.019566
0.000471 -0.080058 0.405094
0.031523 -0.045769 2.004544
-0.467352 -0.287514 2.809869
0.424735 -0.195126 -0.018131
0.160245 0.015442 2.455960
-0.264960 -0.082939 1.730857
0.116732 0.160295 1.749458
0.283281 -0.274664 -0.529866
-0.190368 0.490621 -2.708999
-0.292573 -0.382468 -2.639399
0.297690 -0.279107 -2.855230
-0.225560 -0.151945 1.264420
-0.149117 0.461017 -0.630206
-0.122248 0.309382 0.816768
-0.434561 0.316493 2.215606
-0.064338 -0.441711 -0.828486
-0.279342 -0.215424 2.461566
-0.177879 0.101802 -0.428138
-0.011863 -0.138056 -0.969924
-0.457480 -0.288058 2.851757
-0.311243 -0.325254 -2.868512
-0.434385 0.316216 2.585433
-0.258356 0.042295 0.119360
-0.473776 0.275818 2.013918
-0.476788 -0.200919 0.011460
0.345625 -0.048489 1.966132
-0.478563 -0.385030 -1.593262
-0.137160 0.078841 1.822875
0.446657 0.233578 -2.811247
-0.245062 -0.304773 2.236942
-0.448741 -0.471707 2.761138
-0.240219 0.016073 1.734982
0.455454 -0.210537 1.662481
-0.370420 -0.428417 2.603517
0.091828 -0.069674 -0.362610
-0.313341 -0.106466 0.837341
0.352594 -0.120579 2.392439
0.057867 -0.137068 -2.730693
0.391712 -0.267376 -2.378182
0.483825 -0.159605 1.082356
-0.345628 0.014977 -3.091800
-0.290983 0.026305 -0.524418
-0.460947 0.429212 -0.927021
0.494016 0.200944 2.487307
0.367745 -0.430189 2.998008
0.286557 0.322426 0.536643
-0.002632 -0.213614 -0.294655
-0.326781 0.407299 -1.223904
-0.328820 -0.407518 2.030103
-0.204210 0.332221 -1.107599
0.142848 0.417571 1.547591
0.173842 0.310342 -2.780214
-0.447002 -0.405025 -1.651855
-0.040779 -0.333475 -0.855134
-0.267273 0.438752 1.669316
0.228395 -0.102080 1.447012
-0.028299 -0.046202 1.063333
-0.144262 -0.027839 -3.023905
-0.476285 -0.484223 1.301536
-0.346398 -0.407434 -2.951070
-0.028700 -0.200141 1.235937
-0.283084 -0.304839 -3.029201
0.395726 -0.265613 -1.032562
-0.047028 -0.323494 2.132735
-0.240918 0.040861 -0.855877
-0.197786 -0.195371 -1.827163
-0.438119 -0.431615 0.198932
0.362210 0.285949 -2.480098
0.470606 0.363016 -0.191791
-0.013318 -0.426326 -2.996470
-0.109848 -0.103907 -0.770727
-0.274062 -0.470269 0.289170
-0.267343 -0.451166 2.594350
-0.460315 -0.162323 -0.119447
-0.020633 -0.314092 -0.167425
-0.011866 0.121322 0.214356
0.132983 0.392580 0.925205
-0.022495 -0.305239 -0.187519
-0.495919 -0.407190 -2.847110
-0.100871 0.468623 1.119201
-0.490746 -0.367479 -2.740335
-0.149053 0.311622 -0.487652
0.035527 -0.437115 -0.933859
0.001613 -0.238081 -0.374484
-0.114100 -0.461574 2.111187
0.032174 -0.082130 0.094100
0.318562 -0.344673 -2.854585
-0.067495 -0.485495 -0.587887
-0.418825 -0.463993 1.329782
0.471095 0.457413 1.524948
-0.085721 -0.465978 2.696542
0.015245 -0.274945 2.692244
-0.463848 0.137165 0.058183
0.443587 0.434378 -2.203896
-0.242844 -0.316891 3.041157
0.148903 0.011311 -3.090753
0.300594 -0.325110 -0.096587
0.489944 0.496389 -0.684802
-0.147725 0.008598 2.755572
-0.176824 0.276711 0.636339
-0.043170 -0.104022 1.377919
-0.126770 -0.081980 1.673678
0.137751 -0.128440 -3.035633
0.238478 -0.136195 1.660121
-0.067608 0.174785 -2.355115
0.318408 -0.080501 1.203997
-0.335245 -0.457435 3.079479
0.494610 -0.039536 2.152493
-0.438841 0.040669 0.362688
-0.210162 -0.261600 0.893277
-0.367259 -0.462499 -0.188165
0.139412 -0.181645 -0.080356
-0.338596 -0.288859 -2.342715
0.320348 0.160252 0.783950
-0.048987 -0.219882 -1.059582
0.252155 0.339983 1.489601
0.259640 0.202840 1.467897
-0.433987 -0.201149 1.664920
-0.383309 0.348931 1.896876
-0.328866 -0.129005 -1.537261
0.452223 0.075016 0.208133
-0.356016 -0.302337 -0.289318
-0.487722 0.145323 1.371224
-0.077204 -0.065949 1.725930
-0.247037 -0.191629 0.314451
0.292251 0.368304 2.431216
-0.079422 -0.276628 -0.703653
-0.338940 -0.163081 -0.624137
-0.410751 -0.108561 -1.633611
-0.139855 -0.489242 3.040275
0.332230 0.273129 1.446333
0.267040 -0.297666 -2.612646
-0.300329 -0.453424 -2.462696
0.150996 -0.461844 1.283802
0.459959 0.028602 -1.036506
-0.333081 0.242716 0.763136
-0.000322 -0.450518 -2.817217
0.352488 -0.262587 1.375032
-0.465297 -0.203899 1.564997
-0.256271 -0.472519 -1.735056
0.441718 -0.082298 0.949785
-0.182538 -0.497675 2.627162
-0.372667 -0.411272 2.048628
-0.437882 -0.425967 2.539193
-0.351495 -0.349657 2.538556
-0.187296 -0.176937 2.806747
-0.142582 0.329876 0.754416
-0.343782 -0.480294 2.837728
0.232923 -0.136435 1.431970
0.277927 -0.112219 1.025181
0.322570 -0.262917 -3.084368
-0.452311 -0.350689 -3.132284
0.175381 -0.302433 2.724802
-0.090063 0.112359 -2.647889
-0.217213 0.133546 -2.017982
-0.257677 0.380381 0.884543
-0.426133 -0.427517 -2.473634
-0.227297 -0.202875 0.091046
0.030296 0.322856 -0.286933
-0.447513 0.375933 0.393990
-0.353862 -0.492641 -2.461914
0.375944 -0.096436 2.665502
-0.398319 -0.337241 0.973655
-0.430425 -0.495690 -3.096876
-0.015949 -0.472846 -1.529508
0.469580 0.098943 2.407071
0.166939 -0.413156 -1.248143
0.159549 0.227123 1.416636
-0.101969 -0.137708 -1.575773
0.249656 0.033609 1.979563
0.203573 0.137664 1.748041
0.128678 0.399965 0.515504
-0.326498 -0.100235 1.842837
0.361300 0.106768 1.755819
-0.091190 -0.234570 1.370091
0.351110 -0.119248 1.371865
-0.200502 0.259621 2.673167
0.149689 0.066583 0.096938
0.038774 0.104889 0.793860
-0.461332 -0.261638 -0.473388
-0.403229 0.199163 1.283875
-0.257324 -0.131179 0.309991
0.166964 0.153804 0.627326
-0.388936 -0.407524 1.293255
0.303971 0.348352 2.758917
-0.135175 -0.016167 1.625647
0.323094 0.295498 0.329397
-0.143978 -0.069862 1.500896
-0.475477 -0.454608 -2.746118
0.263206 -0.403098 -1.465791
-0.286373 -0.379624 1.252178
-0.230623 -0.447150 2.029528
-0.328185 -0.347874 1.150094
0.020743 -0.043223 -3.012463
0.217750 0.403788 1.374426
-0.186329 -0.243186 1.115534
-0.220975 -0.070444 2.560982
-0.151877 -0.372839 -1.343243
0.486554 -0.484843 -2.933940
0.279807 -0.319387 1.589899
-0.329040 -0.376181 -1.104882
-0.433496 -0.363596 -3.103110
0.203293 -0.376322 2.456816
0.072170 -0.098901 0.702127
-0.380300 -0.362623 2.363447
-0.302911 -0.323937 -3.099980
-0.157190 -0.155354 1.830332
0.222355 0.086780 1.839996
0.203310 0.027931 1.337722
-0.345755 -0.122342 -0.666782
0.488537 0.229846 1.137230
-0.060518 -0.450058 0.626063
-0.407608 -0.424514 -1.346057
-0.253192 0.107062 2.052098
0.107065 0.208423 0.838717
-0.021465 -0.178015 -0.361967
0.018574 -0.258920 1.491615
-0.281651 0.097711 -0.508622
0.352103 0.120564 1.763571
0.110038 0.189738 1.355668
-0.009557 -0.336393 -0.450697
-0.151107 0.213426 0.163033
0.254463 -0.399455 -0.769142
-0.408474 -0.142887 1.464802
-0.284045 0.161291 -1.375246
-0.065751 0.126252 0.453202
-0.467186 -0.354535 0.207122
0.032195 -0.135133 -2.900698
0.034545 -0.045596 0.877163
-0.060764 -0.035218 1.171376
-0.478171 -0.406390 3.009821
-0.230714 0.384781 0.842377
0.475469 -0.327969 -1.891362
0.072027 0.073054 0.102634
0.455630 0.074726 2.618402
0.392497 -0.404495 -1.297829
-0.105914 0.222695 -0.330435
-0.294138 -0.379478 2.857648
0.239728 -0.454583 2.537380
-0.089885 0.308394 -0.417986
0.051306 0.087591 0.954002
-0.462025 0.379701 0.139037
-0.233211 -0.088193 1.025164
-0.472470 -0.396352 0.332219
0.256317 0.422752 -1.020681
0.319375 0.349311 0.700554
-0.041892 -0.100392 0.846404
-0.260525 -0.443044 2.031330
-0.051728 0.289340 0.568838
-0.364076 -0.337229 2.013127
0.124211 0.469676 -0.661159
0.174157 -0.063911 -2.924778
0.102641 0.274954 -2.119890
0.397926 0.496170 3.108304
-0.094624 0.082294 -0.768404
-0.461666 -0.384538 0.126673
0.285787 0.052168 2.640746
-0.215307 0.293801 0.868150
-0.268065 0.433416 1.777978
-0.017230 -0.250578 -0.008431
-0.189373 0.286869 0.567232
-0.402539 -0.060467 1.209430
0.167952 0.427856 -2.941754
-0.403928 -0.167970 -0.168244
-0.119127 0.001867 -0.587665
-0.092974 -0.416025 -2.721180
-0.483431 -0.068199 -1.692880
-0.122466 -0.295570 -0.052531
0.124845 0.248668 0.431425
0.328228 -0.351246 0.080178
-0.260771 -0.295612 2.214132
0.359585 -0.147889 3.094503
0.299166 -0.119293 3.031487
-0.194398 -0.424521 -2.750318
0.328848 -0.298249 -2.351117
-0.235468 -0.294547 1.618726
-0.189559 -0.490326 2.791937
-0.186057 -0.481789 2.540345
0.154140 -0.312114 -1.828306
-0.393992 -0.147241 1.725563
0.102485 -0.282303 2.572873
0.139379 -0.106854 2.833680
0.335213 -0.224335 1.144572
-0.352473 -0.086170 0.698305
-0.464969 0.184522 1.072265
0.304517 0.416546 1.831584
-0.470550 0.354085 -0.083449
0.333568 -0.061519 0.715000
0.437507 -0.315618 0.869841
0.401237 -0.125811 -1.928976
-0.259292 -0.232803 3.136306
-0.222806 0.465380 0.640492
-0.494786 -0.197221 0.606191
-0.471046 -0.395353 3.032876
0.239392 0.195574 1.042242
-0.295490 -0.136517 2.589622
-0.062247 -0.314512 1.909275
0.074236 -0.230327 2.972707
-0.312693 -0.030236 0.408963
0.228235 0.325308 -2.637534
-0.085728 -0.131557 0.204417
-0.051023 -0.366358 0.713009
-0.371173 -0.232609 -0.303518
0.396131 -0.246548 2.795870
0.248781 -0.413790 -2.956379
0.157683 -0.476930 -0.326345
-0.036264 -0.020146 3.103906
-0.248654 0.333974 0.835328
0.008865 0.310042 -2.181634
0.465804 0.490054 -2.995373
-0.218803 -0.332535 2.266697
-0.343521 -0.407391 1.055720
-0.268625 -0.151654 0.647716
-0.025638 -0.199656 0.014657
-0.203166 0.329329 0.648403
0.302059 -0.137124 0.928645
0.139378 -0.153754 2.636615
0.487425 -0.019210 -2.189585
0.069563 -0.152455 -2.396058
0.271096 0.336892 2.042935
-0.073402 0.088942 3.114035
-0.462885 -0.469230 1.720666
-0.397606 0.258556 1.233678
0.283349 -0.248042 -2.679631
-0.054189 0.452890 1.388297
-0.490919 -0.266355 0.194483
-0.208653 0.214126 -0.563085
0.381964 0.198086 3.001058
0.132417 0.193356 -0.347542
0.416934 -0.201275 -3.122018
0.245680 -0.444441 -2.759511
-0.444700 -0.477002 0.195803
-0.166791 -0.265849 2.053537
0.293293 -0.193002 2.900003
0.364563 -0.004463 -1.476566
-0.325955 -0.295190 -2.718965
0.313166 -0.370854 -0.999465
-0.469910 -0.232725 1.294215
-0.303519 0.076310 -1.035686
-0.172594 -0.295833 -0.044405
0.277094 0.394856 2.494813
0.281351 0.190111 1.869585
-0.231886 -0.365847 2.885323
0.446882 -0.222591 0.243395
-0.090617 -0.426292 -3.127706
-0.183858 0.359960 0.010491
-0.162830 -0.081573 -1.608014
0.057530 0.066806 2.170347
-0.358880 0.439401 -1.706418
-0.484514 -0.449911 3.064918
0.327158 -0.193328 2.370385
-0.003420 -0.455043 -2.760943
0.477060 0.444605 1.775152
0.163698 0.481846 3.093935
0.233055 -0.362505 -0.892697
0.107075 -0.098333 -2.450194
-0.258705 0.075079 0.395931
0.083171 -0.202206 1.172642
-0.480632 -0.389006 3.013785
0.003991 -0.299166 -0.609385
0.492013 -0.445759 2.892664
-0.085912 -0.363439 -0.870885
0.147084 -0.185792 2.916069
-0.355044 -0.442223 2.903463
-0.284268 0.156904 -1.785887
0.157676 -0.208045 2.853833
-0.099054 -0.347624 -1.181492
-0.084094 0.019839 1.654961
-0.029754 -0.351647 -1.326513
-0.491666 0.082908 1.916421
-0.154333 0.275678 0.505946
-0.084025 0.059247 -1.100204
-0.183777 -0.102699 1.948306
-0.225208 0.167336 1.574663
-0.174376 -0.479374 -2.462972
-0.060888 -0.430397 2.310708
0.470164 0.037704 -0.364708
-0.256192 -0.227102 -2.638627
-0.112871 0.086917 -0.815029
0.217730 0.467737 3.087121
-0.222410 0.235218 1.974288
-0.422799 -0.156398 0.415104
0.180729 0.175207 -1.014195
-0.352588 0.493314 2.339498
0.093776 -0.486441 -1.849633
0.203100 -0.111279 -1.758340
0.013861 -0.387033 -1.208428
-0.452039 -0.375587 -2.722358
