0.371268 -0.110162 1.202286
0.196604 0.344149 1.369923
0.244273 0.497635 -1.682919
-0.155826 0.496960 -2.914885
-0.011449 0.086835 1.981401
-0.060126 0.450841 1.310630
0.397171 -0.209490 1.113768
0.459710 -0.426459 -0.303137
-0.390519 -0.106990 1.570968
-0.263882 0.136754 1.933403
-0.140418 -0.025342 0.225893
-0.426973 0.161134 -2.670562
0.367409 0.065149 -2.707964
-0.427650 0.228397 0.326978
-0.334242 0.246797 1.227943
-0.053848 -0.409989 -2.607415
-0.060030 0.345821 -2.188495
-0.449631 0.449908 -2.226455
-0.012764 0.195966 -0.899897
0.357369 -0.164578 2.101645
-0.496749 -0.013938 -1.061158
-0.094444 -0.132242 0.391707
0.032322 -0.245565 2.662157
0.239741 0.275347 -0.058123
0.327219 0.379478 1.561826
0.375084 0.297704 0.100481
-0.482528 0.071040 -1.510013
0.494441 -0.201004 2.450119
-0.288946 0.241483 1.174273
0.444060 0.093903 -0.128964
0.307601 0.082174 1.312977
-0.402198 0.289414 1.598707
-0.258270 0.156064 1.214613
-0.473705 0.064381 -1.701875
0.062262 0.490948 -1.950353
-0.467266 0.068027 -1.387111
0.010048 0.217077 0.098718
0.042321 0.473052 -2.071782
-0.105587 -0.109814 0.434377
0.456645 0.173164 -0.751591
-0.198203 0.162491 -2.927222
-0.362899 0.241152 1.382702
-0.040377 -0.144674 1.468241
0.109459 0.479441 1.157396
0.382393 0.418300 1.549627
-0.451856 0.150063 2.073141
0.023727 -0.423445 -3.130831
0.266551 0.017868 -0.411378
0.013887 0.427416 2.013721
0.088529 -0.375172 0.768861
-0.136551 -0.467519 -2.878954
0.392384 0.366564 0.848337
-0.093326 0.340398 1.274840
0.359456 -0.120309 -0.588154
-0.458764 -0.216170 -1.479880
0.236903 0.219549 -0.753669
-0.031304 -0.252399 1.651707
0.065477 0.494963 3.043598
0.384212 -0.062050 2.421825
-0.047631 -0.219767 -0.963558
-0.169365 0.014037 0.868891
0.393345 0.364751 0.202977
-0.112467 -0.036480 -2.222632
-0.406875 0.205842 -2.518624
-0.165979 0.008314 0.739325
0.477272 -0.022961 2.336335
-0.212466 0.438075 0.252431
0.139482 0.399661 -2.804942
0.480308 0.283164 -0.078035
-0.201121 0.006259 0.586812
0.098555 -0.282834 0.938424
-0.226036 0.158870 0.637650
-0.071157 0.467149 -0.260177
-0.464140 0.145167 2.044634
0.263842 -0.157109 2.261987
0.424082 -0.250399 2.987053
0.096575 -0.470091 1.176664
0.108889 -0.397231 0.335278
0.155719 -0.451615 0.907398
-0.275724 0.080457 3.090814
-0.079231 0.477856 3.102294
-0.424953 0.087801 2.242506
0.489183 -0.251041 -3.006197
0.042291 0.072793 1.348521
-0.254525 -0.067549 1.087840
-0.007047 -0.372753 0.943135
0.451090 -0.360565 2.443746
0.420837 0.441187 2.201179
0.382381 -0.002132 -1.002317
0.396862 -0.229231 0.834750
0.047902 -0.296986 0.710373
0.267953 0.000755 -0.273274
-0.141845 -0.037033 0.190486
-0.465187 0.037809 0.284403
0.368284 0.027825 1.058277
0.333623 -0.366920 -2.755798
-0.493000 0.076164 0.476021
0.423015 0.411419 1.518525
0.051826 -0.485574 -0.988305
0.402379 -0.427937 -2.844738
-0.407805 0.199469 2.216060
0.286506 -0.069507 -1.910982
-0.293873 0.080663 1.316317
0.104236 -0.185438 -0.488662
0.081985 0.186195 1.821226
0.149694 -0.150496 -1.566592
-0.424358 0.154315 1.506488
-0.380584 0.413070 2.781905
0.168567 0.010873 1.762455
0.018778 0.277151 -1.854071
-0.191651 -0.016258 -0.298084
0.449059 0.443935 -0.389260
0.496646 0.093413 -0.180081
0.015375 0.440559 -1.810999
-0.380778 -0.395511 -2.198675
0.208075 0.489588 1.267293
-0.438277 -0.183965 -0.060788
0.269258 0.445952 2.399559
-0.245657 -0.142042 1.252704
0.468199 0.402952 -1.278210
0.139883 0.198320 1.125585
0.199481 0.137792 1.861704
-0.061402 -0.301046 2.651722
0.196415 -0.177233 2.426244
-0.210324 -0.227320 0.726988
0.120884 0.480514 2.175056
-0.198483 -0.178860 2.450004
0.434534 0.267479 0.135860
0.351389 0.124219 -1.764824
-0.278740 0.369366 0.361652
-0.298385 0.438581 0.740041
-0.307249 -0.340656 1.409762
-0.051465 0.285767 1.888562
-0.051650 -0.279435 2.435115
-0.306890 0.380225 -0.196303
0.104272 0.455691 -2.251974
0.176679 0.194603 -0.078181
0.244402 0.351727 0.915124
0.024381 -0.285694 3.009159
0.321258 -0.272525 -0.468682
-0.345269 0.015781 1.391888
-0.319998 -0.151756 1.453640
0.107045 0.351099 2.894874
-0.194755 -0.256167 1.647844
-0.009164 -0.400140 0.127078
-0.360862 -0.329883 -3.110621
-0.043641 -0.257774 -2.915680
0.265085 0.432360 0.198595
-0.490125 -0.118609 0.830554
0.415186 0.400667 1.687976
-0.416417 0.473172 1.895024
-0.105403 0.133747 0.975137
0.280695 0.473918 2.559598
-0.265030 -0.166550 0.570138
-0.338425 0.119160 0.757411
0.072779 -0.432156 -0.208167
-0.042739 -0.031504 0.615054
-0.210196 -0.148908 0.652110
0.416141 0.014514 -2.369495
-0.084583 -0.124681 0.500460
0.202606 0.482864 2.451200
0.305843 0.407161 2.834784
-0.337278 -0.405815 -2.531983
-0.032247 -0.025779 0.662241
-0.143428 0.267002 1.786658
-0.367035 0.224368 0.236258
-0.271865 -0.461940 1.099841
0.288815 0.412046 0.529354
-0.170294 -0.021094 0.489966
0.168640 -0.447520 -1.598711
0.314770 0.282718 3.102243
0.226973 0.465563 0.351863
0.006942 -0.345602 -0.011006
0.061903 0.491118 1.462954
0.138531 0.001860 1.216796
-0.224336 -0.147605 1.868424
0.176555 0.076793 1.562776
-0.147301 0.293625 2.874539
0.426268 -0.120365 2.586279
-0.210770 0.312962 -2.621721
-0.227186 -0.424112 3.020976
0.094524 0.314566 -0.679155
0.249124 0.377908 -2.294032
0.270894 0.293726 2.147587
-0.363385 0.497074 0.943137
0.498755 0.405561 0.210400
0.089292 0.401188 1.090317
0.334250 0.416405 -2.557131
-0.483856 0.213975 2.669156
0.248169 0.287795 1.599390
0.467095 0.396401 1.016837
-0.335776 0.151721 1.608482
-0.462721 0.131367 -1.416644
0.158714 0.383947 0.772640
0.255998 0.254125 -3.102356
-0.342120 0.112031 1.816190
-0.127483 0.302545 1.740235
0.156833 0.487036 -1.947276
0.257758 0.233103 -1.963686
-0.083235 0.390400 -0.079197
0.076430 -0.261483 0.177229
0.309897 -0.105780 1.530197
0.265529 -0.082489 0.525187
-0.383780 0.204573 2.135871
-0.465128 0.278628 0.884649
-0.449808 0.408456 2.369189
0.458152 0.155697 2.331457
-0.128530 0.275441 2.501820
-0.148803 0.138707 -0.252067
0.204415 -0.436953 -1.094403
-0.019002 -0.319270 2.735298
0.444053 0.227782 1.704026
-0.041639 -0.112344 0.290646
-0.392089 0.157970 1.691133
-0.360311 -0.108488 2.736139
0.229706 0.483528 -1.277175
-0.269716 0.218272 0.496245
-0.292164 0.188777 1.436905
-0.426470 0.340628 0.872313
0.262307 0.321807 0.035002
0.047692 0.480803 2.838184
-0.213453 -0.276308 1.645819
0.333476 0.128169 -2.231701
0.409959 -0.390995 -2.813398
-0.363202 0.016455 1.530731
-0.258897 0.426322 -0.252771
0.297523 0.239253 -1.825301
-0.026640 -0.271424 1.012291
-0.080065 0.293475 1.491083
0.177496 -0.286932 -0.699710
0.217589 0.206895 -1.869253
-0.169491 0.277179 -2.638407
0.124936 -0.113382 2.021575
0.452448 0.405158 1.013173
0.092835 -0.434284 2.945736
-0.454117 0.475882 -1.744655
0.110795 -0.352404 -0.763725
0.387299 0.396445 -1.151235
0.189899 -0.168688 0.491675
0.070103 0.343545 1.384343
0.353864 0.244360 -1.606684
0.171686 0.398543 -1.369746
-0.474989 0.127227 2.083898
0.042517 0.071736 -1.830930
0.206105 -0.098677 2.906639
-0.060889 0.330904 -2.319849
-0.043038 0.427070 3.079070
0.202752 -0.212132 1.735110
0.485576 0.031986 0.870908
-0.219830 0.063597 0.395346
-0.122780 0.002743 1.182471
0.268410 0.477994 -1.423965
0.389933 0.354764 2.674422
0.188787 0.431771 0.078421
-0.411821 0.282584 -0.167921
0.118820 -0.111737 0.276446
0.431693 -0.226540 -1.721440
0.321300 0.106192 -1.645780
0.093061 0.461703 -1.346895
-0.420024 0.208807 1.812003
0.379971 0.255586 -0.208201
-0.458079 0.183542 0.337714
0.241029 0.398604 -2.895371
0.054748 -0.378916 -0.650045
0.463921 -0.082334 -1.865434
0.411559 0.089084 -0.673954
-0.041952 -0.487948 1.457814
-0.150762 -0.267772 1.127708
-0.377101 -0.018144 -2.947245
0.271953 0.248486 -0.206626
-0.176284 0.465513 -0.632643
0.342498 -0.342189 -3.045840
-0.160974 0.420071 -3.117243
-0.234087 0.405007 -1.421578
-0.475970 0.423440 2.559713
0.001386 -0.455039 -1.378635
0.499219 -0.274206 -2.923010
-0.417988 -0.171928 1.567169
-0.181692 -0.013579 0.739452
0.409837 -0.242635 0.821501
0.333852 0.389487 2.059565
0.456905 0.246794 1.890250
-0.248326 0.177060 0.808659
-0.087310 -0.463313 -1.524607
-0.361657 -0.258455 -3.136536
-0.495701 -0.304347 0.606405
-0.014598 -0.134607 1.727203
0.115893 0.245121 0.180036
-0.438243 -0.155504 -0.257633
-0.468889 0.077181 1.735851
0.338093 -0.095386 1.315972
-0.322461 0.464643 0.845029
-0.035617 0.341517 2.207061
-0.446203 0.155648 1.743376
0.211271 0.210280 2.816636
-0.403966 0.445368 -1.950084
-0.042034 0.288214 -0.385632
-0.177107 0.146482 -2.665095
-0.015700 0.139498 -1.927810
0.245967 0.465670 -1.329491
0.342593 0.290287 1.173747
0.391919 -0.194847 1.080461
-0.341940 -0.333220 -1.371241
-0.464608 0.125060 -0.648056
-0.061752 0.316451 1.727111
-0.297707 0.137216 1.474219
0.270939 0.161118 -1.268222
-0.162630 0.261070 0.323468
0.353752 0.124948 0.379466
-0.428400 -0.076326 0.168286
0.044260 0.463569 -0.653777
-0.267856 0.352901 1.282689
0.282028 0.035561 1.325461
0.468752 -0.183891 2.699765
0.191220 0.035744 0.134285
0.101852 -0.362837 1.890576
0.181203 0.047541 1.245679
0.191000 -0.383136 2.325099
-0.303427 -0.156423 0.049971
0.160430 0.126399 -0.686528
-0.246036 -0.314000 -2.393371
-0.206866 0.458687 3.116860
-0.453674 0.276401 2.442402
0.050496 0.105466 0.644733
0.320817 0.195088 0.646017
0.408244 -0.052210 -1.988710
0.387884 0.332009 -0.274677
0.219760 0.324816 2.334507
-0.017592 0.427311 1.467311
-0.046112 -0.429869 -2.989700
-0.384865 -0.346414 1.960125
-0.161819 0.152472 -2.555855
-0.376646 0.158720 -0.978207
-0.306100 -0.286514 -2.048335
-0.194425 0.101702 -1.257791
-0.279751 -0.398015 2.824101
0.449987 0.207891 -0.981947
0.102599 0.036694 0.808545
0.317031 0.342743 2.009754
-0.207793 0.238518 1.883053
0.337413 0.390407 -2.298435
0.165040 0.080627 1.117634
-0.344803 -0.341003 2.859925
-0.441342 0.027862 0.471923
-0.486960 0.267597 -2.946931
-0.005875 0.241503 1.747810
0.433940 -0.472669 -2.847696
-0.206113 -0.216438 1.332611
0.438893 -0.006592 2.344660
-0.185014 0.382375 1.382466
-0.087682 0.328118 1.433959
0.351230 0.097502 1.006880
-0.324159 0.356195 -3.124238
0.002322 0.366535 3.012989
-0.359191 0.108578 1.557623
-0.021689 0.134734 2.556607
-0.269750 -0.356898 0.318701
0.206508 0.101395 -2.624514
0.258580 -0.476224 0.863295
-0.419199 0.243703 0.581570
-0.436075 -0.205080 -1.342918
0.040913 -0.342825 0.889898
-0.319236 -0.067511 -2.936658
-0.482432 -0.284812 1.024824
0.359275 0.470307 2.585952
-0.034901 0.181090 0.088905
0.288205 -0.073994 1.329270
0.378187 -0.015882 0.876885
-0.140966 0.292425 -1.797816
0.323168 0.437190 1.404229
0.039114 -0.032970 0.086235
0.306370 -0.270890 1.984992
0.248298 0.125738 1.641674
0.359718 -0.190008 0.755752
-0.308745 0.293324 2.442365
-0.004338 -0.270544 -0.377885
-0.338436 -0.038865 1.063554
0.157525 0.310114 1.305815
0.240313 -0.080917 0.369883
-0.142907 0.302754 -1.397232
0.435368 -0.178020 1.117101
-0.176567 0.330345 -1.437685
0.149293 0.260736 -1.877492
0.495323 0.032719 2.650426
-0.486028 0.495138 -1.726151
0.122179 0.345457 -0.072601
-0.240398 0.027701 0.800773
-0.396499 0.134481 1.868850
0.068963 0.205882 1.026883
-0.438081 0.060174 1.581081
-0.244900 -0.031688 1.718788
-0.422429 0.491258 -2.636807
-0.407969 0.111095 -1.573435
0.083673 0.222392 1.274848
0.230803 0.267876 3.026353
-0.386048 0.109238 -1.497534
0.060924 0.121890 1.834963
-0.347240 -0.376227 2.875687
0.002615 0.043985 2.138798
-0.206313 -0.041017 1.302583
