0.215966 0.357515 2.512641
-0.068616 -0.262597 2.119874
0.178824 -0.377093 -3.067272
0.487568 -0.137157 2.405034
0.156410 0.117057 2.468774
-0.087547 0.258557 1.850619
-0.176721 -0.102469 2.265402
0.163888 0.213303 2.136342
0.080056 0.058110 1.821614
-0.223250 0.383026 2.247957
-0.014364 0.266181 2.787349
0.243600 -0.140063 1.360052
0.215886 0.301344 2.753560
0.326071 0.298277 3.004765
-0.003173 0.246450 2.449763
0.364772 -0.315279 2.256275
-0.172815 -0.310743 -2.716385
0.238456 0.367473 2.271145
0.169950 0.489532 -3.059113
0.207743 0.394935 2.561377
0.001852 0.202695 2.526532
-0.108576 0.287447 2.702541
0.371866 0.281670 1.553083
0.166504 0.263706 2.454987
0.020979 0.221538 2.046605
-0.272999 -0.204025 -2.742969
0.491535 -0.336047 1.551539
-0.395787 -0.204068 2.600488
0.262369 0.454544 1.917218
0.446471 0.290602 2.792480
-0.462801 -0.173580 3.092258
-0.236794 -0.090261 2.824667
0.046192 0.479448 2.897157
-0.112390 0.159140 2.721741
0.028264 0.209174 2.066317
-0.355249 -0.226083 2.512260
0.347215 0.417382 1.981572
0.188668 0.111344 1.696189
-0.390366 -0.202105 2.756699
0.341007 0.178984 1.822737
0.411579 -0.007051 2.031139
0.458557 -0.227321 2.297578
0.098833 -0.262508 2.238005
-0.158524 0.358095 2.173631
0.149236 0.421360 2.863980
-0.411176 -0.099969 2.591935
-0.465248 -0.150827 2.764970
-0.013646 0.430812 -2.839946
0.089606 -0.221856 -3.064706
-0.288684 0.269068 -2.804564
-0.303028 -0.089480 2.581968
0.165222 0.083666 2.205500
0.085180 0.460389 -3.035482
-0.125565 0.210488 1.982031
0.134967 0.384186 2.864548
0.085394 -0.473892 2.951738
0.383067 -0.452308 2.923551
-0.324687 0.310699 2.422842
0.073818 0.269898 1.893531
-0.366275 0.044599 -3.121875
0.050542 -0.426351 2.743942
0.058477 0.012085 2.790791
0.271833 -0.369145 2.771977
0.122069 -0.324086 2.845377
-0.165374 0.148839 2.354733
0.131724 0.104142 1.780150
-0.214743 -0.311241 2.348464
0.082378 -0.493902 3.050681
0.244726 -0.377123 2.834306
0.366205 -0.347224 2.661524
0.455353 0.096815 1.275537
-0.466267 0.369871 2.942380
0.120385 -0.466755 2.649442
0.203022 0.136111 2.169897
0.144589 -0.273109 3.044897
0.097873 -0.439734 2.646843
0.453400 -0.055687 2.889830
0.017239 0.253731 2.176205
-0.496805 -0.233834 2.805891
0.431806 -0.165478 -2.966646
0.184220 0.357370 2.087736
0.093783 -0.468804 3.075733
-0.165936 -0.245444 3.113880
0.153970 0.257834 -3.116673
-0.006058 -0.363670 0.766279
0.184773 0.384162 2.342758
0.318452 0.120429 1.562308
0.229421 -0.344441 2.177662
0.411129 -0.142204 1.177620
0.184865 0.318473 2.514930
0.123817 0.228963 2.666081
0.209800 0.410419 2.713727
0.291137 -0.357822 2.625868
0.319321 0.084519 1.800958
-0.041880 0.309286 2.662069
0.317693 0.099394 1.858166
-0.235950 0.081000 1.539421
0.213690 0.066748 -3.133051
-0.480079 -0.415685 2.776930
0.224996 -0.173399 2.454191
0.343648 0.102127 1.946926
0.141376 0.135744 2.762670
-0.073284 0.342817 2.278785
0.169202 0.452384 2.600810
-0.062195 0.043443 2.729911
0.093214 -0.472519 2.519994
0.443012 -0.041581 2.500198
0.103943 0.482568 -3.130385
-0.301616 0.137793 2.839495
0.321626 -0.292030 2.603159
0.326568 -0.297910 2.675636
-0.164965 -0.448817 1.927653
-0.065585 0.041321 2.296139
0.329755 0.169279 1.917227
0.226979 0.418829 2.070843
-0.049765 0.316981 2.375443
-0.206959 -0.398171 3.051494
-0.081441 0.269445 2.078335
0.358413 -0.287315 2.483226
-0.123345 -0.144902 1.691825
0.078151 -0.482393 2.778485
0.023842 0.154730 2.445219
-0.347094 -0.202278 -2.825572
0.211350 0.371239 2.055460
0.348302 0.450953 2.330704
-0.125872 -0.017708 2.960146
-0.447710 -0.253155 3.000602
-0.349872 -0.206967 -2.535286
-0.105209 0.247842 1.140476
-0.201845 0.033822 2.269927
0.389023 -0.100726 2.837877
0.193464 0.376468 2.129898
0.398453 -0.275843 2.465322
0.099217 -0.436377 2.868618
0.102121 -0.318306 2.314325
-0.109539 0.251120 2.540992
0.089948 0.334233 2.781579
0.164383 0.467840 2.831607
0.171951 -0.441402 2.527855
0.350550 -0.461056 3.091833
-0.069567 -0.026889 -2.932309
-0.100024 0.178145 2.737004
0.144290 -0.462418 -2.430607
0.216767 0.279511 2.594224
-0.283696 -0.074632 2.780425
0.191128 0.348594 2.464181
0.202429 -0.122788 3.062573
0.146494 0.423279 2.894825
-0.233517 -0.155702 2.029196
-0.279743 -0.229885 1.263874
-0.024334 0.343588 2.096434
-0.369884 0.143010 1.537153
0.136470 0.250016 2.587941
-0.344711 0.190035 2.527964
-0.014387 0.347696 2.832247
-0.050918 0.350687 2.963188
0.220778 0.428606 2.481075
0.168023 0.144764 2.725528
-0.037624 0.279193 2.645670
-0.286751 0.355256 2.011748
-0.219320 0.157392 2.112102
0.241014 -0.377620 2.463189
-0.455190 -0.135015 3.118840
0.016978 0.256876 1.826837
-0.117057 -0.134596 2.592193
-0.404486 0.499681 -2.876377
0.454472 0.148597 2.015739
-0.444063 -0.220750 2.605328
-0.011403 0.097107 2.422382
-0.351744 0.278430 2.024097
-0.388975 0.337318 -2.961100
0.484491 0.491637 1.765750
0.308969 0.179024 2.133652
0.167347 0.384294 3.093990
-0.309440 -0.231982 2.963415
0.167934 0.121033 1.809154
-0.390998 -0.269458 1.468887
0.164128 -0.351867 3.115720
-0.097769 0.196092 2.846104
0.200745 0.139541 1.790589
-0.159242 0.125078 2.422261
-0.309200 -0.220224 1.409823
0.034629 0.017225 1.874136
-0.420788 -0.472931 3.084382
0.211898 0.380023 2.978216
-0.033586 0.334526 2.539711
0.470431 -0.402918 2.453919
0.366057 0.063205 1.348418
0.124257 0.010398 -2.891466
0.073692 0.496138 2.717058
0.322472 -0.388112 2.474672
0.358994 -0.333369 2.506733
-0.125476 0.243708 2.042541
-0.403656 -0.257557 2.877886
0.370789 0.128244 1.985992
-0.174971 0.432315 2.916242
-0.253701 -0.458871 2.739363
0.046193 0.334525 -2.909755
0.260648 -0.363575 2.089961
0.228432 0.179789 1.969731
-0.180418 -0.297416 2.673979
0.217828 0.391289 2.356841
0.219833 0.228713 1.635029
0.311669 -0.476677 3.100745
-0.175007 0.207337 1.738243
0.164390 0.371026 2.098333
0.413260 -0.425429 2.801620
-0.402339 0.371398 2.264281
-0.494932 0.135446 -2.685315
-0.143658 0.157591 1.910708
0.010916 0.454056 3.034217
0.127051 0.493654 2.551343
0.158892 0.198410 2.733712
-0.103049 0.114764 -2.968207
-0.070863 0.321690 2.286798
0.106093 0.307041 3.141087
-0.056480 0.385281 1.999673
0.168612 0.352968 2.388341
0.123725 0.337010 2.917595
-0.075112 -0.053156 1.841099
0.111098 0.439328 2.490494
-0.215985 0.152305 0.646068
-0.340360 -0.191397 2.334675
0.024912 0.422028 2.776735
0.139974 -0.425748 3.137816
0.311434 0.171062 2.156292
0.078010 0.044936 1.413952
-0.306539 0.137702 2.004482
0.452941 -0.279281 2.364778
-0.105638 0.225140 2.450043
-0.143667 0.481012 2.367275
-0.457914 0.014385 1.522073
-0.005382 0.391784 -2.769900
-0.213732 -0.162098 1.883569
0.246886 0.264690 2.691786
0.398802 0.484538 -3.080545
-0.438185 -0.262434 -2.478554
-0.086086 -0.221605 2.907799
0.069863 -0.471724 2.820935
0.073798 -0.427500 2.638408
-0.404310 -0.210208 2.830901
-0.483192 -0.226615 2.246472
0.444988 0.208936 2.375168
-0.146446 0.109580 2.176115
0.207000 0.341808 -3.092568
0.451734 -0.209342 -2.678671
0.086211 0.128880 3.079823
-0.175331 0.483512 2.368871
-0.125005 0.205161 2.010087
0.037751 0.261853 2.015058
-0.403994 -0.211613 2.841444
0.106538 -0.472792 2.906487
0.250474 0.041331 2.569983
-0.078567 0.296019 2.555777
0.077244 -0.177952 -2.997052
0.193702 -0.370665 2.903796
0.318200 -0.484489 2.316313
0.107492 -0.457098 3.098495
-0.042316 -0.110605 -2.785855
0.377310 0.064354 2.350686
0.266200 0.464497 2.164940
-0.378519 0.026701 1.814096
0.167167 0.334828 2.654473
0.359272 0.400833 3.044053
0.407296 -0.146722 2.613624
-0.456653 -0.444314 1.828600
0.090162 -0.444575 2.872347
-0.165883 0.150310 2.171256
0.340673 -0.306747 2.459768
-0.095195 0.244286 2.294549
0.059660 -0.474028 2.719953
0.072988 -0.482831 2.611445
0.172306 0.344083 2.374671
0.330000 0.455959 1.764276
0.232837 -0.401695 2.518976
0.464361 0.441146 3.126741
0.352916 -0.478839 -2.986612
0.284232 0.441987 2.136853
-0.165451 -0.207893 2.633264
0.155592 -0.470702 3.110253
0.198815 0.356689 2.160878
-0.002564 -0.481450 2.612532
0.219332 0.123450 3.063661
0.031424 -0.112417 2.398275
-0.476711 -0.348230 1.951630
-0.484868 -0.453250 3.082629
0.238013 0.370699 1.867972
0.383883 0.391123 2.668963
0.138647 -0.474830 2.882703
-0.355295 0.020546 1.388181
0.214264 0.375828 2.166263
0.193760 -0.211983 2.419065
0.310132 -0.336399 2.577110
0.240645 -0.436290 2.990599
0.006073 0.328376 2.741565
0.150030 0.110687 1.918012
0.186943 -0.186515 2.222538
-0.012168 0.439047 3.006800
-0.279586 0.160977 2.582300
0.324111 0.270280 2.199107
0.053598 -0.473950 2.774112
0.306140 0.155766 2.072489
-0.290944 -0.205231 3.067960
0.194951 -0.135695 2.983031
-0.202593 -0.477884 2.633803
-0.481670 0.335118 2.435819
-0.173470 0.365563 2.338013
-0.000698 0.311261 2.882517
-0.299976 0.300301 1.533653
0.098029 -0.338654 2.884809
-0.465837 0.021792 2.462046
0.384051 -0.327224 2.731618
0.012629 0.204813 2.657122
-0.286362 0.101632 2.247483
0.075438 0.456033 3.140353
-0.002502 0.230554 2.400752
0.365796 0.070371 1.234455
-0.372815 0.367620 -2.506788
0.166786 -0.182908 2.146988
0.139059 0.376179 2.052172
-0.351118 -0.022348 2.579641
-0.189652 -0.306418 2.087556
0.366236 0.349190 2.807042
0.109561 0.365597 2.711345
0.169923 -0.480179 -2.574559
0.277412 -0.364777 2.857461
0.197342 0.422269 2.554580
0.381678 -0.124820 2.811833
-0.404768 -0.280877 2.782711
0.303324 -0.387332 2.773614
0.128224 0.091538 2.367799
-0.190479 -0.294291 2.261937
-0.125505 0.187048 1.812565
-0.011467 0.399644 2.329812
0.098709 0.066878 2.359176
-0.287596 0.136808 -2.426915
0.378899 0.369357 -2.768790
0.149779 0.103257 2.208837
0.379174 -0.265293 2.131488
0.118737 -0.433488 2.863773
0.204387 -0.160153 2.318158
0.273147 -0.118546 1.693144
0.204510 0.420035 2.474890
0.307530 0.124533 1.673335
-0.205461 0.040390 2.698568
-0.183035 0.488033 2.940855
0.227599 -0.484163 -3.080412
0.147138 0.376344 2.293811
0.017634 -0.430749 2.289140
-0.406796 -0.195274 2.125106
0.063031 0.391236 -2.751235
0.135507 -0.478562 2.838937
0.301125 0.118759 1.503285
-0.146541 -0.278309 1.660870
0.097094 -0.478001 3.032242
0.139247 -0.080959 -3.009887
0.129933 0.443888 -2.872062
-0.351002 -0.203357 2.576421
-0.219948 0.013302 2.547139
0.273482 0.119250 2.905212
-0.167351 0.154378 2.032200
0.171738 -0.314226 2.521730
0.169613 0.324135 2.644412
0.149183 0.227667 -3.070064
0.173843 0.207352 2.315917
-0.419756 0.377848 2.383280
-0.291080 -0.040678 -3.036229
-0.065864 0.263641 2.485867
0.067170 -0.283477 2.190980
0.174443 -0.085611 1.653059
-0.224524 0.052708 2.630757
0.312267 -0.185255 2.238329
-0.289208 -0.463814 3.037003
-0.349903 0.081882 2.808357
0.130595 -0.315853 2.817839
0.028790 0.328575 -2.758371
0.189545 0.376457 2.419531
-0.265726 -0.206616 2.867560
-0.136474 0.267554 2.991047
0.289512 0.184863 2.668201
0.162771 0.085327 2.463869
0.122687 -0.445817 -2.973427
0.219331 0.100609 2.651767
0.003949 0.281492 3.042618
-0.017903 0.228020 2.435347
0.098871 0.085013 1.647208
-0.419928 -0.214721 2.438588
-0.347967 -0.225759 -2.977535
0.376896 -0.411599 2.474843
-0.310597 -0.133577 -2.984314
0.281889 0.138534 1.879242
0.195156 0.421140 2.614009
0.168254 -0.300370 -2.954670
0.009655 0.258277 2.111047
-0.399645 0.389130 -2.853671
-0.313494 -0.196367 2.603377
0.155446 0.448645 -2.968929
-0.298364 0.327171 2.495278
-0.308153 0.409503 3.105627
-0.007806 0.340283 2.270417
