-0.107515 0.385549 2.522950
0.231881 0.462164 1.205327
-0.177768 0.182886 2.334669
-0.150857 -0.112446 2.360389
-0.203534 0.034508 1.505421
-0.290055 -0.178260 2.575873
-0.270006 0.266432 2.158174
-0.443506 0.481000 -1.683154
-0.345811 -0.454574 -3.061003
-0.147794 0.003968 -2.945446
0.231427 0.456716 1.709802
0.110435 -0.468867 3.042462
0.490489 0.020907 3.054696
-0.201430 -0.033409 1.930363
0.341926 -0.255503 2.633565
0.433903 0.152159 2.464383
-0.320621 0.157808 3.110429
-0.497686 -0.062470 -2.792886
0.484755 0.057139 2.727367
0.424489 0.155085 3.140837
-0.127081 0.233852 2.402479
-0.104055 0.102382 2.325996
0.177685 -0.269064 2.440737
0.476886 -0.262667 2.484885
0.341123 -0.416649 3.052278
0.201677 -0.279412 2.347939
0.469033 0.398912 1.749636
0.337681 -0.054887 3.084417
0.428230 0.404114 2.496286
0.032045 0.436679 2.405525
0.425958 -0.271445 2.788515
0.086476 0.074862 1.719205
0.016259 0.299256 2.540731
0.035777 -0.054616 2.804704
-0.398700 -0.160905 2.802494
-0.026955 0.073476 1.442911
0.164207 -0.283465 1.896074
-0.490921 0.250137 -2.349142
-0.147659 -0.230133 2.293161
-0.353919 0.479994 2.163176
-0.358630 -0.365317 2.366153
0.070030 0.473686 2.111567
-0.248024 0.264438 2.638058
0.197003 0.494609 2.537990
-0.017193 0.332990 -3.081801
0.391319 0.063683 2.421903
0.228904 0.274645 2.462679
-0.016309 -0.475763 2.703834
-0.217018 0.312682 1.723652
0.372478 0.043057 3.046210
-0.139528 0.254209 2.606181
0.350164 -0.254085 2.937041
-0.292674 0.280580 1.317824
0.169277 -0.444287 2.221978
-0.026890 0.486193 2.318855
0.404785 -0.302329 2.569528
0.196646 -0.498241 2.334997
-0.100970 0.018734 2.865093
0.137628 0.275539 2.195745
-0.169466 -0.001824 2.400924
-0.151258 -0.088285 3.090028
-0.274116 0.372649 1.757040
0.436391 0.097614 2.501019
0.095961 -0.307904 1.527097
0.030032 0.431287 2.164329
-0.016673 0.493261 2.169536
-0.012794 0.469957 2.199466
-0.402795 0.332663 -2.898741
0.325923 0.000999 2.759040
-0.458938 -0.163746 2.054064
-0.292716 0.307834 2.996701
-0.436843 0.025487 1.851666
0.493772 0.081206 1.961470
-0.018197 -0.161180 1.819670
0.106722 -0.440880 2.906401
-0.321281 -0.305480 2.733808
0.086318 -0.295188 2.258226
-0.060559 0.274632 2.488974
-0.268002 -0.209493 2.647915
0.439000 0.416843 2.622112
0.032917 0.443561 2.482581
0.279117 0.145503 1.720169
-0.220053 -0.144255 2.487882
-0.301785 -0.331599 2.563464
-0.116961 -0.133388 2.250950
-0.399929 -0.466782 2.391926
0.101427 0.449487 2.863903
0.438120 -0.066533 3.115105
-0.242094 -0.177839 1.889278
0.074889 0.389845 2.459585
-0.469795 0.222779 -3.002535
0.134917 0.251216 2.037773
0.197448 0.493826 1.901936
0.193817 0.498590 2.259344
0.107172 0.405858 -2.875331
0.383803 0.186996 2.324495
0.279813 -0.243513 1.710357
0.342615 -0.147807 2.521183
0.335788 -0.392200 2.526647
0.383763 0.025756 2.868771
0.417474 0.087339 2.239200
-0.481450 0.206688 2.390143
0.069283 0.011336 2.723807
0.054180 0.188416 2.599099
0.369454 -0.190969 2.107788
-0.216916 -0.024685 2.111764
-0.295064 0.242560 2.795627
-0.154040 0.216423 2.334397
0.365557 0.040933 2.038780
0.162335 -0.470956 2.357581
-0.077254 0.031830 2.363955
0.335875 0.134979 2.365295
0.253866 0.374933 1.828993
0.311158 0.415933 1.551711
-0.464878 -0.122580 -2.637900
-0.306324 0.386715 3.114681
-0.287936 0.275464 3.043204
-0.228978 -0.286858 1.372500
-0.093065 -0.328330 1.625222
0.010463 0.334760 2.310795
-0.274277 0.156685 2.805575
-0.440862 0.489250 2.807443
0.099091 -0.163951 3.062774
0.221963 0.022936 2.752928
0.303237 -0.397396 2.375024
0.147356 0.105926 1.980613
-0.340718 -0.277408 2.818085
-0.312770 0.405325 2.129531
-0.430678 -0.131652 1.867908
0.053066 0.478097 2.267567
0.039414 -0.499675 2.559487
-0.163816 -0.454308 -2.949968
-0.126040 -0.221620 2.135026
-0.365130 -0.350682 2.587817
-0.062416 0.037309 2.178251
0.028637 0.211040 2.718344
-0.330714 -0.154716 2.319882
-0.093619 -0.405142 2.697985
0.384771 -0.417969 1.902926
-0.225689 -0.412515 2.444487
-0.141444 0.209803 2.694058
0.397652 0.013188 -3.022090
0.025948 0.416685 2.665200
-0.270501 0.464406 2.156241
-0.381657 -0.335075 1.852643
-0.102747 -0.133319 2.134025
-0.099242 0.274328 -3.046860
0.467755 -0.173719 -2.812048
0.184397 -0.304332 2.053928
0.447627 -0.413911 2.042879
0.041309 0.328859 2.246168
-0.141782 -0.155095 2.518539
-0.424793 -0.383082 1.868976
0.124718 -0.377102 2.800668
-0.041503 0.449343 2.464060
0.017340 -0.484762 2.141586
-0.006170 0.481448 2.469009
0.071944 0.338729 2.286937
-0.452314 -0.024152 2.582278
-0.145379 0.234878 2.820035
0.189409 0.213584 2.341155
0.039985 0.054138 1.413032
-0.241896 0.246299 2.900247
0.201867 0.141401 -2.657530
-0.310436 -0.043662 2.385661
-0.298860 -0.142658 2.117174
-0.131276 0.099947 2.305891
-0.265224 -0.165995 2.341698
0.003893 0.473652 2.082489
0.033346 0.197049 2.339185
0.124582 -0.454518 -3.115601
0.186936 -0.494499 2.236296
0.398475 -0.224619 2.475603
-0.159872 0.227522 -2.589834
0.019226 -0.499777 2.216390
0.091147 -0.416843 2.140365
0.056741 0.455599 2.180614
0.025161 -0.354168 0.253289
-0.232517 -0.136158 1.912782
0.380623 0.090822 3.117017
-0.017685 0.488520 2.505326
0.475339 0.310600 1.328440
0.380296 -0.011915 3.087511
-0.247567 -0.165795 2.567984
0.451316 0.299945 -3.081037
-0.458107 0.265826 2.942644
-0.231602 0.146502 2.663425
0.087874 -0.261727 1.820020
0.399927 0.020163 2.005065
0.019388 -0.022816 2.380029
0.303125 -0.467130 2.127819
-0.125971 -0.185327 2.762215
0.392150 -0.201634 2.923289
0.387807 -0.383498 2.579297
-0.163900 -0.063252 2.187104
-0.277231 0.261038 2.550934
0.318997 0.000884 2.699267
0.348587 -0.369358 3.059814
-0.122751 -0.120001 2.542039
0.294013 -0.271325 -2.629165
0.435912 -0.413860 1.427693
0.005285 -0.338376 2.760945
0.174955 0.457212 1.811053
0.098719 0.483283 2.325683
-0.171182 -0.116538 2.008302
0.049134 0.492898 2.537576
0.187629 -0.471420 -2.687555
-0.034514 0.447353 2.501233
0.232498 -0.402393 2.558435
-0.278284 -0.270800 3.026825
0.432419 0.094918 2.807968
0.163988 0.036546 2.206969
0.144878 -0.155657 0.738622
0.242546 -0.025198 2.763575
0.122083 0.226123 2.265606
-0.367917 -0.090813 2.831229
-0.134305 -0.367767 2.253376
0.023516 -0.494771 2.335180
0.305894 -0.025552 2.342195
-0.157430 0.173065 2.366557
-0.158454 0.176923 1.903745
0.059295 0.011523 2.297045
0.182538 -0.270556 2.441569
0.219170 0.470521 2.494585
0.120767 0.016508 2.816665
-0.088250 0.016924 1.991624
0.385506 0.005848 -2.372432
0.230543 -0.405492 2.371333
0.286175 -0.388513 1.938985
-0.184669 0.162178 2.119725
0.008132 -0.480494 2.553163
-0.426601 -0.463061 2.400259
0.419719 0.377190 2.060587
0.415014 0.123231 2.782188
0.353375 -0.359192 2.579197
-0.098142 0.474539 2.484694
-0.106115 0.460945 2.978397
-0.007623 0.446445 2.110419
0.067288 -0.466563 1.927993
-0.421739 0.382221 2.712355
0.216541 0.045928 2.572201
0.162272 -0.371406 2.288437
0.253900 -0.025651 1.630252
-0.277520 -0.400220 2.742828
0.403532 -0.039610 2.858503
0.487271 -0.189708 2.285249
0.410009 0.200854 3.085271
-0.201386 0.276601 -2.558063
-0.098068 0.303963 2.635643
0.153278 0.336244 2.046062
0.477067 0.268726 2.490756
-0.086570 0.360782 2.943702
0.176237 0.182975 2.287448
-0.247548 0.167257 2.869293
0.109987 0.348722 2.117693
-0.367653 -0.001058 2.186602
0.180508 0.331848 1.455471
0.474866 -0.264935 -2.758293
0.015368 0.305097 1.764955
0.220564 0.368696 1.558276
-0.446754 0.369605 -2.887420
0.315553 -0.417327 2.541630
-0.284908 0.269948 2.812844
0.414430 0.057983 2.492735
-0.308818 -0.076058 2.228459
0.332655 0.451788 1.455559
-0.308919 0.299901 -2.745406
-0.207743 -0.128729 1.944506
-0.344035 -0.310618 2.661990
0.367020 0.252641 2.255991
0.255939 -0.256796 2.164779
0.379026 0.073483 2.598458
0.481629 0.474229 3.060403
-0.225831 -0.239590 -2.778168
0.154905 0.244927 1.428355
-0.158855 -0.497868 -2.944870
0.401823 -0.175607 2.422169
0.023803 -0.493642 2.173455
-0.316503 0.401619 2.965512
0.187686 0.096946 2.791297
0.273515 -0.389346 1.775131
-0.088710 0.051126 2.189114
0.066024 0.250886 2.193038
0.106495 -0.315910 2.944020
-0.428130 0.442610 -2.629718
0.314205 -0.434779 1.820929
0.412524 -0.426286 1.979442
0.004976 0.053180 1.303460
0.368960 0.430514 3.060918
-0.120328 0.178259 1.886452
0.038747 0.470893 2.174209
0.252381 0.150922 2.128590
-0.201478 0.382568 2.304299
-0.376911 0.006777 1.594079
-0.330888 0.045355 2.738367
-0.275905 0.287531 2.486531
-0.133190 0.420278 3.090603
-0.114514 -0.098693 2.267766
0.371663 0.283662 2.265957
-0.058541 0.389319 2.631126
0.380174 -0.159534 -2.485326
0.276550 -0.331262 2.462645
-0.309638 0.394075 2.962733
0.103308 -0.323293 -3.039250
-0.130558 -0.289956 3.072118
-0.349457 0.203192 2.303775
0.351382 -0.210843 -2.924668
0.127908 0.319962 1.587030
0.303653 -0.275668 2.105314
0.047441 -0.021067 -2.977357
0.119325 -0.317587 1.613822
0.339842 -0.362391 -3.022287
-0.399514 -0.101611 3.037803
-0.188068 -0.021415 2.150631
0.042360 -0.060019 2.794819
0.464506 0.368644 2.638252
-0.175948 -0.125663 1.570839
-0.368940 -0.002021 1.840397
-0.226221 -0.170818 2.911716
-0.117150 0.023526 2.420181
-0.491313 0.295381 2.395419
0.487530 0.270573 2.724569
0.322551 -0.106805 2.267421
0.054833 -0.257097 2.198858
-0.129464 -0.461662 -2.390971
0.243104 -0.418874 2.140152
-0.236455 0.227999 2.224586
0.200797 0.012867 2.571450
0.115484 0.362254 2.915904
-0.313639 -0.446171 3.139242
0.182687 -0.288601 2.297211
0.347534 -0.474149 -2.733792
0.025195 0.451041 2.412427
-0.224830 0.369461 1.900010
0.126646 -0.036039 3.110655
-0.354668 0.405532 2.865493
0.294929 -0.423330 1.915646
-0.011246 0.456458 2.435599
-0.182917 -0.090573 2.592021
0.102083 0.256709 1.904606
-0.142613 0.438564 -2.869731
0.095580 -0.206935 2.615961
-0.458842 -0.075528 1.326620
-0.255500 -0.179428 2.439337
0.360191 -0.425825 2.058263
0.400490 0.410408 2.094793
0.401345 -0.367446 2.168239
-0.345522 -0.451618 2.937533
0.347622 -0.454808 2.035773
0.040725 0.220225 2.465502
0.238041 -0.301947 1.910640
-0.250145 0.071967 2.388013
0.180681 -0.443885 2.928531
0.186832 0.234432 2.758728
-0.122767 -0.009480 2.966711
0.496698 0.184219 2.081527
-0.405799 0.261091 2.118121
0.057117 0.297337 1.581243
-0.459122 0.428673 2.387046
-0.284633 -0.202826 2.264589
0.000206 -0.495527 2.240242
0.199719 -0.404579 2.039058
0.370985 0.010501 3.098400
0.067311 -0.236000 2.820134
-0.111866 0.086155 2.389009
-0.261289 0.158087 2.598359
0.415251 0.169248 3.032760
-0.294012 0.206018 2.819822
0.397544 0.415665 3.008691
0.199744 -0.481972 2.433714
0.354059 0.224500 2.610721
0.484899 0.002719 2.435872
0.386329 0.195337 2.440732
-0.029674 0.420016 2.965752
-0.201622 -0.253925 1.731494
0.316348 -0.380086 1.785643
0.358509 0.076706 2.919545
-0.088608 0.027066 2.010443
0.114054 0.343475 2.524168
0.325379 -0.416054 -2.672929
-0.307343 0.137128 2.889835
0.307295 0.228840 2.607081
0.210654 -0.414587 1.994832
-0.396316 -0.005313 2.112715
-0.291092 0.136137 2.099088
-0.271521 -0.346499 2.572109
-0.327728 -0.141568 3.018846
0.195486 -0.273870 3.000845
-0.116764 0.379438 -2.934749
0.004329 0.483106 2.410592
0.204344 0.031202 1.934382
-0.386239 0.153204 2.524068
-0.002794 -0.486489 2.409107
-0.328370 -0.288232 2.952372
-0.379219 0.237381 -2.682204
-0.455589 0.045275 2.438289
0.489041 0.381655 2.887173
-0.181001 0.212325 2.540807
0.111150 -0.351173 2.679186
-0.371211 -0.443891 1.166066
