0.371258 -0.097247 3.069353
0.359397 -0.198558 2.192445
0.016279 0.359403 2.352156
-0.114820 0.309453 2.871855
0.098389 0.486332 2.237725
0.344823 0.426494 2.450893
0.345452 -0.165981 3.073004
-0.001844 0.302784 2.620875
-0.314821 -0.241173 2.902992
0.291123 -0.206365 2.326108
-0.158189 0.313092 2.129159
-0.135728 0.317999 2.901343
0.376498 0.091840 2.664126
-0.388710 -0.261062 2.143870
0.367197 -0.000685 2.614708
-0.352722 0.444297 1.766402
-0.383237 0.491263 1.821327
0.414614 -0.370283 1.882230
-0.083230 -0.499256 2.952300
0.126305 0.136304 2.140302
0.336784 -0.297469 2.756313
-0.118896 0.261401 2.716596
-0.078307 -0.497500 2.380417
-0.257193 0.226387 2.882400
0.364448 -0.050585 -2.965386
-0.304692 0.354202 -3.030535
0.206735 0.158280 2.493230
0.271441 0.123527 3.089872
-0.253928 -0.331223 1.993202
-0.121990 0.466151 2.894696
-0.281905 -0.138171 -2.506058
0.222620 0.303955 2.386608
0.493160 -0.068360 2.019884
0.398424 0.297884 2.463267
-0.446374 -0.149918 2.799966
-0.403121 -0.263343 -3.036331
-0.252340 0.249279 2.705556
-0.192682 0.103162 2.027802
-0.324088 -0.298960 2.929260
0.296318 0.232772 1.450332
-0.199434 -0.167600 2.611905
0.346669 -0.189054 1.969594
-0.239415 0.327187 2.758478
-0.283358 0.020762 2.417056
-0.440975 0.017617 -3.114095
0.428709 0.271368 2.833464
-0.313245 -0.236844 3.073557
0.468935 0.018116 2.139699
0.382065 0.311263 3.037943
0.399951 0.410803 2.765196
0.236917 -0.357977 2.200247
-0.364204 0.022457 2.049837
0.286487 0.160694 2.633587
-0.134146 0.307374 2.460191
-0.233981 0.241805 2.370910
-0.002922 0.132983 -3.005911
-0.016124 0.336641 2.414895
-0.385190 -0.041226 1.514270
-0.415228 -0.286125 2.586302
0.280654 -0.382408 2.743815
-0.173182 -0.018423 2.452457
0.359062 -0.016579 2.969803
0.257850 0.140405 2.849584
-0.247640 0.249386 2.714982
-0.139010 0.320212 2.758624
-0.134209 -0.499905 -2.926594
-0.228536 0.255456 2.351656
-0.072127 0.157285 2.881173
0.195109 0.176857 2.791466
0.280799 -0.351657 2.967385
-0.396499 0.312901 2.151217
0.121438 -0.435878 2.190999
0.322371 0.047250 2.415081
-0.477490 0.371149 2.978273
-0.447848 0.304520 -2.456953
0.409066 0.467061 2.460657
0.159905 0.422291 2.560626
-0.376620 -0.066649 2.643401
-0.382961 0.486211 -2.635927
0.439406 -0.300101 2.862731
0.214413 -0.309116 2.862956
0.007882 -0.070479 2.879401
-0.430244 -0.357542 2.399257
0.452598 0.480147 2.036200
-0.140869 0.262183 2.041052
0.293312 0.256188 2.581867
-0.022876 0.415745 2.630115
-0.445511 -0.182882 3.043520
0.455572 -0.328635 1.791264
-0.178278 0.220422 2.765039
0.412905 -0.480212 2.858583
-0.000449 0.336259 2.541049
0.283702 -0.356085 2.576339
-0.116620 0.286960 2.452436
-0.185634 0.303545 2.015524
0.045901 -0.114111 2.426254
-0.124457 -0.333716 -3.116409
-0.134406 -0.422448 2.592477
-0.147137 0.100476 1.712053
0.433584 0.433148 -2.667407
0.281788 0.188656 2.395633
-0.148067 -0.329085 2.173461
0.451254 0.340865 2.156243
-0.215114 -0.086248 2.380138
0.368781 0.291025 2.169721
-0.408878 -0.241134 2.997498
0.351156 0.066278 2.982073
-0.131341 -0.353272 2.703153
0.341749 0.397371 2.150927
-0.035749 0.303167 2.566289
-0.249110 0.062078 2.246182
0.294036 -0.374071 1.574978
-0.331258 -0.246875 1.595603
-0.036700 0.248091 3.069937
-0.412308 0.182235 2.978530
-0.348606 -0.319406 2.029452
-0.381857 -0.352732 2.359453
-0.008195 0.284216 2.825724
-0.469273 0.337599 2.647437
-0.188009 -0.425589 2.109293
-0.302127 -0.427341 2.321292
0.464171 -0.174901 3.026854
-0.219797 -0.185868 2.766309
0.166716 0.187597 3.067239
-0.463302 0.491114 1.190807
-0.334414 -0.353657 2.831599
0.410609 0.455394 -2.805624
-0.320735 -0.272445 2.230211
0.272100 -0.348221 2.773446
-0.080549 0.374343 -3.016010
-0.230871 0.191876 2.813516
-0.217838 -0.166107 2.788727
0.449506 -0.392521 -2.833496
-0.407845 -0.230546 2.550569
-0.387368 -0.285896 2.221042
-0.463851 -0.216491 1.914545
-0.479778 0.246358 2.521813
0.403868 0.138508 2.812856
-0.019820 0.137642 2.212349
-0.204756 -0.110607 2.434157
0.414186 -0.302698 1.602506
-0.438528 -0.366177 2.736849
-0.108691 0.277356 2.362082
-0.471945 0.191921 2.544462
-0.235051 0.085455 2.247046
-0.324400 -0.258045 2.585531
-0.143433 0.320788 2.313949
0.451352 -0.004251 2.102324
-0.238436 0.233232 2.532012
-0.195576 -0.063634 2.311820
-0.138440 0.117252 2.772176
0.082838 0.329824 2.694710
-0.070465 0.315860 -2.621625
-0.232671 0.231820 2.857024
0.359390 0.224061 0.445389
-0.126232 0.470428 -2.687880
-0.147805 -0.453436 2.542803
0.265918 -0.384006 2.445377
0.356531 -0.065610 -2.364228
-0.465864 0.366822 2.648310
0.361515 -0.293289 2.585241
-0.023134 0.156113 1.944178
0.307789 -0.279381 2.159161
0.132329 0.414731 2.899432
-0.199075 0.248955 2.307322
-0.017485 0.163896 2.345109
-0.403153 -0.190970 2.447602
-0.281128 0.018065 -2.838077
-0.141017 0.373336 -2.779494
-0.022679 0.308548 2.453996
-0.312886 0.341998 1.990119
0.260144 -0.372596 1.610447
-0.039422 -0.468677 2.190281
0.052486 0.038784 2.864491
-0.099534 -0.373202 2.491018
-0.252039 0.183784 2.406515
-0.112648 0.341654 2.582359
-0.166878 0.212104 1.950796
-0.280561 -0.021053 2.949398
0.139916 -0.035834 1.551133
-0.119634 -0.430623 2.399908
-0.318950 0.245359 2.227089
0.390060 0.233986 -2.674081
-0.424401 -0.176774 2.135060
-0.301316 -0.236992 2.080160
-0.320468 -0.313633 2.694649
0.281142 -0.364568 2.449496
-0.182762 -0.329249 2.832249
-0.365354 0.483162 2.160541
-0.319546 -0.361545 2.346708
-0.188813 0.189676 3.044828
-0.496041 -0.317558 3.134340
0.495089 -0.467856 -3.074675
-0.121889 0.170582 -2.973585
0.316498 -0.353460 2.291670
-0.232098 -0.384568 2.329540
0.306056 0.173824 2.688456
-0.160074 0.096810 1.959371
-0.410435 -0.321993 2.285438
-0.324083 -0.379925 2.741368
-0.231598 -0.076954 2.445732
0.334819 -0.057455 2.126121
-0.069452 0.366843 2.949546
-0.186331 0.381841 1.989591
-0.374439 -0.170785 2.176639
-0.133199 0.296594 2.594425
0.218463 -0.363108 2.415104
-0.221887 0.213511 2.735918
-0.088132 0.272325 2.800802
-0.276126 0.003564 2.679418
0.329443 0.230142 2.344024
-0.151661 -0.055619 2.596241
0.086579 -0.053400 2.227967
0.101441 0.416594 1.895367
-0.117837 0.279762 2.855880
-0.457891 -0.498285 2.357603
-0.266095 -0.175632 2.291532
-0.235800 0.187077 2.834669
0.422456 0.323659 1.803833
-0.249501 0.128930 2.442088
0.050737 0.363869 2.158783
-0.217863 -0.152353 2.659112
-0.254222 0.415732 -2.965209
0.041136 0.345036 1.869809
-0.236482 -0.151477 2.716407
-0.035438 0.259075 2.980006
0.049352 -0.277842 2.275512
0.181423 -0.093633 3.085320
0.314990 -0.205598 1.727235
-0.029852 -0.377511 1.433881
-0.230458 0.197730 2.467666
-0.189149 -0.142231 2.657326
0.308678 0.377388 2.675990
0.221522 0.002291 2.128762
-0.100136 -0.498653 2.344051
-0.205118 -0.195070 2.831414
-0.269832 0.485909 2.646256
-0.227392 0.231452 2.694019
-0.172379 0.243767 2.732818
-0.406548 -0.319784 2.680025
0.468406 0.345652 2.091122
-0.090309 0.476535 2.789263
0.475566 0.280657 1.772513
-0.320550 -0.292684 2.661541
0.440217 0.388078 3.051989
-0.202766 0.244910 2.530305
0.320666 0.144389 2.453380
-0.280470 0.011557 -2.721308
-0.415616 -0.459470 1.927657
-0.320486 -0.242742 2.463539
0.132272 -0.114399 3.031384
0.238678 -0.073261 3.121051
-0.040865 0.163109 1.709922
0.269829 -0.339729 3.108802
-0.232232 0.017102 2.991044
0.431141 0.162025 1.392574
-0.088058 0.129492 2.395616
0.075276 0.400948 -2.522972
-0.054288 0.304837 2.513250
-0.331438 -0.196740 2.129562
0.011430 0.374069 2.150776
-0.092880 0.317015 2.781829
0.431859 0.312709 0.668034
0.390236 0.231103 -3.054035
0.163294 -0.420518 2.458567
-0.115513 0.445854 2.449231
-0.497903 0.461445 -2.716249
-0.248215 -0.004757 2.684046
-0.408253 -0.253483 3.130215
0.137292 -0.457997 2.123196
-0.179688 -0.347978 1.961159
0.270922 0.466656 1.666801
-0.072181 0.078595 2.370209
-0.157950 -0.320966 2.037102
0.225809 0.463920 2.075742
-0.204909 -0.239270 3.092203
-0.225960 0.247943 2.319616
-0.152637 0.336724 2.825327
-0.357670 -0.341313 2.697917
-0.005027 0.143286 -3.021511
0.197438 -0.404280 -2.369386
-0.409730 -0.313245 2.876877
-0.407107 -0.216221 2.962926
-0.073647 -0.367375 2.408086
-0.352343 -0.266296 -2.919921
0.335065 -0.265115 2.681768
-0.080962 -0.334363 2.505813
-0.174864 -0.077149 2.805304
0.245492 -0.294242 2.786406
0.341077 -0.366487 2.087301
-0.241191 0.160115 2.898910
-0.006647 -0.053578 3.015524
0.349261 -0.167873 2.118404
0.275810 0.102357 3.034704
-0.131873 -0.304645 2.829696
0.415794 0.397325 2.410387
0.476455 0.471318 2.419842
0.196485 0.029707 1.554786
-0.214906 -0.007364 2.933078
-0.138383 -0.448110 2.660355
-0.265320 -0.343972 1.847717
-0.227804 0.126120 2.317846
-0.401188 -0.158657 -2.843317
0.299625 0.020821 1.824855
0.310495 -0.155996 2.349343
0.422993 0.109881 -3.090447
-0.003101 -0.231444 1.107395
0.006544 0.358988 2.184858
0.372543 -0.432606 1.427405
-0.132977 -0.096251 2.710513
0.460541 0.303284 2.785722
0.423710 0.135029 2.803307
-0.486785 0.270221 2.490370
0.272414 -0.464122 2.058753
-0.450137 -0.007249 2.124259
0.266826 0.190954 3.135937
-0.369853 -0.350725 2.409332
-0.069104 -0.368778 2.545326
0.459968 -0.341518 2.707268
0.384646 0.439286 2.328553
0.271804 0.157693 2.473024
-0.174187 -0.266946 1.860012
0.276730 -0.409771 2.321086
-0.189727 0.091497 2.180557
-0.366325 -0.262252 2.221220
0.388985 -0.045858 2.642344
-0.187877 -0.255681 -3.031295
-0.141252 -0.132834 2.666805
0.463285 -0.237916 2.369958
-0.239038 -0.127271 2.822142
-0.487627 -0.496347 3.056634
-0.047874 -0.247184 2.072405
-0.247785 0.123831 2.552993
0.397440 -0.212048 1.840618
-0.080106 -0.263425 -2.757755
-0.044462 -0.094199 1.614817
-0.050001 -0.336753 -2.397283
-0.245102 0.129773 2.299873
0.488812 -0.401684 2.272465
0.144375 -0.396895 -2.899481
-0.105730 -0.255135 -2.801390
0.026739 -0.078074 2.640415
0.284289 -0.273421 2.123698
0.455322 0.486069 2.490775
-0.194299 -0.022477 2.532672
0.003603 0.100122 2.586899
0.179206 -0.403078 2.687445
-0.296863 -0.027379 2.604363
0.264967 -0.335420 2.045677
0.133866 0.350891 2.562023
-0.321764 0.095513 2.300373
0.174001 0.426286 2.448463
-0.040666 -0.016959 -3.123436
-0.200380 -0.120526 2.046237
0.406334 0.476754 2.412572
0.424019 0.267054 2.117264
0.221155 -0.019169 2.089419
0.286987 -0.352734 2.328681
-0.036616 0.390441 2.603924
0.149206 0.253387 2.189222
-0.212913 0.257756 2.439542
-0.262529 0.079917 2.486065
0.061691 -0.076344 2.429346
0.310761 0.465765 1.772560
0.483729 -0.241766 2.175992
-0.447043 -0.033879 2.253380
0.348204 -0.345836 1.855819
-0.478938 0.324067 2.776487
0.414568 -0.137238 2.843499
-0.106543 0.292997 2.599289
0.037074 -0.145043 2.555522
-0.485475 0.274447 3.075237
0.422968 0.403432 3.044048
0.440846 0.035859 -2.419712
-0.085339 0.109550 2.219967
0.279261 -0.319302 1.885428
-0.390843 0.497152 3.036123
-0.280359 0.081047 -3.128694
0.152630 -0.395796 2.857571
0.278501 -0.204737 2.880394
-0.135091 0.112607 -3.019382
-0.093415 0.009223 2.794392
-0.053584 0.411657 3.115828
-0.388965 0.180105 2.855881
-0.273574 -0.002739 2.517136
-0.344722 -0.154546 2.335135
0.292687 0.497840 2.483398
-0.066048 -0.330435 -3.136065
-0.374221 -0.486931 2.070858
-0.242661 0.197491 2.887389
-0.027899 0.327178 2.432297
0.476146 0.473457 1.842800
-0.249922 0.246506 2.711633
-0.408278 -0.277808 2.718021
0.465562 -0.329167 2.477351
-0.490969 0.343974 3.061404
-0.065966 0.108072 2.158026
-0.473886 -0.047922 1.778446
-0.345392 -0.300062 2.034203
-0.190269 -0.164869 3.076153
