-0.414896 0.429945 -4.657987
-0.421521 0.482819 -5.128727
-0.465729 -0.008893 3.995726
-0.369958 0.488319 -3.645673
-0.497206 -0.406146 8.826948
-0.430715 0.320328 3.987917
-0.477249 -0.374062 5.781463
-0.478898 -0.003797 3.830716
-0.450032 0.482954 10.576464
-0.457244 -0.016025 4.109065
-0.416505 0.411132 -4.891556
-0.445036 -0.002634 4.004623
-0.498163 -0.087852 5.992708
-0.412812 0.425682 -3.497471
-0.395571 0.440031 -3.825457
-0.486467 0.318284 -1.764249
-0.480632 -0.016793 4.722413
-0.499950 0.492700 6.802549
-0.373863 0.486272 9.768827
0.310906 0.308203 5.144601
-0.491743 -0.006003 3.927268
0.144540 0.259460 4.984177
-0.395693 0.497374 10.596553
-0.429289 0.451604 -4.066298
-0.487887 -0.421290 -4.154906
-0.008683 0.246278 2.788405
-0.464194 0.456422 6.051368
-0.498310 -0.055924 -4.233019
-0.461470 -0.214120 3.276533
-0.373211 0.484461 -3.514691
-0.412320 -0.035517 3.864170
-0.421646 -0.045907 4.127562
-0.484077 0.414379 -4.218707
-0.377730 0.496857 -3.696949
-0.370578 0.497357 9.975823
-0.431984 0.452198 -4.107525
-0.433946 -0.272139 4.207997
-0.362801 0.493340 -3.713138
-0.455568 0.493399 -4.949082
-0.446357 0.481752 10.772938
-0.441773 0.409725 -5.106339
-0.405972 0.494319 11.122645
-0.439150 0.456305 -4.198252
-0.464538 0.476487 -2.321138
-0.343539 0.481553 5.208005
-0.442290 0.475438 -5.823698
-0.493260 -0.327304 -1.260745
-0.442123 -0.024647 4.070487
-0.463231 0.483233 -1.951510
-0.451202 0.425457 -5.219804
-0.449446 -0.407260 4.442939
-0.496688 0.477336 7.825497
-0.383372 0.438830 -3.463215
-0.492262 -0.078741 7.906471
-0.361883 -0.046667 2.306718
-0.447400 0.487107 11.096686
-0.447731 0.455622 -4.622613
-0.498989 -0.013657 -0.322669
-0.451396 0.404182 -3.516888
-0.454019 0.428197 -4.780383
-0.384950 0.464375 -3.899066
-0.393035 0.451276 -3.737654
-0.458161 0.403096 -6.062182
-0.466724 0.498582 8.952111
-0.448445 -0.004061 4.549203
-0.498021 -0.072223 7.151745
-0.367975 0.475095 -3.830776
-0.467926 0.473335 -2.391402
-0.456383 -0.091175 -5.161438
-0.454559 0.489545 -4.885840
-0.405288 0.398576 -3.453227
-0.498954 -0.324498 1.377148
-0.465256 -0.212288 3.030181
-0.478258 0.484127 8.997756
-0.403317 0.442019 -3.480405
-0.480665 0.009832 3.175377
-0.391949 0.461382 -3.781645
-0.413997 0.425169 -5.321800
-0.488221 0.373393 -3.083647
-0.462547 0.486823 10.322510
-0.454888 -0.395173 4.431730
-0.399062 0.487065 -3.552777
0.325200 0.160815 1.086211
-0.456713 0.467899 -3.732000
-0.442034 0.329576 3.875128
-0.400623 0.458779 -3.405911
0.205512 0.151311 3.060942
0.273041 -0.037779 5.589406
-0.371820 0.474668 -3.698512
-0.434024 0.408714 -3.753816
-0.485183 -0.142640 -5.401909
-0.413349 -0.012753 3.514378
-0.499693 -0.005165 3.446640
-0.466097 -0.008657 4.089944
-0.431706 0.001203 4.035256
-0.449917 0.460671 -3.912132
-0.498119 -0.017520 4.026925
-0.422163 -0.058100 4.251037
-0.414409 0.430810 -3.495772
-0.399121 0.446390 -3.577396
-0.490741 -0.014272 3.872332
-0.490691 0.461744 -1.521992
-0.398916 0.472390 -4.014851
-0.394373 0.454805 -3.651710
-0.437550 -0.082956 4.812316
-0.468485 -0.090288 4.972657
-0.438962 0.453386 -4.079816
-0.199586 0.091243 -6.186644
-0.379586 0.409327 -3.584626
-0.487834 0.472384 7.714355
-0.484095 -0.493976 5.890391
-0.428232 0.444460 -3.628215
-0.450723 -0.440172 -3.881814
-0.472139 0.010375 4.173726
-0.468642 -0.434423 5.846045
-0.473904 -0.283912 4.675457
-0.492225 -0.025670 4.398323
-0.499719 -0.026809 3.813160
-0.468910 -0.011078 3.993158
-0.444026 0.453174 -4.526759
-0.376969 0.496317 10.087296
-0.449661 -0.011158 4.057968
-0.392075 0.480475 -4.361847
-0.497926 -0.411727 8.902724
-0.413183 0.487683 -5.291666
-0.157463 0.497310 1.171372
-0.450815 0.491523 -3.087727
-0.466633 0.014412 3.358216
-0.492198 -0.434703 5.791364
0.037073 0.030690 3.716719
-0.421624 0.447375 -3.981200
-0.407751 0.478418 -4.891103
-0.425051 0.492869 -3.816383
-0.359256 0.498652 -3.875555
-0.377646 0.496459 9.572044
-0.496378 -0.082044 7.310956
-0.427727 -0.021007 3.520970
-0.372726 0.473031 -3.551165
-0.460629 0.458267 -3.855914
-0.471682 0.489826 -4.542690
-0.478204 -0.322435 3.934673
-0.434981 -0.067095 5.742432
-0.432266 0.002715 3.505102
-0.462686 0.473256 9.451688
-0.477111 0.477717 8.203149
-0.456105 -0.317519 4.503685
-0.379112 0.492443 10.222709
-0.469874 0.486587 9.153573
-0.472913 -0.241424 4.637522
-0.432799 -0.001990 4.057850
-0.376692 0.491019 9.951070
-0.415941 -0.073478 4.113072
-0.446763 0.425530 -3.964894
-0.436650 -0.092130 4.561595
-0.445216 0.499408 -4.871272
-0.379834 0.436507 -3.514875
-0.154713 -0.173848 2.763432
-0.489075 -0.123467 5.375231
-0.453570 0.344272 0.909045
0.066657 -0.191242 3.250282
-0.442436 0.307270 0.646114
-0.355997 0.493534 -4.047661
-0.406030 0.401081 -3.390839
-0.482179 -0.005674 4.144705
-0.471150 0.467119 -2.073835
-0.492594 -0.013027 3.910077
-0.479697 -0.378482 -5.723345
-0.406536 0.393462 -3.166239
-0.421899 0.469497 -4.787595
-0.465249 -0.433532 -2.462115
-0.448540 -0.273253 4.637706
-0.459307 0.436425 -4.948888
-0.420835 0.435077 -3.326121
-0.469899 0.396232 -3.454981
-0.430382 0.447586 -3.431463
-0.475562 -0.145553 6.134333
-0.460926 0.408488 -3.882637
-0.481512 -0.050799 3.971282
-0.467724 0.473545 9.231708
-0.450382 0.454356 -4.814432
-0.459854 0.006167 3.505347
-0.481960 0.458165 -3.153557
-0.388722 0.463422 -3.493614
-0.479691 0.482605 8.633237
-0.474911 -0.045290 3.782197
-0.440322 -0.015481 4.124268
0.048086 -0.014576 3.470436
-0.445591 0.294003 4.573292
-0.426029 -0.047453 4.113151
-0.436222 -0.072437 -3.936447
-0.456212 0.498764 9.089423
-0.442931 0.413293 -4.748255
-0.488149 -0.417540 -4.065752
0.258594 0.127522 5.393361
-0.497388 -0.063475 -3.803025
-0.355081 0.489739 10.112583
-0.390072 0.466557 -3.664541
-0.417017 0.494199 -5.184368
-0.311280 0.496785 3.674110
-0.401255 0.464404 -3.376064
-0.480525 0.469535 6.225189
-0.443427 -0.314525 4.380241
-0.477028 0.414056 -4.179032
-0.403457 0.487098 10.356940
-0.438535 0.457307 -5.011472
-0.474749 -0.132674 -5.262780
-0.477163 -0.099584 -2.670791
-0.439842 0.334351 5.243215
-0.494415 -0.416483 -4.583744
-0.420739 0.448688 -3.364193
-0.487170 -0.211745 4.168450
-0.424950 0.449200 -4.034174
-0.411427 0.446030 -4.970891
-0.497962 -0.231792 -5.643658
-0.392583 0.453985 -4.991550
-0.498319 -0.118473 8.347352
-0.475998 0.461836 -4.418320
-0.479767 0.457050 -1.910718
-0.492019 -0.246926 5.365780
-0.443385 0.002855 4.052466
-0.419174 0.474506 -4.782025
-0.446161 0.422018 -2.999940
-0.474673 -0.003120 4.032348
-0.401715 0.488180 10.507286
-0.496167 0.487883 0.363241
-0.413714 0.445688 -3.130525
-0.415961 0.447497 -3.083345
-0.459990 -0.168536 2.962312
-0.443730 0.013103 3.544837
-0.455826 0.402289 5.671335
-0.473747 0.365503 -3.840638
-0.457958 0.479533 11.000121
-0.465870 -0.076924 4.334755
-0.405180 0.465166 -3.641896
-0.437384 0.481633 11.565920
-0.429069 0.449381 -3.623983
-0.402864 0.413632 -3.403374
-0.405086 0.479969 -4.976986
-0.459425 -0.000649 4.140968
-0.405845 0.456375 -3.344560
-0.476443 -0.006585 4.163481
-0.447876 0.443134 -5.044061
-0.485348 0.479692 -4.956536
-0.477582 -0.235318 4.821634
-0.456987 0.308203 0.905108
-0.453036 0.490986 -3.741904
0.183084 -0.381690 5.239248
-0.444034 0.477938 11.140826
-0.442705 0.478666 -5.050854
-0.485985 -0.045196 3.565322
-0.260146 -0.120370 -4.483331
-0.491586 -0.397060 -5.456085
-0.461349 0.364927 -2.654915
-0.473974 -0.031199 3.478871
-0.368452 0.473461 -3.703609
-0.496106 0.474704 1.603726
-0.481981 -0.282240 4.516317
-0.440005 0.452750 -4.278403
-0.495740 -0.034348 3.613650
-0.437443 0.447907 -4.121036
-0.459023 0.397444 -3.749522
-0.458572 0.497478 9.309413
-0.373767 0.495772 10.119778
-0.446039 0.475982 10.119332
-0.486987 -0.226330 -4.708795
-0.489543 -0.069093 -3.754650
-0.439453 0.007586 3.934153
-0.449146 0.483726 -3.685276
-0.497307 0.448200 -4.807749
-0.411069 0.434418 -3.373419
-0.393629 0.454371 -5.221693
-0.465690 0.448324 -4.541941
-0.489535 -0.021634 -0.605679
-0.401619 -0.190393 3.068767
-0.381594 0.493810 10.054684
-0.498842 0.479696 7.596292
-0.491641 0.482734 8.199252
-0.439814 -0.094680 5.746709
0.168419 -0.466311 5.292844
-0.437322 0.393867 -3.343199
-0.441758 0.420811 -2.891535
-0.459675 0.489868 9.049777
-0.411978 0.464663 -4.845472
-0.453018 -0.140137 4.678303
-0.486321 -0.018527 4.097542
-0.439538 0.476771 -3.627948
-0.434509 0.457749 -5.076208
-0.457807 0.493227 10.898627
-0.424529 0.417842 -5.562669
-0.408141 0.472993 10.719072
-0.396501 0.459735 -5.179986
-0.376781 0.498629 -3.795948
-0.411671 -0.177940 2.380564
-0.487094 0.472175 -3.395382
-0.432285 0.495250 11.209285
-0.479609 0.492761 -4.594482
-0.480659 0.465943 -6.083473
-0.429028 0.478210 -5.265452
-0.477481 0.492780 7.641490
-0.428949 -0.002572 4.132991
-0.484800 0.467148 -1.959456
-0.231548 0.470267 4.955862
-0.456442 -0.275850 4.272321
-0.488211 0.320220 -1.479939
-0.454806 -0.482957 12.292636
-0.377793 0.470616 -4.010924
-0.487298 -0.002356 3.799286
-0.432800 0.466532 -5.246235
-0.371117 0.477046 -3.886156
-0.456923 0.496815 8.978558
-0.486971 0.446791 5.991987
-0.459929 0.457541 -4.319111
-0.390946 0.491859 -4.272191
0.066253 -0.018755 4.101285
-0.461586 0.485777 -5.275137
-0.441610 -0.094859 -5.001208
-0.479639 -0.455245 -2.281889
-0.449711 0.495266 -2.995414
-0.412425 0.444696 -3.538495
-0.438484 0.424047 -5.092618
-0.466282 0.484016 -1.388485
-0.426786 0.490826 -5.095491
-0.432372 0.426135 -3.947053
-0.488540 -0.020434 -0.519039
-0.423389 0.391886 -3.097972
-0.470577 0.479456 -1.273848
-0.402946 0.468460 -3.317550
-0.486865 0.007202 3.447671
-0.458724 0.002465 4.381607
0.207817 0.092555 5.500966
-0.409525 0.454634 -4.668084
-0.492092 0.467763 -1.758980
-0.490090 0.478961 8.437484
-0.436866 0.488966 11.419053
-0.438103 0.452173 -4.963571
-0.459596 0.464528 -4.462708
-0.441167 -0.432156 -5.827780
-0.444474 -0.083317 4.373850
-0.496343 0.458904 4.467455
-0.481216 -0.007169 4.007414
-0.176955 -0.356401 -4.772933
-0.489882 -0.472891 12.367967
-0.498782 -0.389788 -2.633533
-0.454223 -0.086212 4.213606
-0.462724 0.001890 3.804411
-0.443794 0.303199 1.055819
-0.407909 0.467941 -3.594935
-0.442838 -0.061798 -5.876408
-0.380689 0.493819 -3.666344
-0.475420 -0.022059 3.206757
-0.483999 -0.015694 4.202755
-0.164153 -0.145549 2.643348
-0.499089 0.484130 7.716791
-0.406196 0.451437 -5.358556
-0.359748 0.480455 -4.077960
-0.425139 0.472396 -4.225439
-0.359166 0.484738 -3.789043
-0.187478 0.490019 4.957769
-0.202121 -0.133629 2.860721
-0.435960 0.391575 -3.344798
-0.459578 0.475004 10.826954
-0.402958 0.469803 -3.654064
-0.397571 0.418443 -3.630853
-0.369342 0.497135 -3.616817
-0.381727 0.461010 -3.647214
-0.437342 -0.285280 4.408974
-0.462158 -0.436446 -3.407903
-0.440225 -0.012931 4.075376
-0.497632 0.472194 -4.150415
-0.403766 0.433327 -4.566901
-0.426303 0.444890 -4.356717
-0.490766 -0.081282 7.763593
-0.428174 -0.009368 3.889559
-0.457959 0.430208 -5.013226
-0.394781 0.463080 -3.643405
-0.473253 0.494060 10.807938
-0.465889 -0.389722 -6.278219
-0.437574 0.454810 -4.323771
-0.402160 0.440514 -3.280999
-0.475691 -0.016545 4.058932
-0.421882 0.447790 -3.873212
-0.407090 0.455170 -4.872637
-0.484165 0.473804 7.590128
-0.458364 0.469647 -3.815359
-0.426905 0.443940 -3.160456
-0.480181 0.483499 8.667561
-0.434045 0.398152 -3.605169
-0.175055 0.473711 1.141020
-0.497048 -0.055217 -0.931136
-0.449409 0.488766 -4.775477
-0.462865 -0.014092 4.111955
-0.401420 -0.448195 -3.548947
-0.372372 0.494574 9.742482
-0.472960 -0.323547 3.193892
-0.486252 -0.436611 -2.744304
-0.474141 -0.259530 5.063713
-0.474851 0.480331 10.678620
-0.469382 0.455699 -4.255817
-0.441497 0.463453 -4.667807
-0.479094 0.479542 8.201661
