0.446260 -0.011939 2.507633
-0.431148 -0.238258 2.026536
-0.480296 -0.497252 -5.263034
-0.474454 -0.387290 7.186191
-0.434011 0.441583 -3.125895
-0.417911 0.430223 -3.084914
-0.474071 0.096786 -3.815868
-0.428850 0.371461 -3.015888
-0.495639 0.103835 7.028177
-0.466473 -0.405936 -3.806008
-0.488031 -0.387705 -4.788426
-0.471906 -0.239435 5.557511
-0.311006 0.137038 1.013995
-0.486388 0.421503 -3.794971
-0.486104 -0.101849 2.000026
0.426659 -0.071815 2.743114
-0.438955 -0.063920 2.543954
-0.498207 0.160065 -2.827857
-0.457354 0.428975 -2.678014
-0.474621 -0.263742 -5.789907
-0.493320 0.118700 6.406816
-0.474557 -0.378902 8.710304
-0.473479 -0.391960 6.614745
-0.327923 0.140393 1.287335
-0.405284 0.431934 -2.081020
-0.424968 -0.429022 2.493736
-0.430824 0.127978 6.249825
-0.499930 0.107395 -3.137578
-0.466999 -0.299946 2.834961
-0.488318 0.126931 6.277356
-0.489999 -0.493865 0.277412
-0.498574 -0.280472 -5.851863
-0.493284 -0.211284 -5.352968
-0.497115 -0.285196 -5.460379
-0.464842 0.387353 -4.017241
-0.428976 0.146865 -3.179016
-0.443164 0.434999 -3.213567
-0.454858 -0.082653 1.881603
-0.312781 0.143815 1.113693
-0.448490 0.359306 -4.544158
-0.402927 -0.417002 3.101235
-0.499987 0.407099 -4.231765
-0.485764 0.121516 6.345020
-0.466270 -0.363558 6.250805
-0.474260 -0.397553 3.855919
-0.477060 0.449603 -2.951898
-0.487309 0.164888 -2.639149
-0.488495 -0.349837 -2.156131
-0.370377 0.148882 1.504197
-0.477431 -0.231334 -5.811023
-0.445104 -0.100650 1.509236
-0.447161 -0.480370 5.877791
-0.456943 -0.416737 2.909227
-0.476963 0.091066 7.038913
-0.462696 -0.226423 5.348862
-0.490998 0.301039 8.368646
-0.437114 0.444550 -3.414864
-0.496359 0.403996 -3.783734
-0.479500 -0.115592 1.072330
-0.309350 0.154179 0.982824
-0.481422 0.118294 -3.257660
-0.499968 -0.283066 8.752496
-0.307390 0.151438 1.115590
-0.440977 -0.092673 2.171778
0.215850 -0.227987 -1.930176
-0.404048 0.124846 0.875040
-0.377252 0.396366 -2.801278
-0.426160 -0.499905 -0.821969
-0.450827 0.431068 -3.504116
0.301747 0.082885 2.370022
-0.411548 0.405470 -2.484463
-0.462063 0.407704 -3.171501
-0.308286 0.149318 1.110430
-0.337709 0.137124 1.396368
-0.308119 0.148591 0.893037
-0.450401 -0.418696 5.181958
-0.331221 0.177370 1.045824
-0.410057 0.153554 -5.096864
-0.470042 0.415427 -2.484511
-0.447177 -0.084512 1.617736
-0.494935 0.454333 5.633256
-0.459767 -0.087299 1.973431
-0.435850 -0.307787 2.577485
-0.277099 -0.495628 3.249267
-0.314915 0.185522 1.182016
-0.454461 -0.051945 3.618564
-0.467408 -0.398683 -5.289258
-0.444087 0.444973 -3.179822
-0.476331 0.145854 -2.488059
-0.454086 0.125984 -4.203576
-0.497417 -0.286966 8.540733
-0.461348 0.384355 -3.823471
-0.490216 -0.207782 9.099254
-0.400397 0.440063 -2.432593
0.220806 -0.231071 -1.775636
-0.414035 0.176037 3.904227
-0.492781 0.394289 -4.080088
-0.472594 0.105475 -4.212327
-0.418198 0.416510 -2.105999
-0.408258 0.128307 1.204875
-0.332222 -0.389443 6.124661
-0.429965 -0.237888 1.657138
-0.494177 -0.215202 -6.254207
-0.459143 -0.375242 6.085583
-0.474028 0.310235 2.687842
-0.418000 0.151259 -4.262082
-0.485390 0.086923 -3.616585
-0.481594 0.338982 8.116249
-0.450114 -0.177766 1.497940
-0.451531 -0.461127 2.974621
-0.428736 -0.493152 7.223874
-0.494529 0.442589 -1.756301
-0.463680 0.090883 -3.825518
0.219237 -0.176076 -1.333217
-0.348678 0.200503 1.216774
-0.431894 -0.398908 4.123877
-0.479687 0.418053 -2.473885
-0.390692 0.387587 -2.319760
-0.476784 0.452767 -2.953820
-0.466476 0.417434 -2.616339
-0.382948 0.177944 3.317966
-0.302329 0.155347 1.090863
-0.496124 -0.362215 -2.869537
-0.445238 0.419669 -3.673105
-0.490294 -0.284911 -5.695294
-0.499639 0.395238 6.447588
-0.493698 0.069324 -5.470777
-0.494143 -0.184988 -5.833674
-0.430295 0.469694 -2.651119
-0.497535 0.414810 6.866652
-0.442571 -0.193469 3.369883
-0.427763 -0.095965 2.034486
-0.391405 -0.427679 2.705343
-0.385346 0.131355 3.357025
-0.498051 -0.397944 -5.240157
-0.451996 0.457278 -2.459510
-0.366936 0.157211 1.806931
-0.495835 0.399454 7.285622
-0.468406 0.388712 -3.477159
-0.468606 0.422276 -2.552647
-0.435854 -0.076240 5.232393
-0.454194 -0.085850 3.344091
-0.342442 0.185377 1.613127
-0.448426 -0.084102 2.168760
-0.450003 0.451766 -2.686292
-0.440336 0.415313 -2.745066
-0.490407 0.402239 7.407711
-0.387833 0.382347 -2.418588
-0.475265 0.441784 -3.131868
-0.417456 0.143373 2.311667
-0.479281 -0.097776 1.383552
-0.478345 0.410125 -4.407741
-0.435118 -0.053267 3.539816
-0.337748 0.160209 1.293371
-0.214893 -0.122320 -4.243559
-0.491966 0.092895 6.531568
-0.468219 -0.059687 2.897603
-0.477250 -0.411917 -4.065308
-0.464245 0.413085 -3.865316
-0.467307 0.448847 -2.399940
-0.452152 -0.066236 3.004119
-0.405128 0.417379 -3.085180
-0.363274 0.164761 1.239604
-0.475460 0.410603 -3.883270
-0.370973 0.183733 5.196101
-0.463111 0.095360 -4.307901
-0.478749 -0.332259 -2.853108
-0.359889 0.167298 1.939508
-0.459428 -0.048452 3.524611
-0.481174 0.174501 -1.517839
-0.488839 -0.209987 -5.469743
-0.422951 -0.086115 -4.547738
-0.478129 0.438228 -2.425564
-0.441636 0.477914 -2.492817
-0.314264 0.168833 1.426219
-0.480967 0.117937 -3.201120
-0.427361 -0.246445 1.986805
-0.489817 -0.080913 5.011629
-0.490543 -0.102249 1.545064
-0.462828 -0.052049 3.004017
-0.473362 0.413591 -4.096276
-0.248957 -0.484579 3.061011
-0.457893 -0.072648 1.903876
-0.498887 0.090755 6.606141
-0.492856 0.094083 6.600068
-0.499760 0.112121 6.709967
-0.494972 0.113436 -3.519796
-0.479453 -0.278159 -5.686333
-0.459199 -0.076421 4.190349
-0.434797 -0.198047 1.659688
-0.429846 0.171792 -5.382269
-0.440525 0.441004 -2.305161
-0.448143 0.417427 -2.733905
-0.312858 0.156132 1.255721
-0.314355 0.180433 1.114738
-0.468546 0.408179 -3.726080
-0.498122 -0.397124 -4.680346
-0.482334 -0.099324 1.511757
-0.492126 -0.216238 6.158729
-0.488466 0.120457 6.143897
-0.436884 0.450460 -2.538967
-0.486862 0.118603 -4.571352
-0.470972 -0.065135 5.139504
-0.491269 -0.228970 -5.060321
-0.369631 0.382248 -2.276302
-0.430985 0.498973 -2.429238
-0.442448 0.416665 -2.701653
-0.396533 0.152094 1.980813
-0.418067 0.456199 -2.478936
-0.356507 0.182626 1.933089
-0.443131 -0.426357 2.967606
-0.398009 0.369875 -3.174658
-0.420422 -0.444687 2.741598
-0.423757 0.438375 -2.625791
-0.445485 0.430361 -3.953519
-0.459340 0.113317 -4.347683
-0.471474 -0.392744 -5.479876
-0.476982 -0.256686 2.591783
-0.442417 0.424661 -2.523942
-0.459878 -0.271416 2.118437
-0.461204 -0.444920 3.731603
0.231138 0.000643 2.865170
-0.461083 0.089595 2.644446
-0.448244 -0.226031 3.644416
-0.432613 -0.200794 1.579759
-0.485578 -0.262174 -5.278338
-0.433884 -0.115886 2.306796
-0.339074 0.186185 1.547972
-0.345354 0.144721 1.348809
-0.426054 0.395161 -2.581664
-0.304585 0.177220 1.228929
-0.439867 0.118974 -6.048156
-0.408818 0.125718 1.142778
-0.475961 -0.411724 5.798800
-0.475825 -0.078585 1.964469
-0.498684 -0.057428 -0.149722
-0.472051 0.239381 2.821046
-0.375769 0.134994 1.159319
-0.495647 0.349821 8.466099
-0.453730 -0.454556 3.211250
-0.433017 -0.073631 1.823172
-0.372504 0.368269 -2.291037
-0.492391 -0.202280 5.795055
-0.401257 0.144436 1.282383
-0.428682 0.064118 2.420328
-0.465194 -0.079904 1.968157
-0.492801 -0.245321 -5.357202
-0.447293 0.405426 -4.195330
-0.490052 -0.298792 -3.035921
-0.479167 -0.201162 6.212349
-0.482543 -0.384869 4.832861
-0.450460 -0.095446 2.048587
-0.498945 -0.188855 1.414583
-0.432401 -0.460921 3.978530
-0.430659 0.427638 -2.378684
-0.479610 0.398323 -3.887127
-0.481279 -0.399439 5.284197
-0.434473 0.149954 -4.108083
-0.315829 0.183700 1.286975
-0.482440 0.399087 7.239413
-0.304503 0.164669 1.032356
-0.438203 0.412621 -2.449135
-0.496184 -0.250316 -5.230618
-0.458691 0.114217 -4.140032
-0.412277 0.431730 -2.023677
-0.493563 -0.420371 -4.690705
-0.416718 0.165631 4.735217
-0.496045 -0.381375 4.316986
-0.481417 -0.261474 -5.513371
0.290879 0.129905 1.519295
-0.436055 0.436784 -2.517725
-0.485625 -0.373847 -4.259605
-0.444993 -0.382813 -5.726561
-0.467260 -0.389877 5.282957
-0.440377 -0.399265 5.833371
-0.481079 0.427821 5.933442
-0.421840 0.436271 -3.161213
-0.435018 0.434091 -2.336254
-0.499697 0.440619 -3.539942
-0.441151 -0.453173 4.910183
-0.467556 0.440890 -3.187678
0.266961 -0.012680 3.056054
-0.453349 0.422876 -2.805002
-0.460987 0.466244 -2.806031
-0.482582 0.415155 -4.051665
-0.425885 -0.223496 1.820050
-0.430877 -0.226223 1.725448
-0.478845 0.109465 -3.578490
-0.474395 0.434947 -2.384671
-0.479201 -0.341567 2.712744
-0.467263 0.082702 -5.722601
-0.429980 0.426696 -2.572170
-0.483850 -0.227595 5.525122
-0.407241 0.100983 1.005222
-0.484527 -0.260688 -4.711995
-0.431098 -0.418814 4.312884
-0.472830 0.393912 7.247309
-0.476658 -0.072164 5.450226
-0.485482 -0.390290 5.547072
-0.445597 0.414819 -3.019883
-0.477803 0.386220 7.302941
-0.449017 -0.227047 3.383543
0.018844 -0.440132 -0.527692
-0.457622 -0.395260 -5.108482
-0.420559 0.480970 -2.226949
-0.434882 0.083058 0.712684
-0.494837 0.118561 -3.756171
-0.436694 -0.065944 3.151472
-0.495542 0.402639 -4.009749
-0.466961 0.062514 -5.951344
-0.437072 0.451645 -2.231741
-0.462798 0.077613 -4.597997
-0.460191 -0.371032 3.470927
-0.489530 -0.381464 4.887781
-0.463231 -0.091656 1.602538
-0.414662 0.127838 5.695052
-0.454936 -0.121774 1.983667
-0.486397 0.414193 7.141408
-0.451193 0.426218 -3.746868
0.279355 0.009027 2.782274
-0.421337 0.406615 -2.468298
-0.409085 0.154398 1.676992
-0.477910 0.122048 -3.360774
-0.425353 0.156138 -3.468376
-0.456923 0.125824 -3.579031
-0.484111 -0.272006 -5.692885
-0.463649 0.455982 -2.602528
-0.498267 -0.267913 -5.451314
-0.399416 0.203479 2.793703
-0.484881 0.080941 -3.597599
-0.466895 0.127061 -3.048270
-0.436712 -0.092560 2.087632
-0.487396 0.406089 7.141379
-0.469893 -0.299733 3.992696
-0.407167 0.125256 1.126543
-0.498990 -0.108572 1.929236
-0.447322 -0.418336 3.033368
-0.489830 -0.342895 -2.333882
0.416119 0.217547 -5.485704
-0.394452 0.384012 -3.150674
-0.443968 0.081527 4.596515
-0.357953 0.131224 1.517851
-0.499367 -0.249357 8.618848
0.253754 0.024961 3.086532
-0.469957 -0.432689 6.271535
-0.497977 -0.383597 -6.086823
-0.490646 0.394192 7.231725
-0.473974 0.402037 7.294758
-0.409031 0.140164 1.150878
-0.405516 0.132792 1.125442
-0.455236 -0.314297 5.335816
0.236318 0.019912 3.019867
-0.453443 -0.202472 4.784299
0.329401 -0.414389 -1.518152
-0.448486 -0.216683 1.644190
-0.419986 0.221851 4.238769
-0.482020 0.096554 6.588093
-0.479075 0.395000 7.190934
-0.446681 -0.082540 1.895621
-0.494294 0.342444 8.399887
-0.305809 0.156548 1.108744
-0.480575 -0.116527 1.117556
-0.494041 -0.334289 5.542350
-0.457534 -0.294156 5.830494
-0.438122 -0.483462 -3.180104
-0.438364 -0.193469 1.403107
-0.472899 -0.108121 1.855925
-0.485684 -0.169406 -4.744761
-0.486885 0.414978 -2.819329
-0.349823 0.145462 1.289704
-0.461886 0.449351 -2.399085
0.247218 0.006230 2.934109
-0.359379 0.170551 1.863402
-0.461607 0.107319 -4.377690
-0.475305 0.395118 6.975129
-0.484311 0.390120 7.089146
-0.498032 -0.196638 -2.921488
-0.477442 -0.298369 5.402040
-0.450896 0.431572 -2.425556
-0.448496 0.395768 -3.064064
-0.477080 0.442973 -2.326146
-0.468549 -0.314966 6.005647
0.469654 -0.020271 2.272237
-0.416305 0.114633 1.510371
-0.385207 0.108943 1.462733
-0.433486 0.399430 -4.344383
-0.485228 0.429124 -4.089363
-0.477193 -0.348259 2.764320
-0.382442 0.175855 2.592979
-0.492726 0.429624 6.852048
-0.478913 0.460602 -1.842758
-0.355104 0.192703 3.916251
-0.454108 0.379801 -3.963491
-0.387332 0.163414 -6.041703
-0.466959 -0.235899 4.944609
-0.499901 0.110969 6.334728
-0.403514 0.157272 -5.703746
-0.451450 0.429671 -2.634852
-0.498658 -0.080472 1.850400
0.237749 0.027678 3.085312
