0.338403 0.228698 1.563313
-0.449473 0.125880 -1.616951
0.386592 0.227977 1.399072
0.368888 0.217364 1.663762
-0.482772 0.099964 -1.583708
0.361723 0.232493 1.813478
-0.489591 0.087217 -1.344273
0.356824 0.222636 1.582589
-0.477782 0.162741 -0.968343
0.401856 0.082758 1.107221
-0.408608 0.095272 -0.810960
0.372741 0.210420 1.882085
-0.364809 0.068644 -0.497836
0.336048 0.222332 1.956629
0.394734 -0.412655 3.007762
0.395649 -0.418410 -2.962973
-0.477437 0.229777 -0.043157
-0.435094 0.492616 2.790350
-0.461245 0.470154 -3.083864
-0.470880 0.473523 3.087971
0.402792 0.222410 1.534558
0.400963 0.225299 1.727536
-0.493694 0.264434 0.763898
-0.473106 0.123749 -1.843467
-0.448300 0.459735 1.429399
-0.377053 0.278723 0.771320
-0.487420 0.158345 -1.759556
0.405580 -0.394067 -3.112241
0.409432 -0.322789 2.918233
0.386925 0.224979 1.426876
-0.367403 0.107152 -0.760868
0.370815 0.221119 1.492289
-0.495358 0.118417 -1.459769
0.384109 -0.458410 -3.007832
-0.496808 0.478242 0.591425
-0.373628 0.092477 -0.585716
-0.454923 0.050331 -1.534714
-0.465475 0.136053 -1.789066
-0.368714 0.096436 -0.737643
0.402163 -0.341086 3.130032
-0.374264 0.108081 -0.823298
-0.442456 0.099012 -1.558951
-0.355753 0.117457 -0.727858
0.429027 0.153203 1.662471
0.343529 0.219794 1.400499
-0.476462 0.087766 -1.786700
-0.489775 0.075917 -1.821856
-0.372181 0.081842 -0.611737
0.406751 -0.391192 3.038714
0.408000 -0.336539 2.991801
0.404574 -0.363388 3.087680
-0.488435 0.089834 -1.784359
-0.389777 0.283314 0.692221
-0.361935 0.070867 -0.430731
-0.372749 0.076292 -0.829400
-0.359068 0.117732 -0.553004
0.397891 0.058221 0.798239
-0.475731 -0.005133 -1.784229
-0.362823 0.098481 -0.284461
-0.494147 0.021896 -1.772653
-0.468316 0.056217 -1.419568
0.339663 0.216042 1.661380
-0.377818 0.099083 -0.654520
-0.468794 0.085690 -1.377522
0.415878 0.227868 1.758451
-0.471661 0.454138 1.211060
-0.383176 0.089138 -0.481673
0.371550 0.220557 1.648376
0.396038 0.121190 0.986762
-0.375377 0.063020 -0.718212
-0.488730 0.116773 -1.332180
0.382536 0.232428 1.752865
0.403846 -0.358922 3.045383
0.448563 0.166818 1.817897
-0.371191 0.105301 -0.737341
-0.376215 0.094417 -0.272736
0.391076 -0.378167 3.023555
-0.382942 0.071602 -0.575332
0.323618 0.215941 1.580550
-0.395243 0.105054 -0.616401
0.391293 -0.328123 3.134926
0.382521 0.221620 1.501046
-0.494964 0.115130 -1.746547
0.387386 -0.423051 3.100610
0.397671 -0.414549 -3.125434
0.353755 0.221143 1.865125
0.396111 -0.438215 -3.004048
-0.492616 0.198279 -0.734901
-0.494222 0.088916 -1.438503
0.346352 0.224021 1.659236
-0.484615 0.272820 0.704933
-0.494478 0.192449 -1.103795
-0.438647 0.275998 1.195696
-0.487817 0.460426 1.493263
0.389768 -0.449042 2.855191
0.412656 0.172511 1.615586
-0.369088 0.106957 -0.466412
-0.489253 0.222332 -0.785651
0.457098 0.093005 1.376288
-0.463310 -0.004970 -1.665581
-0.370307 0.088284 -0.342603
-0.365529 0.087080 -0.476086
-0.468090 0.095198 -1.516692
-0.432417 -0.015833 -1.770101
0.407083 -0.335072 -3.108843
0.369722 0.222928 1.379525
0.416968 0.165673 1.778357
-0.451544 0.137660 -1.781106
-0.463980 0.489293 2.917152
0.419140 -0.201956 2.301786
-0.379028 0.080763 -0.565947
0.461531 -0.462462 -0.764300
0.435777 0.215779 1.803207
-0.485382 -0.010562 -1.728105
0.391936 -0.351970 2.939955
0.480534 -0.364848 3.036728
-0.372846 0.083369 -0.698232
-0.490742 0.073251 -1.547765
0.483886 -0.293248 2.593235
-0.178380 0.188622 -1.057246
0.402031 -0.411172 -3.131884
-0.481344 0.476575 2.957711
-0.492412 0.204586 -1.117431
0.392410 -0.354928 2.846932
0.474562 -0.327069 2.682185
-0.470961 0.091228 -1.850342
0.386737 -0.397015 3.102098
0.418180 0.214928 1.542475
-0.487181 0.082482 -1.551302
-0.414313 0.451551 2.954787
-0.459087 0.204827 -2.313102
-0.460033 0.057827 -1.502886
0.390979 0.227974 1.570303
-0.358273 0.117640 -0.457976
-0.493255 0.210407 -0.690178
-0.488665 0.130154 -1.808329
0.402788 -0.393148 2.900391
0.371508 0.223568 2.015929
0.438875 0.168285 1.789185
-0.463664 0.093818 -1.379398
-0.462583 0.091190 -1.806338
-0.475131 0.101307 -1.425199
0.495596 -0.302035 2.346452
-0.461955 0.088971 -1.361341
-0.373577 0.072500 -0.640972
0.361163 0.219844 1.751452
0.051654 0.376678 1.065913
0.470516 -0.469760 3.062448
0.397981 -0.375477 -3.042731
-0.472434 0.106000 -1.804850
0.394628 -0.413150 -3.051295
-0.443684 0.121670 -1.502064
-0.471424 0.067499 -1.518816
0.393215 0.094549 0.944145
0.393536 -0.377452 3.077604
-0.486711 0.082365 -1.719335
0.401073 0.209181 1.634475
-0.480119 0.097952 -1.660540
-0.486394 -0.000601 -1.563677
-0.381030 0.088435 -0.645202
0.356503 0.223143 1.479173
-0.461681 0.097330 -1.470754
-0.393004 0.100638 -0.524324
-0.433626 0.472931 3.032010
0.347230 0.204317 1.566913
-0.437089 0.485942 3.107576
0.405226 -0.468211 -2.997719
0.443232 -0.128679 1.333290
-0.485183 -0.017164 -1.621444
-0.494683 0.014481 -1.370374
0.411760 0.232436 1.549822
0.417847 0.231624 1.786120
-0.482502 0.298517 0.132059
-0.489874 0.242269 2.544781
0.408716 -0.343653 2.666472
-0.428546 0.467906 2.882218
0.399176 -0.358157 3.016930
0.401874 -0.377656 3.091295
-0.373749 0.271623 1.031736
0.339606 0.217163 1.368570
-0.384112 0.091869 -0.367111
0.491709 -0.201126 0.795679
-0.445998 0.469901 -2.870215
0.347934 0.214821 1.552358
0.402102 -0.327640 -3.025947
0.330667 0.228319 1.486947
-0.495668 0.051871 -1.452882
0.332531 0.227068 1.505397
-0.365285 0.113571 -0.762753
-0.477738 0.098764 -1.772133
0.401449 -0.317496 3.074226
0.385185 0.214719 1.708366
-0.486761 0.005396 -1.817146
0.440908 0.176877 1.646925
-0.486714 0.150905 -1.079806
0.390287 -0.406846 -3.044827
0.417252 0.193318 1.760787
-0.378124 0.060972 -0.202513
-0.473443 0.116632 -1.621522
-0.476744 0.472060 3.038584
-0.372179 0.084151 -0.633498
0.398731 0.234573 1.807443
-0.469735 0.018332 -1.426580
0.390056 0.192774 1.855029
0.401169 -0.384169 3.097933
-0.485353 0.085315 -1.669403
-0.371665 0.100958 -0.732911
-0.376036 0.089400 -0.573682
0.366493 0.233379 1.408863
-0.471767 0.086367 -1.548784
-0.489488 0.085849 -1.292430
-0.470986 0.441439 1.343683
-0.478593 0.191394 -0.968208
-0.380460 0.083283 -0.272331
-0.378792 0.084752 -0.544892
-0.388035 0.095284 -0.563856
0.406843 0.206637 1.392009
0.406286 -0.362723 2.985211
-0.498241 0.490783 -3.067166
-0.368909 0.088320 -0.507380
0.339201 0.214380 1.778947
-0.361870 0.277661 0.792435
-0.368281 0.050052 -0.537204
-0.442336 0.209936 -2.972809
0.389662 0.108746 1.007323
-0.392130 0.098027 -0.329986
0.392210 -0.442850 -3.061896
0.389536 -0.414793 -3.014683
0.499117 -0.305214 2.789085
-0.477510 0.084869 -1.493461
-0.460817 0.258076 2.578282
-0.382233 0.099208 -0.377406
-0.374149 0.095983 -0.735876
0.356279 0.174336 1.682688
0.374240 0.219611 1.594519
-0.366944 0.085006 -0.551380
-0.468084 0.093579 -1.553691
-0.370309 0.077267 -0.431917
0.476040 -0.340646 2.620482
0.367607 0.227052 1.876663
0.435455 0.145978 1.618254
0.405624 -0.337929 3.116247
0.330127 0.231707 1.692129
0.441343 -0.287817 1.013881
-0.394769 0.095267 -0.640949
-0.468113 0.092472 -1.397599
0.343192 0.180950 1.671842
0.363958 0.218452 1.964218
0.372213 0.234820 1.600936
0.397165 -0.383901 3.108170
0.487107 -0.379485 3.090206
0.430054 -0.177616 2.152379
0.343512 0.217360 1.601214
-0.366005 0.102832 -0.816376
0.315083 0.233131 1.538033
-0.420263 0.284795 1.073568
0.410649 0.221356 1.703273
0.352587 0.218140 1.598324
0.343588 0.226300 1.716386
0.390276 -0.380583 -3.089382
-0.487184 0.082610 -1.390071
-0.495411 0.108735 -1.832505
0.449886 0.153333 1.747006
-0.476389 0.091990 -1.666416
-0.480923 0.099431 -1.524464
-0.463853 0.176340 -2.104640
0.404261 -0.356542 3.022055
-0.460109 0.094961 -1.436924
0.366312 0.216758 1.541280
0.386259 -0.385318 -3.102031
0.473237 -0.154708 1.760809
0.400821 -0.394091 3.127819
-0.466870 0.073168 -1.561655
-0.385222 0.088154 -0.696928
0.406845 -0.398674 3.066268
0.387610 -0.402036 -3.026443
-0.461264 0.474435 2.950750
-0.463575 0.075957 -1.625054
0.407403 0.220642 1.715132
-0.402566 0.101053 -0.702733
0.395992 -0.388049 -3.131651
0.496144 -0.390031 -3.012982
-0.387688 0.282974 0.709626
-0.470366 0.265170 2.288458
-0.476522 0.054876 -1.504126
-0.366138 0.098368 -0.560588
-0.373536 0.102915 -0.517810
0.426609 0.234635 1.714259
0.405212 -0.342852 -2.962263
-0.489379 0.072964 -1.492741
-0.454607 0.107523 -1.467878
-0.495923 0.072932 -1.554330
-0.488149 -0.001714 -1.637976
-0.495280 0.175820 -1.356638
-0.498960 0.117523 -1.541686
0.341892 0.180428 1.660081
0.417808 0.147643 1.756677
0.400326 -0.385732 -3.032911
-0.477529 0.024021 -1.615757
-0.486120 0.082776 -1.575423
0.359310 0.183730 1.700120
-0.456827 0.223879 -2.396794
-0.458542 0.072593 -1.580895
-0.469637 0.089025 -1.405335
-0.366335 0.108950 -0.429727
0.415447 0.232546 1.731227
0.473736 -0.328908 2.850612
0.047627 0.371710 1.186536
-0.468787 0.038161 -1.711591
0.404825 -0.327315 -3.053910
0.374544 0.218919 1.906735
0.408440 -0.321853 3.080855
-0.498704 0.100056 -1.578276
-0.393659 0.089770 -0.584131
-0.486097 0.098426 -1.469108
-0.451463 0.475644 2.826287
-0.370307 0.071147 -0.467334
0.389721 -0.395430 2.964138
-0.456762 0.138738 -1.812730
-0.452828 0.071513 -1.601890
-0.372512 0.269618 0.940035
-0.376509 0.103570 -0.799442
0.420578 0.228201 1.501507
-0.489758 0.085752 -1.547909
0.350540 0.209427 2.043770
-0.366535 0.109977 -0.545789
0.484165 -0.361933 3.093065
0.437321 0.163975 2.022509
0.389057 0.233196 1.771806
-0.479814 0.112141 -1.711734
-0.485721 0.085733 -1.563715
0.370633 0.227065 1.629332
-0.466329 0.482525 2.027941
0.423208 -0.218879 2.358415
-0.392198 0.373287 0.762480
-0.384518 0.281011 0.887444
0.399815 -0.359852 -2.974856
0.395772 0.186912 1.637736
0.400560 -0.367874 2.976950
-0.421587 0.440164 2.778205
0.340995 0.219072 1.760915
-0.462543 0.136826 -1.960461
-0.400180 0.099844 -0.432675
-0.474021 0.054379 -1.504484
0.370735 0.231213 2.042449
0.432256 0.163429 1.808186
0.374222 0.219844 1.571838
-0.483273 0.162842 -2.289299
0.379408 0.227682 1.632994
-0.373626 0.106546 -0.572451
-0.361309 0.276984 0.944723
0.396213 0.227256 1.806559
0.396652 -0.407224 2.980615
0.404445 -0.405681 3.030843
0.407722 -0.368130 3.114269
0.398512 -0.373287 2.912586
0.406814 -0.370382 -3.137752
0.406009 0.225860 1.731257
0.399103 0.176966 1.505898
-0.488622 0.151665 -1.145480
0.438096 -0.353175 3.047003
0.359388 0.227991 1.890059
-0.477295 0.082867 -1.558155
0.408273 0.181373 1.723405
0.407801 -0.361931 3.113068
0.345662 0.219898 1.914891
-0.468664 0.272523 1.990032
-0.478954 0.054857 -1.334453
0.394558 -0.326061 -3.112257
0.381215 0.231021 1.653564
0.367095 0.224030 1.767759
0.399586 -0.417828 3.000186
0.389236 -0.459971 -2.851717
-0.494635 -0.002357 -1.283546
0.438557 0.156886 1.889844
0.403016 0.232235 1.661672
0.343908 0.228403 1.621379
0.380936 0.178163 1.828765
-0.480610 0.114424 -1.468947
0.371232 0.217936 1.618763
-0.374510 0.102418 -0.267976
0.447998 -0.176858 2.245163
-0.492394 0.085922 -1.380771
0.333767 0.226353 1.478376
0.485342 -0.429437 -2.528039
-0.364884 0.107559 -0.794418
0.348880 0.229613 1.666309
0.400892 -0.342814 3.046512
0.354956 0.228446 1.639202
-0.466403 0.156925 -2.229047
-0.492875 0.087503 -1.657259
0.067111 0.359611 0.861486
0.366025 0.228707 1.806005
-0.489248 0.009746 -1.512024
-0.390347 0.095876 -0.641826
-0.455255 0.456496 -3.032868
0.411517 0.228613 1.675905
0.402858 -0.339741 -2.928634
-0.468684 0.051030 -1.559666
-0.451164 0.476998 -2.901559
