0.237326 -0.045663 2.086249
0.239199 -0.026868 1.912180
-0.110289 -0.419009 2.747998
-0.103914 -0.344963 3.037071
-0.084020 -0.368292 2.885178
0.266153 -0.021312 1.975463
-0.052466 -0.330681 3.127054
0.265647 -0.029377 2.035347
-0.092016 -0.384454 2.808180
-0.108617 -0.382154 -3.054379
0.309401 -0.010577 1.949082
-0.093237 -0.395496 2.965763
-0.095382 -0.374589 2.968530
-0.403639 -0.043674 2.587777
-0.101900 -0.364409 2.844559
0.280480 -0.020384 2.008322
-0.053252 -0.355446 2.903014
-0.043941 -0.309968 3.071808
0.284371 -0.027554 2.037752
-0.023729 0.235167 2.781856
-0.101374 -0.347778 2.964271
-0.085586 -0.351303 -3.135403
-0.091722 -0.400560 2.961085
-0.389835 -0.043231 2.157949
0.239545 -0.021268 2.137484
-0.101769 -0.379443 2.834918
-0.097190 -0.411604 3.061363
-0.100909 -0.351526 2.909305
-0.064978 -0.358201 3.115207
0.280515 0.000077 2.084022
-0.066284 -0.374974 3.061962
-0.107221 -0.395448 -3.060412
-0.043640 -0.343754 2.845023
-0.093469 -0.377718 2.997965
-0.114305 -0.412906 2.938123
-0.410827 -0.114290 2.761513
0.284993 -0.038481 2.093645
-0.049192 -0.453594 2.782915
0.273382 -0.021990 2.420901
0.260800 -0.032108 1.708206
-0.096198 -0.352605 2.423445
-0.405523 -0.105710 2.517208
-0.089375 -0.386097 3.076127
-0.103555 -0.366517 2.666817
-0.112791 -0.394038 2.911571
-0.108939 -0.379556 2.695859
-0.039993 0.452546 -0.303216
-0.101315 -0.370965 3.125488
-0.086520 -0.353292 2.946579
0.254649 -0.026324 2.287854
-0.104955 -0.387381 2.931694
-0.099560 -0.383688 2.829465
-0.080638 -0.347700 2.872106
-0.059024 -0.364114 2.658309
-0.099210 -0.392976 3.045885
0.248980 -0.040571 1.846843
-0.098683 -0.393046 2.796781
-0.420003 -0.101390 2.684498
-0.109100 -0.389570 3.080658
-0.112888 -0.390153 2.725195
-0.107997 -0.379643 2.778181
0.235440 -0.015631 2.019880
-0.100570 -0.340859 2.868644
-0.103749 -0.355964 2.915902
-0.105114 -0.380226 2.997615
-0.110484 -0.401977 2.821539
0.238572 -0.026596 1.968857
0.267359 -0.005457 1.991303
-0.107884 -0.350169 -3.048339
-0.043392 -0.347039 2.868203
-0.093105 -0.378226 2.806675
-0.063141 -0.386395 2.861139
0.265730 -0.008569 1.957712
-0.114507 -0.394275 2.883032
-0.105900 -0.383768 3.073657
-0.068286 -0.331709 2.995919
-0.106406 -0.369796 3.043753
-0.107658 -0.400235 -3.119060
-0.045354 -0.351607 3.012555
-0.105731 -0.392783 2.911225
-0.090822 -0.361878 2.730844
-0.092180 -0.410342 2.851247
-0.050736 -0.360008 2.944270
-0.096557 -0.356552 3.018215
0.248343 -0.027640 2.311666
-0.061007 -0.413787 2.937828
-0.103203 -0.362653 3.103768
-0.088620 -0.399172 2.996015
-0.374447 -0.091924 2.530073
-0.055419 -0.400638 3.072999
-0.069588 0.436064 -0.178938
-0.081828 -0.359723 2.928967
-0.089972 -0.387038 -3.048098
-0.088182 -0.371598 2.942505
-0.113515 -0.396549 2.914205
-0.117287 -0.399432 2.881422
0.262370 -0.026187 2.247335
0.278803 -0.014697 2.081696
-0.109639 -0.382349 2.681818
0.265579 -0.022450 2.060386
-0.068497 -0.385611 3.078532
-0.110331 -0.368172 3.027909
0.277190 -0.025575 1.805993
-0.093024 -0.332159 2.844830
-0.107060 -0.417237 2.956285
-0.058453 -0.382196 2.901243
-0.100311 -0.349753 2.921583
-0.093838 -0.401808 2.579492
-0.096995 -0.389319 -3.133590
-0.069034 0.324877 -0.460210
-0.097549 -0.383147 2.815967
0.287398 -0.014219 2.111278
-0.220282 0.107878 2.696814
-0.099994 -0.388695 2.947404
-0.097094 -0.384538 2.924923
-0.100988 -0.398016 2.910295
-0.053534 -0.337148 2.668959
-0.051949 -0.309843 2.905461
0.250581 -0.011856 2.007995
-0.064847 -0.359370 2.887073
0.274744 -0.035284 2.009889
-0.098691 -0.375429 2.964423
-0.096469 -0.398494 3.093192
0.286097 -0.015936 1.958043
-0.114016 -0.400784 3.004762
0.275020 -0.025072 1.970170
-0.064451 -0.343791 2.813347
-0.111354 -0.418457 3.004282
-0.090143 -0.381704 2.639528
-0.105974 -0.356418 2.975117
-0.103491 -0.379351 3.037859
0.241947 -0.122106 2.422541
-0.109052 -0.403423 3.107591
-0.095376 -0.363551 3.086588
-0.102590 -0.388957 3.136671
0.247904 -0.035144 2.033911
-0.050483 -0.346259 2.917670
-0.412563 -0.089773 2.707261
-0.104983 -0.397170 3.050355
-0.091655 -0.380372 2.800326
0.252206 -0.009528 1.987060
-0.098716 -0.384185 2.636927
0.281167 -0.015279 1.739435
-0.107541 -0.383786 2.964415
0.263500 -0.027017 1.994127
0.270162 -0.011564 1.881607
-0.095327 -0.359513 3.076636
-0.105052 -0.375316 3.084568
0.281826 -0.034160 2.006048
0.251443 -0.020483 1.727849
0.098613 -0.103530 2.338402
-0.030476 -0.344459 3.116117
-0.048358 -0.345815 3.008032
0.286717 -0.011254 1.977586
-0.058073 -0.348957 2.886109
-0.101640 -0.380254 -2.970482
0.211158 -0.139468 2.292007
-0.101511 -0.370777 3.101213
-0.035580 -0.331364 2.948711
-0.085281 -0.341466 2.689493
-0.061509 -0.371916 2.861271
-0.104121 -0.368839 2.678161
-0.092648 -0.345306 2.910017
-0.104569 -0.346690 2.857198
-0.091034 -0.345157 2.757549
-0.084231 -0.369667 2.928624
0.272939 -0.023124 1.868624
-0.112029 -0.385649 3.053890
0.264727 -0.021752 2.027624
-0.068958 -0.369320 2.814300
-0.078600 -0.347808 2.818973
-0.044122 -0.323033 2.762056
0.286974 -0.020003 2.098030
0.211924 -0.049319 1.879548
-0.092760 -0.363637 3.119655
-0.090608 -0.400697 3.000744
-0.091436 -0.418678 3.085481
-0.418433 -0.086556 2.811091
-0.046124 -0.332897 2.968895
0.250929 -0.037648 1.976206
-0.113914 -0.393269 3.007498
-0.091555 -0.390700 3.062120
-0.049203 0.304144 -0.231005
-0.096765 -0.391270 2.736092
-0.101604 -0.354191 2.780462
-0.085563 -0.341239 3.080635
0.282962 -0.023143 1.856653
-0.090935 -0.376669 3.113854
0.271633 -0.029873 2.248093
-0.087268 -0.335743 2.824592
-0.086362 -0.331626 2.917449
-0.064799 -0.371177 2.847645
-0.047362 0.341277 -0.430779
-0.103013 -0.366863 3.041469
-0.108385 -0.362806 3.064745
-0.097008 -0.407394 3.058702
-0.095438 -0.382549 3.027032
-0.057832 -0.335474 -3.021959
-0.104928 -0.405328 2.972886
-0.049286 0.332991 -0.333044
-0.092182 0.444294 -0.412471
-0.084949 -0.340418 2.975667
-0.055522 0.322342 -0.598275
-0.405209 -0.051068 2.474133
-0.084340 -0.325795 2.765204
-0.099773 -0.362339 2.919028
0.292625 0.000714 2.188176
-0.039164 -0.340114 3.063041
-0.057536 -0.373842 2.997740
-0.092351 -0.388209 2.731727
-0.072506 -0.374466 2.858161
0.234643 -0.034846 1.857859
-0.112270 -0.381987 2.812941
-0.084408 -0.333002 2.797516
-0.112120 -0.352875 2.918638
0.272937 -0.029656 1.899586
-0.040242 -0.316185 2.936733
-0.105166 -0.388214 3.087594
-0.099337 -0.420013 2.881962
0.280289 -0.043250 1.975681
-0.089718 -0.368022 2.979485
-0.065793 -0.380515 2.790764
-0.092532 -0.406186 2.963590
-0.152012 0.210668 -0.465463
-0.106026 -0.398732 2.611577
0.258334 -0.012967 2.212434
0.240400 -0.036399 1.758183
-0.077219 0.334494 -0.313235
-0.083062 -0.373563 -3.052964
-0.065202 0.334285 -0.459708
-0.092371 -0.397350 3.052406
0.278499 -0.028460 1.937229
0.257144 0.003137 2.008730
0.296125 -0.017959 1.909884
-0.094740 -0.372803 2.925326
0.282652 0.001475 2.027741
-0.048689 -0.357751 2.793085
-0.073591 -0.393459 2.925260
-0.060045 -0.374608 2.871105
-0.089542 -0.365946 2.803632
0.270368 -0.027764 1.986839
-0.088348 -0.370644 2.992541
-0.086573 -0.347475 2.961128
0.278549 -0.030027 2.347380
-0.071905 -0.395679 2.909170
-0.063361 -0.356027 2.885670
-0.098497 -0.405500 3.052399
-0.097304 -0.348530 2.793335
-0.104676 -0.363551 3.052976
-0.085599 -0.398373 -3.047899
-0.057621 -0.342760 3.015421
-0.102007 -0.379791 2.704817
-0.088155 -0.346020 3.048892
0.283780 -0.027170 2.130276
-0.088474 -0.334819 2.766443
-0.103617 -0.412217 2.872875
-0.419337 -0.083855 2.560504
-0.083224 -0.348665 3.069328
-0.102395 -0.377706 2.776160
-0.061489 -0.351374 2.941852
-0.037160 0.443921 -0.302196
0.285868 -0.024512 2.178858
-0.061125 -0.393926 3.034458
-0.046055 -0.335532 2.747611
0.250753 -0.027206 1.707550
-0.098643 -0.386913 2.992753
-0.101743 -0.396698 2.902848
-0.031127 0.327275 -0.212517
0.284216 -0.004091 1.938922
-0.017227 0.316535 -0.383832
-0.063463 -0.376136 -3.089223
-0.100231 -0.352147 2.997884
0.199546 -0.144715 2.382403
0.241840 -0.029102 1.717755
-0.405058 -0.068099 2.730998
-0.044907 0.412895 -0.042907
-0.103811 -0.381431 2.984841
0.259229 -0.019301 1.962437
0.259715 -0.001428 1.994670
0.230676 -0.003840 1.980357
-0.090601 -0.409959 2.870319
-0.045406 0.339608 -0.422907
-0.409812 -0.054301 2.344769
-0.389995 -0.075744 2.811206
0.271168 -0.030940 1.973135
-0.068095 -0.368897 -3.105568
0.276578 -0.022466 1.964713
-0.024559 0.309084 -0.273166
-0.097609 -0.370424 2.863587
-0.083113 -0.370449 2.813300
-0.401419 -0.060615 2.800339
-0.057310 -0.358854 2.866845
-0.108458 -0.379704 2.706433
0.278436 0.006547 1.940593
-0.065877 -0.348153 2.911494
-0.102998 -0.388680 2.840774
-0.071930 -0.373739 3.137299
-0.064477 -0.365928 2.978664
-0.110116 -0.400476 3.120176
-0.049692 -0.337446 2.935557
0.276565 -0.029030 2.125316
-0.090834 -0.383315 3.048222
-0.056831 -0.352988 2.843330
-0.093203 -0.397485 2.732325
-0.056661 -0.370852 2.553125
-0.053687 -0.367414 2.701367
-0.105859 -0.365169 3.108972
-0.040322 -0.317391 2.902892
-0.105481 -0.366624 2.822845
0.273061 -0.021660 1.833848
-0.107150 -0.368483 3.083632
-0.053158 -0.372800 2.861087
-0.057467 -0.375484 2.917553
-0.085329 -0.358732 3.071306
-0.082598 -0.322894 2.847192
-0.086742 -0.359703 2.707522
0.270867 -0.033301 1.932353
-0.113255 -0.384930 2.809716
-0.097803 -0.375537 2.768480
-0.090394 -0.387787 2.993871
-0.114187 -0.397230 2.600084
-0.095770 -0.390209 2.813281
-0.101874 -0.345224 2.770096
-0.071280 -0.433811 3.115762
0.208711 -0.039139 1.848636
-0.098162 -0.390555 2.741370
-0.098228 -0.368663 2.774390
-0.068561 -0.382498 2.973721
-0.383462 -0.066468 2.356902
-0.086721 -0.395968 2.971728
-0.089218 -0.398165 2.986932
-0.109064 -0.409601 3.078745
-0.093073 -0.368315 3.019159
0.241829 -0.019024 2.188378
-0.102148 -0.374458 2.883567
-0.095602 -0.379666 2.899034
-0.108217 -0.366787 -3.120438
-0.085107 -0.370253 2.913218
0.264588 -0.033545 1.853293
-0.059607 -0.358722 2.836599
-0.092248 -0.365240 2.970890
-0.094575 -0.306081 -3.049972
-0.046406 0.393086 -0.036128
-0.022759 0.438483 -0.333440
0.268295 -0.024475 2.094558
-0.107833 -0.364233 2.875601
-0.092675 -0.398544 -3.011259
-0.410790 -0.097481 2.756917
0.243444 -0.036420 2.301695
-0.094572 -0.388045 2.939487
-0.061940 -0.387764 3.021777
-0.085727 -0.378880 3.083189
0.270286 -0.025608 2.028127
-0.093185 -0.410813 2.812244
-0.104744 -0.398384 2.689895
-0.077253 0.406456 0.124508
0.288996 0.010790 2.124600
-0.092094 -0.401964 2.967672
-0.062533 -0.398986 2.924958
-0.401070 -0.037874 2.567865
0.265195 -0.024152 1.872963
0.245362 -0.039892 1.848125
-0.106606 -0.361129 3.088245
-0.100532 -0.375571 2.795709
-0.108317 -0.360362 2.914855
-0.104996 -0.370909 2.823613
-0.386293 -0.064677 2.784271
-0.100227 -0.386352 2.790777
-0.440270 -0.092163 2.664452
-0.109280 -0.414776 2.938026
-0.053611 -0.329495 3.000888
-0.056653 -0.364429 2.849271
-0.109021 -0.383516 2.787405
-0.101775 -0.393601 2.801917
-0.049568 -0.331987 2.756285
-0.063741 -0.343269 -3.081870
0.308306 -0.002082 1.987694
-0.030034 0.328120 -0.514057
0.228501 -0.033555 2.162881
-0.051691 -0.368407 2.867622
-0.106217 -0.405408 2.834529
-0.091669 -0.331649 -3.078319
-0.104489 -0.357036 2.754772
-0.061826 -0.368835 3.054013
0.237967 -0.044742 1.933684
0.086138 -0.081737 2.147825
-0.062805 -0.425875 2.720399
-0.405270 -0.078023 2.638383
0.258699 -0.037712 1.721385
0.262251 -0.027849 1.726283
-0.094613 -0.356288 2.940596
-0.431203 -0.086319 2.636308
-0.108469 -0.388909 3.050912
-0.100405 -0.372218 3.130430
-0.114900 -0.402535 -3.055049
-0.066657 -0.357325 2.757940
-0.095563 -0.404994 2.750310
-0.056167 -0.374744 2.777155
-0.102137 -0.375512 2.970867
-0.106649 -0.365816 3.105764
