-0.446464 0.037770 -1.943463
-0.460166 -0.483379 1.189364
-0.483989 0.011342 -3.821454
-0.486760 -0.453046 4.960729
-0.390313 -0.231008 1.747326
-0.495511 -0.471759 4.824280
-0.492198 -0.466866 4.874383
-0.457174 -0.173082 5.265683
-0.407988 0.088775 -5.313920
-0.494122 0.030638 -2.271827
-0.476939 0.060514 -1.912473
-0.443767 -0.207373 4.624112
-0.433074 0.192767 2.466443
-0.396337 0.090886 -3.235639
-0.418830 0.448340 4.073015
-0.487486 -0.483454 8.124910
-0.462936 0.054708 -1.814985
-0.439677 -0.219979 1.887302
-0.485234 -0.462370 -1.915786
-0.495409 -0.463510 5.536007
-0.485748 -0.491905 5.109480
-0.432754 -0.198424 4.701312
-0.464713 -0.183990 4.440611
-0.474236 -0.483962 -1.973354
-0.464665 -0.010044 -5.228296
-0.495747 -0.459274 -1.717103
-0.496864 0.042260 -2.052538
-0.490406 -0.452243 -1.827054
-0.433287 -0.198348 4.732902
-0.446744 0.044758 -2.173790
-0.479665 -0.042774 6.852204
-0.499501 -0.459566 -2.014039
-0.479277 -0.457602 -1.942967
-0.030363 0.104817 -4.684616
-0.492483 -0.458708 -1.947369
-0.468038 -0.159248 -5.045644
-0.498525 -0.455683 -2.093830
-0.458652 0.156245 -2.669864
-0.389291 0.428323 5.705472
-0.401771 0.199659 0.903258
-0.473588 -0.458093 -1.689026
-0.455063 0.077736 -1.768339
-0.453933 0.007730 -5.777888
-0.438211 -0.012422 -3.122263
-0.469032 0.071199 -1.323270
-0.489492 0.487787 -0.358817
-0.460992 0.057889 -1.538256
0.044289 0.145688 -4.853665
-0.453465 -0.499477 5.087471
-0.073566 -0.468692 -3.088743
-0.403349 -0.432782 -4.394678
-0.478984 0.052566 -1.545482
-0.477369 -0.466139 -1.968104
-0.449602 0.416839 5.657581
-0.442335 0.134682 -5.776844
-0.498535 -0.128845 7.594090
-0.475152 -0.477852 -1.894838
-0.491268 -0.149098 7.162564
-0.425700 -0.194493 4.656420
-0.457134 -0.005440 -4.236456
-0.488094 -0.475873 5.047992
-0.400178 -0.162849 4.146250
-0.475242 0.081969 -1.416062
-0.468187 -0.490679 0.998559
-0.456984 -0.057555 -3.222293
-0.472658 -0.470362 -2.036472
-0.413892 0.230170 1.185604
-0.396138 0.256518 0.756131
-0.450950 0.063165 -1.556675
-0.483136 -0.138645 8.917196
-0.475553 -0.485534 -1.856142
-0.486816 0.080051 -2.133359
-0.468671 -0.179443 5.021942
-0.464212 -0.152796 -5.230107
-0.437354 -0.190636 5.244816
-0.465148 0.064637 -1.548278
-0.485970 -0.023023 -4.016223
-0.057355 -0.492723 -2.877134
-0.434916 -0.200710 5.051193
-0.472715 0.085072 -1.573661
-0.494518 -0.450176 -1.909865
-0.424616 -0.207595 4.285385
-0.421682 -0.206670 4.611290
-0.487877 0.070352 -1.286657
0.029314 0.125081 -4.680790
-0.386264 0.189170 1.129597
-0.433314 -0.209645 4.436775
-0.481390 -0.021654 -3.937993
-0.437696 -0.211162 4.615523
-0.467880 0.218711 2.816625
-0.419367 -0.077719 -5.170504
-0.445335 -0.475544 4.989369
-0.397303 0.098450 -4.648661
-0.457672 -0.476837 0.879386
-0.450462 -0.095443 -5.438022
-0.449985 -0.411248 4.887103
-0.391993 0.232137 1.045032
-0.476228 -0.192035 -5.790541
-0.420004 0.094968 -2.257738
-0.439228 -0.201950 4.686362
-0.489188 -0.023380 7.707394
-0.463715 -0.198688 5.831269
-0.473922 -0.157880 4.767314
-0.486463 -0.463242 -1.311243
-0.499250 -0.480008 8.424632
-0.440140 0.101548 -2.291316
-0.452929 -0.185164 4.365686
-0.481520 -0.184357 9.310238
-0.493493 -0.472823 -1.854865
-0.494886 -0.482806 8.281003
-0.471258 -0.451018 4.445125
-0.338602 0.484321 -4.151735
-0.468575 0.097031 -1.726357
-0.474642 -0.098400 -3.561852
-0.452428 0.128201 5.138545
0.463129 0.188906 -1.000138
-0.491101 -0.134402 8.679251
-0.447988 0.045560 -1.932994
-0.499488 -0.459724 5.002852
-0.438212 0.136149 -5.831104
-0.451009 0.051109 -1.778582
-0.410110 0.159197 2.239552
-0.487153 -0.360269 -0.658917
-0.482312 0.001324 -3.617588
-0.497923 0.044623 4.985750
-0.473100 0.071262 -1.689737
-0.328729 0.417781 -4.088021
-0.381910 -0.197940 1.756838
-0.404607 0.176370 3.647033
-0.463207 0.063619 -1.586561
-0.468234 -0.098248 -3.647806
-0.488345 -0.048652 6.183832
-0.452116 -0.175931 4.478295
-0.446367 0.300911 -6.078679
-0.428709 -0.183279 4.742237
-0.275077 -0.378554 5.041051
-0.456795 -0.121299 3.544248
-0.416104 0.147974 -4.642134
-0.425990 0.077485 -2.406431
-0.447660 -0.187168 3.830379
-0.498771 0.492156 6.688460
-0.494612 -0.096812 -3.502459
-0.442499 0.065577 -1.926631
-0.486156 -0.468400 -1.916020
-0.400565 -0.070873 -3.013948
-0.342766 -0.292875 -1.926965
-0.410283 0.094797 -2.619529
-0.408756 -0.087612 -2.168137
-0.438767 0.107118 6.223572
-0.445866 -0.140388 -5.107103
-0.492612 -0.447990 -1.709732
-0.473263 -0.132655 -4.415158
-0.458495 -0.196801 5.689738
-0.462085 -0.429939 3.307492
-0.470223 -0.499437 4.709189
-0.487115 -0.496410 -2.232145
-0.430949 -0.206939 4.671623
-0.428432 -0.200889 4.291083
-0.434146 0.052220 -2.098580
-0.481889 -0.483940 -1.731218
-0.459330 0.482483 9.245935
-0.441761 -0.221369 4.585553
-0.461493 -0.041413 -3.489517
-0.472734 -0.468496 -1.868259
-0.486875 0.078950 -1.507762
0.005403 0.111319 -4.816307
-0.468837 -0.097962 -3.561940
-0.476244 -0.131529 5.475610
-0.453748 0.076391 -1.647155
-0.381364 -0.389054 -0.901363
-0.461420 0.463804 -3.710938
-0.487763 -0.463069 -1.875070
-0.479382 -0.465268 -1.857260
-0.495967 -0.480925 -2.024150
-0.455214 0.073581 -1.862582
-0.419992 0.070397 -2.370969
-0.498582 -0.333427 9.275810
-0.467433 -0.474159 5.228648
-0.467369 -0.202942 3.667978
-0.336461 0.446487 -3.994453
-0.473784 -0.493503 -1.826551
-0.333963 0.040364 4.706272
-0.455061 0.067631 -1.253008
-0.469769 -0.142109 4.821679
-0.432585 -0.199205 4.962471
-0.465540 0.476229 11.762361
-0.455077 -0.208197 4.989402
-0.453720 0.432545 5.970892
-0.484968 0.440908 -1.930982
-0.404741 0.106678 -3.394329
0.192771 0.440998 -4.794526
-0.483355 0.055604 -1.786748
-0.484959 0.077773 -1.555404
-0.495282 -0.465234 4.664761
-0.463991 0.057143 -1.810404
-0.441228 -0.207834 1.986302
-0.441002 -0.105119 -2.907051
-0.404203 -0.083762 -2.936569
-0.423945 -0.198896 4.649013
-0.468101 0.018768 -1.905745
-0.428406 0.428790 5.512843
-0.464887 -0.170447 4.531370
-0.410131 0.132907 -5.046161
-0.477297 -0.002160 -4.076583
-0.478882 -0.476835 -1.780782
-0.476708 -0.465434 -1.780337
-0.349194 0.136175 3.358030
-0.468030 -0.301179 -4.712964
-0.337873 0.486125 10.491970
-0.464872 -0.473248 4.833056
-0.437090 0.305145 1.531045
-0.481121 -0.460691 -1.759812
-0.479537 -0.024094 -4.647730
-0.437183 0.065762 -1.849681
-0.435283 -0.195267 4.954311
-0.452574 0.417444 4.811620
-0.485181 -0.461469 -1.908791
-0.425116 -0.202189 4.302161
-0.445239 0.081541 -1.557170
-0.459121 0.434757 5.701968
-0.497057 -0.468481 4.880928
-0.465027 -0.012843 -5.264330
-0.485724 -0.152240 7.750312
-0.471869 0.458109 -4.903183
-0.412518 -0.123241 -4.380084
-0.431317 -0.208756 4.542112
-0.492016 -0.451256 -1.940722
-0.470036 -0.166955 -5.614337
-0.449479 -0.495057 4.930775
-0.463966 -0.427811 2.933210
-0.461482 -0.173378 4.395020
-0.489152 -0.134655 -4.203208
-0.476372 0.062154 -1.500745
-0.278194 -0.437432 5.304747
-0.470580 -0.144212 -5.992438
-0.470449 -0.482435 -2.090630
-0.446178 0.044709 -1.843675
0.110090 0.166379 4.553218
-0.441057 -0.120940 5.492037
-0.479416 -0.467036 -1.915089
-0.496055 0.049347 -1.782428
-0.479654 0.296143 8.050744
-0.443074 0.210890 1.845005
-0.490357 -0.178921 5.150940
-0.454285 0.064822 -1.894857
-0.475924 -0.469356 5.013307
-0.492918 0.039387 -2.666213
-0.498090 -0.465553 -1.661005
-0.460992 0.055464 -1.646899
-0.405364 0.095689 -2.539852
-0.493334 0.430303 -2.558643
-0.452547 -0.208981 4.914275
-0.483644 -0.210189 5.929911
-0.426095 -0.192749 4.588364
-0.344694 0.133675 3.490144
0.165774 0.459071 4.441623
-0.121858 -0.155884 4.721068
-0.434743 -0.087303 -3.253278
-0.474751 -0.480148 0.927390
-0.482004 -0.470853 5.281190
-0.348030 0.198062 3.195453
-0.477688 -0.471041 -1.853099
-0.478315 0.286692 5.947402
-0.349958 0.140057 3.260059
-0.449300 -0.091346 -3.667698
-0.458900 0.055489 -1.786723
0.459726 0.198423 -0.566527
-0.062373 0.083030 -4.530798
-0.427397 -0.186916 4.746735
-0.495295 0.039729 5.450815
-0.419048 -0.102422 1.981100
-0.488241 -0.026248 -4.327709
-0.478093 -0.472545 -1.618141
-0.434514 -0.105431 -3.261210
-0.468999 -0.485500 1.353388
-0.482419 -0.025727 -4.274418
0.232946 0.449395 -4.890210
-0.435574 -0.094642 -3.249123
-0.493020 -0.455674 -2.025771
-0.477448 -0.010710 -5.470791
-0.417744 0.143395 3.480928
-0.446789 -0.153115 6.152570
-0.459707 0.029527 -1.988048
-0.499393 0.040726 -2.534342
-0.446489 0.418391 5.133614
-0.398365 0.218787 1.033491
-0.492805 -0.449549 -1.761124
-0.266935 -0.492590 -0.246044
-0.463430 0.043801 -1.906113
-0.486589 -0.469618 -1.841203
-0.397540 0.267891 0.931839
-0.455277 -0.211801 4.347360
-0.490906 -0.451354 -2.033340
-0.411033 0.054697 -3.431547
-0.469709 -0.156290 -5.059890
-0.483089 -0.140192 8.843717
-0.351149 0.476013 -5.188890
-0.460722 -0.097740 -3.263300
-0.446316 0.086994 -1.513030
-0.453318 0.055116 -1.647859
-0.498371 0.014571 -3.722788
-0.444513 0.227228 1.332835
-0.441170 0.042830 -2.016330
-0.457939 0.499844 10.819070
-0.437382 0.061595 -1.656988
-0.494851 -0.464986 -1.826702
-0.470708 -0.020263 -4.333016
-0.424117 0.152522 4.174073
-0.478218 -0.474257 -2.085552
-0.385305 0.160748 3.584564
-0.499129 -0.476265 -2.161372
-0.445701 -0.150133 -5.505284
-0.497274 -0.474726 -2.052799
-0.473550 0.073481 -1.248505
-0.303140 -0.456113 -0.088933
-0.494312 -0.150891 -4.938208
-0.416932 -0.078308 -6.179068
-0.477336 0.084850 -1.837164
-0.497488 -0.478523 -1.801466
-0.472981 -0.464156 -1.738484
-0.490395 -0.185186 -2.801516
-0.493755 0.461087 -4.567059
-0.449281 0.048975 -1.822348
-0.445187 0.089311 -1.392664
-0.497783 -0.488376 4.868844
-0.482223 -0.472945 -2.033352
-0.426021 -0.195943 4.498176
-0.494747 -0.463882 -1.894201
0.434160 -0.074064 1.359287
-0.471301 -0.153814 7.944913
-0.420842 0.437094 5.727656
-0.422525 -0.121929 -3.579581
-0.486545 -0.004373 7.768416
-0.489124 0.423368 4.014403
-0.430466 0.101766 -4.634551
-0.388059 0.201826 2.913821
-0.443485 -0.108868 -3.506975
-0.447287 0.242030 1.119688
-0.430714 -0.101808 -2.663985
-0.475219 -0.471665 5.239699
-0.443234 0.066120 -1.828185
-0.462807 -0.414673 6.121924
-0.491512 -0.148567 8.360241
-0.465983 -0.484805 5.192948
-0.446847 -0.209738 4.656106
-0.293053 -0.379993 5.305432
-0.465256 0.080923 -1.320624
-0.388658 -0.215998 1.565357
-0.451315 0.055228 -1.416587
-0.471676 0.059849 -1.706795
-0.473533 -0.124203 -4.648305
-0.487137 -0.139597 7.731407
-0.446344 0.053279 -1.746275
-0.477483 0.481786 6.754457
-0.489006 -0.461558 -1.765393
-0.486569 -0.468066 -1.822771
-0.329592 0.047014 4.525167
-0.447314 -0.094699 -3.720649
-0.499154 0.070069 4.503852
-0.428407 -0.218630 1.568639
-0.433290 -0.223342 4.678647
-0.408721 0.025806 -3.022561
-0.462994 0.058041 -1.476377
-0.452831 -0.130454 3.640700
-0.499207 0.049164 5.071735
-0.434191 0.029345 -3.749080
0.212808 0.342484 -0.378503
-0.476702 -0.493957 -2.234686
-0.437065 -0.199167 4.857144
-0.475174 0.048134 -1.919895
-0.461336 0.068159 -1.509655
-0.453394 0.209188 2.210495
-0.429641 -0.215144 4.941267
-0.359246 0.066120 4.621032
-0.465212 -0.145735 -4.930358
0.174809 -0.275951 -2.376825
0.234063 0.399372 -2.143807
-0.453707 -0.497608 5.157385
-0.454056 -0.200074 5.465274
-0.400211 -0.199007 2.083043
-0.397820 0.446254 6.165866
-0.491783 -0.461206 -1.988054
-0.449383 -0.101303 -3.563404
-0.478051 -0.494334 -2.136172
-0.484986 -0.193166 -6.027602
0.468386 0.208476 -0.630875
-0.471733 -0.154233 4.931973
-0.376168 -0.200734 1.883564
-0.433012 0.462817 5.498132
-0.496309 -0.470661 -1.861529
-0.348931 -0.147029 1.754973
-0.456450 -0.182302 5.922326
-0.360813 0.083684 4.461541
-0.472275 0.059790 -1.490145
-0.498493 -0.452736 4.731927
-0.438556 -0.099862 5.224032
-0.404588 0.129992 -3.858841
-0.449780 0.057627 -1.738628
-0.431260 -0.118529 -3.469856
-0.474056 -0.118290 5.956127
