0.158706 0.270000 2.172973
0.142197 0.237845 2.011599
0.183010 0.433275 -3.004541
-0.170636 -0.040372 2.355109
0.136460 0.246998 1.941726
0.149823 0.248287 1.857451
-0.099397 -0.034753 2.539949
0.242007 0.270053 2.054793
0.164300 0.271336 1.873647
-0.015338 0.477657 2.808773
-0.097590 -0.082851 2.782500
0.179588 0.266984 1.904438
-0.118742 -0.068694 2.379207
-0.186333 -0.078724 2.512699
0.195336 0.260669 2.331529
0.161585 0.242286 1.995144
-0.043474 0.495253 2.968414
0.205626 0.266629 1.786076
-0.235164 -0.323610 2.955334
-0.102519 -0.050431 2.259635
0.163346 0.249037 1.909877
0.030781 0.478277 2.988874
-0.147464 -0.049705 2.665875
0.067611 0.454237 -3.111995
0.290367 0.250193 1.850228
0.151055 0.260230 2.094483
-0.021325 0.441064 3.018524
-0.145253 -0.074932 2.572832
-0.123697 -0.058912 2.471391
0.042750 0.457919 -3.036233
-0.023645 0.454531 2.954653
-0.015106 0.493715 2.950221
-0.023438 0.480170 3.048478
-0.025170 0.457394 2.999057
-0.036497 0.497646 -3.131124
0.174327 0.232824 1.908048
-0.154083 -0.082404 2.734661
0.159405 0.258894 1.946761
-0.011072 0.471295 2.761099
-0.137872 -0.055596 2.602638
0.180739 0.256310 1.938644
0.082551 0.483560 -2.975338
-0.153239 -0.085542 2.189921
0.265675 0.274481 1.963686
0.200224 0.271199 2.071972
0.135802 0.231057 1.842216
-0.482813 -0.002914 1.432708
0.180783 0.260934 1.956628
0.136385 0.251475 1.967411
0.052543 0.496954 -3.134177
-0.017496 0.491058 2.924060
0.098540 0.475694 -2.766691
0.170624 0.272197 2.157759
0.203484 0.278339 1.870012
0.178786 0.446375 3.124774
0.142870 0.249325 2.075078
-0.055195 0.089253 2.169648
0.216422 0.229861 1.947743
-0.177496 -0.073151 2.546766
0.219985 0.268457 2.243869
-0.168863 -0.075503 2.578601
-0.137838 -0.066829 2.741578
-0.019675 0.475074 3.046040
0.158693 0.267109 1.907914
0.239989 0.261869 2.037090
0.137182 0.248350 1.951659
0.129950 0.245835 2.119938
0.112296 0.439001 -2.884081
0.173642 0.242343 1.843140
0.148417 0.252748 2.062687
0.216792 0.252544 2.100450
0.235764 0.273566 1.863721
0.188886 0.246728 1.745291
0.076848 0.384163 -2.934939
-0.039856 0.496891 3.116877
-0.026201 0.436935 2.841194
0.056158 0.459931 3.102917
0.149749 0.263058 2.127795
0.078578 0.389451 -3.020375
-0.147961 -0.100619 2.571117
0.133790 0.242258 1.915070
-0.132612 -0.047241 2.582397
0.209457 0.287517 2.143723
-0.179506 -0.093424 2.519591
0.194151 0.284765 1.784924
0.170567 0.250927 1.914915
0.165317 0.256234 2.110542
0.090492 0.384438 -3.128956
0.143060 0.233500 1.884501
0.180204 0.244349 1.855038
0.080111 0.417940 3.120145
-0.146864 -0.073501 2.604084
0.132861 0.234809 1.851800
0.122842 0.239775 2.207812
0.145500 0.249285 1.945633
-0.369062 0.146745 0.859142
0.169477 0.257186 2.282019
0.115002 0.377202 2.992670
0.165580 0.260501 2.012539
0.235859 0.290652 1.928027
0.097869 0.360408 -2.939759
-0.128559 -0.098004 2.707331
-0.030847 0.494521 2.887267
-0.164118 -0.070706 2.581506
-0.148360 -0.060058 2.628298
0.158732 0.255576 1.979139
-0.144994 -0.067238 2.530775
0.036061 0.465044 3.077042
-0.104271 -0.062440 2.547702
-0.018096 0.477979 3.009621
-0.140305 -0.067427 2.562199
0.163072 0.230790 1.834787
0.074614 0.399075 3.093058
0.167118 0.266423 2.047686
-0.182319 -0.116479 2.508249
0.227952 0.266068 1.837550
-0.039257 0.499731 -3.093002
-0.172272 -0.077800 2.394714
-0.123058 -0.085688 2.514644
0.181391 0.235882 2.010551
0.180429 0.270996 1.840969
0.177673 0.222665 2.141312
-0.143827 -0.080873 2.658415
0.048266 0.476514 3.099711
0.204212 0.249445 1.969785
-0.041956 0.475236 -2.944173
0.167272 0.267003 1.904099
-0.144611 -0.077640 2.599624
-0.173246 -0.098821 2.514604
-0.003418 0.460579 3.084204
0.185112 0.264906 1.744645
0.133204 0.255184 1.842957
0.188621 0.269992 2.063237
-0.129030 -0.072436 2.616430
0.226889 0.260699 2.105483
-0.170454 -0.112508 2.771630
-0.124315 -0.054414 2.570888
-0.021241 0.433798 2.772010
-0.024699 0.493091 3.095068
0.173354 0.276044 1.993818
0.047046 0.447317 -2.721437
0.204313 0.248561 1.801379
-0.017850 0.444941 3.120069
0.102784 0.374372 -2.862646
-0.165959 -0.079507 2.462668
-0.115079 -0.079976 2.579715
0.181446 0.238711 1.912796
0.124488 0.342425 3.044309
-0.126454 -0.091052 2.499921
-0.113269 -0.071806 2.622786
0.107307 0.434172 -3.007071
-0.098766 -0.075262 2.640889
-0.028845 0.448492 -3.073926
0.135825 0.253665 2.081273
0.192854 0.233375 1.912645
-0.129819 -0.115698 2.755444
0.227754 0.287702 1.965067
0.198911 0.277323 2.152361
-0.024188 0.461468 3.123608
0.213100 0.276908 2.020364
0.156647 0.259117 2.189138
0.193616 0.256145 2.037107
0.071697 0.386499 -3.047608
0.228420 0.280098 1.858795
0.165012 0.225764 2.127631
-0.182520 -0.058990 2.744326
0.088767 0.348752 -3.057964
0.087333 0.429631 -3.001831
0.166441 0.265693 1.862168
0.034383 0.468645 -2.965161
0.138257 0.257518 2.192438
-0.104903 -0.083416 2.239699
0.140280 0.263463 1.855914
0.150361 0.248951 2.068028
0.264295 0.260486 1.769701
0.085736 0.395739 3.100163
0.226127 0.257323 1.942700
0.250554 0.269155 1.874213
-0.163224 -0.092699 2.627751
0.279241 0.270326 2.040960
-0.108871 -0.083094 2.493149
0.189760 0.253965 2.221303
0.195375 0.255131 1.985136
0.062421 0.468869 3.138776
-0.046116 0.468939 3.013567
-0.125805 -0.088515 2.758487
0.205701 0.272965 1.809814
0.115021 0.366357 -2.853435
-0.145812 -0.083286 2.939485
0.139003 0.245616 1.803269
0.157596 0.251848 1.781409
-0.180643 -0.101347 2.564337
0.035803 0.463836 -3.132723
0.191177 0.249290 1.832637
0.118737 0.372263 -3.120471
0.191321 0.270534 2.148173
0.415080 0.204613 1.715101
0.225755 0.265094 1.975928
0.040116 0.451139 -2.733742
0.133116 0.239207 2.138889
-0.146998 -0.071819 2.698217
-0.004774 0.489948 3.068480
-0.050549 0.474289 2.912588
0.143031 0.259843 1.689495
-0.050365 0.491226 2.986870
0.084062 0.188959 2.007842
-0.111482 -0.082021 2.637416
-0.111116 -0.076013 2.424879
0.165958 0.248123 1.849508
-0.020399 0.484199 2.933345
0.259200 0.281133 1.679551
-0.110343 -0.072021 2.358548
0.103056 0.347360 -2.950189
0.106630 0.382646 -3.079537
0.209407 0.263543 1.938799
0.071455 0.396869 -2.827808
0.220796 0.259380 1.960006
0.197757 0.260570 2.236774
0.226484 0.277602 2.083954
0.455873 0.244666 2.039668
-0.146878 -0.073611 2.551852
0.187559 0.278547 2.037018
0.143106 0.244583 2.247128
0.162235 0.249840 1.934789
0.212266 0.244639 2.084386
-0.164005 -0.066299 2.539444
0.137437 0.245451 2.034584
-0.188046 -0.080046 2.502909
0.166308 0.243678 2.102454
0.169008 0.237354 1.782693
0.162192 0.249601 1.861918
0.179471 0.236808 1.848917
-0.016524 0.466297 2.903808
0.187092 0.276857 1.959446
0.161662 0.266805 1.907519
0.054851 0.434967 -2.824598
0.136290 0.247836 2.053565
0.190037 0.261722 2.215102
-0.046739 0.487426 3.107093
0.165964 0.233492 1.901857
0.041637 0.466724 -3.102950
0.180117 0.273275 1.739869
0.140205 0.251626 2.023780
-0.089950 -0.053315 2.669302
-0.136651 -0.070678 2.816093
0.076346 0.375804 -2.995895
-0.107573 -0.071703 2.405316
0.193481 0.278428 2.120002
0.146229 0.245329 2.340514
0.165996 0.238288 1.912806
-0.041778 0.454442 2.905187
-0.147271 -0.084984 2.479167
0.000054 0.496049 -3.042358
-0.164250 -0.100760 2.470206
0.154121 0.261406 2.186841
-0.122161 -0.129707 2.738469
-0.091306 -0.048689 2.614641
-0.130122 -0.111571 2.430473
-0.143719 -0.072018 2.538361
-0.018392 0.467060 -3.130509
-0.122146 -0.059162 2.482126
0.188481 0.240086 2.120039
0.180446 0.238759 2.164595
-0.110424 -0.070957 2.784086
-0.017026 0.437478 2.942004
-0.111353 -0.081277 2.535353
-0.112231 -0.074837 2.289894
0.036378 0.445303 -3.130419
-0.011067 0.442972 3.045451
0.208233 0.231586 1.975273
0.177508 0.255982 1.920391
-0.028009 0.450393 3.134560
0.250982 0.273658 1.968686
0.172085 0.271515 1.874584
0.139985 0.259227 1.936839
0.140837 0.253368 1.812616
-0.134533 -0.060399 2.260737
0.165486 0.246499 2.096898
-0.115207 -0.059491 2.710911
-0.153391 -0.117265 2.647283
0.065900 0.474605 -2.865901
0.175097 0.245372 1.850021
-0.175763 -0.083702 2.509581
0.219558 0.254504 2.237949
-0.131689 -0.066497 2.653678
-0.135669 -0.075903 2.672622
-0.130177 -0.083455 2.505503
0.168612 0.276609 1.986606
0.203687 0.252284 1.888194
0.158578 0.260723 1.878710
0.182246 0.254030 2.005168
0.057478 0.405673 -2.621823
0.231345 0.249597 1.954921
0.137607 0.255518 1.950808
0.170294 0.275954 2.030734
0.196708 0.239377 2.150460
0.193778 0.263414 2.240536
-0.147050 -0.089000 2.481298
-0.139388 -0.055013 2.598971
0.033813 0.451371 -2.979973
0.117578 0.370333 -3.066155
-0.135118 -0.088158 2.607841
0.103151 0.466103 -3.013500
0.155928 0.246203 1.689290
0.154442 0.256567 2.087532
0.211818 0.126134 2.736029
0.193539 0.246458 2.004043
0.199337 0.273567 2.051280
0.161234 0.252910 1.915069
-0.017621 0.483441 2.915921
-0.101521 -0.071549 2.462145
0.169430 0.265525 1.982344
0.125916 0.241298 2.119588
-0.186385 -0.120175 2.805777
0.174289 0.270323 2.108831
0.149835 0.263363 1.952305
0.239234 0.276671 1.889028
0.139608 0.255292 2.046454
0.098453 0.353677 3.063751
0.181360 0.235679 1.997227
-0.075075 -0.016596 2.509225
0.112040 0.375954 3.030406
0.144464 0.259533 1.898801
0.181866 0.252316 1.777903
0.095581 0.166069 2.055212
0.006509 0.461982 3.067755
-0.118418 -0.077361 2.652953
0.206625 0.256476 1.672344
-0.032476 0.490518 2.631945
-0.114934 -0.070946 2.546670
0.086684 0.441045 -3.100159
-0.010361 0.435113 -3.095941
0.025150 0.479256 -2.913308
0.169487 0.258048 1.729665
-0.087492 -0.063083 2.664703
0.141953 0.255583 1.982783
0.209295 0.249635 1.967424
-0.003093 0.494910 3.110672
-0.186909 -0.138477 2.601624
-0.122506 -0.082608 2.467174
0.161736 0.268672 1.945220
0.257914 0.278306 1.890532
0.202572 0.260884 2.002289
0.136277 0.259407 1.931567
0.188295 0.437504 -3.053503
-0.164212 -0.064130 2.465536
0.042924 0.458815 3.069198
-0.012579 0.460223 2.915211
0.028943 0.462133 3.134760
-0.013925 0.438787 3.013681
0.149111 0.266568 2.065852
0.128298 0.243576 2.181260
0.177158 0.269657 1.820441
-0.490095 -0.013422 1.755194
0.215484 0.234348 1.995181
-0.085193 -0.047896 2.493941
0.104140 0.392602 -2.844721
-0.020020 0.471149 2.922220
0.014539 0.487959 3.053906
0.113964 0.355506 -2.968901
0.207653 0.259384 2.089096
0.182889 0.255737 1.980121
0.200064 0.244292 1.812744
0.024432 0.445442 -3.132526
-0.198378 -0.069369 2.709175
-0.161733 -0.097801 2.481096
0.156931 0.253321 2.065170
0.154805 0.251439 1.874571
0.228280 0.271057 2.142696
0.165033 0.265021 2.093901
0.095090 0.443846 -2.871667
0.167212 0.244844 1.956435
-0.067713 0.052088 2.444331
-0.124074 -0.080694 2.844509
-0.014531 0.445865 -3.103697
0.174660 0.264180 1.856335
0.185518 0.265533 2.068922
0.140285 0.259792 1.990239
-0.039382 0.464924 2.871159
0.195433 0.268032 1.948940
-0.052042 0.430608 2.949970
0.153202 0.247020 1.904169
-0.085000 -0.042046 2.882476
0.145839 0.251509 1.905070
0.198479 0.261589 1.972802
-0.034108 0.463893 2.880807
0.042315 0.442267 -2.832364
0.391109 0.190400 1.536960
0.213342 0.269268 1.856604
-0.150796 -0.114737 2.678184
0.077646 0.469905 3.098527
-0.026518 0.482682 -3.097837
-0.007979 0.470556 3.089067
0.123141 0.228929 2.170373
0.083768 0.169338 1.894903
0.191764 0.248317 1.860072
-0.175262 -0.097080 2.671921
-0.191882 -0.095106 2.581681
-0.129713 -0.088957 2.515988
0.034661 0.465177 3.052456
