-0.488649 -0.243536 1.423979
-0.482284 -0.261099 1.553999
-0.494843 -0.237593 1.656517
-0.494731 -0.265298 1.866681
-0.496970 -0.306056 1.919750
-0.494008 -0.265816 1.561910
-0.487081 -0.371029 1.480904
-0.490378 -0.346975 1.843881
-0.499909 -0.291243 1.423381
-0.495559 -0.253634 1.260467
-0.496607 -0.264267 1.615844
-0.498981 -0.257306 1.462256
-0.497597 -0.289020 1.666891
-0.481356 -0.458426 3.039984
-0.477019 -0.264563 1.843607
-0.495397 -0.249318 1.881158
-0.499812 -0.248446 1.411259
-0.479953 -0.164572 2.686422
-0.484836 -0.257141 1.677748
-0.491561 -0.253433 1.864532
-0.493436 -0.241003 1.404386
-0.470420 -0.351257 1.540155
-0.498686 -0.250783 1.565738
-0.498198 -0.260164 1.389310
-0.496969 -0.253719 1.674879
-0.491901 -0.258911 1.707804
-0.497952 -0.284818 1.722953
-0.494687 -0.255353 1.841831
-0.497368 -0.246816 1.530275
-0.495138 -0.268593 1.733942
-0.493770 -0.242781 1.610490
0.371812 0.401147 1.945033
-0.497127 -0.272436 1.567401
-0.493968 -0.398646 1.618101
-0.478810 -0.225082 1.572800
-0.479056 -0.358231 1.483579
-0.495704 -0.234463 1.633194
-0.475128 -0.376606 2.469398
-0.489780 -0.275043 1.577396
-0.499916 -0.261316 1.421486
-0.493585 -0.301397 1.597740
-0.495996 -0.117990 0.605183
-0.492338 -0.242084 1.617736
-0.499379 -0.254381 1.461466
-0.494788 -0.252020 1.601056
-0.499839 -0.102654 0.212382
-0.487845 -0.313878 1.618035
-0.492163 -0.245396 1.386856
-0.498732 -0.233885 1.587310
-0.466010 -0.475307 2.978659
-0.487229 -0.246015 1.601174
-0.491763 -0.275390 1.754719
-0.469128 -0.423770 2.678337
-0.498601 -0.254641 1.555059
-0.492662 -0.145504 0.436753
-0.488958 -0.300013 1.560290
-0.496895 -0.253620 1.540796
-0.497518 -0.244030 1.608830
-0.498940 -0.258658 1.819459
-0.483898 -0.258398 1.542350
-0.493015 -0.137351 0.321261
-0.491480 -0.287230 1.599405
-0.494165 -0.258874 1.590966
-0.497365 -0.292692 1.563638
-0.480734 -0.246449 1.862766
-0.499640 -0.306564 1.214882
-0.462252 -0.078675 2.514777
-0.477954 -0.258644 1.594050
-0.484571 -0.297210 1.561181
-0.495907 -0.253160 1.592380
-0.479869 -0.262881 1.738980
-0.497270 -0.259078 1.929478
-0.494750 -0.259879 1.275457
-0.398009 -0.107053 2.818991
-0.488207 -0.259387 1.711932
-0.486909 -0.401635 2.269510
-0.493231 -0.267528 1.466329
-0.497129 -0.125909 2.730522
-0.495621 -0.248939 1.411105
-0.491784 -0.398182 2.278947
-0.495916 -0.264620 1.704048
-0.488956 -0.269955 1.835079
-0.490179 -0.294614 1.621032
-0.458225 -0.107521 2.609578
-0.495045 -0.244395 1.557278
-0.499236 -0.265508 1.618721
-0.496698 -0.269798 1.508031
-0.348931 -0.363285 2.529399
-0.494062 -0.242886 1.696586
-0.466418 -0.437472 3.083056
-0.469245 -0.407249 2.965631
-0.494990 -0.271288 1.367205
-0.479069 -0.409197 2.462126
-0.485625 -0.281856 1.636401
-0.485158 -0.321408 1.846902
-0.493895 -0.282302 1.771647
-0.485679 -0.250556 1.538366
-0.491733 -0.267971 1.615162
0.297231 0.392713 1.808955
-0.492242 -0.246642 1.485090
-0.478582 -0.447213 2.788253
-0.409549 -0.367202 2.420311
-0.495071 -0.259757 1.554613
-0.485425 -0.242572 1.795548
-0.497333 -0.290186 1.530059
-0.488501 -0.293242 1.532536
-0.499123 -0.260259 1.260413
-0.485457 -0.323359 1.645016
-0.474874 -0.268421 1.494858
-0.489860 -0.116245 2.710476
-0.494976 -0.300577 1.681793
-0.482931 -0.416818 2.552719
-0.495672 -0.255991 1.488766
-0.494390 -0.127705 0.622989
-0.493645 -0.266436 1.398099
-0.496405 -0.301680 1.396169
-0.497117 -0.258884 1.619558
-0.476619 -0.450355 2.635050
-0.496230 -0.258251 1.652012
0.315958 0.402969 1.705655
-0.492168 -0.281955 1.728782
-0.495410 -0.256419 1.537459
-0.488554 -0.327499 1.684874
-0.491809 -0.245569 1.635641
-0.479635 -0.255679 1.588012
-0.336024 -0.359181 2.821660
-0.493447 -0.268205 1.842778
-0.483814 -0.394006 1.412950
-0.498493 -0.261100 1.739377
-0.481499 -0.454833 -3.115417
-0.493036 -0.260483 1.545594
-0.491234 -0.290673 1.422224
-0.492128 -0.227257 1.495274
-0.483997 -0.268516 1.648696
-0.495669 -0.245567 1.573304
-0.487085 -0.142278 2.600128
-0.480246 -0.112596 2.632992
-0.489949 -0.264580 1.560021
-0.482079 -0.237363 1.738342
-0.488203 -0.252399 1.765488
-0.499101 -0.247970 1.336701
-0.491433 -0.296414 1.539869
-0.494707 -0.257080 1.312203
-0.498207 -0.295665 1.686492
-0.460123 -0.455465 3.112220
-0.482266 -0.093719 2.823352
-0.489484 -0.259958 1.755082
-0.499429 -0.251737 1.446939
-0.478519 -0.367631 1.522822
-0.480441 -0.398635 2.111813
-0.492699 -0.256834 1.711982
-0.499405 -0.267060 1.624075
-0.482881 -0.257316 1.648749
-0.497571 -0.258331 1.656607
-0.477149 -0.401840 1.453517
-0.498425 -0.250008 1.636669
-0.489828 -0.281713 1.725997
0.292773 0.400354 1.633977
-0.497984 -0.288935 1.742542
-0.498651 -0.259947 1.633769
-0.491698 -0.465842 -0.017121
-0.493682 -0.261665 1.569771
-0.498505 -0.476340 1.170693
-0.494060 -0.266761 1.651476
-0.493402 -0.255874 1.720443
-0.483644 -0.280368 1.612971
-0.480909 -0.127286 2.857265
0.345630 0.398509 1.772474
-0.496277 -0.258379 1.403410
-0.499431 -0.255596 1.687243
-0.487602 -0.292009 1.258599
-0.462906 -0.391091 2.860531
-0.490533 -0.250179 1.497056
-0.497198 -0.264578 1.566682
-0.482065 -0.287803 1.784356
-0.488969 -0.252376 1.774561
-0.478804 -0.292922 1.860527
-0.482524 -0.085179 2.782522
-0.467317 -0.154274 2.743463
-0.494582 -0.261713 1.667690
-0.469358 -0.420437 2.908413
-0.497986 -0.244988 1.435832
-0.483740 -0.290060 1.658303
-0.498958 -0.262643 1.705202
-0.499216 -0.458032 0.510923
-0.491277 -0.256496 1.459519
-0.486402 -0.098025 2.714913
-0.494496 -0.243026 1.702917
-0.499139 -0.257571 1.546085
-0.494383 -0.285801 1.463037
-0.487640 -0.255589 1.669243
-0.468421 -0.235178 1.820241
-0.499145 -0.290232 1.581737
-0.470962 -0.090806 2.822604
-0.485997 -0.262862 1.824922
-0.498913 -0.269020 2.109134
-0.423279 -0.059548 2.769745
-0.492537 -0.298370 1.410579
-0.494211 -0.268082 1.644373
-0.468437 -0.455191 2.956919
-0.499930 -0.326629 1.632249
-0.492696 -0.278077 1.715535
-0.498566 -0.243179 1.541963
-0.498293 -0.267326 1.682427
-0.491340 -0.250223 1.448175
-0.482628 -0.415919 1.863430
-0.494361 -0.281778 1.804041
-0.496327 -0.251532 1.655309
-0.487174 -0.260546 1.469322
-0.497334 -0.262816 1.777124
-0.064249 0.229997 2.359124
-0.491614 -0.255478 1.645819
-0.499079 -0.251737 1.665884
-0.488759 -0.327334 1.485214
-0.467983 -0.434904 3.112481
-0.492111 -0.290342 1.597390
-0.497825 -0.263347 1.653187
0.348779 0.415701 1.787211
-0.493847 -0.340912 1.404047
-0.476359 -0.240446 1.748369
-0.493471 -0.291975 1.614460
-0.484796 -0.259827 1.597456
-0.498537 -0.254902 1.597547
-0.482870 -0.090554 2.752035
-0.490013 -0.265405 1.700025
-0.499003 -0.258891 1.546779
-0.487779 -0.276725 1.831526
-0.409107 -0.339497 2.800638
-0.488712 -0.265451 1.752010
-0.489815 -0.256747 1.465774
-0.498227 -0.264992 1.766786
-0.486424 -0.131461 3.040882
-0.467576 -0.059583 2.657344
-0.492884 -0.253310 1.518088
-0.487539 -0.284853 1.469443
-0.493387 -0.267282 1.657093
-0.498599 -0.293644 1.527300
-0.498877 -0.273039 1.782402
-0.494427 -0.305187 1.966918
-0.493562 -0.256104 1.354544
-0.497123 -0.255064 1.582144
-0.497385 -0.266268 1.453747
-0.498287 -0.260842 1.629530
0.380108 0.406459 1.608344
-0.479876 -0.389421 1.502690
-0.483673 -0.476106 2.091613
-0.497695 -0.256966 1.255296
-0.474222 -0.095162 2.388500
-0.495812 -0.258805 1.603426
-0.495378 -0.392976 1.378009
-0.494045 -0.268833 1.682988
-0.468941 -0.484220 2.941331
-0.497963 -0.260470 1.545956
-0.498586 -0.257670 1.678353
-0.494841 -0.245059 1.654340
-0.492990 -0.253701 1.456274
-0.494433 -0.245518 1.353760
-0.492772 -0.269501 1.537672
-0.466717 -0.421950 -3.129819
-0.499592 -0.259600 1.469477
-0.492533 -0.260049 1.735973
-0.494869 -0.308287 1.596831
-0.490134 -0.259690 1.659108
-0.429674 -0.331436 2.687108
-0.499792 -0.284091 1.633671
-0.491467 -0.252745 1.526851
-0.480553 -0.250730 1.898568
-0.495044 -0.244491 1.328497
-0.496083 -0.243870 1.511598
-0.472992 -0.401039 1.387106
-0.498023 -0.264875 1.421771
-0.498349 -0.279601 1.609584
-0.485480 -0.292564 1.615995
-0.474773 -0.400083 1.780385
-0.491221 -0.259570 1.700992
-0.448486 -0.060284 2.588203
-0.499892 -0.251226 1.609747
-0.473156 -0.395957 1.735580
-0.483870 -0.252405 1.613159
-0.489264 -0.248349 1.793939
-0.492331 -0.266798 1.701628
-0.498490 -0.296376 1.480529
-0.493999 -0.256370 1.346209
-0.498120 -0.260142 1.719810
-0.486494 -0.259578 1.299551
-0.493433 -0.262902 1.430798
-0.497139 -0.259093 1.629018
-0.487830 -0.298697 1.684796
-0.494789 -0.296549 1.742917
-0.499974 -0.300209 1.506248
-0.499612 -0.251964 1.553096
-0.483438 -0.265736 1.341770
-0.486176 -0.476362 2.071733
-0.478189 -0.294361 1.884394
-0.492753 -0.287965 1.454802
-0.495801 -0.264589 1.474168
-0.494896 -0.259750 1.621563
-0.495589 -0.448150 2.633174
-0.478236 -0.255047 1.619823
-0.497822 -0.264695 1.741523
-0.499754 -0.322413 1.455695
-0.471721 -0.100892 2.737505
-0.493539 -0.265731 1.523365
-0.495260 -0.247411 1.671090
-0.496780 -0.248744 1.788321
-0.499163 -0.304599 1.619028
-0.490580 -0.291382 1.861699
-0.498905 -0.266387 1.417648
-0.497699 -0.266836 1.437122
-0.496343 -0.475721 2.182107
-0.490894 -0.252608 1.631905
-0.491693 -0.425016 1.377360
-0.493122 -0.265218 1.700434
-0.430355 -0.052303 2.779670
-0.486235 -0.258032 1.617044
-0.494130 -0.253156 1.625028
-0.451689 -0.057564 2.602646
-0.494916 -0.240023 1.496422
-0.487212 -0.155493 0.554277
-0.489545 -0.255756 1.742257
-0.486252 -0.135277 0.495831
-0.496768 -0.273100 1.663397
-0.494265 -0.265736 1.723067
-0.489599 -0.260698 1.630830
-0.483860 -0.327436 1.648041
-0.487583 -0.253295 1.443439
-0.495005 -0.290914 1.681185
-0.490952 -0.290384 1.704097
-0.491955 -0.285997 1.635127
-0.492499 -0.246023 1.627731
-0.428399 -0.061479 2.763173
-0.483766 -0.472616 -1.915002
-0.428618 -0.065550 2.734418
-0.493555 -0.256491 1.734904
-0.455650 -0.182416 2.061764
-0.489589 -0.256414 1.916021
-0.491270 -0.255338 1.724005
-0.495520 -0.267091 1.585522
-0.463544 -0.222454 1.994479
-0.490455 -0.295242 1.334283
0.343527 0.392400 1.771408
-0.431263 -0.073228 2.496573
-0.487533 -0.253994 1.588285
-0.497908 -0.280848 1.763015
-0.468842 -0.231457 1.745535
-0.486035 -0.122289 2.938337
-0.486796 -0.455413 0.751294
-0.488670 -0.296001 1.504364
-0.495117 -0.282301 1.842382
-0.495028 -0.264532 1.703575
-0.493518 -0.481055 2.315857
-0.489811 -0.257107 1.935739
-0.497579 -0.291410 1.308569
-0.475155 -0.080344 2.758066
-0.487526 -0.254741 1.550604
-0.492120 -0.287757 1.450674
-0.491497 -0.286790 1.702551
-0.489396 -0.259871 1.409362
-0.495777 -0.263289 1.375212
-0.466123 -0.164486 2.430643
-0.497965 -0.261129 1.732981
-0.498045 -0.259841 1.760339
-0.448266 -0.060894 2.758292
-0.491612 -0.266198 1.754252
-0.492451 -0.296794 1.552321
-0.497980 -0.267085 1.940074
-0.492683 -0.283942 1.649188
-0.486732 -0.225974 1.652300
-0.491239 -0.299701 1.663523
0.383096 0.407452 1.815609
-0.496216 -0.242913 1.441019
-0.473698 -0.110843 2.679583
-0.490989 -0.315766 1.292271
-0.493712 -0.259372 1.590236
-0.499895 -0.247605 1.686041
-0.497062 -0.247735 1.594274
-0.493733 -0.263253 1.731550
-0.484815 -0.110840 0.434067
-0.499816 -0.300211 1.560083
-0.492913 -0.247142 1.722350
-0.497980 -0.250888 1.621110
-0.499670 -0.288035 1.748112
-0.499600 -0.245077 1.646796
-0.487735 -0.127437 0.598146
-0.490219 -0.266578 1.547031
-0.469724 -0.478616 2.855697
-0.485375 -0.253529 1.642902
-0.499694 -0.250226 1.610536
0.322305 0.399571 1.801418
-0.499531 -0.245071 1.430338
-0.448149 -0.046522 2.455255
-0.495954 -0.258042 1.692679
-0.498211 -0.291314 1.541853
-0.463122 -0.069993 2.513345
-0.497476 -0.257018 1.533940
-0.496731 -0.261895 1.538968
-0.496253 -0.305608 1.641647
-0.499663 -0.264117 1.398818
-0.499892 -0.253114 1.571210
-0.489307 -0.401319 2.343252
