0.493928 0.497074 -2.702129
0.490756 0.440368 -2.887278
-0.366584 -0.387102 0.670162
0.478185 0.493194 -3.081991
0.470993 0.481758 -2.958875
0.493075 0.479286 3.039242
0.496004 0.452252 -0.276172
0.492726 0.478662 -0.038241
0.497211 0.446456 -0.117730
-0.336571 -0.462152 -0.109046
0.474394 0.464633 -2.999567
0.481419 0.488666 -3.082910
0.481352 0.450882 2.952253
0.467870 0.486537 -0.128875
0.498903 0.478856 3.095543
0.485943 0.460807 3.077338
0.495660 0.478926 3.093041
0.483418 0.454321 -2.927943
0.497954 0.499363 3.126393
0.487206 0.443578 -3.004020
0.495728 0.489396 3.124241
0.493037 0.483796 0.103217
0.478184 0.469630 -2.997074
0.472760 0.496356 3.058633
0.485311 0.497942 -2.878032
0.463752 0.486611 -0.150409
0.498096 0.477601 -0.201281
0.481800 0.482254 -2.863544
0.481943 0.493753 3.050428
0.488067 0.460709 -3.133378
0.499201 0.498202 -3.054313
0.278569 0.467862 0.111270
0.496704 0.493440 -3.132458
-0.291958 -0.462662 -0.025976
0.497054 0.475939 -0.024254
0.471607 0.479846 -3.052481
0.475199 0.498349 3.041058
0.067068 0.387438 3.016733
0.459464 0.495086 -0.106271
0.480991 0.437147 -2.942569
0.478411 0.484157 -3.078796
0.499940 0.466527 -0.335712
0.494561 0.482377 3.048548
0.494685 0.443023 -0.056629
-0.328989 -0.403792 0.945941
0.469405 0.451954 -0.040565
-0.287629 -0.311783 0.838244
-0.289641 -0.489684 0.174911
0.471725 0.499188 -3.008776
0.465157 0.476335 0.067276
0.483463 0.492748 2.892762
0.277257 0.440088 1.672652
0.497258 0.464523 -0.047998
0.499439 0.495223 -3.005427
-0.328513 -0.492461 0.125098
0.487813 0.489867 -2.876965
0.499006 0.438388 -3.061852
0.489040 0.478962 -2.913852
0.482099 0.472144 3.017414
0.291089 0.497393 -0.312244
0.496122 0.487123 -0.396923
0.481899 0.479448 2.934318
0.488108 0.449506 3.063126
0.475450 0.466031 -3.043986
-0.337102 -0.459280 0.288961
-0.344910 -0.441549 0.126311
0.471832 0.487261 -2.794558
0.490874 0.480872 2.934651
0.498771 0.492039 2.952980
0.477708 0.455257 -2.999793
0.497144 0.495363 3.094836
0.480572 0.494356 -3.126084
0.499778 0.431600 2.890489
-0.289395 -0.483113 0.049693
-0.375718 -0.373899 0.815768
0.484838 0.480268 2.968347
0.491373 0.483082 -2.970134
-0.337195 -0.485208 0.262373
0.496123 0.497729 -3.002818
0.493144 0.489976 3.089934
0.491774 0.416184 -3.029882
0.483670 0.480763 -2.941491
0.484376 0.466450 -2.888347
0.473414 0.485734 -2.972862
0.489314 0.482506 3.009375
0.482570 0.490603 3.108966
0.473499 0.464622 -0.038122
0.469145 0.474125 0.151370
0.478899 0.481750 -3.138339
0.495739 0.492698 0.039737
0.063465 0.413147 2.965828
0.497280 0.472394 -0.063571
0.465323 0.485631 0.165493
0.484448 0.477918 -3.001102
0.314109 0.495881 0.250257
-0.350339 -0.378002 0.651057
0.496787 0.460992 -3.133422
0.481685 0.453098 2.965921
0.459808 0.488262 -0.138214
0.487684 0.496377 3.114050
0.469708 0.454932 0.064710
0.467385 0.484476 -0.058073
0.479929 0.495251 -3.087292
0.498783 0.498345 -0.131662
-0.363022 -0.383033 0.433982
0.496663 0.464099 -2.947479
0.496943 0.499570 -2.967562
0.492734 0.482897 -0.397096
-0.369300 -0.483878 -0.127084
0.471932 0.483305 2.901487
0.496578 0.466872 -2.960364
0.461489 0.478136 0.006327
0.477065 0.494026 2.969018
0.499615 0.445132 -0.202782
-0.369902 -0.382424 0.493171
0.484726 0.499132 3.018319
0.484802 0.424077 -2.986545
0.466885 0.485196 -0.032388
0.486447 0.453083 -3.095639
0.286616 0.498743 -0.111118
0.480529 0.477463 3.100752
0.496182 0.425151 -0.114021
0.499468 0.497792 0.011355
0.489295 0.476604 3.111548
0.488403 0.496955 -2.969806
0.461107 0.474379 0.002065
0.493175 0.455356 -3.066393
-0.323696 -0.481083 0.276948
0.481654 0.480274 3.127944
0.494058 0.498807 -0.032280
0.486133 0.499853 -3.022674
0.481009 0.494864 3.027568
-0.386375 -0.369756 0.424516
0.498232 0.472592 2.955694
-0.396591 -0.383900 0.810226
0.475408 0.486963 -2.871326
0.490239 0.463579 0.189561
0.491313 0.495045 -3.121142
-0.352326 -0.375005 0.618988
0.493653 0.493800 3.125765
0.486053 0.443936 3.105137
0.492668 0.494400 -0.244653
0.496468 0.469370 3.093283
0.491418 0.498140 3.135370
0.454910 0.495525 -0.002689
0.478449 0.429964 3.027911
0.492376 0.495867 3.074289
0.499247 0.460174 3.133958
0.471055 0.493215 -3.115886
0.497958 0.429323 2.906556
0.495565 0.460336 -2.981904
0.482980 0.461032 -3.000585
0.496870 0.490806 -3.027350
0.493459 0.482600 3.039036
0.486232 0.494605 -2.847172
0.145132 -0.044945 -0.353339
0.499989 0.471884 -3.075075
0.460081 0.496475 -0.142346
0.482883 0.466435 -2.928488
0.485718 0.468083 3.096393
0.471400 0.482394 -2.927685
0.460174 0.492411 0.084597
-0.387286 -0.378052 0.542319
0.496302 0.466305 -2.967577
0.445188 0.465660 -0.053379
0.496939 0.475818 -3.093281
0.498631 0.498657 0.032662
0.457410 0.472147 0.044179
0.482210 0.485428 -2.810987
0.490822 0.462532 3.035214
0.491998 0.453775 -3.075340
0.474025 0.488453 3.019695
0.488047 0.474771 -3.020024
0.481778 0.477187 2.853477
-0.365720 -0.377098 0.628256
0.480237 0.446139 3.120023
0.480148 0.463473 -3.019775
0.494714 0.457344 -0.283849
0.472569 0.492317 -2.993720
0.498714 0.452703 3.122155
0.293271 0.495067 0.176894
0.498536 0.499964 -3.027211
0.490168 0.497036 -3.067544
0.490264 0.464754 3.010071
0.470053 0.485296 -3.014092
0.493960 0.475745 -2.888263
0.497383 0.448384 0.014315
0.487714 0.499929 -3.027942
0.481256 0.464933 3.071974
0.495312 0.484802 -0.160947
0.487369 0.460189 -2.927031
0.461073 0.492452 0.019877
0.496943 0.493704 -3.105472
0.492319 0.478878 0.109411
0.480634 0.465997 2.842942
0.489589 0.471840 -3.052554
0.497838 0.459698 -0.025432
0.499361 0.479098 2.820771
-0.326010 -0.472972 -0.120727
0.468768 0.476621 0.020073
-0.359091 -0.402078 0.635992
0.479465 0.469422 -3.023213
0.491499 0.471838 -3.033512
0.493691 0.483183 -2.890087
0.483579 0.467579 -2.865738
-0.313534 -0.403265 0.721599
0.483499 0.476399 -3.053934
0.495883 0.490941 -3.127816
0.485831 0.486734 3.136308
0.485943 0.481844 -3.088832
0.468558 0.488088 -0.065850
0.495985 0.477136 -2.848656
0.491421 0.491768 2.847674
0.472748 0.495894 3.024836
0.468782 0.490846 0.014820
0.477729 0.486766 -3.100297
0.489928 0.484478 -2.839192
0.276944 0.477245 0.068724
0.495545 0.491308 0.063540
0.474954 0.480572 3.107563
0.497894 0.482617 0.065623
0.477793 0.481302 -2.834264
0.487555 0.473663 3.008246
0.492057 0.439409 -0.052541
0.492583 0.498618 2.990851
0.475953 0.494936 -2.808431
0.474514 0.487864 3.073384
0.468661 0.487666 -0.057071
0.498858 0.459434 -3.049538
0.486448 0.494181 -3.079869
0.479539 0.487728 -3.113230
0.482684 0.449861 -0.260486
0.475143 0.483132 2.930138
0.488783 0.487524 3.097658
0.474701 0.492457 -3.107174
0.478220 0.488902 -3.123620
0.494847 0.489196 3.031058
0.487738 0.483821 0.160844
0.494200 0.484830 -0.055735
0.480306 0.463712 -3.059158
0.494877 0.464636 2.934443
0.270036 0.496185 0.014776
0.497885 0.491431 2.960727
0.451863 0.490201 -0.001329
0.496798 0.467960 2.958049
0.496881 0.494622 -3.075171
-0.333365 -0.400578 0.625563
0.494897 0.472915 0.160971
0.482821 0.474544 -3.131201
0.499371 0.462388 2.893416
0.480669 0.452969 3.098750
0.469505 0.485555 -0.106931
0.479526 0.464171 -3.120976
0.477294 0.481642 3.032536
0.490797 0.472282 -3.067541
-0.367192 -0.385187 0.783499
0.483709 0.477897 -3.095019
0.472546 0.483944 -3.066681
0.468812 0.487905 0.247795
0.487564 0.470500 3.139988
-0.347172 -0.494930 -0.203872
0.473388 0.494177 3.091611
0.494061 0.491006 3.027011
0.468419 0.493182 -0.243545
0.491209 0.462618 3.137607
0.476888 0.458382 3.090844
0.496763 0.487659 -0.139079
0.487674 0.469200 3.118387
0.482020 0.483574 -3.048345
0.492171 0.486815 -2.861621
0.486121 0.489753 -3.011738
0.466596 0.488552 0.133899
0.482403 0.482229 -3.130897
0.478301 0.497025 2.994398
0.491616 0.436915 2.991073
0.497744 0.458109 -2.829322
0.498431 0.496444 2.972960
0.496444 0.482461 3.114265
0.492733 0.492910 -0.164436
0.482468 0.427082 -2.953366
0.484194 0.474035 -3.078545
0.490066 0.497217 3.049260
0.475681 0.490078 -3.114493
0.471090 0.451045 -2.887104
0.483286 0.486267 -2.961698
0.478863 0.496222 -3.110629
0.448273 0.483877 -0.387107
0.486630 0.462561 3.040984
0.494277 0.456908 -3.071279
0.488404 0.485849 3.068785
0.477793 0.481333 3.052178
0.498930 0.497263 2.993533
0.498848 0.468993 3.102437
0.483841 0.489730 3.070768
0.471781 0.494230 3.049112
-0.370613 -0.493893 -0.191686
0.482481 0.454346 3.085147
0.466704 0.483621 -0.108953
-0.373083 -0.481431 0.323236
0.488504 0.492917 -2.960709
0.491860 0.437002 0.073997
0.491801 0.483774 -0.072390
0.495095 0.476485 -3.090231
0.498482 0.479942 -0.141209
0.496073 0.481929 -3.138515
0.495860 0.444785 -0.227214
-0.252315 -0.448385 1.322340
0.487792 0.474447 3.044084
0.498530 0.490746 -3.071254
0.495760 0.495430 -3.044733
-0.346755 -0.454848 0.142056
0.479505 0.496753 2.836722
0.497074 0.487432 -3.086701
0.486824 0.465525 0.048170
0.481032 0.492271 -3.108226
0.499300 0.475866 3.125860
0.495182 0.489741 -0.019570
0.486354 0.433690 -2.977266
0.496744 0.454737 0.320808
-0.354062 -0.374182 0.658482
-0.356579 -0.499778 0.128551
0.499991 0.453271 0.072209
0.494301 0.478187 2.834660
0.489782 0.477279 3.068394
0.469450 0.485803 0.128989
0.480040 0.470305 -3.113890
0.481737 0.495087 -3.004447
0.496831 0.495622 3.129395
0.488981 0.447875 -3.036717
0.499715 0.441111 -3.113843
0.492660 0.465726 0.101274
-0.354893 -0.394508 0.616684
0.493728 0.491778 -0.060388
0.497065 0.431039 3.005244
0.495463 0.481794 -0.110519
0.495716 0.484036 -2.942645
-0.399769 -0.353633 0.505137
0.491797 0.462462 -3.026249
0.476898 0.466996 3.104381
0.487438 0.443272 3.077637
0.493838 0.497954 -0.100159
0.495466 0.458437 0.023224
-0.292935 -0.311662 0.805046
-0.388565 -0.378695 0.900871
0.476640 0.498016 -3.053514
0.497497 0.427995 3.065694
0.498768 0.492454 -0.102167
0.483727 0.499786 3.058007
0.490689 0.459594 -2.979972
0.489932 0.498406 -3.139380
0.484370 0.477707 -3.038727
0.480796 0.457405 -3.130317
0.493407 0.475233 -3.081543
0.491823 0.477098 0.065832
-0.354998 -0.491199 0.229881
-0.263046 -0.312411 1.066318
0.488159 0.457549 3.073340
-0.355470 -0.385933 0.546762
0.498226 0.464623 3.079725
0.497813 0.476469 -0.141750
0.485309 0.480743 -2.945335
0.491164 0.486702 3.006461
0.498255 0.473816 -0.308356
0.497663 0.468515 -3.103613
0.483123 0.497782 -3.113527
-0.334421 -0.384190 0.254850
0.489620 0.478504 -3.045915
-0.328535 -0.415182 0.495176
0.471048 0.490203 -3.019156
0.284580 0.485561 0.297424
0.480736 0.467139 -3.112439
0.497709 0.494554 -0.080447
-0.330229 -0.383336 0.366572
0.479034 0.484871 2.808716
0.493587 0.484839 -3.060821
0.494391 0.492065 3.119856
0.496024 0.443484 2.903897
0.488953 0.490261 0.030592
0.480219 0.496288 -2.962179
0.490380 0.460167 3.123249
-0.368954 -0.391554 0.464289
0.493381 0.484473 -2.985379
0.484209 0.494204 -3.105787
0.498613 0.472806 -0.054809
0.488992 0.434328 3.120370
0.464962 0.488742 -0.067519
0.477018 0.485143 -2.856178
0.498385 0.499956 0.116622
0.490635 0.499181 0.042893
0.492659 0.487444 -2.929480
0.477681 0.482064 3.009486
0.470598 0.487599 -2.873598
0.490646 0.482415 -3.138583
0.486138 0.454509 -0.160985
0.496354 0.473074 2.993101
0.473066 0.438200 3.075862
0.499587 0.470104 -0.075021
0.478862 0.467349 -3.000138
-0.323092 -0.466817 -0.022545
0.478654 0.485130 -3.064727
