-0.483328 -0.472155 4.105292
-0.458036 -0.116147 -5.592892
-0.496748 -0.370435 5.632568
-0.481043 -0.373596 5.516833
-0.435685 0.368516 5.456321
-0.473113 0.319966 -3.742615
-0.497733 0.358056 6.175015
-0.448634 0.398853 5.293684
-0.437516 0.367529 4.810445
-0.463060 -0.234874 -4.780334
-0.453203 -0.398834 5.806965
-0.493243 -0.083359 7.048304
-0.432556 -0.084649 -4.523998
-0.314982 0.486732 -3.330098
-0.469963 -0.359020 -5.365553
-0.495247 -0.375406 5.577353
-0.489222 -0.217185 8.683877
-0.242211 0.475842 -4.007167
-0.415508 0.332368 2.465926
-0.466921 -0.134454 -4.554444
-0.492883 -0.106108 7.562170
-0.481738 -0.394117 4.865556
-0.480955 -0.106502 7.653684
-0.472689 -0.140752 7.523177
-0.476379 0.400809 -4.822818
-0.482844 -0.141940 -4.206738
-0.441486 -0.110295 -5.247346
-0.435015 -0.110005 -4.875117
-0.477018 -0.373899 5.133483
-0.488609 -0.124074 7.603315
-0.476128 -0.068809 -4.786516
-0.485809 -0.154706 -4.714941
-0.487824 -0.410394 5.832019
-0.472466 -0.357822 3.587704
-0.408624 0.333108 2.544514
-0.484225 -0.105649 -4.318962
-0.484535 0.410623 -3.085981
-0.490694 -0.463873 4.499071
-0.465029 -0.127657 -4.360859
-0.476344 0.372296 8.924267
-0.453997 -0.470960 -1.993573
-0.449347 0.332656 6.198514
-0.499278 0.375313 5.138275
-0.479444 -0.405906 4.581340
-0.442651 -0.397968 5.748519
-0.494876 -0.105775 -5.038955
-0.459572 -0.053398 -3.920362
-0.480222 -0.471567 -5.795450
-0.459502 -0.193730 -5.806489
-0.438207 -0.164741 6.234009
-0.494179 -0.075169 7.171541
-0.486404 -0.432161 6.820548
-0.468608 -0.494612 -3.480179
-0.444917 0.347081 5.065439
-0.469090 -0.235563 -4.764392
-0.463696 -0.064913 -3.634155
-0.483030 0.496980 -2.897055
-0.442256 0.346054 3.347567
-0.473377 -0.134840 -6.128974
-0.460731 -0.059357 -3.953103
-0.490352 -0.206034 8.838744
-0.477146 -0.137744 7.477272
-0.422644 0.327810 4.980819
-0.485465 -0.387495 5.412779
-0.491708 -0.106385 7.628235
-0.436140 0.373678 5.047793
-0.446854 0.344769 -6.036602
-0.481754 -0.376666 4.706486
-0.436648 0.405916 2.444598
-0.444784 -0.481558 -4.534049
-0.456636 0.378168 5.472777
-0.451283 -0.019790 -5.128328
-0.497438 0.315785 4.734580
-0.497275 -0.125203 -5.032333
-0.499774 -0.012135 9.154720
-0.495318 -0.261404 9.058765
-0.491702 -0.075453 7.037077
-0.430527 0.407374 2.782155
-0.475142 0.419931 -5.085897
-0.466837 -0.224608 -4.902966
-0.471241 0.409271 -2.900630
-0.488686 -0.222962 8.809173
-0.433819 -0.175887 -5.857191
-0.497241 -0.085792 7.595988
-0.452951 -0.089463 -4.425227
-0.492023 -0.462573 -1.951195
-0.487347 -0.396151 5.286091
-0.401370 0.301480 3.309271
-0.426052 0.323516 4.379864
-0.495515 0.357702 -2.531942
-0.481687 -0.332909 -2.589270
-0.443665 0.421823 -2.598837
-0.431081 -0.226150 -5.041606
-0.436537 0.359864 5.647033
-0.465380 0.420329 -2.944472
-0.476199 -0.145047 -5.579645
-0.413232 0.226027 3.021828
-0.261910 0.466553 -4.149861
-0.499594 0.370708 -2.120857
-0.488005 -0.120495 8.239549
-0.481554 -0.092582 6.625797
-0.466286 -0.367513 3.524751
-0.486985 -0.473313 -5.463796
-0.494046 -0.414413 5.105574
-0.482571 -0.135813 -4.632806
-0.443228 -0.103719 -5.047286
-0.477726 0.398203 -3.841868
-0.449830 0.433431 -2.830108
-0.485611 -0.377241 -2.801301
-0.494498 -0.449434 5.319992
-0.459949 -0.094794 -6.220480
-0.479963 0.411374 -3.297680
-0.464656 -0.128836 6.036945
-0.451672 -0.100197 -5.144490
-0.463348 -0.313887 -4.381998
-0.498350 -0.499797 -0.005681
-0.402905 0.309145 2.687963
-0.404690 0.335520 1.936832
-0.481731 0.389723 -3.779076
-0.490629 0.409541 -3.032136
-0.494375 0.383202 -2.285154
-0.457632 0.409338 4.552477
-0.483675 -0.413144 9.082520
-0.451413 0.435200 -4.033931
-0.466600 -0.366021 4.614771
-0.448189 0.466931 -2.837359
-0.439167 0.392147 4.480421
-0.279799 0.126432 -5.826836
-0.479454 0.403717 -3.041382
-0.480807 -0.104018 -4.551693
-0.484998 -0.207733 8.506288
-0.444486 -0.407515 5.779756
-0.492469 -0.114189 6.955988
-0.461486 -0.067824 -3.730773
-0.474651 -0.364515 7.945219
-0.479752 0.393402 -3.898531
-0.460038 -0.143156 -4.522123
-0.443151 0.410780 3.225912
0.238770 0.439456 -3.166468
-0.463387 0.397490 -2.301547
-0.469241 -0.116865 -5.197796
-0.479565 -0.168190 7.652196
-0.432521 0.267160 -5.450809
-0.488467 -0.379300 -2.983941
-0.474778 -0.006846 5.945857
-0.495156 0.366658 5.095652
-0.479807 0.391450 -3.672689
-0.470448 0.421032 -6.165922
-0.473855 0.428318 -2.561001
-0.462937 -0.211297 -5.555413
-0.489694 -0.407745 -2.983115
-0.397163 0.288588 3.029725
-0.468858 -0.392008 -5.730027
-0.449742 -0.109035 -5.213510
-0.490877 -0.237780 8.506514
-0.494090 0.403955 6.384386
-0.448871 -0.291442 -5.236644
-0.460784 -0.380367 3.534157
-0.493210 0.322710 9.177902
-0.447388 0.391661 -3.162210
-0.491084 -0.421269 5.671463
-0.473879 -0.137484 -4.403342
-0.306774 -0.089277 -5.700038
-0.433917 0.382890 2.590745
-0.494722 -0.093067 7.799161
-0.466884 0.406275 -2.577733
-0.494885 -0.404593 5.247315
-0.487193 0.182590 -3.638566
-0.443577 -0.106926 -4.579217
-0.489593 -0.055369 -4.268410
-0.499289 -0.238279 8.564441
0.411483 0.180253 1.390846
-0.482472 0.398671 -3.480003
-0.419629 0.313247 3.506910
-0.485590 -0.163615 8.364059
-0.435569 -0.214211 -5.316073
-0.466456 -0.391120 -5.733355
-0.498062 0.367448 -2.613628
-0.456216 -0.395993 6.111700
-0.484464 -0.076841 7.417905
-0.443403 -0.101857 -4.777166
-0.479703 -0.103672 6.883117
-0.464705 -0.082920 -5.576920
-0.493424 -0.129694 8.013235
-0.485005 -0.116339 7.013414
-0.447264 0.352600 5.105444
-0.455001 -0.065390 -3.904241
-0.461056 -0.364351 6.255909
-0.495912 -0.234055 8.584628
-0.425122 -0.183096 5.687842
-0.442520 -0.202642 -2.776452
-0.462854 0.433105 -2.792314
-0.483490 0.399791 -3.571229
-0.429027 -0.210055 -5.837393
-0.420083 0.394612 3.152608
-0.481985 -0.080429 -4.633342
-0.483647 -0.383145 5.401949
-0.461682 -0.468291 -0.527732
-0.499508 -0.268608 -2.674269
-0.499547 -0.100002 -4.771594
-0.472556 0.412004 -2.768700
-0.467970 -0.133531 -4.291118
-0.445276 -0.133050 4.987426
-0.487253 -0.422405 5.119586
-0.492045 0.367784 5.920054
-0.462180 0.334248 -5.182209
-0.444314 0.354962 5.373154
-0.426201 -0.187867 -6.059443
-0.499050 -0.123651 6.906087
-0.414634 0.396753 2.886398
-0.498465 -0.426160 5.341812
-0.436588 -0.113653 -5.403772
-0.466361 -0.487778 8.587359
-0.483413 0.401000 -3.613619
-0.356476 -0.285281 0.892099
-0.479608 -0.123706 7.741377
-0.182168 -0.292742 -2.846145
-0.456725 -0.456007 2.978226
-0.485352 0.360225 6.210936
-0.448501 -0.094502 -4.866705
-0.466233 -0.287305 -3.421952
-0.457564 -0.376470 3.214117
-0.498836 -0.450124 -1.847942
-0.482140 -0.171693 8.607521
-0.454674 -0.088587 -4.615545
-0.478864 -0.144468 -4.307479
-0.498379 -0.472916 8.422694
-0.405886 -0.256684 6.234382
0.343181 0.467918 2.228454
-0.437667 0.409685 3.198226
-0.493716 -0.479289 -4.642583
-0.462518 -0.473154 12.538515
-0.420690 0.043631 2.678862
-0.486905 -0.093312 7.216153
-0.475134 -0.215390 7.506665
-0.490973 -0.451967 -2.312843
-0.448553 0.382587 -5.507935
-0.452177 0.406541 -3.262892
-0.486706 -0.138021 7.645917
-0.489028 -0.247115 7.978435
-0.477868 -0.393723 5.253489
-0.451709 -0.060902 -3.740787
-0.453212 -0.134186 5.943186
-0.486914 -0.194397 8.447615
-0.443582 0.388912 5.385871
-0.425116 -0.125071 5.669307
-0.485384 -0.209468 8.672487
-0.436448 0.372189 5.184817
-0.499918 -0.346606 -2.380504
-0.480741 -0.235717 -4.375111
-0.471898 -0.372625 4.869868
-0.421844 -0.063229 -3.958907
-0.463143 -0.468460 -0.786018
-0.491906 -0.085173 7.076672
-0.466938 0.390644 -2.958860
-0.483387 -0.139135 -4.469301
-0.478848 -0.489374 -3.586046
-0.487343 -0.116102 -5.610827
-0.455831 -0.375265 6.075797
-0.405496 0.073960 -4.069546
-0.477370 0.394131 -3.732667
-0.430790 0.357298 4.915859
-0.477341 -0.398101 9.306666
-0.451608 0.115211 5.192811
-0.440295 0.363670 5.618911
-0.463799 -0.390157 6.211908
-0.426818 0.385191 2.813875
-0.497906 -0.058022 7.571546
-0.471251 -0.404627 -5.925089
-0.486052 -0.387971 5.489606
-0.481287 0.407249 -2.942752
-0.490434 -0.247170 8.362467
-0.428964 -0.121771 -5.759516
-0.450655 -0.356638 6.179192
-0.485525 -0.106140 -4.478842
-0.492260 0.409768 6.558672
-0.479793 0.415482 -5.534182
-0.438628 0.375489 5.345754
-0.499000 0.371449 5.302134
-0.423914 -0.119671 -6.277175
-0.499545 -0.069120 7.472808
-0.421740 0.307216 4.466837
-0.488287 -0.462198 5.381271
-0.423447 0.097646 -3.966185
-0.443752 0.364208 5.051231
-0.481823 -0.092278 7.071400
-0.486558 -0.124149 7.122519
-0.493605 0.379511 -2.784407
-0.449950 0.411052 -2.101646
-0.432852 -0.124734 -4.916629
-0.278549 0.328449 0.794674
-0.485517 0.423242 -5.472824
-0.471085 -0.073351 -4.600398
-0.453722 -0.144234 -4.674621
-0.478680 -0.229974 7.703425
-0.427835 -0.499705 -5.043010
-0.471942 0.418163 -6.254266
-0.483899 -0.375241 5.669349
-0.494808 -0.380995 -2.693452
-0.464266 0.398800 5.210627
-0.476928 0.408408 -3.239024
-0.488249 -0.057977 -4.351549
-0.460102 -0.053136 -3.991889
-0.455103 -0.469129 -0.466596
-0.450109 0.385604 5.947854
-0.334651 0.087503 -4.384550
-0.492965 0.408209 6.114659
-0.487983 -0.376896 9.290104
-0.442161 0.375303 2.403201
-0.494177 -0.143001 -4.115657
-0.498702 -0.129116 7.353160
-0.494384 0.119081 -2.872585
-0.498931 -0.127986 8.002668
-0.440486 -0.400996 5.416527
-0.433565 -0.201173 -5.732751
-0.445387 -0.086657 -3.866000
-0.497962 -0.342419 9.260804
-0.449000 0.406740 -1.979522
-0.497705 0.332375 -5.231273
-0.445472 -0.098050 -4.064859
-0.475141 0.413848 -3.017068
-0.374850 -0.314456 0.701959
-0.451105 0.366502 6.041279
0.349981 -0.380732 1.096413
-0.484194 -0.070379 -4.351000
-0.451810 -0.360834 3.024839
-0.475595 0.411329 6.059353
-0.497128 -0.074477 -4.143320
-0.492545 -0.070125 -4.367185
-0.427756 -0.140182 4.621328
-0.438742 0.371354 5.165115
-0.482633 -0.276222 -5.875683
-0.492122 0.372211 -2.411293
-0.471926 -0.110853 -5.924198
-0.474198 0.404832 -3.162344
-0.489108 -0.454309 -1.384750
-0.446645 -0.406225 6.064194
-0.498079 -0.216327 -6.075606
-0.495438 -0.493382 8.799655
-0.448361 0.373232 5.591791
-0.494868 -0.182584 -5.218754
-0.275394 0.382099 -1.092544
-0.467730 -0.114392 -5.492614
-0.437489 0.393971 4.006647
-0.438778 -0.171012 -5.708748
-0.457345 -0.384164 3.790591
-0.412554 0.062058 -4.106744
-0.467660 0.400084 -2.531557
-0.483536 -0.154376 7.192231
-0.431154 -0.066663 -4.257853
-0.461334 -0.127478 5.640342
-0.488932 0.380385 -4.131569
-0.477487 -0.455056 -1.924182
0.080804 0.011528 -4.936040
-0.495136 -0.399384 5.673363
0.107844 -0.233255 -4.334364
-0.477343 0.034899 -5.936465
-0.475750 0.390196 -3.710818
0.256231 0.376289 -3.257380
-0.465671 0.002536 3.684244
-0.482286 0.377895 8.979587
-0.484140 -0.116032 7.597683
-0.480081 -0.100991 7.396774
-0.475118 -0.474918 5.844729
-0.498534 -0.379585 5.421434
-0.480168 -0.495656 8.571466
-0.464900 -0.351764 2.895285
-0.472372 -0.138054 -4.049485
-0.441339 0.383411 2.091392
-0.450567 -0.130412 2.709673
-0.436646 0.371698 5.306284
-0.461455 0.055564 -4.841636
-0.494765 -0.069123 7.584015
-0.439981 -0.108424 -4.914533
-0.499685 0.448182 -3.547646
-0.428987 0.360325 5.005015
-0.494610 -0.053772 7.718359
-0.479936 -0.459194 -1.184893
-0.488018 0.426636 -5.189046
-0.487151 0.384177 -4.284871
-0.449044 0.352013 5.837873
-0.461355 -0.242418 -4.746464
-0.471235 -0.076572 -5.044113
-0.241423 0.480641 -4.131248
-0.471669 -0.025536 -4.884566
0.428280 0.497622 10.800136
-0.308999 0.496805 -3.232609
-0.466523 -0.396226 4.226653
-0.423828 0.359492 4.511272
-0.483076 0.404137 -2.878499
-0.451861 0.370132 5.591005
-0.497698 0.370717 -1.912057
-0.484742 0.400097 -3.719851
-0.496080 -0.077228 7.306705
-0.491152 -0.166226 -5.234727
-0.479439 0.402131 -3.582138
-0.490588 -0.057921 -4.616448
-0.461791 0.385905 -3.603215
-0.448737 -0.392729 5.677942
-0.498044 -0.379792 5.594310
