0.175490 -0.492390 3.109916
0.247434 0.498028 -0.087900
0.433844 0.273691 -1.779498
0.451237 0.330244 -1.409007
0.235697 0.491449 -0.165836
0.460235 0.346529 -1.488428
0.290317 0.484514 -0.145642
0.491600 0.305818 -1.642897
0.261097 0.482047 -0.317063
0.214768 -0.468429 -3.088211
0.218294 -0.451027 3.048721
0.462632 0.366974 -1.690333
0.273206 0.499423 0.117125
0.461322 0.351097 -1.455903
0.167699 -0.499383 -3.052230
0.171914 -0.496810 -2.846890
0.224990 0.493620 -0.018308
0.190774 -0.464430 2.982360
0.326818 -0.455721 3.023105
0.227065 -0.452855 -3.021276
0.444680 0.281227 -1.762676
0.428174 0.060563 1.709086
0.258842 0.463373 0.087032
0.233218 -0.473181 3.117787
0.186046 -0.493894 -3.118524
0.235785 -0.432534 -3.103628
0.223943 0.474224 -0.190440
0.174685 -0.493250 -3.000169
0.178605 -0.483403 3.063916
0.481523 0.345646 -1.732636
0.227817 0.475574 0.073891
0.485267 0.359781 -1.641530
0.251201 -0.465596 -3.138626
0.164783 -0.495870 2.979396
0.160855 -0.493122 -2.914719
0.309564 0.474017 -0.170650
0.245721 0.490408 -0.253545
0.220063 0.496372 -0.109848
0.231624 0.497435 0.203241
0.175836 -0.496984 2.992753
0.269146 0.468611 0.051865
0.224508 -0.445793 -2.916995
0.218356 0.480411 0.140814
0.206423 0.490712 0.074263
0.433906 0.312622 -1.358654
0.294268 0.482674 0.112532
0.315417 0.332449 -0.049391
0.258016 0.497271 -0.026842
0.175982 -0.480641 -2.918284
0.172560 -0.478056 3.122686
0.178345 -0.495044 2.819127
0.237176 -0.424125 -2.939202
0.231427 -0.433993 3.038201
0.212034 0.489722 -0.013100
0.274644 0.499494 -0.197008
0.231995 0.472484 0.054784
0.217583 -0.498345 -3.098104
0.237356 0.476181 0.022548
0.262829 0.475598 -0.084422
0.233662 0.467755 -0.107706
0.246954 0.494947 -0.098392
0.318102 0.272993 -0.311444
0.271726 0.497238 0.159083
0.265799 0.484773 -0.204750
0.463699 0.347058 -1.594170
0.243074 -0.430256 2.911628
0.257555 0.489889 -0.015646
0.434666 0.281919 -1.780127
0.499900 0.331455 -1.480988
0.256225 0.481405 0.134243
0.182989 -0.488380 -2.929996
0.459318 0.346591 -1.519859
0.173136 -0.494774 2.959943
0.319266 0.100052 2.105126
0.257378 0.492096 -0.056648
0.240118 0.495873 0.083646
0.167164 -0.490032 -2.896300
0.244255 0.483837 0.140815
0.456197 0.345091 -1.651385
0.224566 0.470374 0.106336
0.164784 -0.494874 -3.134460
0.461466 0.332614 -1.495781
0.261885 0.495768 0.009068
0.169039 -0.495741 3.100778
0.173001 -0.485049 -2.761228
0.430659 0.309926 -1.755837
0.175244 -0.470793 -2.864746
0.221102 -0.485808 3.113280
0.188434 -0.487889 -3.140280
0.492617 0.283704 -1.815111
0.237453 0.493699 -0.103962
0.189776 -0.499578 3.009956
0.229453 -0.460346 -2.968202
0.190294 -0.492727 -2.913633
0.167849 -0.497518 -3.071894
0.254548 0.476311 -0.075677
0.282146 0.497844 0.176525
0.221489 -0.477841 2.993350
0.469196 0.366701 -1.397786
0.226106 0.492521 0.188182
0.250638 0.497680 0.284394
0.216329 0.499889 -0.129655
0.184943 -0.490251 -2.969301
0.283518 0.490007 -0.041337
0.175213 -0.496816 -2.985815
0.442532 0.296574 -1.880416
0.209357 0.461077 0.171017
0.217482 0.493773 0.131312
0.212921 -0.450562 3.134800
0.175301 -0.466667 -3.093209
0.276523 0.466279 -0.162779
0.162339 -0.499647 -2.900216
0.467011 0.371306 -1.839686
0.254085 0.485150 -0.068192
0.162411 -0.492428 3.112396
0.228789 -0.488119 -2.851250
0.256680 0.480652 -0.019542
0.224944 0.491787 -0.208101
0.224791 -0.465760 3.078255
0.335079 -0.392668 3.070639
0.177521 -0.491860 -3.020222
0.221882 -0.445728 -3.116772
0.186701 -0.499574 -3.133684
0.164112 -0.482196 -2.833906
0.174658 -0.497772 -2.969206
0.226522 0.498937 0.105539
0.163232 -0.489880 -3.004787
0.474277 0.366178 -1.847663
0.300667 0.469834 -0.052154
0.326134 0.359050 0.040052
0.214345 -0.479136 3.095838
0.224384 0.496565 0.038271
0.430325 0.303610 -1.654241
0.209731 0.496897 -0.119942
0.215171 -0.477590 3.130643
0.257263 0.493086 -0.143053
0.175564 -0.497187 2.986942
0.454293 0.322303 -1.661375
0.245252 0.499394 -0.013858
0.244704 0.481863 -0.055281
0.257614 0.487966 -0.021806
0.265575 0.482504 0.132660
0.227359 -0.475124 3.042614
0.221780 -0.447025 3.137304
0.202112 0.483521 0.021407
0.498837 0.273508 -1.646283
0.186492 -0.499000 -2.984514
0.184917 -0.496722 3.047107
0.175606 -0.497512 3.007220
0.268963 0.489997 -0.047400
0.166102 -0.499904 2.901241
0.214602 -0.493497 3.119504
0.243586 0.490462 -0.064399
0.215028 -0.493928 -3.055154
0.164509 -0.499811 2.861083
0.234320 0.485593 -0.060320
0.473427 0.271434 -2.182392
0.220751 0.495611 -0.000393
0.251661 0.473379 -0.048790
0.264656 0.496732 0.022132
0.491810 0.327877 -1.487591
0.252483 0.498714 -0.146299
0.207517 0.475288 0.100477
0.326629 0.356677 -0.048838
0.499883 0.313856 -1.565919
0.266794 -0.415977 3.081208
0.178148 -0.485823 3.107503
0.170319 -0.493299 2.904834
0.262861 0.497481 0.052966
0.280329 0.499749 0.245201
0.470834 0.374951 -2.003440
0.477809 0.365968 -1.117609
0.225496 0.499604 -0.035626
0.195848 0.465513 -0.095683
0.178378 -0.498303 3.114541
0.259061 -0.439873 -3.002204
0.174265 -0.483465 -3.053323
0.177668 -0.486708 -3.032097
0.242141 -0.440059 -3.139308
0.496159 0.317640 -1.332996
0.233783 0.484995 0.330024
0.224140 -0.459355 -2.966760
0.260895 -0.451842 3.010008
0.498693 0.293740 -1.912543
0.175307 -0.489138 3.041048
0.460015 0.385929 -2.010308
0.198920 -0.495215 -2.854959
0.174252 -0.499683 3.006914
0.279685 0.495561 -0.181538
0.251223 0.491969 -0.139611
0.165646 -0.489202 -3.115277
0.492786 0.314573 -1.339481
0.223532 0.492803 -0.136115
0.255792 0.487090 -0.049119
0.270105 0.496525 0.071631
0.169339 -0.473096 -2.958205
0.248408 0.475946 0.065485
0.284499 0.465418 0.029831
0.223350 -0.463096 -2.887350
0.263329 -0.439561 -3.018523
0.240354 0.493083 0.022743
0.483570 0.291741 -1.823555
0.188563 -0.499292 -3.044780
0.484773 0.351706 -1.579172
0.170734 -0.486596 -2.911721
0.191649 -0.491095 -3.111892
0.276577 0.490006 0.106047
0.284300 0.485185 0.002522
0.458041 0.353230 -1.387662
0.237885 0.498989 -0.078210
0.237847 0.481691 0.236590
0.228022 -0.455614 2.943944
0.201898 0.484420 0.099211
0.252415 0.499927 -0.232029
0.272734 0.486716 -0.284044
0.250715 0.489440 -0.040681
0.426692 0.307436 -1.494035
0.178274 -0.494638 -3.012522
-0.316146 0.095779 -1.029557
0.258977 0.487595 0.041811
0.431283 0.317583 -1.510920
0.238139 -0.443447 3.095955
0.279697 0.476869 0.115857
0.195207 -0.495600 -3.133261
0.214513 -0.479811 -3.135145
0.301617 0.470749 -0.004979
0.168839 -0.491422 -3.070241
0.172850 -0.487063 3.084166
0.218920 -0.480465 -2.873949
0.300515 0.481451 -0.052118
0.236351 -0.456020 3.081052
0.266883 0.481046 0.052651
0.229973 0.481744 0.084122
0.496077 0.318537 -1.462119
0.467130 0.357175 -1.804252
0.263944 0.494913 0.187631
0.255270 0.490684 0.120516
0.219320 0.496706 -0.008879
0.178032 -0.497599 -3.124315
0.462584 0.331946 -1.604952
0.211589 0.491262 -0.102643
0.172765 -0.494538 -3.070560
0.461561 0.351402 -1.593175
0.223913 -0.491693 -3.096784
0.227235 0.484538 -0.027460
0.243715 -0.465492 -2.921670
0.453637 0.292482 -1.332409
0.458223 0.345431 -1.822811
0.454685 0.350217 -1.253213
0.169213 -0.490573 -3.090766
0.227461 -0.476996 -2.965045
0.168258 -0.493741 -3.134885
0.467297 0.332646 -1.463672
0.322195 0.493073 -0.307557
0.177743 -0.494726 3.089500
0.251123 -0.470891 -2.965110
0.469452 0.341601 -1.558828
0.493505 0.309284 -1.599715
0.486918 0.294568 -1.248895
0.167526 -0.490288 2.769167
0.308940 0.295418 0.009932
0.289055 0.468094 -0.009945
0.241964 0.465186 -0.152062
0.241431 0.473247 0.081047
0.239605 0.497083 -0.005932
0.231598 -0.473613 3.051272
0.174322 -0.488444 -3.132239
0.208707 -0.492956 3.104841
0.491550 0.320247 -1.669488
0.160162 -0.494934 -3.102856
0.223238 -0.451623 2.879315
0.174114 -0.495417 -3.112392
0.212274 0.498986 -0.082318
0.261452 0.480918 0.005057
0.177746 -0.499017 3.036997
0.162684 -0.490103 2.998864
0.228093 -0.449132 -2.871074
0.324052 0.359152 0.139999
0.445067 0.284941 -1.968825
0.257036 0.492172 0.079360
0.173935 -0.491871 -3.053282
0.222683 -0.473791 -2.988192
0.229000 -0.454432 3.062777
0.229953 -0.437232 -3.060443
0.229188 0.495482 0.362155
0.276676 0.495786 0.169637
0.245658 0.489880 -0.076265
0.426033 0.296010 -1.925034
0.180148 -0.490425 -3.053970
0.232198 -0.431407 2.863123
0.194575 -0.481437 3.118396
0.208671 0.491077 0.220929
0.240606 0.482505 -0.221982
0.193109 -0.494734 -3.097232
0.146012 0.171920 2.103513
0.484481 0.352183 -1.490285
0.224613 0.491336 0.143043
0.170179 -0.498435 -2.991176
0.187766 -0.482267 -2.900588
0.296781 0.478129 0.029536
0.467321 0.338925 -1.513003
0.222349 -0.483681 3.040895
0.249606 0.482644 0.074377
0.194063 -0.497251 3.075882
0.261627 0.492332 0.045222
0.438215 0.299739 -1.737908
0.174694 -0.495308 -2.856673
0.185103 -0.496499 3.043700
0.257030 0.486641 -0.147129
0.170174 -0.493854 2.945951
0.444706 0.307612 -1.668384
0.166204 -0.497122 -2.985228
0.271205 0.486917 0.251665
0.199107 0.486104 -0.092565
0.234430 -0.483789 3.104765
0.185200 -0.495507 3.093895
0.195043 0.441327 0.011617
0.164632 -0.487778 -3.119763
0.217660 0.497782 -0.000986
0.214784 0.485813 0.025153
0.225071 -0.448605 -3.000407
0.236316 0.497770 -0.018190
0.482123 0.317452 -1.514990
0.226996 0.489661 -0.227200
0.318173 0.175845 -0.446602
0.260015 0.495940 -0.041161
0.227484 -0.445496 3.099867
0.233813 0.473606 0.194326
0.435252 0.280279 -1.793361
0.212417 -0.473568 3.005605
0.267730 0.494368 0.168961
0.487688 0.333960 -1.287579
0.342315 -0.478818 -3.122067
0.176092 -0.487018 3.074089
0.231068 -0.444308 3.068876
0.195965 -0.495005 3.129063
0.175072 -0.497082 2.944811
0.462809 0.369355 -1.698356
0.171110 -0.487900 -3.100673
0.293399 -0.460348 3.050540
0.463566 0.327743 -1.638995
0.227807 -0.460184 3.090775
0.181217 -0.471264 -3.116913
0.253469 0.493155 -0.079327
0.492387 0.336573 -1.598235
0.225749 0.496813 -0.097210
0.434676 0.299888 -1.698497
0.258254 0.494416 -0.112801
0.433726 0.314059 -1.406750
0.254906 0.499376 0.305937
-0.297600 0.093226 -1.238792
0.429813 0.288513 -1.805651
0.178098 -0.498310 -3.051811
0.177370 -0.490595 3.109088
0.174881 -0.496563 3.062340
0.174582 -0.488541 3.137125
0.179666 -0.494838 3.002283
0.436444 0.283322 -2.030227
0.462632 0.331473 -1.585203
0.228176 0.494646 0.155076
0.218023 -0.491975 3.014093
0.492801 0.292322 -1.861349
0.226943 0.496749 -0.038289
0.454847 0.362076 -1.445147
0.175929 -0.489314 3.055757
0.465894 0.349750 -1.391569
0.191444 -0.473551 3.139648
0.325424 0.325685 -0.313074
0.171352 -0.483133 -3.057765
0.485827 0.371340 -1.007494
0.443993 0.302490 -1.676214
0.174025 -0.495550 -3.132090
0.169608 -0.484110 -3.130846
0.238384 0.491554 0.003559
-0.148999 0.346590 0.028292
0.449508 0.379338 -1.519243
0.483944 0.348120 -1.178295
0.404197 0.052664 1.832315
0.193431 -0.473926 -2.956930
0.458278 0.314722 -1.713522
0.199864 0.486580 -0.124355
0.179058 -0.490669 3.091443
0.290535 0.480704 0.008031
0.493665 0.313416 -1.550637
0.221766 -0.496864 -3.107326
0.235595 0.472557 0.089703
0.486637 0.330397 -1.632934
0.171967 -0.496588 -2.923921
0.483680 0.316611 -1.666627
0.262887 0.475052 0.116765
0.237286 0.491054 -0.127804
0.183827 -0.494738 -3.137828
0.467611 0.360690 -1.325248
0.183723 -0.487411 -2.964582
0.235012 0.464388 0.018860
0.224387 -0.448566 3.059927
0.487976 0.328451 -1.252502
0.166717 -0.495694 -3.004069
0.296094 0.470226 0.209064
0.193680 -0.492862 -2.991161
