1.290891 2.504973 4.688526
0.456783 1.225841 6.084686
0.480280 0.429291 5.860483
-0.166573 1.365813 -1.339658
0.925436 4.293270 3.642409
2.029219 4.313108 0.167233
0.463249 1.219877 4.676623
-0.377428 0.873165 0.699617
1.795443 0.450006 6.082090
1.529186 0.721073 1.065764
0.243246 0.083636 -4.955891
-0.074365 1.072714 2.785370
-0.213152 0.514305 2.749750
1.608789 1.027740 3.970813
0.483572 0.497784 4.760017
2.246942 0.517050 2.864466
2.469264 4.946290 -3.474284
0.304775 2.909829 -4.512910
0.268662 0.081565 -4.473876
3.332741 4.038870 -3.021331
8.785523 2.232576 4.305780
4.904156 1.021780 -3.198245
1.161016 6.926766 1.277936
-0.016955 2.604956 -2.036447
1.628635 3.173660 -2.022132
3.589149 1.241633 5.081780
0.911673 4.270878 3.698637
0.811507 6.705091 2.380195
-0.153494 4.207333 2.169910
0.640232 4.687289 -2.751142
2.903925 1.198793 -0.615215
-0.006804 2.568863 -3.078050
0.554854 1.213530 4.802915
0.529135 2.754874 1.434673
0.363183 2.926865 -5.472180
0.840531 -0.233237 -5.766762
6.008509 2.999153 1.508814
3.170169 1.312094 5.694775
2.532693 2.263458 0.939910
0.312391 0.047489 -4.491472
0.240601 1.891327 3.512515
1.013961 5.100996 2.781947
0.290876 2.922607 -4.780244
-0.162392 3.889959 -0.653836
4.060182 0.430881 3.592112
1.714434 1.298689 5.281612
3.460346 8.555131 -4.447719
0.283921 5.747492 3.597849
2.227360 7.227012 0.451184
0.603130 0.441981 -3.102379
0.479704 -0.288888 4.732985
-0.478131 5.411855 -2.561306
2.239631 1.880588 1.064637
0.272933 2.880791 -4.797897
3.119762 0.497319 6.141070
5.092974 1.185286 -3.713199
3.720481 2.170659 -4.214662
2.095196 5.421002 -4.899867
0.134400 0.891754 -5.026024
2.646635 3.562322 -5.388277
0.915069 5.173188 5.422448
1.430988 3.093691 5.303115
0.777694 -0.109927 -2.636468
-0.168453 -0.008540 4.942351
3.423391 0.284514 5.112947
1.013543 0.032651 -6.153032
0.969869 1.368251 -5.915318
0.792203 0.030545 1.338724
0.197971 0.464816 -3.665455
0.112386 2.719756 -3.647080
1.222129 0.578149 5.356856
0.448276 0.590364 4.179018
0.373728 3.454636 1.993264
-0.346693 2.061563 -2.669277
-0.046217 0.150651 5.054431
0.920681 3.625340 -1.207965
0.519317 2.770273 1.856794
1.276246 1.757037 -5.614352
-0.009719 5.471252 -1.277854
3.029249 2.501362 -5.247948
0.330607 2.956921 -4.059364
0.090137 2.119607 -3.445717
1.783078 3.232781 1.794157
0.530153 3.112188 5.616980
2.183548 3.187725 -1.191510
0.949787 7.028183 -1.765342
1.494269 1.441919 0.665146
1.084884 6.290846 -6.230230
1.559550 3.624410 -1.233751
1.216943 4.067465 -4.117442
6.313792 -0.372801 -3.431921
-0.092738 1.561675 -5.070957
3.496788 3.094740 0.619199
0.528823 1.213439 5.871039
0.249450 0.850935 5.702965
-0.417720 5.882058 1.710812
4.949451 2.478678 -3.455167
0.506394 3.411035 -3.460222
0.576296 0.438278 -2.913342
1.262198 3.308752 3.399765
