0.566553 2.188819 3.435790
0.316864 0.260652 -3.599537
1.972927 0.482453 -1.284979
0.048537 0.786720 3.961253
-0.224347 3.117603 -2.718839
1.593359 2.433835 -4.528815
0.026937 1.184208 4.035407
-0.192387 0.442615 4.283391
0.346582 0.017455 -2.511943
0.904867 -0.352649 3.109731
0.806936 0.877812 4.140712
0.753337 0.354419 -3.390238
-0.381256 1.765371 -0.429236
2.171061 0.598718 2.737658
-0.493935 1.624111 2.111940
1.974428 1.309605 -6.173551
0.813528 4.205248 6.005984
-0.362871 1.586817 1.984354
0.483522 3.715976 4.703676
3.823588 3.046323 1.219050
2.702281 2.645166 5.329406
1.344401 2.055954 -1.500959
0.308624 4.345627 -4.233820
0.220934 1.220428 -4.194646
-0.160009 2.702447 -3.218408
-0.187879 0.796946 4.131889
-0.433257 1.268916 1.187059
-0.212713 4.070352 -3.543612
0.306658 4.357302 -4.249194
1.595969 2.511614 1.325578
3.709553 4.578162 1.154902
1.703212 1.417845 -5.191651
0.084028 0.774429 3.591049
0.492623 3.717873 4.178963
-0.144457 1.166464 3.738592
-0.126436 0.778101 3.998961
1.863525 3.151753 6.052732
0.154055 4.582026 2.325770
0.294075 -0.002586 5.805432
-0.392973 1.274013 1.333167
-0.158082 0.829604 4.487732
0.439361 4.190966 2.641566
0.195672 3.924575 3.320651
-0.215787 3.073995 -2.413102
2.821003 0.425097 -0.421818
0.589738 -0.325474 5.604673
0.894723 6.254847 5.051078
0.625865 2.633985 1.211518
2.529083 6.263630 -2.791026
-0.365720 1.224722 1.375118
0.768509 1.184335 -1.621618
-0.067629 2.681786 -3.773618
0.582611 2.487469 -6.191121
0.500630 3.814198 4.355740
1.018943 4.732011 -0.887536
0.025331 0.805128 3.216117
1.277034 1.565784 1.234284
0.503186 3.728424 4.238158
0.301688 0.261707 -3.836694
0.083889 4.231026 -4.450084
0.184176 4.147630 5.705099
0.456965 0.374159 -0.238949
0.030642 1.138842 3.537139
0.336327 2.108670 -2.937962
2.680219 2.647376 -6.181319
0.322331 0.305751 -3.548165
2.014148 -0.357416 -2.462950
0.585329 0.965302 -2.121265
1.500476 1.325386 -2.001115
0.770944 0.924965 4.817732
-0.169835 2.658127 -2.768405
0.376094 1.160502 1.169621
1.327296 2.881173 0.846719
0.514349 3.953072 0.488690
0.322639 0.391783 3.931588
0.134937 4.296251 6.209990
1.123784 1.130749 5.464091
-0.176364 3.078186 -2.231133
0.524095 3.902477 1.399207
0.908669 0.427180 1.450439
-0.177973 2.715008 -1.897633
0.489160 2.633063 -2.838113
0.088609 4.245738 -0.957025
0.502488 3.892221 1.166359
-0.355969 5.394156 -1.754945
0.010171 7.119837 2.937311
0.042957 2.729978 -1.564087
1.579960 2.326548 6.017006
0.399735 3.101502 4.949864
0.534494 2.561805 -2.167820
3.608725 1.136291 -3.998274
-0.314241 1.450921 2.868139
0.749018 0.868835 3.720420
1.381544 3.735664 3.181400
-0.184618 2.663575 -3.093985
0.429817 4.014957 5.098709
1.040918 0.493630 4.933633
-0.361594 3.753833 4.696150
0.013857 0.808926 3.382595
-0.394349 3.174901 -3.394990
