0.132198 2.412277 -0.968024
0.914393 0.343664 -5.074539
2.977900 0.647108 0.941878
0.705929 1.311981 2.402568
-0.279725 2.522893 -2.062396
1.237762 2.374704 3.970862
0.235520 0.998571 -2.146658
-0.078288 -0.131674 -4.094906
0.297513 0.128040 3.168725
-0.372428 0.306878 -3.219720
0.111002 0.637993 -4.595069
0.213033 -0.222388 -3.457927
-0.302982 0.967168 1.606287
1.513677 1.998269 -4.755872
1.187031 2.717427 1.148385
1.536714 0.889220 3.954418
1.754122 3.943173 6.008768
0.033188 1.521983 -1.299556
0.155183 2.119543 -2.480404
4.226008 3.090893 -4.826046
3.548022 1.976314 -6.201948
2.420409 1.082054 -1.739578
0.257679 5.463045 -4.121327
0.404098 1.601518 -5.096781
-0.196449 1.977241 5.723118
0.497119 0.002042 0.146712
0.559943 2.370569 1.208819
0.257724 4.175335 6.008271
0.464553 4.501614 -1.176788
0.313812 3.241207 4.517217
4.330992 5.098606 -0.191426
3.018836 2.091421 4.002736
0.137460 0.666106 -4.296919
-0.280156 2.728095 -4.445378
0.342230 1.643173 -4.613167
0.074637 -0.142306 0.821877
3.425854 3.242019 -2.174447
-0.097405 5.268150 0.301005
0.278050 0.178664 4.724790
-0.420406 1.674560 3.623768
-0.244557 0.224735 -1.963669
0.459218 5.164359 5.132094
0.323828 3.024124 5.942541
0.005494 2.241507 1.120132
3.079761 0.331178 3.142703
1.169820 0.232004 0.895094
2.310463 6.151289 -5.481836
1.803254 3.794206 -2.961143
1.332061 6.292569 3.639655
0.026700 1.535655 -0.452576
1.025949 1.183736 4.457138
1.201718 2.715380 0.722283
0.297222 3.266477 4.088315
-0.283403 2.591328 -1.907806
1.731046 5.184077 -4.695493
-0.055876 0.648541 5.009621
2.095754 0.202051 -2.533462
0.847530 3.639714 -5.060064
0.497035 -0.270220 -1.765258
1.175487 3.312436 1.076793
0.443352 4.534345 -0.504565
0.537731 0.502180 -4.430564
-0.248417 1.844476 -0.045597
-0.415191 1.730891 3.808984
2.290101 0.944048 4.624596
0.497291 0.007053 2.663280
0.472566 -0.263694 1.180231
0.110988 -0.170202 0.152853
1.304464 0.579177 -0.281420
0.066067 0.494508 -2.227986
0.103936 1.254715 4.439368
0.002272 2.175470 -5.847811
2.120351 3.217758 0.881758
0.408122 3.992576 4.494256
0.437294 0.436784 4.887487
-0.068084 4.037264 3.109529
0.973380 1.331652 -5.870172
0.630778 2.278303 0.628288
0.448667 4.416695 3.323911
1.164092 1.237590 5.750681
0.577997 2.751491 2.381001
-0.130280 2.421036 2.484428
-0.182358 4.031321 -3.555287
1.255876 3.912337 -4.808336
0.200614 4.537793 5.152208
0.954938 6.907323 5.746203
0.099310 2.145978 -2.584672
2.818449 2.399439 -4.297820
0.764731 3.117666 5.716727
-0.053797 3.068809 -5.079212
4.073608 0.973217 5.910699
-0.166217 0.518358 -5.851058
0.933651 0.654252 -6.200132
1.772848 3.736076 -2.899903
0.145314 2.586158 -0.432561
0.666218 3.828655 -6.161429
1.979895 -0.284429 -5.874260
-0.070376 2.245779 0.526378
0.654953 0.674921 -2.178993
-0.332246 3.379653 3.989405
