0.409569 0.169226 5.677013
1.168802 0.187734 2.814469
-0.085003 -0.052120 4.202231
-0.266693 0.147328 2.709914
-0.314519 -0.231633 3.190011
-0.414332 0.554793 -3.756850
-0.224928 0.198413 3.182943
-0.326357 -0.233891 3.658579
-0.131365 -0.401281 4.071792
2.353807 0.151325 -1.538938
0.032325 0.002695 4.086589
0.500087 1.199601 -5.785005
-0.163131 -0.427600 4.893526
-0.073711 -0.323148 4.772205
0.657370 -0.186107 -5.802376
-0.288804 -0.192322 3.793670
-0.393480 0.536779 -6.103713
-0.308972 -0.209181 3.933965
-0.101407 -0.312571 4.312161
0.802135 0.286642 -0.717703
-0.119470 -0.034657 5.139569
-0.107474 -0.018656 4.007297
-0.402657 0.534606 -3.598700
-0.204822 0.493892 4.671692
-0.206747 0.161332 1.828258
-0.113366 -0.389573 4.578363
-0.037225 1.334649 -6.063789
0.913922 1.381678 -4.026790
-0.306448 0.582924 -3.720545
-0.329916 -0.241126 4.613847
-0.442554 -0.011345 4.117619
-0.468667 0.429597 -3.233362
1.107709 0.136069 3.516415
-0.210503 0.201966 2.072105
-0.152467 -0.431038 4.114548
0.210271 -0.255811 -2.183631
-0.088486 -0.027787 4.552187
-0.430890 0.518695 -3.998047
0.591909 1.774487 0.592188
-0.270441 -0.194911 3.498693
-0.319387 -0.220744 4.393110
0.226632 -0.095299 -4.035694
-0.091243 -0.383538 3.040444
-0.290696 0.014764 3.383265
-0.229595 0.206050 3.221313
-0.367945 0.494942 -4.823286
0.390916 1.394239 1.616264
0.017534 -0.040106 3.332621
0.402266 1.012514 -6.182701
-0.276985 -0.200314 3.968153
-0.355587 -0.229687 3.548674
-0.212215 0.208156 2.795923
-0.430499 0.502830 -4.546004
-0.385005 0.482687 -3.890823
-0.075984 1.434709 3.556738
0.077251 0.215575 4.521812
-0.323740 -0.264626 3.645880
-0.391727 0.506252 -3.432800
-0.246991 0.040357 4.346837
-0.321598 0.551146 -3.766128
0.514004 0.031268 1.595063
-0.347230 0.503838 -5.114484
-0.162213 1.021062 3.242081
-0.386346 0.472003 -5.100508
0.466373 1.726796 5.974927
-0.078268 -0.034161 4.684311
1.002662 0.021658 -6.118789
-0.383016 0.540645 -4.805105
0.233960 0.194671 0.367821
-0.069922 -0.025779 4.005135
0.275724 2.371633 -6.194976
-0.073734 -0.024461 4.848100
0.473857 1.578488 -5.408051
-0.127951 -0.095165 3.043769
-0.127461 1.247483 2.959178
-0.311969 0.619772 -4.526558
-0.176164 -0.410199 4.473229
-0.281640 -0.190552 4.144641
-0.416726 0.010130 2.777628
-0.299755 0.586367 -4.624646
-0.125672 -0.340376 5.766695
0.093554 -0.197585 4.768064
-0.426565 0.007212 2.043788
-0.388120 0.525389 -4.506194
0.645432 2.259540 0.681863
-0.393714 0.576577 -5.629241
1.092648 0.172213 3.744540
-0.077578 -0.068856 4.424937
0.003220 0.218986 5.013771
-0.316095 0.565875 -5.648310
1.374598 0.181903 4.859015
0.597089 1.550919 -5.371825
0.198245 -0.452157 4.998714
0.667776 2.243176 1.147541
-0.073643 -0.347804 4.057647
0.040131 0.118294 5.350846
-0.116321 -0.041709 3.927248
-0.305451 -0.177279 3.704895
-0.079007 0.010330 3.337028
-0.338220 -0.198987 3.680873
