0.366323 2.237384 -4.211541
0.085517 0.176691 4.547130
1.846603 0.301059 3.515279
-0.171790 0.638783 -2.470130
-0.399702 3.003615 3.868491
1.561180 2.602710 6.248032
-0.200011 1.067344 -3.339623
-0.366088 0.494698 -4.931603
0.285278 0.182781 1.552943
0.662363 -0.453099 -3.061248
0.773286 0.646734 -1.366002
0.790222 0.547144 0.797131
-0.204083 1.823268 4.241099
2.081176 0.834665 -5.054334
0.517829 1.883480 -5.371706
1.885062 1.471831 2.746435
1.031893 4.082272 -0.428335
0.495006 1.742778 -3.546130
0.559698 3.481616 -1.026304
3.829158 3.274095 -6.112623
2.838470 2.430243 4.519055
1.458000 1.830636 4.644038
0.323146 4.594148 1.828649
0.095378 1.449857 3.126603
-0.385666 2.641569 3.086181
-0.304762 0.562903 -2.655348
-0.387994 1.507889 -4.018219
-0.465163 4.138676 3.951384
0.332969 4.600319 2.144118
1.526875 2.637949 5.898950
3.642228 4.818081 -5.055225
1.914548 1.535504 0.210987
-0.044251 0.730916 -5.516491
0.548577 3.480692 -0.929851
-0.361365 1.268087 -3.830576
-0.302210 0.596673 -2.536363
2.109169 3.131284 5.715747
-0.056789 4.701567 -4.222831
0.295234 0.155719 2.400925
-0.238882 1.464848 -4.909085
-0.302938 0.620020 -1.637115
0.240522 4.323261 -4.431975
0.066794 3.757969 -2.269084
-0.367752 2.865175 3.535019
3.047272 0.503014 1.900017
0.795657 -0.442088 3.953701
0.926969 6.007182 -0.740532
0.844728 2.744490 -0.241033
2.276045 6.318161 3.019512
-0.226012 1.440444 -5.625462
0.697698 1.194807 0.088880
-0.195826 2.891518 1.841918
0.836719 2.527615 0.129478
0.524024 3.556368 -1.029808
1.246925 4.677994 -0.577506
-0.175452 0.891618 -4.214878
1.489969 1.520426 -0.650811
0.528355 3.521042 -0.638472
0.095753 0.201205 4.592216
0.196434 4.176683 6.125844
0.433490 4.064368 -6.222241
0.555278 0.154671 4.222673
-0.223214 1.085759 -3.374706
0.117748 1.982724 2.822435
2.809833 2.449539 5.240615
0.360125 0.251945 0.250022
1.836378 -0.472175 1.691154
0.353736 0.849269 3.718406
1.447935 1.082621 3.261207
0.684239 0.680327 -1.516598
-0.416782 2.646505 2.785069
0.577930 1.191705 5.281636
1.392161 2.739974 4.248824
0.485586 4.172300 -4.097970
0.378364 0.256020 5.644882
0.198798 4.258375 -2.785485
1.349422 1.024279 -0.906863
-0.304815 2.853488 4.469645
0.671472 4.091185 -5.163747
0.993445 0.658848 -5.097385
-0.390326 2.643614 3.777308
0.291134 2.746176 1.357658
0.162637 3.993789 5.291081
0.708525 4.049260 -4.984433
-0.359427 5.169374 6.077897
-0.189114 7.051774 -1.511741
-0.128103 2.579618 3.017742
1.798504 2.217581 6.213226
0.329634 2.854811 -2.794874
0.298585 2.480044 2.701141
3.576089 1.395238 1.498304
0.513949 1.527538 -2.388022
0.722697 0.634376 -1.056713
1.397361 3.602327 -5.989225
-0.438965 2.662889 3.762630
0.353128 3.786543 -2.465931
1.015080 0.299424 -6.133512
-0.382137 3.505106 -1.586445
-0.186816 0.909939 -3.584352
0.409569 3.313779 2.714132
