0.316968 2.498832 1.608581
0.731357 0.528441 4.607106
2.918595 0.478960 -2.738549
0.933921 2.068173 2.200144
-0.474370 2.565118 3.026004
1.080541 1.451590 -1.701485
0.022562 1.122516 1.983695
-0.271682 0.531199 -3.938341
0.100164 0.257261 5.883098
-0.087456 0.070831 1.105042
0.510384 0.609112 5.954071
0.296004 -0.408330 1.745620
0.088171 1.491590 -3.135596
1.059619 2.662097 2.036393
0.613674 2.834217 -2.809057
1.120215 1.377998 -5.415188
2.225612 4.338583 2.069042
-0.139178 0.846464 4.124756
0.780961 1.699678 -4.251845
4.653043 2.508370 6.083632
3.665459 2.049889 -4.706030
2.345354 1.249316 6.130951
1.062605 5.745088 5.719582
1.088829 2.213898 -4.521540
0.430772 1.612616 3.200145
0.787968 0.511419 4.314613
0.450287 2.246984 3.562819
0.687300 3.574687 -4.229767
0.742827 4.085083 -4.707584
-0.352400 2.888564 -5.220593
4.445977 4.832103 -5.151161
2.045129 2.288937 -2.408713
-0.378884 1.044080 2.418792
0.012622 3.542033 -5.095280
0.079187 2.299612 3.728189
-0.266306 0.542760 -3.421973
3.953904 3.277358 1.028552
0.268043 4.812552 3.928068
-0.433941 0.691478 -4.189945
0.691342 1.210849 -6.278374
0.374078 -0.319673 1.342696
0.584773 5.653252 3.452504
-0.032963 2.443928 -2.278078
0.359109 1.914025 4.485075
2.057470 0.471604 -3.318690
0.727753 0.954176 3.626553
2.924820 6.571713 5.202446
1.452591 4.647971 0.751743
1.150475 5.565080 -1.240049
-0.160547 0.850868 3.979567
0.391074 1.031258 -2.741863
0.564618 2.799501 -1.952667
-0.145477 3.007064 5.481071
0.146858 2.590557 2.990479
2.195990 5.396256 -3.785930
0.570421 -0.040505 -6.257095
1.477265 0.066011 2.569096
0.745760 4.077085 -4.901113
0.336018 -0.052919 -3.229336
1.376066 3.322960 0.365385
0.761817 4.067249 -4.746830
0.168221 1.275912 6.075745
-0.305018 1.138011 4.487452
0.028326 2.153786 5.545634
1.480445 0.717636 -2.985450
0.586480 0.946556 -5.534583
0.322376 -0.068700 -2.304291
-0.251500 0.366845 -3.000790
0.833350 0.485866 -2.915022
0.044651 0.333702 6.094501
0.048823 1.118672 1.845833
0.443868 2.436238 -3.143570
1.753734 3.089850 -2.334956
0.125008 3.609569 0.329215
0.666941 0.312470 -2.507897
0.198536 4.599859 0.944188
1.288106 1.039140 -2.077305
0.438166 2.153774 5.445273
-0.180942 4.011569 -3.151880
1.292760 1.029898 -1.574110
0.434082 2.196027 4.529235
0.285548 3.144988 1.537074
0.309577 4.010116 2.435866
1.376542 3.464525 -2.193608
-0.319144 4.257591 -4.943663
0.842460 6.304679 -5.814270
-0.342224 1.779643 0.942137
2.523592 3.127620 1.413454
0.036619 3.278637 -1.471926
0.343039 3.787855 3.565622
4.745733 1.002059 -0.261136
0.251159 -0.071933 -4.377748
1.757503 0.979150 1.645328
1.373119 4.303892 3.242652
0.504755 2.247136 4.771061
0.640659 3.971691 1.836086
2.671371 0.081685 0.173535
-0.156323 2.692140 -1.860092
0.144279 1.260750 1.268597
0.681944 3.382383 -1.952403
