0.653035 2.772069 -1.114611
0.813239 0.525140 5.048044
1.798769 0.425724 2.794848
0.975763 2.727937 -2.774525
0.395756 2.914826 -5.022889
1.041439 1.754244 -3.947301
0.018909 0.831362 -0.094881
0.030540 1.276766 0.245645
0.327157 0.617021 -4.234647
-0.379697 0.607157 -4.090039
0.304353 -0.135079 2.640031
-0.158663 0.234205 3.126992
0.403712 1.147621 2.017350
1.167963 3.719730 -4.155543
-0.080507 2.861164 -0.647275
1.273394 0.687350 -2.649427
1.495635 5.059147 -0.849097
0.018491 0.911086 -4.437365
0.266027 2.389197 -0.746534
4.875673 3.151819 2.214096
4.203321 1.692408 -1.132406
2.697776 0.344731 4.639620
1.045289 5.210295 -4.402484
0.227589 2.367254 -0.569181
0.306500 2.339662 -0.966082
1.003795 -0.384076 -0.556375
0.702553 1.522122 -1.987207
-0.000140 4.346001 1.029196
0.655566 4.819293 1.736286
-0.054448 2.774416 -2.036504
4.039586 5.911940 2.224292
1.736145 2.215758 1.807873
0.091007 1.856373 -3.594702
0.320064 3.595624 2.210796
0.284078 2.253317 -2.115305
0.052467 1.280356 1.839409
4.109574 3.419300 2.455717
-0.099828 4.174173 -5.020723
0.480713 1.391783 1.148718
0.548199 1.949416 -3.054568
0.321857 0.610040 -4.453124
0.108550 6.116433 1.081374
0.334075 2.602253 -2.962345
0.514895 1.381517 -2.812596
2.393737 1.238623 0.210020
0.373058 0.559738 -4.678480
3.586534 6.217788 1.039246
1.089947 4.975387 -4.662044
1.494172 5.817287 -0.508678
0.510593 -0.091402 -0.835949
0.767946 0.288264 4.502542
0.382505 2.933373 -4.244276
0.263692 2.380919 -1.519046
-0.160504 3.118267 0.963137
2.229307 4.591254 5.672621
1.347620 0.318174 -6.159059
2.018358 0.053709 5.342831
0.713735 4.949748 1.399579
0.168181 -0.006671 2.732850
1.599034 2.868161 5.524851
1.111669 5.004170 -4.708874
0.472871 1.674788 -3.008636
0.479894 0.735407 -1.626029
0.238656 1.821479 -4.365788
0.916045 0.878193 0.770658
1.008771 1.516403 1.308888
0.012345 -0.423433 4.666826
0.006820 0.381424 2.001604
1.167333 0.218595 -4.156330
-0.389111 0.628222 -3.752758
-0.101838 0.708839 1.353559
-0.157703 3.095555 1.302354
1.144894 2.593351 1.662948
0.487410 3.238124 2.181627
0.024886 0.685128 1.891837
-0.442428 4.335778 -1.771813
1.805997 0.989163 -6.247091
-0.142591 1.803662 -4.771512
0.097351 4.563950 1.728974
1.932636 0.523439 0.225537
-0.186231 1.798868 -4.487824
-0.079110 2.872248 -0.542751
-0.439316 4.328703 -2.482476
0.981853 2.757539 -2.882538
0.140189 4.580909 1.784495
0.954690 7.197684 1.505896
0.303416 2.651506 -3.337583
2.728760 4.188361 -4.153282
-0.114309 3.134250 -6.038481
0.395528 4.030908 -5.029716
5.265414 1.382412 3.113691
0.447423 0.634129 5.200699
2.525631 1.700082 2.507744
1.660256 4.639570 -4.226079
0.487078 1.604638 -3.563472
0.541722 5.109585 -4.946314
2.972928 -0.191272 5.572080
0.277373 2.678670 6.035629
0.171531 1.149746 -3.054783
-0.056960 3.900656 2.523514
