-0.129538 2.616872 3.964081
0.344610 0.069338 -3.266684
1.860965 0.061386 -1.287279
0.322485 0.865212 -4.279572
0.448832 3.226259 -3.493776
1.451266 2.047321 -3.399597
0.144477 1.731338 3.751498
0.034118 0.037187 4.377779
0.599014 0.097664 -4.360786
1.320465 0.075980 3.123146
1.027941 0.876477 1.419283
1.014964 -0.265346 -3.948680
-0.031437 1.848870 -4.240215
2.689440 0.933757 4.070438
0.163449 1.601150 1.268503
1.579716 0.921627 -0.493673
0.410753 3.682933 -5.053171
0.179394 1.680220 3.717125
-0.112677 3.757674 6.114874
3.975146 3.088698 4.884425
2.993017 2.958332 5.923147
0.753190 1.989048 -5.825714
0.154790 3.795658 -4.596403
0.502467 1.730033 -3.592816
0.098385 3.256119 -2.535045
0.303962 1.073851 4.150103
0.012658 1.099248 4.172877
0.383174 3.708869 -3.563123
0.198508 3.768971 -4.822687
1.116167 2.431191 5.856866
3.266629 4.796643 5.186271
1.713584 0.971581 6.196950
0.490859 1.205186 -1.731714
0.535715 3.228375 2.077859
0.108960 1.636616 2.012354
0.311682 1.098348 3.378215
1.764955 2.825049 1.875816
0.452019 4.990415 4.841796
0.019765 0.336941 3.586462
0.067967 1.067992 3.947313
0.358534 1.092883 3.481089
0.426729 3.674505 -4.203984
0.116437 3.774355 -5.845233
0.231945 3.418419 -2.287287
2.274103 0.875557 -0.101527
-0.149899 -0.002288 1.933074
0.320174 6.528705 -5.722997
-0.168977 2.669915 3.986477
2.940099 5.882770 -5.223491
-0.092765 0.750559 3.770767
0.283363 1.428098 5.434192
-0.061466 2.972839 2.043479
0.360169 2.295935 2.905151
-0.237379 3.467715 -5.020149
0.554458 5.158496 5.373319
0.404276 0.369624 -3.125472
1.633320 1.108076 3.882123
-0.242803 3.428800 -4.753076
0.607554 0.058567 -4.239684
-0.333040 4.325503 5.329065
0.209960 3.919845 -3.871208
0.545192 -0.121363 -2.756394
0.152788 1.681571 3.338669
-0.050127 1.868643 -3.957725
2.720333 2.209503 -6.047803
0.914084 0.142551 -4.692457
1.360628 -0.296482 -0.474040
0.320004 1.406072 4.094952
1.715265 0.964721 -6.249515
1.117043 1.350963 5.127898
0.087799 3.236135 -1.857970
0.515369 1.507948 2.363194
0.714695 3.130284 -0.457302
0.464354 3.251460 -4.379207
-0.251424 0.881529 2.277592
0.153498 3.733617 -3.457046
0.929156 1.800634 3.954388
-0.114807 2.863059 -2.195488
0.280621 3.938605 -4.544188
0.481182 0.415247 -1.924011
0.320472 2.425976 -2.799899
-0.474019 2.331195 -4.206541
0.143737 3.726372 -3.727079
0.534819 4.338107 4.678020
-0.204171 5.975139 -1.289668
0.287307 7.021689 1.580937
0.355028 2.508726 -3.164060
0.889237 2.253657 -0.288476
0.768883 3.393993 2.825981
0.499540 2.307025 -4.459799
4.101546 0.724540 -3.292569
0.332720 1.200403 3.268984
1.121351 0.659524 1.993122
1.486760 3.101152 2.978439
0.037290 3.296258 -1.142310
0.194388 3.861506 -4.355739
1.118207 0.601917 2.189075
-0.354430 4.304969 4.732207
0.331085 1.102125 3.741881
0.150920 3.610846 -1.903285
