-0.436817 -0.489975 11.771107
-0.351818 -0.337383 -1.199698
-0.495552 -0.310696 -2.531398
-0.454928 -0.472892 -3.654724
-0.435826 -0.476935 -3.217096
-0.326459 -0.424245 -4.107271
-0.462049 -0.480298 -2.480953
-0.412706 -0.476768 -3.976516
-0.476031 -0.435363 -4.423250
-0.464139 -0.443850 -1.438064
-0.439349 -0.486735 7.409972
-0.430346 -0.396881 -3.912721
-0.423626 -0.014154 -3.038190
-0.430716 -0.321982 -0.855816
-0.467604 -0.405375 -2.355589
-0.449310 -0.488971 -4.933672
-0.476270 -0.426427 5.913576
-0.300473 -0.315400 -4.982496
-0.370918 -0.346294 -3.819045
-0.480918 -0.374987 8.289406
-0.447198 -0.446019 -0.680348
-0.374164 -0.271194 -4.356814
-0.364769 -0.364710 -2.952894
-0.459693 -0.371155 -1.631430
-0.497076 -0.484987 -0.309850
-0.435060 -0.463886 -3.866766
-0.488320 -0.420202 -2.730699
-0.477062 -0.415670 -3.748954
-0.412554 -0.469138 -2.609600
-0.428820 -0.498031 8.387441
-0.487115 -0.418202 -2.772983
-0.488092 -0.425421 -1.844226
-0.380772 -0.392467 -6.161714
-0.329892 -0.436346 -1.571074
-0.426966 -0.487849 -5.296672
-0.389129 -0.491405 11.032869
-0.426394 -0.436725 -2.694895
-0.493789 -0.493409 -4.004487
-0.472837 -0.497362 10.809315
-0.421410 -0.346018 -2.639896
-0.464586 -0.205761 -4.978781
-0.370715 -0.432990 -2.140992
-0.446558 -0.468600 -3.355340
-0.464684 -0.443032 -3.589462
-0.476259 -0.470398 11.719337
-0.459245 -0.440707 -5.256966
-0.389335 -0.446703 -3.154417
-0.447956 -0.421696 -3.830403
-0.452690 -0.435436 -2.476047
-0.420110 -0.439225 -2.876111
-0.421366 -0.379425 -3.867734
-0.489938 -0.409515 -2.394772
-0.444244 -0.478246 -0.686023
-0.499744 -0.325015 6.711245
-0.403787 -0.339266 -4.828450
-0.466322 -0.396359 -2.171919
-0.467343 -0.194122 -6.250351
-0.470892 -0.203544 5.736040
-0.390994 -0.151021 -1.552249
-0.406883 -0.332156 -4.440735
-0.435436 -0.307632 -1.397219
-0.473960 -0.487019 -0.398219
-0.380625 -0.275042 -3.881620
-0.455724 -0.426998 -4.313117
-0.471950 -0.486651 -4.358472
-0.495886 -0.496616 0.260470
-0.366094 0.102985 -4.702718
-0.449598 -0.466721 -2.863344
-0.255558 -0.480426 -1.631688
-0.458742 -0.462141 -1.799629
-0.475755 -0.497772 -1.920773
-0.495507 0.170586 -3.382608
-0.428437 -0.435975 -5.608613
-0.410764 -0.467079 -3.285804
-0.446218 -0.418409 -3.418224
-0.430943 -0.408406 -2.872043
-0.495736 -0.495709 9.531219
-0.486016 -0.389817 8.498437
-0.329320 -0.372937 -2.271749
-0.274329 -0.457255 -1.254250
-0.498096 -0.441273 4.226240
-0.425196 -0.390128 -1.492377
-0.396332 -0.468979 -4.893500
-0.476398 -0.455504 -2.200378
-0.344331 -0.371983 -2.865280
-0.437523 -0.432418 -0.239666
-0.411062 -0.476998 -1.199549
-0.495767 -0.283366 -4.092643
-0.419719 -0.394967 -3.721779
-0.434609 -0.408539 -2.776093
-0.449827 -0.496354 -1.984621
-0.454633 -0.435912 -3.259893
-0.391859 -0.406505 -3.166378
-0.412791 -0.450475 -4.580908
-0.468052 -0.465508 -2.429800
-0.419609 -0.469231 -3.407025
-0.432883 -0.457129 -3.717243
-0.378980 -0.486408 -5.557206
-0.495686 -0.471685 5.199135
-0.395031 -0.483863 10.935674
-0.419735 -0.475790 5.557820
-0.441045 -0.405113 -4.114368
-0.460891 -0.462630 -1.635008
-0.410618 -0.415648 -4.508315
-0.387971 -0.464377 -1.890622
-0.448044 -0.381976 -5.909876
-0.440799 -0.471874 -2.733834
-0.381275 -0.429412 -3.124702
-0.433894 -0.417772 -1.494471
-0.464707 -0.365227 -4.440397
-0.434229 -0.495958 8.718886
-0.435381 -0.477450 -4.657242
-0.439175 -0.430687 -3.250679
-0.344344 -0.424645 -3.067761
-0.394368 -0.359315 -4.414675
-0.426009 -0.495856 -4.361718
-0.465124 -0.416875 -2.789716
-0.458250 -0.457458 -3.449538
-0.333126 -0.287033 -6.008351
-0.448842 -0.375392 -4.590055
-0.453657 -0.412894 -2.628838
-0.497611 -0.043363 6.015798
-0.479067 -0.139019 7.997827
-0.487210 -0.493790 11.919613
-0.499980 -0.473347 5.359258
-0.417046 -0.499348 -2.480927
-0.481294 -0.435090 -3.982617
-0.344717 -0.412552 -4.096619
-0.499896 -0.385986 9.035054
-0.496021 -0.369093 -2.763888
-0.499696 -0.336687 6.172991
-0.457232 -0.438509 -3.698517
-0.417323 -0.490239 11.814617
-0.474850 -0.489056 -3.523374
-0.492971 -0.418768 8.594967
-0.478106 -0.308624 -3.426033
-0.488080 -0.436770 7.230956
-0.417272 -0.484899 -4.285864
-0.466389 -0.370740 -3.230446
-0.491489 -0.116132 -3.312947
-0.499235 -0.472812 6.066282
-0.476878 -0.140019 -4.088238
-0.442293 -0.291803 -2.778645
-0.393166 -0.449975 -5.336796
-0.494727 -0.488586 4.404302
-0.468706 -0.458209 -2.841832
-0.480364 -0.476043 9.055843
-0.481431 -0.476408 -3.854637
-0.470652 -0.299737 -1.266426
-0.450817 -0.059581 -3.739948
-0.471670 -0.474834 -4.869838
-0.383036 -0.409412 -0.149647
-0.437926 -0.456699 -3.228828
-0.236755 -0.460292 -3.025364
-0.416805 -0.497683 9.784769
-0.418494 -0.497772 11.452112
-0.406495 -0.486713 -4.065552
-0.496812 -0.419174 5.140795
-0.465537 -0.413749 -4.392663
-0.420622 -0.492067 -2.888055
-0.340537 -0.305017 -4.107398
-0.337500 -0.351582 -3.411341
-0.420738 -0.156838 -1.821999
-0.423926 -0.447344 -4.535527
-0.437862 -0.479564 8.969084
-0.472292 -0.430606 -3.880134
-0.466886 -0.379356 -1.767598
-0.425697 -0.378358 -4.108305
-0.496824 -0.458336 6.556820
-0.498371 -0.428919 7.239656
-0.499821 -0.370713 6.665652
-0.436112 -0.439780 -3.577972
-0.435961 -0.442038 -3.558395
-0.450152 -0.498806 -5.284244
-0.284216 -0.495265 -3.292580
-0.406939 -0.338314 -5.566809
-0.485087 -0.394696 6.842714
-0.461687 -0.152125 -1.749049
-0.360702 -0.364740 -5.899109
-0.473424 -0.486598 1.135136
-0.294140 -0.418995 -5.156299
-0.491682 -0.368141 -1.865785
-0.492716 -0.488168 1.464294
-0.164260 -0.343232 -2.743036
-0.460682 -0.467005 -5.648811
-0.368477 -0.376282 -3.633311
-0.349259 -0.487559 -4.092229
-0.344689 -0.402838 -3.042831
-0.476417 -0.454077 6.617866
-0.471779 -0.478532 -3.064816
-0.445154 -0.395266 5.907927
-0.494950 -0.470827 -5.459750
-0.440443 -0.352220 -3.792203
-0.484976 -0.494722 -1.504777
-0.443268 -0.493689 7.565150
-0.238775 -0.458457 -4.639182
-0.415506 -0.355409 -4.856456
-0.480144 -0.435967 -2.479508
-0.469058 -0.315153 -3.338407
-0.471758 -0.363440 3.290014
-0.388671 -0.424757 -4.021339
-0.408041 -0.391230 -5.774433
-0.317629 -0.448388 -1.238172
-0.329600 -0.490979 -2.106372
-0.446446 -0.476918 -4.152942
-0.436610 -0.435143 -3.766473
-0.472755 -0.315808 -3.329850
-0.458688 -0.476460 -2.808353
-0.408666 -0.469316 -3.078842
-0.405050 -0.218689 -1.586115
-0.478793 -0.379928 -4.754246
-0.453284 -0.360964 -4.365612
-0.483153 -0.330178 -3.907818
-0.299067 -0.398820 -5.234692
-0.479949 -0.497199 -4.432433
-0.440273 -0.475648 -4.690044
-0.337855 -0.418050 -4.151929
-0.435593 -0.453610 -3.589223
-0.436256 -0.477743 10.242087
-0.427969 -0.474721 -1.804531
-0.434910 -0.385652 -5.794274
-0.483961 -0.466359 -4.155106
-0.432157 -0.491387 9.449892
-0.461994 -0.440875 -5.195342
-0.467626 -0.241348 -4.656982
-0.472262 -0.495136 7.821448
-0.474070 -0.424137 6.942212
-0.435667 -0.459443 -2.984485
-0.486861 -0.482345 -3.534099
-0.466596 -0.359555 -5.160389
-0.437896 -0.442516 -2.157236
-0.465010 -0.484601 -3.564078
-0.447090 -0.362470 -2.578377
-0.285783 -0.349070 5.564596
-0.493390 -0.494869 9.028740
-0.313804 -0.437575 -3.413788
-0.463145 -0.447303 -2.637427
-0.479411 -0.490341 11.142640
-0.486705 -0.485868 -0.765760
-0.448900 -0.454218 -3.753493
-0.439149 -0.484965 -4.391572
-0.494998 -0.324531 -3.597843
-0.446440 -0.485709 6.863889
-0.324781 -0.285241 -1.901712
-0.469205 -0.459107 -0.887836
-0.452452 -0.371435 -2.358992
-0.448707 -0.469481 -3.761963
-0.312235 -0.494971 10.663500
-0.436205 -0.427371 -5.351727
-0.286764 -0.399207 6.144030
-0.452417 -0.491597 11.989715
-0.486432 -0.494033 5.502306
-0.486625 -0.494400 -0.467814
-0.413014 -0.489302 -3.549792
-0.426975 -0.456399 -4.706774
-0.369929 -0.428159 -1.405592
-0.493267 -0.398085 -3.491209
-0.317651 -0.465172 -1.839917
-0.493770 -0.483632 -0.906611
-0.456088 -0.481775 -3.734192
-0.478363 -0.462139 5.478006
-0.470507 -0.460380 -1.113334
-0.456072 -0.446401 -3.155498
-0.479079 -0.484872 8.240107
-0.437770 -0.382432 -4.393422
-0.433605 -0.317748 -5.129893
-0.362287 -0.192823 -2.503751
-0.442914 -0.456706 -2.236650
-0.375204 -0.376939 -3.105956
-0.473589 -0.455724 6.724721
-0.497674 -0.167910 4.342264
-0.433682 -0.489564 8.611219
-0.358066 -0.431227 -2.617207
-0.464787 -0.433029 -5.040920
-0.483889 -0.359437 -1.204192
-0.347843 -0.240130 -3.302333
-0.445079 -0.433789 -1.798182
-0.420615 -0.472010 -3.075402
-0.415970 -0.422626 -3.271409
-0.413441 -0.415984 -1.691656
-0.414033 -0.434308 -3.721266
-0.462818 -0.462846 -3.638424
-0.260635 -0.410126 -2.785609
-0.467478 -0.412214 -4.372357
-0.435716 -0.364202 -2.991186
-0.385946 -0.470481 -0.872979
-0.418873 -0.487959 -3.275000
-0.496979 -0.442545 -3.372024
-0.475659 -0.471673 6.214716
-0.424576 -0.459951 -2.969321
-0.399036 -0.470067 -3.700345
-0.473320 -0.454650 -4.773798
-0.458664 -0.427711 -4.921126
-0.470586 -0.170464 -2.516797
-0.380968 -0.459969 -1.821722
-0.434793 -0.392449 -1.250926
-0.323224 -0.487670 -3.950285
-0.363987 -0.410048 -3.721590
-0.467554 -0.183114 -2.608848
-0.488351 -0.465117 -6.251755
-0.418253 -0.383571 -2.487603
-0.297124 -0.440145 -5.150476
-0.488418 0.450701 6.100675
-0.411027 -0.483959 8.630632
-0.415457 -0.477167 -2.559156
-0.422817 -0.365963 -6.239735
-0.410624 -0.467515 -5.152094
-0.397651 -0.304802 -5.005302
-0.449969 -0.352133 -0.884504
-0.426675 -0.278731 -4.555370
-0.402531 -0.475898 -5.412672
-0.477051 -0.397994 -1.918460
-0.292143 -0.445522 -1.309985
-0.492691 -0.394332 5.354686
-0.473925 -0.412106 -3.931334
-0.464547 -0.443323 -5.267188
-0.459504 -0.464595 -3.699422
-0.475418 -0.452218 -3.279790
-0.474509 -0.456579 -3.498282
-0.373636 -0.265258 -4.432667
-0.330375 -0.384372 -3.112511
-0.474065 -0.159602 6.405436
-0.370148 0.357799 -1.343107
-0.466264 -0.123730 -4.489647
-0.477067 -0.463627 -5.820700
-0.298355 -0.423760 -4.191453
-0.335378 -0.443191 -5.777739
-0.379981 -0.472043 -4.962975
-0.339572 -0.496232 8.931346
-0.419649 -0.490662 7.876873
-0.471974 -0.424362 7.501419
-0.487183 -0.322596 8.246276
-0.410471 -0.373794 -5.444306
-0.403608 -0.482185 -4.407350
-0.452852 -0.217023 -6.170740
-0.399809 -0.408746 -3.015093
-0.497632 -0.397266 -3.630651
-0.495741 -0.414221 3.969964
-0.438539 -0.361628 -2.913400
-0.481664 -0.337098 -2.278068
-0.370610 -0.487562 -2.574360
-0.440132 -0.362816 -5.002626
-0.425205 -0.328361 -5.043831
-0.476947 -0.462129 -2.599084
-0.455900 -0.496422 -1.616540
-0.450257 0.073074 -6.144576
-0.437149 0.086234 -4.644928
-0.414659 -0.490507 -1.657747
-0.344497 -0.373186 -3.450930
-0.496818 -0.394148 -1.332618
-0.497492 -0.296826 5.536452
-0.398599 -0.436233 -4.370264
-0.480843 -0.131984 6.171158
-0.492424 -0.499147 10.386471
-0.435220 -0.394050 -3.956805
-0.496956 -0.292686 5.455220
-0.268190 -0.461961 -0.997652
-0.452978 -0.498989 -5.142406
-0.493167 -0.478279 -2.721292
-0.282297 -0.268091 -2.358284
-0.358303 -0.462146 -4.207349
-0.360456 -0.463174 -1.247196
-0.463383 -0.474981 -5.853010
-0.369448 -0.282688 -2.937297
-0.434371 -0.357746 -2.849952
-0.437408 -0.406598 -0.486836
-0.394243 -0.462545 -1.534714
-0.323193 -0.423570 -1.940318
-0.412893 -0.494581 9.329785
-0.498771 -0.308059 -4.439422
-0.488613 -0.231337 8.058541
-0.415468 -0.499036 10.749062
-0.476704 -0.072932 -2.881053
-0.430362 -0.445199 -2.628698
-0.403679 -0.460421 -3.279245
-0.441782 -0.492134 8.859679
-0.472606 -0.415942 -4.504321
-0.453760 -0.451734 -2.394581
-0.463913 -0.212108 -2.926809
-0.336921 -0.289480 -3.385552
-0.356381 -0.469663 -0.710497
-0.365339 -0.354541 -5.477947
-0.366038 -0.419594 -3.265054
-0.426598 0.417545 -3.668676
-0.451919 -0.482110 -3.354122
-0.470901 -0.427068 5.925739
-0.460315 -0.442097 -4.810437
-0.470069 -0.077390 -1.988803
-0.436080 -0.480081 -5.021488
-0.480543 0.357681 6.601094
-0.367066 -0.483105 11.031256
-0.467848 -0.424872 -2.045099
-0.394948 -0.397150 6.005044
-0.392192 -0.478173 8.522479
-0.274778 -0.495079 -4.374966
-0.364710 -0.317793 -4.493835
-0.136248 -0.495598 -4.750382
-0.266521 -0.426391 -5.639938
-0.442498 -0.352998 -5.486843
-0.460007 -0.459158 -3.643961
