-0.496002 -0.439636 -5.256570
-0.292661 -0.477381 5.000691
-0.426680 -0.360669 4.189134
-0.441813 -0.486317 2.928453
-0.457168 -0.352772 5.188972
-0.483807 -0.497106 -5.961403
-0.449246 -0.217410 4.432750
-0.363383 -0.381190 3.438562
-0.420133 -0.337596 2.465266
-0.466714 -0.441528 4.140921
-0.470951 -0.481648 9.622489
-0.499919 -0.247627 8.744415
-0.457162 -0.022506 3.236651
-0.430229 -0.292246 5.239663
-0.467564 -0.483290 2.309833
-0.430579 -0.451812 3.796041
-0.420482 -0.466173 3.737773
-0.468832 -0.379856 -6.058847
-0.353479 -0.424938 5.488609
-0.495273 -0.498188 0.332521
-0.391525 -0.290939 3.431296
-0.391735 -0.395192 4.542495
-0.446284 -0.495057 4.175669
-0.258677 -0.464089 -5.285940
-0.468572 -0.455900 1.563867
-0.497962 -0.497665 8.898605
-0.359424 -0.405720 6.123706
-0.357100 -0.415515 2.764944
-0.496871 -0.466146 -1.064382
-0.470959 -0.492742 6.089917
-0.480931 -0.413787 -6.164860
-0.462316 -0.467798 6.168121
-0.480122 -0.497684 3.098948
-0.378642 -0.441784 5.437052
-0.361201 -0.122590 2.969928
-0.491748 -0.490586 -2.351487
-0.431810 -0.310582 5.522517
-0.490778 -0.496359 4.147572
-0.480647 -0.466001 5.987012
-0.494474 -0.484327 4.648952
-0.395501 -0.444710 3.901402
-0.439962 -0.376911 5.397241
-0.438438 -0.453199 6.120496
-0.466751 -0.486768 5.725299
-0.485218 -0.416221 -1.561361
-0.466711 -0.493904 4.826284
-0.404881 -0.490855 -5.527546
-0.466127 -0.431167 3.744563
-0.476861 -0.301262 3.650698
-0.383852 -0.479399 1.223146
-0.401770 -0.487898 4.235024
-0.479940 -0.494534 3.400927
-0.448396 -0.331474 5.483440
-0.469013 -0.389667 -5.370122
-0.441231 -0.455539 6.011533
-0.481904 -0.488383 4.862639
-0.485770 -0.084078 2.208875
-0.416527 -0.223245 3.938475
-0.432225 -0.337126 3.503749
-0.493150 -0.389283 9.268350
-0.413240 -0.485603 4.503382
-0.412371 -0.265836 5.808302
-0.475591 -0.328726 3.628909
-0.396954 -0.295232 5.893443
-0.462194 -0.441648 4.258416
-0.477626 -0.434442 2.718838
-0.498032 -0.018201 -0.090738
-0.369227 -0.282736 3.228998
-0.499271 -0.424981 4.591340
-0.380334 -0.444789 6.107081
-0.490052 -0.457388 -5.067101
-0.267983 0.167658 2.697746
-0.428197 -0.449434 4.964546
-0.431793 -0.453269 5.784074
-0.474756 -0.471208 5.412100
-0.472953 -0.437900 4.562110
-0.487795 -0.262828 4.034439
-0.474610 -0.363643 9.328263
-0.475844 -0.319415 -1.020363
-0.472320 -0.421683 6.115886
-0.482532 -0.468612 3.130031
-0.471669 -0.469703 0.120034
-0.484074 -0.342625 2.376620
-0.404473 -0.366631 5.729787
-0.179537 -0.400430 5.933200
-0.464491 -0.398152 5.547337
-0.448944 -0.485645 11.794045
-0.411013 -0.059455 2.051852
-0.494860 -0.460115 -1.990554
-0.461370 -0.375693 4.149998
-0.449983 -0.077245 2.023719
-0.434607 -0.381214 3.369836
-0.470261 -0.464427 -5.860432
-0.418110 -0.428159 3.225994
-0.416947 -0.402420 3.500936
-0.498359 -0.411123 -5.951019
-0.476519 -0.422458 4.027765
-0.485864 -0.411095 -6.270229
-0.497692 -0.396307 4.738842
-0.357752 -0.406739 2.731797
-0.443540 -0.403882 3.897463
-0.487525 -0.472672 2.753455
-0.440429 -0.447725 2.940102
-0.464377 -0.369643 3.341722
-0.484283 -0.494352 5.102638
-0.430559 -0.498380 3.459963
-0.391891 -0.441577 4.398325
-0.352553 -0.486628 4.837818
-0.484027 -0.484131 3.605638
-0.422141 -0.499373 11.795671
-0.483609 -0.473109 -0.950815
-0.415258 -0.397725 5.265478
-0.460091 -0.476155 1.738281
-0.421356 -0.389802 5.532673
-0.493536 -0.335089 5.490610
-0.241588 -0.398787 6.065583
-0.490060 -0.429300 -5.442275
-0.479240 -0.332948 3.448294
-0.436009 -0.325224 3.214419
-0.482160 -0.443680 -1.995772
-0.429330 -0.493404 3.464388
-0.474602 -0.137316 3.522148
-0.477809 0.002913 0.339625
-0.415345 -0.494488 0.451115
-0.301645 -0.349344 4.955479
-0.465427 -0.440806 4.384540
-0.242544 -0.218752 5.232931
-0.475682 -0.469798 4.799478
-0.462420 -0.478771 2.049692
-0.430603 -0.454333 2.055934
-0.391263 -0.396215 4.832754
-0.492454 -0.462725 3.341411
-0.496869 -0.460891 5.669558
-0.468538 -0.137751 1.696795
-0.485522 -0.497193 -6.233431
-0.334466 -0.392054 5.468895
-0.483343 -0.270390 5.004287
-0.246627 -0.486578 3.269139
-0.424886 -0.406588 6.223909
-0.496094 -0.217764 6.045648
-0.458426 -0.379703 4.429254
-0.498855 -0.404914 4.972962
-0.361888 -0.460248 4.460160
-0.323372 -0.476325 3.343892
-0.471311 -0.467314 3.696630
-0.411634 -0.468137 -5.482411
-0.456172 -0.290962 3.012523
-0.424595 -0.408791 5.773961
-0.429612 -0.474711 3.836267
-0.459709 -0.059681 4.461993
-0.377495 -0.464146 6.219883
-0.469507 -0.425919 5.143131
-0.456741 -0.387026 3.417777
-0.451871 -0.458178 6.020654
-0.492759 -0.214846 -2.768643
-0.498458 -0.479876 4.311758
-0.449843 -0.400011 4.392934
-0.469652 -0.429256 3.735234
-0.450944 -0.399742 4.824194
-0.396012 -0.357866 4.584757
-0.435419 -0.392364 5.432489
-0.469346 -0.384658 4.704653
-0.487554 -0.478381 4.759160
-0.476983 -0.407519 5.261443
-0.491928 -0.482374 8.168632
-0.497528 -0.400979 2.586804
-0.481527 -0.176879 -0.710443
-0.336011 -0.496849 2.974490
-0.476347 -0.431635 -2.386538
-0.484187 -0.370315 2.850542
-0.355505 -0.450033 4.515284
-0.439997 -0.458579 2.363791
-0.432768 -0.395679 -5.707516
-0.426659 -0.440550 -5.068080
-0.424424 -0.450371 -5.631864
-0.498087 -0.468217 -2.817950
-0.471397 -0.352360 -5.937837
-0.430714 -0.466187 4.198889
-0.386339 -0.358377 4.170674
-0.494035 -0.448255 -2.154216
-0.470974 -0.447043 4.708616
-0.438412 -0.452144 3.284335
-0.432890 -0.330588 6.182039
-0.493491 -0.347067 4.454514
-0.462354 -0.489719 1.831077
-0.463226 -0.392288 4.999607
-0.396000 -0.439301 5.172071
-0.450723 -0.415363 3.750162
-0.385879 -0.250372 3.473897
-0.464275 -0.420124 4.734362
-0.468165 -0.276464 3.808700
-0.482938 -0.491868 5.055453
-0.338630 -0.395619 6.161651
-0.249594 -0.408217 3.473141
-0.294881 -0.491324 3.321337
-0.493824 -0.465787 -2.956431
-0.472858 -0.387296 5.541269
-0.482592 -0.345734 5.051234
-0.428201 -0.348655 3.825635
-0.432637 -0.457794 3.973681
-0.425574 -0.420745 4.401693
-0.314951 -0.432370 3.318003
-0.394847 -0.477682 -5.327737
-0.474874 -0.496179 1.291619
-0.476729 -0.463694 -1.710744
-0.499545 -0.366196 -2.560709
-0.467210 -0.315360 4.891547
-0.456678 -0.414466 4.382380
-0.436291 -0.376397 2.096625
-0.449011 -0.337741 4.035194
-0.329483 -0.402894 4.066546
-0.464161 -0.347670 3.965026
-0.411118 -0.461084 3.073675
-0.407159 -0.430659 5.429948
-0.473640 -0.177159 3.260445
-0.362127 -0.274126 3.880911
-0.336161 -0.464562 4.711891
-0.393737 -0.357808 4.628170
-0.389455 -0.486209 -5.269245
-0.394438 -0.395282 3.467976
-0.402203 -0.231555 5.582580
-0.413261 -0.451661 5.677088
-0.484566 -0.493908 7.331518
-0.484646 -0.468664 -0.362118
-0.469550 -0.316218 2.808901
-0.490616 -0.446446 -5.182575
-0.465037 -0.428656 -4.438138
-0.371838 -0.487190 3.960389
-0.489068 -0.440733 2.928817
-0.497849 -0.449383 5.261707
-0.450016 -0.435766 4.790414
-0.499980 -0.360878 4.090511
-0.453346 -0.405404 5.119476
-0.375740 -0.473966 2.768638
-0.471039 -0.386912 3.898700
-0.458002 -0.412400 3.426005
-0.291389 -0.289299 6.142037
-0.488571 -0.438532 5.109648
-0.490240 -0.351192 5.038724
-0.499839 -0.494404 11.861908
-0.404061 -0.425622 4.254415
-0.497166 -0.316532 -1.705819
-0.449030 -0.474469 3.115906
-0.415218 -0.399780 3.450781
-0.492097 -0.378522 0.149296
-0.466691 -0.447090 4.908062
-0.420570 -0.447940 4.353566
-0.487435 -0.447799 2.579118
-0.430161 -0.488781 4.916162
-0.452846 -0.427130 3.515611
-0.344842 -0.469999 4.405651
-0.485319 -0.459121 -1.339800
-0.379467 -0.492320 3.437150
-0.477743 -0.307846 -5.679130
-0.470190 -0.368683 4.067157
-0.463496 -0.469442 1.550688
-0.492290 -0.463979 -2.803717
-0.498838 -0.474188 9.256533
-0.448647 -0.421548 4.134972
-0.422598 -0.444993 4.135459
-0.490895 -0.469945 2.726376
-0.424996 -0.204262 4.590322
-0.494069 -0.268897 0.317547
-0.498287 -0.353189 3.908972
-0.388633 -0.437876 4.336431
-0.476403 -0.324843 4.415790
-0.389088 -0.244002 4.906842
-0.313207 -0.276668 4.598096
-0.473927 -0.467049 5.818729
-0.451177 -0.485472 1.441583
-0.470196 -0.114485 1.863492
-0.480141 -0.331747 5.042715
-0.408714 -0.495723 4.245184
-0.438305 -0.409418 -5.960011
-0.315733 -0.398472 4.830327
-0.420705 -0.381238 4.218894
-0.453316 -0.251282 4.406017
-0.494537 -0.380626 3.287225
-0.313432 -0.450431 4.784606
-0.489043 -0.488339 7.804157
-0.320818 -0.331549 5.046423
-0.424596 -0.236155 6.264279
-0.483662 -0.492195 4.053944
-0.487293 -0.482378 0.770161
-0.448295 -0.465015 3.974111
-0.417741 -0.468517 5.731288
-0.495232 -0.333827 2.460083
-0.428237 -0.484107 3.395573
-0.493840 -0.498182 7.417932
-0.479884 -0.446151 -2.322427
-0.458020 -0.338080 2.269762
-0.470684 -0.335521 2.393261
-0.434414 -0.428214 4.903108
-0.460083 -0.407136 3.877873
-0.449255 -0.462674 3.174236
-0.485669 -0.465175 9.300437
-0.341176 -0.388797 5.593884
-0.493364 -0.420493 -0.712658
-0.430566 -0.163992 6.196699
-0.478095 -0.396420 4.512460
-0.253357 -0.443965 5.193705
-0.493009 -0.419883 5.487938
-0.489675 0.415997 4.803574
-0.491293 -0.418079 3.941940
-0.469891 -0.488499 1.609137
-0.380267 -0.413496 2.191636
-0.481702 -0.369320 -0.783330
-0.322642 -0.331437 2.304068
-0.475017 -0.444255 5.145230
-0.402943 -0.404303 5.136750
-0.361236 -0.355299 4.768830
-0.483468 -0.478944 -5.145945
-0.413392 -0.439194 6.140871
-0.415088 -0.406424 5.340092
-0.449395 -0.233018 1.825022
-0.495270 -0.450256 5.439701
-0.489599 -0.432828 3.878347
-0.414899 -0.438879 5.228334
-0.475023 -0.386884 4.858242
-0.491273 -0.278425 0.537151
-0.449708 -0.443180 3.708449
-0.448604 -0.201945 3.780613
-0.479495 0.093004 3.474765
-0.434223 -0.174326 5.275290
-0.486994 -0.399184 5.160515
-0.398245 -0.333965 -5.159307
-0.221821 -0.433005 4.622504
-0.450340 -0.340384 1.138693
-0.482254 -0.422638 2.598977
-0.435888 -0.426825 3.185112
-0.486034 -0.256414 -5.182007
-0.431523 -0.429745 2.264374
-0.411284 -0.483708 11.933101
-0.492961 -0.449968 0.441402
-0.427535 -0.400111 2.075157
-0.486867 -0.467244 -0.413972
-0.443475 -0.356511 4.390447
-0.427687 -0.392751 4.362439
-0.434803 -0.400863 5.626918
-0.439445 -0.365044 6.177882
-0.445101 -0.479934 3.250559
-0.481628 -0.300799 -4.704443
-0.474109 -0.470682 4.928716
-0.416894 -0.431528 4.282841
-0.410274 -0.442093 6.011833
-0.403817 -0.041738 3.110823
-0.491598 -0.225730 -1.985636
-0.476377 -0.389813 5.676971
-0.364337 -0.355548 4.108133
-0.446789 -0.346083 5.801420
-0.415959 -0.387058 -5.775099
-0.488186 -0.466779 5.841714
-0.481091 0.060709 2.518459
-0.269788 -0.373741 4.778453
-0.376633 -0.468187 6.112651
-0.464656 -0.444982 3.996067
-0.286286 -0.433618 5.518511
-0.480424 -0.407647 -1.412146
-0.489341 -0.355238 -1.584821
-0.417097 -0.206109 1.271700
-0.489315 -0.450043 -1.091968
-0.425610 -0.486841 6.139740
-0.473709 -0.454718 4.100625
-0.458273 -0.430023 2.471385
-0.449607 -0.401103 -5.720331
-0.345067 -0.425633 3.284244
-0.434699 -0.390669 4.655646
-0.475220 -0.492009 -6.155513
-0.465340 -0.453128 5.163488
-0.494673 -0.411525 3.830199
-0.443517 -0.124803 0.854942
-0.479731 -0.496224 4.858839
-0.462605 -0.326492 4.675308
-0.493672 -0.489001 0.063764
-0.446563 -0.423060 4.408216
-0.469916 -0.480125 0.486420
-0.484383 -0.355667 2.437889
-0.499547 -0.484814 -6.274927
-0.445271 -0.362036 2.727588
-0.365983 -0.458123 2.739142
-0.346331 -0.399383 5.755466
-0.398032 -0.450118 4.230200
-0.481022 -0.423068 3.260463
-0.451722 0.379300 4.383752
-0.470244 -0.494163 3.639843
-0.406144 -0.463776 4.447075
-0.489119 -0.283520 3.586813
-0.363533 -0.274788 2.029304
-0.465707 -0.425895 2.903264
-0.427139 -0.140518 1.205565
-0.488742 -0.453586 3.805435
-0.382885 -0.283461 4.185195
-0.483354 -0.349661 5.408274
-0.433996 -0.439632 -5.485789
-0.418635 -0.462888 3.184296
-0.416841 -0.449301 5.671304
-0.425016 -0.386995 2.922393
-0.479838 -0.422540 3.568750
-0.478728 -0.344336 4.765102
-0.426622 -0.250420 5.387428
