-0.429698 -0.369165 2.604370
-0.492085 -0.410788 5.014795
-0.420716 -0.405403 2.145490
-0.449943 -0.492778 3.632823
-0.383034 -0.473944 1.271535
-0.443444 -0.496103 3.440284
-0.461508 -0.463081 4.426285
-0.492624 -0.213277 -1.348096
-0.435000 -0.477580 4.896505
-0.407542 -0.300747 3.426097
-0.492905 -0.478685 -1.778224
-0.489123 -0.460275 5.410389
-0.493361 0.252897 -1.529013
-0.420614 -0.486325 2.912528
-0.363783 -0.431230 5.315175
-0.473633 -0.494042 -1.699981
-0.464615 -0.357598 4.301744
-0.458506 -0.368863 3.736037
-0.451273 -0.489113 11.939175
-0.494214 -0.438997 6.031077
-0.304157 -0.480256 3.360172
-0.461827 -0.334266 4.874308
-0.466257 -0.220428 4.796290
-0.446928 -0.464861 3.481888
-0.420086 -0.489506 -3.972199
-0.446689 -0.476506 5.009981
-0.301463 -0.432946 3.697616
-0.465144 -0.423994 3.913695
-0.347319 -0.467295 5.316516
-0.492495 -0.314582 3.145353
-0.463888 -0.446603 -5.240575
-0.327742 -0.441011 4.382072
-0.409771 -0.497688 1.561768
-0.473986 -0.461999 -5.804535
-0.495558 -0.459722 2.731874
-0.387835 0.039225 1.816662
-0.335549 -0.427296 5.718965
-0.470468 -0.417869 5.840872
-0.259527 -0.410677 3.806842
-0.479858 -0.396854 4.890208
-0.285103 -0.443047 3.100429
-0.467406 -0.450061 5.536750
-0.344008 -0.447028 4.230091
-0.448238 -0.227381 3.087181
-0.388232 -0.471006 4.558070
-0.477160 -0.469811 3.686153
-0.481275 -0.421341 5.770211
-0.254026 -0.291166 2.637099
-0.448369 -0.414380 4.203535
-0.477868 -0.482450 3.351769
-0.446384 -0.446127 2.641613
-0.482978 -0.400573 -5.175179
-0.489690 -0.324937 3.449905
-0.373987 -0.427807 3.980133
-0.460735 -0.453997 4.530429
-0.409781 -0.455470 2.822384
-0.488547 -0.456022 5.048932
-0.446380 -0.482432 2.696584
-0.331818 -0.497422 2.119142
-0.484166 -0.422501 2.953346
-0.493727 -0.444228 4.224664
-0.487226 -0.480120 5.258034
-0.459185 -0.481437 3.987699
-0.406306 -0.452418 3.889702
-0.499604 -0.462788 5.990690
-0.491398 -0.489659 0.608871
-0.368552 -0.412885 4.024128
-0.450327 -0.455356 3.711322
-0.416479 -0.214792 4.520441
-0.484397 -0.466181 -0.845856
-0.467855 -0.466349 5.793284
-0.430814 -0.450336 2.003985
-0.439358 -0.423118 4.891297
-0.452580 -0.495339 4.968392
-0.281847 -0.390890 5.118146
-0.459090 -0.366835 3.232686
-0.341023 -0.325632 5.204821
-0.476962 -0.476956 4.314988
-0.442717 -0.297607 4.118673
-0.428179 -0.470623 -6.206910
-0.485877 -0.483379 0.030918
-0.463361 -0.458423 5.397308
-0.397679 -0.451963 5.249043
-0.437783 -0.352452 4.419735
-0.342023 -0.432088 4.313772
-0.311943 -0.471993 5.380123
-0.458212 -0.472616 3.043092
-0.358253 -0.455424 6.016189
-0.315033 -0.499627 5.920024
-0.460266 -0.491822 3.436424
-0.449545 -0.462682 -5.705277
-0.487734 -0.432175 -1.111382
-0.443029 -0.315246 4.115217
-0.353286 -0.396235 2.839487
-0.193638 0.067016 1.027816
-0.480600 -0.386735 3.816252
-0.493389 -0.327467 4.313214
-0.434578 -0.474611 12.542089
-0.420849 -0.419503 5.859053
-0.339710 -0.324858 5.622242
-0.473591 -0.446118 -6.269034
-0.431543 -0.429389 3.577831
-0.489959 -0.309510 5.970819
-0.489091 -0.398229 -5.853782
-0.461830 -0.468957 5.076412
-0.482712 -0.452703 5.805953
-0.474908 -0.438553 1.536947
-0.397009 -0.428937 6.060064
-0.494670 -0.431998 -6.093659
-0.469840 -0.447003 -5.811741
-0.432288 -0.495775 2.862932
-0.465413 -0.447083 2.537166
-0.431482 -0.444339 5.343213
-0.423283 -0.432283 6.219196
-0.391246 -0.439728 4.407466
-0.481540 -0.432727 4.917428
-0.465996 -0.390081 4.050275
-0.459758 -0.376143 5.803271
-0.319566 -0.451611 6.215787
-0.476966 -0.472151 4.415272
-0.443201 -0.416161 4.235536
-0.449151 -0.132693 5.520430
-0.499907 -0.474523 3.960486
-0.327850 -0.493943 4.804022
-0.412845 -0.464527 3.501074
-0.418992 -0.347016 2.205491
-0.271380 -0.442288 4.228561
-0.475508 -0.476895 2.756505
-0.406309 -0.274451 2.869765
-0.478446 -0.368553 6.118580
-0.431121 -0.495292 4.504829
-0.473617 -0.474132 -0.307897
-0.441654 -0.463357 -3.064384
-0.423107 -0.437363 2.683330
-0.402846 -0.434958 4.762970
-0.445318 -0.429901 -5.699576
-0.250299 -0.292771 4.819219
-0.413527 -0.360912 5.310239
-0.496345 -0.446828 -5.909653
-0.420738 -0.438703 5.465508
-0.402586 -0.477019 3.627812
-0.432709 -0.470981 5.525418
-0.303828 -0.417273 4.979526
-0.497981 -0.308157 -6.238836
-0.472710 -0.442746 5.060782
-0.284530 -0.338225 3.792259
-0.425299 -0.493077 4.667889
-0.441824 -0.458846 5.828899
-0.427485 -0.357897 6.210405
-0.326412 -0.369463 3.514977
-0.457229 -0.453740 5.184460
-0.484334 -0.398273 8.894504
-0.437911 -0.393005 5.169118
-0.419289 -0.307414 4.189547
-0.391012 -0.283803 -4.426664
-0.492026 -0.464467 4.911340
-0.454408 -0.468338 2.816962
-0.473655 -0.408717 -2.945673
-0.445899 -0.358002 4.994053
-0.444232 -0.351640 4.716672
-0.372199 -0.395561 3.320517
-0.490024 0.011093 2.278474
-0.409377 -0.336857 4.627567
-0.309307 -0.442565 3.629065
-0.361645 -0.376023 3.711648
-0.487684 -0.241005 5.030217
-0.409907 -0.469246 5.555472
-0.481535 -0.436797 4.517131
-0.476831 -0.383146 -0.768324
-0.498985 -0.400177 2.694833
-0.445436 -0.497479 5.436524
-0.415885 -0.348721 5.924629
-0.430150 -0.465775 5.914998
-0.448612 -0.492779 -5.390744
-0.446154 -0.431270 4.019461
-0.420860 -0.384169 4.220578
-0.491768 -0.433514 5.414319
-0.444534 -0.497553 1.550662
-0.451292 -0.246049 4.243350
-0.307181 -0.486369 4.579695
-0.381293 -0.421833 -4.935721
-0.471859 -0.458799 4.847854
-0.427183 -0.456623 -6.253840
-0.490764 -0.403107 -1.373175
-0.467941 -0.492010 1.813750
-0.326835 -0.441371 4.725124
-0.458408 -0.490843 0.992193
-0.388152 -0.274735 6.210127
-0.391109 -0.457416 3.883927
-0.453821 -0.443333 2.785102
-0.456530 -0.406711 5.582442
-0.497324 -0.487352 4.421826
-0.467376 -0.407651 5.271814
-0.426222 -0.472846 2.747198
-0.482437 -0.290441 3.415147
-0.483883 -0.457345 4.448611
-0.465940 -0.450910 5.568877
-0.433683 -0.488853 5.076143
-0.492728 -0.185294 5.619041
-0.428354 -0.395001 4.507696
-0.473015 -0.067034 2.725511
-0.464381 -0.382527 3.406252
-0.486925 -0.467462 5.246091
-0.366589 -0.267899 4.466190
-0.459457 -0.419755 -5.600929
-0.471385 -0.474096 5.366428
-0.475145 -0.464776 4.924410
-0.474962 -0.490032 0.638677
-0.496711 -0.499113 5.723692
-0.408392 -0.372441 3.247327
-0.441013 -0.471193 0.859917
-0.345540 -0.494097 5.085368
-0.487472 -0.421222 7.020196
-0.499119 -0.363841 -1.311884
-0.422266 -0.432454 4.472256
-0.314810 -0.434898 -4.339474
-0.486019 -0.337048 0.476454
-0.479322 -0.330737 5.131612
-0.433527 -0.470116 2.708438
-0.274052 -0.437463 1.786639
-0.439006 -0.485690 -5.900427
-0.460640 -0.460087 3.885499
-0.425476 -0.405575 4.421038
-0.473974 -0.396857 2.711743
-0.475434 -0.283362 3.342371
-0.377780 -0.483382 1.307783
-0.431242 -0.441164 5.596818
-0.454009 -0.471966 0.553849
-0.279164 -0.348331 3.374519
-0.469068 -0.427105 6.233475
-0.402193 -0.199342 4.230230
-0.484161 -0.465281 3.433650
-0.253602 -0.394052 -5.949354
-0.493834 -0.120296 1.897366
-0.451772 -0.359696 5.027378
-0.484091 -0.391369 -1.409145
-0.488485 -0.366546 2.477509
-0.455748 -0.404223 -4.520811
-0.489336 -0.354419 4.564187
-0.415608 -0.268737 4.810171
-0.399759 -0.442789 4.277610
-0.419721 -0.442870 4.159346
-0.483939 -0.418903 3.668423
-0.448536 -0.270582 5.079664
-0.457238 -0.365649 5.693890
-0.325203 -0.484977 4.598666
-0.444367 -0.389062 6.001202
-0.442875 -0.447728 3.943775
-0.427074 -0.390497 5.036546
-0.439839 -0.409910 -5.605209
-0.480277 -0.479195 9.212145
-0.440728 -0.376824 4.072864
-0.475625 -0.189086 -1.916791
-0.486836 -0.405049 3.466842
-0.389352 -0.484520 3.555244
-0.473102 -0.449818 -2.624088
-0.499227 -0.340251 5.202832
-0.328103 -0.497888 3.958642
-0.439972 -0.473537 2.079316
-0.499194 -0.370782 -2.990196
-0.454508 -0.455057 4.993546
-0.354205 -0.369248 5.527715
-0.312852 -0.290344 -5.817257
-0.477207 -0.421799 5.866768
-0.465400 -0.416673 6.117306
-0.445173 -0.494751 1.796565
-0.497702 -0.394898 -2.179060
-0.443630 -0.477856 1.935946
-0.458224 -0.322223 5.126796
-0.493078 -0.417603 -4.621045
-0.320560 -0.353525 5.002190
-0.243218 -0.355572 5.060788
-0.467039 -0.378748 4.509292
-0.401846 -0.486793 0.601685
-0.452081 -0.300154 -4.719988
-0.346895 -0.366607 2.816069
-0.401979 -0.375776 -5.896128
-0.493917 -0.406600 2.790041
-0.350381 -0.400192 5.078097
-0.416548 -0.242112 6.255520
-0.419702 -0.469445 4.379765
-0.151801 -0.379903 4.632186
-0.343896 -0.321467 4.047909
-0.499373 -0.341698 -0.559582
-0.429583 -0.473365 3.716760
-0.335407 -0.463351 3.049581
-0.469567 -0.449137 5.682153
-0.425274 -0.495361 0.868662
-0.451126 -0.472049 4.272729
-0.260667 -0.334252 5.157955
-0.477698 -0.426708 -2.522596
-0.465681 -0.497178 6.029935
-0.439031 -0.472746 2.150971
-0.457268 -0.093162 4.978688
-0.452691 -0.453021 5.491204
-0.440174 -0.088201 3.838811
-0.479340 -0.479625 -1.364923
-0.455168 -0.408782 5.903143
-0.429797 -0.434375 6.246111
-0.493764 -0.400801 -3.046515
-0.266550 -0.339369 3.671576
-0.479030 -0.416381 3.584026
-0.181245 -0.319182 3.911158
-0.499022 -0.487823 -2.336536
-0.478905 -0.469496 -2.281730
-0.457716 -0.312979 5.354975
-0.323476 -0.308639 -5.880506
-0.484211 -0.100463 5.739100
-0.495371 -0.470455 3.989752
-0.416209 -0.454311 3.659109
-0.480674 -0.313131 6.132387
-0.461216 -0.492428 5.808100
-0.448612 -0.477895 0.344266
-0.495996 -0.436049 5.225327
-0.484973 -0.246073 4.012936
-0.390563 -0.362585 5.349513
-0.407777 -0.420527 1.857701
-0.457849 -0.439694 -6.138807
-0.456830 -0.190523 3.928954
-0.493688 -0.205564 4.485029
-0.471643 -0.440984 -0.724077
-0.452591 -0.493445 5.866489
-0.487302 -0.408760 -0.105343
-0.448163 -0.465347 4.323858
-0.365506 -0.473633 4.194472
-0.486212 -0.425802 -2.090007
-0.449964 -0.435631 4.981041
-0.489456 -0.419548 4.833023
-0.479135 -0.457011 8.714381
-0.489086 -0.473482 5.698351
-0.409096 -0.386218 3.471490
-0.454861 -0.484810 1.623055
-0.480566 -0.463048 1.854469
-0.495183 -0.413376 4.359018
-0.492150 -0.399399 -4.739471
-0.487139 -0.499048 -1.143569
-0.455178 -0.442101 3.149341
-0.462129 -0.451513 -4.439110
-0.462664 -0.411941 4.568584
-0.465143 -0.430706 4.299725
-0.494483 -0.456960 5.191973
-0.491309 -0.381462 -1.503319
-0.456996 -0.406013 5.059411
-0.452532 -0.456967 1.951035
-0.492411 -0.482865 5.285312
-0.435225 -0.431057 6.246111
-0.435124 -0.344278 3.024640
-0.429196 -0.442353 2.665889
-0.455654 -0.398252 4.376342
-0.390512 -0.425248 -5.687170
-0.483738 -0.486835 4.382616
-0.475427 -0.489404 1.208797
-0.398029 -0.248437 5.782027
-0.438015 -0.464606 2.849502
-0.310644 -0.310665 3.597672
-0.496043 -0.490341 -2.143954
-0.409517 -0.456601 5.215310
-0.455692 -0.445832 -6.078261
-0.232464 -0.499621 4.998702
-0.494281 -0.494826 7.250523
-0.375424 -0.381353 4.501025
-0.282291 -0.403323 3.512848
-0.433823 -0.450903 5.428571
-0.491204 -0.420651 4.887006
-0.465992 -0.234244 4.875326
-0.499843 -0.374993 5.325708
-0.459007 -0.477971 0.878961
-0.426398 -0.371419 4.455853
-0.471103 -0.482818 2.025795
-0.444317 -0.400512 4.095591
-0.445096 -0.464350 4.728908
-0.446797 -0.477426 2.724213
-0.467140 -0.453030 3.205006
-0.482677 -0.380796 3.707936
-0.465340 -0.444117 3.207609
-0.392426 -0.416378 1.410636
-0.325221 -0.445950 4.010068
-0.431932 -0.465508 4.031596
-0.466157 -0.383337 5.137439
-0.268129 -0.467201 -6.039950
-0.470927 -0.427650 4.373598
-0.475547 -0.311535 1.018313
-0.453944 -0.453570 2.673835
-0.456379 -0.449870 5.477016
-0.461418 -0.390544 4.466297
-0.478988 -0.470795 3.073834
-0.494552 -0.277616 -1.748930
-0.492697 -0.424808 1.204803
-0.445259 -0.143391 4.052068
-0.409385 -0.444145 4.775328
-0.482214 -0.446249 6.167507
-0.470406 -0.192839 -5.439420
-0.466768 -0.406061 -6.197788
-0.361620 -0.441885 6.254682
-0.438097 -0.485149 0.733953
-0.487426 -0.447079 -5.774388
-0.466801 -0.446957 5.054455
-0.398972 -0.388603 4.173103
-0.447491 -0.462855 4.900452
-0.438849 -0.287691 3.834967
