-0.328506 -0.481744 10.632280
-0.454344 -0.493559 -5.716875
-0.408780 -0.301669 -4.635729
-0.473220 -0.244597 6.023512
-0.455596 -0.474853 -2.168417
-0.419883 -0.475623 -4.412328
-0.489962 -0.344616 8.412417
-0.385103 -0.474386 -5.676843
-0.250878 -0.414982 -5.938481
-0.472912 -0.421305 -4.832272
-0.477043 -0.439456 6.687679
-0.460472 -0.382892 5.534832
-0.437265 -0.169852 -5.507294
-0.465649 -0.490375 -3.143269
-0.486951 -0.443668 -2.973171
-0.474032 -0.473023 5.266343
-0.468291 -0.457720 -5.069596
-0.447584 -0.478675 10.375597
-0.490284 -0.373679 -3.825779
-0.337085 -0.493719 -5.480726
-0.432484 -0.480877 10.149832
-0.477767 -0.290043 -4.233677
-0.397260 -0.422576 -4.709921
-0.359103 -0.429249 -2.930705
-0.456688 -0.427979 -5.246143
-0.496375 -0.421957 5.416551
-0.469129 -0.444542 -5.239970
-0.365292 -0.311242 -3.052016
-0.460326 -0.463870 -3.424881
-0.247874 -0.369195 -4.881971
-0.486157 -0.394270 -1.489398
-0.279789 -0.437019 -4.380385
-0.429011 -0.463188 -2.411236
-0.464345 -0.421358 -3.622955
-0.180935 -0.475921 5.720521
-0.353223 -0.450891 -5.827168
-0.266123 -0.422391 -5.414278
-0.361121 -0.427929 5.801229
-0.468449 -0.499349 11.479386
-0.471024 -0.494421 -5.759887
-0.444804 -0.492690 -4.481961
-0.470411 -0.498383 -1.043758
-0.446514 -0.120639 -5.374405
-0.498124 -0.402997 -3.421559
-0.431860 -0.478516 -3.492280
-0.429344 -0.335762 -2.456060
-0.476956 -0.486491 -0.637601
-0.458564 -0.320755 -1.590356
-0.476599 -0.438386 -4.361125
-0.411727 -0.394137 -3.521050
-0.430571 -0.419676 -4.521809
-0.497731 -0.251843 -4.142301
-0.432394 -0.469487 -4.790246
-0.466259 -0.361994 -5.296748
-0.400707 -0.443647 -4.811418
-0.422527 -0.480921 -4.682779
-0.405417 -0.358964 -3.518815
-0.495297 -0.357424 -3.002639
-0.480749 -0.480706 -4.580715
-0.417262 -0.387833 -4.195323
-0.394533 -0.461967 -2.965339
-0.461734 -0.380806 -5.503679
-0.487603 -0.424564 6.860963
-0.319389 -0.330671 -3.510624
-0.411128 -0.372132 -5.337011
-0.420430 -0.498074 -5.444051
-0.483696 -0.484015 -4.248264
-0.459570 -0.214262 -4.337644
-0.363948 -0.494058 -5.782785
-0.387061 -0.477086 -4.263476
-0.433399 -0.458855 -4.984366
-0.492674 -0.232965 -1.570185
-0.422316 -0.467523 -4.958246
-0.395808 -0.487093 12.363023
-0.259843 -0.449923 -2.661882
-0.366999 -0.199480 -2.956918
-0.412016 -0.441463 -3.917787
-0.327250 -0.481248 -2.722186
-0.471707 -0.455210 -4.038852
-0.448443 -0.485981 -2.381472
-0.355409 -0.464563 5.413650
-0.452225 -0.442087 -4.869582
-0.424684 -0.441876 6.070896
-0.445485 -0.485867 10.606942
-0.355017 -0.455552 5.505019
-0.433536 -0.394026 -2.683313
-0.476164 -0.465389 5.843862
-0.485274 -0.470450 -4.008602
-0.342749 -0.274872 -2.433722
-0.259638 -0.483397 12.050983
-0.377197 -0.392333 -3.292730
-0.379048 -0.473646 -4.653832
-0.436871 -0.412487 -2.944953
-0.281830 -0.453705 -3.483358
-0.494601 -0.123512 -3.774903
-0.465522 -0.278915 -4.331483
-0.400117 -0.326598 -5.543790
-0.426287 -0.439168 -2.457869
-0.456589 -0.442755 -4.536768
-0.499987 -0.298519 -3.266461
-0.403748 -0.496668 10.632026
-0.387360 -0.444723 -0.675343
-0.388319 -0.436926 -3.589440
-0.379888 -0.435125 -3.798110
-0.394009 -0.489439 11.323080
-0.397144 -0.469126 -5.267903
-0.360689 -0.362986 -3.386064
-0.493982 -0.418742 6.175502
-0.472584 -0.289968 -4.276697
-0.492512 -0.375661 8.695284
-0.490524 -0.325412 8.519029
-0.341148 -0.232895 -2.593017
-0.456939 -0.298676 -4.023159
-0.474437 -0.456369 -4.224033
-0.478518 -0.479794 9.183595
-0.476321 -0.449769 6.727016
-0.377757 -0.377588 -3.850061
-0.326344 -0.473699 -4.094783
-0.470003 -0.401201 -3.319109
-0.325446 -0.416339 -4.861708
-0.471680 -0.299411 -6.048780
-0.307616 -0.437216 -4.046900
-0.486839 -0.467727 -5.328493
-0.446134 -0.459325 -4.282645
-0.369805 -0.427735 -4.824212
-0.450507 -0.470354 -2.383595
-0.421615 -0.492662 -4.331847
-0.401053 -0.444142 -4.118741
-0.288384 -0.491357 9.868580
-0.455898 -0.299232 -4.728686
-0.470403 -0.443696 -5.743181
-0.394125 -0.361918 -4.950002
-0.407575 -0.261800 -2.383293
-0.457870 -0.497132 7.959143
-0.467930 -0.470731 -3.645753
-0.442212 -0.451490 -4.559391
-0.458138 -0.423498 -3.289570
-0.473564 -0.491810 5.940320
-0.470365 -0.236460 -4.709512
-0.495049 -0.362721 5.414339
-0.485572 -0.430527 -4.771889
-0.497985 -0.481272 4.648476
-0.419629 -0.466295 -1.995006
-0.453843 -0.479896 -3.977401
-0.492169 -0.474271 -4.688374
-0.398817 -0.399105 -4.970924
-0.379297 -0.235096 -4.640834
-0.382979 -0.476432 -3.124515
-0.445160 -0.181682 -3.211489
-0.472526 -0.071432 -1.835107
-0.357923 -0.457474 -4.606251
-0.466415 -0.314434 -6.245267
-0.485411 -0.447834 8.746809
-0.430621 -0.496741 9.700619
-0.453741 -0.282336 -3.228873
-0.458778 -0.270592 -6.050266
-0.456951 -0.424216 -4.191154
-0.465050 -0.463856 -4.995065
-0.419040 -0.464081 -5.696282
-0.401730 -0.486588 -2.995146
-0.384789 -0.374295 -3.021660
-0.484427 -0.477092 12.089005
-0.457716 -0.232364 -2.693580
-0.370884 -0.439212 -6.222613
-0.461141 -0.448494 -4.740209
-0.490428 -0.356536 -3.914096
-0.495230 -0.406921 4.689511
-0.399247 -0.490727 -5.341332
-0.476295 -0.222375 5.535843
-0.425703 -0.457885 -3.146578
-0.410922 -0.144843 -4.698327
-0.326939 -0.275221 -5.263158
-0.452309 -0.381514 -5.166579
-0.429179 -0.411345 -5.584186
-0.440499 -0.023442 -6.181803
-0.413192 -0.246511 -5.001604
-0.436591 -0.345584 -3.322258
-0.428629 -0.497718 10.333420
-0.475885 -0.369858 -3.974796
-0.392096 -0.265876 -2.308583
-0.496225 -0.435382 6.711302
-0.472515 -0.396908 -5.256291
-0.369624 -0.489924 -3.343290
-0.329264 -0.243145 -2.534686
-0.380699 -0.334664 -4.156145
-0.374877 -0.480870 -1.625859
-0.473487 -0.473051 -3.768463
-0.479088 -0.157373 6.530418
-0.490514 -0.397683 -2.519960
-0.400920 -0.445743 -3.838445
-0.481767 -0.428219 7.748841
-0.479661 -0.422632 5.177628
-0.330118 -0.488916 -3.842349
-0.450848 -0.487100 -6.084348
-0.358243 -0.390574 -4.984938
-0.498830 -0.459158 -5.793748
-0.194737 -0.435504 -2.586775
-0.442273 -0.460946 -4.075647
-0.421191 -0.338602 -4.257360
-0.402465 -0.495513 8.345907
-0.451097 -0.152518 5.930187
-0.483905 -0.472387 10.083387
-0.357704 -0.476835 -4.943340
-0.454336 -0.472460 -4.959766
-0.361983 -0.366460 -3.178549
-0.373093 -0.485213 -5.131538
-0.455202 -0.432130 -4.079684
-0.296954 -0.482386 -1.869169
-0.444188 -0.446981 4.338576
-0.453840 -0.488913 -2.710062
-0.460639 -0.414352 5.979994
-0.419318 -0.461112 -6.135104
-0.492730 -0.059958 -3.860901
-0.456348 -0.379240 -5.508118
-0.449727 -0.320971 -4.249136
-0.498638 -0.415412 8.222132
-0.473768 -0.459568 5.460295
-0.328037 -0.469779 -5.231855
-0.447277 -0.496205 11.609272
-0.488456 -0.457601 -5.418906
-0.473056 -0.441978 -3.013247
-0.460383 -0.434948 -1.866304
-0.416946 -0.303017 5.759880
-0.409151 -0.496376 -3.911499
-0.456772 -0.489585 10.677106
-0.425708 -0.436952 -0.851791
-0.454287 -0.401743 -4.388734
-0.428707 -0.430210 -6.280337
-0.477498 -0.408381 -3.569631
-0.497095 -0.489523 -1.864335
-0.418516 -0.321327 -4.253424
-0.251059 -0.482208 10.933738
-0.347722 -0.456157 -4.586575
-0.488416 -0.443337 4.370305
-0.478261 -0.483517 7.005206
-0.422018 -0.420070 -3.473060
-0.367546 -0.441011 -4.446116
-0.463380 -0.450299 -3.531947
-0.446073 -0.358403 -1.605250
-0.494254 -0.445845 -3.732930
-0.404757 -0.377517 -2.318440
-0.460378 -0.491968 10.570917
-0.469113 -0.458964 -4.138538
-0.419269 -0.493454 10.933883
-0.485559 -0.478673 7.292355
-0.486723 -0.417866 8.317959
-0.484715 -0.452137 -4.458122
-0.426086 -0.418662 -2.250488
-0.442435 -0.387648 -5.712757
-0.439356 -0.440149 -5.014757
-0.437220 -0.312816 5.950379
-0.465086 -0.338517 -2.573517
-0.384804 -0.453471 6.100828
-0.470243 -0.399137 -5.169451
-0.351639 -0.482247 -5.094170
-0.441622 -0.461030 -2.644106
-0.427814 -0.434618 -5.187152
-0.386001 -0.475729 -3.562318
-0.465265 -0.381066 -2.914921
-0.203650 -0.275993 -5.461973
-0.398565 -0.424850 -3.946760
-0.419323 -0.357829 -5.243923
-0.495466 -0.442166 -5.532828
-0.450749 -0.370657 -3.084446
-0.471164 -0.498842 12.264581
-0.459379 -0.442033 -5.415326
-0.432484 -0.450463 -5.749828
-0.471936 -0.497455 -2.876461
-0.447390 -0.335745 -1.861834
-0.382120 -0.477991 -3.906732
-0.482866 -0.458409 7.603699
-0.262054 -0.313530 -4.375798
-0.457935 -0.396622 -3.142725
-0.477658 -0.350372 -3.670648
-0.481952 -0.393181 -5.044996
-0.489155 -0.398841 7.245746
-0.429053 -0.452358 -3.662194
-0.389790 -0.319738 -2.858494
-0.440137 -0.422862 -3.668325
-0.438567 -0.415100 -1.844365
-0.256152 -0.258223 -4.473312
-0.383118 -0.368829 -1.717021
-0.230780 -0.492913 11.208132
-0.491812 -0.456331 6.332987
-0.426298 -0.490476 -4.694668
-0.453406 -0.485112 10.461016
-0.451980 -0.394663 -4.471082
-0.380345 -0.408147 -3.423712
-0.485661 -0.454580 8.802161
-0.421713 -0.288146 -6.231155
-0.393805 -0.445018 -4.795560
-0.470172 -0.428501 -4.702212
-0.480158 -0.434257 -4.193198
-0.327177 -0.458634 -4.239087
-0.443371 -0.436398 -3.852582
-0.431703 -0.124908 -5.926118
-0.467496 -0.484427 -5.235645
-0.446137 -0.365735 -3.087593
-0.394424 -0.451390 -3.587709
-0.432263 -0.447807 -4.305928
-0.387333 -0.456802 -3.168745
-0.452571 -0.444079 -2.477943
0.380394 -0.448502 -1.770389
-0.425897 -0.443865 5.418430
-0.474170 -0.443269 -2.965027
-0.462137 -0.341008 5.890428
-0.431949 -0.374745 -4.547261
-0.384260 -0.151051 -4.341325
-0.473239 -0.498326 8.154028
-0.379568 -0.418632 -2.613298
-0.414248 -0.468716 -5.338754
-0.408180 -0.343931 -3.447018
-0.484595 -0.458484 -4.666875
-0.453068 -0.477131 -4.790569
-0.376241 -0.218821 -2.810673
-0.489246 -0.433116 6.997553
-0.452197 -0.417961 -4.952538
-0.486783 -0.454819 -3.613521
-0.221276 -0.462563 -1.513335
-0.481578 -0.448584 -5.657028
-0.434736 -0.495326 11.951789
-0.483559 -0.490745 -1.481801
-0.397535 -0.462179 -3.993475
-0.366408 -0.466710 -2.763776
-0.361020 -0.328704 -3.134026
-0.443660 -0.463884 -4.896294
-0.309780 -0.496613 -5.750608
-0.320895 -0.482186 0.007369
-0.476910 -0.326380 -4.141254
-0.432866 -0.472467 12.423371
-0.323437 -0.498273 -2.115801
-0.460410 -0.339180 5.772549
-0.412703 -0.369570 -1.968974
-0.423676 -0.234149 -5.373432
-0.431009 -0.404730 -4.206561
-0.328685 -0.391344 -5.215120
-0.344169 -0.258079 -5.184829
-0.490973 -0.472990 11.057258
-0.438720 -0.451935 -4.888642
-0.338518 -0.490123 -3.432637
-0.452029 -0.440285 6.201032
-0.489431 -0.448319 -3.449512
-0.451278 -0.460491 -1.801164
-0.488295 -0.336353 -2.064455
-0.415109 -0.442975 -6.205404
-0.465927 -0.431495 -6.016160
-0.399697 -0.482091 6.201928
-0.498914 -0.439581 8.075871
-0.445835 -0.433398 -5.740214
-0.386714 -0.475010 -4.778325
-0.474047 -0.460388 -4.494408
-0.420042 -0.431011 5.534426
-0.438811 -0.493607 -3.214263
-0.400468 -0.294333 -4.874284
-0.461904 -0.480374 -4.651673
-0.431427 -0.463885 -5.074347
-0.358084 -0.410360 6.185051
-0.401033 -0.336516 -6.150438
-0.424249 -0.374545 -6.084028
-0.488602 -0.074134 -2.967252
-0.270515 -0.485608 -4.296339
-0.496915 -0.278192 7.545940
-0.468045 -0.454460 -4.023025
-0.358205 -0.431540 -3.683836
-0.321407 -0.143056 -4.564587
-0.377316 -0.414374 -3.211948
-0.261827 -0.444720 -5.980046
-0.374955 -0.491709 -3.515966
-0.447968 -0.169687 -5.566467
-0.414610 -0.495189 -5.972681
-0.445116 -0.491638 5.917705
-0.481514 -0.320961 -4.668397
-0.488119 -0.494509 -4.153438
-0.290436 -0.339447 -3.857250
-0.426377 -0.482859 10.242382
-0.367309 -0.366125 -4.453326
-0.361402 -0.372854 -4.771011
-0.426619 -0.308329 -4.284703
-0.444630 -0.457332 -3.525747
-0.489309 -0.466689 5.400164
-0.499088 -0.448162 8.752938
-0.470770 -0.398493 -2.595822
-0.460168 -0.402826 -5.972254
-0.428329 -0.479662 -5.038744
-0.466381 -0.378125 -4.339833
-0.332881 -0.470793 -4.004987
-0.491624 -0.450410 -3.532374
-0.478325 -0.436470 8.832772
-0.369408 -0.426266 -3.812143
-0.478419 -0.479356 9.879688
-0.478284 -0.185133 9.366271
-0.405684 -0.467331 -5.114498
-0.437685 -0.430471 4.971907
-0.490435 -0.406089 8.113269
-0.433735 -0.470963 -4.852769
-0.358383 -0.438867 -3.578829
-0.481121 -0.346069 7.722785
-0.324675 -0.429849 5.753883
-0.493040 -0.408339 6.903412
-0.407286 -0.382402 -3.581818
