-0.485707 -0.440536 -1.007757
-0.468826 -0.361670 5.478454
-0.309661 -0.388910 5.571938
-0.419925 -0.433481 5.022491
-0.478940 -0.493088 -1.677191
-0.490531 -0.445933 3.235454
-0.410328 -0.383491 6.130778
-0.468532 -0.454877 2.513195
-0.459655 -0.447604 -6.067167
-0.414881 -0.486727 4.918714
-0.353435 -0.364522 5.456204
-0.322922 -0.437685 4.509691
-0.475206 -0.372048 4.672584
-0.497995 -0.419036 -1.767731
-0.362686 -0.278582 5.119949
-0.392276 -0.298955 5.136284
-0.387392 -0.468234 5.415908
-0.368243 -0.498666 4.850755
-0.488665 -0.459342 3.902963
-0.474483 -0.478638 -6.167207
-0.418522 -0.329968 4.645877
-0.484609 -0.472978 -5.298661
-0.443111 -0.427881 4.260981
-0.489762 0.202590 0.798853
-0.465802 -0.473065 5.156188
-0.402729 -0.437925 2.691896
-0.411287 -0.482459 2.582941
-0.473147 -0.451344 4.540042
-0.377013 -0.444219 -4.969807
-0.436405 -0.402780 5.516487
-0.432715 -0.369072 4.533420
-0.489474 -0.485025 5.476233
-0.434452 -0.406949 -6.082679
-0.448962 -0.488639 -5.293321
-0.421845 -0.383491 3.749458
-0.489868 -0.479636 4.557310
-0.486801 -0.472942 -6.079964
-0.431147 -0.456148 -5.723185
-0.296251 -0.497343 -6.023987
-0.469377 -0.478035 -5.477756
-0.478904 -0.489015 1.974165
-0.421210 -0.322143 4.893834
-0.493435 -0.417289 2.418360
-0.465655 -0.434384 5.119522
-0.333936 -0.480310 2.567739
-0.462845 -0.472853 -5.650704
-0.480479 -0.229630 4.168472
-0.465531 -0.488202 1.263426
-0.393423 -0.316106 5.782835
-0.465828 -0.356557 -5.884443
-0.458157 -0.491296 5.531555
-0.493592 -0.305691 -5.390578
-0.491918 -0.484722 5.752447
-0.375453 -0.482237 5.938037
-0.403034 -0.423160 5.066574
-0.454862 -0.469872 2.401395
-0.475790 -0.494470 1.544577
-0.477145 -0.432583 5.936336
-0.487887 -0.379007 0.546933
-0.495352 -0.498718 3.437437
-0.483297 -0.415637 -1.973762
-0.481696 -0.438965 -1.519444
-0.312982 -0.265836 3.070005
-0.428136 -0.493926 5.039831
-0.391652 -0.406867 4.520889
-0.286545 -0.464567 3.968949
-0.427215 -0.416177 4.308302
-0.458357 -0.337395 -5.467222
-0.469600 -0.460731 6.119014
-0.451748 -0.227311 5.105670
-0.455783 -0.398236 -5.584527
-0.468700 -0.293236 5.016880
-0.498508 -0.307765 -1.961855
-0.383063 -0.403326 4.852339
-0.492284 -0.446702 0.040219
-0.497019 -0.425063 4.690213
-0.400385 -0.495960 4.778454
-0.488517 -0.485170 5.146940
-0.488591 -0.141278 8.458991
-0.475317 -0.345814 4.844043
-0.478222 -0.421129 -5.863137
-0.472734 -0.433366 -5.731567
-0.437786 -0.122894 3.620411
-0.428626 -0.487029 0.987492
-0.469821 -0.388419 4.300218
-0.476837 -0.397478 -5.800434
-0.384983 -0.469983 4.297676
-0.496893 -0.371107 -2.125428
-0.401103 -0.430227 2.280526
-0.475078 -0.414897 4.900286
-0.441568 -0.417725 5.391249
-0.489546 -0.348415 5.943633
-0.493905 -0.477790 -1.866180
-0.490637 -0.398956 -5.574541
-0.458163 0.006487 4.902794
-0.439699 -0.396359 -6.225837
-0.444119 -0.466161 5.137980
-0.491240 -0.478051 5.770194
-0.422447 -0.424355 2.009417
-0.427179 -0.284031 3.511332
-0.494883 -0.499424 -1.892305
-0.475984 -0.212609 5.624765
-0.499467 -0.407986 -2.290755
-0.467876 -0.120199 1.154631
-0.468355 -0.413466 -4.987587
-0.430367 -0.286169 5.399885
-0.411703 -0.466565 2.732220
-0.470902 -0.331231 8.785656
-0.372641 -0.447907 5.974315
-0.459812 -0.368463 -5.074531
-0.416428 -0.469769 6.244884
-0.323417 -0.432881 4.508325
-0.481031 -0.472824 4.016530
-0.365533 -0.463796 4.103360
-0.452000 -0.151028 -5.630921
-0.471431 -0.439304 4.641163
-0.469796 -0.433384 5.086072
-0.398469 -0.391104 -5.791508
-0.495350 -0.458778 -6.118634
-0.479020 -0.400498 5.097818
-0.485164 -0.496601 3.057628
-0.483293 -0.430079 -1.903639
-0.483608 -0.477326 5.065231
-0.482804 -0.338611 6.217992
-0.431272 -0.210460 2.179688
-0.439077 -0.418845 -5.057998
-0.455263 -0.454903 -5.744734
-0.408465 -0.361648 6.063160
-0.487288 -0.488782 -6.026524
-0.492606 -0.478917 3.866223
-0.390278 -0.412382 3.298265
-0.384139 -0.374878 5.827705
-0.484303 -0.323098 -5.397051
-0.403500 -0.429927 -5.500993
-0.454183 -0.474039 4.172118
-0.458524 -0.396113 5.316892
-0.452685 -0.407623 2.167962
-0.460771 -0.440766 -5.818895
-0.379819 -0.362976 5.988339
-0.366540 -0.333402 -4.840015
-0.470741 -0.461848 5.643581
-0.414902 -0.410909 6.112785
-0.331097 -0.418859 3.152302
-0.441708 -0.373326 4.032087
-0.496172 -0.471739 6.132821
-0.439795 -0.499706 -6.208992
-0.374836 -0.458736 6.154622
-0.476677 -0.430495 -2.820440
-0.487405 -0.212122 -4.577319
-0.497153 -0.486605 0.876799
-0.168192 -0.443038 3.118342
-0.394160 -0.408507 4.451733
-0.467363 -0.452869 -4.525125
-0.309064 -0.458708 -6.144119
-0.416026 -0.451949 5.555969
-0.485912 -0.434915 -1.585911
-0.484825 -0.462142 -4.115121
-0.401443 -0.385428 -6.221645
-0.439132 -0.443700 6.123972
-0.426042 -0.488619 4.401654
-0.494293 -0.449706 -2.445017
-0.446017 -0.471868 4.646209
-0.484613 -0.201639 -4.419661
-0.223342 -0.432726 5.915315
-0.423110 -0.494456 0.838933
-0.433270 -0.477157 3.325942
-0.319854 -0.436480 4.292579
-0.486442 -0.493858 2.697003
-0.415832 -0.337347 6.243334
-0.495743 -0.487265 2.516856
-0.454747 -0.409442 4.316916
-0.485797 -0.470132 -5.083690
-0.471508 -0.493850 0.901611
-0.442641 -0.345054 -3.496803
-0.484407 -0.492594 8.611040
-0.442205 -0.495034 -5.752333
-0.495167 -0.410414 4.699792
-0.474770 -0.455864 5.136836
-0.373766 -0.423555 4.277683
-0.490976 -0.307384 -1.310063
-0.456109 -0.311384 -5.858551
-0.461770 -0.456964 6.242660
-0.465813 -0.472312 4.961307
-0.465106 -0.378849 3.390336
-0.454285 -0.423915 5.942487
-0.436087 -0.440731 5.391927
-0.491560 -0.403260 -4.842990
-0.384273 -0.458503 4.578560
-0.449266 -0.415501 5.866336
-0.325349 -0.296980 4.495795
-0.229622 0.347483 2.975981
-0.464254 -0.150298 4.030377
-0.479109 -0.426813 5.414193
-0.467540 -0.490394 1.216667
-0.428874 -0.378345 5.580236
-0.441574 -0.425042 5.372544
-0.393805 -0.405301 5.363069
-0.445123 -0.498516 4.015841
-0.448996 -0.408223 4.183587
-0.399153 -0.438122 4.027493
-0.484499 -0.441219 -5.061411
-0.490726 -0.434229 4.388956
-0.491050 -0.385755 0.589185
-0.473053 -0.479758 5.134675
-0.480787 -0.453623 4.357851
-0.383692 -0.428811 5.318582
-0.413686 -0.478765 0.447851
-0.497509 -0.490713 -1.248164
-0.492724 -0.040649 9.368603
-0.485669 -0.426688 -5.863447
-0.481004 -0.347477 4.726262
-0.498007 -0.336870 -2.178457
-0.458682 -0.401956 3.805353
-0.495033 -0.435650 -5.633383
-0.491670 -0.449781 4.296198
-0.422727 -0.345639 6.214848
-0.394851 -0.425653 4.353514
-0.398140 -0.397322 5.139795
-0.476713 -0.370250 5.058189
-0.440905 -0.458968 -4.201389
-0.450892 -0.495709 1.008915
-0.437745 -0.403651 5.707805
-0.479866 -0.477500 -2.250348
-0.472241 -0.448059 5.724119
-0.219980 -0.401966 4.853034
-0.430118 -0.400888 3.827359
-0.482226 -0.172694 4.488532
-0.398636 -0.495633 1.887821
-0.438828 -0.326489 -5.822019
-0.482001 -0.222680 6.237005
-0.453301 -0.406997 3.362258
-0.320387 -0.447570 5.925377
-0.418177 -0.475654 0.576977
-0.477560 -0.475821 4.528982
-0.477075 -0.333921 9.156229
-0.463447 -0.492640 2.175483
-0.446259 -0.425980 4.369970
-0.486638 -0.487570 0.276074
-0.497443 -0.406944 -2.412035
-0.361659 -0.430779 6.248880
-0.294638 -0.461847 -5.947721
-0.344473 -0.379729 4.542063
-0.368596 -0.393995 6.129635
-0.377170 -0.496286 -5.379475
-0.422402 -0.437852 5.993085
-0.375352 -0.472928 0.906849
-0.494580 -0.314436 -2.259158
-0.461989 -0.469959 3.681674
-0.355902 -0.471182 5.703260
-0.371370 -0.454896 5.056440
-0.438683 -0.417400 4.855618
-0.439434 -0.416320 4.404877
-0.387629 -0.480059 5.707390
-0.329675 -0.385112 -4.999410
-0.489301 -0.285559 5.876547
-0.463096 -0.370916 3.807119
-0.419145 -0.456721 4.798654
-0.467112 -0.471805 5.214355
-0.429431 -0.488989 4.402102
-0.487883 -0.474093 -1.158462
-0.432960 -0.485045 2.626260
-0.497673 0.232188 -0.561508
-0.354853 -0.286911 -5.844319
-0.497964 -0.449549 4.771573
-0.440362 -0.386395 5.017819
-0.422392 -0.465080 -6.209751
-0.495723 -0.355787 -1.547946
-0.385845 -0.498526 12.546661
-0.169073 -0.433640 3.400898
-0.492271 -0.011538 -1.391212
-0.462749 -0.341051 -5.741438
-0.446607 -0.163190 3.231789
-0.489639 -0.492180 6.988700
-0.466114 -0.272594 -6.215160
-0.448159 -0.340145 5.828292
-0.460267 -0.333768 5.225741
-0.447466 -0.465728 5.956095
-0.486753 -0.433618 -6.282422
-0.464301 -0.471358 2.206239
-0.488620 -0.499182 -4.373258
-0.368637 -0.391093 5.240001
-0.452440 -0.411920 5.372764
-0.485864 -0.483577 2.680380
-0.466942 -0.312521 4.165710
-0.448138 -0.485706 3.311194
-0.456255 -0.339901 4.572744
-0.444869 -0.461675 5.165769
-0.421129 -0.461717 5.712714
-0.456100 -0.469606 4.999693
-0.426976 -0.413348 3.386338
-0.258809 -0.407146 -4.720338
-0.488898 -0.338435 4.522591
-0.465657 -0.409264 -4.648129
-0.414258 -0.416515 5.530099
-0.482715 -0.417094 -0.679745
-0.325822 -0.464819 2.924892
-0.454998 -0.355053 5.902672
-0.425520 -0.399989 2.954206
-0.454392 -0.393225 -6.124879
-0.436456 -0.373198 5.923768
-0.445212 -0.461718 6.163939
-0.464169 -0.483382 5.668832
-0.422149 -0.409648 2.330782
-0.371698 -0.499224 -6.259456
-0.489558 -0.394512 -2.564119
-0.490901 -0.335354 -5.484995
-0.257636 -0.486618 5.474719
-0.436000 -0.426850 -5.955609
-0.453048 -0.492126 -4.940595
-0.468566 -0.489831 0.244203
-0.479865 -0.305657 -0.733675
-0.496571 -0.252860 8.690448
-0.498907 -0.435779 -0.817626
-0.457134 -0.276862 4.640483
-0.432922 -0.400555 3.566610
-0.472846 -0.379671 -4.777493
-0.475214 -0.494568 3.191518
-0.494540 -0.458191 3.114485
-0.448665 -0.330010 5.204744
-0.259763 -0.452186 -6.023945
-0.488584 -0.439328 4.951065
-0.385183 -0.409347 4.490600
-0.440399 -0.459240 4.723617
-0.493557 -0.441278 -6.055996
-0.459437 -0.487001 2.725044
-0.468582 -0.499985 5.720010
-0.499075 -0.455594 5.298878
-0.468920 -0.384722 4.885505
-0.478691 -0.462351 4.577966
-0.372356 -0.414127 5.149177
-0.496893 -0.322526 6.036401
-0.475543 -0.425532 5.993884
-0.455742 -0.067180 3.373713
-0.463778 -0.378749 3.961333
-0.493333 -0.497014 -5.496773
-0.377220 -0.313169 -5.482177
-0.435368 -0.432947 5.383611
-0.498289 -0.383552 -0.657980
-0.456995 -0.464408 5.527690
-0.498206 -0.475197 6.070251
-0.464555 -0.406866 4.411681
-0.458314 -0.408266 4.138986
-0.458164 -0.445822 5.713362
-0.306389 -0.390225 4.902189
-0.393283 -0.404765 6.138560
-0.420220 -0.470832 4.991454
-0.446323 -0.478740 5.087780
-0.484959 -0.130954 3.316599
-0.477404 -0.482516 0.767294
-0.486149 -0.437525 4.753846
-0.393433 -0.485272 1.745144
-0.467027 -0.393152 6.011300
-0.464231 -0.486472 5.782428
-0.420549 -0.450978 6.140601
-0.499419 -0.383027 5.811292
-0.488943 -0.458926 -5.349711
-0.486253 -0.455203 -1.424915
-0.492918 -0.498063 0.818833
-0.476816 -0.434964 6.026031
-0.471335 -0.427286 -5.507155
-0.488198 -0.433686 0.481207
-0.471970 -0.324919 6.256406
-0.475608 -0.460364 6.002613
-0.477297 -0.499101 3.553811
-0.397709 -0.417179 5.276550
-0.395934 -0.335051 5.601767
-0.462990 -0.396849 4.531556
-0.481660 -0.463511 5.563571
-0.485899 -0.451387 0.017943
-0.459484 -0.487724 3.870250
-0.428005 -0.464741 4.691561
-0.367110 -0.482615 3.956798
-0.468098 -0.409888 5.752524
-0.481974 -0.451687 -1.163570
-0.448208 -0.484552 5.093945
-0.496859 -0.471086 -5.241506
-0.255528 -0.498445 1.286117
-0.477901 0.231984 1.668410
-0.485403 -0.485908 11.991880
-0.463199 -0.464665 2.091579
-0.202304 -0.494502 10.671397
-0.365398 -0.459483 4.100599
-0.284175 -0.279086 2.864633
-0.472352 -0.494522 2.927971
-0.433201 -0.398882 5.035742
-0.477358 -0.446327 2.248869
-0.493323 -0.225244 4.768018
-0.489091 -0.473760 1.292153
-0.466927 -0.484084 0.185492
-0.472193 -0.393501 4.013699
-0.495064 -0.438250 -3.092477
-0.492357 -0.483463 7.924849
-0.379517 -0.438113 4.555407
-0.443171 -0.446120 5.306169
-0.448285 -0.480747 4.365554
-0.494388 -0.480517 7.529509
-0.286857 -0.487493 2.942430
-0.463568 -0.361003 4.612024
-0.301434 -0.345381 -4.489885
-0.496039 -0.423662 6.903001
