-0.320835 -0.426525 4.766394
-0.498425 -0.362081 -5.389621
-0.497827 -0.443345 8.618358
-0.474148 -0.485015 3.840603
-0.454937 -0.399945 4.879799
-0.469115 -0.479017 4.790909
-0.471530 -0.414469 5.026052
-0.407183 -0.422168 4.955679
-0.421803 -0.450219 -4.759884
-0.479069 -0.440037 2.011891
-0.450626 -0.487107 12.154482
-0.453074 -0.444830 5.414403
-0.468410 0.094380 3.222201
-0.465648 -0.463206 4.195115
-0.302440 -0.460021 2.943917
-0.413618 -0.434389 -4.908504
-0.399255 -0.399388 4.302164
-0.280220 -0.330609 5.269523
-0.491909 -0.474485 3.902750
-0.472067 -0.450675 5.027611
-0.263134 -0.473043 2.184652
-0.384305 -0.464484 4.763560
-0.469557 -0.414331 4.796581
-0.449728 -0.479739 5.494891
-0.426885 -0.433929 -5.980082
-0.473502 -0.443130 -6.132407
-0.191800 -0.462241 4.842173
-0.450980 -0.411699 3.995745
-0.309401 -0.455681 -6.239339
-0.432694 -0.460349 -4.642268
-0.475879 -0.444057 4.889598
-0.271064 -0.354620 4.747118
-0.498010 -0.383313 -2.362770
-0.452510 -0.454976 4.945990
-0.443584 -0.403694 5.820381
-0.409182 0.235223 4.592895
-0.263130 -0.471291 4.446525
-0.457110 -0.479347 4.997785
-0.450220 -0.251865 4.945258
-0.482893 -0.380092 4.448668
-0.436767 -0.462362 3.756259
-0.384420 -0.440640 3.632096
-0.469427 -0.405737 5.515095
-0.487225 -0.222248 4.341673
-0.459639 -0.310362 -5.053303
-0.498176 -0.394719 5.039262
-0.428814 -0.430918 3.764882
-0.411893 -0.453090 -5.085285
-0.494761 -0.485076 4.147819
-0.476581 -0.396294 3.992282
-0.459084 -0.348810 5.767973
-0.461862 -0.466717 4.237402
-0.408951 -0.403732 5.526171
-0.451750 -0.351633 4.528872
-0.485378 -0.449028 -1.868038
-0.476899 -0.483961 0.849127
-0.383581 -0.397713 4.257433
-0.473074 -0.439787 2.917209
-0.443549 -0.423652 6.002467
-0.408236 -0.453388 5.276001
-0.494544 -0.459724 -0.156824
-0.427989 -0.476459 2.673654
-0.496107 -0.474750 4.384256
-0.394582 -0.433130 -6.265850
-0.414943 -0.430679 -5.306003
-0.456425 -0.450088 5.918510
-0.493539 -0.424442 -1.796766
-0.485076 -0.440327 -1.840612
-0.460758 -0.454380 4.439787
-0.486614 -0.460664 -0.754521
-0.460831 -0.497466 3.706377
-0.350600 -0.441948 5.072555
-0.423150 -0.295126 4.609211
-0.432760 -0.493220 2.245533
-0.404662 -0.364154 4.480935
-0.452459 -0.496400 11.288120
-0.334129 -0.495288 1.029891
-0.380294 -0.438750 5.434854
-0.464339 -0.009803 4.769801
-0.288059 -0.474140 1.703398
-0.493840 -0.471091 -5.034592
-0.486881 -0.436890 5.315573
-0.452336 -0.293078 5.183023
-0.484440 -0.442423 5.275557
-0.491231 -0.448907 -5.123967
-0.484853 -0.298839 -0.513993
-0.391393 -0.467549 4.671625
-0.453417 -0.370723 4.456137
-0.386220 -0.489734 2.972891
-0.448464 -0.447180 5.538391
-0.462861 -0.231044 5.908420
-0.454809 -0.454760 5.280267
-0.469546 -0.488793 4.768123
-0.453526 -0.175010 3.374284
-0.070367 0.088500 -0.445966
-0.475685 -0.491944 0.846825
-0.331671 -0.490626 0.362310
-0.472280 -0.489659 6.282253
-0.453611 -0.365482 5.399986
-0.324202 -0.324135 4.907527
-0.494959 -0.453170 -2.013978
-0.469481 -0.456557 2.997175
-0.433023 -0.371959 5.389283
-0.493920 -0.424940 -2.035676
-0.406966 -0.479054 6.194017
-0.433708 -0.404823 -5.282574
-0.266226 -0.436496 3.239587
-0.451670 -0.475738 12.086771
-0.492515 -0.487007 1.090162
-0.476638 -0.460254 5.209308
-0.492055 -0.464275 -1.774660
-0.437933 -0.489028 4.677103
-0.476033 -0.473533 -5.178387
-0.377008 -0.491712 0.451410
-0.382420 -0.449350 5.348094
-0.450633 -0.390709 4.710990
-0.149948 -0.476018 -5.549495
-0.448305 -0.403694 -4.972950
-0.467542 -0.400759 4.944922
-0.439570 -0.368346 5.951344
-0.468956 -0.461998 2.980016
-0.429535 -0.391219 4.253244
-0.456069 -0.364249 5.645139
-0.454860 -0.325809 -6.118959
-0.460450 -0.448182 -5.137426
-0.477019 -0.379979 5.208821
-0.488977 -0.495073 3.563436
-0.496551 -0.490041 1.026891
-0.368286 -0.274811 5.289772
-0.407019 -0.442351 5.243474
-0.499267 -0.449024 5.269002
-0.459874 -0.465851 4.743478
-0.466557 -0.465639 -5.889787
-0.460210 -0.482775 0.259771
-0.471829 -0.395507 5.694883
-0.454299 -0.351075 5.006676
-0.421522 -0.440781 5.099125
-0.441003 -0.293252 4.299736
-0.493720 -0.444492 -1.699497
-0.331518 -0.379613 -4.953879
-0.449693 -0.436693 5.969961
-0.451114 -0.484702 0.223701
-0.480174 -0.314936 5.932587
-0.389176 -0.424762 5.187646
-0.417529 -0.479256 4.842230
-0.474550 -0.469437 5.105577
-0.496047 -0.435168 5.904380
-0.466209 -0.207049 -4.794925
-0.409563 -0.418624 3.244347
-0.426123 -0.377418 2.337694
-0.390724 -0.284223 -5.849598
-0.351850 -0.399535 5.822479
-0.436769 -0.487295 4.780803
-0.468992 -0.446538 2.532475
-0.488406 -0.480045 7.095460
-0.447358 -0.388529 5.102649
-0.498769 -0.487580 -5.328436
-0.429044 -0.436430 4.630823
-0.494931 -0.449388 8.252393
-0.479759 -0.405843 8.163762
-0.475549 -0.454744 5.278722
-0.474460 -0.013756 3.231424
-0.413420 -0.455397 3.098212
-0.441274 -0.369162 4.780189
-0.486499 -0.237870 2.833354
-0.490485 -0.446363 4.794364
-0.433706 -0.313305 -5.843899
-0.397054 -0.448110 3.987081
-0.443234 -0.395204 3.287485
-0.479464 -0.488568 -1.782141
-0.477361 -0.318522 -1.384625
-0.335940 -0.308722 -4.524485
-0.472838 0.002708 5.590472
-0.472353 -0.424544 3.654285
-0.370392 -0.424395 5.230395
-0.406413 -0.492278 2.359216
-0.420978 -0.368216 -4.098327
-0.469195 -0.443575 5.576615
-0.402791 -0.477030 6.109760
-0.422244 -0.342270 -5.687697
-0.496230 -0.476836 -1.851215
-0.231596 -0.405137 6.208722
-0.389392 -0.325435 -5.863640
-0.479215 -0.428249 3.978777
-0.413929 -0.154051 2.885239
-0.462365 -0.473654 5.021312
-0.459725 -0.422323 -3.655264
-0.499297 -0.495582 2.464211
-0.460272 -0.430495 -5.514386
-0.481486 -0.468070 -3.697440
-0.465072 -0.020390 3.678090
-0.481132 -0.493049 -5.909599
-0.466031 -0.453059 5.347218
-0.451278 -0.381212 2.342016
-0.478095 -0.406005 -0.095516
-0.399508 -0.330339 -6.043078
-0.476120 -0.478082 0.282028
-0.462508 -0.437200 5.398142
-0.486926 -0.367988 2.749126
-0.460805 -0.488421 0.303585
-0.459282 -0.232584 5.091612
-0.450528 -0.496858 -6.063987
-0.418220 -0.391761 5.948605
-0.485405 -0.458068 -5.352840
-0.230335 -0.417093 3.334738
-0.482794 -0.473936 -4.181372
-0.469717 -0.368200 4.896883
-0.471289 -0.456592 3.419122
-0.411552 -0.412545 6.132744
-0.435319 -0.408075 -4.632275
-0.253265 -0.484003 3.893196
-0.482012 -0.150469 -0.258333
-0.491398 -0.396610 -6.268102
-0.340580 -0.492889 0.805809
-0.455879 -0.499664 3.919123
-0.445924 -0.461114 5.516469
-0.498519 -0.431828 8.203917
-0.390857 -0.445285 -4.512371
-0.467173 -0.359477 2.702449
-0.465745 -0.360439 4.818282
-0.487058 -0.473993 6.023997
-0.445055 -0.436457 5.594355
-0.482794 -0.479910 -0.314594
-0.498579 -0.483726 6.283037
-0.310038 -0.359114 4.019067
-0.297974 -0.461896 5.961489
-0.464985 -0.421467 -5.058215
-0.377471 -0.480064 5.248716
-0.375730 -0.499870 1.225674
-0.481841 -0.326845 4.585528
-0.450853 -0.306516 5.452764
-0.327589 -0.241209 5.121010
-0.302874 -0.390064 3.439725
-0.436800 -0.075913 2.646759
-0.435095 -0.341885 2.099961
-0.490601 -0.434530 -2.491919
-0.494317 -0.431656 -1.562326
-0.389338 -0.372340 -6.091096
-0.435119 -0.414783 5.988217
-0.399552 -0.407054 4.371061
-0.330031 -0.498958 5.053664
-0.474270 -0.483457 12.303437
-0.474374 -0.491400 5.989604
-0.451017 -0.449322 4.624505
-0.477926 -0.381462 5.670944
-0.485608 -0.392836 -2.949479
-0.406921 -0.496064 12.475442
-0.399338 -0.423044 5.153498
-0.456048 -0.375622 4.155574
-0.496492 -0.457737 5.458320
-0.443102 -0.283837 -5.254432
-0.472684 -0.422245 4.697204
-0.479882 -0.467127 -2.178805
-0.418819 -0.476310 0.347020
-0.460988 -0.326199 5.139913
-0.457944 -0.480518 12.164109
-0.493314 -0.434474 6.738420
-0.478199 -0.400487 5.028442
-0.377815 -0.499540 3.351440
-0.394935 -0.325726 4.178293
-0.460966 -0.395357 4.905859
-0.483215 -0.481707 5.101396
-0.269114 -0.424305 3.890110
-0.411161 -0.497100 11.877921
-0.491376 -0.452729 5.126184
-0.441270 -0.361848 4.887166
-0.420593 -0.478344 3.301501
-0.316190 -0.440830 5.244077
-0.430193 -0.460952 4.922042
-0.492116 -0.477836 5.510043
-0.417313 -0.475914 2.090661
-0.345031 -0.471150 2.863672
-0.435120 -0.485090 0.945393
-0.372282 -0.479818 4.489233
-0.497032 -0.296984 4.348287
-0.476268 -0.331218 5.172048
-0.414595 -0.451873 5.112108
-0.499863 -0.406858 -2.027238
-0.409998 -0.370147 -5.402128
-0.386046 -0.496404 2.772075
-0.474504 -0.453455 3.174359
-0.443356 -0.448887 4.691951
-0.253025 -0.156142 3.791064
-0.427374 -0.342095 5.534706
-0.424483 -0.483861 1.157301
-0.468698 -0.434976 5.531746
-0.466862 -0.381702 5.683870
-0.463242 -0.459361 6.155475
-0.379352 -0.370868 3.440625
-0.340128 -0.460483 4.291731
-0.444153 -0.419490 5.126599
-0.485785 -0.413109 -2.871032
-0.427517 -0.469381 -2.797984
-0.461307 -0.408492 2.841464
-0.453697 -0.452501 1.187801
-0.450964 -0.447836 5.132544
-0.493392 -0.482063 0.736113
-0.482349 -0.461857 5.778577
-0.477126 -0.462554 5.388028
-0.461258 -0.453832 3.930494
-0.496839 -0.457436 -0.773686
-0.464144 -0.462602 -6.190733
-0.355412 -0.389454 5.135826
-0.477910 -0.480210 5.192762
-0.438744 -0.238406 5.513711
-0.483971 -0.478282 4.344147
-0.473036 -0.476058 3.733284
-0.481295 -0.490144 3.382045
-0.461030 -0.396785 3.779704
-0.463416 -0.348390 4.613431
-0.384721 -0.327357 5.827640
-0.436872 -0.413650 5.766003
-0.404025 -0.434832 5.284035
-0.453296 -0.497175 4.374489
-0.363670 -0.339958 4.870001
-0.494662 -0.463003 4.829633
-0.431706 -0.370528 2.923445
-0.478353 -0.401489 -5.863102
-0.453059 -0.492255 1.841013
-0.402011 -0.270932 2.720994
-0.485703 -0.420358 5.085233
-0.450771 -0.311529 -5.707369
-0.454036 -0.450296 4.066433
-0.316316 -0.497906 12.334346
-0.251331 -0.398906 2.587410
-0.421566 -0.416954 5.787609
-0.450387 -0.472679 2.747765
-0.476138 -0.453115 -5.564245
-0.429735 -0.459320 -5.094863
-0.386787 -0.474265 5.507855
-0.415344 -0.461006 4.946731
-0.466014 -0.457497 4.233484
-0.457580 -0.351629 5.452687
-0.490974 -0.497844 1.259440
-0.492193 -0.347447 5.058474
-0.495961 -0.482414 7.668613
-0.417851 -0.460867 3.439830
-0.440585 -0.468653 5.756068
-0.433353 -0.391538 -4.794673
-0.421516 -0.451914 4.639716
-0.445042 -0.409109 4.336279
-0.380099 -0.354059 4.741339
-0.487021 -0.449479 -1.440825
-0.350676 -0.238790 -6.020994
-0.493486 -0.449953 6.227343
-0.497946 -0.497705 11.602997
-0.461801 -0.471515 -4.717073
-0.421319 -0.459922 -6.152831
-0.414817 -0.456744 5.560879
-0.457588 -0.492148 0.870559
-0.493100 -0.482085 0.734135
-0.399795 -0.301096 2.282771
-0.405965 -0.245940 3.613889
-0.421035 -0.426634 4.724054
-0.407252 -0.393164 -5.854853
-0.358472 -0.478441 10.306592
-0.431312 -0.456035 3.192772
-0.352229 -0.371007 5.924384
-0.158307 -0.421006 3.529154
-0.495944 -0.454641 5.844034
-0.440623 -0.421732 2.586943
-0.240574 -0.263960 4.365810
-0.491835 -0.475078 -0.257336
-0.473812 -0.474092 3.289819
-0.402380 -0.418623 6.043292
-0.405515 -0.427952 4.817772
-0.445715 -0.498503 3.730268
-0.475972 -0.372942 4.126437
-0.454417 -0.471802 4.822159
-0.486960 -0.485257 2.965698
-0.455820 -0.233550 3.209728
-0.488186 -0.422905 4.590951
-0.453431 -0.447064 4.673081
-0.498094 -0.461107 -2.225147
-0.431926 -0.488819 -5.907054
-0.446943 -0.408711 5.209541
-0.404124 -0.379115 -6.206649
-0.497074 -0.497985 7.959523
-0.437993 -0.344878 3.545376
-0.491049 -0.171167 -1.788426
-0.463623 -0.486461 5.846502
-0.491612 -0.483624 7.902848
-0.489552 -0.445103 8.238908
-0.382057 -0.416597 5.773922
-0.491566 -0.426442 4.974171
-0.380737 -0.478036 5.606205
-0.483735 -0.494601 5.386688
-0.480031 -0.441861 5.540482
-0.442533 -0.460261 4.483524
-0.367886 -0.431253 -5.827415
-0.498507 -0.497248 3.123469
-0.467726 -0.489628 5.390155
-0.482385 -0.478346 -5.630963
-0.470490 -0.471938 -1.875533
-0.249827 -0.485381 12.360148
-0.495336 -0.486807 8.641381
-0.352840 -0.290050 5.224758
-0.360668 -0.448942 5.636682
-0.457197 -0.461921 5.351917
-0.419396 -0.485322 5.095228
