-0.430389 -0.480289 1.099845
-0.454555 -0.361613 -5.923176
-0.492372 -0.490826 -2.270194
-0.497322 -0.293147 4.438236
-0.491763 -0.431627 5.412778
-0.429458 -0.464431 4.464823
-0.460054 -0.487723 5.296189
-0.433730 -0.494087 5.748102
-0.365654 -0.451047 4.890453
-0.478687 -0.464054 0.542126
-0.419096 -0.490972 -4.883566
-0.342225 -0.416825 3.711146
-0.498365 -0.042021 4.859853
-0.460873 -0.486935 5.612694
-0.483838 -0.358941 5.852916
-0.471339 -0.443056 3.487249
-0.462337 -0.413274 4.486181
-0.246442 -0.457923 3.885947
-0.248459 -0.454551 3.528991
-0.493459 -0.365901 3.040488
-0.440513 -0.425496 5.059104
-0.445891 -0.416995 3.892837
-0.466875 -0.310673 2.618877
-0.494004 -0.442046 4.059042
-0.493440 -0.398470 3.624710
-0.483234 -0.480926 3.889911
-0.401012 -0.451333 3.012285
-0.412692 -0.453154 4.583039
-0.481366 -0.497293 1.208607
-0.451450 -0.458221 1.846870
-0.499163 -0.419513 5.493311
-0.456328 -0.254355 -4.548086
-0.414391 -0.338123 3.907598
-0.358939 -0.464580 5.719665
-0.491432 -0.488698 -1.833378
-0.308336 -0.474483 3.054373
-0.403341 -0.451132 5.658902
-0.362203 -0.468337 4.267851
-0.494678 -0.358823 -1.606499
-0.458438 -0.377832 5.280980
-0.421878 -0.353888 4.754902
-0.472706 -0.414963 6.015291
-0.424802 -0.498163 3.468784
-0.462352 -0.487872 0.700563
-0.421250 -0.399122 4.216395
-0.446402 -0.435274 5.435596
-0.387497 -0.411791 4.659208
-0.494655 -0.491741 4.456478
-0.409696 -0.435730 4.126408
-0.466693 -0.470807 3.513122
-0.470022 -0.369511 -2.124877
-0.479635 -0.404104 -4.504090
-0.475322 -0.294945 -5.993271
-0.358527 -0.444670 5.850721
-0.437316 -0.455461 3.053055
-0.486245 -0.481500 4.720630
-0.309987 -0.361369 2.806965
-0.447756 -0.463034 4.833102
-0.415220 -0.181033 4.399023
-0.415455 -0.478428 4.350903
-0.397792 -0.372052 3.652411
-0.478554 -0.299407 4.632374
-0.481067 -0.467748 3.288786
-0.357269 -0.208026 5.141837
-0.471689 -0.129010 1.347668
-0.493799 -0.438747 -6.217902
-0.412123 -0.254237 4.064735
-0.389226 -0.283688 4.910335
-0.391855 -0.479701 4.175827
-0.334773 -0.423215 1.162563
-0.426132 -0.474809 -5.815738
-0.495515 -0.134555 4.429920
-0.443013 -0.421650 5.506464
-0.484760 -0.453084 -0.137653
-0.489999 -0.290893 3.451321
-0.497745 -0.447425 4.753065
-0.452318 -0.483466 2.278255
-0.420350 -0.347882 2.088371
-0.434351 -0.272604 5.511430
-0.420190 -0.406820 6.280859
-0.443025 -0.467661 5.020300
-0.269783 -0.312282 4.828278
-0.447924 -0.482601 5.661602
-0.474298 -0.396741 2.985153
-0.213361 -0.448898 4.176382
-0.393591 -0.456447 5.352828
-0.485618 -0.445349 8.745116
-0.423680 -0.490992 5.069962
-0.371705 -0.416024 5.249639
-0.478958 -0.421668 2.285766
-0.467691 -0.444983 4.940863
-0.339506 -0.468432 5.195425
-0.421312 -0.129296 3.176872
-0.458314 -0.372219 2.764098
-0.465700 -0.413178 5.828027
-0.297950 -0.418400 5.538089
-0.480978 -0.453033 4.988058
-0.420284 -0.421480 4.412854
-0.326752 -0.475229 3.746622
-0.485486 -0.450136 1.910442
-0.381530 -0.362045 6.081462
-0.462669 -0.432550 5.954246
-0.389654 -0.349286 5.248772
-0.481199 -0.467494 4.773447
-0.424884 -0.458458 -5.977800
-0.404041 -0.437781 5.393711
-0.478142 -0.459815 1.872666
-0.464712 -0.371845 4.751974
-0.395620 -0.495402 1.064676
-0.385200 -0.311515 4.609254
-0.453171 -0.383688 4.146429
-0.493562 0.058389 1.739507
-0.442472 -0.491516 0.969816
-0.482348 -0.449511 -5.794912
-0.425835 -0.340975 4.373570
-0.429757 -0.172324 -6.140610
-0.488856 -0.477649 5.868622
-0.464090 -0.248222 5.251761
-0.478321 -0.442263 3.910587
-0.482944 -0.440426 -2.252312
-0.378855 -0.495503 0.273676
-0.480371 -0.084381 3.439050
-0.497861 -0.227213 -0.569443
-0.479761 -0.445114 0.067344
-0.496472 -0.430037 0.316479
-0.382154 -0.458127 5.028132
-0.394101 -0.459351 -4.823031
-0.326690 -0.488097 0.179139
-0.395118 -0.462881 4.899185
-0.322675 -0.451361 3.892565
-0.451402 -0.363861 4.447394
-0.451462 -0.091098 4.220887
-0.464240 -0.438334 4.137196
-0.395820 -0.388952 -6.023292
-0.472573 -0.482630 4.564365
-0.468932 -0.475458 4.964430
-0.450422 -0.403184 5.340920
-0.374265 -0.358382 5.836218
-0.482852 -0.442069 5.425919
-0.482060 -0.443407 -0.648153
-0.470750 -0.390515 3.087416
-0.424452 -0.462371 4.194012
-0.470979 -0.416289 -0.645031
-0.483869 -0.474519 -0.660082
-0.442914 -0.471692 12.154978
-0.423064 -0.400573 6.145673
-0.370882 -0.398641 3.198228
-0.287908 -0.394943 2.835761
-0.478100 -0.290186 4.867637
-0.477324 -0.444728 3.702717
-0.415607 -0.458736 1.979787
-0.414727 -0.246749 3.722595
-0.247278 -0.437534 3.066504
-0.447626 -0.438536 3.447006
-0.459692 -0.471322 3.436675
-0.475657 -0.447602 1.047569
-0.442202 -0.490597 1.498910
-0.343372 -0.293004 3.685412
-0.463466 -0.476105 -5.055483
-0.469783 -0.107397 4.270144
-0.445360 -0.274302 2.483259
-0.459642 -0.275264 2.894355
-0.424701 -0.435025 -5.969889
-0.433405 -0.038819 -5.671812
-0.454570 -0.361802 3.381496
-0.476140 -0.494816 7.181888
-0.447407 -0.466717 4.294565
-0.490305 -0.340730 -5.280882
-0.463260 -0.467491 4.616245
-0.374146 -0.427575 5.848279
-0.340621 -0.349556 1.389195
-0.372980 -0.402902 -5.589228
-0.382707 -0.429060 -5.521759
-0.389711 -0.341427 3.570859
-0.461087 -0.474594 -6.071965
-0.477029 -0.215838 4.862903
-0.362505 -0.409727 -5.657380
-0.308900 -0.249353 4.692596
-0.416888 -0.317246 4.766493
-0.466070 -0.328680 1.905599
-0.427157 -0.336719 3.935064
-0.429267 -0.392351 -5.450842
-0.423009 -0.440369 3.100917
-0.360511 -0.458950 4.578170
-0.363822 -0.186845 1.368630
-0.470753 -0.454961 5.743340
-0.401709 -0.416235 -5.715273
-0.428837 -0.479730 3.052942
-0.462290 -0.401307 4.645620
-0.426639 -0.495016 5.628674
-0.470248 -0.284902 3.521421
-0.481432 -0.316968 5.591413
-0.452901 -0.422197 5.571509
-0.466427 -0.365573 2.513079
-0.434078 -0.385259 5.325930
-0.440050 -0.424031 4.986520
-0.495440 -0.466337 -2.277918
-0.478616 -0.448434 -2.243283
-0.486462 -0.457719 -5.786542
-0.496588 -0.452009 -0.493636
-0.175792 -0.340401 4.302306
-0.457545 -0.479507 4.329864
-0.467966 -0.315733 3.651281
-0.462940 -0.489823 -4.520794
-0.467948 -0.443792 5.366692
-0.476355 -0.441344 5.264399
-0.413665 -0.488660 -5.351039
-0.442045 -0.247435 4.189662
-0.454841 -0.419233 5.068132
-0.395667 -0.466764 0.896262
-0.408995 -0.467393 -4.681668
-0.487725 -0.444119 -6.124247
-0.487588 -0.129595 4.704388
-0.438598 -0.483686 4.634204
-0.302596 -0.492684 2.000592
-0.439407 -0.441787 4.737982
-0.243416 -0.488618 4.934330
-0.428869 -0.467273 5.904914
-0.433420 -0.499263 4.109749
-0.454418 -0.261780 4.358096
-0.486290 -0.209296 -2.337919
-0.408349 -0.424966 2.640236
-0.402127 -0.431236 5.329454
-0.497200 -0.378589 -0.709025
-0.306223 -0.384450 4.827784
-0.415020 -0.392017 -5.265015
-0.236453 -0.439867 2.110861
-0.426603 -0.312038 5.566861
-0.356236 -0.407599 3.678377
-0.393125 -0.397953 3.845733
-0.457293 -0.491696 11.281086
-0.478553 -0.484969 -2.404397
-0.382943 -0.484872 -5.567876
-0.414992 -0.487152 5.853843
-0.491901 -0.387912 0.060111
-0.477572 -0.382709 4.784780
-0.494056 0.062838 -0.624652
-0.488263 -0.457910 5.045633
-0.489009 -0.440260 3.849848
-0.482531 -0.442874 -1.686064
-0.260061 -0.496631 0.451427
-0.497412 -0.446972 4.971993
-0.408386 -0.450254 3.072227
-0.462561 -0.488912 5.707088
-0.439107 -0.437604 -5.318720
-0.441447 -0.244197 4.465887
-0.404944 -0.430355 4.899184
-0.381367 -0.358201 -5.807720
-0.371479 -0.464396 5.562180
-0.357839 -0.495864 2.153180
-0.474693 -0.371956 3.033676
-0.399664 -0.458699 4.764327
-0.434431 -0.419127 2.620851
-0.369359 -0.445612 4.878151
-0.466901 -0.237536 -4.796867
-0.467496 -0.363650 4.593080
-0.492522 -0.394729 4.465647
-0.307230 -0.461764 3.148489
-0.407477 -0.351277 4.253648
-0.450041 -0.268533 3.523388
-0.456339 -0.448612 5.638845
-0.483285 -0.322196 4.384558
-0.468206 -0.361939 4.711093
-0.373688 -0.473633 3.169703
-0.478915 -0.498680 3.548082
-0.465353 -0.243724 5.175412
-0.485487 -0.377755 6.135594
-0.415941 -0.487840 3.445821
-0.470366 -0.457497 3.932761
-0.469132 -0.273513 4.447913
-0.428208 -0.424488 3.317256
-0.459937 -0.402986 2.870666
-0.473661 -0.388123 -5.555080
-0.481971 -0.463143 4.367582
-0.331082 -0.384755 2.558772
-0.491671 -0.417519 3.712383
-0.476036 -0.367486 -0.359434
-0.498446 -0.499429 8.716940
-0.350170 -0.470251 4.871051
-0.385880 -0.273264 4.095546
-0.370182 -0.244409 4.724022
-0.492257 -0.480517 0.242584
-0.462593 -0.300036 4.470176
-0.202793 -0.422300 5.929303
-0.387463 -0.432988 4.742226
-0.405007 -0.387478 3.831331
-0.251980 -0.474300 4.707654
-0.473640 -0.468939 5.169127
-0.455925 -0.421548 -5.732347
-0.455187 -0.471301 3.240559
-0.456858 -0.375665 5.390850
-0.390923 -0.466584 5.188700
-0.480249 -0.473208 4.686203
-0.470684 -0.451331 4.811911
-0.438938 -0.467760 4.799693
-0.475908 -0.473985 5.670746
-0.399012 -0.475027 -6.271702
-0.471431 -0.290020 5.041892
-0.301553 -0.363745 2.670074
-0.468907 -0.429243 4.670046
-0.463226 -0.394717 4.700946
-0.493524 -0.449104 3.630750
0.022486 0.017709 -2.060881
-0.431760 -0.497458 5.302661
-0.491061 -0.406078 6.216599
-0.438803 -0.454767 5.821090
-0.479820 -0.451604 2.271442
-0.471745 -0.459282 5.208105
-0.476214 -0.469918 3.448905
-0.388549 -0.493358 4.775339
-0.488380 -0.350901 5.406106
-0.450225 -0.453657 3.754388
-0.384374 -0.368139 -5.183653
-0.293152 -0.499007 4.325806
-0.412691 -0.475589 6.206308
-0.386813 -0.456136 4.895997
-0.445162 -0.447820 3.881741
-0.496361 -0.465863 -2.049190
-0.390238 -0.490981 2.773435
-0.438653 -0.286398 3.461710
-0.487035 -0.154674 0.457270
-0.443800 -0.431674 3.667617
-0.495887 -0.403105 2.444420
-0.449950 -0.425495 3.551504
-0.481914 -0.450527 7.679990
-0.415654 -0.394894 5.834797
-0.218706 -0.378000 3.523669
-0.410620 -0.497761 2.451153
-0.434286 -0.367774 4.041570
-0.465856 -0.470331 5.128015
-0.413537 -0.477062 3.192168
-0.497897 -0.499958 7.784288
-0.489302 -0.448519 6.087373
-0.437810 -0.254295 5.384391
-0.426420 -0.348524 5.940977
-0.498064 -0.432180 5.280883
-0.310127 -0.494780 3.516591
-0.437290 -0.487024 5.206995
-0.413328 -0.481045 5.419101
-0.467702 -0.303039 -5.426571
-0.348412 -0.431702 5.162809
-0.461355 -0.341773 4.781976
-0.497967 -0.451828 9.248401
-0.443612 -0.451351 5.517772
-0.473869 -0.347913 3.423170
-0.375795 -0.019825 4.276448
-0.477035 -0.459173 4.720357
-0.335304 -0.282011 -4.568177
-0.489984 -0.495153 -1.937030
-0.443524 -0.300418 2.351048
-0.477331 -0.129982 5.507001
-0.290053 -0.434973 -6.113024
-0.467931 -0.059189 5.723817
-0.439867 -0.482827 2.580576
-0.351235 -0.270330 -4.575945
-0.417172 -0.426697 5.955085
-0.496097 -0.420152 4.277327
-0.406376 -0.430186 5.798220
-0.474537 -0.447425 9.339824
-0.441371 -0.428015 4.250593
-0.412655 -0.464098 3.535073
-0.494858 -0.425737 5.073682
-0.477455 -0.383904 3.038170
-0.335717 -0.463042 3.461534
-0.449471 -0.494192 3.569169
-0.433703 -0.393149 5.584843
-0.485351 -0.445594 4.688392
-0.328282 -0.293198 4.407709
-0.479571 -0.479444 3.572747
-0.427030 -0.498323 1.686015
-0.389417 -0.445479 3.708744
-0.433845 -0.376148 4.403995
-0.464081 -0.372208 4.721930
-0.462158 -0.493522 12.323607
-0.426646 -0.381467 4.786314
-0.385085 -0.059831 4.587467
-0.466763 -0.330788 4.744859
-0.420995 -0.429743 6.220086
-0.472937 -0.365889 4.106585
-0.393639 -0.480562 2.155915
-0.204346 -0.411299 4.830754
-0.467732 -0.440905 3.128425
-0.438855 -0.398007 2.580851
-0.441500 0.020697 3.120780
-0.474349 -0.447926 4.963635
-0.411460 -0.468447 4.303328
-0.476068 -0.364320 5.946306
-0.495164 -0.462520 -1.748081
-0.461731 -0.454536 4.289908
-0.466800 -0.470957 3.928500
-0.415529 -0.262819 2.130867
-0.391011 -0.495981 3.162345
-0.385837 -0.364060 3.919514
-0.442581 -0.444540 3.356181
-0.470622 -0.494890 1.887691
-0.478774 -0.447315 5.992743
-0.455418 -0.440932 3.997757
-0.471783 -0.271148 5.662216
-0.447850 -0.364508 4.868856
-0.368117 -0.206901 4.868477
