-0.440060 0.033538 -3.678594
-0.441496 -0.404314 -5.242387
-0.429748 -0.163042 -3.798141
-0.446800 -0.316608 -2.646336
-0.456245 -0.402951 -4.515609
-0.461763 -0.400243 -5.542347
-0.493725 -0.237020 8.857228
-0.433514 -0.448520 -3.712482
-0.465408 -0.465311 -4.150328
-0.351152 -0.469106 -3.401212
-0.414185 -0.488664 9.537100
-0.353628 -0.306378 -2.603472
-0.439332 -0.287206 -4.788913
-0.472744 -0.378378 -2.199928
-0.485715 -0.370729 3.678045
-0.398302 -0.272352 -2.740662
-0.273434 -0.459940 -1.449425
-0.490773 -0.495338 0.995308
-0.424385 -0.482787 -3.541314
-0.429686 -0.424907 -2.628890
-0.465214 -0.455990 -4.440559
-0.471713 -0.438617 -4.722921
-0.416071 -0.415905 -4.657723
-0.499448 -0.002634 -2.855635
-0.492853 -0.356708 4.649804
-0.446481 -0.411875 -2.751511
-0.440918 -0.378719 -5.651252
-0.443322 -0.490392 7.009107
-0.448027 -0.188525 -4.372448
-0.289133 0.346803 -5.987897
-0.412953 -0.359798 -4.867028
-0.497635 -0.428983 -3.628350
-0.449514 -0.389237 -2.644573
-0.475355 -0.446013 -3.658931
-0.403354 -0.188189 -3.524074
-0.391555 -0.351401 -4.829107
-0.425275 -0.372250 -3.121832
-0.441186 -0.474911 -3.321458
-0.474614 -0.489186 10.053149
-0.457551 -0.392376 -3.185062
-0.475335 -0.209564 -4.076003
-0.472710 -0.243366 -3.401886
-0.470420 -0.439301 -0.986356
-0.494092 -0.433667 -0.631483
-0.269323 -0.458318 -2.532881
-0.294936 -0.426540 -3.763097
-0.445777 -0.439736 -2.976077
-0.403880 -0.455632 -2.313333
-0.415657 -0.462827 -3.412596
-0.458361 -0.399156 -2.443928
-0.485567 -0.197164 -2.528654
-0.414623 -0.492003 7.665528
-0.495247 -0.478326 6.582996
-0.493022 -0.477504 6.889586
-0.380770 -0.387142 -3.565137
-0.466946 -0.475948 -3.752216
-0.478837 -0.492383 10.846245
-0.470425 -0.484033 7.552378
-0.450490 -0.471549 -2.724798
-0.454928 -0.493860 -4.961680
-0.376358 -0.302066 -4.093200
-0.492821 -0.481275 -1.568049
-0.495706 -0.482687 7.111918
-0.469775 -0.451188 -4.542134
-0.433043 -0.399555 -3.375048
-0.446101 -0.478048 -3.336335
-0.454904 -0.496467 1.332258
-0.481542 -0.455216 -2.684116
-0.440638 -0.440403 -4.742723
-0.487549 -0.460077 -4.869740
-0.465261 -0.425762 -5.309879
-0.443529 -0.488579 -1.962671
-0.477741 -0.435882 -1.584098
-0.413494 -0.458769 -3.165887
-0.430050 -0.243481 -1.078619
-0.428167 -0.474054 -1.293476
-0.455500 -0.468279 -2.683643
-0.420186 -0.380404 -2.730318
-0.464629 -0.437578 -4.860212
-0.435625 -0.394381 -4.273633
-0.471794 -0.480306 9.640586
-0.464447 -0.491666 -5.854390
-0.465051 -0.490875 -2.800726
-0.467906 -0.449674 -2.355107
-0.375012 -0.381759 -4.133380
-0.473829 -0.491261 0.165514
-0.411369 -0.269687 -3.397568
-0.472160 -0.491774 6.841321
-0.419355 -0.434467 -3.646542
-0.496261 -0.431099 5.365465
-0.486989 -0.401151 6.416574
-0.400291 -0.452152 -5.598555
-0.314145 -0.487014 -4.581861
-0.416862 -0.327097 -5.093779
-0.430244 -0.376982 -5.723607
-0.396785 -0.469203 -4.608248
-0.428613 -0.327591 -4.123028
-0.424576 -0.282822 -3.769645
-0.497535 -0.186100 -2.843521
-0.475823 -0.398751 -2.561792
-0.255825 -0.492578 8.963599
-0.429764 -0.186539 -3.218111
-0.215054 -0.277435 -4.044907
-0.415889 -0.354308 -2.477622
-0.442783 -0.475186 -3.050130
-0.450046 -0.487143 -3.128899
-0.427262 -0.486854 -3.272826
-0.493308 -0.357920 9.103293
-0.418266 -0.475280 -3.343869
-0.358616 -0.479673 -4.093026
-0.451667 -0.465074 -4.332907
-0.492979 -0.462992 -4.898612
-0.405651 -0.440126 -5.894478
-0.489225 -0.396543 -2.015197
-0.463622 -0.316562 -3.525434
-0.460974 -0.408886 -4.686677
-0.436423 -0.418562 -4.117809
-0.472298 -0.357365 -1.766845
-0.474964 -0.435776 4.302720
-0.266410 -0.397014 -3.401249
-0.343351 -0.357345 -3.510357
-0.487721 -0.453668 6.149317
-0.449223 -0.497927 8.807024
-0.464886 -0.497288 9.711418
-0.387811 -0.458679 -6.075048
-0.472471 -0.351184 -2.788147
-0.492476 -0.480897 4.198769
-0.477004 -0.468891 -5.716504
-0.400996 -0.433506 -5.313445
-0.444744 -0.288173 -2.632693
-0.417415 -0.468751 -1.880807
-0.496050 -0.487431 5.747515
-0.467683 -0.340268 -4.446267
-0.477015 -0.422442 -2.880793
-0.464131 -0.481719 -2.260136
-0.430965 -0.418029 -4.794172
-0.497334 -0.471183 -4.913172
-0.448597 -0.415430 -4.820889
-0.466462 -0.309199 -3.414073
-0.492667 -0.400662 -4.789488
-0.491731 -0.379786 7.607253
-0.485503 -0.490718 -2.439519
-0.499690 -0.406312 4.953533
-0.482601 -0.157014 5.621508
-0.272585 -0.466811 -3.501740
-0.452682 -0.454481 -4.288563
-0.364584 -0.479085 -3.067926
-0.477846 -0.481748 7.614066
-0.465851 -0.488207 8.953870
-0.469966 -0.457784 -3.794207
-0.455786 -0.460712 -3.051397
-0.439182 -0.422226 -4.373742
-0.487094 -0.430440 8.505804
-0.449417 -0.366100 -3.458924
-0.463986 -0.460195 -4.796796
-0.493336 -0.165610 -5.406440
-0.471633 -0.453221 6.814095
-0.454039 -0.414859 -4.899439
-0.429331 -0.462166 -1.681889
-0.440141 -0.413778 -4.285562
-0.447694 -0.465676 -2.526898
-0.458523 -0.369388 -5.465421
-0.460382 -0.454705 -2.744254
-0.430818 -0.473877 10.560753
-0.498018 -0.366953 -3.066208
-0.464906 -0.339681 -3.411022
-0.495087 -0.369915 -2.926271
-0.444329 -0.486376 -2.480143
-0.491769 -0.489238 -5.553260
-0.492097 -0.473447 9.417142
-0.468202 -0.430282 -5.797904
-0.443290 -0.444429 -2.701360
-0.466496 -0.289773 -2.935270
-0.251189 -0.360296 -2.338519
-0.489875 -0.106740 7.350398
-0.433268 -0.466043 -4.609005
-0.462817 -0.451384 -3.283537
-0.379782 -0.499661 10.031680
-0.455219 -0.491792 -4.579153
-0.474011 -0.486970 -5.468140
-0.475186 -0.493765 10.678986
-0.462828 -0.439790 -5.208931
-0.487127 -0.482345 -2.515950
-0.483156 -0.467495 -5.066725
-0.411097 -0.421413 -4.745088
-0.412554 -0.453555 -2.471866
-0.424617 -0.152087 -1.685748
-0.459264 -0.475769 -0.433216
-0.487195 -0.454477 -2.674047
-0.488088 -0.400289 -0.832646
-0.474327 -0.374412 -2.107013
-0.470174 -0.455809 -2.221361
-0.367962 -0.302895 -5.383950
-0.423413 -0.461634 -4.657609
-0.478938 -0.323026 -3.780406
-0.418298 -0.470177 -0.501278
-0.428748 -0.451385 -4.797447
-0.485358 -0.495435 -1.634902
-0.399061 -0.399247 -3.109758
-0.407746 -0.446565 -5.134905
-0.464007 -0.453223 -3.102502
-0.433185 -0.203055 -5.707131
-0.310722 -0.390622 -5.841246
-0.372826 -0.425460 -4.666151
-0.483104 -0.430501 -6.210120
-0.449551 -0.492502 11.355206
-0.439231 -0.368473 -3.191909
-0.258016 -0.439601 -5.218495
-0.304757 -0.451786 -3.470115
-0.406306 -0.465993 5.741682
-0.300713 -0.455368 -2.301515
-0.294875 -0.368149 -3.430379
-0.465868 -0.350607 -4.539661
-0.422266 -0.454805 -5.180994
-0.467564 -0.396124 -2.875232
-0.411537 -0.433621 -3.069793
-0.250666 -0.401125 -2.660285
-0.470608 -0.414492 -4.591162
-0.312810 -0.483677 -2.457911
-0.413916 -0.230074 -4.345126
-0.479296 -0.438066 -2.390348
-0.381422 -0.499223 7.891537
-0.403019 -0.420138 -4.665832
-0.481280 -0.371636 -3.705899
-0.388792 -0.478014 9.370575
-0.474775 -0.477507 -3.192181
-0.373193 -0.385892 -3.146587
-0.430047 -0.468223 -5.579884
-0.467752 -0.486850 10.859651
-0.438848 -0.486222 -3.413756
-0.493608 -0.479055 -4.087155
-0.312944 -0.483372 5.401248
-0.415453 -0.407066 -4.317166
-0.396864 -0.499660 -4.498198
-0.478092 -0.466085 -5.462725
-0.454405 -0.302526 -1.862444
-0.445297 -0.425831 -4.061977
-0.467711 -0.467849 -3.869264
-0.388364 -0.349247 -2.603602
-0.460983 -0.477981 -4.988044
-0.461719 -0.496940 -3.543941
-0.356834 -0.457974 -3.560286
-0.442773 -0.421667 -1.440385
-0.403439 -0.480945 -1.812109
-0.488971 -0.470462 6.589170
-0.476479 -0.494629 -0.920839
-0.470996 -0.468602 -3.434720
-0.471907 -0.440655 -2.791424
-0.399702 -0.295378 -4.797179
-0.372033 -0.450757 -2.400032
-0.488275 -0.412465 7.134639
-0.406135 -0.410721 -5.630446
-0.320925 -0.388766 -4.139859
-0.426918 -0.387319 -4.262619
-0.436559 -0.385659 -2.854724
-0.481915 -0.197044 9.019658
-0.393208 -0.374979 -5.007569
-0.454239 -0.375493 -5.824537
-0.395986 -0.235273 -5.053854
-0.444255 -0.462897 -3.264163
-0.413826 -0.315460 -4.496250
-0.438659 -0.223992 -5.669729
-0.473252 -0.498704 -3.264005
-0.386924 -0.485858 11.738012
-0.479715 -0.405480 -1.971487
-0.400757 -0.472888 -2.799071
-0.356581 -0.436650 -3.253089
-0.459489 -0.490783 -5.311883
-0.444830 -0.463953 -2.813982
-0.495900 -0.476473 6.282685
-0.415049 -0.374819 -4.118531
-0.470355 -0.292873 -4.298933
-0.475494 -0.463814 -3.775856
-0.187612 -0.437400 -5.790493
-0.393344 -0.499567 -2.801030
-0.418411 -0.461560 -4.454939
-0.486632 -0.496500 -2.191288
-0.406606 -0.386913 -3.985334
-0.421880 -0.250480 -4.480922
-0.464869 -0.458327 -2.804580
-0.466711 -0.461093 -5.254304
-0.443815 -0.433310 -2.274748
-0.437909 -0.347868 -4.346746
-0.419881 -0.490815 -5.651626
-0.455417 -0.468185 -4.328115
-0.417641 -0.483998 9.894655
-0.460652 -0.444267 -4.333589
-0.470003 -0.474410 9.985967
-0.364241 -0.490577 10.450351
-0.446083 -0.380428 -5.025608
-0.414565 -0.429508 -1.173448
-0.456928 -0.390588 -3.858736
-0.409711 -0.293042 -3.848465
-0.455761 -0.459448 -2.720212
-0.469595 -0.427766 -1.430515
-0.478924 -0.456258 -4.229732
-0.345459 -0.333195 -1.394115
-0.312033 -0.471653 -5.899471
-0.291223 -0.229434 -4.936952
-0.463281 -0.494470 10.507149
-0.385330 -0.491962 7.786215
-0.473916 -0.374788 -3.024738
-0.476165 -0.461148 -2.848181
-0.437544 -0.482942 -3.033549
-0.397055 -0.378944 -0.978619
-0.433876 -0.456430 -4.541140
-0.478004 -0.470775 -2.427588
-0.419356 0.162730 -2.804907
-0.393661 -0.490037 9.538201
-0.487507 -0.460942 6.110578
-0.455054 -0.450896 -5.559484
-0.445565 -0.490141 -3.863757
-0.465238 -0.174957 -5.003989
-0.392198 -0.497795 -4.927342
-0.356641 -0.356196 5.203238
-0.493184 -0.468626 -2.101013
-0.389049 -0.415248 -2.428329
-0.484175 -0.396392 -1.837741
-0.484855 -0.428961 -3.013633
-0.359867 -0.471337 -1.566125
-0.487345 -0.444361 -3.735156
-0.359957 -0.432850 -1.513569
-0.497835 -0.297203 7.125717
-0.310715 -0.422062 -3.663423
-0.450095 -0.280255 -3.057232
-0.487990 -0.465083 -4.890328
-0.463898 -0.392830 -2.060154
-0.426370 -0.430635 -3.374850
-0.462548 -0.385635 -5.285713
-0.421391 -0.449673 -5.051942
-0.497062 -0.379601 6.938066
-0.467079 -0.416187 -4.838614
-0.480926 -0.177331 6.595335
-0.473783 -0.470894 -4.875217
-0.395970 0.318283 -5.346033
-0.425308 -0.453252 -5.218444
-0.449500 -0.438697 -4.026472
-0.498636 -0.433416 -4.419077
-0.409772 -0.461441 5.385930
-0.477976 -0.487755 -5.455288
-0.434387 -0.415093 -2.866862
-0.434391 -0.496795 7.360471
-0.456643 -0.445037 -3.667300
-0.360082 -0.314571 6.185693
-0.332770 -0.303004 -4.791493
-0.432190 -0.468511 -1.547025
-0.442434 -0.436719 -3.743711
-0.360833 -0.484237 -2.870427
-0.494672 -0.486209 -5.157500
-0.427017 -0.446402 -3.431542
-0.416157 -0.408105 -1.987643
-0.344317 -0.406726 -3.295495
-0.432742 -0.486516 -4.462449
-0.486766 -0.417051 -3.491951
-0.269518 -0.146891 -4.055901
-0.398545 -0.362357 -4.053297
-0.484979 -0.495554 10.682034
-0.472647 -0.498077 -5.296635
-0.453117 -0.499847 8.342072
-0.393793 -0.477572 -3.583246
-0.450789 -0.341988 -4.316634
-0.493566 -0.425080 7.033759
-0.489548 -0.479799 4.346672
-0.371379 -0.429051 -4.757636
-0.386503 -0.469216 -2.123695
-0.382975 0.247344 -5.905251
-0.486873 -0.426764 8.131680
-0.429531 -0.496754 -3.031180
-0.382611 -0.466704 -0.510995
-0.479955 -0.264667 -2.284071
-0.486091 -0.457121 -1.921450
-0.439304 -0.497168 9.648714
-0.494406 -0.470490 -5.519481
-0.486008 -0.437789 -4.132066
-0.321227 -0.416191 -4.106403
-0.491875 -0.461494 -4.951663
-0.269954 -0.453465 -1.320377
-0.359167 0.430438 -6.128686
-0.493599 -0.466692 6.559948
-0.493123 -0.489308 10.745399
-0.414615 -0.358838 -3.659491
-0.423092 -0.452969 -1.988718
-0.466775 -0.360026 -5.360639
-0.345526 -0.431684 -4.591188
-0.414193 -0.390584 -5.084721
-0.471159 -0.425571 -3.035381
-0.478174 -0.475271 -3.647021
-0.454878 -0.460765 -5.128446
-0.306697 -0.424526 -0.944954
-0.312383 -0.393152 -4.151163
-0.460818 -0.430079 -4.295440
-0.449187 -0.490696 8.516575
-0.488185 -0.439592 -4.250233
-0.405979 -0.227225 -2.640624
-0.418087 -0.383694 -2.817391
-0.284208 -0.389045 -3.742796
-0.475232 -0.365665 6.091510
-0.475673 -0.476940 -2.965327
-0.441026 -0.110925 -4.621243
-0.498768 -0.449840 6.884936
