-0.050228 0.153097 -2.786460
0.106375 0.497381 5.472472
-0.328203 0.010269 0.870706
0.457442 -0.355946 4.849521
-0.012542 0.430070 -5.825333
-0.114026 -0.402218 -4.797843
0.425247 -0.049841 -4.572381
0.405216 0.185682 2.886548
-0.103464 0.003468 -3.628849
0.116667 0.415530 -3.786401
0.498696 0.394993 6.830545
-0.287854 0.188131 -4.607604
-0.491311 0.474202 -5.797931
-0.484350 0.339997 -5.456138
0.085254 0.359419 4.893797
0.223868 -0.352405 4.236689
0.177887 -0.076060 4.479261
-0.184748 0.140089 -2.689509
-0.115367 -0.030251 -2.063853
0.124425 0.000892 4.154303
0.143497 -0.382747 -6.245511
-0.300343 0.336654 -3.876234
-0.303274 -0.114107 4.699817
0.491495 0.384319 -3.833590
-0.021907 0.207562 -4.492465
-0.437230 0.257331 4.290432
-0.259780 -0.439562 -1.728834
-0.290322 -0.185176 1.622376
0.364405 0.005937 6.176466
0.376189 -0.225180 1.918457
-0.122306 0.155634 -3.528955
0.077413 -0.187947 5.263265
0.443776 -0.418715 -5.360202
0.363586 -0.447700 5.385982
0.260427 0.454874 6.259611
-0.394752 -0.257480 1.651501
-0.438827 -0.391978 -1.053841
-0.305700 0.071528 3.361607
0.030079 -0.403802 5.229036
-0.382143 0.266487 6.187586
-0.121556 0.396363 3.544176
0.291377 -0.263280 -4.135900
-0.245366 -0.441965 -3.237920
-0.161940 -0.122672 3.431486
0.201800 -0.251587 4.822900
-0.129714 0.313588 -4.665837
-0.354829 0.232037 -4.536068
0.233193 0.152421 -5.696225
0.327939 -0.475600 11.621820
0.324526 -0.354363 -5.336617
0.171805 0.066426 -6.110608
0.376609 -0.055006 4.574951
-0.410759 0.483150 -6.044468
-0.294196 -0.257459 3.006592
-0.197352 -0.282072 -5.102560
0.461502 -0.142670 4.225678
0.444516 0.330282 -4.964502
-0.134159 0.322452 -5.333968
0.082020 0.029376 3.391470
-0.126263 0.054541 1.565037
0.167430 -0.214820 5.937414
0.458313 0.031737 3.179855
0.473016 -0.320147 -1.905291
-0.057367 0.354556 4.368928
-0.093202 -0.151544 -1.785604
-0.487652 -0.346667 3.830250
0.311674 -0.155709 3.886170
0.429911 0.053131 2.976424
-0.297233 -0.155055 -4.508304
0.390164 0.134370 4.249741
0.442682 0.322635 -5.385549
0.355185 0.016678 2.733440
0.319931 0.247899 -2.623672
0.378284 0.152522 -3.302612
0.493180 0.396745 4.502190
0.440319 -0.222587 -4.748116
0.173038 0.049026 6.124588
-0.191390 -0.005619 -4.590822
0.402416 -0.420108 -5.867968
0.256448 0.029257 -5.121391
0.443866 -0.098415 3.600441
-0.412610 -0.063632 -3.996265
0.123476 -0.051835 6.221424
0.090784 -0.401672 5.732887
-0.494288 -0.112380 -5.537089
-0.037316 0.287866 -5.469486
-0.351058 -0.473969 -0.529883
0.101374 -0.437726 -6.169679
0.479238 -0.062883 5.748680
0.360566 -0.205220 2.132953
0.391166 -0.371353 -3.930559
-0.127614 0.139068 -3.753073
0.072640 0.039229 3.548781
0.119271 -0.318012 0.250850
0.026724 -0.211239 3.546084
0.429287 0.139370 3.326295
0.451437 -0.193497 4.400507
0.239457 -0.213014 5.307523
0.411037 0.051887 -5.374474
0.255931 -0.465167 -1.925304
-0.265941 0.206174 -5.892803
0.370902 -0.206453 1.111413
0.327285 -0.269766 -6.162478
0.049075 0.337361 4.649969
0.381357 0.128383 -3.670172
-0.042238 0.001598 1.868773
-0.287436 -0.153119 5.305449
-0.139256 -0.353956 -6.097434
-0.492500 0.269892 -1.240027
0.390499 0.488248 9.315621
-0.063078 -0.493233 11.750531
0.217336 0.070711 3.479650
-0.089503 0.440752 -5.005895
0.454339 0.391778 -3.312842
0.352737 -0.227598 1.732251
-0.266826 0.092444 -1.317778
0.342548 0.147712 3.346103
-0.262844 0.131170 -1.999465
0.352517 0.446895 -1.572386
-0.477628 0.336018 -5.435561
-0.005592 0.329489 2.341771
0.455476 -0.342492 4.561968
-0.386855 -0.117461 2.973038
-0.074443 -0.404525 -4.791041
0.156388 -0.400095 3.040904
0.210058 0.198986 2.780610
0.364378 0.356036 -3.653193
0.305048 -0.393013 -5.952948
0.170666 -0.022235 5.112797
0.346599 -0.230247 -4.496526
0.497440 0.151828 0.158910
0.433379 -0.038138 3.843939
0.048539 0.451508 6.076070
0.307600 0.216876 5.400734
0.242748 -0.430954 2.856571
0.084393 0.278638 2.209047
-0.315013 0.427047 -3.220476
0.235670 0.331542 5.214811
-0.033687 -0.413736 4.863383
-0.229063 0.234224 -4.126027
0.460851 0.265810 -5.131161
0.117575 -0.284207 2.674760
0.063561 -0.433908 5.794657
0.003099 0.241665 2.206705
-0.046770 -0.331118 -2.275372
0.323318 0.495579 -4.722635
0.152575 -0.213824 3.230852
0.437636 -0.246721 -5.173791
-0.242531 -0.462049 -2.958905
0.452786 0.092345 2.361276
0.080411 0.467203 2.484847
0.123137 -0.072866 4.951262
-0.126991 -0.161988 3.449696
0.285851 0.286493 -0.875991
-0.070048 0.294343 -1.070534
-0.280489 -0.048795 3.219524
-0.228079 0.405850 -4.896309
0.420095 0.059198 3.069810
0.281080 -0.367416 1.930514
0.330350 -0.334346 -5.589144
0.129432 -0.222241 2.134210
0.053035 0.187034 4.240120
0.183302 -0.368118 5.924311
-0.004449 0.489406 -2.848323
0.089478 0.204122 2.590818
0.333259 -0.312319 3.147443
0.436723 0.339952 -3.542042
0.171663 -0.066037 4.679527
0.394093 -0.355895 4.816583
0.269993 0.051850 6.180647
0.176918 -0.429470 -4.226962
-0.340824 0.488204 9.600060
0.124176 0.071896 -6.139406
-0.329697 -0.148467 2.102998
0.264155 0.226193 2.785743
0.323145 -0.198712 3.559266
0.327480 0.206642 2.323859
0.332186 0.178760 6.040382
0.291740 0.403596 -3.573256
0.366433 -0.236547 3.274719
0.243158 0.323894 -2.887497
-0.005035 -0.090314 2.734761
-0.373713 -0.011718 4.059749
-0.212482 -0.021458 -6.251767
0.383133 0.223528 -5.243162
-0.485108 0.338928 -3.005872
-0.093310 -0.370551 5.323724
-0.252379 0.196438 4.888502
0.395744 0.258352 -3.277515
-0.213228 -0.331272 -5.626322
0.026250 -0.268474 1.060259
0.369265 -0.222426 -4.915953
-0.375066 -0.360697 -1.867257
0.085040 0.086903 -4.053685
-0.169659 0.396923 3.861109
0.276435 -0.204465 5.799030
-0.090316 0.145883 5.851192
0.317446 -0.407097 5.194492
0.324820 0.255987 -1.960516
0.167389 0.118814 -3.710545
0.480080 -0.426011 6.077616
-0.159825 0.262292 -0.877664
-0.252371 -0.457524 -0.325507
0.072091 0.262096 5.999190
0.368195 0.324737 -5.291460
-0.380894 -0.443276 -4.718898
-0.340062 -0.182285 4.964385
0.453317 -0.083409 -5.567458
0.168892 0.121115 1.730988
0.470655 -0.030913 4.130314
-0.217485 0.094053 -5.411808
-0.126175 -0.248577 1.173068
0.200759 0.417729 4.604883
-0.052807 -0.421743 -4.225449
0.049609 -0.312073 -5.973995
0.049176 0.209278 2.737584
0.494925 0.277612 -2.128630
0.417633 0.369704 -3.506922
0.266025 -0.212335 3.600317
0.227998 0.128150 6.160601
0.237459 -0.127982 3.147422
-0.232692 -0.334347 3.431341
0.438283 0.061958 4.900977
0.290923 0.041320 5.290520
-0.047976 0.388670 5.702057
0.148797 -0.437714 1.052933
0.178021 -0.213121 1.729497
0.350395 0.160566 5.280120
0.240545 -0.081605 3.042171
0.296819 -0.233561 -5.520444
0.488407 -0.266146 -4.600339
0.318080 -0.427650 5.887019
-0.064070 0.049185 0.454346
-0.158572 -0.111189 -3.505206
0.376345 0.319413 -4.722236
-0.413905 -0.260286 5.549125
0.184859 0.051715 5.237097
0.003286 0.193825 4.840510
-0.055504 -0.205791 3.129226
-0.417272 -0.441689 -0.215463
-0.230159 0.419460 5.964622
0.322460 -0.401947 -4.220874
0.347274 -0.411127 -5.575907
0.416886 -0.143300 4.840166
-0.239916 -0.260513 4.749516
0.124198 -0.419358 1.501397
-0.245921 -0.246468 5.029230
-0.155169 -0.338256 4.648182
0.449099 -0.205257 -6.263340
0.440974 0.353890 3.604420
0.432904 0.046036 -0.584453
-0.003108 0.497275 4.362682
-0.231191 0.060817 -3.231823
-0.498720 0.340873 8.223231
0.326604 -0.167786 -6.070423
0.421920 0.136462 0.581475
-0.427023 0.122464 5.592180
0.195180 0.342869 4.630551
-0.393284 0.015151 0.984104
0.402043 -0.426295 -5.009750
0.460476 0.015849 -5.722001
-0.089662 -0.385818 4.403799
0.140414 -0.479476 0.057671
0.284201 0.437729 -5.952116
0.324530 0.304501 -4.948218
-0.283116 -0.275766 5.725281
-0.480021 0.385321 4.349698
0.486871 0.490740 11.733082
0.216693 0.301146 5.892496
0.461557 0.006030 -1.338715
-0.098306 0.473736 5.414713
0.293054 -0.165220 5.728354
0.406559 -0.457469 5.534046
0.406489 0.245768 -3.880194
0.074333 0.402339 5.291004
-0.046454 0.187612 4.360253
-0.466006 -0.185245 1.893665
0.463074 0.167300 -6.039610
0.113219 -0.390271 3.513299
0.396083 0.205737 -5.073403
-0.180702 -0.129246 4.152358
0.179502 0.413419 -5.684109
0.436137 -0.371997 4.733172
-0.016566 -0.421010 -5.363791
0.239144 -0.136280 -5.496566
-0.025713 -0.044527 -4.991254
-0.319128 0.015631 4.484224
-0.122462 -0.219251 6.190167
0.080938 -0.352090 0.672841
-0.072439 -0.196513 5.498229
-0.147366 -0.354488 4.619599
0.164639 -0.460473 2.654641
0.056128 0.248750 2.578059
-0.166919 -0.463435 -4.087453
0.480375 0.398388 7.170042
-0.386415 -0.465263 -5.501732
-0.285505 -0.213072 -5.962627
0.499308 -0.090637 4.653838
-0.061985 -0.431224 4.330812
0.348272 0.428130 5.409319
-0.353351 0.308855 5.403741
-0.356786 0.132467 1.171171
0.199607 0.380701 4.809718
0.488087 -0.212994 -3.048097
0.100594 0.027060 3.830268
0.349615 0.347272 4.695533
0.482495 -0.494594 11.846935
0.149590 -0.345893 2.028548
0.329733 -0.005202 -6.160990
0.385338 0.406828 -3.530448
0.329574 0.374474 -5.251492
0.256523 0.442252 -2.452899
0.446566 -0.469208 -1.395343
-0.342818 0.258165 4.537393
-0.347396 -0.170379 4.913129
0.068376 0.212720 -5.373759
0.127640 0.403189 5.334642
0.374469 0.065209 4.295965
-0.258876 0.404304 3.923048
0.120070 -0.253104 5.027550
-0.148963 -0.225492 -5.916797
-0.020894 -0.260555 -5.573690
-0.342125 0.020198 4.328150
0.337068 -0.050515 -5.503314
0.384208 0.315585 -3.907120
0.437487 -0.035840 1.901012
0.414651 0.051455 4.857874
0.341763 -0.322378 -3.684561
-0.118000 -0.237864 6.073184
0.309178 -0.356673 -5.456192
0.479482 -0.485652 -5.664897
0.493278 -0.135651 -1.687608
0.421748 0.204860 -5.146575
-0.236021 -0.204745 1.395920
-0.423482 -0.475623 -0.935850
0.146612 0.414008 0.975892
-0.284130 -0.159984 6.012548
-0.344412 -0.436009 -5.733298
-0.231048 0.481846 10.889106
0.293699 0.324113 -5.666702
-0.477094 -0.349631 -5.893383
-0.172207 0.335343 -3.707096
0.085863 0.334444 0.090218
-0.459048 -0.444877 4.425080
-0.133159 0.436358 -5.423099
0.327043 0.049824 2.085540
0.046347 -0.128583 -4.438338
-0.322375 0.257315 -2.810493
0.219804 -0.450111 2.960059
0.089885 0.252625 4.939527
0.022357 0.307369 5.655293
0.257414 0.440558 4.626458
-0.318597 0.240131 5.817890
0.296146 0.379599 5.280488
0.248529 0.486251 3.778416
0.058465 0.102285 -4.611544
0.468409 0.406847 -2.442205
0.203437 0.380600 -4.646356
-0.487125 -0.124129 1.552710
0.392599 -0.199864 3.337854
-0.290822 0.268226 5.104376
0.001284 0.365279 3.580380
0.339406 -0.098244 5.221563
0.189941 0.448702 -3.274570
0.223160 -0.235783 -5.628904
-0.485311 -0.109632 4.433405
0.348990 0.465973 -2.606527
-0.349721 0.156235 -6.121747
0.042718 -0.137958 -5.443178
0.286758 -0.173188 4.268654
-0.394889 0.227932 -3.523729
-0.415789 0.339509 -4.897897
-0.139883 -0.445363 -3.915017
0.344978 -0.161735 5.530269
0.372424 0.063821 -5.497535
0.012417 -0.377010 4.038473
0.254261 0.053825 2.584724
0.039286 -0.116289 -5.247887
0.079299 0.063661 5.359252
-0.154067 0.474811 -3.001203
0.452308 0.380839 -1.893490
0.147761 -0.213582 5.788371
-0.049815 -0.198051 -5.020426
-0.169039 -0.301248 4.400188
-0.209123 -0.139368 4.792829
0.102133 -0.062240 -2.593883
0.229793 0.057885 -5.790437
0.224830 0.440589 4.266464
0.458049 0.256874 5.623968
-0.204620 -0.146805 -5.609523
0.175670 0.264402 3.896113
-0.326078 -0.389685 -1.718472
0.008190 0.016566 -6.102719
-0.143863 0.484142 5.127423
0.466493 -0.074374 5.233102
-0.116428 0.130258 0.948573
0.438032 0.418614 -1.990105
0.346954 0.362739 -1.076908
0.208473 0.190660 -6.004729
-0.362900 -0.044682 5.767177
