0.159213 -0.271009 3.182706
0.185075 0.174681 6.004413
0.389960 0.016891 -2.384332
0.422317 0.262660 -2.091096
0.431687 0.475307 3.725538
0.329671 0.099701 -5.792932
-0.227254 -0.311465 -4.197798
-0.434282 0.493816 3.349221
0.279479 -0.421854 5.417620
0.050541 0.272390 3.280297
0.278254 -0.076937 5.196628
0.003876 0.222208 2.365076
-0.227136 -0.016363 -5.101109
-0.144209 0.399568 4.160772
0.425745 0.131289 5.844393
0.008298 -0.431857 -1.114471
0.412490 -0.346694 3.510694
-0.206412 -0.227824 3.887163
-0.243129 0.123288 5.212560
0.470534 0.369098 -3.452733
-0.083003 -0.280099 -4.174039
-0.414492 0.385773 -5.740545
-0.135106 -0.171865 -4.848487
0.342750 0.219170 3.361184
0.436298 0.146875 -4.764451
-0.307863 0.081098 -5.648753
-0.258962 -0.137940 4.691969
0.066679 -0.145821 -5.324241
0.176778 -0.000475 5.739650
0.409439 -0.443959 3.470171
-0.112941 0.468892 6.220106
0.399373 -0.092490 4.599106
0.419726 -0.381104 4.873008
0.093129 0.046664 3.984458
0.061267 -0.191359 -4.736136
0.186066 0.224146 1.710334
0.282975 -0.261178 5.620583
0.419035 -0.021175 5.930767
0.491952 -0.396133 5.746804
-0.097681 0.123523 1.864014
-0.262375 0.260159 5.052450
0.190119 -0.255480 -4.746727
-0.387332 0.483154 11.767979
-0.073971 -0.292690 -5.775340
-0.153265 -0.151981 -3.671161
-0.006616 0.183167 5.471823
-0.119426 0.481541 4.082951
0.474227 -0.071149 8.642641
0.288846 -0.495948 -4.189845
-0.170465 0.337508 3.544252
-0.206287 0.439255 3.612486
0.127675 0.091240 -1.904957
0.192787 0.089174 4.577233
0.041115 -0.318363 3.881137
-0.156812 0.223339 -3.445328
0.295186 -0.225637 4.902293
-0.264243 0.357661 5.427577
0.014668 0.466608 4.214896
-0.304534 0.286818 5.222277
-0.460671 -0.193940 -5.208851
-0.326633 -0.059091 0.510068
-0.026433 -0.135854 3.451888
0.458306 -0.015335 5.038460
-0.491678 -0.170483 -0.176593
0.133845 -0.381201 4.669445
-0.232370 0.216898 1.549773
-0.183949 0.039475 5.878709
0.164330 -0.272941 -6.178808
0.108554 0.286575 2.430908
0.392405 0.112209 -1.754217
0.357377 0.293685 -2.328283
0.352918 0.013139 -4.733651
0.171645 0.131681 3.470425
-0.482578 0.201466 5.048615
0.419751 0.122799 6.187690
0.103116 0.291487 4.170743
-0.111544 -0.185375 -3.342909
0.021779 0.465382 6.062724
0.193885 0.447394 3.867476
-0.438876 -0.385319 -3.821648
0.315129 -0.103636 -6.020195
0.203557 -0.018114 -3.716859
-0.458728 -0.034144 3.469544
-0.364155 -0.277394 5.067081
-0.192921 0.001936 -0.486995
0.378997 -0.069896 3.769530
0.294319 -0.483332 -2.614817
0.228834 -0.383373 2.342619
0.479029 0.419888 8.664246
0.256729 -0.144687 -4.899323
-0.215379 -0.354596 6.219931
-0.338478 0.427528 -4.156844
-0.323551 -0.442180 -4.645839
-0.352991 0.103549 -3.037161
0.228529 -0.442466 3.605657
0.328253 -0.338065 0.858544
0.475781 -0.254993 -3.628241
0.491513 -0.255100 0.189333
0.495491 -0.275139 8.317110
-0.121923 -0.246147 -3.485275
-0.086780 -0.245170 0.513528
-0.044620 -0.211061 -3.421643
0.405542 -0.266722 -5.234700
0.020915 -0.483822 10.845439
0.058525 -0.314957 -5.601167
-0.074225 0.391789 1.427552
-0.182667 -0.428137 -4.268387
0.111187 -0.371335 -4.708982
-0.267048 -0.134655 1.684334
0.351871 0.372138 -4.979143
0.083260 -0.114952 4.852796
0.472243 0.058534 -0.653552
-0.320325 -0.287842 4.706058
0.379966 0.265114 5.829974
0.369520 -0.352063 1.421833
-0.005785 -0.234165 -2.276473
0.424176 0.290483 -5.347497
-0.325651 -0.005868 5.642972
0.243572 0.206190 3.671478
-0.327128 0.031157 -5.889683
0.474237 -0.002570 -3.008966
0.374242 -0.434718 4.964870
-0.473430 0.476169 1.974519
0.228305 0.315903 -3.090325
0.329805 -0.433057 -5.901624
-0.058096 0.376897 4.193533
0.175983 0.150612 -6.007027
-0.488601 -0.342093 -5.016632
-0.057303 0.013432 -6.014546
0.338400 0.019819 -3.474045
-0.057822 -0.378954 2.496814
0.300353 0.452688 -5.585053
-0.297855 -0.407175 -6.225401
0.290303 0.195541 3.157788
-0.071981 -0.279791 5.433593
0.498416 0.418459 5.292392
-0.491313 0.337852 -1.458532
0.451881 -0.429292 3.476691
-0.385412 -0.353344 -6.074434
-0.178214 0.149177 4.852232
0.125145 0.064678 5.921367
-0.256384 0.022953 -5.071214
0.473057 0.432669 5.675049
-0.016894 0.087013 4.451333
-0.147056 -0.060877 3.376207
0.464488 -0.143836 -4.072430
-0.435198 0.201891 -4.117248
0.256886 0.417325 4.544119
-0.010665 -0.461872 -2.191632
-0.271913 -0.398518 4.900264
0.188823 0.257602 -4.471769
0.345066 -0.463428 3.789295
0.027060 -0.244044 2.918874
0.333709 0.026257 -2.375825
-0.420160 -0.023780 2.777584
-0.346451 0.160723 5.176586
0.491085 0.372671 -3.494640
0.489516 0.467859 -5.646684
0.274738 -0.357495 1.723354
-0.476443 -0.327196 -5.768396
0.088229 0.449415 2.288934
0.445041 0.134782 5.104982
0.211458 -0.119586 -3.657917
0.237850 0.269062 4.468755
0.428134 -0.478122 12.451048
0.001709 -0.186132 4.350128
0.424976 -0.107207 6.184035
0.244919 -0.000977 2.434090
-0.233645 -0.420379 -5.766089
-0.219497 0.335893 -3.633099
-0.057139 0.110614 1.821719
0.218565 -0.058175 5.678423
0.354651 -0.072672 5.536693
0.434375 0.034650 6.144709
0.040261 0.259691 1.519916
0.165261 0.312710 5.342083
0.438884 0.330456 -3.589186
-0.148448 0.477020 5.936355
0.409116 0.236846 -4.280145
0.195866 -0.138301 -3.180568
-0.162762 0.049075 -5.895767
0.471899 0.118387 4.986214
0.423486 -0.114459 4.620781
-0.463600 -0.340962 3.155586
0.385597 -0.012139 5.709812
-0.274420 0.246341 4.903422
-0.031776 -0.175934 -1.266513
0.174217 0.329490 -5.722688
-0.364438 -0.155790 5.547534
0.311897 -0.294559 1.461857
0.073775 -0.316344 3.946338
0.086393 -0.239073 -4.464887
-0.127577 -0.279233 3.685274
0.424250 -0.350273 4.364026
-0.052899 0.263006 3.237656
0.268130 -0.274062 -6.039136
0.431010 -0.470015 5.775441
0.365899 -0.401064 5.574816
0.347858 0.473044 -2.155084
-0.409041 -0.383243 -3.549313
-0.142649 0.094149 -4.985635
0.146361 0.150118 5.365297
0.463152 -0.390997 -5.427683
0.346901 0.136767 4.721498
0.471966 -0.234783 -4.673547
-0.416297 -0.417390 -4.981854
0.317728 -0.122447 -5.093123
-0.229801 0.323176 4.680459
-0.496883 0.140939 9.222094
0.495336 0.138946 6.232428
-0.460125 0.323551 -0.337799
-0.338237 -0.227707 0.838315
0.431598 0.479191 10.081755
0.159552 -0.260883 -4.661805
-0.095873 -0.406192 5.683246
0.443948 -0.047818 -5.652983
0.329159 -0.028640 -5.843698
0.419284 0.118355 -2.834589
0.330107 0.024460 -2.615542
0.186346 -0.474173 3.542799
0.096806 0.148287 5.687059
-0.455441 -0.285475 6.077883
0.251730 0.096934 -3.185931
0.212777 0.313496 4.238024
-0.347492 -0.000384 3.322725
-0.106908 -0.410297 4.723117
0.329957 0.269014 -4.802020
-0.287966 -0.153797 1.416858
-0.278978 0.215355 -2.456974
0.219868 0.299545 4.620468
-0.228628 -0.459752 3.395628
0.468445 -0.151589 -4.781723
-0.251786 0.077772 -4.430918
0.038302 -0.164353 -5.273211
0.255398 0.017271 3.019890
0.451491 0.268356 -0.099893
-0.028914 0.360473 4.983053
0.152176 -0.013302 -4.419653
0.121270 0.440727 4.080430
-0.077066 -0.350659 2.976429
-0.370097 -0.084269 0.089111
0.369700 -0.093826 -5.414933
0.425305 0.190411 -6.228517
0.338278 -0.105737 -5.113553
-0.029556 0.314224 1.969277
0.468958 0.186860 -1.039023
0.497300 -0.258674 5.884354
0.119001 -0.023131 2.202937
0.288497 -0.050565 -0.622624
-0.208545 0.101401 -5.279826
0.215346 0.014845 -2.652965
-0.397857 0.317529 -4.882610
0.235668 -0.320609 4.542190
0.276369 -0.286786 5.390833
0.379533 -0.082225 4.693822
0.460472 0.288420 -0.728758
-0.328797 0.234184 5.571218
0.439603 0.086522 -4.265378
-0.465505 0.489952 3.354303
0.417256 -0.405237 4.523296
0.446136 0.066725 -2.020809
-0.297449 -0.317075 -5.688578
0.361737 0.111805 5.173604
0.041617 0.168038 5.791747
0.484259 0.150038 -4.661988
0.341936 0.073372 4.299730
0.105652 0.000538 -6.104193
0.431810 -0.124959 6.145631
-0.217364 0.392248 2.810511
0.483925 -0.409186 4.550845
0.368549 -0.089757 1.163717
0.229902 -0.101384 6.091264
0.156055 0.009374 -3.824595
0.473788 -0.092793 -4.634442
-0.265621 -0.397172 -5.580723
0.417357 -0.173744 2.097435
-0.351818 -0.422853 -3.217478
0.264431 0.257117 -5.346770
-0.323635 0.136292 3.818549
0.370275 -0.103982 5.726545
-0.368959 -0.464419 6.107174
-0.468939 0.482288 2.369523
0.409013 -0.457396 4.009619
-0.100904 -0.261751 -4.949809
0.252353 0.220534 -1.266880
-0.080605 0.475310 11.367028
-0.470480 0.290638 -5.543398
-0.176075 -0.096702 0.548828
0.490957 0.012018 -3.905963
0.267391 0.028951 3.786562
-0.301573 -0.075818 1.721192
0.355028 -0.327433 -4.591975
0.305707 0.471867 2.965504
0.112243 -0.449084 -6.074456
0.162549 -0.274287 4.509065
0.083796 -0.109085 -5.498044
-0.011768 0.361707 4.953734
0.213052 0.075694 4.587216
0.437272 -0.467635 -4.205929
0.293415 0.304767 -6.022627
-0.386500 0.198876 -5.911071
0.216338 0.449928 5.185543
0.436780 0.006031 -3.133959
0.049150 -0.040299 5.558946
-0.128575 0.333357 4.287185
0.358061 -0.118089 6.121149
0.201972 -0.375110 -5.325835
-0.330721 -0.355237 4.294488
0.482129 0.440825 4.878776
0.435511 0.160040 3.592545
0.245395 0.149841 5.557696
0.349340 0.030235 -2.613860
-0.118574 -0.244994 -1.881692
-0.286462 -0.396238 3.614305
0.253761 0.253996 3.845461
0.321801 0.187982 3.395393
0.208846 0.444229 -4.392762
0.415870 -0.063871 -4.612754
-0.481529 -0.057297 2.665922
-0.488784 -0.363037 8.365667
0.375611 0.437199 -4.177974
0.190860 -0.433571 3.685089
-0.466378 0.103434 3.129956
0.372202 -0.482436 0.822803
0.246414 0.057129 5.578963
0.390397 0.170438 -6.117101
-0.058415 0.464461 3.193040
-0.167160 -0.095138 -6.146672
0.421215 -0.247229 -4.320583
0.128798 0.067472 3.607730
0.367937 -0.160581 -3.903816
0.296059 0.425929 -0.378739
0.151069 0.314549 -5.070692
0.087096 -0.089024 4.859094
0.173196 0.054198 4.498278
0.359790 0.293296 -5.682264
0.287342 0.178440 -5.045842
0.213052 -0.072788 -4.283753
0.004298 0.385220 2.483434
0.482005 -0.171273 -1.168155
-0.144228 0.201451 4.253040
-0.319438 -0.165686 0.949660
-0.088603 0.071771 -6.274161
0.413336 0.061974 -3.030464
0.454723 0.490112 -3.319980
0.355087 -0.374723 2.242959
0.485371 -0.340075 5.750822
-0.249137 -0.091361 5.938809
0.433356 0.061296 -1.827199
0.277180 -0.434539 -2.716796
0.340054 -0.238256 1.310657
0.114472 -0.043463 -3.174365
-0.214339 0.152096 4.293168
-0.067071 0.290001 1.295066
-0.050898 -0.014706 -2.366787
0.334670 0.359142 -6.187062
0.418942 -0.279564 2.548400
-0.138487 -0.127080 4.644868
0.005484 0.202040 2.656480
0.054096 -0.176289 -4.163934
0.038003 0.363614 6.181902
-0.427866 -0.057260 2.948933
0.247691 -0.282816 2.457943
0.376642 0.461860 -5.009231
0.493581 -0.414700 -0.998322
-0.093850 -0.451478 -4.482572
0.227819 0.470744 -6.078199
0.128189 -0.026596 2.127912
-0.406321 -0.368736 -4.709527
0.257385 0.106605 3.625485
-0.483276 -0.107126 6.167614
-0.055497 -0.222616 5.715845
-0.026024 0.042828 -5.872764
0.019622 -0.273273 -6.034875
0.301432 -0.246395 3.378924
-0.446801 -0.307950 -4.724754
-0.489741 -0.154402 5.107091
0.283026 -0.307635 4.471418
0.021857 0.378542 5.032789
0.142598 0.185935 1.267939
0.188276 0.458895 2.177145
0.286913 -0.312626 1.743466
-0.437452 -0.289498 -5.414191
-0.263238 -0.270159 -3.934037
-0.165870 -0.439467 4.526785
-0.396916 -0.074713 3.604843
0.296913 0.446267 -5.817953
0.190911 0.325313 -4.557370
0.336154 0.209500 6.175001
0.146051 -0.435618 5.805230
0.493164 -0.425360 4.553574
-0.338965 -0.214469 3.056381
-0.080496 -0.214783 -4.286019
-0.166100 0.290555 -5.236322
0.190624 -0.240393 5.010557
-0.086093 -0.021274 -6.145778
0.477600 -0.347827 1.119179
0.140695 -0.389371 5.597234
0.408083 -0.141393 -1.717341
0.107458 -0.193146 5.861455
