-0.274994 -0.499582 2.294227
0.044665 -0.322671 0.900215
-0.006474 0.136788 0.823247
-0.219964 -0.099973 0.259949
0.408578 0.184528 1.984557
-0.019729 -0.400861 -2.004278
-0.369387 0.045316 1.332554
-0.480312 -0.200277 -2.324899
0.421630 -0.081009 -2.725746
-0.497646 -0.231269 2.558455
0.376936 -0.215069 -1.138378
-0.245354 0.459559 -1.576636
0.051059 0.258313 1.562460
-0.031191 -0.157817 0.339606
-0.391647 -0.373125 -1.418188
-0.409214 -0.184500 -2.924434
0.089131 0.073391 -1.795671
-0.287366 -0.263597 0.533886
-0.170794 0.033963 -1.587296
-0.310211 -0.183073 2.925406
-0.138775 -0.102598 2.877591
0.446095 0.243545 3.097313
-0.052298 0.164530 -0.278081
0.018516 0.028321 1.310105
0.492668 -0.219759 -0.424260
0.257639 0.105814 -0.229203
-0.390397 0.127132 0.604312
-0.327778 0.019516 0.398884
0.058417 0.103882 0.269488
0.068362 0.041216 -0.970098
-0.437330 -0.158687 1.206282
0.120815 0.363127 0.568711
0.075785 0.454190 0.501303
-0.170406 0.324479 0.538672
0.380249 -0.269695 1.402482
0.263042 -0.471225 -0.790279
0.213812 0.215407 -1.071277
0.396364 -0.486334 0.238048
0.069341 0.000414 -0.357239
-0.104718 0.039972 2.077350
-0.120619 -0.408855 2.302959
0.491453 0.303751 -0.515112
0.084102 -0.197289 1.258935
-0.318296 -0.122858 2.695422
-0.285700 -0.227787 0.476811
-0.361545 0.175210 -1.541450
-0.136942 -0.156932 -0.103831
-0.300094 -0.192216 1.115485
-0.411094 -0.491112 -0.179649
0.238020 -0.370265 0.310858
-0.228771 -0.187060 -2.905949
0.278095 -0.449182 2.751380
-0.399075 -0.429179 -0.687730
0.404668 0.069994 -0.883242
0.069662 -0.025989 -3.072337
0.360464 -0.196933 -2.968545
0.061107 -0.313280 -2.159262
0.094140 0.276264 0.812453
-0.485238 -0.018987 -1.404969
-0.482831 -0.241769 -0.964489
-0.498914 -0.323593 2.113643
-0.044575 0.227983 0.548681
-0.253695 0.072848 2.146104
-0.384799 -0.080390 -0.085964
0.376148 0.142511 -2.675016
-0.101009 -0.014098 -1.392428
-0.138353 0.335643 -2.604974
0.117115 0.368503 -0.897890
0.330641 0.078697 -2.305286
-0.085764 -0.424255 1.845625
0.293575 -0.440607 -1.707562
-0.006970 -0.499430 -2.528528
-0.456030 -0.013227 2.460822
-0.094064 0.243095 -0.827776
0.492092 -0.470605 -2.142328
-0.089812 0.412498 -0.325866
-0.329767 0.126587 -2.999652
0.161395 -0.086608 -3.084514
0.138184 0.465543 2.994859
-0.408791 -0.319524 2.091254
-0.012690 -0.070969 3.057373
0.007059 0.085926 -1.509183
0.351440 0.126083 1.328460
-0.029029 0.488082 -0.293742
-0.416070 -0.146830 -0.126752
-0.497820 0.427236 2.052160
0.055990 -0.232372 1.303843
0.309232 -0.224089 -0.807390
0.439750 0.183693 -0.408695
-0.439944 -0.001633 -2.390659
0.097855 -0.341552 2.012444
-0.227940 0.420898 1.539019
-0.186173 0.163444 0.185981
-0.470460 -0.218098 -0.036815
-0.031955 0.172574 -2.373698
-0.012809 -0.066571 0.457183
-0.011111 -0.254543 0.948976
0.321422 -0.338679 -0.013104
0.282364 0.058255 -3.081159
-0.207793 -0.162412 -1.816183
0.112051 -0.160354 1.461907
-0.357691 0.146536 -2.285897
0.049369 0.462689 2.779304
0.461546 -0.464236 -1.451108
-0.263467 -0.274610 -2.375065
0.086695 0.335757 -0.062914
-0.058766 -0.267147 -2.422336
-0.465558 -0.185986 -2.076119
-0.296675 0.345429 0.293452
-0.492855 -0.377703 -1.879200
-0.135588 -0.106480 -1.528842
0.435196 -0.380316 -0.852262
-0.023526 0.294860 -3.067581
-0.063275 0.275743 0.069218
0.345695 0.002306 -2.692304
-0.382712 0.425081 -2.041321
-0.171958 -0.196988 -2.898118
-0.037178 0.359040 0.880794
-0.365124 0.270564 0.412545
-0.473102 -0.019809 2.392810
-0.412258 -0.116811 -0.448787
0.099792 -0.293273 0.981931
0.052733 0.083301 0.862567
-0.212573 -0.225269 2.326965
-0.250772 0.192275 -0.110941
0.246697 0.066730 -1.460947
-0.088885 -0.046349 0.151786
-0.198544 -0.168652 2.933059
0.456530 -0.160596 0.448730
0.277300 -0.428919 -2.007464
0.242865 -0.333653 -0.841665
-0.107300 0.202503 2.623363
0.121619 -0.243071 1.138783
0.122080 0.165353 2.241421
0.256247 -0.198596 3.044097
0.391469 0.345212 -1.072032
0.029075 -0.384353 -0.617402
-0.058093 0.496561 -2.053205
0.118904 -0.390164 2.811588
0.120148 0.023404 -0.903449
-0.131962 0.235140 -2.803500
0.382573 0.414313 -1.460832
-0.131094 -0.323404 1.948721
0.070735 0.416532 -2.385192
0.016290 -0.322653 -1.148108
0.408703 -0.296857 0.759605
0.006239 -0.442419 -0.071370
0.246358 0.430005 1.922850
-0.038813 0.095956 2.680784
-0.283310 0.101036 0.688935
0.247214 -0.275003 -1.609641
0.361323 -0.354616 -2.974663
0.428507 -0.392071 -2.999648
0.009862 0.294603 0.834990
0.435801 -0.310086 0.696499
-0.152593 -0.285792 -1.120636
-0.106534 -0.295334 2.130540
-0.105663 -0.470075 -2.610970
0.113428 -0.431279 -2.837881
0.105564 0.098046 2.020841
-0.168970 -0.325149 -1.209027
-0.495788 0.253487 -0.571928
-0.365746 0.424103 0.532787
0.087492 -0.122792 1.277617
0.340174 0.166329 1.978077
0.106264 0.318857 -3.061394
0.081382 0.010122 0.419169
-0.234092 -0.055309 2.391507
0.490819 -0.324570 -3.113780
-0.427494 -0.029394 -0.925958
0.002756 0.235000 -1.760834
-0.418962 0.457705 -0.887171
0.344618 0.441900 3.022977
0.171130 -0.165568 2.355362
0.232478 0.387500 -2.100067
-0.294290 -0.292219 3.114597
-0.267036 -0.418704 -2.274538
-0.166501 0.023465 -2.074549
0.373179 0.138385 3.074559
-0.288167 0.242770 1.186724
-0.228406 0.376629 2.134692
-0.156847 0.074748 -1.717626
0.475945 0.065350 0.553327
0.400716 -0.459078 -2.811187
-0.312091 -0.379314 2.690666
0.280672 -0.495125 1.888661
-0.431886 -0.282547 -0.824644
-0.090708 -0.448139 -2.686139
0.208790 -0.003775 2.606682
0.000085 -0.188441 1.266692
0.215708 -0.075139 -0.577529
0.413732 -0.015617 -0.705397
-0.416838 -0.347101 -1.213513
0.236493 -0.346418 1.012554
-0.238181 -0.197085 1.628834
0.464390 0.173100 1.712309
0.290493 0.363563 2.123248
-0.492082 0.143572 1.232522
-0.311061 -0.216542 -0.617468
-0.215341 -0.324682 1.657706
0.387018 -0.219636 -1.196321
0.146948 0.211243 -0.414279
-0.198212 -0.477205 -2.739286
-0.367962 -0.219685 2.000329
0.126528 -0.192569 -0.122081
0.247039 0.435744 -1.215676
-0.388969 -0.157339 -2.469818
0.100565 -0.446176 2.394584
-0.057099 -0.223417 0.283758
0.079478 0.273929 2.874858
0.141291 -0.463967 2.997218
0.271752 0.036179 1.892790
-0.009825 0.452277 2.113844
0.308481 -0.312407 -0.358602
0.022926 -0.316220 -2.800852
0.199200 -0.089050 1.837550
-0.463005 0.191697 -0.198046
0.375857 -0.488121 -0.027497
0.212571 0.052646 2.423365
0.015870 0.298632 -0.694837
-0.330101 -0.166583 0.799355
-0.336107 -0.333875 -2.258258
-0.173108 -0.414979 0.245152
0.129356 -0.355273 2.994101
-0.022390 0.084047 -3.134238
-0.191372 -0.173599 0.441642
0.034518 0.179468 -1.970341
-0.115423 0.057355 2.767219
-0.330706 -0.193524 1.881817
-0.357392 0.362679 0.545636
0.362479 -0.154984 -2.252996
0.224782 0.287613 -0.028811
0.117992 0.274604 -1.253896
0.452575 0.208512 -2.317242
-0.392559 -0.344203 2.871982
0.305591 0.186222 -0.122820
-0.140667 0.161477 2.432292
0.159411 -0.284196 -1.968787
-0.283417 -0.199206 -1.297279
0.486717 -0.446176 2.559118
-0.313395 0.181790 0.062648
-0.201008 0.404787 -1.258220
-0.209515 -0.322748 -1.633892
0.170337 0.203288 2.065289
0.200378 -0.121251 -0.314543
-0.223276 0.015955 0.799096
-0.172856 0.114993 -2.188300
-0.320444 0.412681 1.494042
-0.426366 0.081031 -0.488566
-0.030678 0.260618 2.347801
0.302808 0.179927 -0.296923
0.496153 -0.113200 1.010378
-0.144042 -0.207602 -0.902584
0.411617 -0.320435 2.513758
-0.137381 0.007794 2.922810
-0.115064 -0.242415 2.156075
-0.243393 0.306106 1.479493
0.247057 0.073429 1.607877
0.165059 0.135523 0.392815
0.290142 0.208135 -0.205565
-0.407961 -0.010010 2.557847
0.319991 0.275734 -1.186925
0.281058 -0.060566 -0.813378
-0.465755 0.482294 -0.845125
-0.076568 0.196864 1.111532
-0.478163 -0.071328 1.874520
0.435221 -0.210008 0.612013
0.433972 0.183840 -2.261565
-0.046087 -0.384935 -2.734222
-0.275039 -0.360240 2.526036
0.001861 0.078815 2.212271
0.164607 -0.282274 -1.011753
0.475364 0.380304 0.676460
0.251014 0.172916 -1.822813
-0.464780 0.211422 0.457283
-0.054962 0.489648 -1.536263
0.028513 -0.345583 1.025525
-0.197507 0.495243 -0.871148
-0.253626 0.313595 -1.257983
0.456661 -0.174991 0.663147
-0.120286 0.233181 1.086319
-0.083860 0.328473 1.863301
-0.011286 0.102481 3.011403
-0.495787 0.373359 -2.671339
0.079089 0.148766 -0.280383
0.253368 0.499043 1.943845
-0.424693 0.480379 -1.817751
0.061404 0.133589 2.706363
-0.385744 -0.059586 0.309646
-0.129237 -0.035978 2.457872
0.469020 0.315636 -2.923341
-0.080951 -0.416713 1.719866
-0.046251 0.417936 0.751688
-0.032431 -0.439670 2.858909
-0.277849 -0.376234 2.726701
-0.348957 0.147776 2.732096
0.289176 -0.494798 -0.272670
-0.060829 -0.434490 1.541554
0.245680 -0.019181 -3.068820
-0.271849 0.195344 -1.991874
0.199329 0.299285 -0.042008
-0.243365 0.379624 -0.301004
0.189227 -0.232848 -2.929942
0.412037 0.100195 -2.730419
0.003842 0.346743 -3.012322
-0.295189 -0.201873 -0.215460
-0.087663 0.422300 -1.884985
-0.165180 0.460486 0.570284
0.414508 0.274844 -2.511487
0.240719 -0.023549 -1.405953
0.295650 0.433343 -0.805242
-0.353660 0.364361 1.537498
-0.043496 0.327319 2.806536
0.213753 -0.167546 2.270913
-0.141085 -0.004736 1.374377
0.083046 -0.428065 0.376516
0.446483 -0.317374 -0.004015
0.052154 -0.252594 0.627152
0.104783 0.014660 2.337229
-0.300419 0.034371 2.323573
0.234540 -0.008072 -1.319833
0.258898 -0.377001 2.891586
-0.373968 0.400092 2.901573
0.275577 0.435520 -1.647832
-0.201284 0.459525 -0.246790
-0.353797 -0.238678 -0.526659
-0.481948 -0.344003 -2.861019
0.241505 -0.219537 2.890234
-0.494665 -0.157213 -1.601849
0.047109 -0.168166 -2.767708
-0.445189 0.355699 -0.978846
-0.403169 0.356823 -2.477077
-0.207081 -0.134958 -2.385177
-0.480053 -0.468324 1.558611
0.032738 0.169326 1.730080
0.375128 -0.098830 -0.868606
0.252523 -0.113478 -2.464313
0.075243 0.457586 3.073147
0.139344 0.146716 2.553586
0.310518 -0.493458 -2.177777
-0.419596 -0.363612 1.071440
0.400284 -0.195078 0.605544
-0.437630 -0.295360 2.143841
0.178410 0.482449 2.643735
0.113571 0.426075 1.204601
-0.151535 -0.034924 -2.705957
0.044317 -0.270202 -1.253426
0.381784 -0.372422 -0.605847
0.047407 0.160509 0.366696
-0.197516 -0.026678 0.056832
0.491117 0.481060 -1.915724
-0.200441 -0.208750 0.361290
0.046505 -0.208573 -1.795620
-0.490207 -0.183749 1.448030
0.322505 0.107096 2.357172
-0.471393 0.402723 -2.076161
-0.354198 -0.091193 -2.855720
-0.400762 -0.087343 1.071277
0.385955 -0.078195 -0.971688
-0.053616 0.439662 2.647064
-0.130638 0.256395 1.792554
-0.138987 0.301473 2.524304
-0.456814 0.186136 -0.111265
0.152613 0.438023 2.119222
0.076586 -0.092511 -1.106547
-0.427620 0.353432 2.972210
-0.117615 0.136973 -1.840990
0.184333 0.241940 -2.601511
-0.254092 0.416936 0.501024
0.416996 -0.056269 -2.981486
-0.147348 0.005457 -2.377972
-0.078167 -0.322901 -2.112964
-0.168355 0.381567 -2.969991
-0.345889 -0.290905 1.412379
-0.066131 0.036986 1.131217
-0.079538 0.158887 2.925244
0.384836 -0.239352 3.107344
-0.008773 -0.283936 -2.917955
0.113594 -0.440942 -3.137048
-0.244408 -0.204927 2.912847
-0.338401 0.185686 -2.800047
-0.132355 -0.013092 2.165586
-0.330874 -0.239183 1.133535
0.130166 -0.234345 2.042568
-0.458562 -0.181506 -2.301606
-0.340977 -0.083472 -0.413011
-0.415245 0.476589 2.891574
-0.171492 -0.097240 -2.622366
-0.071571 0.302940 2.487480
0.384526 -0.341096 0.612238
0.286775 0.136604 -0.243770
0.400003 0.440250 0.820105
0.218980 0.412212 -2.268045
-0.056894 -0.018075 1.098814
-0.003057 -0.356749 2.710023
-0.449619 -0.123465 1.049979
-0.137730 0.205404 1.928580
-0.126939 -0.073606 0.308564
-0.148245 -0.175337 -2.054772
0.055005 -0.303728 1.647352
