0.015182 -0.377321 -2.588446
0.114692 0.401829 -2.962852
0.310696 0.094840 -5.263745
0.449550 0.011852 -2.447861
0.484618 0.340526 5.287256
0.282738 0.060971 4.475866
-0.012240 -0.188661 3.585329
-0.327491 0.471392 -6.126457
0.106719 -0.313685 2.994016
0.149992 0.416833 5.953292
0.497851 0.079106 2.502319
0.025604 0.371213 -4.916858
-0.479624 0.129996 -5.279290
0.145992 0.186747 -4.809454
0.442640 0.051793 -0.495573
-0.286520 -0.492205 4.309341
0.282452 -0.225764 1.495720
-0.378189 -0.282045 -5.270990
-0.057174 0.046514 2.671074
0.283778 0.325554 -5.014868
0.096252 -0.381750 -2.755742
-0.423460 0.442184 -4.479393
0.019565 -0.017177 5.210270
0.297406 0.344860 -3.137842
0.302382 0.245770 -5.149652
-0.479151 0.223598 4.957577
-0.220913 0.159442 2.699858
0.026810 -0.243525 5.560477
0.268085 0.258968 -5.683415
0.209407 -0.396730 -5.991477
-0.165006 0.466620 5.398370
0.428122 0.166116 5.775116
0.251116 -0.341784 -3.020202
0.074191 -0.106263 4.551142
0.333135 -0.322919 3.720123
0.283729 0.098873 -4.962844
0.146715 -0.482008 -1.654441
0.287581 -0.028515 4.925706
0.343137 -0.478934 -5.662354
-0.071633 0.116652 4.979927
-0.413989 -0.004694 1.851539
-0.003907 -0.113815 -5.779939
-0.193801 0.320660 2.855979
0.095914 -0.374388 -6.027146
-0.194037 -0.171005 -3.986775
0.071361 0.196554 -4.373995
-0.474020 0.403144 4.042726
0.436979 -0.029528 4.112670
0.264064 -0.490447 8.544004
-0.278336 0.107952 5.547923
-0.080940 0.452808 2.383860
0.308594 0.060544 3.218494
0.212310 0.249550 6.185322
-0.170379 -0.257798 4.678637
-0.277707 0.327968 -5.405045
0.344303 -0.306292 -4.665502
-0.008160 0.177331 -3.283910
0.014130 0.499161 3.569062
-0.368761 0.465861 3.774122
-0.161048 -0.102572 6.225116
-0.057891 -0.283651 3.360031
0.403358 -0.097606 -2.482830
0.356220 0.049030 -6.086812
-0.332649 0.195401 0.419377
0.003971 -0.110468 -3.790666
-0.468835 0.223154 1.951567
-0.383567 -0.006131 5.542169
0.448336 -0.112493 -2.726089
0.260468 0.095314 5.747407
0.470865 0.120096 -4.529119
0.170887 0.329361 -0.913421
0.115567 -0.243787 -4.418919
0.087484 0.323775 -5.630708
-0.453993 0.034450 5.692721
0.424779 0.175564 4.748329
0.010985 0.248868 -4.742031
0.036061 0.082991 -4.459996
-0.012762 0.405153 -4.318121
0.444595 0.462021 6.080345
-0.399411 -0.354625 4.099632
0.406467 -0.180275 4.015196
0.321232 -0.027449 -5.848837
-0.489438 0.089330 1.719349
-0.193756 -0.013003 -5.256439
-0.199042 -0.146472 -5.304623
0.412570 -0.027171 4.776144
-0.054361 -0.331047 -4.785490
0.234760 -0.215748 5.311169
0.479394 0.262706 -5.695310
0.402514 -0.049299 -1.129258
-0.346617 -0.189734 -3.854527
-0.212667 0.440027 4.666581
-0.187644 -0.298234 -5.368224
-0.375065 0.347621 3.046742
0.446664 -0.306593 3.854657
0.244969 -0.109333 -6.124937
0.334234 -0.375319 -5.328262
0.373757 -0.297369 5.452028
0.383548 -0.289111 4.148544
0.004642 -0.248072 4.274626
-0.159147 -0.209811 5.569676
-0.111131 -0.019989 5.994316
0.452416 -0.497718 7.935974
0.111219 -0.251810 -5.402828
0.149669 -0.190611 -4.886306
-0.088198 0.480510 -5.071612
-0.471086 -0.205864 7.624516
0.096595 -0.276748 4.960016
-0.243473 -0.056481 -6.226551
0.282278 0.150284 -4.861560
0.231857 -0.150191 -3.001237
0.263370 0.008683 -4.689568
-0.171901 -0.250032 -5.807092
0.235094 0.229460 -5.660498
0.180395 -0.434584 -1.449022
-0.296770 -0.228211 -5.715064
0.343833 0.359495 5.549768
-0.399971 -0.170123 -3.976250
0.185528 0.332491 5.611538
-0.440557 0.167419 -1.246768
0.458855 0.140508 6.205467
0.448820 -0.269818 -5.419060
-0.329017 0.154259 3.395575
0.340680 0.100130 -5.317939
0.105251 -0.494342 -5.529681
-0.029263 0.184168 5.391971
0.383982 0.154948 3.395589
-0.190872 -0.409306 -2.987751
-0.000627 -0.106769 -5.272310
0.495313 0.093847 0.941221
0.156650 -0.338447 5.741893
0.470032 0.499349 9.168099
-0.432329 -0.481151 11.532725
0.276789 -0.077105 -6.203473
0.024412 -0.286754 -2.905386
0.470857 0.437929 -5.804097
-0.476820 0.320177 -4.906998
0.269087 -0.148190 5.262713
-0.368389 -0.398095 -4.760439
-0.173028 0.276451 1.517247
0.402451 0.203970 3.589737
-0.305006 -0.270568 -5.584626
0.475441 0.368999 -4.666207
0.137098 0.173510 -0.953659
-0.036966 0.143256 6.053793
0.491023 -0.059395 -3.155729
-0.392553 0.313512 3.578185
0.250580 0.322756 -5.079771
-0.304857 -0.495104 9.280590
-0.073301 -0.347894 5.942947
-0.015277 0.169750 -6.111596
0.277011 -0.481859 3.726159
-0.069155 -0.210531 -5.176252
0.240955 0.023553 6.192052
-0.463171 -0.117975 2.788917
-0.297732 0.254512 3.532578
0.426489 0.358867 4.865704
0.376304 0.422532 3.364775
0.312181 -0.499820 -4.275665
-0.165911 -0.243533 -3.479203
0.322297 0.346173 -4.114507
0.491851 0.160781 2.731384
0.350361 -0.120324 -2.225728
0.083133 0.159936 6.092075
0.404438 -0.433558 -1.857858
0.258485 -0.171931 -5.988409
0.325672 -0.133362 6.012199
0.296432 0.040908 4.145279
-0.006242 -0.484856 -3.459421
-0.025077 0.435155 3.912935
-0.069709 0.108966 1.150935
0.331481 -0.074997 -2.239359
0.325185 -0.337084 -6.171872
0.461280 0.037390 -4.561664
0.081190 0.442875 -3.758154
0.267954 0.269066 -3.965385
0.475036 0.140030 -2.293504
0.138433 0.424862 -3.474256
0.437090 0.408336 4.384528
0.020749 -0.200043 4.801168
-0.101030 0.150973 -5.575203
0.225412 -0.129762 -5.528933
0.085235 -0.124791 5.711005
-0.322070 -0.432987 -4.891493
0.351185 0.161717 4.548435
-0.477900 0.165607 -3.170745
0.017872 -0.021100 -5.515604
0.054271 0.261334 -0.560595
-0.179650 -0.207620 -2.058478
0.290460 -0.356333 -5.267839
0.373545 -0.263006 2.698618
0.415216 -0.219236 -5.840651
-0.139775 -0.208610 -3.804416
0.347557 -0.474429 -2.417613
-0.152052 0.230589 -4.799535
0.123366 -0.154090 3.707406
0.376771 -0.106006 -5.726079
0.297389 -0.397844 -6.223541
0.406883 0.385151 -4.660467
-0.475939 -0.460181 -3.334743
-0.042387 -0.052467 -6.281422
0.068492 0.148873 4.916706
0.174262 -0.403306 -1.426512
0.414183 0.312806 6.263073
0.474203 -0.037554 -4.728697
-0.209297 -0.480403 -5.173386
0.461564 -0.130398 -6.109332
-0.259170 0.364124 -3.103849
-0.408848 0.270485 3.790229
0.440232 0.189425 -6.178415
-0.136507 0.092689 4.440429
-0.429906 0.036376 1.062025
0.270479 0.411218 -4.457692
0.225652 -0.394097 -0.983318
0.020478 -0.461720 -5.207937
0.403728 0.120604 1.938028
0.474153 -0.206100 -5.270910
0.460082 0.071322 1.816170
0.398120 0.130030 5.372330
0.187317 -0.444473 2.165025
0.211061 0.335713 -3.479716
-0.406886 -0.342270 -5.102003
0.464477 0.173011 -5.423016
0.059543 0.371586 3.148591
-0.208767 0.014221 4.263155
-0.241677 -0.304036 3.019873
0.450486 0.071353 4.703331
-0.325005 -0.209215 -3.805186
-0.247506 0.096355 1.672286
0.436612 0.480317 -0.145932
-0.107542 -0.162944 4.720371
0.464921 -0.303494 -2.496483
-0.024839 0.047759 1.210984
-0.210206 -0.234617 -4.005410
0.394474 0.005316 -6.089015
0.200587 0.177141 -4.863388
0.167749 0.432479 -2.323829
-0.036596 -0.181892 6.057902
0.080278 0.429961 -5.821064
-0.049090 -0.474348 0.509335
-0.276196 -0.098825 -6.260316
0.434148 -0.190087 -5.476529
0.339288 -0.144290 -3.670048
0.406580 -0.118279 5.520608
-0.284874 0.114572 -5.071848
0.428655 -0.042743 4.518786
0.356397 -0.287042 -3.507680
0.026098 -0.041292 6.102615
0.417503 0.032709 4.160105
-0.154794 0.447909 3.702420
0.260058 0.169560 -0.528104
-0.376063 0.339418 -5.746477
0.104158 -0.332727 -4.950809
0.073737 0.278716 -2.019529
0.302979 -0.168245 -5.866345
0.101354 0.246061 -0.468382
-0.419708 -0.060469 2.015108
0.359864 0.311333 4.731928
-0.452487 0.459325 -5.890720
0.462847 -0.316902 4.682544
0.440815 0.344098 -3.620206
-0.291787 -0.351911 2.543994
0.242095 0.077759 3.630567
0.169512 0.393513 3.023528
0.317791 0.056973 5.702897
0.381939 -0.275560 -3.087337
0.017919 0.009845 5.625028
0.471306 0.048997 4.787803
-0.071960 0.391089 2.750510
0.483837 -0.403789 -4.319104
0.494765 -0.037783 0.823852
0.452198 -0.375987 -2.835053
0.358612 0.134943 6.135556
0.290966 0.090592 -4.518219
-0.350522 -0.419917 -1.279626
0.429508 0.058489 -3.252740
-0.317777 -0.379554 5.601019
0.239303 0.098079 -3.388889
-0.371240 0.026567 2.251777
0.186030 0.103538 5.317682
-0.207675 -0.308410 -6.207705
-0.320976 0.351939 1.546845
0.360879 -0.243026 -3.244092
-0.143631 -0.331553 -5.116229
0.377559 0.469028 -4.433920
-0.006411 0.246408 -4.329736
-0.472347 0.444791 5.015889
-0.181528 -0.167362 -5.631521
0.405663 0.078905 4.724330
0.291413 -0.201037 -3.848770
-0.406788 -0.351688 5.503086
0.264155 -0.193128 5.344899
0.472127 0.434171 -4.578369
-0.020242 -0.254036 -5.256785
0.012840 -0.168456 -4.881377
0.125931 -0.473187 -4.017705
0.061123 0.030805 2.792116
0.354165 0.024136 -4.814913
0.188666 -0.337398 -1.689503
0.457658 0.494367 7.835956
-0.486146 0.226469 -4.380853
0.363456 0.383896 -3.488963
0.339408 -0.045251 4.848760
0.001470 -0.276658 0.847503
0.183809 0.205124 4.891577
0.381392 0.196121 3.572861
0.493177 -0.238449 5.706085
-0.451929 -0.336957 -3.848747
0.492942 0.461660 3.301366
0.487602 0.367057 4.051921
0.367656 -0.074932 2.615911
0.124472 -0.077224 5.522185
-0.284581 -0.319261 6.274475
-0.407452 -0.404341 6.258720
0.256363 0.117671 -4.545660
0.343590 -0.028094 -4.170103
0.419982 0.435541 5.938165
0.465498 -0.284804 5.694830
-0.350073 -0.116924 -4.697182
-0.344705 -0.400179 -4.499197
0.285223 0.171945 -6.134461
0.409128 -0.495910 8.696230
-0.341032 0.029090 2.620648
0.439915 -0.421665 2.467137
0.449681 -0.009618 -5.499629
0.396752 0.323380 -3.460568
0.404628 0.407365 5.380652
-0.290049 0.138400 2.787142
0.359159 -0.396788 -6.239452
0.099228 -0.057956 -3.633792
0.267786 -0.273280 -5.068071
0.202823 0.443056 -1.171473
0.180960 0.183338 -1.009251
-0.015117 -0.093901 5.548300
0.122785 -0.054369 -0.847160
0.489048 0.407834 -3.339846
0.048414 -0.068729 -5.017915
-0.003170 -0.037362 1.432316
-0.182554 0.439009 -6.117246
0.359281 -0.058870 -5.933228
0.094329 0.259503 -3.950421
-0.020880 -0.324120 6.114947
0.133421 0.044540 4.473039
0.442469 0.047343 -4.323888
0.400337 0.435485 -0.238516
0.297079 -0.256732 -6.183125
0.163281 -0.415284 -4.549711
-0.477831 -0.270396 -3.536951
0.452267 0.035002 -4.306595
0.317562 -0.343699 -4.507450
0.363787 -0.123490 -1.012247
0.055949 -0.036010 5.900570
-0.025707 0.346351 6.032269
0.166455 0.069077 5.063627
-0.019122 0.153389 4.169893
0.427427 0.399419 3.890713
0.478357 -0.236269 -4.441469
-0.119878 -0.021301 4.071067
0.001298 0.208426 5.798660
0.227936 -0.136618 4.523314
0.261466 0.158803 5.753304
-0.420492 -0.428564 -5.006102
0.275084 -0.296272 5.781207
0.167294 0.360939 -6.115950
0.344059 -0.496557 -3.643199
-0.121157 -0.394516 -3.974855
0.032478 0.420303 -4.417731
0.278334 0.111468 -4.810120
-0.340653 -0.041900 5.419896
0.277900 0.113388 -5.072987
-0.314498 -0.210482 4.089144
-0.117038 -0.378728 -4.634419
-0.005259 0.249029 -1.476439
0.170641 -0.316912 -1.691461
0.479360 -0.243008 -4.351213
-0.364950 -0.416340 2.942755
-0.404968 -0.346312 5.820258
0.408505 -0.230366 5.686292
-0.320075 0.154703 -5.334724
-0.053708 -0.133331 -4.349688
0.222770 0.291893 -0.030584
0.282068 -0.390131 -4.041445
-0.267722 -0.327922 -5.654082
-0.273157 -0.255666 2.814922
-0.001786 -0.463967 -2.984187
0.036689 0.037623 -3.017844
0.494047 0.463731 -1.497198
0.460588 0.282725 -4.400205
0.356766 0.236842 -3.088440
0.223448 -0.383982 -1.324685
0.471180 -0.411294 -3.781772
-0.429661 -0.236792 5.074201
-0.157302 -0.184077 -5.652360
-0.092067 0.090295 5.508595
0.359380 -0.435468 -3.401908
-0.187410 -0.124754 -4.481174
0.261444 -0.183496 -6.088008
0.120514 -0.462713 -2.122586
0.458781 -0.106394 3.496161
0.015221 -0.487574 -4.793033
