-0.148841 0.069276 -5.832754
0.337143 -0.394080 6.120576
-0.468231 -0.299983 5.959777
0.417622 -0.201075 -6.198083
-0.046964 0.392328 -4.219869
-0.040563 0.365220 -3.141655
0.348253 0.019405 5.229870
0.429535 0.078336 -5.104572
-0.246317 -0.258696 4.122203
0.498673 0.328832 -4.099866
0.425011 0.341540 -2.317674
-0.449734 -0.194575 -5.727958
-0.270942 0.114082 5.308638
-0.273319 0.137469 2.026102
0.428402 -0.080745 -0.889995
0.001366 -0.460177 -2.281018
0.210805 -0.181026 4.578677
0.266314 0.121387 5.179046
0.129668 0.208154 3.344710
-0.432090 0.347936 5.639031
0.032393 -0.186458 2.600589
-0.025187 0.379493 -6.099124
0.397916 -0.250657 -5.176909
0.426252 0.140983 -3.434434
-0.058808 -0.328090 2.943928
-0.028139 0.496910 -3.803107
-0.391907 -0.172565 -2.372831
-0.320202 0.159061 4.278875
0.111677 0.313869 -2.570294
0.043785 0.135656 5.058532
0.309491 0.383225 3.251361
-0.186578 -0.349725 -5.403955
-0.009423 0.021122 5.482014
0.379035 -0.247122 0.817746
0.320672 0.036483 4.884261
-0.383764 0.352460 -5.887979
-0.491051 0.232812 -5.992247
0.438796 -0.160346 6.280988
0.302503 -0.281001 3.208128
-0.368686 0.261173 3.563032
0.298846 -0.495605 8.172130
0.378262 -0.369225 2.404884
-0.453711 -0.154866 -5.259001
0.463181 -0.042989 5.675756
0.323725 0.135792 -5.316902
0.199583 -0.098734 6.067826
-0.193995 -0.087907 5.836532
0.199863 -0.032659 -2.023646
0.444671 -0.486928 3.505436
0.404546 -0.010449 -3.305928
0.371570 0.283763 -5.589496
0.453418 -0.317646 2.186726
0.432375 -0.310026 4.879746
-0.234733 -0.000389 6.194178
-0.140543 -0.047978 -3.828581
-0.214114 -0.399383 -3.923785
0.185688 -0.216516 -6.137164
-0.041196 -0.167811 3.445521
0.488024 0.132536 5.212076
-0.376721 -0.495082 -2.118669
0.383322 0.303502 -5.405022
0.429896 -0.036587 4.270163
0.351679 0.232224 5.394611
-0.347288 0.440714 -4.320199
-0.118074 -0.425274 4.045889
-0.324298 -0.421399 -3.948827
0.101975 0.101189 1.488833
-0.079146 0.296503 -0.661666
0.433305 -0.305778 2.683793
0.068529 0.316338 -4.953408
0.310517 0.325832 5.939753
0.483431 0.101963 -1.897012
0.095780 0.411815 -4.601174
0.298457 -0.125421 -4.057306
-0.086994 0.157186 2.565662
0.421042 -0.458935 5.790006
0.477694 -0.160646 -5.863459
0.366397 0.260906 -5.196716
0.444400 -0.493395 11.485965
0.406365 0.427669 3.751084
0.079916 0.001089 1.030804
0.004402 0.423837 4.054065
0.483852 0.128075 -5.860051
0.434435 0.118030 5.985475
-0.486875 -0.433840 -3.015474
-0.172677 0.417118 -1.507833
-0.171993 -0.103518 5.315307
-0.043468 -0.445953 3.134873
0.244917 -0.381501 1.357451
0.310747 -0.466885 -5.497832
0.453005 -0.194850 5.364892
-0.121319 -0.404323 0.884467
0.439746 -0.406200 5.454213
-0.216298 -0.450064 4.182425
0.173351 -0.324850 -3.951306
0.380075 0.190499 1.228592
0.483540 -0.004710 -6.232293
-0.486444 -0.414234 -1.721931
-0.017827 -0.205923 5.485617
0.455352 0.037584 5.068006
-0.134684 0.164890 5.425999
-0.122264 -0.106391 5.777326
0.110177 -0.337215 4.881133
-0.186069 0.263170 -2.172623
0.160552 0.157511 2.468713
0.310243 0.252787 -0.966164
-0.046250 0.135425 3.499714
-0.280114 -0.177894 -1.536436
-0.351828 0.295861 6.055959
0.244700 0.034788 5.725666
0.492399 -0.243416 0.415537
0.494363 -0.389114 -0.585743
-0.170702 0.433578 2.332353
0.470837 0.179576 -2.872698
0.097528 -0.007145 4.216124
-0.090105 0.263499 -4.012572
0.491767 -0.086451 7.443094
-0.203295 0.289387 3.165773
0.454295 -0.273941 -5.849745
-0.088583 0.125180 5.312983
-0.164880 0.438983 -5.901756
0.437130 -0.283746 4.241341
0.426803 0.082597 -1.945583
-0.132878 0.169104 -6.027365
0.216144 -0.265061 1.436063
0.195377 0.267581 -2.070269
0.402970 -0.282424 0.403513
0.240441 -0.084911 -5.642830
0.017634 -0.068264 -4.275137
0.427566 0.188800 -2.746818
0.497910 0.396266 6.795023
0.365969 0.028491 6.027633
0.444558 -0.468129 -3.081041
-0.376742 -0.497136 10.339610
0.340873 -0.263627 -6.127229
0.459613 -0.293309 1.146845
-0.120886 -0.194810 6.188401
0.374841 0.410494 -1.257723
-0.077376 -0.208050 4.704088
0.493869 -0.294476 -0.986605
0.132527 -0.101513 -5.700982
0.150948 -0.118320 -5.647839
0.388107 -0.451075 -3.030711
-0.211258 0.283956 6.089218
-0.286901 -0.031455 -3.087170
0.382640 0.405180 -6.264304
-0.469168 0.032265 5.468750
0.161260 -0.383525 4.680470
0.349102 -0.397008 -4.905912
0.447235 0.439988 -3.972015
-0.045213 -0.212068 -2.871338
0.312366 -0.270158 5.811700
-0.028387 -0.178283 5.560890
0.252762 0.409992 5.680895
0.464986 -0.045778 -6.024207
0.490553 0.440976 -3.190394
-0.475114 0.049589 3.584798
-0.143173 -0.212028 4.320504
-0.477806 -0.037681 4.294483
-0.000042 0.196998 4.418728
-0.447728 -0.331393 -2.921708
0.047324 -0.302669 4.150615
-0.391888 -0.232341 -0.877096
0.236883 0.116208 2.987242
0.256464 0.411319 4.819564
0.449927 -0.463863 -2.324975
-0.155917 0.309104 -6.252371
0.498550 -0.308437 -1.790363
-0.350110 -0.100694 -3.786600
0.370843 0.030993 4.193373
0.052663 -0.437807 5.584339
-0.402282 -0.192804 -0.601920
0.201749 0.184526 -3.121860
0.040007 -0.296093 -5.064121
0.393661 0.282013 5.636239
0.324035 -0.395383 6.163716
0.155020 0.478569 0.657170
0.095048 0.083247 6.146573
0.156071 0.403689 -4.008117
0.499675 0.455695 -1.546932
0.422245 0.454588 -2.283344
-0.165843 -0.432767 4.104227
0.100455 0.270681 -1.376710
0.032162 0.287387 -0.375467
-0.010840 0.398311 -5.094211
-0.386227 -0.165050 -1.026840
-0.155463 -0.391680 5.442913
-0.263120 -0.299077 1.554765
-0.449773 0.026774 2.958575
0.174489 0.158366 5.515575
-0.085892 -0.325549 -3.254953
0.433867 -0.496155 -5.251727
-0.099293 0.120189 3.689577
0.354394 0.107632 -5.777940
-0.116109 0.469338 -3.714056
-0.257053 0.192714 -5.114879
-0.252264 0.084929 6.080235
-0.126921 -0.160122 -4.013975
0.455242 -0.289774 3.513998
0.299160 0.072305 2.064907
-0.260422 -0.004066 -4.071451
0.088829 0.111148 -4.226290
-0.078449 -0.095147 -6.187974
-0.121648 0.168071 6.182952
0.233501 0.199966 -4.487168
0.353096 -0.145991 -4.710195
0.088941 -0.187053 0.510379
0.252477 0.432844 0.687654
0.326501 0.183285 -2.346760
0.451693 0.498144 9.048688
0.239030 -0.229343 -3.984743
0.461156 -0.198271 -2.356281
0.466030 0.330458 -0.096712
0.183748 -0.237787 -1.016067
0.217908 -0.147537 -4.089658
0.283054 0.310062 5.911918
-0.269257 0.450313 6.261915
0.233763 0.032894 -4.774979
0.375949 0.087946 4.216447
-0.227309 -0.447874 -5.124917
0.367519 -0.297987 4.862260
0.375983 0.045739 -6.246457
0.063944 0.338440 5.948342
0.369653 0.446130 -2.253919
0.088905 -0.105369 3.360903
-0.032935 -0.406268 3.546617
-0.243928 0.196676 5.153191
0.420545 -0.090439 -5.070661
0.278574 -0.236382 -4.479953
0.242129 -0.206443 5.682464
0.305370 0.072096 4.193624
-0.082257 -0.331570 3.109785
-0.350499 -0.481544 11.927670
-0.332835 -0.442762 5.893811
-0.221850 0.004586 4.479055
0.416623 0.271405 -2.533328
0.158736 -0.086158 -2.646598
-0.177836 0.062664 5.007154
0.320819 -0.191294 -4.699561
0.440538 0.071456 -2.040994
0.354196 0.087423 4.853178
0.447697 -0.345784 3.090865
0.081047 -0.218549 5.721771
0.441374 -0.398999 -5.020435
0.171481 -0.284153 -5.541068
-0.477273 -0.457405 3.072017
-0.220860 0.336522 -6.048113
-0.201329 -0.443108 4.595042
-0.082671 -0.263177 -6.187404
-0.188234 0.124588 -5.948068
-0.083434 0.493308 11.949249
0.468729 -0.024709 -4.031766
-0.405008 0.443953 -5.102145
0.416377 -0.080441 -1.710291
0.376865 -0.244550 -1.939137
0.074911 -0.286455 4.852133
0.103826 0.449458 -3.252968
0.169260 0.287632 -5.851399
0.434821 -0.341996 3.801874
0.275454 -0.443238 1.948924
0.106645 0.174885 -6.218411
-0.166387 -0.179062 -0.682833
0.219802 -0.311790 -0.856703
0.333974 0.237328 5.003755
0.140386 0.174787 3.837891
0.119715 -0.372529 4.623668
0.352617 0.241779 -3.777300
0.423375 0.295393 -5.033553
0.423607 -0.281480 0.658017
0.449224 0.160758 -1.511948
0.484324 0.099602 -2.268023
0.476343 -0.310175 5.836876
0.429953 -0.242197 3.779830
0.160489 -0.024054 -4.515157
-0.270324 0.241264 1.678060
0.342560 -0.273375 2.707164
0.452261 -0.372258 4.026758
0.165931 -0.041996 2.284883
0.453324 -0.152447 -2.503747
0.332798 -0.103095 6.188101
-0.396125 -0.120946 -6.001758
0.310311 0.477709 11.836280
0.440921 0.099273 -5.817163
-0.428014 -0.134787 -0.290112
0.365291 -0.016191 -4.416039
0.396890 -0.147047 -4.481201
-0.198692 -0.318876 5.693384
0.274939 -0.120432 5.368021
0.464059 0.436642 5.973394
-0.496133 0.100562 6.125819
0.100671 0.182456 -0.204124
0.477848 0.463436 -5.687163
0.081313 0.003057 1.657159
-0.026955 -0.366686 3.164946
-0.224609 -0.479617 2.300617
0.000272 -0.473401 -6.012071
-0.409025 0.238364 -6.097287
0.399893 0.293074 3.657519
-0.040989 -0.355636 5.353690
0.350072 0.166251 -5.201489
-0.138756 0.064084 4.305681
0.015911 0.191333 4.198966
0.442101 0.315322 -3.626619
0.423240 0.006713 -6.251564
0.308553 0.391903 4.109096
0.351921 0.055550 6.169625
0.091342 -0.023001 5.069559
0.006378 0.305380 -4.112929
-0.264710 0.391970 5.998712
0.406892 0.111845 3.978840
0.229523 -0.417602 2.771550
0.496568 -0.315184 1.320302
0.399467 -0.347580 2.966976
-0.192794 0.420581 5.642201
-0.111857 0.026347 2.159458
0.354400 0.382857 -4.509357
0.462124 0.331212 -0.849351
-0.249765 0.323289 -4.192476
-0.414895 -0.163853 -2.529604
0.036428 -0.340045 5.147105
0.030516 0.438863 -5.561604
-0.415759 0.392693 2.807674
-0.149609 -0.243518 -5.841494
0.458802 0.191732 4.646758
0.209257 -0.007869 -2.672035
0.364357 -0.435165 -2.745908
0.393961 -0.104049 -6.197448
-0.008329 -0.426147 3.402228
-0.012742 -0.160582 6.268529
0.239734 0.069399 3.108005
-0.240313 -0.189198 -5.159905
0.347434 -0.486378 -5.037796
0.423479 -0.438813 6.017826
-0.486755 -0.244131 7.084532
-0.462430 -0.396741 4.138747
0.000744 0.282159 -2.393681
-0.174838 0.100345 2.658599
-0.409232 -0.010154 -6.052637
-0.283500 0.206748 1.592310
0.125438 -0.333220 2.440568
-0.024103 0.138690 5.684656
0.315277 0.494213 9.402910
0.303624 0.303871 -5.882656
0.373861 -0.340248 3.166022
-0.475925 0.422189 3.469632
0.365689 0.385885 4.810579
0.224422 -0.056594 6.260313
-0.172740 0.160019 1.387684
0.236481 -0.105950 -4.427160
-0.389970 0.238836 3.746356
-0.475230 0.027950 4.302474
0.064139 -0.064816 0.114306
0.486845 0.407339 -2.652458
-0.482865 -0.311724 -4.073452
0.150283 0.174617 5.921663
-0.222275 0.081051 5.585249
0.379167 0.331599 4.556254
0.483251 0.334845 -4.203191
-0.017673 -0.372651 -6.184818
-0.009595 0.078559 2.931705
-0.401203 0.393766 4.618474
0.124632 0.395634 -5.084959
0.459576 0.481234 -4.359526
0.206168 -0.162271 2.116374
0.463444 0.457964 -6.190190
-0.353906 0.408960 1.263475
0.271908 0.483167 2.201130
0.106253 -0.451666 3.478272
0.399970 -0.229026 2.046729
0.240359 -0.328412 -5.815434
-0.431843 -0.229024 -0.979080
0.062571 0.111319 6.038412
0.029326 0.110797 3.776765
0.287239 0.198015 -0.243295
0.487053 -0.090720 -4.880435
0.109229 -0.155754 2.537407
-0.177592 -0.325353 4.828940
0.247306 0.107616 4.732736
-0.497239 0.003558 -2.351804
0.105493 0.450444 -5.353026
0.162923 0.221897 -1.945317
-0.380496 0.321511 2.733151
0.449962 -0.401607 5.607914
0.314166 0.149560 -4.583395
-0.210147 -0.240283 5.593453
0.312660 -0.185283 4.779123
-0.171640 0.212206 4.072833
-0.261181 0.178295 6.175224
0.491549 -0.185885 -5.865714
-0.066082 -0.437987 2.129049
-0.282663 -0.072307 -4.880843
-0.450976 0.107554 -1.982114
0.413422 0.138342 -6.168639
-0.412600 0.422295 2.102402
-0.096606 0.184513 5.124065
0.089737 -0.089872 4.221933
0.301920 0.073148 -5.778597
0.423772 0.341544 3.608791
0.284226 -0.194469 -6.270153
-0.388172 -0.317927 5.027368
