-0.294853 -0.477096 1.873773
0.063308 -0.299168 2.032910
0.013922 0.158788 0.588207
-0.190972 -0.092262 -1.482234
0.396517 0.211997 2.844362
-0.032329 -0.428087 1.312485
-0.362307 0.074469 -0.239627
-0.499149 -0.222144 -1.102787
0.394187 -0.093128 0.972990
-0.477312 -0.214750 -1.682081
0.389508 -0.242307 -2.498487
-0.245530 0.429560 1.046875
0.051309 0.288312 0.872816
-0.002904 -0.147824 -2.602824
-0.387086 -0.402776 1.210468
-0.438509 -0.190964 2.051148
0.082441 0.044147 0.616634
-0.261541 -0.248331 -3.038601
-0.171289 0.003967 0.701641
-0.339512 -0.176638 2.877287
-0.167736 -0.094770 2.068091
0.416124 0.244873 -1.167622
-0.023450 0.156294 0.037700
0.026249 0.057308 1.998755
0.479991 -0.232108 1.980276
0.286855 0.098998 -2.751248
-0.365711 0.144178 -1.330356
-0.300133 0.031168 -0.959375
0.087334 0.111869 0.825950
0.085319 0.016468 -2.123506
-0.426635 -0.130658 0.593560
0.146093 0.379284 -1.293129
0.102094 0.468607 2.551052
-0.144655 0.339869 -2.536269
0.385275 -0.240119 1.526413
0.284151 -0.492542 1.336968
0.228182 0.189072 2.111246
0.425518 -0.479260 0.033537
0.097447 -0.010077 1.024208
-0.119273 0.066204 2.272698
-0.140673 -0.386543 0.079664
0.482439 0.288972 -0.794426
0.093307 -0.168736 3.002040
-0.345360 -0.109912 -0.952095
-0.259046 -0.214019 -2.544785
-0.360665 0.145223 2.818039
-0.107104 -0.160041 -1.037275
-0.286902 -0.165272 2.083867
-0.381577 -0.496472 0.139710
0.266582 -0.361089 -0.061609
-0.257941 -0.194064 0.563044
0.250350 -0.437771 -0.461161
-0.375894 -0.448222 0.890977
0.423708 0.046810 -2.751317
0.039734 -0.028065 0.758632
0.330912 -0.202098 -0.319142
0.044454 -0.338234 2.975713
0.114771 0.298043 -0.792220
-0.480286 -0.048575 -2.074290
-0.465736 -0.266422 0.178776
-0.485589 -0.297906 -1.881498
-0.018979 0.243630 -1.445392
-0.270018 0.098019 -0.080901
-0.354910 -0.082965 -1.765326
0.349355 0.129016 1.546396
-0.095687 -0.043622 -1.380919
-0.164136 0.320306 -0.187093
0.135813 0.345042 0.471072
0.310535 0.056432 -0.058122
-0.093905 -0.395381 -2.164343
0.289484 -0.470327 -0.624225
-0.031507 -0.483309 1.316078
-0.479343 0.005655 -1.428818
-0.073769 0.221002 0.233129
0.475865 -0.495837 -1.518906
-0.061391 0.402894 2.905725
-0.359465 0.122343 2.165080
0.131444 -0.088320 -2.546163
0.108506 0.469929 1.109017
-0.423709 -0.293496 -2.863226
-0.042584 -0.068445 -2.611419
0.008907 0.055983 -2.442317
0.358639 0.155206 0.891178
-0.000314 0.479396 2.132634
-0.386311 -0.150623 2.220368
-0.488290 0.453827 -1.562548
0.063904 -0.203434 2.552434
0.329973 -0.245764 -2.121429
0.467279 0.171770 -0.799203
-0.461876 -0.022103 3.127297
0.085032 -0.314430 -0.596628
-0.226987 0.450883 2.829587
-0.156690 0.168992 -0.873159
-0.440480 -0.219202 2.900330
-0.053537 0.151735 0.004150
0.014110 -0.053328 -0.227519
0.006364 -0.230159 0.330019
0.351419 -0.339072 -0.391731
0.252419 0.056443 -2.591426
-0.215081 -0.191514 2.333184
0.115311 -0.130532 -0.746579
-0.377362 0.123886 1.219909
0.021317 0.473322 0.609047
0.465128 -0.494021 -2.997231
-0.285077 -0.295419 1.690928
0.116635 0.333871 -0.467659
-0.081335 -0.286912 -2.391102
-0.480081 -0.212236 1.389579
-0.267957 0.354107 -2.452226
-0.498039 -0.406287 1.097648
-0.134330 -0.136453 -2.065036
0.454945 -0.402899 1.625150
-0.053444 0.292642 -0.125196
-0.033347 0.277817 -2.520689
0.318672 -0.010724 -2.139473
-0.396313 0.398341 -0.773703
-0.201074 -0.204221 0.620420
-0.018082 0.382177 -3.070559
-0.337640 0.282592 -0.357337
-0.495078 0.000613 -0.287406
-0.385229 -0.129828 -1.886723
0.116454 -0.268326 2.883866
0.072247 0.106087 -0.516436
-0.233157 -0.203445 2.214584
-0.220956 0.188954 -0.306853
0.249986 0.036911 1.938612
-0.059230 -0.041813 1.597854
-0.227894 -0.162441 -1.231889
0.483560 -0.147582 0.009697
0.264612 -0.456104 -0.264832
0.262852 -0.356025 -0.596323
-0.133361 0.217364 0.781726
0.134180 -0.215828 1.245643
0.103436 0.188856 -2.761950
0.226390 -0.195676 1.584335
0.405820 0.318867 1.093080
0.053537 -0.401721 -2.365606
-0.072011 0.469985 -2.635694
0.090522 -0.380443 2.258044
0.138715 -0.000160 0.971394
-0.160264 0.225190 -2.404265
0.385865 0.384494 -1.636673
-0.142164 -0.295521 -2.234196
0.048916 0.395943 2.637022
0.028596 -0.350013 -0.127930
0.430456 -0.276198 -0.622390
0.036163 -0.444558 -1.657641
0.236014 0.458165 0.720871
-0.065684 0.109296 1.193451
-0.260152 0.120108 -3.109119
0.246049 -0.304981 2.447345
0.331740 -0.359600 0.675236
0.398809 -0.396315 -2.774398
0.029998 0.316841 1.586979
0.458814 -0.290840 2.682217
-0.139540 -0.312803 -0.673647
-0.122463 -0.269912 2.218100
-0.131538 -0.485257 0.636786
0.084801 -0.440251 1.759633
0.092514 0.125059 -1.561950
-0.158352 -0.353207 -1.546777
-0.470562 0.237250 2.948321
-0.339904 0.439341 -0.713350
0.096161 -0.094072 1.288772
0.328290 0.193875 0.628592
0.076361 0.316454 1.787440
0.108784 0.022332 2.232337
-0.256041 -0.034858 -1.184321
0.460830 -0.325404 3.090629
-0.409461 -0.053370 -2.011560
-0.002911 0.205540 2.427840
-0.400013 0.434446 1.075953
0.314829 0.445450 2.130057
0.149935 -0.144337 -1.674970
0.217331 0.361605 1.181211
-0.324279 -0.291409 -2.150524
-0.286449 -0.441577 -2.333954
-0.180983 -0.002808 1.540041
0.343246 0.140395 -0.772408
-0.276926 0.270584 -0.015121
-0.244441 0.401984 1.353750
-0.161236 0.045071 -0.462020
0.498531 0.081116 -0.317550
0.372338 -0.468811 2.802257
-0.339092 -0.366240 -0.705240
0.271295 -0.466628 -1.663807
-0.411521 -0.304576 2.155284
-0.117650 -0.461335 -2.013045
0.182980 0.011518 2.784778
0.009068 -0.159817 -2.222733
0.240842 -0.091517 0.222081
0.436572 -0.035067 1.411860
-0.406346 -0.375206 2.903766
0.252384 -0.320972 -1.313557
-0.239921 -0.167136 -3.031168
0.460159 0.202800 0.159875
0.274750 0.389100 -2.707907
-0.482126 0.171872 -0.129716
-0.286600 -0.233911 0.027647
-0.217945 -0.294795 2.928882
0.397991 -0.247557 -2.749419
0.174411 0.199167 -1.408466
-0.225817 -0.488951 -2.049001
-0.380455 -0.192410 3.075755
0.156305 -0.196222 -2.594013
0.257470 0.407616 -1.899775
-0.412450 -0.176010 2.694142
0.078553 -0.425792 -0.343014
-0.028299 -0.215018 1.456634
0.050539 0.281837 -0.063433
0.111603 -0.459650 2.082073
0.262258 0.064637 -2.923704
-0.025327 0.477961 2.790347
0.336572 -0.322936 -0.692561
-0.005349 -0.326246 -2.131680
0.191292 -0.060111 -1.909205
-0.433591 0.185794 -2.060806
0.405846 -0.488946 2.185666
0.189982 0.072388 0.904752
0.038915 0.279424 -2.865992
-0.309186 -0.145076 2.336045
-0.355144 -0.357061 -2.680773
-0.144005 -0.407698 -2.316377
0.099682 -0.350865 -0.046684
-0.052389 0.083826 -2.672075
-0.164250 -0.160776 2.864275
0.022848 0.151831 -0.685888
-0.143345 0.068326 -2.773575
-0.339887 -0.164964 -3.062975
-0.331748 0.378248 -2.521372
0.343564 -0.178270 1.677322
0.254769 0.286749 0.105061
0.127341 0.246098 0.331158
0.432204 0.186489 -1.826508
-0.421475 -0.336213 -2.933819
0.335365 0.182547 -0.567266
-0.163432 0.181016 2.129590
0.147784 -0.311851 0.958486
-0.275313 -0.228091 1.229850
0.461664 -0.429673 -2.498836
-0.283454 0.183668 2.949387
-0.191783 0.376241 -1.229981
-0.211407 -0.352689 1.905167
0.156100 0.229694 -0.418080
0.228906 -0.130532 2.845974
-0.202356 0.037457 1.536155
-0.190226 0.090533 -0.520895
-0.318143 0.442593 -0.399477
-0.399876 0.066950 0.053978
-0.051712 0.282008 0.473796
0.331495 0.171150 1.127282
0.487901 -0.087789 -1.196165
-0.125454 -0.231150 0.390775
0.387338 -0.302813 2.762175
-0.166666 0.014306 -0.641902
-0.131637 -0.217408 -3.075238
-0.240657 0.335982 1.589199
0.245945 0.103409 0.146095
0.192774 0.147006 2.696144
0.319510 0.202012 -2.715063
-0.432993 0.006524 -0.379723
0.331226 0.247917 1.947022
0.301670 -0.082365 1.665590
-0.445846 0.459852 -0.525970
-0.063270 0.223756 1.766014
-0.487136 -0.042701 -1.537766
0.459776 -0.192772 0.718746
0.414858 0.160717 1.899905
-0.073632 -0.396821 1.526184
-0.299533 -0.342918 -2.725971
-0.016091 0.102851 -1.451983
0.180519 -0.307707 1.175621
0.498758 0.399085 2.426918
0.243533 0.143864 1.369732
-0.437862 0.224668 0.012571
-0.053927 0.459666 -2.410691
0.044072 -0.319933 -1.419733
-0.178188 0.472290 2.226392
-0.244394 0.285051 0.729913
0.480302 -0.156523 -2.107297
-0.106314 0.259729 0.427849
-0.092510 0.357199 -1.226018
-0.041032 0.106375 2.105698
-0.477469 0.359765 1.347545
0.107918 0.140464 0.041023
0.242435 0.473021 0.833401
-0.432027 0.451289 -1.768500
0.034201 0.146238 1.390444
-0.357171 -0.050444 -0.357689
-0.152493 -0.017028 -2.389345
0.439731 0.309140 -0.859512
-0.085406 -0.387045 -0.662055
-0.024334 0.438422 2.874649
-0.061240 -0.431302 1.674572
-0.305304 -0.364141 0.562744
-0.376476 0.159720 -2.613451
0.318068 -0.497122 -2.362941
-0.059951 -0.404502 -2.409924
0.215759 -0.021362 -3.045878
-0.284111 0.167965 1.935612
0.229303 0.298025 -0.296073
-0.214714 0.370729 -2.059554
0.159896 -0.239150 2.778547
0.384537 0.088205 -3.041490
-0.025908 0.342876 -0.689518
-0.265883 -0.208287 -1.662160
-0.096934 0.393769 1.644981
-0.139928 0.476682 2.711295
0.390269 0.257167 -0.101340
0.245642 -0.053143 -2.624542
0.316439 0.411713 1.960904
-0.352662 0.394345 2.522044
-0.071828 0.337183 0.073814
0.194424 -0.144603 1.382784
-0.135231 0.024687 -1.580872
0.110944 -0.417035 2.392584
0.476483 -0.317495 1.174972
0.076445 -0.234989 2.070508
0.083976 0.036272 -2.229846
-0.320929 0.056265 0.976710
0.241990 -0.037132 0.308497
0.229831 -0.369578 -2.040904
-0.403108 0.407224 1.553094
0.273268 0.405609 1.477944
-0.172193 0.452196 -2.551848
-0.327863 -0.253757 -1.607646
-0.489225 -0.352310 -0.813984
0.212448 -0.212076 -2.973757
-0.495596 -0.187198 -1.440037
0.019181 -0.179123 3.101794
-0.428450 0.330803 -1.519680
-0.426786 0.338323 -0.052414
-0.228900 -0.155548 1.384835
-0.479687 -0.438326 3.015677
0.027979 0.198946 0.209027
0.394504 -0.121733 -0.911971
0.229145 -0.132279 1.686179
0.045313 0.459638 -0.052342
0.114382 0.163358 2.877790
0.293406 -0.481901 -1.425113
-0.405230 -0.337276 3.099696
0.424949 -0.178002 1.299775
-0.453896 -0.270152 1.526393
0.152052 0.496776 -1.530074
0.124313 0.454086 0.755792
-0.178733 -0.047584 -0.014500
0.053679 -0.298704 0.241583
0.406445 -0.389506 -1.041084
0.075413 0.171265 2.500974
-0.167564 -0.024974 -2.408245
0.480973 0.452827 -2.126531
-0.172377 -0.198146 0.358365
0.039817 -0.237818 0.166407
-0.486533 -0.153975 -2.544273
0.301271 0.128289 -0.722626
-0.485917 0.376473 -0.307006
-0.382981 -0.099653 -0.661942
-0.386392 -0.061009 -2.243708
0.402872 -0.102970 0.475651
-0.080022 0.453901 0.343309
-0.137237 0.285661 0.573736
-0.163451 0.318837 1.395497
-0.426999 0.182805 1.923822
0.136973 0.463624 -0.144836
0.090019 -0.119336 -0.069854
-0.457191 0.358489 2.010141
-0.125623 0.108061 0.278387
0.158603 0.226514 2.172688
-0.227779 0.431346 -3.077162
0.387380 -0.061051 -0.549367
-0.169018 -0.015289 -2.672890
-0.093647 -0.348599 1.954981
-0.197915 0.376444 -0.462356
-0.341156 -0.261281 -2.606757
-0.053364 0.064133 -1.822164
-0.108839 0.165327 2.510545
0.354854 -0.238325 2.613194
-0.038026 -0.290589 0.943842
0.083595 -0.441078 2.191029
-0.273626 -0.198125 -0.826637
-0.366668 0.175638 -0.872433
-0.149165 0.011756 -3.074075
-0.318171 -0.212006 -2.010071
0.116532 -0.207623 3.022181
-0.478587 -0.203845 0.398836
-0.313500 -0.095513 -0.090426
-0.444312 0.484012 -2.361100
-0.197538 -0.112126 -2.286307
-0.095379 0.321194 1.889109
0.409077 -0.323855 1.443715
0.315888 0.129363 -0.993687
0.420467 0.462186 0.526161
0.199716 0.389213 1.297196
-0.043254 0.008646 2.882863
-0.030307 -0.344200 2.872435
-0.434691 -0.097443 -1.130527
-0.148236 0.233505 1.527584
-0.098356 -0.064496 -2.823938
-0.162204 -0.201891 0.390247
0.052711 -0.273816 1.654547
