0.009875 0.491099 0.940870
-0.400105 -0.422871 -2.204315
0.210322 0.199437 2.805284
0.020302 -0.279405 0.118768
0.242466 0.497114 -0.283510
0.011135 0.179445 2.254720
-0.056951 0.407311 -2.746953
-0.142820 0.277328 -0.754019
0.315364 -0.064643 -2.278761
-0.118133 -0.410947 -0.808439
0.162099 0.452641 2.733101
-0.175107 -0.112627 -2.553233
-0.450879 0.422166 -1.574853
0.287240 0.043201 -1.775914
-0.411157 -0.314357 1.534530
-0.247663 0.066709 2.080166
0.268652 0.158484 -1.667122
-0.405096 -0.290111 2.510995
0.074715 0.109520 1.371765
-0.237762 -0.387297 2.270512
-0.225856 -0.428543 -1.002976
0.048890 0.344670 -2.052438
-0.263918 0.390319 -2.897640
-0.327974 0.098755 2.377185
0.365496 0.165034 1.671984
0.262670 -0.293618 1.239125
-0.025995 -0.426253 -1.637168
0.085915 0.435389 -2.713812
0.118808 0.491573 0.951070
0.043245 -0.071629 -0.188503
-0.374809 -0.079840 1.648414
0.362933 0.394326 1.524059
-0.499983 0.423209 -0.438529
-0.389735 0.389308 0.553841
0.196291 -0.100042 0.501089
-0.037664 -0.356647 2.528109
-0.175311 -0.184951 1.834986
0.429283 -0.368997 -1.227236
0.435149 -0.425648 1.393332
0.282972 0.211748 -1.169687
-0.335061 -0.284104 -0.919216
-0.170897 -0.190105 1.889114
0.333709 0.151165 0.369861
-0.275773 -0.406817 -2.106917
-0.014405 -0.345905 0.484394
-0.168055 0.244738 -1.190643
-0.189290 -0.380825 -1.315414
-0.205059 0.164382 -1.025603
-0.368133 -0.031125 2.891240
-0.365579 -0.170245 0.051039
-0.058883 -0.427126 0.622456
0.294442 -0.258210 2.479594
-0.145107 -0.485684 1.430422
0.417357 0.333312 -1.356823
-0.187153 -0.456132 -2.682909
0.470264 0.347580 3.085916
-0.106754 -0.297711 0.910657
0.007456 0.127225 -3.093226
-0.034077 -0.041263 1.495135
-0.096584 -0.401308 -1.459047
-0.383740 -0.074556 -1.683381
-0.327430 -0.199823 -1.388733
0.092031 0.453293 -0.320545
0.160317 -0.469241 -0.480650
0.387357 0.314607 -0.265163
-0.268503 -0.273948 -0.083213
-0.315930 0.151305 -2.174788
0.200044 0.370269 1.302667
0.139116 -0.074417 1.940845
-0.013617 -0.320734 2.581605
0.161657 -0.250415 2.888461
-0.498967 0.361816 -1.983279
0.096830 -0.356420 2.310023
0.021134 0.441513 -2.245465
0.040048 -0.126804 -0.055485
0.339655 -0.063035 1.227314
0.182930 0.092675 -1.209888
0.322936 -0.476137 -0.423891
-0.445086 -0.110926 -0.447721
-0.334894 -0.413001 1.577955
0.049827 -0.497613 0.939603
0.282577 0.212351 0.935053
0.196806 0.089274 -2.124583
0.464926 -0.011785 -3.101033
-0.432839 0.021180 -1.329308
-0.465427 0.425488 -1.938906
0.466121 -0.331723 0.425258
0.262213 -0.095463 1.556958
0.485928 -0.221027 -0.854780
-0.069101 0.424964 -1.789662
0.316239 -0.183149 -2.418390
0.244384 0.455692 -2.172488
0.295235 0.492648 2.854682
-0.039315 0.114909 0.140531
0.117199 0.481169 -0.203192
-0.303852 0.084583 0.463380
-0.404742 0.328059 3.080570
0.374280 0.054681 2.104481
-0.063043 -0.195760 -1.623671
0.191625 -0.036348 -0.631550
-0.320598 -0.476669 -2.351955
-0.496124 -0.006908 2.930893
0.036921 0.453774 1.783306
0.490770 -0.392601 2.007222
-0.309176 -0.314159 2.520007
0.359681 0.095670 2.360766
0.287894 -0.293390 -0.858327
0.428798 0.305786 -0.229644
-0.211999 0.130383 -2.874330
-0.452446 0.175920 -2.068936
-0.315253 -0.236612 1.506632
0.458498 -0.154173 2.378132
0.495414 0.030321 -0.076549
-0.251348 0.008762 -0.851434
0.321732 -0.248393 2.864124
0.084215 0.376379 -2.422225
-0.155395 -0.019683 -2.601860
0.366592 0.156079 -1.590419
0.053464 0.428002 0.610527
0.399401 0.083221 0.471290
-0.153465 -0.376962 -2.278229
0.163801 -0.433910 2.555846
0.446838 -0.186986 -0.948097
-0.192301 -0.033470 -2.142924
-0.203742 0.236177 0.745026
-0.118138 -0.388329 1.041168
-0.106951 -0.147891 3.029807
-0.115430 -0.364227 -2.250329
0.412135 0.057068 0.908786
-0.205104 0.259975 -1.633593
0.181255 -0.098250 -2.222523
-0.188458 0.448293 -0.849360
-0.191991 0.259980 0.777107
0.299932 0.385388 -2.808700
0.295378 0.157380 2.394727
-0.443659 0.178169 2.489105
-0.172873 -0.367580 -1.075468
0.448251 0.368400 -0.770193
0.364721 0.178103 2.220108
0.128125 0.153490 2.485777
0.118040 -0.414486 3.056826
-0.240115 -0.496900 2.000234
0.104002 -0.261706 -0.785948
0.112056 0.060897 1.741175
-0.436724 0.214118 -1.955840
-0.047730 -0.082379 -0.240832
-0.235251 -0.321591 -1.175140
-0.111182 0.353269 -2.086758
0.385980 -0.191793 2.261516
-0.355502 0.207580 -1.933021
0.423497 -0.085431 0.026978
-0.206059 0.434510 2.291919
0.145566 -0.104332 1.225000
-0.201996 0.448132 2.937951
0.027152 -0.247030 1.449147
-0.058102 0.292012 0.839652
-0.188374 -0.114587 -1.508029
0.045508 0.256986 -2.567747
0.058016 -0.476822 -2.931917
0.481035 0.384881 -2.354725
-0.343325 -0.151375 2.317387
-0.221845 0.141236 -2.459367
-0.181471 0.281989 -2.347152
0.085649 -0.283708 1.958932
-0.048968 0.154343 0.886526
0.289421 -0.063889 2.523394
-0.478454 0.452945 2.861490
-0.292242 -0.323099 -1.346778
0.401763 -0.021692 -0.374342
0.264621 0.269911 -1.728452
-0.474040 0.164780 2.482171
-0.115670 0.175352 -0.806156
0.314632 -0.167890 -1.893024
-0.048972 0.182878 -2.551897
-0.010785 0.441475 -1.224924
0.340018 0.320971 3.056188
0.114054 0.055309 -2.797191
0.307274 -0.174714 3.070833
0.161490 0.313749 0.860261
-0.136832 -0.283067 2.200233
0.288182 0.200825 -1.203131
-0.466477 0.455561 -0.945084
0.471151 0.372884 2.646021
0.251387 -0.157400 -0.448268
0.111160 -0.246258 -1.773979
0.411657 -0.071881 2.976573
0.120272 0.031405 2.454148
0.079236 0.099871 -1.547589
-0.233698 -0.310043 2.614232
0.454946 0.258734 0.729554
0.095093 -0.105975 -1.075698
0.427386 -0.028915 1.885946
-0.166479 -0.200469 -3.046704
-0.314192 -0.334652 -0.521747
-0.446731 0.042557 1.064411
0.466901 -0.159067 0.454569
0.047963 0.245675 2.796911
-0.252975 0.004804 -1.152891
-0.401826 -0.035325 0.959734
0.138175 0.366673 -1.125914
0.044483 -0.471089 2.114436
-0.088337 0.339151 -2.182480
0.183646 -0.320234 2.283935
-0.039532 -0.334782 -1.985620
0.400591 0.383592 2.632956
0.280039 0.462604 2.608277
-0.147184 -0.167003 2.436093
-0.008525 -0.165992 2.775800
0.022749 -0.431258 3.050577
-0.038232 0.440493 1.277111
-0.218273 -0.375571 2.170282
0.183417 -0.308631 2.181977
-0.157851 -0.291466 0.177947
-0.376314 -0.009558 -2.877230
0.042999 -0.346096 -0.385857
0.233328 -0.258135 -0.809369
-0.279964 -0.075738 0.718931
-0.075997 -0.212999 0.235238
0.129128 0.425730 -1.475134
0.403678 0.451243 -1.597346
-0.103799 0.115174 -1.495057
-0.408418 0.008738 1.113526
-0.214955 -0.292385 2.417607
-0.415778 0.412161 -2.223164
-0.299310 -0.401181 -1.284095
0.446786 0.347205 -0.858751
0.379914 -0.266272 0.814330
-0.202683 0.431827 0.358466
0.308804 -0.431818 2.219493
-0.249280 0.135917 0.753200
0.425501 -0.073124 1.454696
0.163369 0.078783 2.566059
0.179316 0.399158 2.927614
0.285431 0.196216 -1.682542
-0.046120 -0.133953 1.759408
-0.288265 0.067171 -1.425347
-0.473257 0.324220 1.598952
-0.076879 -0.492660 0.259429
-0.181274 -0.058795 -0.836808
0.293123 -0.477477 2.377734
-0.467980 0.199557 0.089954
0.320981 0.391899 -3.027360
0.379600 -0.086711 1.866255
-0.032657 0.423418 1.944309
0.030698 0.022904 3.017973
0.453311 -0.127129 2.976936
0.250439 0.370025 2.999981
-0.353331 0.480751 2.138614
0.325119 0.221695 -0.833464
-0.471959 0.442813 0.463750
0.319791 0.341280 -0.504359
0.442692 -0.299369 0.452290
-0.391102 0.021400 0.948960
0.102560 -0.413619 2.274100
-0.283206 0.141233 -2.382752
-0.450750 -0.461834 -2.734562
0.056776 0.323956 -2.004432
-0.285683 -0.131269 0.762618
0.388243 0.028148 -2.802597
0.485339 -0.114949 0.338884
0.035652 0.433260 -2.540153
0.496823 -0.488073 -1.008059
-0.177681 -0.025876 0.971795
0.185222 0.033907 -0.639579
-0.073371 0.424712 -0.686269
0.272158 -0.397059 0.361238
0.370613 -0.353925 -1.260882
0.234283 -0.373717 2.144019
0.108863 0.004701 -0.896375
0.075934 -0.480857 -1.815818
0.260470 0.028056 2.861927
0.424462 0.067740 2.359006
0.449757 0.280105 -2.853285
0.228774 0.006027 0.257896
-0.223468 -0.199239 1.032922
0.397117 -0.211976 -1.276427
-0.151730 -0.436896 -1.333797
-0.006573 0.257391 2.808847
-0.132938 -0.401875 1.789794
0.098846 -0.095889 -3.021424
0.331722 0.137793 -1.569720
-0.131959 0.090817 -0.789153
0.358636 0.391055 -0.789614
-0.437833 0.009799 -0.221155
-0.377557 0.280348 1.099664
0.430818 -0.222930 -2.275598
-0.149890 0.312287 0.583171
-0.019181 -0.401698 -1.663701
-0.062224 -0.228288 -1.515411
0.384870 0.194219 -1.299615
0.419378 -0.177545 -0.467195
-0.449836 -0.346412 -0.227023
-0.266750 0.299720 0.737131
-0.421735 -0.487607 -2.304925
-0.274766 -0.232230 -2.625004
0.090381 -0.124010 1.222955
-0.079770 -0.469575 0.968108
-0.427533 -0.144109 -2.071583
0.420911 0.463286 -2.614180
0.455420 0.092164 -2.533720
0.127509 0.332547 2.699931
-0.059355 0.367825 2.237682
0.320508 -0.109573 -2.393887
-0.128714 0.314883 -0.333476
-0.068022 -0.331751 -1.456724
-0.078008 -0.341631 2.155974
0.373069 0.062918 -0.500089
0.453566 0.397555 0.512618
-0.201455 0.253713 -0.748362
0.356635 -0.182024 1.872392
0.368963 0.485621 -1.377115
0.000449 0.246541 3.135334
0.237430 0.322567 -1.282309
-0.118829 0.437615 -2.489987
-0.415453 -0.471628 -1.839884
-0.142278 0.037963 1.217954
-0.457864 -0.441912 -1.961937
-0.154208 -0.088302 2.955048
0.017909 0.100863 1.949069
-0.475527 0.205882 -0.420872
-0.310840 0.419721 0.127874
-0.058433 0.341320 0.675134
0.079702 0.057727 -1.722495
-0.279525 -0.332667 2.764457
0.301933 0.237245 0.129710
-0.090933 -0.040515 2.835229
-0.444325 -0.047553 -1.494014
0.365439 0.492909 -1.110943
-0.101260 0.448960 2.323134
-0.042658 -0.497081 -0.814996
-0.278390 0.085366 2.494178
-0.298389 0.229543 -2.680105
-0.389667 -0.129124 -0.869854
-0.442707 -0.429481 0.496214
0.382409 -0.036148 -2.584075
0.409101 -0.367842 -2.561875
-0.076835 -0.382169 -0.126319
-0.446951 0.409532 -0.344422
-0.448547 -0.246619 2.060133
-0.297486 -0.200348 1.168847
-0.211582 -0.449810 2.414305
0.364062 0.333043 -2.029199
-0.084667 0.028717 0.889215
-0.160877 0.470309 -0.739205
-0.431208 -0.005342 0.176669
0.442919 -0.062227 -2.445433
0.272431 -0.098049 1.715069
0.146957 -0.495892 2.833528
0.119868 0.361172 2.472180
-0.157303 -0.166660 0.525083
0.092752 0.084478 -2.621689
-0.028385 0.170438 -1.485758
-0.303452 -0.309003 -0.842227
-0.205653 -0.496505 1.028162
0.491440 0.135762 2.125103
-0.288898 -0.330701 1.105817
-0.445084 -0.231171 1.145674
0.095099 -0.279280 -0.395856
0.276079 -0.390425 -1.693770
-0.137563 0.000870 1.906206
0.496813 0.472558 -1.554206
-0.359492 0.413059 -2.114995
-0.454234 0.351076 -1.722392
-0.255716 0.069757 2.117252
0.340951 -0.414426 -1.079079
-0.161140 -0.288497 2.567255
-0.074495 0.400482 0.898018
0.496660 0.397863 1.506257
-0.160850 -0.481211 1.954602
0.375120 0.070502 0.996837
-0.039607 -0.269537 -2.274510
0.277542 0.097296 1.232202
0.282676 0.388504 -2.147037
0.098571 -0.249015 -2.840906
-0.235198 0.424622 3.060476
0.356467 -0.476354 -3.009646
0.013692 -0.432548 -1.023420
0.428474 0.429502 1.711318
0.440830 -0.013623 -0.001640
0.174404 -0.227860 -2.920161
0.469205 0.197163 -0.633749
-0.461056 -0.283005 2.705710
0.305958 -0.421738 1.532350
0.126962 -0.130533 0.285618
-0.197637 0.494755 -1.047210
-0.370385 0.264308 -2.488964
0.465188 0.319468 -1.369781
-0.229507 -0.330786 -0.368694
0.007157 0.178583 -2.193349
0.217733 0.147976 -0.610891
-0.428056 -0.374389 1.640040
0.124080 0.491819 -0.824102
-0.259186 0.085410 1.498716
-0.408741 -0.498753 1.310361
0.299002 0.483756 0.710213
-0.289885 -0.339612 0.146662
0.340270 0.129666 1.941799
-0.377320 -0.257202 0.219250
-0.218714 -0.282698 0.311876
-0.138769 0.061130 -1.647869
