-0.484270 -0.395064 -1.347476
-0.105243 -0.444627 0.239941
0.008408 -0.174589 1.537373
-0.461350 -0.117147 0.032861
0.368239 0.003794 -2.232508
0.072319 -0.459624 2.370599
-0.231094 -0.019531 1.640983
-0.130329 -0.204603 -2.933759
0.108386 -0.455915 -2.459334
-0.277799 0.012783 0.247333
0.398142 0.103064 -2.312683
0.037409 0.394951 -2.276654
-0.270116 -0.102578 2.781431
0.049815 -0.253926 -2.194060
-0.495623 -0.300086 -2.581303
-0.259647 -0.417851 -0.297106
0.112645 0.073564 0.465107
-0.348714 -0.049272 2.391657
-0.101916 0.437325 -1.944556
-0.318045 -0.071701 0.155083
0.031289 -0.312284 -1.974177
0.488782 0.035493 -3.041312
-0.259644 0.173100 2.028357
0.170451 0.333984 2.017971
0.481973 -0.333413 1.037015
0.493074 -0.051804 -1.603697
-0.417948 0.030581 2.488029
-0.352267 0.017098 -1.651621
-0.066137 -0.002662 2.092463
-0.140681 -0.185656 2.170672
-0.474321 -0.064039 3.083208
0.116452 0.259629 -2.617340
-0.022623 0.486577 3.017590
-0.095053 0.251843 -0.798448
0.395851 -0.087961 -1.544578
0.292143 -0.251677 -0.937658
0.073311 0.321108 1.630911
0.388880 -0.144746 -2.465717
0.119561 0.186394 1.590333
0.281493 0.234818 3.054228
-0.352788 -0.360417 2.933744
0.153895 0.201486 1.207802
-0.268981 -0.227453 2.144956
-0.004668 -0.152312 -2.023931
-0.383478 -0.034733 0.969879
-0.460830 0.153991 -0.268579
-0.147315 -0.195960 -0.516090
-0.297419 -0.290898 -2.889074
-0.263528 -0.423822 -3.103245
0.170402 -0.389080 -0.078623
-0.195237 -0.132114 -0.461497
0.292336 -0.452208 -1.059579
-0.377240 -0.442815 -1.602873
0.356984 -0.008864 0.955721
-0.221018 0.132679 -0.835830
0.405695 -0.419859 2.529514
-0.136377 -0.481676 -1.632892
0.236623 0.322028 -1.636687
-0.378992 -0.111686 0.913754
-0.486317 0.033521 -1.735862
-0.153073 -0.402625 2.168155
-0.000486 0.414358 -1.012708
-0.292877 0.015774 -0.824589
-0.325540 -0.232810 -0.140047
0.144096 0.098109 1.091481
-0.347415 0.006328 -0.503552
-0.198246 0.130041 2.306299
-0.121754 0.229866 2.184179
0.304602 -0.103811 -1.651348
0.144872 -0.266030 -2.135029
0.209037 -0.364925 -0.239989
-0.266156 -0.388152 0.509938
-0.469900 0.193994 1.457325
-0.367005 0.324215 0.936123
0.408782 -0.233770 -0.571297
-0.180324 0.409466 3.031428
-0.463609 0.244138 2.445620
-0.249656 0.104434 2.735542
0.125873 0.168702 -0.427575
-0.434929 -0.196035 -1.056083
-0.110883 -0.137603 -2.337971
0.098965 0.061475 -2.053798
0.345046 0.201459 -1.109410
-0.109331 0.477108 -1.870923
-0.440508 -0.033813 0.894932
-0.452231 0.278486 1.961373
0.295463 -0.017320 1.836995
0.023542 -0.023218 -0.587335
0.488295 0.390329 2.607226
-0.359590 0.173818 -2.373362
-0.037720 -0.312864 0.695270
-0.164732 0.182678 0.054356
0.047721 0.193020 2.494595
-0.298270 0.032062 -1.600898
-0.047769 0.306199 2.698769
0.261007 -0.207087 2.574019
-0.157660 -0.028020 -1.871672
0.100599 -0.482819 -0.684797
0.169375 -0.001038 -2.929756
-0.301731 -0.271893 -0.952776
-0.248355 0.001657 -0.768079
-0.336526 0.137780 -0.963114
0.134090 0.274377 -0.577749
0.168417 -0.356253 2.352567
-0.127202 -0.209263 -2.520405
0.012677 0.322327 -2.007655
0.066585 -0.122256 -0.456743
-0.426371 0.339049 2.318874
-0.387152 0.291052 -1.849221
-0.406945 -0.389341 1.664550
-0.011391 -0.079328 0.420261
0.401921 -0.454060 -0.924423
-0.003042 0.223346 0.162294
-0.212127 0.475493 1.611442
0.327390 0.054191 0.599347
-0.455848 0.475998 0.326180
-0.435872 -0.137922 -0.304658
-0.102857 0.397125 -0.639857
-0.496086 0.066147 -2.713182
-0.304236 -0.322265 2.566150
-0.469191 -0.441649 2.338855
0.448114 -0.104927 2.785838
0.096580 -0.276392 0.450607
-0.479938 -0.229724 -2.170763
-0.140887 0.264512 0.570388
0.427869 0.054702 -0.201864
-0.226019 -0.255957 -2.135984
-0.024355 -0.157912 -2.989192
0.332237 0.086365 -0.744606
0.397207 -0.402608 -1.347628
0.235956 -0.352737 -1.534666
0.134837 -0.049953 1.521324
0.213510 -0.441616 2.660754
0.214576 -0.158004 -1.287444
0.414452 -0.189227 0.663648
0.231332 0.226422 1.831700
-0.203435 -0.217526 -0.775153
-0.190910 0.366971 -0.363133
0.449635 -0.349140 -3.058929
0.216654 0.014632 -3.059542
0.103432 0.249909 0.397050
0.204081 0.419816 2.288267
-0.300464 -0.389995 1.887283
0.188842 0.312920 2.219279
-0.012021 -0.493513 0.132293
0.382781 -0.357121 -2.995085
-0.015822 -0.213754 0.008108
0.275259 0.100059 0.206598
0.183554 0.032114 0.743660
-0.370293 -0.148813 -1.465822
0.128769 -0.258587 -0.386159
0.467087 0.007773 2.109772
0.454656 -0.210003 0.247448
0.318181 0.085621 -1.034548
0.424739 -0.485495 -2.273623
-0.012369 -0.382156 0.171358
0.008982 0.025270 2.702259
0.017957 -0.419586 1.903110
0.017977 -0.396019 -0.377451
-0.266489 0.036467 -0.770636
-0.043263 -0.196249 -0.919814
-0.487967 0.214420 -2.635680
-0.118444 0.177551 2.888646
-0.103502 -0.236020 0.075664
-0.038446 0.455450 -0.881761
-0.053326 0.422442 0.487506
-0.053692 -0.260628 -2.170914
-0.160004 -0.048514 -2.037512
0.467777 -0.460317 2.092138
-0.415654 -0.039237 -2.205796
0.070957 0.220511 1.519771
-0.495665 0.369716 2.170361
0.444694 0.172728 2.190153
0.357393 -0.225105 -2.666962
0.334748 0.383548 -0.214736
-0.389017 0.029486 -2.492304
0.318345 -0.004797 -1.610199
0.023289 -0.425324 -0.083977
0.166118 0.053895 -1.913646
-0.381328 0.291543 -2.996978
-0.369330 0.465727 -2.678072
-0.103097 0.252301 -0.515864
0.294528 0.379162 -0.545570
0.398408 -0.475312 1.255671
-0.448978 -0.341605 -2.236924
0.171349 -0.487586 2.796730
-0.329897 -0.440418 -2.860049
0.135942 -0.463344 1.388610
0.263093 0.050341 -0.597891
0.132407 0.023468 -0.893120
-0.106960 -0.001511 -0.739664
0.457472 -0.068956 2.981212
-0.441298 -0.090143 0.843688
0.106551 -0.277116 1.097335
-0.293581 -0.160076 1.562965
0.290644 -0.039113 0.016311
0.159481 0.340376 -0.875516
-0.487265 0.333630 0.496668
-0.463552 -0.188393 -3.090452
-0.432188 -0.271606 1.223154
0.348785 -0.350086 1.474797
0.319694 0.166715 0.375293
-0.423132 -0.447077 -0.468717
-0.380062 -0.310648 0.438098
-0.049496 -0.442371 -1.696022
0.082672 0.297114 1.512604
-0.232374 -0.101997 -2.940817
0.191633 0.018642 1.764708
-0.331897 -0.433293 -3.062471
0.116574 0.448086 -0.604143
0.042695 -0.305568 -2.540125
0.224971 0.056737 2.247680
0.211725 0.107341 2.825917
0.419870 -0.422976 -3.116416
0.377520 -0.152221 1.945722
0.165172 -0.149014 2.570276
-0.271552 -0.051697 1.322475
0.284426 -0.317382 -1.340774
0.247415 -0.095173 -0.680649
-0.249751 0.300947 1.068263
-0.390635 -0.159526 -2.309714
-0.457157 -0.377771 -0.972219
-0.297199 -0.439500 -1.961290
0.267731 -0.302290 -0.132073
-0.307615 0.042096 0.583841
0.020771 -0.151046 1.184239
-0.111332 0.163798 -0.313397
-0.069001 0.305861 0.139510
-0.271951 -0.297293 2.687548
-0.066100 0.227331 2.091611
0.242344 -0.297571 1.191976
-0.138396 0.226056 -0.700122
-0.217084 0.401721 -2.421759
0.401260 0.423353 -0.799567
-0.435739 -0.478663 0.694677
0.045237 0.255317 -1.461346
-0.407576 0.141751 -0.677909
0.090482 -0.283447 1.374521
-0.437556 -0.156791 -1.043298
0.464034 -0.396654 0.215683
-0.371335 0.121726 -0.212129
-0.345426 0.347667 1.625348
-0.264681 -0.424552 0.183568
0.404766 0.283951 1.539116
0.031748 0.237503 -1.346720
-0.176863 -0.087537 -0.770284
-0.215989 -0.011387 1.408415
-0.303023 0.394817 -1.841612
-0.377745 -0.003759 -0.073610
-0.004751 0.050185 1.190325
0.486669 0.308516 -0.665226
0.254745 -0.146338 -1.782360
-0.354072 -0.312963 -1.386174
0.497636 -0.471729 0.741055
-0.046320 0.014248 1.624772
-0.048585 -0.236806 2.970295
0.120888 0.177327 1.816112
0.132881 0.014192 -2.013039
0.387050 -0.074736 0.386142
0.369473 0.338893 2.597720
-0.463883 0.011567 2.074037
0.244804 0.481704 -2.986507
0.021200 0.015880 -0.057154
-0.248989 0.285068 0.493411
-0.002831 0.207428 -3.043169
-0.397804 -0.004567 -0.156489
0.477403 -0.402823 0.985075
0.319442 0.368410 -1.504547
-0.097226 -0.129429 -3.130652
-0.254880 -0.059377 -2.885814
-0.136639 0.248364 2.250077
0.021128 -0.035330 -0.111410
0.325204 0.262047 -2.236920
0.383946 0.497591 1.412303
-0.172779 0.328671 2.913666
-0.176095 0.457344 2.770941
0.372007 -0.469383 2.698349
-0.392655 0.473261 -0.647096
-0.288109 0.297814 0.057948
0.315839 -0.123633 -2.946767
-0.052898 0.177744 -1.603820
-0.051031 0.221345 -2.701375
-0.170748 0.050523 2.299921
-0.401266 0.441666 0.829303
0.168279 0.166212 1.351603
0.124327 0.465289 2.051249
-0.350668 0.189233 -2.561036
0.088148 0.294746 2.466003
-0.288392 -0.048390 -0.723439
-0.006403 -0.073176 -2.346188
0.230864 0.449428 -0.135927
-0.059592 -0.123223 -2.957466
-0.097434 0.494551 0.498982
0.189083 -0.022397 -2.989561
-0.130365 -0.485808 0.905444
-0.290891 0.199586 -1.233975
0.176452 -0.393821 -2.050604
-0.201011 -0.411542 -1.397399
0.277146 0.226139 0.921558
-0.443119 0.428350 1.614538
0.115258 0.198145 -1.242737
-0.216885 0.051646 -0.251394
-0.030908 -0.419986 0.347607
0.411276 0.248376 -1.122733
-0.021897 -0.037312 1.187571
-0.210910 -0.103131 2.976263
-0.115343 0.432416 2.244766
0.088298 0.194499 2.202691
0.400882 0.493111 -1.737168
-0.001080 0.434288 -1.730446
0.332098 0.280220 -2.544869
-0.203610 0.355253 -0.394495
-0.071421 0.399082 -1.002406
0.314781 -0.202415 1.088781
-0.135260 0.327162 2.045997
-0.161963 -0.385875 2.993919
0.304988 0.187621 0.355118
0.038196 -0.241199 0.322979
0.371163 -0.101235 -1.248418
-0.451552 0.307076 0.639095
0.155097 -0.223176 1.424302
0.341205 -0.236943 -0.046885
-0.269171 0.018919 1.658295
0.341333 0.447933 1.950060
-0.075227 0.495170 -1.393032
-0.445854 0.113393 -1.569448
-0.285302 -0.199241 -1.678554
-0.029203 -0.447354 2.120486
-0.483459 0.024051 2.261789
-0.014101 -0.347380 1.907267
-0.480603 0.304882 -2.759981
-0.336078 0.410033 1.291256
-0.417627 0.017552 2.202564
-0.472610 -0.380640 -0.062114
0.250914 0.313430 -0.381104
0.418581 -0.089968 2.289734
0.200956 -0.151620 -0.890834
0.144676 0.430756 1.124562
-0.071961 -0.113466 3.105579
0.372486 -0.264423 -0.417993
-0.399317 -0.245828 -2.590115
0.459088 0.386227 -2.129510
-0.270017 -0.275298 3.096686
0.075337 0.393364 0.431255
0.362474 0.437852 -1.865034
0.121789 0.139530 -0.688629
-0.071618 -0.021606 0.125138
0.464311 -0.237986 -3.076153
-0.014183 -0.198687 -1.803731
-0.070733 -0.128626 2.912081
0.382960 0.428363 0.682014
-0.030651 -0.207628 -3.070262
-0.013386 -0.154387 0.725726
-0.363058 -0.002966 -2.893234
0.409007 0.127184 -1.335898
-0.418145 0.376675 -3.016304
-0.194506 0.163116 -2.192512
-0.487975 -0.182774 -0.356277
0.390318 -0.178174 -1.172399
-0.091483 0.316771 1.263294
-0.108347 0.411121 -0.186590
-0.237215 -0.248881 -1.891639
-0.457440 0.274333 0.055254
-0.028669 0.403170 -1.537342
0.252109 -0.087939 -1.273612
-0.344978 0.456896 0.875107
0.135787 0.191387 -0.966528
0.201356 0.338008 2.301244
-0.243418 0.480416 1.688849
0.317203 0.195928 0.075691
-0.487840 0.204332 -2.576603
-0.055496 -0.096622 -0.690565
0.055658 0.143075 -0.178172
-0.338546 -0.369512 -1.671256
0.135497 0.090678 2.829660
-0.136602 0.217280 -0.212750
0.255373 -0.331446 2.211431
0.190755 -0.091422 0.205434
0.204420 -0.493176 1.053079
-0.071430 -0.107261 -1.535791
-0.293141 0.333833 -0.417116
0.072780 0.153357 -0.276630
-0.050005 -0.098030 -2.295383
0.031146 -0.121761 1.965605
-0.351400 -0.473003 -0.806647
-0.160082 -0.494253 0.342475
-0.413844 0.394500 -0.944986
-0.342507 0.037587 -2.017031
-0.132778 0.180354 -0.525087
0.309028 -0.282740 -1.826650
0.442988 0.251956 -2.138376
0.252110 0.232746 2.846728
0.171583 0.353152 1.766046
-0.003522 0.305183 1.202633
-0.318365 -0.160986 -2.227081
-0.308432 -0.034890 0.719356
-0.282113 0.170728 -0.416486
-0.353661 0.029371 2.452352
-0.231305 0.057171 -1.285530
-0.216386 -0.472836 1.596841
