0.427056 0.331190 0.060292
0.424700 -0.103865 0.017495
0.208484 -0.319330 -3.140838
0.140488 0.055389 1.213968
0.209280 0.035736 -2.737531
0.265033 -0.068215 -1.345907
-0.360158 0.124558 0.871862
-0.278749 0.441009 2.501564
0.351416 0.167682 1.293018
0.311619 0.389498 -0.688340
-0.422940 0.439668 1.138500
0.362989 -0.333563 -2.302318
-0.417826 0.354733 -2.544569
0.443155 0.479512 2.472359
-0.181992 -0.418809 0.634463
-0.435874 -0.086401 1.411634
0.456767 -0.344658 -1.010198
0.217312 -0.277596 -1.292089
0.226591 0.161146 -2.714149
-0.402485 0.338012 -0.445662
-0.173486 -0.397900 -0.846026
0.424869 -0.158998 0.152275
-0.201380 0.268427 0.691204
-0.355658 0.284959 -0.515326
0.463639 0.013536 0.728558
0.074618 -0.486450 -0.993629
0.033273 0.129869 0.462231
-0.404422 0.018463 -1.463818
0.163969 -0.230316 2.686767
0.047693 -0.068095 -0.578174
-0.407537 0.179031 1.966156
0.163762 0.475455 -0.228301
-0.091608 0.474978 -2.254355
-0.340597 0.402770 -0.597080
0.023914 0.253435 -3.010754
-0.197642 -0.046203 -0.845670
0.186366 0.213187 0.371628
-0.388969 -0.314045 2.626612
0.164917 -0.054800 2.150813
0.396929 0.087817 -2.055989
-0.126254 -0.267508 2.328477
-0.088777 0.234631 1.266483
0.411015 0.315974 -0.715574
-0.025635 -0.447881 0.661535
0.276892 0.004110 -3.110332
-0.013735 0.043895 -0.615910
0.322079 -0.145237 -1.016344
-0.238445 -0.353259 1.405720
-0.249917 -0.391204 0.423236
-0.294178 -0.263390 2.521273
0.249196 0.359965 2.144548
-0.432281 -0.493791 2.489279
-0.254461 -0.065159 2.980533
0.456566 -0.131052 -2.516237
-0.495893 0.098879 1.422727
0.425652 0.439040 1.237982
-0.291297 0.442709 -0.757024
0.466514 0.180878 1.751022
0.418030 -0.309712 2.691405
-0.123857 -0.090898 -3.063438
-0.234688 -0.125000 0.597647
0.345540 -0.226232 -1.866526
-0.447429 0.320294 -2.161690
0.097982 -0.405566 0.328024
-0.007941 -0.348070 2.252597
-0.472868 -0.096915 -1.385254
-0.391645 0.182336 -2.162944
-0.177483 0.444644 1.816912
0.373527 0.002950 -0.012985
0.470168 0.014849 -2.334240
-0.346630 -0.391486 -0.957493
0.050250 -0.201711 -2.955818
0.496421 0.040165 -1.353021
-0.021978 0.403015 -0.418891
0.064224 -0.431224 1.481647
0.481982 -0.157288 1.979184
0.282914 0.260622 -2.607186
-0.366226 -0.213730 1.627911
-0.329018 0.146707 -1.934463
0.006036 -0.183976 0.685019
0.320816 0.162789 0.846143
-0.118403 0.439933 -1.687465
0.111410 -0.014286 -0.622064
0.070794 0.060364 2.932382
-0.302816 0.035890 2.312967
-0.081186 0.235068 -1.592789
0.474349 0.357554 -2.170014
0.330475 0.442033 -0.967797
0.140870 -0.307664 1.258528
0.382473 0.277782 -2.363225
0.413947 0.051462 -1.464792
-0.024939 0.324332 -1.237762
0.458693 0.496267 -0.172659
0.410924 -0.234301 -2.926195
-0.321121 0.445606 2.788781
-0.495498 -0.370875 -1.958104
-0.390972 0.216129 -0.611781
0.469399 -0.106316 2.065204
-0.218111 -0.494073 -2.121498
0.127633 -0.362897 -0.897114
-0.366055 -0.424068 -0.393806
-0.134841 0.061967 0.270871
-0.387145 0.336139 1.269395
0.120540 -0.114674 -2.919500
0.369895 -0.436566 3.120818
-0.033601 0.429535 1.181434
0.037058 -0.120003 -1.136862
-0.447719 0.367575 1.144708
-0.385427 -0.092268 1.723995
-0.022817 -0.408667 -2.704194
-0.475225 -0.260749 1.013456
0.006365 -0.147152 -1.915194
0.483778 0.086931 -1.262979
-0.008790 0.136812 -0.830325
0.174206 0.183667 -2.710826
-0.277317 -0.104037 0.194662
0.073861 -0.385551 0.451420
-0.046047 -0.367053 -1.254984
-0.264956 -0.263330 -2.727502
0.412991 -0.280488 2.658549
0.342028 0.051927 -1.444413
-0.417112 -0.215012 -2.597004
0.017590 -0.088733 -2.009225
-0.312857 0.085609 -2.513808
-0.422852 0.063009 -0.324298
0.245162 -0.388574 2.799203
-0.317052 -0.028566 1.045545
0.074896 0.111781 0.466631
0.376499 0.388389 1.365848
0.018762 0.236991 -1.306366
0.260459 0.427239 -0.284692
0.104120 0.063680 1.083909
-0.043150 0.207296 -1.934893
0.202510 0.111198 -2.291235
0.399310 -0.470051 2.763838
-0.161204 -0.222493 -0.311216
0.102039 -0.322036 1.344408
0.094550 -0.093458 0.287120
-0.427290 -0.219507 0.637743
0.098448 -0.494615 2.699643
0.114177 -0.380966 -2.663665
-0.411187 -0.179143 0.828394
-0.399675 -0.444839 -2.652907
-0.076681 0.012829 -1.347183
0.052243 0.268971 2.638838
0.383156 -0.222947 2.611095
0.239544 -0.229834 -1.622491
-0.335305 -0.171992 -1.885434
0.150619 0.006628 0.043886
-0.464091 0.446768 0.119708
-0.202796 -0.475472 -2.477210
-0.373135 0.488528 -1.348344
-0.339268 0.453776 1.988456
-0.324149 0.225141 2.667159
-0.456083 -0.296746 2.738291
0.074261 0.054483 -2.371353
-0.139055 0.084009 0.482324
-0.370841 0.497781 0.464787
-0.003062 -0.090551 0.633865
0.152149 0.472432 1.423767
0.172267 -0.479368 -1.752055
0.305361 -0.414731 2.535300
0.026667 -0.135965 -0.641834
0.108324 0.025920 2.676776
0.083556 0.122740 -2.678143
-0.455917 0.162405 0.656432
-0.234721 0.239400 3.110771
0.154510 -0.095140 1.616446
-0.250562 0.001651 -2.856166
-0.096880 -0.212321 -0.963254
0.338676 -0.184346 -1.044651
0.063696 -0.383318 -2.960192
-0.016186 -0.099769 0.588506
-0.211747 -0.191447 -2.884408
-0.052886 -0.144986 -1.678880
-0.323886 0.319603 -3.122868
-0.297822 0.021531 2.418471
0.478063 -0.346130 -1.982839
0.097956 0.128526 -0.066348
0.471707 -0.353968 0.075680
0.355124 0.218150 2.407586
-0.302760 0.388351 -0.197313
0.211574 0.077407 1.810019
0.355290 0.495892 2.287154
-0.434871 -0.155131 2.784693
-0.150023 -0.273131 2.715671
0.070662 0.113942 2.513296
-0.114304 0.136406 -0.087593
0.195131 -0.237289 -2.772001
0.497050 0.075331 0.885099
0.133444 -0.194605 1.795014
0.271748 0.354447 0.365281
-0.173527 0.077061 -2.348182
0.208952 -0.467700 -1.529933
-0.082915 -0.052520 0.790135
-0.456953 0.233803 -2.502096
0.126669 0.235819 -1.062377
-0.445374 0.418349 -1.110201
0.080487 -0.305190 2.989576
-0.419522 0.047715 -2.796454
0.499812 -0.301260 -2.346942
-0.466273 0.466070 -1.964647
0.444613 -0.320301 2.055435
0.398027 -0.304506 -3.019216
0.493752 0.128837 1.588802
0.262256 0.172437 1.776161
0.153028 -0.411221 2.084674
0.133278 -0.165930 2.603381
0.165711 -0.047389 -2.425673
-0.439578 0.153103 -2.641241
-0.127496 0.411117 -0.184156
-0.366647 0.127311 2.315923
-0.060481 -0.291551 -2.385083
-0.353335 0.398010 -2.158705
0.090142 -0.342164 1.698294
0.246351 -0.347257 -1.205116
-0.294527 0.008247 1.237545
-0.375387 -0.225483 -2.122673
-0.236236 0.222934 1.378343
-0.045384 0.130762 -0.751140
-0.415105 -0.420875 -0.117173
-0.459587 0.452261 0.869890
-0.231478 0.047949 -3.040680
0.056303 0.236936 -1.607716
-0.376533 -0.036718 0.092887
0.254784 0.136316 -1.896521
-0.013044 -0.270879 1.604414
0.020322 -0.056576 -1.742578
-0.216022 -0.489796 -2.780165
-0.425616 -0.230249 2.591214
-0.026066 0.420140 -2.187059
-0.144531 0.420775 -1.429535
0.349627 0.293517 0.394298
0.351865 0.158426 -2.639913
0.433353 -0.381715 1.680585
-0.360217 -0.245702 1.929345
-0.281259 -0.072877 -0.652210
0.133463 0.024340 1.269057
0.481767 -0.129203 2.538158
0.047157 -0.119099 0.669471
-0.337529 0.385682 -2.989228
0.498988 0.166549 2.631626
0.461655 -0.487987 -1.462676
0.084544 0.412529 -0.124026
0.130735 0.042750 2.441166
0.428074 0.481174 -0.809823
-0.213971 0.291841 -1.256820
0.498735 0.280177 0.367384
0.138341 -0.077156 2.976525
-0.492360 -0.266804 1.687563
0.383140 -0.475926 -0.684936
0.443714 -0.198346 -1.638915
0.304798 0.087101 -1.114921
-0.073623 -0.099554 -1.192731
-0.197498 0.493949 -2.554314
-0.027399 0.424824 -0.707243
0.032461 0.427392 1.344119
0.258526 0.065829 0.847820
0.259319 -0.474476 -1.244955
0.147992 -0.339700 2.713558
-0.457578 0.352722 1.002897
0.205159 0.298847 2.036562
-0.348725 -0.099529 -1.890990
0.407487 0.324998 -1.519028
0.178471 -0.000749 -1.113270
0.095247 -0.455527 2.600996
0.357609 0.005025 1.623197
0.130044 0.175839 -1.174738
0.166062 -0.150554 -0.780942
-0.315945 0.299167 3.128706
0.067979 -0.364582 -2.923040
0.269246 0.450457 -1.262298
0.398111 0.104903 2.590503
0.398692 -0.000397 -0.119636
-0.289732 0.036147 2.265809
0.118494 0.093714 1.405477
-0.119480 -0.080340 -2.225643
-0.392411 0.251514 -0.530398
-0.418957 -0.088014 -1.970791
-0.036969 -0.127685 0.099118
0.132697 -0.369865 -2.213327
-0.057347 -0.473246 -2.305824
0.291390 0.039954 -1.823370
-0.094590 0.060356 0.813731
-0.471182 0.326798 -1.252850
-0.063317 0.450948 -2.301621
-0.040958 0.445435 -1.332458
0.026726 0.422791 1.772095
0.346963 -0.051287 -1.560536
-0.155807 -0.161574 -0.750328
0.200583 -0.438430 -2.905139
-0.453062 -0.286066 0.684299
-0.310104 -0.286424 -2.002822
0.231317 -0.422433 -3.102231
0.202523 -0.469667 -0.697512
0.254030 0.273684 0.611556
-0.304166 0.013335 2.123163
-0.456133 0.136468 1.963903
0.384065 0.136457 -0.374539
0.366002 0.276675 1.808085
-0.432772 0.446278 0.568006
-0.089627 0.146968 2.361563
0.373420 -0.258857 2.665882
-0.052427 -0.219396 2.722026
0.424355 0.166839 2.003996
-0.033003 -0.188469 1.146833
-0.125656 0.485592 -1.311282
0.312292 -0.150760 2.950494
-0.180101 0.332534 -2.104436
0.345375 0.272374 0.261048
-0.040527 0.209896 2.649815
0.212874 0.338603 -2.597388
-0.351616 -0.305486 2.652463
-0.393574 0.257381 2.618597
0.068985 -0.446064 2.949916
-0.341683 0.442795 -0.101513
-0.343830 -0.279314 -2.106451
0.316374 0.072874 -0.033897
0.140627 0.290025 -0.805183
-0.282793 0.491262 1.654983
-0.205654 0.103330 2.372884
-0.427614 0.364370 2.568676
0.378560 0.169044 0.449800
-0.454759 -0.037033 -2.491507
0.153721 0.215217 1.834314
-0.028129 -0.248913 -0.559243
-0.386319 -0.494981 -0.534966
0.306740 0.147911 2.802404
0.220909 0.131382 0.107631
0.030097 -0.285539 -0.236792
-0.158725 0.125550 -1.112216
-0.028208 0.485509 -1.126626
-0.459273 -0.465737 -1.987152
-0.268876 -0.356596 -2.342664
-0.480276 0.494869 0.838934
0.008067 0.160090 2.579685
0.341535 -0.219321 -1.964214
0.393121 0.279598 2.106443
-0.102658 0.248875 -0.795959
0.109627 0.005279 -1.393889
-0.482052 -0.137955 -1.173371
0.489992 0.084059 0.314183
-0.084754 -0.410922 0.672776
-0.108434 0.222010 -0.492821
-0.356844 0.027523 -0.259716
-0.100309 -0.225652 -2.612230
-0.257179 -0.303857 2.280285
0.268899 0.035418 1.946530
0.055922 0.103750 -1.267384
-0.030445 -0.297356 1.085445
-0.238110 0.201893 -1.696360
-0.468889 0.043001 -0.336245
-0.421023 0.443248 -1.431621
0.073657 -0.452412 2.779613
0.307015 0.085488 -0.266537
0.442888 -0.231648 3.083505
-0.251656 0.059970 -2.623154
-0.008445 0.272777 -2.785155
0.418544 -0.127076 0.775106
-0.434562 0.188968 0.780007
0.476701 0.464294 1.473479
0.319717 0.231068 -0.153037
-0.058592 -0.270619 0.698190
0.232513 -0.248624 0.711174
0.352022 -0.359662 2.622409
0.310989 0.313174 0.544430
-0.373817 0.101732 0.809021
0.160287 0.493993 -3.019053
-0.452880 -0.376872 1.587601
0.339240 0.428064 -0.445628
-0.095602 0.218925 -1.464410
-0.254947 0.410155 0.149795
0.441884 0.216358 -2.664139
0.319651 -0.498606 -1.902746
0.121243 -0.001637 0.202851
0.367193 0.330960 -1.127281
-0.201934 -0.305978 -0.224240
0.157076 -0.086861 -2.246807
0.426247 0.367370 0.553622
0.348565 0.024214 0.043080
0.192143 0.358471 3.136315
-0.342993 0.384067 2.204872
0.163600 -0.216750 0.316742
0.328238 -0.045664 -1.452440
0.491584 0.104427 -2.966539
-0.275029 0.219731 -2.384526
0.427699 0.332764 2.768570
0.234575 -0.344517 -0.916560
-0.180540 -0.332565 -3.131766
0.414271 -0.260008 1.808657
-0.411956 0.334883 1.565502
0.465200 0.080750 2.544790
0.051294 -0.396159 -1.534103
0.083317 -0.406748 1.802585
0.461890 -0.177888 -3.015512
0.156356 -0.383743 -1.056024
0.296845 0.394077 1.392213
0.347468 0.415776 -1.253724
0.055979 -0.394484 1.881464
-0.182572 0.312048 -0.263390
