-0.352674 -0.282854 -2.887322
-0.466682 -0.325856 1.155277
0.254425 -0.475740 3.095296
-0.210151 0.190746 -1.505781
0.388493 -0.170747 -1.950175
0.012641 -0.423303 -1.553657
-0.377196 0.222898 -1.548069
-0.191034 -0.217391 2.895812
0.171806 -0.058469 -1.316140
-0.272112 0.414084 1.789114
0.217676 0.025167 -1.406148
0.076297 0.039072 1.582077
-0.304179 0.191619 -1.953112
0.367276 -0.202944 -2.434423
-0.493193 -0.100460 -2.316535
-0.440270 -0.479655 -2.813732
0.445140 -0.111156 -1.818629
-0.194431 -0.067323 -2.039547
0.255432 0.111303 1.988847
-0.349706 -0.117077 1.766239
0.361105 -0.325215 0.229287
0.292605 -0.228381 -2.658023
-0.217061 0.068218 3.121013
-0.278327 0.177998 -0.607364
0.287637 -0.211376 -0.363132
0.452131 0.043098 1.063346
-0.093168 -0.333017 -1.075267
-0.230197 0.107561 0.123668
0.303570 0.047158 2.987953
-0.380699 -0.468658 2.755494
-0.119725 -0.320898 0.961500
0.290032 0.239833 -2.131234
-0.299985 0.379724 -3.044795
-0.228802 0.226580 -1.208777
0.235096 -0.063094 -1.621494
-0.179869 -0.072303 1.210395
-0.058983 0.390238 1.282144
0.114364 -0.183487 -2.495049
0.338640 0.069125 1.555185
0.443533 -0.251572 0.859790
-0.235811 -0.130659 -2.865246
0.393508 0.173200 -2.723823
-0.066318 -0.457611 1.634324
-0.099868 0.150208 -0.556717
-0.318527 0.019920 -2.832912
-0.178776 0.000361 2.150087
-0.289782 0.029638 -0.382241
-0.259222 -0.086162 -1.208062
-0.392103 -0.436968 0.184070
0.134382 -0.325908 2.056606
-0.166844 0.324489 2.874141
0.330854 -0.493732 2.086473
-0.460718 -0.421923 -2.230668
0.435388 -0.210817 -0.282655
-0.107312 0.138684 -2.216409
0.359567 -0.138993 1.946961
-0.109462 -0.450017 -1.308822
0.419468 0.280265 2.532191
-0.415197 -0.048853 2.612620
-0.309483 0.014380 1.280790
-0.428161 -0.336110 1.622204
0.253474 0.356889 1.110392
0.217785 -0.194780 0.536234
-0.067077 -0.474715 0.136844
0.224919 0.180969 1.326995
-0.118772 0.077003 -2.367535
-0.224048 -0.300957 2.455947
-0.008743 0.236635 2.372470
0.222914 0.165456 -0.935243
-0.243339 -0.410264 -2.137815
0.163215 -0.247857 1.510287
-0.487939 -0.356194 -1.871880
-0.171624 0.265562 0.089142
-0.465275 0.278079 1.290947
0.186131 0.082429 -1.502494
0.116983 0.335361 0.480041
-0.490923 0.193117 2.515239
-0.221305 -0.089619 0.078039
0.006695 -0.431008 -1.401688
-0.405753 -0.327602 -1.466093
-0.386652 -0.218147 -0.807706
-0.105421 -0.129794 0.498347
0.226916 0.422984 -0.205400
-0.203972 0.285038 2.535427
-0.177074 -0.254643 1.222639
-0.481576 0.176629 1.028392
0.428685 -0.032109 0.969031
-0.301225 -0.033466 2.410650
0.270671 0.322640 2.997364
-0.442936 0.059327 -3.023969
0.069317 -0.282245 2.951681
-0.076036 -0.066437 2.881785
-0.023493 -0.111428 -0.347709
-0.136173 0.041253 0.723790
-0.143552 0.114649 2.833863
0.267713 -0.455153 -2.055432
-0.137898 0.191034 2.657622
0.040704 -0.258824 2.845028
0.229189 -0.065360 2.059156
-0.328394 0.059145 -0.402013
-0.292611 -0.303610 1.819209
-0.199100 0.182957 2.765975
0.049526 0.081828 2.844993
-0.396477 -0.391184 -0.862446
0.006815 -0.441358 1.733121
-0.046856 0.194015 -2.784142
0.236829 -0.175993 -2.687776
-0.301337 0.060350 0.021674
-0.454002 0.243045 -2.606583
-0.263460 -0.354654 -2.401429
0.311130 -0.206555 0.558643
0.361808 -0.388576 -1.120127
-0.305991 -0.217977 -0.012191
-0.084622 0.487122 -0.174622
0.115725 0.085553 -0.329141
-0.368713 0.413342 -1.210692
-0.399218 0.017389 3.084606
-0.232569 0.265564 2.488098
-0.267165 -0.424243 2.963499
-0.093606 0.099501 -1.474254
-0.495421 -0.451348 -2.922278
0.314705 -0.157242 1.192145
0.061677 -0.451512 -1.512652
-0.237576 -0.186408 -0.843993
-0.153421 0.372465 -1.524876
0.408557 -0.295600 1.468868
0.200109 -0.068016 -2.757252
0.010506 -0.125052 -2.440283
0.414381 0.178802 -1.388595
0.498805 -0.179033 -0.161723
-0.251734 -0.318085 0.764690
0.365446 -0.072118 -2.496843
0.004862 -0.392727 0.317603
0.311354 -0.285566 1.261557
0.468203 -0.242475 -3.126125
0.107786 0.386399 0.308786
-0.337819 -0.358214 -2.367552
-0.426991 0.185913 0.970598
0.223882 -0.182387 2.738239
0.495687 -0.054241 -0.266346
0.236741 0.288616 -1.438028
0.052224 0.446543 -2.517750
-0.414826 -0.102926 -0.533792
0.347465 0.283567 1.003550
0.108337 -0.366577 2.591814
0.387558 -0.214440 -1.887580
-0.099631 -0.359154 -0.246584
0.474733 0.219797 2.654234
0.214213 0.220119 1.243538
-0.289161 -0.290446 1.224818
0.275165 -0.134262 0.183587
0.483414 0.004692 2.717405
0.481985 0.169093 -1.970910
0.297320 -0.393298 -0.175619
0.309354 -0.446241 1.432610
0.419334 -0.332404 3.023944
0.199071 0.065111 1.890075
0.065611 -0.192926 3.101874
0.187718 -0.072680 0.982629
-0.448234 0.273167 2.779337
-0.057500 0.220336 -1.295413
-0.184561 0.213343 -1.237961
-0.146687 -0.056255 2.731925
-0.005658 -0.390515 1.795766
-0.403868 0.378550 -0.798445
-0.142485 -0.073748 -0.447311
-0.181273 -0.289167 3.098672
-0.125159 0.123032 2.806232
0.144353 -0.109993 -0.796640
-0.351126 0.291953 -1.996884
-0.195330 0.076491 -1.836155
-0.276423 0.210963 1.864165
0.319430 0.322110 1.705096
0.177106 -0.484745 -2.779658
0.490040 0.264602 -1.499436
-0.365874 0.056573 -0.040404
0.429732 0.264269 -2.498508
0.026357 -0.212836 2.213608
-0.212492 0.072602 -0.837796
-0.315167 0.449591 1.980987
-0.289304 0.163082 1.563498
-0.249230 0.436184 2.078295
0.277901 0.405229 1.026212
0.495064 -0.494815 1.243091
-0.404887 -0.353469 2.658436
0.421032 -0.155416 -0.387790
-0.252177 -0.429880 2.134443
0.483595 -0.392760 0.293377
0.254504 0.120592 0.483209
0.285420 -0.051934 2.830202
-0.134878 0.304398 -1.470702
0.252882 -0.054824 -2.235720
-0.446018 -0.265026 1.276884
0.028703 -0.481678 -1.216820
-0.362624 -0.141115 -0.026201
0.030365 0.249860 -2.728270
0.237585 0.355926 -1.642465
-0.055308 -0.046502 1.283920
-0.345133 -0.290187 2.181682
-0.196905 -0.042446 2.652036
0.045717 -0.320013 2.989843
-0.191252 0.400188 0.463809
-0.487611 -0.398629 -2.089075
-0.103673 -0.027884 2.123447
0.187955 -0.395679 2.620243
0.042158 -0.123756 2.803853
-0.341288 -0.113425 -2.341729
0.385187 0.050715 2.853040
-0.221793 -0.315855 1.307130
0.369624 0.112576 0.430916
0.413091 -0.376530 0.160737
0.217582 0.131249 0.112069
-0.158759 0.054741 2.252799
0.138447 -0.129703 -0.119573
0.338508 -0.167253 0.903019
0.176639 0.043491 -1.590179
-0.281788 -0.087935 -2.925209
0.150661 -0.492407 -0.949256
0.442526 0.077368 2.488736
-0.100441 0.358475 3.036608
-0.349397 -0.312805 2.230899
-0.272898 -0.101800 -2.542139
-0.053634 -0.414644 2.446532
0.421355 -0.257314 1.099798
-0.077870 -0.088153 2.097457
0.099955 -0.374135 -1.567765
0.111318 -0.045869 1.074782
0.067180 0.210219 3.136990
-0.305869 -0.019474 1.751616
0.177637 -0.343667 3.115647
-0.122884 -0.409466 -1.897782
-0.462333 0.148100 1.577069
-0.028195 -0.105782 2.976650
0.150938 0.342598 1.343777
-0.403935 -0.462272 2.933588
-0.483259 0.441954 -3.138711
-0.360353 0.247462 -3.071555
0.293162 -0.270367 1.708132
-0.234160 -0.273709 -1.870155
0.293897 -0.498840 -2.571905
-0.153692 0.338172 0.617278
-0.242477 0.410147 0.281215
-0.172300 -0.293549 -2.683274
0.142744 0.044432 2.014163
0.097833 0.473867 -1.813895
-0.254637 -0.102372 -0.601370
-0.133695 0.449590 -1.208692
-0.237493 0.071361 -1.552870
-0.381985 -0.117679 3.099975
0.088279 -0.229866 -1.725462
0.404472 0.119439 2.147962
0.053842 -0.192573 0.869259
-0.183139 0.117566 -2.629093
0.430575 0.208158 2.328444
-0.014029 0.051437 0.392192
-0.358403 0.007689 2.168184
-0.096865 0.405137 -1.890092
-0.145388 -0.214633 1.765214
0.394092 -0.251142 1.479463
0.228894 0.329198 1.435756
-0.491116 -0.433161 1.565190
0.340728 0.205316 1.924278
0.065158 -0.035695 0.866503
-0.296924 0.214738 3.054058
0.238581 0.051921 -1.754244
-0.319558 -0.078863 1.232017
0.351309 -0.168497 0.962554
0.099565 0.160473 -0.929625
-0.483930 -0.412804 -0.970522
-0.451253 0.284445 0.540769
-0.215431 0.036691 1.488593
-0.212817 -0.120269 2.887666
0.419610 0.334753 1.073958
0.464145 0.465590 -1.302847
-0.316918 0.305179 1.685981
-0.294586 0.207290 1.409226
0.380587 -0.415418 0.749471
-0.386096 0.499187 1.805683
-0.065067 0.259166 1.718549
0.255880 -0.203254 -1.146724
-0.235931 0.317582 1.759870
0.062176 0.228167 0.862769
-0.369179 -0.065658 -1.566970
-0.422607 0.351181 2.638200
0.033063 0.104133 -1.228841
0.098174 0.313826 3.129268
-0.275752 -0.236391 2.366872
0.281556 0.327499 1.210966
-0.397948 -0.228937 0.251471
-0.033058 -0.366941 -2.146746
0.402839 0.340791 -2.832110
-0.219992 0.029666 -2.083205
-0.352650 0.462460 -2.890465
0.252278 0.189837 -0.330764
-0.298560 -0.332955 0.322389
-0.328251 0.400275 0.304583
-0.200538 -0.365858 -2.244756
-0.420987 -0.459779 -0.163643
0.461482 -0.022743 -0.566669
-0.150732 0.225789 1.082304
0.052218 0.169778 -0.420112
-0.024054 -0.060429 -2.257765
0.475295 -0.334018 1.556387
0.377650 -0.088257 2.808433
0.173390 0.419494 -0.028202
-0.274987 -0.226429 1.260887
-0.039447 0.295821 -1.838733
-0.200008 0.180168 -1.580263
0.252147 0.145528 0.463521
-0.171868 0.494025 -1.924281
0.130103 0.001429 -2.962447
-0.066296 0.281530 2.647700
0.042916 0.161952 2.574173
0.014454 -0.396481 -3.062556
0.318977 0.473681 -1.297608
-0.159322 -0.339941 -1.536776
0.036231 0.097222 -0.678691
0.170474 -0.286418 -2.007780
0.499138 0.004633 -0.851930
-0.131437 0.486402 -0.893721
0.232055 0.478756 -0.476113
0.009979 -0.331434 0.180451
-0.236662 0.239553 -2.695607
0.391890 0.043079 1.836725
-0.167321 0.363930 -2.288146
-0.478048 0.261738 0.945753
-0.361556 -0.368909 0.489945
-0.002068 -0.373480 -0.482748
-0.181695 0.400227 2.565467
-0.208477 -0.281685 2.970663
-0.439664 0.090094 -2.742691
-0.326414 0.206195 -1.435953
-0.476583 -0.097363 -0.046530
-0.499398 -0.174901 -2.154867
0.457641 0.481031 -0.236294
-0.001289 0.137559 0.785507
0.096389 -0.169634 -2.188476
-0.039524 0.149587 2.737982
-0.258633 -0.047699 0.282278
0.311720 -0.224370 -2.862685
0.254203 -0.336116 0.469179
0.423264 0.331438 1.207180
-0.289423 -0.323597 -1.422713
-0.254611 0.191678 1.861388
0.191320 0.201648 -1.680364
0.161039 0.212533 -1.322748
0.086892 -0.197443 -0.863333
0.469549 -0.059915 -1.791206
0.053560 -0.286370 1.098159
-0.089384 -0.253085 -0.260670
0.144877 0.423553 0.008005
0.080665 -0.257153 3.026641
-0.077593 -0.498512 -2.371234
-0.290295 -0.489736 0.243759
0.288015 0.464025 -0.384135
-0.296996 0.205644 0.944089
-0.172950 0.040956 3.086467
-0.161993 0.105873 -1.494717
0.386666 -0.121423 -0.002892
-0.452107 0.216465 0.126763
-0.256518 0.201654 2.921315
-0.399685 -0.170104 2.268234
-0.281385 0.470511 1.632535
-0.462440 0.379868 0.376153
-0.022116 0.043629 2.978964
-0.220277 0.268827 -0.230266
0.039607 0.274333 1.339831
0.086278 0.239266 -2.717126
-0.368658 0.329447 3.028947
0.301433 0.439089 3.000423
-0.192873 0.048664 1.793719
0.258336 -0.379118 1.820666
-0.101346 0.146172 -2.102154
-0.083602 -0.467003 1.040754
0.180184 0.292853 -1.474533
-0.371685 0.169536 -0.698010
0.409537 -0.491121 -2.993783
0.458546 0.039230 -2.303982
0.242894 -0.332387 0.818560
0.150384 -0.362327 0.237790
-0.493406 0.323935 -0.816878
-0.067412 -0.026549 2.934293
0.165089 -0.099253 2.051045
-0.108601 -0.034696 -0.601019
-0.400701 -0.213214 2.088835
-0.333771 -0.432266 -0.010566
-0.211362 0.422154 1.634028
-0.344641 0.177723 -1.523477
0.246416 0.291183 0.361607
0.353254 -0.280042 -0.024728
0.468064 0.110017 0.990339
0.065319 0.193090 0.392411
0.247993 0.307565 -2.144457
0.130496 0.150290 -1.818860
-0.272962 -0.354756 -0.770990
-0.256106 0.030781 1.395754
-0.401238 -0.005323 -1.190961
-0.405289 0.141295 0.995723
-0.304137 -0.268642 -1.086078
-0.292718 -0.379776 -2.428885
