-0.134334 0.022998 -0.460904
0.300465 0.456715 -6.034500
-0.385604 0.022859 2.272288
0.489651 -0.392412 4.202622
-0.190397 0.406275 3.912514
0.112258 -0.442917 4.420338
0.268501 -0.153109 5.740922
0.318030 0.186333 -2.336762
-0.268671 -0.345511 -5.635969
0.200305 0.362852 5.194338
0.470544 0.476505 6.101642
-0.094953 0.160436 -5.734824
-0.452826 0.491762 -5.886296
-0.358686 0.456738 4.072869
0.280775 0.085004 3.305964
0.355325 -0.378235 4.994158
0.481085 0.241363 8.230945
-0.128140 0.119874 -4.844049
-0.018868 0.141330 -1.785933
-0.060116 0.165855 -5.526704
0.177003 -0.448949 -5.674887
-0.352661 -0.051627 -3.407775
-0.040611 -0.380627 -5.668384
0.333998 0.442915 -4.675333
-0.149616 -0.120469 5.353013
-0.359824 0.332959 -4.012914
-0.318815 -0.351506 -5.783347
-0.197995 -0.178072 1.620550
0.198948 0.186876 4.773408
0.393168 -0.093860 -6.053299
-0.045974 0.203331 -3.223581
-0.165598 -0.049506 6.093308
0.096811 -0.437043 -3.758235
0.386625 -0.477175 1.498088
0.480761 0.378765 8.718942
-0.410206 -0.316416 3.634169
-0.443739 -0.271858 2.872948
0.105824 0.039208 -5.792167
0.256765 -0.323008 3.743438
-0.339188 0.473432 3.999992
-0.019787 0.280634 -2.773102
0.247682 -0.195511 3.287638
-0.223920 -0.192691 -4.927979
-0.129157 -0.410365 -1.895604
0.272874 -0.460308 -2.526523
-0.360164 0.177400 -5.989797
-0.392630 0.115459 -5.752897
0.452857 0.125916 -2.966970
0.485090 -0.111273 -4.920946
0.267242 0.231703 4.420295
0.328362 0.273916 3.441538
0.336612 -0.082006 -5.053455
-0.160660 0.151861 -4.355352
-0.156448 -0.176346 5.146025
-0.211346 -0.171092 4.418477
-0.097238 -0.199503 -5.991784
0.212040 0.129166 2.009727
-0.098248 0.160557 -5.648296
0.112232 0.065708 0.797315
0.027601 -0.052075 5.122396
-0.117914 0.133637 5.132284
0.468454 0.085190 3.367914
0.443268 -0.437106 -1.911167
-0.046326 -0.079082 -5.600236
-0.055685 -0.466182 -3.801675
-0.420394 -0.316073 3.597203
0.408195 -0.154415 1.646567
0.365159 -0.022848 2.394225
-0.165280 -0.067299 5.377560
0.490401 0.046212 5.119515
0.229942 0.359523 -4.360540
0.259075 0.284670 5.273731
0.217746 0.194855 1.476214
0.378961 0.069026 -5.951306
0.176669 0.450455 1.315874
0.267877 -0.051254 5.036359
0.283271 0.117310 2.385265
-0.059116 0.337466 -2.489462
0.301950 -0.475433 3.631539
0.401562 -0.279862 2.749509
0.272355 -0.126223 3.818045
-0.385149 0.375329 4.811379
0.015690 0.177662 -3.537483
0.145253 -0.404878 -1.738413
-0.434991 -0.377994 -6.172970
-0.207206 0.390422 2.592820
-0.260388 -0.421580 -2.446865
-0.054457 -0.466398 -5.414490
0.429407 0.145407 -3.100876
0.258181 -0.153633 5.201246
0.492986 -0.384049 0.259739
-0.262878 0.179270 5.622781
-0.232826 -0.230288 -4.946693
-0.156524 -0.367370 -4.472475
0.457378 -0.439874 5.325468
0.314208 0.321576 5.148171
0.489060 -0.312895 2.170374
0.383643 -0.097722 2.107072
0.374775 -0.485493 12.372182
0.480398 -0.407703 5.333993
-0.170907 0.020202 5.439524
0.419497 -0.459099 5.121428
0.195608 -0.487658 1.201096
-0.016281 0.083173 1.868532
0.464710 0.260780 -3.548885
0.305283 0.131955 3.243039
-0.356880 -0.347376 -3.850880
-0.312889 -0.319145 -4.721187
-0.242922 0.108775 3.749539
0.400362 0.286924 -5.659261
-0.243130 -0.371588 -4.730188
0.025174 -0.021529 -5.947748
-0.066376 0.299749 -4.377120
0.310076 0.465217 5.117359
0.209346 -0.260406 5.042830
-0.349017 0.324327 -4.759981
0.359510 0.202405 4.385306
-0.403761 0.024544 3.129787
0.473047 0.413214 4.023213
-0.433659 0.308250 -4.476759
0.375660 0.457518 -2.555639
0.431800 -0.307666 6.282841
-0.197657 0.167895 -5.234119
-0.153937 -0.383522 -5.968728
0.169799 -0.126448 4.231655
0.299557 0.435914 -5.373798
0.358281 0.229689 5.693853
0.114986 -0.371765 4.128457
0.342760 -0.173371 3.109094
0.280756 -0.005620 -0.823858
0.402831 0.311071 5.815781
0.172939 0.431109 -5.616706
0.128555 -0.000330 0.305121
0.129496 0.038867 4.458181
0.219114 -0.380825 3.665004
0.052306 0.307938 -1.232716
-0.282422 0.190073 -5.661128
0.013137 0.345706 6.279423
0.192851 -0.430156 5.074332
0.108292 -0.052923 -4.184049
0.409066 0.001518 4.038600
0.171310 -0.291822 3.297906
0.389448 -0.387470 -2.207395
0.117327 0.316282 -4.938296
0.378533 -0.439327 -5.463710
0.471043 0.382710 4.572334
0.273812 -0.128749 -5.138923
0.437773 -0.453696 4.624942
-0.254209 -0.483385 -1.777269
0.205359 0.095160 1.375548
0.206612 -0.102736 -3.392398
0.162443 -0.246318 2.478661
-0.437920 0.092862 4.760715
0.008324 0.497651 -2.303164
-0.170680 -0.092146 -2.875461
-0.458437 0.130504 2.102129
-0.259363 0.409697 5.242698
0.268485 0.285409 5.694097
0.448886 -0.405973 4.752497
0.341058 -0.220960 5.772585
-0.271129 -0.480588 10.155477
-0.084151 -0.069377 5.832912
-0.026101 -0.294409 4.969936
-0.149013 0.125556 -4.532399
0.242509 -0.086884 -2.801011
0.449159 -0.185308 -4.431005
0.157135 0.027846 5.576327
0.071460 -0.166708 5.213886
0.309103 -0.419949 1.929352
0.281624 -0.299718 5.799480
0.047159 -0.236436 4.446689
-0.367994 0.378529 -2.804961
0.312876 -0.056220 -5.192643
-0.356089 -0.205229 -4.367999
0.448978 0.449340 -2.867890
0.115833 -0.408560 4.865044
0.402714 0.167981 -2.923044
0.264035 0.073885 1.664496
-0.033609 0.498399 7.762501
0.330843 -0.193599 -5.782197
-0.011436 0.149157 -0.783651
0.130708 -0.134503 -5.342558
-0.225445 0.467749 3.295774
-0.307792 -0.409762 -3.221407
0.490465 0.463651 -0.008202
-0.422705 0.078524 5.185229
-0.295550 -0.425198 -3.140832
-0.384344 -0.183384 4.059037
0.474697 -0.131175 3.022956
-0.079438 0.081549 4.864306
-0.262307 -0.129693 -4.534811
0.377450 -0.482616 5.591091
-0.309880 0.051799 -5.155990
0.032712 0.307217 -5.667114
0.068610 0.350619 -1.463150
0.396148 -0.085977 -4.816301
-0.075919 -0.056522 2.729382
0.414729 -0.316407 3.858302
0.453114 0.332146 3.613460
0.319142 0.452671 -0.714303
0.325740 -0.328029 1.661591
-0.347655 0.068078 -2.737384
0.060044 -0.440497 -4.702250
0.122616 0.224351 2.532081
0.430820 0.371519 -4.657955
-0.367852 -0.351474 -5.190884
-0.246950 -0.025438 5.588539
0.432098 0.069319 5.299560
0.076336 0.164187 3.439020
0.397774 -0.026616 3.669591
0.128863 -0.134410 4.377890
0.092450 -0.395906 3.306214
0.312633 0.369318 4.219624
-0.215037 -0.448684 -1.094336
-0.234686 -0.216906 -5.664413
0.434866 0.196325 -5.636073
0.274083 0.460459 -5.121190
0.181912 0.197773 2.390504
0.273052 0.057763 4.902943
0.039610 -0.139831 0.793036
0.156026 0.088867 4.617309
-0.094405 -0.194106 4.629324
0.342463 0.369301 5.467372
0.405977 0.013945 4.495665
-0.109177 0.267694 -3.056496
0.206627 -0.214254 0.157650
0.277704 -0.143020 1.539668
0.400680 0.399962 -0.662038
0.215122 -0.423866 2.484422
0.384308 -0.080565 -2.321272
0.425130 -0.323889 3.266977
0.216029 -0.133791 3.965399
0.009847 -0.082897 2.046541
-0.480746 -0.394500 -3.526820
0.217960 -0.041804 -4.780327
-0.153050 -0.082811 2.740448
0.074118 -0.056616 -2.276644
-0.098190 -0.022990 -5.105846
0.204558 -0.243155 3.422057
0.075966 -0.351069 -0.885873
-0.230606 0.410081 4.646740
0.310771 -0.314103 2.938881
0.452001 -0.418115 5.660882
0.083065 0.044801 -5.815233
-0.253899 -0.138638 4.884287
0.337137 -0.467805 4.843373
-0.452649 -0.245566 -5.213730
-0.258536 -0.396185 -3.157418
0.323644 -0.444403 -4.183123
0.300547 0.364122 5.663049
0.303163 0.393348 4.165984
0.402395 0.172999 -5.541568
-0.203523 0.167686 -2.091200
-0.318983 0.294426 4.865763
0.173837 -0.328278 -6.244103
0.479583 0.163560 -4.691638
-0.385453 0.017951 -1.414468
0.212178 0.087821 3.972644
-0.010911 0.073640 -4.433623
0.288954 -0.043921 -6.192678
0.334721 0.221074 -5.139894
-0.376613 -0.271067 -1.496110
0.202352 -0.304631 5.008065
0.359294 0.202580 -3.875631
0.405316 0.473538 -5.898774
-0.209761 -0.395374 -5.159294
-0.024150 0.400365 -2.235931
0.309945 0.424094 -4.319981
0.262277 0.237582 3.974747
0.423453 -0.106767 0.886917
-0.125382 0.297460 4.194605
0.389844 -0.477242 4.404224
0.414242 -0.448988 3.782138
0.299936 0.438594 -5.872514
0.190579 0.476176 6.155452
-0.005034 0.200498 -0.448757
-0.327549 -0.278556 -5.182130
0.349514 0.037445 -4.283967
-0.031549 -0.386816 4.035351
0.338978 0.227041 1.413345
-0.104885 0.141535 -1.092692
-0.204721 0.374277 3.351397
0.452251 -0.118656 -5.286654
-0.262097 0.092215 5.205275
0.409334 0.172898 -3.236587
-0.099521 0.012027 5.759364
0.057900 0.204185 -2.619212
-0.363941 -0.228516 -5.961802
-0.118305 -0.451970 5.039943
-0.003368 -0.268957 -4.783023
-0.296167 -0.498826 10.188827
0.343072 -0.304799 3.114160
0.430636 0.210281 -3.399777
0.258298 -0.104429 -5.391669
0.487650 0.430268 -0.437506
-0.433575 -0.210632 1.556567
-0.411592 0.034118 -4.056476
0.325556 -0.002260 -4.401638
-0.241579 -0.288831 -4.762886
0.218612 0.441539 4.285276
-0.435783 0.412579 4.906328
0.199527 -0.005130 2.097966
0.186401 0.392625 -6.208622
0.170896 -0.407137 6.282124
0.151392 0.232312 6.028396
0.496097 0.310893 -1.716644
0.439221 -0.123700 5.431413
0.174101 -0.184508 4.291616
0.344518 0.024576 2.991231
0.139965 0.310732 -0.327961
0.436759 0.068424 -5.903512
0.246844 0.390603 -3.960775
0.399107 -0.419409 -3.242638
-0.462215 0.266366 -6.189847
-0.328755 -0.193387 -5.779605
0.077927 0.416548 -4.763984
-0.240665 0.402571 6.211027
0.211278 -0.045713 4.650466
-0.464283 -0.045047 -4.978235
0.102397 -0.334069 -4.089525
-0.059020 -0.022473 -4.530754
-0.229330 -0.060646 5.056818
-0.355733 0.094169 -2.747512
0.248620 -0.246099 2.443605
0.413126 0.177530 4.962288
0.344455 -0.072450 -3.451828
0.276449 -0.252317 3.493184
0.339267 -0.467961 -3.109677
-0.246565 -0.232532 5.880945
0.398688 -0.434114 4.831438
0.443037 -0.408188 4.513887
0.332788 -0.457870 5.129575
0.413805 0.018497 4.960730
-0.304126 -0.190980 5.674273
-0.424730 -0.481169 1.915278
-0.244656 0.248317 5.523144
-0.151492 -0.003388 6.001923
-0.300359 -0.283507 -3.271394
-0.465057 0.466865 3.395324
0.453571 -0.235769 3.358262
-0.442082 -0.431625 0.156905
-0.059528 0.268802 -0.047958
0.101578 0.183033 -4.810004
-0.304759 -0.401831 -4.915646
-0.034423 0.076545 -5.719632
-0.035398 0.001956 -0.153901
0.003559 -0.163771 4.279618
-0.362055 0.439629 -3.105749
0.177774 0.057858 1.992525
-0.058699 0.354901 -5.933046
-0.306362 0.010275 -3.787808
0.442717 0.404651 -0.208314
-0.426016 0.080803 -2.449303
0.211409 0.136327 1.950129
0.442777 0.436414 -3.561796
0.260089 -0.283544 -5.087557
0.464960 0.214328 -3.918253
0.059804 0.275288 -6.150196
-0.235649 -0.018022 -2.100638
0.393176 -0.051837 4.679679
-0.028675 0.098083 -4.765508
0.026624 0.372042 -4.749169
0.496040 -0.174641 0.010553
0.256472 0.380119 -2.903300
0.425734 -0.208545 5.195991
-0.462281 -0.100321 6.170472
0.196823 0.430116 6.072123
-0.247251 0.085693 5.325488
0.215757 -0.393043 5.008820
-0.094040 -0.298449 -1.909296
-0.433775 0.155420 -5.680174
-0.451615 0.424763 -3.393105
-0.004465 -0.479711 -4.832974
0.470068 0.153080 4.280131
0.353780 -0.046739 4.888311
0.156248 -0.218369 -5.599750
0.155172 -0.066912 5.928708
-0.047779 -0.057825 4.047346
-0.283726 -0.351694 -1.641648
-0.202448 0.490131 10.365023
0.460375 0.451198 -4.497968
0.369532 0.225611 -2.672182
-0.257986 -0.322524 6.162529
-0.361278 -0.432885 -4.115639
-0.259343 -0.369423 -3.872519
-0.021582 -0.433524 -2.629093
0.249389 0.424753 5.737486
0.291979 0.460812 2.924971
0.407239 0.369319 2.588103
-0.305181 -0.455926 -5.094968
0.478275 0.203910 -1.676709
-0.404558 -0.282123 -1.287506
-0.251568 0.202277 4.655990
-0.291593 0.281869 -3.173036
0.257856 -0.378798 -4.996535
0.149515 -0.132497 4.889840
0.334417 0.493193 10.191951
0.289292 0.176794 3.606236
0.459641 0.118982 4.937911
0.122777 -0.015403 3.012020
