-0.124116 -0.175632 1.953949
-0.038332 -0.472294 -0.806229
-0.444893 0.116510 2.638832
-0.491450 0.427403 -4.516395
-0.482259 0.439481 -6.149728
-0.392925 0.436792 3.985550
-0.395947 -0.078836 4.035339
-0.292589 -0.300619 5.407582
-0.145002 0.342322 4.116250
-0.273725 0.187507 -5.881996
-0.494820 0.303405 -3.382404
0.358785 0.100941 -2.584363
-0.378271 0.344427 3.972414
-0.410013 0.165019 3.840064
-0.406209 0.121260 3.793947
-0.464164 0.235008 5.897724
-0.255624 -0.079328 2.337975
-0.499435 -0.264136 -0.268468
-0.497109 -0.269483 0.146085
-0.462961 0.463625 -4.673852
-0.445571 0.342829 5.500343
-0.423506 -0.119343 3.495770
-0.348195 -0.253048 4.036206
-0.329470 -0.276557 5.462199
-0.441906 0.208380 6.125401
-0.386810 0.132581 4.646425
-0.153950 0.347178 2.656736
-0.376947 -0.261997 4.444471
-0.433409 0.370693 4.189782
-0.497068 0.470733 6.218631
-0.491544 0.497980 5.641503
0.280507 0.497218 -3.054717
-0.464672 0.216094 4.442481
-0.344355 -0.267683 -1.049980
-0.499523 0.218449 4.900256
-0.219281 0.173175 -5.236789
0.382384 0.253695 -0.478294
0.009053 0.022582 5.781940
-0.435773 0.435178 -5.904800
-0.256629 -0.303493 -5.776265
-0.363017 0.432096 -5.487645
-0.361037 0.095998 5.517543
-0.374474 0.370978 3.848149
-0.465250 -0.468441 1.778617
-0.497316 0.335989 -2.764777
-0.398968 0.369070 -5.424380
-0.426971 0.116476 4.586408
-0.200257 0.325427 2.477164
-0.488502 0.336807 4.130351
-0.346711 0.381488 3.823559
-0.414175 0.208475 5.492399
-0.474739 -0.472270 -1.789278
-0.421549 0.220168 -6.149344
-0.463456 0.452054 6.227618
-0.445761 -0.130178 5.145645
-0.398488 0.381908 3.312689
-0.276364 -0.024820 2.531809
-0.460648 0.321788 -6.165117
-0.453063 -0.477822 1.978213
-0.486829 0.399774 -2.061784
-0.106911 0.130374 3.926261
-0.414184 0.223252 -5.827860
-0.244548 0.159034 -6.045946
-0.368584 0.173954 4.642955
-0.274207 -0.141371 2.482261
-0.408196 -0.344566 -3.500254
-0.417431 -0.281653 -2.713741
0.393213 0.357619 -0.878682
-0.312094 -0.021545 -5.252904
0.255011 -0.494030 0.783087
0.249282 -0.164247 0.298061
-0.458062 0.134594 4.954570
-0.408357 0.329863 4.993038
-0.454461 0.206625 6.012398
-0.446157 0.187678 -6.052952
-0.475514 0.496034 5.612876
-0.390684 0.368626 4.372045
-0.202385 -0.263679 1.632035
-0.446275 0.149459 1.671519
-0.417533 -0.220953 3.897435
-0.479702 -0.220346 0.387700
-0.375089 0.141922 4.957875
-0.449945 0.206570 -4.550123
-0.390325 -0.168538 -4.999964
0.442928 0.038588 -3.357681
-0.407531 0.014453 3.620176
-0.403095 -0.493719 -6.019287
-0.425219 0.447688 5.672783
-0.454507 -0.144833 1.746265
-0.301663 0.033645 -2.850655
0.144041 -0.104170 -5.921091
-0.143983 -0.475310 3.047359
0.095381 0.189304 4.225482
-0.245725 -0.311278 4.930699
-0.408416 -0.130664 -0.738594
-0.487076 0.258979 4.763811
-0.384791 0.419450 4.307213
-0.479838 0.102392 -5.207329
-0.266280 0.191551 -2.674363
-0.474309 -0.159991 2.052789
0.340113 0.183586 -2.683481
-0.454041 0.187996 -6.210960
-0.404550 -0.401567 -3.007371
-0.201389 0.320776 2.575934
-0.229465 0.379630 5.133878
-0.411877 0.353806 -5.054685
0.314304 -0.297426 -3.505559
-0.457797 0.350457 1.537037
-0.162590 0.358339 2.624799
-0.476796 0.456246 8.282231
-0.463041 -0.054426 -2.371518
0.074759 0.302525 4.006945
0.015712 0.447101 -1.577733
0.325825 -0.002546 4.248240
0.435668 0.001286 0.886334
-0.492575 0.486019 -2.776561
-0.090470 0.108154 3.387432
-0.320318 0.243221 -4.632589
-0.310500 -0.064100 5.156420
-0.394024 -0.408077 -3.255211
-0.381423 0.397207 3.685257
-0.380932 0.338269 3.823004
-0.050245 -0.130398 0.791272
-0.488831 0.479327 -4.886394
0.136402 0.414880 5.832236
-0.269789 0.177704 -2.616664
-0.448313 0.184783 -6.220006
-0.081653 0.319166 4.285323
0.106828 0.003716 -0.058306
-0.220831 0.436847 -2.396299
-0.406918 0.258421 4.707853
0.409009 0.339742 -1.770608
0.239881 0.325286 4.525625
-0.277894 0.285860 4.526165
-0.465440 0.302333 5.406970
0.051855 -0.448553 5.824158
-0.131286 -0.363494 2.949376
-0.423643 0.124767 3.572303
0.337469 0.182384 3.162714
-0.461056 0.369586 1.537250
-0.444293 -0.433470 -4.686793
-0.383754 0.055326 4.192812
-0.466735 -0.053837 -2.672172
-0.265277 -0.486627 5.497891
0.049498 -0.053309 3.347408
-0.335882 0.461749 3.031340
-0.304948 -0.249982 5.277471
-0.433905 0.455274 4.712878
-0.265651 0.237160 -4.720368
-0.479758 -0.479112 7.338890
-0.290520 0.225776 -5.475885
-0.424434 0.374023 2.911670
-0.029661 0.222012 3.869411
-0.418116 0.409995 4.522454
-0.433523 0.134769 3.730331
-0.246394 0.194858 -0.961175
-0.432666 -0.105148 3.508829
-0.381798 0.064867 4.116858
-0.105128 0.113381 3.455079
-0.366564 0.353414 3.943206
0.308257 0.216004 -2.469180
-0.258038 -0.047574 -5.076642
-0.412201 -0.215663 5.104213
-0.488705 0.290893 5.010573
-0.498173 0.172586 -3.222735
-0.483506 0.221293 -5.057742
-0.090054 -0.148308 -5.269902
-0.388606 0.354900 4.080682
-0.436628 -0.442105 -6.093201
0.195400 -0.079422 -5.678966
-0.448687 0.478660 -5.919135
-0.476035 0.295220 4.331709
-0.401966 0.159767 5.202442
0.227426 -0.400620 2.553715
-0.396695 0.389180 4.166435
-0.448286 0.338888 -5.649228
-0.255328 0.493938 3.778405
-0.366945 -0.307279 -5.949686
-0.498363 0.274731 5.377616
-0.434050 0.194472 -3.320899
-0.469170 0.322294 6.065919
-0.390382 0.169924 -5.800740
0.029847 -0.001870 3.763978
-0.421297 0.119062 2.827183
-0.472125 0.348533 3.068107
0.365484 -0.301303 1.579998
0.329616 0.042889 1.256434
-0.253987 -0.268760 4.268711
-0.462084 -0.197574 2.013155
0.403412 0.097360 0.504972
-0.470152 0.216498 5.335334
-0.257659 0.380623 5.291315
-0.208868 0.434687 -2.234716
-0.416635 -0.461919 -4.345716
-0.431457 -0.018597 -5.432996
-0.218041 -0.452133 -0.980159
-0.484834 0.244654 5.439316
-0.480781 0.456633 9.150572
-0.277340 -0.353086 4.338759
-0.487676 0.393102 -5.387302
-0.129950 0.103615 3.350955
-0.321801 0.483884 2.793117
-0.335141 0.420821 3.401042
-0.282944 -0.302641 6.245851
-0.447086 0.196001 5.410260
-0.463696 -0.204722 2.223174
0.412878 0.369675 -0.879561
-0.366218 0.158973 -4.574557
-0.455489 0.340361 2.897229
-0.361406 0.184048 3.560665
-0.498824 0.194626 5.029289
-0.007046 0.018390 -5.841599
-0.025351 0.405951 -2.849560
-0.475275 0.304676 5.030488
-0.410461 -0.387100 -3.072904
-0.261921 0.166827 -0.584159
-0.441780 0.274136 5.847017
-0.191858 0.279485 1.850485
-0.028303 0.221773 -5.372415
-0.013374 0.052698 3.788901
-0.278344 -0.266232 5.184103
-0.459847 0.154082 -4.411010
0.198852 -0.347761 -4.093879
-0.425095 0.498839 -5.494414
-0.442332 0.098433 2.859956
-0.495429 0.413832 6.246371
-0.395542 0.363087 5.138132
-0.398429 -0.108188 5.093689
-0.485482 0.391218 5.810429
-0.163332 -0.300376 2.694737
-0.420175 -0.490218 -4.948752
-0.459178 0.406338 -6.204308
-0.490257 -0.316887 3.659243
-0.410083 0.306691 1.362450
-0.497261 0.495082 5.916589
-0.420570 -0.095055 4.225858
-0.125885 0.139755 3.748296
-0.487999 -0.092549 -0.330571
-0.103034 0.377231 5.294999
-0.441575 0.199155 2.744129
-0.496658 0.409113 1.472342
-0.044992 -0.176605 1.291028
0.302350 -0.327463 -3.339659
-0.418375 0.387342 3.092121
-0.474764 0.386145 -4.754190
-0.416319 -0.187278 2.107064
-0.428479 0.304601 2.927900
0.097026 -0.360990 5.289805
0.050509 0.017735 5.760136
-0.485436 0.259810 5.713686
-0.131484 0.291780 2.682629
-0.488008 0.143464 2.355265
-0.226486 0.326598 -6.013547
-0.463072 0.185041 -5.584276
-0.400255 0.186427 4.311014
0.119597 -0.300212 -6.257660
-0.034738 -0.149526 0.853002
-0.402852 -0.286438 4.993122
-0.429096 0.455255 5.603118
-0.272383 0.085856 -1.772967
-0.457870 -0.161797 5.697934
-0.420711 0.340014 1.838215
-0.474213 0.420917 -4.271128
-0.491173 0.373036 -5.548341
-0.462589 -0.226240 2.323444
-0.441568 0.143515 4.045836
-0.193534 0.081973 -1.401219
-0.376647 0.341419 4.015859
-0.487571 -0.258274 3.083874
-0.376263 0.168741 4.373697
0.177393 -0.138201 4.077900
-0.460211 0.314181 -5.220663
-0.496656 0.464585 8.907449
-0.454397 0.083831 2.738748
-0.414240 0.367925 3.869981
-0.293090 0.227191 -4.144533
-0.454291 0.315949 1.328859
0.077427 -0.186137 2.248110
-0.488169 0.257842 5.732229
-0.140355 -0.233089 -5.210714
-0.482254 0.338853 -2.692923
-0.487238 0.470066 5.666645
0.199838 0.247165 0.538902
0.368845 0.248828 -3.694858
0.268968 0.194475 -1.145357
0.307660 -0.365338 -3.061419
-0.361743 -0.368319 -2.184443
-0.443870 0.199448 -5.763919
0.317033 0.340784 -1.450442
-0.375742 0.424567 3.358764
-0.391775 -0.266093 3.536678
-0.321587 -0.117144 4.323888
0.416336 0.485697 -2.964434
-0.387038 0.349334 4.041739
-0.051363 0.114323 3.566916
-0.472300 0.194032 -4.902089
-0.498514 0.256144 -2.445747
-0.020091 0.423225 4.175482
0.161439 0.265971 4.182356
0.386526 0.397209 5.717301
-0.386024 0.188238 2.404558
-0.497768 0.140570 1.369589
-0.434614 0.089912 2.926845
-0.497322 0.491562 0.344222
-0.413237 0.487095 5.938617
0.438265 0.003349 0.623863
-0.482878 -0.171458 -2.426853
-0.360826 0.136294 3.044574
-0.423123 0.367158 5.453073
-0.224528 0.339959 2.708514
-0.480105 -0.257576 2.672276
0.208501 -0.466451 -5.354010
-0.393550 0.467929 2.595360
-0.262717 -0.281712 6.125247
-0.483882 0.495470 -3.515370
-0.428943 0.476764 2.365348
-0.497324 0.368896 -5.811017
0.021095 0.006721 5.031974
-0.436971 0.401916 -5.168298
0.152495 -0.090161 -5.886816
-0.141462 -0.473498 3.310380
-0.375385 -0.439341 -2.580647
0.158604 -0.142736 3.814802
-0.398580 0.444758 2.858303
-0.484423 0.414482 -4.608919
-0.381116 -0.085962 3.290031
-0.307986 -0.293988 4.988132
-0.493294 0.454699 4.898087
-0.069752 0.244471 5.868734
-0.499042 0.223970 5.979970
-0.459706 0.482586 -3.997619
-0.349746 -0.331752 5.469043
-0.497116 0.279484 -3.131426
-0.481143 0.256586 3.853609
-0.254628 0.409712 -2.113835
-0.399991 -0.404861 -3.132368
-0.377359 0.340360 3.611061
-0.069880 0.223433 2.961025
-0.202477 0.370566 4.611630
-0.473980 0.264978 4.681722
0.266991 0.457202 -3.385648
-0.406534 -0.142358 4.011691
-0.455395 -0.134943 5.404698
-0.414635 0.260996 4.020184
-0.474251 0.184264 6.122016
-0.441464 0.154229 5.016665
-0.250147 -0.281199 6.005281
-0.456298 0.211714 5.544694
0.318372 -0.402839 2.990038
-0.431229 0.399792 3.139777
-0.492821 0.494276 6.213730
0.391200 -0.481253 8.261788
0.408134 0.127883 -3.932980
0.320084 0.195090 -3.646229
0.475023 -0.145288 0.769100
-0.278811 -0.225516 5.235796
-0.456028 -0.168577 -4.999438
0.012770 0.450040 -1.410816
-0.410057 0.401539 2.813177
0.485470 -0.375602 3.417675
-0.348373 0.434030 3.566994
-0.291267 0.241796 -4.862784
0.131237 -0.310259 -2.439014
0.273767 0.183574 -1.281027
-0.437898 -0.223987 1.798829
-0.222089 -0.287158 5.473844
-0.253507 -0.295853 -6.145337
-0.253504 -0.315569 5.559546
-0.410407 0.178828 4.700951
-0.313622 0.498967 2.888494
-0.495609 0.233905 -6.072917
-0.127530 0.363451 2.822345
-0.363435 -0.153283 4.487786
-0.426316 0.399256 2.715946
-0.427698 0.264979 4.832016
-0.431282 0.349493 4.544010
-0.013201 0.435197 -5.748747
-0.407853 0.200206 4.970793
-0.498276 0.458917 -2.418924
0.373330 0.326197 -0.999285
-0.008344 -0.161102 0.742783
0.105427 -0.295258 -4.579387
-0.484675 0.396027 -1.427843
0.327775 -0.033970 4.502351
-0.497111 0.347844 5.739344
-0.153275 0.340353 5.045810
-0.460164 -0.038777 -2.268403
0.075951 -0.210638 0.253893
-0.264807 -0.295054 -6.046410
0.330511 0.334864 -1.400861
-0.477902 0.478580 4.482196
0.387693 0.144777 0.289271
-0.011118 0.061716 3.686292
-0.244102 0.285665 2.796543
0.040497 -0.279892 2.725952
0.016962 0.020141 5.489804
-0.480187 -0.057856 5.745441
-0.316778 -0.397690 0.290401
0.287094 0.188969 -1.547654
-0.089032 0.034226 3.894711
