-0.472779 -0.061059 1.734391
-0.484983 -0.063088 1.537622
-0.020498 -0.487347 -0.200952
-0.401985 -0.163756 -2.879711
-0.437450 -0.169942 -2.727084
-0.477621 -0.146927 1.726997
-0.475342 -0.065400 1.756875
-0.443624 -0.194573 1.338735
0.460520 0.417416 -1.825103
-0.391191 -0.133228 -2.987547
-0.466697 -0.141856 1.433903
-0.327717 -0.030251 2.808319
-0.066084 -0.495864 0.067029
-0.464951 -0.060843 -1.089473
-0.430031 0.311426 -1.369603
-0.333065 0.014304 2.468015
-0.473436 -0.132822 1.480869
0.335313 -0.201036 0.296126
0.271808 0.490968 0.266792
-0.473842 -0.055892 -1.886484
-0.487424 -0.060497 -1.465578
0.448507 0.495024 2.378200
0.036626 0.120910 1.443878
-0.324947 0.002529 2.206464
-0.417950 -0.170600 -2.762316
-0.476335 -0.078333 -1.803727
-0.490465 -0.110989 1.482124
-0.431506 -0.167870 -3.004734
-0.230108 -0.418003 -1.717435
-0.039928 -0.480544 0.161869
-0.402837 -0.205953 2.114234
-0.387160 -0.239343 -2.930502
-0.244837 -0.424473 -1.858911
-0.070890 0.430748 2.068634
-0.275233 -0.361335 -2.640567
-0.483173 -0.063908 1.674589
-0.499449 -0.135988 1.968872
-0.079596 0.401183 1.993893
-0.463545 0.271236 -1.116047
-0.483239 -0.128735 1.691515
-0.071054 -0.492570 -0.160813
0.286728 -0.483556 -1.457599
-0.023944 -0.495523 0.123908
0.040088 0.118959 1.812855
0.088650 0.358864 0.921988
-0.496390 -0.140511 1.543007
-0.479461 -0.039451 -2.379807
-0.418099 -0.157469 -2.352276
-0.467456 -0.072039 -1.433692
-0.407143 -0.067201 1.513599
-0.145674 0.041312 2.041592
-0.210197 -0.408996 -1.972873
-0.058022 0.399049 2.126314
0.333044 -0.482746 -0.414554
0.225554 0.424825 -0.137565
0.475476 0.433569 -1.393083
0.283476 -0.497714 1.527798
-0.080576 0.403993 2.147012
0.422621 -0.395169 2.898165
0.392047 -0.387376 0.303891
-0.489789 -0.140208 1.458316
-0.482086 -0.106867 1.341375
-0.479525 -0.103279 -2.229965
-0.120574 0.326228 1.986236
-0.377634 -0.117961 1.576837
-0.483926 0.316851 -1.604543
-0.421653 -0.067270 3.138624
-0.063719 0.400277 2.152707
0.388158 -0.391208 0.176161
-0.410910 -0.204068 -0.881845
0.327499 -0.270042 -0.168077
-0.483988 -0.126466 1.538922
-0.410634 -0.214339 -2.996984
-0.166492 0.293224 2.188127
-0.481397 -0.063859 1.751427
0.371258 -0.385111 -0.066965
-0.078694 0.415621 1.939083
-0.015137 -0.483857 -0.029206
0.315667 0.086914 0.848064
-0.485251 -0.058605 -1.531243
-0.492200 -0.063226 1.649585
0.296079 -0.319514 0.153925
0.369930 -0.467863 -3.053564
-0.420751 -0.185808 -2.987127
-0.491010 -0.184205 1.606711
-0.413232 -0.111110 -3.115401
0.482946 0.414936 -1.381094
-0.258840 -0.422242 -2.045982
0.355026 -0.404984 -0.359558
-0.074309 -0.028446 1.444507
-0.314863 0.013184 2.376073
-0.086020 0.435576 2.167608
0.342573 -0.209057 0.248157
-0.471892 -0.131597 2.066073
-0.240291 -0.103994 2.618612
-0.465221 0.069134 2.354177
-0.048080 -0.485841 0.335409
-0.435871 -0.195205 1.217649
0.337912 -0.499206 -0.333547
0.366765 -0.467062 2.982649
0.370381 -0.374462 -0.373931
-0.394764 -0.184040 -2.532886
-0.486282 -0.134576 1.545175
-0.428472 -0.050303 3.112329
-0.020417 -0.491354 0.049643
0.373641 -0.474010 3.016755
-0.496661 -0.144767 1.490475
-0.420697 -0.187963 -2.723914
-0.456872 0.069722 2.534058
-0.485363 -0.134495 1.693386
-0.298061 -0.327025 -2.760401
-0.240160 -0.416175 -1.866728
-0.140976 0.304558 2.347949
0.214313 0.439825 -0.225754
-0.491210 -0.078376 -1.686630
-0.497628 -0.154501 -0.017468
-0.495407 -0.065900 1.499084
-0.477646 -0.209235 1.309764
-0.498733 -0.066246 1.576219
0.028806 0.428720 2.037805
-0.478841 0.330882 -1.596057
-0.478930 -0.088328 -1.600071
-0.475906 -0.037098 -1.635262
-0.074673 0.415419 1.913266
-0.432269 -0.168415 -2.788101
-0.490992 -0.141327 1.383381
-0.420629 -0.052167 -2.831087
-0.470730 -0.136508 1.875702
-0.377429 -0.223202 -2.408667
-0.398730 -0.163547 -2.669036
-0.067073 0.358125 1.792267
-0.496039 -0.134063 1.453621
0.317966 -0.273800 0.126358
-0.412023 -0.178735 -2.816987
-0.403630 -0.223161 -2.933065
0.340002 0.084335 0.734723
0.338870 -0.432784 -0.366857
-0.406810 -0.068172 1.613144
-0.487786 -0.059342 1.702613
0.043810 0.452287 2.167322
-0.450340 -0.119256 1.256822
-0.443680 -0.221549 1.903275
-0.410109 -0.158220 0.225036
0.486007 0.419612 -1.495046
-0.184906 0.273794 -1.962880
-0.478467 -0.156286 1.693057
-0.492524 -0.138952 1.987061
0.470858 0.423431 -1.699475
-0.463793 -0.145570 1.879661
0.297481 -0.477186 -1.461201
-0.494375 -0.071041 1.484177
0.301866 -0.476589 -1.430082
-0.093972 0.429628 1.961666
-0.426009 0.305966 -1.203248
-0.256667 -0.422551 -1.847094
-0.083326 0.404492 2.042482
-0.148210 -0.200429 -1.345677
-0.411044 -0.164158 -2.709902
-0.255928 -0.419655 -2.019235
0.447245 -0.361872 3.117500
-0.495034 -0.138928 1.618236
0.048998 -0.471329 0.007020
-0.320546 0.011375 2.380866
-0.490167 -0.135899 1.549803
-0.451347 -0.229010 2.076616
-0.498817 -0.141667 1.678467
-0.497479 -0.071690 1.836738
-0.467690 -0.076240 -1.599850
-0.463921 -0.332517 -3.127911
-0.254756 -0.410214 -1.793509
-0.472517 -0.054556 -1.082207
-0.483710 -0.063162 -2.027432
-0.476855 -0.171438 1.644997
0.260517 0.497416 -0.065690
-0.394046 -0.078558 3.066813
-0.480156 -0.060209 1.754398
-0.287117 -0.304251 -2.648379
-0.075213 0.421533 2.347254
-0.494933 -0.066441 1.491420
-0.498819 -0.150413 1.269116
-0.401481 -0.081515 2.154168
-0.398500 0.315942 -1.287847
0.446540 -0.123291 0.475482
0.320277 -0.285421 0.136249
-0.150659 0.076999 -0.829159
-0.335802 0.010958 2.374221
0.137428 0.018143 1.804807
-0.311659 0.025381 2.190663
-0.434847 -0.101786 1.623524
-0.486068 0.320149 -1.510363
-0.470081 -0.034360 -1.035066
-0.484193 -0.074338 1.610028
-0.284519 -0.104209 2.653783
-0.135599 -0.277247 1.219189
-0.037671 0.384922 1.696015
-0.484699 -0.062747 1.544000
0.341866 -0.204446 0.348363
-0.326941 0.131801 1.832350
-0.075456 0.234698 2.342497
-0.079411 -0.497745 -0.206399
-0.098568 -0.444888 0.345422
0.009158 0.117412 1.321248
-0.417307 -0.208074 -2.665781
-0.416221 -0.128646 -0.102008
-0.067946 0.452760 2.295084
-0.375762 -0.267593 2.867624
0.476180 0.469612 -2.105842
-0.379195 -0.240891 -2.912875
0.483021 0.428231 -1.445363
-0.488128 -0.142970 1.562745
-0.010422 -0.490351 -0.135920
-0.490749 -0.139761 1.623827
-0.348446 -0.209111 -2.926396
0.338037 -0.488361 -0.291236
-0.419661 -0.196095 -0.254624
-0.047641 -0.497462 0.050182
0.363687 -0.362663 -0.165670
-0.457276 0.265809 -1.506814
-0.402694 -0.073818 1.864486
-0.431919 0.289749 -1.086752
0.354013 -0.220219 0.690968
-0.237017 -0.170260 -3.139200
-0.477049 -0.038261 -1.989289
-0.499563 -0.082199 1.265759
-0.385413 -0.222925 -2.697146
-0.378915 -0.236089 -3.112162
-0.074655 0.238019 2.307206
0.277384 -0.489949 -1.664189
0.340844 -0.498845 0.131324
-0.457769 -0.049994 -1.242668
-0.373649 -0.228669 -3.016756
-0.395332 -0.253918 -2.709828
-0.048312 0.459433 1.868789
-0.475781 -0.079197 1.590577
-0.078864 0.441997 2.280089
-0.247404 -0.419749 -2.010343
0.377261 -0.370485 -0.430202
-0.246420 -0.431439 -1.887924
-0.444472 0.285203 -1.132671
-0.153572 -0.203914 -1.362087
-0.338766 -0.001637 2.281830
-0.088204 0.440843 2.132564
-0.265243 -0.128769 3.137883
-0.424365 0.289958 -1.313079
-0.338050 -0.173775 -2.870059
-0.271835 -0.326880 -2.341954
-0.453970 0.298283 -1.192757
-0.490277 -0.124920 1.648975
-0.073148 -0.480588 -0.248424
-0.415594 -0.201519 -0.282235
-0.499308 -0.138163 1.506644
-0.491083 0.300033 -1.747576
-0.258813 -0.408204 -2.224720
-0.497872 -0.132255 1.287596
-0.474023 0.257514 -1.210286
-0.497130 -0.065719 1.645031
0.029597 0.391432 0.823700
-0.425670 -0.176647 -2.881668
-0.073614 -0.467688 -0.043591
-0.450710 0.290138 -1.212804
-0.499786 -0.073587 1.737076
-0.448690 -0.196559 1.251415
-0.080320 0.401946 2.407553
-0.077249 0.429727 2.110702
-0.465578 -0.077340 -1.179463
0.351843 -0.211622 0.262085
0.357712 -0.206060 0.456474
-0.401685 -0.145315 -1.306989
-0.442595 -0.204314 1.407217
-0.366094 -0.240161 -3.056171
-0.063460 0.421978 2.150054
-0.495719 -0.131383 1.520940
-0.212894 -0.422440 -2.066223
-0.489267 -0.136526 1.745473
-0.182736 0.136340 2.918604
-0.393178 -0.148941 -2.068601
0.444241 0.263880 0.883416
-0.478511 -0.057550 -1.264198
-0.269773 -0.302240 -2.301695
-0.454648 -0.275661 2.492275
-0.040533 -0.491655 0.043475
-0.257323 -0.424194 -1.989132
-0.107341 -0.026627 -2.184356
-0.077082 0.413287 2.055996
-0.445710 0.256685 -1.506605
-0.181689 0.364831 2.531768
0.253883 -0.466044 -1.223626
-0.118285 -0.382158 0.327283
-0.107086 -0.361053 0.430747
-0.019698 0.061420 1.732710
0.170124 0.107308 1.888982
0.041148 0.362415 -1.172814
-0.480177 -0.146959 1.747940
-0.416774 -0.241535 2.368079
-0.430288 -0.142269 -2.136747
-0.381318 -0.238327 -2.776652
0.066198 -0.483475 -0.162422
-0.237644 -0.427565 -1.835759
-0.249290 -0.415160 -1.782712
-0.416371 -0.057845 1.544037
0.351303 -0.183933 0.201445
-0.477958 -0.140236 1.649665
0.383518 -0.394389 0.311860
-0.485195 -0.136470 1.575342
-0.493946 0.319581 -1.753432
-0.062230 -0.490979 -0.091064
-0.484673 -0.070187 1.667945
-0.467865 -0.061913 -0.671506
0.300844 -0.463043 -1.368405
-0.490290 -0.071257 1.314072
-0.424152 -0.063478 1.544134
-0.228781 -0.400963 -2.008175
0.057968 -0.337553 -0.625911
0.364043 -0.416119 -0.243153
-0.497776 0.237968 -1.211803
-0.254993 -0.368688 -2.271072
-0.478217 -0.048808 -1.710924
0.456683 -0.364793 -0.666866
-0.475373 0.230945 -2.165905
-0.370092 -0.135653 -2.333309
-0.479171 0.310615 -1.345481
-0.422242 -0.141495 -2.400332
-0.485556 -0.131321 1.617694
-0.013143 -0.498823 0.164529
-0.127515 -0.389971 0.117041
-0.084539 0.415151 1.942767
-0.498230 -0.140534 1.723165
-0.478805 -0.136982 1.827002
0.025348 0.131891 1.661124
-0.113016 -0.439459 -0.120071
-0.465032 -0.353073 3.091652
-0.252473 -0.430944 -1.756607
-0.260180 -0.410244 -1.757847
-0.063793 0.420141 2.157224
-0.426591 -0.180077 -3.140851
-0.291482 -0.349432 2.723920
-0.425926 -0.188189 -3.025893
-0.387734 -0.170687 -2.446462
-0.472476 -0.055784 1.620447
-0.483438 -0.069562 1.853127
-0.474786 -0.074126 1.554954
-0.409465 0.277429 -1.256465
-0.480880 -0.069606 1.628125
-0.487920 0.230575 -2.116332
-0.454679 0.293151 -1.111663
-0.094820 0.406455 2.134931
-0.495333 -0.064735 1.807018
-0.089846 0.440686 2.030107
-0.481249 -0.125614 1.718749
-0.469788 -0.162628 1.537832
-0.460567 -0.160872 1.498196
-0.311523 0.034002 2.223089
-0.492533 -0.057983 1.659608
-0.087058 0.426127 2.343661
-0.249115 -0.427974 -2.117042
-0.399437 -0.069510 1.854905
-0.444392 -0.164475 1.286489
-0.119337 0.420414 2.349326
-0.062373 -0.487820 -0.181784
-0.402132 0.326229 -1.068676
0.283316 0.316842 0.934682
-0.489623 -0.063142 1.645825
-0.379206 -0.232347 3.105643
-0.265901 -0.418403 -1.753164
-0.233266 -0.108155 2.379823
-0.409797 -0.159394 -0.390730
-0.463583 -0.053634 -1.600437
-0.051283 -0.488809 0.256724
-0.304385 -0.358800 -1.637918
0.496235 0.439842 -1.513415
-0.498571 -0.140343 1.820298
0.192548 -0.385914 1.010825
0.211054 0.446078 -0.954247
-0.499739 0.294736 -1.503572
0.468834 0.429573 -1.480967
-0.441576 0.305884 -1.332586
0.489476 0.414137 -1.757255
0.305388 -0.306201 0.105005
-0.016789 -0.495956 -0.116064
0.336385 -0.218723 0.453649
0.468072 0.429493 -1.428980
0.284137 -0.315522 0.011192
-0.125735 0.418720 2.310433
-0.490673 0.244955 -1.697090
-0.388521 -0.231863 -2.877474
0.383634 -0.391830 0.278990
-0.496369 -0.058782 1.686215
-0.495578 -0.067581 1.788077
-0.053724 0.404222 2.221571
-0.494989 -0.130648 1.421142
0.490980 0.467942 -2.148473
0.330463 0.085090 0.986312
-0.480085 -0.003586 -2.456743
-0.395570 -0.178551 -2.782723
-0.377622 -0.165842 -2.724016
-0.275252 -0.133572 2.959118
-0.417455 0.320275 -1.196377
-0.440072 -0.162267 -3.020802
-0.482889 -0.067197 1.609803
-0.036341 -0.490103 0.172193
