0.440702 -0.334916 -1.526800
-0.499401 0.342697 -2.264189
-0.076367 -0.485805 0.074767
-0.100914 -0.414945 0.317836
-0.470006 -0.440514 -2.356551
-0.059801 0.492566 2.915952
-0.450301 0.406379 -0.853981
0.025840 -0.484718 0.067937
-0.128507 0.488309 -3.118319
-0.366209 0.496359 2.909039
-0.418912 0.466017 2.733245
-0.122238 -0.459735 -0.137028
-0.152808 -0.496434 -0.111700
-0.251341 -0.005467 0.458469
-0.166340 -0.484050 0.122124
0.038918 -0.076402 -2.298475
0.056395 0.073515 0.354916
-0.392668 0.471021 3.122267
-0.442385 0.439391 -1.992694
0.329401 -0.494744 -0.436470
-0.091295 0.143416 3.098335
0.144217 -0.459743 0.093109
0.024839 -0.496166 0.176881
-0.114634 0.470555 2.034212
-0.102744 -0.055308 -2.492613
0.343350 -0.129585 -1.581788
-0.456426 -0.433979 -2.254972
0.375198 -0.464588 0.341194
-0.403506 0.487006 -0.177020
0.179734 -0.231868 2.431527
-0.059153 -0.486161 0.013514
-0.132775 -0.453243 0.040927
-0.492936 -0.455871 1.313939
-0.054113 -0.495799 -0.122822
-0.137997 0.489385 3.013708
-0.484969 -0.446374 1.491182
0.011784 0.485690 2.989259
-0.370635 -0.061515 1.241437
0.451272 -0.485305 1.406500
0.206128 -0.366631 1.211583
-0.090837 -0.410924 0.058406
-0.375701 -0.064246 1.216662
-0.007473 0.439272 -2.938360
-0.458826 -0.442913 -2.464754
0.386281 -0.460488 0.360183
-0.060959 0.373276 2.562940
-0.142100 -0.481261 -0.081154
-0.028612 -0.150792 -2.800206
-0.289831 0.114798 -2.284509
-0.115445 -0.419786 0.335933
0.179111 -0.420164 1.403812
-0.477762 -0.200688 1.294020
-0.420825 0.254946 -0.573626
0.175244 -0.156247 -2.056924
-0.300474 0.053167 -2.206899
0.173242 -0.232315 2.307192
0.213694 -0.339387 0.639362
-0.079961 0.492432 3.119198
-0.124643 0.497826 -3.100523
-0.319621 0.166958 -2.158612
-0.334403 0.106728 -0.977955
-0.446601 -0.090468 2.116166
0.498041 -0.470503 2.265751
-0.099169 -0.448355 -0.047915
0.036862 -0.098228 -2.288277
-0.063857 0.495541 3.052280
-0.441242 -0.094577 2.056730
0.081908 0.432349 -2.330590
-0.125012 -0.459202 0.015987
-0.120164 -0.466028 0.093902
0.368093 0.026310 -0.540575
-0.158624 -0.481845 0.103061
0.040347 -0.499883 -0.713984
-0.497475 0.339391 -2.347550
0.496514 -0.421812 1.933466
-0.388553 0.496496 -3.028581
-0.097693 0.464626 2.142526
-0.292424 0.055016 -2.337069
-0.495054 0.337879 -2.413064
0.017823 -0.497418 -0.049521
-0.496344 -0.054047 1.694809
-0.396976 -0.060064 1.644805
-0.064704 -0.491145 -0.170607
0.169865 -0.348702 1.081588
-0.479691 -0.224234 1.777424
-0.113432 0.474507 2.271998
0.018239 -0.497897 0.028324
-0.120603 -0.045838 -2.533882
-0.475106 0.324989 -0.608729
-0.293638 0.055526 -2.219478
-0.402520 -0.031282 0.776419
0.007852 -0.477270 0.199740
0.476344 -0.468208 1.555185
-0.075926 0.477091 -3.038609
-0.103476 -0.375849 0.257717
-0.159174 -0.450066 0.020767
0.024458 -0.498297 0.058640
-0.467151 -0.200877 1.076573
-0.135092 0.497469 -3.023791
-0.375971 0.460665 3.099063
0.005891 -0.492833 0.019981
-0.428004 0.206272 -2.383945
0.443932 -0.472531 -2.323822
-0.021461 -0.495546 0.010547
0.319219 0.091396 -1.973267
0.259845 -0.345430 -2.069788
-0.102431 -0.411905 0.292875
0.064279 -0.485315 -0.979959
-0.120495 0.471129 2.252293
-0.309774 0.072194 -2.314250
0.002021 -0.469592 -0.230548
0.459047 -0.497883 -2.423346
0.413074 -0.213208 -0.856103
-0.407808 0.415369 -2.210345
-0.122127 0.486426 -3.076212
-0.171808 -0.356163 0.208110
-0.489461 0.323033 -2.319137
-0.298441 0.058928 -2.113757
-0.043964 -0.485004 -0.266802
0.392260 -0.470762 0.609719
0.035087 -0.479746 0.616515
-0.074407 0.497018 2.993175
0.137025 -0.415344 1.148257
-0.059063 0.465738 3.126364
-0.103882 -0.462594 0.221928
-0.388988 -0.474774 -0.750387
-0.148290 -0.498016 -0.123573
-0.074489 0.497355 2.778548
-0.478203 -0.063593 1.516625
-0.019940 -0.162043 -3.025116
-0.425033 0.179991 -2.578042
-0.145648 0.463424 2.702101
-0.396682 0.165709 -2.187568
0.135615 -0.398224 0.823042
-0.044368 0.498478 3.009724
-0.466951 -0.201639 1.141098
0.203265 -0.368301 1.044805
-0.449976 0.315474 -2.429411
-0.298778 0.053056 -2.054233
-0.126698 -0.490016 0.230983
-0.475362 -0.208635 0.994030
-0.057259 -0.482710 -0.049336
-0.163907 -0.417025 0.054448
-0.063836 -0.490183 -0.292329
-0.018434 -0.162663 -2.811792
-0.450063 -0.450497 -2.180013
0.003026 -0.132228 2.811904
-0.130799 0.492298 2.914438
0.019384 -0.485700 -0.053466
-0.000506 -0.485315 0.399251
-0.095924 -0.443817 0.407249
-0.152482 -0.453115 -0.161749
-0.159482 -0.353682 0.301873
0.376969 -0.468481 0.422068
0.018003 -0.478527 0.030179
0.099059 -0.270406 -1.725373
0.030865 -0.324194 0.682794
0.011033 -0.472312 0.047781
-0.290863 0.104471 -2.386592
0.020540 -0.493957 -0.037781
0.018430 -0.499944 0.038453
0.422702 0.017628 -1.566794
0.138397 0.295970 -2.852991
-0.473470 -0.259829 0.697567
-0.126776 -0.471406 0.316039
-0.350928 0.085176 -2.269082
-0.466010 0.343461 -2.395348
-0.479330 0.318988 -0.762946
-0.057128 0.497000 3.061087
0.468133 -0.404311 0.844459
0.137696 -0.461281 2.234142
-0.163818 -0.495356 0.013737
0.150277 -0.410702 1.115758
-0.085439 -0.390803 0.219180
-0.135727 0.469713 2.053732
-0.109096 0.473974 2.083074
0.376257 -0.468499 0.393481
-0.482847 0.363588 -2.423504
-0.098685 0.468666 2.734948
-0.127849 0.459770 2.400066
0.321366 -0.436131 -0.315794
0.174550 -0.333991 0.854770
-0.496279 0.334526 -2.515680
0.038020 -0.474982 0.025785
0.320513 0.094971 -1.540124
-0.158195 -0.487450 0.263224
0.005469 -0.485582 -0.073459
0.074810 -0.208070 0.978085
-0.134419 -0.470520 0.036796
-0.488207 0.367092 -2.196738
-0.181189 -0.380103 0.420521
-0.107032 0.480956 3.019011
-0.444067 -0.286175 2.353263
-0.422419 -0.077529 2.092493
-0.136732 -0.490659 -0.004739
0.043392 0.183640 -1.818844
-0.448980 -0.284638 2.664047
-0.131049 0.474353 2.325787
-0.161912 -0.375716 0.599103
-0.120208 0.468809 3.065235
-0.023225 -0.158651 -2.934097
0.017493 -0.132498 1.872724
-0.400174 -0.065246 2.083416
-0.127941 0.458403 2.291212
0.484643 -0.496144 -2.529218
-0.476103 0.342597 -2.232253
-0.028682 -0.120991 -2.982991
-0.083729 0.491705 2.972078
-0.286923 0.054120 -2.026008
-0.010317 -0.486719 -0.046715
0.013000 -0.492399 0.220455
-0.111961 0.458947 2.590078
0.011995 -0.495114 -0.056195
-0.047322 -0.126214 -2.679537
-0.335915 0.081351 -2.070270
-0.017262 -0.006298 -2.965014
-0.000843 -0.496236 0.116119
-0.147247 -0.359365 0.152295
-0.470340 -0.444524 1.573110
-0.462042 -0.186075 0.962890
-0.497708 0.338739 -2.383506
-0.186293 -0.360937 0.330783
0.367660 -0.460560 0.330974
0.140250 -0.404257 1.187330
-0.120390 0.478421 2.087817
0.009747 -0.482517 -0.099445
-0.467027 -0.102296 2.023502
-0.448042 -0.031770 1.275278
-0.474855 -0.211933 0.903596
-0.151265 -0.495193 0.041631
-0.128216 0.484762 2.953064
-0.490772 0.338671 -2.351528
-0.060384 0.472354 2.985387
0.186916 -0.241279 2.668577
-0.443646 0.405345 -0.827791
-0.385162 0.497604 -0.295525
-0.290284 0.064269 -2.019733
-0.424620 0.193472 -2.418818
-0.499825 -0.052040 1.773776
-0.148974 0.490973 3.045599
-0.108227 -0.441333 0.213903
-0.085443 0.496470 3.071442
0.475651 -0.414998 2.095102
0.385336 -0.467327 0.165009
-0.141147 0.485275 3.090994
-0.135878 0.472048 2.984772
-0.365487 0.073850 -1.887110
-0.126217 0.478797 2.693540
0.026279 -0.492036 0.296701
0.011112 -0.492813 0.065133
0.325558 0.085940 -1.746747
-0.372431 -0.051726 1.606853
0.305438 -0.493110 0.331984
-0.147835 -0.479351 0.302578
0.055702 0.095568 0.251533
0.164378 -0.356968 1.430658
0.045710 0.064283 0.432135
0.014988 -0.477819 -0.061089
0.380895 -0.483263 0.118895
0.363163 -0.457666 -0.794232
0.479254 -0.471769 -0.828563
-0.081946 0.481066 2.963783
-0.149462 -0.456576 0.249234
-0.493907 -0.445460 1.293524
-0.140708 -0.380506 0.101879
-0.117228 0.457174 1.902931
-0.052201 -0.489302 -0.207452
-0.149067 0.495170 -2.942432
-0.132122 0.496470 3.091072
-0.138571 -0.471297 0.182143
-0.460680 0.319979 -2.506029
0.243812 -0.100872 -2.170267
-0.109662 0.464012 2.063033
0.174798 -0.391556 0.473858
-0.116377 -0.453602 0.338479
0.015667 -0.485333 -0.036195
-0.121295 0.487991 3.120019
0.378853 -0.487164 0.538837
-0.282226 0.066541 -2.304226
-0.485867 -0.207041 2.148479
-0.132299 -0.468979 -0.110519
-0.391767 -0.234174 2.200315
-0.467371 -0.195514 0.985635
0.262503 0.100985 -2.032316
0.172718 -0.355515 1.307784
0.150813 -0.414875 1.179151
0.062360 0.303637 -2.508491
0.465607 -0.295468 -1.602918
-0.388792 -0.064565 1.494469
-0.466956 0.331421 -2.373441
-0.089693 0.465957 3.125914
-0.145160 0.494461 3.001787
-0.071791 0.497243 -3.033563
-0.311182 -0.399894 -2.211468
-0.051370 -0.496047 0.118994
-0.155062 -0.371473 0.359812
0.119243 -0.472321 2.215368
-0.143577 -0.457086 0.105897
-0.120396 -0.442462 0.039935
-0.302755 0.063765 -2.092205
0.216230 -0.365858 1.297075
-0.384386 -0.351870 -2.437644
-0.109648 -0.434576 0.142893
-0.393077 0.465800 0.194710
0.020155 -0.498437 0.256468
0.344179 -0.472968 -0.249713
0.326633 0.073204 -1.829291
-0.332717 0.075689 -2.038068
-0.487221 -0.052457 1.599586
-0.377948 -0.064884 1.706493
-0.114380 0.493462 -3.097297
-0.072391 -0.487322 0.043862
-0.065884 0.498845 3.112637
0.022212 -0.496530 -0.017921
-0.069360 0.499776 -2.992936
0.223433 0.342078 -2.720448
-0.121840 0.470771 2.982962
-0.457707 0.335225 -2.437652
-0.475600 -0.210415 1.068303
-0.488612 -0.451994 1.235929
-0.179446 -0.496537 -0.067559
-0.304987 0.049293 -2.351588
-0.279719 0.063983 -2.260817
-0.135295 0.487695 -3.005217
-0.168209 -0.369329 0.347961
0.164814 -0.250131 2.490038
-0.382796 0.446051 -3.094311
-0.303453 0.055140 -2.357784
-0.087656 -0.406302 0.274451
-0.104173 -0.049284 -2.510970
-0.483054 0.324951 -2.262509
-0.476721 -0.205297 1.166419
0.019890 -0.496987 0.042289
-0.122676 -0.471138 -0.116400
0.347467 -0.140969 -1.403574
0.224366 -0.204852 2.325755
-0.089899 -0.436263 0.167271
-0.130442 -0.470225 0.211014
-0.449221 0.317343 -2.471450
0.370098 -0.466683 0.609507
0.031866 -0.474755 0.074406
-0.489012 -0.216053 1.896940
0.310438 0.082543 -1.734854
-0.108942 -0.443688 0.237485
-0.497755 0.367706 -2.527356
-0.107050 -0.459870 0.063756
-0.096728 -0.427365 0.178598
-0.472773 -0.439018 -2.297729
-0.122933 -0.053798 -2.654372
-0.124097 0.494755 3.141021
-0.307086 -0.499373 0.889730
-0.124071 0.489675 3.135362
-0.325694 0.063109 -2.070503
-0.431212 0.401190 -2.045647
-0.304901 0.054532 -2.400018
0.211591 -0.371966 1.397148
0.217196 -0.365453 1.200742
-0.425157 -0.078064 1.739210
0.028228 -0.489750 0.273390
-0.107832 -0.445774 0.249270
-0.083344 -0.456620 0.355997
-0.206180 0.277181 2.965975
-0.126750 -0.470054 0.116788
-0.112431 0.165540 -3.084035
-0.437561 -0.263120 2.802071
-0.133008 -0.461776 0.045179
-0.459539 0.487487 -0.382373
0.038107 -0.488644 -0.749092
-0.407391 0.193491 -0.528686
-0.084326 -0.459912 0.182855
0.187558 -0.349610 1.037592
-0.140666 0.495790 -3.112396
0.027379 -0.489622 0.031954
-0.477229 -0.281158 0.255022
0.163987 -0.344221 1.510047
-0.479402 -0.441620 1.367089
-0.007397 -0.486778 0.042100
-0.116681 -0.473361 -0.199111
-0.442294 -0.076987 2.199697
-0.496674 -0.213483 1.540092
-0.133792 0.468298 2.976622
-0.085605 -0.424360 0.108795
-0.149587 0.496110 2.969468
0.019734 -0.495941 -0.036434
-0.132757 0.462619 1.955787
0.058396 0.093127 0.622028
0.207960 -0.063465 -2.203685
0.394177 -0.465264 0.735816
0.324535 0.081164 -1.837211
0.010259 -0.477949 -0.020882
-0.496612 0.341229 -2.356837
-0.011701 -0.492792 0.070895
-0.101424 0.482415 3.105874
-0.123455 -0.466144 0.152309
0.423000 -0.377345 1.619965
-0.472436 0.319981 -2.124314
-0.283651 0.057599 -2.215065
0.220028 -0.360355 1.037939
-0.489725 -0.496384 1.297829
-0.344015 0.080380 -2.207735
