0.304086 -0.314657 -2.302461
0.484808 -0.048710 1.478619
0.485763 0.025023 1.405872
-0.232038 -0.493550 2.936045
-0.085406 -0.201609 2.352706
0.273160 -0.242641 -1.809543
0.091996 -0.194790 -2.060659
0.459979 -0.468962 2.139074
0.076697 -0.206388 -2.074058
0.303174 -0.113460 3.118519
0.293679 -0.496365 1.346444
0.350387 -0.304140 -1.892469
-0.499648 0.286456 -1.072895
-0.056042 -0.381819 2.992455
-0.230694 -0.473248 3.022112
0.323647 -0.306199 -2.053363
-0.451006 0.034073 -0.770853
-0.293063 -0.356046 -0.879358
-0.435846 -0.077466 2.735584
-0.350216 -0.404093 -0.311047
0.303015 -0.318872 -2.269291
-0.211727 0.351340 -1.499432
-0.220522 -0.485494 3.098001
-0.192796 0.253582 -2.117265
0.283968 -0.244117 -1.881181
-0.203612 0.480577 3.094919
0.009693 0.471132 -1.380592
-0.055180 -0.148421 2.565024
0.498066 0.009723 1.826620
-0.009473 -0.028966 -1.159067
-0.083681 -0.487645 -2.741727
-0.456946 0.271038 -2.684276
-0.010473 -0.482066 2.930297
-0.093557 0.400522 2.257758
0.053205 -0.491466 2.902142
-0.373581 0.495525 3.053523
0.317000 -0.319374 -1.970989
-0.175976 -0.485128 -2.904038
-0.132496 -0.495467 -2.951228
0.499828 -0.035127 1.455445
-0.437056 -0.437244 -1.642175
-0.330065 0.384614 -2.742676
0.309053 -0.273824 -1.889551
-0.000295 -0.498078 2.918769
0.498872 -0.029331 1.535896
-0.112631 0.145623 -2.187506
-0.201330 -0.143411 -2.346267
-0.150425 -0.496203 -3.069336
-0.014122 -0.466411 2.985341
-0.481810 0.229014 -1.670080
0.498723 -0.395220 1.402324
-0.005730 -0.489669 -3.111793
-0.419327 0.169181 0.065675
0.300086 -0.274933 -1.972799
0.489439 -0.040579 1.869391
-0.377144 0.222394 2.852039
0.493767 0.021630 1.628845
-0.240397 -0.459206 3.083258
-0.332813 0.280353 -1.334883
0.496546 0.024794 1.576541
-0.152982 -0.499579 3.107421
-0.018189 -0.490789 3.066469
-0.085887 -0.157609 -3.103246
0.472905 0.020413 1.597025
0.303099 -0.307555 -2.327363
-0.494080 0.275520 -1.397339
-0.221490 -0.466479 3.078727
0.167468 -0.202971 2.197078
-0.062717 -0.029037 -2.032854
0.464584 -0.466571 2.258789
-0.327007 0.474031 -2.119535
0.253667 0.233218 -2.675306
0.093502 -0.197321 -1.980789
0.495937 0.018403 1.612471
-0.200291 -0.495954 2.958178
-0.214711 0.341291 -2.314606
-0.225381 0.488848 -2.888106
0.495403 -0.039872 1.620940
0.493660 -0.055173 1.654645
0.467132 -0.398925 1.941467
-0.207710 -0.492634 3.000662
-0.216070 -0.473995 2.840904
-0.098913 -0.491504 -2.630052
-0.041274 -0.472190 -1.538602
0.478744 -0.394137 1.380614
0.105540 -0.178722 -2.365929
0.322254 -0.022636 2.399646
0.263891 -0.164007 3.139939
0.498056 -0.048865 1.685000
0.486497 0.030788 1.502255
-0.032209 -0.483629 3.078238
-0.185738 -0.495239 -2.932043
-0.286833 0.459969 -2.091092
0.321417 -0.307593 -2.135048
0.032581 -0.417373 -3.004047
-0.010376 -0.453700 2.827436
0.010092 -0.493897 -3.086689
-0.226078 -0.473156 2.904510
0.365920 -0.396491 -1.388480
0.344627 -0.389582 -1.335328
-0.107073 -0.499028 -3.074224
-0.438090 0.172388 0.295923
0.275049 -0.158965 -3.028032
0.474157 -0.392748 1.592377
0.304078 -0.306622 -2.141856
-0.126590 -0.138380 -2.480525
0.331546 -0.316004 -2.048657
-0.433632 0.026362 -0.722440
0.153328 -0.384783 -2.658337
0.482726 -0.048475 1.547497
-0.053928 -0.163780 2.697880
-0.185640 -0.486589 3.098525
0.268587 -0.140279 2.925502
-0.043850 -0.187877 -3.116285
0.459295 -0.454202 2.241203
-0.194287 -0.140682 -2.382241
0.480616 -0.051372 1.705067
0.478812 0.028052 1.421462
0.445140 -0.499990 2.401318
-0.263697 0.365400 -2.678663
-0.208944 0.309180 -0.262587
0.068657 -0.295307 -2.726513
-0.007811 -0.453518 2.982837
-0.048440 -0.378184 2.916243
0.233145 -0.187420 -2.341199
0.277558 -0.174609 3.089682
-0.051013 -0.390897 2.524793
0.314432 -0.331990 -2.604220
-0.169532 -0.491895 3.069841
-0.050595 -0.367880 2.871669
0.474638 -0.039006 1.633954
0.466854 -0.451713 2.506914
0.485271 -0.037914 1.535259
-0.037786 -0.154245 2.652206
-0.045125 -0.159063 2.580337
-0.101468 -0.497766 -2.990627
0.450113 -0.038638 1.633569
-0.212198 0.306349 -0.616892
0.498673 -0.039708 1.772033
-0.239440 -0.498609 -2.954092
0.484710 -0.032970 1.550935
0.483781 0.025250 1.485787
0.487689 0.012155 1.596861
0.499133 -0.025402 1.719627
-0.195839 -0.499368 2.931108
-0.360170 0.491246 -3.099944
0.088904 -0.206779 -2.070540
0.306117 -0.287296 -1.946520
-0.145297 -0.490882 -3.027048
-0.034961 -0.484621 -2.909997
0.499237 -0.020102 1.663257
-0.442317 0.024200 -0.612232
-0.492778 0.210943 -1.865288
-0.063077 -0.157014 2.485239
-0.187873 -0.483647 3.128388
-0.110977 -0.497976 -3.051206
0.478385 -0.019236 1.541457
-0.011011 -0.480122 3.038359
0.166447 -0.198927 2.311466
0.015149 -0.202175 3.131549
-0.039991 -0.483267 2.683289
-0.147132 -0.492695 -2.976107
0.286970 -0.154250 -3.123943
-0.192657 0.479650 -2.983748
-0.279709 0.374330 -2.922017
0.459760 0.025930 1.474064
0.092347 -0.188372 -2.137811
-0.352555 -0.389292 0.098306
-0.232273 0.308723 -0.803407
-0.019343 -0.490453 3.037581
0.275627 -0.122810 3.000076
0.485384 -0.408112 1.556711
-0.019500 -0.448023 -3.121025
0.487852 -0.026739 1.479304
-0.299998 0.490051 3.104416
-0.425876 -0.423672 -1.604659
-0.024499 -0.496502 2.945412
-0.434309 0.173649 -0.123429
-0.281044 0.487076 -3.076104
-0.304344 0.494931 2.926654
0.462698 -0.399074 1.569296
0.261194 -0.128227 2.870263
0.486284 0.024991 1.646565
0.488491 -0.061859 1.607959
-0.452043 0.275569 -2.892359
-0.261476 0.025683 1.416031
-0.180299 -0.489102 -2.979290
0.292356 -0.178949 2.910661
-0.276454 0.392049 -2.464458
0.499034 0.026513 1.529876
0.494886 -0.027591 1.563944
0.283383 -0.136477 2.692697
-0.357454 0.488185 2.928261
0.492767 0.024189 1.503823
-0.119712 -0.489022 -3.044384
0.314142 -0.334500 -2.449830
-0.348953 -0.005805 1.962929
-0.232240 0.498542 -3.124228
-0.478075 0.231057 -1.676668
-0.091515 -0.314054 0.124855
-0.203238 -0.486490 -2.978255
0.446319 -0.472581 2.296123
-0.188589 -0.499135 -3.130063
-0.018172 -0.493361 2.858400
-0.343736 0.307890 -1.625644
0.489316 -0.034338 1.407855
-0.111151 -0.491766 3.031538
0.138757 -0.361116 -3.024975
0.486150 -0.038189 1.627591
0.495484 -0.069434 1.341014
0.340359 -0.303325 -1.944092
-0.050917 -0.471659 -1.701016
-0.480234 0.287013 -1.830812
0.009072 -0.481660 3.085094
0.497341 0.029055 1.690454
-0.292636 -0.289933 -0.508097
-0.145105 -0.478647 3.056755
0.473059 -0.399359 1.608956
-0.373350 0.497795 -2.652877
0.499852 0.011440 1.518938
0.485473 -0.033418 1.478510
-0.479169 0.208799 -1.464960
-0.097725 -0.167580 2.441111
0.473397 -0.406862 1.588943
-0.004201 -0.478128 -3.025070
-0.211542 -0.480382 -3.122349
-0.414133 0.165152 2.297951
-0.488313 0.217389 -1.825117
-0.477513 0.387484 2.019531
0.492724 0.025848 1.476360
-0.130236 -0.486698 -3.008160
0.499832 -0.042165 1.311202
0.322084 -0.320806 -2.389759
0.344689 -0.267636 -2.193959
0.496142 -0.039361 1.812477
0.495099 0.008019 1.576747
0.430439 -0.032761 1.438393
-0.436341 0.174678 0.184999
-0.003737 -0.449622 2.980451
0.320779 -0.275027 -2.193546
0.479812 0.011687 1.422340
0.263704 -0.122830 3.037894
-0.007168 -0.478306 2.957394
0.005855 -0.486931 3.102559
-0.086905 -0.499205 -2.663224
-0.210390 -0.486333 -3.032282
0.488624 0.028276 1.570268
-0.147903 0.428188 -2.905551
0.488311 0.014694 1.757359
-0.140034 -0.493729 3.104035
0.108817 -0.199916 -1.668155
0.496246 -0.409686 1.763266
-0.484611 0.085947 0.555023
-0.195630 -0.148798 -2.114945
-0.447299 0.040294 -0.802304
0.311049 -0.023461 2.413950
-0.446049 0.027073 -0.878926
-0.030176 -0.488280 2.994484
-0.439353 0.144922 1.252594
-0.025152 -0.492970 2.988280
-0.019707 -0.462236 2.863423
0.195724 -0.134417 -0.778632
0.215057 -0.464263 -2.635534
-0.138355 0.434505 3.114090
-0.138246 -0.495061 -2.963641
-0.162165 0.429441 -3.126452
-0.150602 0.398695 -3.091848
0.173562 -0.197546 2.281013
0.304184 -0.310948 -2.109331
-0.143583 -0.486602 -3.044492
-0.200466 0.479229 -3.011429
-0.491269 0.136644 1.663941
-0.041468 -0.153516 2.692136
0.087587 -0.198368 -1.988792
-0.091886 -0.191972 2.289093
-0.014342 -0.476291 2.856661
0.322144 -0.299597 -2.084770
-0.245341 0.363882 -2.769472
0.453151 -0.020152 1.934736
-0.034360 -0.147207 2.675740
-0.109338 -0.498385 -2.775618
-0.493808 0.204404 0.635697
0.458194 0.024540 1.423664
0.316236 -0.176068 3.101125
0.477634 -0.390445 1.521514
0.316257 -0.028280 2.684862
0.294362 -0.029108 2.314179
-0.279439 -0.025680 2.257629
-0.135187 -0.498392 2.960951
-0.432140 0.159955 -0.040641
-0.038820 -0.364140 2.972908
-0.143964 -0.496342 3.027505
0.313159 -0.286761 -2.291247
-0.034451 -0.143141 2.784867
0.315148 0.498347 0.837964
-0.076890 -0.480926 -2.752139
-0.218910 0.475578 -2.912889
-0.110039 -0.499837 -2.988951
0.499275 0.021765 1.551358
0.427626 -0.039923 1.516544
-0.272410 0.376741 -2.464571
-0.133527 -0.498357 -3.027705
-0.282822 0.353568 -2.772177
0.081850 -0.198662 -2.247574
0.267723 -0.091982 2.621956
-0.094366 -0.071650 0.757813
-0.452939 0.261635 -2.813473
0.496600 0.032860 1.365146
-0.232851 -0.460151 -3.133956
0.482188 0.015278 1.738762
0.327989 -0.299788 -2.262772
0.478759 -0.030099 1.661670
-0.144515 -0.495182 3.083965
-0.488588 0.211326 -1.740439
0.061448 -0.471398 2.624384
-0.214348 -0.450223 2.952017
-0.143590 0.426250 -3.051248
-0.301819 0.410023 -1.256091
0.495549 0.025516 1.374772
-0.348744 -0.007235 1.664005
0.441971 -0.032391 1.578692
0.489080 -0.041457 1.502099
0.494379 -0.050223 1.102309
0.128383 -0.262353 -2.055803
0.092962 0.358877 0.239805
-0.372911 0.490782 -2.962672
-0.033062 0.208263 -2.488671
0.487766 -0.038271 1.419735
0.499512 0.013122 1.697031
-0.267238 0.270098 0.301865
0.493840 -0.057520 1.620025
-0.048756 -0.179720 2.544598
-0.052273 -0.477269 -3.114050
0.452342 -0.119136 1.912261
0.154628 -0.193329 2.346182
-0.371318 0.485549 3.022905
0.483837 0.022045 1.599382
-0.228715 -0.496930 2.779981
-0.048353 0.263907 -3.124479
-0.321802 0.311769 1.709165
0.488337 -0.050112 1.707423
-0.013437 -0.489840 2.908380
0.333676 -0.300731 -2.234637
0.499705 -0.399886 1.602903
0.499200 0.027765 1.417497
-0.474271 0.277744 -2.114611
0.334033 -0.299359 -2.194098
-0.061247 -0.170432 2.301672
0.310725 -0.287049 -2.349205
0.307070 -0.311667 -1.854378
-0.361985 0.480555 3.019922
0.347231 -0.330148 -2.969981
0.487368 -0.033916 1.640480
-0.212792 0.303072 -0.473999
0.499628 -0.048924 1.620116
0.486652 -0.397436 1.391930
0.483472 0.012894 1.806186
-0.245224 -0.432618 2.722571
0.009378 -0.492891 -2.312344
-0.058583 -0.132767 -2.887312
0.096547 -0.195241 -2.153139
0.275329 -0.163596 -3.141088
-0.037413 -0.379896 2.948274
-0.074370 -0.472864 -3.026091
-0.365896 0.490797 3.058046
-0.228587 -0.471147 2.893451
0.486672 -0.393308 1.548051
0.495706 0.018477 1.555816
-0.016242 -0.493564 -3.134098
-0.488391 0.226170 -1.814717
-0.010155 -0.434880 2.926296
-0.029597 -0.206674 2.494151
-0.498480 0.210722 -1.527057
0.472428 -0.394859 1.375145
-0.023576 -0.476731 -3.114184
-0.370324 0.491487 2.989011
0.495690 -0.394459 1.391739
-0.496824 0.219702 -1.605588
-0.354914 0.495365 3.106210
0.479318 0.004198 1.625185
0.317148 -0.013179 2.677224
-0.102541 0.401628 2.310593
-0.256861 0.425912 -1.166789
-0.286088 0.315186 1.478798
-0.215913 -0.435741 2.897035
0.238484 0.233731 -3.021206
-0.115108 0.147784 -2.398991
0.495620 -0.030504 1.803683
0.292128 -0.232677 -2.126274
-0.469761 -0.432529 -1.146483
0.496893 -0.057536 1.759727
-0.142032 0.220990 -2.560708
0.067871 -0.470706 -0.753695
-0.485795 0.286875 -1.866639
-0.024883 -0.142985 2.896514
-0.232503 -0.469826 3.084492
0.488715 0.029779 1.549368
0.492581 0.022733 1.657882
-0.358282 0.493533 2.963516
0.492847 0.025641 1.321252
