-0.127664 -0.481899 -6.055764
-0.345687 0.206991 3.017491
-0.474301 -0.412062 5.049988
0.138499 0.166784 -3.490488
0.413327 -0.255314 -3.337511
-0.498082 0.163401 1.044943
-0.423202 0.495955 3.647681
-0.183976 0.414104 -3.263186
-0.006937 -0.094526 -4.557685
-0.066712 -0.027085 5.395705
-0.482006 -0.406320 5.854783
-0.309658 -0.104957 6.273245
-0.490357 0.402699 9.383520
-0.451388 0.324972 -5.266265
0.167542 -0.152821 -4.468631
-0.452087 -0.054649 -3.015645
-0.471730 0.182061 5.150312
-0.393692 -0.049981 2.375014
-0.483620 0.191558 3.139529
-0.448430 -0.239510 1.056180
-0.405604 0.169093 2.319418
-0.464852 -0.068844 -3.587589
-0.497053 0.366804 -5.394660
-0.417990 -0.438077 3.223767
0.025833 0.151026 3.397045
0.108007 0.226767 2.290527
-0.328717 -0.465861 4.247002
-0.475104 0.293561 -4.377457
-0.491300 0.482071 6.759440
0.275627 -0.259881 5.739815
-0.431490 0.308899 -2.195591
-0.237200 -0.498218 -1.187523
-0.301425 0.270632 -2.176370
0.177828 -0.139014 -4.558696
0.026105 -0.448263 -4.435972
-0.433031 -0.398301 -1.263939
0.191685 0.309860 -0.258368
-0.381362 -0.155815 -1.107753
-0.420348 0.250894 3.519458
-0.373334 0.091892 -3.339537
-0.387809 0.199056 1.968930
-0.400719 -0.251546 4.898318
-0.242952 0.467725 -2.343306
-0.314812 0.463522 -4.066650
-0.493086 0.485782 7.903368
-0.400880 0.181842 -6.133549
-0.404337 0.288077 1.776677
-0.374022 0.447043 5.025009
-0.423157 -0.393404 1.182276
-0.015205 -0.363236 0.614163
0.145041 0.377066 2.603267
-0.432977 0.429608 5.159716
-0.334166 -0.093613 6.189145
-0.216889 0.341026 3.636836
-0.286306 -0.087429 -2.773297
0.426918 0.128756 -1.738647
-0.483671 -0.249611 -3.847209
0.113787 -0.389918 0.819598
-0.463846 0.396521 -5.695948
0.234560 -0.490469 1.804086
-0.455735 -0.424657 -4.827500
-0.272596 -0.293579 5.352783
-0.345353 0.334450 -3.646731
-0.317424 0.431568 3.625937
0.165682 -0.447935 6.097515
-0.403752 0.041803 -3.487836
-0.436166 0.433247 1.030375
-0.458451 -0.405996 -2.800807
-0.033683 -0.257305 2.893936
0.141806 0.385919 2.714201
-0.368540 0.021384 -2.062602
-0.499208 0.283406 -2.978094
0.149489 -0.431761 5.044762
-0.412941 0.483662 11.892767
-0.277644 -0.277987 2.046281
-0.491351 0.384672 5.977224
-0.420223 0.035753 -2.082817
-0.381583 -0.095197 -3.596153
-0.410893 0.242932 -3.677633
-0.414583 -0.173831 -1.896062
0.198187 0.350933 2.246917
0.497785 0.445064 4.719148
0.160008 -0.481098 0.306371
-0.381191 0.202566 -5.156806
-0.447619 0.092044 5.420906
-0.491426 0.411568 -0.504013
-0.330506 -0.251920 -3.117598
-0.486125 0.060837 0.893581
-0.030459 -0.330521 5.769538
-0.481977 0.161940 3.416710
-0.118834 -0.336075 1.075286
-0.381799 0.392665 -6.024838
-0.497777 0.400195 -1.142117
0.042180 0.051300 -5.409903
-0.381853 -0.266987 -0.623530
0.354006 -0.148888 -6.013699
-0.087443 -0.419389 6.055665
0.010920 0.202551 1.797262
-0.394002 0.449283 3.332368
0.487207 0.422526 3.366005
-0.416646 0.092284 -6.047920
-0.254599 0.221422 -1.349629
-0.211828 0.453441 -2.209780
-0.337891 0.447251 -5.745486
-0.409031 -0.017958 -3.177963
-0.432398 0.386276 5.008540
-0.491642 -0.153777 -2.601226
-0.346141 0.321157 4.657709
-0.441731 0.114611 3.566969
-0.476176 -0.059713 2.330823
-0.464215 0.428225 -3.759904
-0.382676 0.276951 -5.432627
-0.423000 -0.407741 1.121826
-0.222016 0.162753 -4.636897
-0.461416 0.434318 -4.118411
-0.027969 0.148341 -5.399398
-0.259951 0.446976 -1.970917
-0.457558 -0.066928 4.139007
-0.454495 -0.272441 4.854253
-0.378440 0.498821 3.851743
-0.455627 -0.053577 -2.678843
-0.448452 -0.011955 -6.187172
-0.260280 0.036466 -1.128024
-0.387736 0.471518 3.697377
-0.476930 -0.411373 7.150977
-0.395862 -0.123991 -3.764436
-0.470817 -0.039757 -5.627005
-0.482898 0.048298 4.189102
-0.265603 0.353430 -0.701141
-0.434986 0.066566 -3.791806
-0.295554 -0.112011 -5.916783
-0.467773 0.434428 -6.048040
-0.380379 0.362025 -4.185426
0.452428 0.464748 -1.444748
-0.498837 0.446589 2.157408
-0.299050 0.395516 -0.677582
-0.447818 0.465132 2.424513
-0.484632 0.146249 2.572185
0.217514 -0.024540 3.244354
-0.480387 -0.098996 -5.396834
-0.391112 0.205898 -4.620985
-0.399483 0.074627 3.916454
-0.413687 0.223037 -3.907298
-0.169172 -0.403841 2.841583
-0.048378 0.013714 -0.612969
-0.387798 0.455285 3.192219
-0.485339 0.422753 2.521851
0.007327 0.259658 -2.761462
-0.440296 0.453226 -5.961034
-0.447500 0.436722 -2.526020
-0.391955 -0.162554 -6.261000
-0.421098 0.225316 1.808770
-0.448345 -0.019659 -0.042251
-0.333302 -0.177768 -5.909128
-0.419887 -0.080019 -3.954445
-0.013436 0.392349 -0.675900
-0.435922 0.105142 5.445960
-0.475758 0.430694 2.226352
-0.445232 -0.179134 -1.194534
-0.492581 -0.285288 7.550639
-0.486022 0.373290 -3.041122
-0.180908 0.388000 -3.015550
-0.361502 -0.090382 -3.310036
-0.476899 0.102081 4.312047
-0.243840 0.231743 -1.456707
-0.396199 0.286166 3.883868
-0.144209 -0.353119 0.449269
-0.389726 0.448568 3.749722
0.388136 0.067489 6.189151
-0.458137 0.123270 3.602554
-0.405094 0.077104 0.609668
-0.147256 0.171506 -5.025143
0.053465 0.187943 1.993698
-0.452382 -0.425367 -2.746253
-0.258992 -0.126510 -2.311294
-0.374916 0.248669 -3.545027
-0.076735 0.210405 4.808021
-0.499107 0.072349 -0.176034
0.143437 0.419522 -2.177164
-0.338302 0.392301 -6.204468
-0.484886 0.377766 2.883430
-0.463338 0.442111 5.943438
-0.455631 0.432045 3.357031
-0.412622 0.452589 4.255059
0.104203 0.458291 -2.407808
-0.370653 -0.151088 -1.408040
-0.435703 -0.478260 5.724614
0.476058 0.445315 0.185064
0.124645 0.086365 0.810542
-0.468379 0.232568 -3.474174
0.171854 0.209214 -0.766899
-0.380484 -0.183378 3.841000
-0.487021 -0.340768 6.387947
-0.467813 0.133588 3.537479
0.005146 0.207858 2.008289
-0.429986 0.335112 -5.310108
0.080257 0.472210 -1.017819
-0.391547 -0.134462 -4.619654
-0.302438 -0.215541 -3.949813
-0.470716 -0.332941 3.914090
-0.389241 -0.206233 -2.861891
-0.307933 0.276925 -1.595287
-0.488866 0.416208 -5.021852
-0.409012 0.233740 1.748772
-0.317182 0.356355 -0.462174
-0.415140 -0.190234 -3.381666
-0.418905 0.417943 1.528610
-0.388134 0.312777 -3.546164
-0.467839 0.466522 -5.385239
0.371689 0.130845 -1.779836
0.016227 -0.438552 4.550612
-0.478035 0.088273 3.488939
-0.195920 -0.199527 -5.556605
-0.436251 0.060575 -3.784150
-0.406187 0.179344 4.775085
-0.455937 0.175310 2.331035
-0.451254 0.307741 -5.952035
-0.493425 0.483614 8.181370
-0.456404 0.336571 -6.073658
-0.498625 -0.236676 -4.669647
-0.035990 -0.372176 6.016466
-0.461446 0.455249 -4.512060
-0.395807 0.489683 1.981813
-0.388899 0.267657 4.935804
-0.495349 0.416639 4.296743
-0.060995 -0.468325 -1.651350
-0.499906 0.324585 -1.262941
-0.439888 0.094026 -5.951573
-0.277386 0.282745 -2.243603
-0.432430 -0.401311 4.051547
-0.493390 0.437183 3.890962
-0.490905 0.375430 8.878957
-0.445386 -0.098739 -5.951485
-0.478437 0.383900 4.442228
-0.268207 -0.293430 5.535364
0.357895 0.122607 -3.202068
-0.421148 -0.165533 -2.874431
-0.496566 -0.384440 -3.824428
-0.489778 0.409513 -0.411350
-0.475123 0.456227 -4.808333
-0.412065 0.100928 5.715644
0.159930 -0.409842 5.518514
-0.249304 0.203557 -5.620350
0.486316 0.351948 -5.926705
-0.015193 0.130110 -5.166860
-0.357381 -0.468930 4.330970
-0.325648 0.238181 -1.385296
-0.378729 -0.073286 -5.186705
-0.361073 0.462213 3.287310
0.000039 -0.133098 -6.262701
-0.467753 0.099252 4.895850
0.167857 -0.472786 4.968908
0.363426 -0.378703 -3.809883
0.238223 -0.103525 4.565279
-0.378673 0.269220 -4.036030
-0.412959 0.107652 4.363529
-0.315570 0.372911 -0.754556
-0.414834 -0.131210 -1.886070
-0.117021 -0.314021 0.737954
-0.083502 0.200307 4.860769
0.350696 0.146656 -2.076046
-0.493756 -0.065933 0.793716
-0.423206 0.496865 1.032293
-0.296287 0.203051 -0.960271
-0.449467 -0.405519 -3.067424
0.442545 0.118711 3.594899
-0.356737 0.416051 -3.622306
-0.285965 0.365405 -3.043823
-0.476319 0.472897 8.293004
-0.385215 -0.124268 -2.939858
-0.455096 -0.052847 -2.949879
-0.338019 0.208306 1.634307
0.098725 0.098677 0.954350
0.204372 -0.436899 0.699290
-0.469750 0.121200 -6.226169
-0.080500 0.290686 1.393505
0.017799 0.181819 -1.956153
0.156074 -0.468141 4.873735
0.139236 -0.415044 5.729453
0.059620 0.403681 -4.755644
-0.444204 0.368676 2.023306
-0.495653 0.393752 8.860561
-0.364575 0.150498 3.835381
-0.351378 0.206418 3.325540
-0.469951 0.442872 -4.140226
-0.166806 -0.110262 3.161442
-0.497673 -0.112913 2.418851
0.246318 0.010979 2.403586
-0.498690 0.228176 1.747250
-0.397446 -0.269070 2.066576
0.218619 0.400156 2.122241
0.140511 -0.420684 1.922949
-0.448470 0.223873 5.769395
-0.360585 0.432827 3.558723
-0.484235 0.237528 -2.110449
-0.495458 0.269439 5.903885
-0.146236 -0.414092 -6.036445
-0.464015 -0.274032 -4.016689
-0.394140 0.023426 -2.505470
-0.406385 0.218984 -3.537337
-0.423691 -0.110022 -4.084069
-0.191886 -0.104451 3.691572
-0.460631 0.207735 6.257642
-0.448918 -0.383642 4.175136
-0.484133 0.486326 -1.518087
-0.435825 -0.016027 -3.388035
-0.422526 0.271460 5.491982
-0.453299 -0.285178 2.281010
-0.425734 -0.171195 -4.783793
-0.344458 -0.214245 -2.048318
0.235093 0.393717 5.289964
-0.439541 -0.170334 -5.444437
0.462039 0.233932 2.203917
-0.421930 0.218113 -1.607824
-0.304864 -0.250331 -1.973376
-0.427078 -0.122134 -1.516843
-0.097987 0.234536 4.673650
-0.470540 0.211997 3.828635
-0.498198 0.106791 -2.409498
-0.391462 0.230673 0.652902
-0.206965 -0.046388 0.000121
-0.428852 0.067122 -4.403068
-0.472691 0.119966 3.641383
-0.320524 0.435134 4.055677
-0.246616 -0.018237 5.440390
0.114665 -0.481592 -5.346194
-0.372664 0.335330 4.682077
-0.013280 -0.437075 -3.562634
0.127517 -0.476404 4.924833
-0.398108 -0.161607 -3.327655
-0.375483 -0.128032 -2.643569
-0.430501 0.141995 -6.114195
0.115109 -0.096372 6.065758
-0.287557 -0.238353 -1.538813
-0.466785 0.442446 -4.093798
-0.078371 -0.243908 0.306290
-0.436822 0.455922 2.231718
0.238303 0.397498 2.162713
-0.497660 -0.071423 2.128017
-0.148584 -0.421026 6.161194
-0.078481 -0.349450 1.245561
-0.456063 -0.145697 -0.994795
-0.389251 -0.176813 -0.832694
-0.436609 0.263539 2.535372
-0.377965 0.203645 3.467832
-0.392609 0.430200 3.321602
-0.342091 0.254579 -4.583298
-0.090544 -0.469120 -1.956200
0.203124 0.237493 -4.318924
-0.440610 0.118306 3.667383
-0.189122 -0.180878 -1.781947
-0.449070 -0.340041 3.699664
-0.398234 0.498783 3.455779
-0.042555 -0.246681 2.877768
-0.475941 -0.051201 -4.983791
-0.393832 0.422137 3.305682
0.219445 0.003255 3.234676
-0.371801 0.495598 4.970272
0.178854 0.164900 1.308331
-0.483629 0.497930 11.271540
-0.356213 -0.408679 4.278169
-0.300051 0.300859 -2.302274
-0.286767 -0.082389 -2.728779
-0.476937 0.328288 7.932950
-0.045242 -0.045439 5.760720
-0.498505 0.437650 -4.699556
-0.407720 0.214760 -1.496302
0.164526 -0.105185 -4.754242
-0.187134 -0.202777 -5.688512
-0.331360 0.260897 -1.291777
0.297690 -0.222274 5.757069
-0.464857 0.257366 -3.348139
-0.443106 -0.396522 3.445219
-0.269880 0.273348 3.943090
-0.416983 -0.061690 -1.905819
-0.493850 0.465417 9.331809
-0.462915 0.184509 5.971472
0.314911 0.438907 -2.506770
-0.273668 -0.069709 -2.549545
-0.481244 -0.428641 -6.246380
-0.130727 0.059876 1.716737
-0.470610 -0.143742 -5.667689
-0.317311 0.387724 -3.730749
0.140670 0.384600 0.411003
0.046180 0.226634 -0.297942
-0.498615 0.336781 -4.705897
-0.440597 0.060200 -3.763201
-0.403964 -0.448404 5.560928
-0.315099 0.039503 -0.949065
-0.481376 -0.299376 7.128444
-0.355836 0.489677 3.763665
-0.493075 -0.057774 1.995248
0.143776 -0.405466 3.916123
-0.008952 0.194798 1.630874
-0.452841 0.120479 3.543784
0.404557 0.122594 -2.394591
-0.306710 0.165477 1.001710
-0.374383 0.412687 -5.143555
-0.452178 0.373303 -5.794169
-0.340423 0.413734 -3.111454
