-0.369124 0.288753 4.308439
-0.488204 -0.062934 -5.179402
-0.391204 -0.196711 -2.208540
-0.429502 -0.202022 -2.748849
-0.022520 -0.387425 5.108850
-0.464997 0.436647 -3.974547
-0.031539 -0.026993 0.915521
-0.181497 0.293105 2.558935
-0.442137 0.453488 6.092792
0.236228 -0.235535 -0.258163
-0.449707 -0.252349 -3.104003
-0.314920 0.337558 -3.328177
0.313026 0.116289 -3.738245
0.148760 -0.482005 2.972754
0.315439 0.410377 4.953295
0.003807 0.395446 -1.796387
-0.456661 0.220535 5.708662
-0.346399 -0.340857 -1.385781
-0.499558 -0.232281 -2.551830
-0.283726 0.288354 -2.237884
-0.163438 0.383085 3.275598
-0.497550 -0.149095 6.287216
-0.489124 0.413476 6.959224
-0.478566 -0.130155 -3.463915
0.204864 -0.283188 0.048297
-0.325514 0.047744 -5.117530
-0.151192 -0.450277 -1.931512
-0.494571 -0.215637 -2.479293
-0.463993 0.476459 -4.459954
-0.490496 0.484433 9.534150
-0.372276 0.316597 -0.250829
-0.294895 -0.463446 -2.382738
-0.448616 0.407994 -3.345928
0.165337 -0.306371 0.210395
-0.024475 -0.215587 0.344440
-0.195326 -0.247939 -3.921174
-0.448621 0.182522 -5.191494
-0.334391 0.170397 -5.564515
-0.463508 0.357244 -5.464701
-0.483194 0.286409 -5.876680
-0.427930 -0.099282 -4.404445
-0.284321 -0.394167 -2.955336
-0.351302 0.283858 5.732711
-0.484201 0.471381 -4.993427
-0.318596 0.431629 4.246889
-0.467212 0.490810 10.588600
-0.455424 0.444106 -3.454577
-0.397096 0.335398 -4.227392
-0.043571 -0.443357 -4.486569
0.410454 -0.271152 3.741537
-0.222133 -0.447529 2.187828
-0.490624 0.499569 11.081381
-0.371513 -0.291654 -1.514682
-0.483166 0.186190 -1.638090
-0.365275 0.164287 0.585316
-0.096846 0.480058 3.164347
0.307221 0.317417 0.736752
-0.206940 0.383247 -5.152658
-0.475601 0.460707 8.522852
0.394367 -0.413812 0.091220
0.027442 0.389611 -1.527130
0.117445 -0.429019 0.308875
-0.264049 0.167210 5.174548
-0.467950 0.457777 -4.890217
0.306747 0.022985 -4.076568
-0.386374 -0.140513 -2.463705
-0.476530 0.350667 2.544549
-0.453732 -0.045763 -2.973363
-0.435372 0.180710 2.928015
-0.379581 0.226798 5.903921
-0.094040 0.000781 6.001545
-0.325070 0.376703 6.106672
-0.469050 -0.250478 -4.842477
-0.391761 0.459318 -0.701937
0.088753 0.274353 0.778685
-0.208899 0.412706 -5.041712
-0.460545 0.462458 6.034204
-0.075236 -0.188906 4.830132
-0.481340 0.411075 6.373706
-0.311695 -0.445842 -2.591568
-0.102312 -0.023140 -5.756352
0.133725 -0.462750 0.580883
0.465438 0.411087 1.591561
-0.337938 0.124505 -2.897423
0.417768 -0.219912 3.943374
-0.362885 0.301738 -1.712163
-0.375575 -0.254894 -1.549376
-0.208951 0.457572 -1.002633
0.495480 0.179452 -2.197583
0.301423 -0.418705 -0.361870
0.371204 -0.241680 6.091549
-0.447463 0.285958 4.426557
-0.269852 0.388029 -3.046817
0.340552 0.047093 -3.904139
-0.267430 -0.488823 4.048201
-0.387665 0.443383 -5.558856
-0.044498 -0.443144 -4.520781
-0.165469 -0.074621 3.779680
-0.487549 0.443553 -3.371118
-0.378343 0.211884 3.375467
-0.477097 0.438671 4.569176
-0.482242 0.386546 5.512845
-0.467952 0.457899 -4.303152
-0.481337 0.382032 -3.689731
-0.493621 0.433906 -6.239644
-0.496700 0.498579 -4.731862
-0.416075 0.283794 0.957088
-0.482390 0.414409 6.501292
-0.411659 0.455289 -2.001315
-0.494277 -0.232120 -2.663131
-0.357802 0.165526 1.864988
-0.434607 0.350931 5.684862
-0.335645 -0.203566 -3.417091
0.116836 -0.462918 -2.570631
-0.282509 0.262347 -3.390585
-0.065180 0.066799 3.976829
-0.149144 0.338524 -2.609543
-0.442414 0.310934 0.910214
-0.453968 -0.304171 -3.210561
-0.098371 0.152613 -4.353109
-0.478603 0.390966 -3.442689
-0.080955 -0.102109 4.360455
-0.352480 -0.420642 1.327555
-0.294707 0.073260 -2.439929
0.301556 0.420364 4.136766
-0.481756 -0.211754 5.850718
0.115755 -0.070601 0.804998
-0.483736 0.324619 -4.126320
-0.314025 0.481425 0.309901
0.224283 0.025719 -1.521417
-0.262259 0.435112 -1.285429
-0.436406 0.214752 -5.927212
-0.233921 0.403902 -4.451314
-0.383177 -0.273924 -5.602586
-0.497528 0.471402 9.412319
-0.276397 0.446772 -3.981568
-0.137995 0.358940 3.721568
-0.379557 0.269820 2.907662
-0.451024 0.489703 10.070140
-0.468107 -0.410055 -1.685125
-0.194831 -0.459985 -1.539634
-0.347179 0.304250 -6.215242
-0.463579 0.419608 5.494441
-0.289218 0.429972 -5.357860
-0.499084 0.437249 8.332113
-0.362737 0.213985 -3.501122
-0.349153 -0.306028 -5.575890
-0.454731 -0.435837 -1.988592
-0.466188 0.354812 3.747790
-0.471529 0.483345 -2.915692
-0.335110 0.480769 5.744798
0.005922 0.234945 -1.872420
-0.475137 0.295436 2.464326
-0.146262 -0.118817 3.709967
-0.485589 -0.418818 -1.655000
-0.309379 -0.038529 1.872281
-0.029200 -0.175008 0.566096
0.094623 -0.391036 -4.066767
-0.230158 -0.123458 3.844261
-0.063744 -0.014169 -1.840390
-0.491492 0.471873 -3.301628
-0.444130 0.439601 -6.185968
-0.121731 -0.163459 5.062129
-0.476571 0.481818 8.600516
-0.341106 0.356549 -4.593704
-0.439441 0.422775 -5.299951
0.232317 -0.268271 -0.162497
-0.150173 -0.090831 3.357962
0.174213 -0.114692 4.517941
-0.366366 -0.173205 5.421942
-0.480887 -0.209129 -2.581076
-0.256744 -0.488545 9.462917
0.245752 -0.255960 -0.133983
-0.415508 -0.439232 -1.710104
0.426222 0.182337 -1.816685
-0.196980 0.369873 -4.967566
-0.476316 0.481014 -5.835101
-0.287459 0.166062 -1.458602
-0.340225 0.413185 -2.008219
-0.436627 -0.216966 -3.323619
-0.469848 0.411584 -4.770518
-0.475727 0.490593 11.551038
-0.398178 0.498551 -5.818716
-0.196678 0.442215 -0.858248
0.421747 0.096759 -4.421121
-0.318766 0.381601 -0.949035
-0.232741 -0.021320 -0.982293
0.201837 -0.162885 4.056163
0.496853 0.402510 1.430353
-0.277404 0.276190 -3.039841
-0.357492 -0.181018 -2.816160
-0.493153 0.407799 -2.323465
0.245683 -0.065121 1.856407
-0.484055 -0.152266 -2.931123
0.156397 -0.385710 0.183307
-0.417465 0.435085 1.712589
-0.129122 0.337725 -2.830518
-0.421757 -0.266705 -2.589763
-0.048252 0.338054 1.426958
0.462507 0.378105 4.726968
-0.465162 0.363373 2.540100
-0.372752 0.480179 -6.254221
-0.478533 0.351619 4.937059
-0.381354 0.183635 -4.007305
0.244750 0.430961 1.617396
-0.018783 -0.045156 1.219580
-0.380452 0.453986 -4.024347
-0.492650 0.465704 7.868505
-0.473833 0.484011 9.315784
-0.377629 0.267615 4.342381
-0.489251 -0.379026 -2.960621
-0.490347 -0.200891 6.029763
-0.108805 -0.457795 -4.745494
-0.398682 0.407697 -4.321552
-0.470990 0.434440 4.979835
-0.315239 0.056642 -5.155357
-0.487703 0.432799 5.876462
-0.171018 0.378588 3.574932
-0.257011 -0.031990 1.613660
-0.062928 -0.083471 2.220247
0.350889 0.014048 2.437121
-0.477810 0.288144 2.723253
-0.308876 0.376081 5.342896
-0.482675 0.344646 5.831765
-0.119026 0.472419 -3.087092
0.490980 0.416003 1.434262
-0.478136 0.472019 -4.230830
-0.459531 0.353797 6.213977
-0.354584 0.459416 -4.494494
-0.480211 -0.197503 -2.768757
-0.467829 0.435600 -5.112889
-0.240263 0.185785 -5.598303
-0.481506 -0.339322 -3.111966
-0.487086 0.488551 6.115970
-0.019280 0.304402 -1.735302
-0.044554 -0.084195 2.123274
-0.468827 -0.291069 -2.809188
-0.393822 -0.219346 -2.055929
-0.468528 0.499340 11.713760
-0.491043 0.380186 -4.081431
-0.190746 0.340960 1.865583
0.252627 -0.251779 -0.041281
-0.496022 0.276567 -5.966332
-0.088184 -0.382498 -0.493619
0.412095 -0.271792 3.905282
-0.345287 -0.381306 1.853021
-0.479406 0.457133 8.160140
0.495836 0.408903 1.570827
-0.456157 0.442275 -4.783108
-0.322273 -0.244863 -1.384981
-0.498034 -0.267584 5.629918
-0.063299 0.279625 3.146543
-0.208009 -0.247156 -3.874217
-0.369431 0.186590 -3.860992
-0.440772 0.217582 2.149258
-0.066434 -0.070891 2.519958
-0.350299 -0.239814 -1.786874
-0.456556 -0.489920 2.590526
-0.054141 0.320302 -1.762226
-0.495109 0.481205 -1.930438
-0.364901 0.211758 -0.656662
-0.325514 -0.070458 0.217346
0.090265 -0.461727 -2.665405
-0.487986 0.469864 5.537468
-0.446032 -0.433851 -1.916839
-0.473309 0.374212 -3.204993
0.257611 -0.058789 1.937267
-0.171658 0.430467 6.127431
-0.480802 0.478315 -4.267113
-0.135932 0.322150 -2.519974
0.156508 -0.471574 3.293447
-0.441236 0.465534 5.513396
-0.468771 -0.424659 -1.690474
0.212622 -0.181460 1.239364
-0.432115 0.236967 4.655725
-0.356184 0.290737 -5.630544
-0.489946 0.454311 8.476902
0.368558 -0.196751 1.130118
-0.051698 -0.087207 2.038779
-0.177543 -0.438049 -1.913205
-0.127432 0.149648 -4.327691
-0.290429 0.303396 -4.522186
-0.362183 0.462349 4.807567
-0.419705 0.130488 -5.213077
-0.428629 0.402804 4.928882
-0.241474 0.400165 -4.722728
-0.381893 0.299263 4.451578
-0.038445 0.305247 -1.563235
-0.309381 -0.167454 -3.289808
-0.254549 0.227221 -5.845725
0.088803 0.219589 2.859843
0.091895 -0.456964 -2.361422
0.165008 -0.403594 0.106624
-0.041048 0.239016 3.392317
-0.374326 0.307794 -3.869621
-0.465908 0.201738 1.947080
-0.442915 0.464529 4.842718
-0.468443 -0.252871 -2.013447
-0.248704 0.167547 4.789752
-0.476827 0.389789 -2.914773
-0.159934 0.468140 6.176747
-0.465560 -0.194058 -2.749180
-0.068247 -0.385694 -0.509153
0.486266 0.391750 4.784969
-0.483035 0.427334 -5.167584
0.005771 0.385530 -1.434993
-0.461286 0.420395 -3.802486
-0.442512 -0.184416 -2.019313
-0.466180 -0.246595 -2.370641
-0.280362 -0.485381 0.990506
-0.380442 0.375289 -4.974465
-0.354082 0.399445 5.030870
-0.210557 -0.449692 -1.515840
-0.496239 0.283529 -6.123815
-0.065397 0.067956 4.094881
-0.181965 -0.043421 3.976580
0.395355 0.293514 -0.797641
-0.367170 0.186299 -4.950446
-0.331101 -0.198133 -3.523989
-0.189625 0.287059 2.672521
-0.027031 0.334531 -0.352524
-0.472294 -0.196041 -2.702334
-0.267242 0.150983 4.691210
-0.431964 0.285791 1.871269
-0.440573 0.444872 -4.289541
0.321203 0.423797 -6.045046
-0.464324 0.365358 -3.269931
-0.029314 0.403276 -1.881219
0.340303 -0.003310 2.313134
-0.288188 0.193890 5.032267
-0.321323 0.379910 6.243512
-0.070755 -0.180787 4.822786
-0.487349 0.439099 4.664091
-0.050114 0.041771 3.834883
-0.466365 0.490855 9.378613
-0.363130 0.462281 4.948814
-0.476729 0.398965 5.764164
-0.227957 0.227701 2.457411
-0.356268 0.112470 -5.278550
0.350628 0.443457 1.053942
-0.384118 -0.205315 -3.288393
-0.456054 0.369479 -5.295163
-0.463547 -0.238234 -4.864952
-0.484800 0.485976 -5.189005
-0.038019 0.323407 -0.233146
-0.499684 0.444820 9.155823
-0.349264 0.489799 -2.441615
-0.313510 -0.458142 -5.284945
-0.187103 0.253413 2.963105
-0.239433 0.388399 -4.668614
-0.321190 -0.222541 -3.390117
-0.458461 0.354338 2.137805
-0.405213 0.401797 -4.534179
-0.464585 0.449334 -3.555409
-0.181786 -0.044199 3.737095
-0.434512 0.344052 1.648170
-0.486795 0.395451 5.930491
-0.322602 0.358814 -3.031799
0.323736 0.411668 -2.729096
-0.461177 0.490245 -3.661650
-0.483734 0.258360 9.024422
-0.312337 -0.266217 0.079174
-0.360657 0.071527 -2.582116
-0.488415 -0.159768 6.605385
-0.363624 0.208948 -4.186854
-0.014686 -0.036643 1.246564
-0.372573 0.158226 0.714969
-0.332729 0.318040 -4.320154
-0.364744 0.074980 -2.872833
-0.361165 0.218712 -6.013040
-0.476352 0.235285 4.415941
-0.392875 0.176452 -4.146068
-0.481386 -0.177827 6.285069
-0.328615 -0.182445 -3.137094
-0.382505 0.491104 -4.727838
-0.384377 0.445068 5.712279
-0.305629 0.173992 1.824542
-0.186193 -0.323743 4.987642
-0.490944 -0.155579 -3.960014
-0.443918 0.253016 -5.954698
-0.293671 0.375728 3.076019
-0.126664 -0.053765 3.912849
-0.477213 0.304142 7.616568
-0.343990 0.356341 3.188441
0.124811 0.392906 2.275953
-0.353041 0.272062 2.273051
-0.468794 0.439951 -5.434559
-0.441771 -0.452381 -1.952441
-0.283934 0.280929 -2.140494
-0.478466 -0.230418 -2.274484
-0.259086 0.301591 -3.289206
-0.250705 -0.462597 -3.373925
0.442284 0.190651 -1.892273
0.367638 0.419943 3.988668
-0.363514 0.309353 -1.903411
0.266662 -0.032424 5.823920
-0.324253 0.120279 -2.749444
-0.403943 0.324258 -4.236360
-0.499134 0.479935 0.751470
0.455444 0.147029 -1.367731
