-0.417545 0.057368 -4.447803
-0.478013 -0.442693 4.104412
-0.184163 0.477818 6.129817
-0.444658 0.367890 -3.597404
-0.220795 0.072223 -4.385644
-0.405437 0.273364 4.002116
0.028265 -0.239356 -4.505223
-0.070171 -0.314167 -2.762143
-0.437445 0.205365 -4.733779
-0.498162 0.434571 -5.177351
-0.336878 0.252238 6.235663
-0.310848 0.342894 2.526825
-0.454367 0.372277 -5.730696
-0.460991 0.386059 -5.905992
-0.454521 -0.404243 4.892014
-0.344457 0.317294 3.925807
0.381962 -0.072354 3.040879
-0.014624 0.321164 -5.268676
-0.469683 0.482106 -5.656567
-0.395671 0.379119 4.922793
-0.486293 0.377515 5.564674
-0.494670 -0.463073 7.013011
-0.485203 -0.411307 -1.074789
0.197892 -0.491044 7.239104
-0.483922 0.481935 -5.710551
0.410569 0.351219 -5.837021
-0.425571 0.314968 4.383477
-0.300673 -0.235114 4.117411
0.213089 0.326203 1.423107
-0.346916 0.252808 -1.045700
-0.499238 0.362713 -1.830405
0.352687 0.433688 -0.118680
0.321683 0.089371 0.591000
-0.373919 0.351292 2.287787
0.291054 -0.338043 -4.487186
-0.463101 -0.475747 -2.539109
-0.030465 -0.085981 -4.783986
-0.475455 0.112953 -4.361559
-0.388428 0.374268 -2.078414
-0.451244 -0.461682 -2.848625
-0.446675 0.352843 -4.094856
-0.489607 0.162979 6.181462
-0.493739 0.384306 8.063814
-0.423928 -0.445979 4.638907
0.002447 0.413275 -0.643084
-0.044743 -0.119637 -1.258789
-0.464581 -0.402744 4.435888
-0.226839 -0.221229 -1.774960
-0.389185 -0.422832 3.922869
0.159572 0.168966 -5.421419
0.372179 -0.277682 5.627789
-0.415274 0.334352 4.582809
-0.465449 0.447781 -3.679113
-0.380249 0.310259 2.851425
-0.444142 0.214723 3.355853
-0.475106 0.389099 3.832290
-0.382877 -0.217734 -4.324779
-0.442773 0.182023 -4.349928
-0.105620 -0.141902 -3.456483
-0.416665 0.468533 4.576517
-0.478572 0.186639 -6.273883
-0.470581 0.325994 -2.972326
0.250029 -0.416587 -3.651636
-0.350753 0.312252 3.083033
-0.467999 0.215956 -4.718239
-0.453625 0.357603 -4.737870
0.330142 0.237088 -1.437773
-0.170438 0.242357 -1.205393
0.490291 0.245039 -0.611490
-0.345069 0.323185 3.277263
-0.450605 0.478532 3.330360
-0.498842 0.075616 2.162416
-0.327948 0.148761 1.827686
-0.497999 0.379679 7.235795
-0.215965 0.281924 -4.773709
-0.269245 -0.218689 2.225459
-0.453357 0.335215 -4.084602
-0.410168 0.234012 -5.123907
-0.153320 0.263819 3.922670
-0.488886 0.499262 2.014688
0.442400 -0.097848 4.145837
-0.449152 -0.469149 -3.274553
-0.406249 0.348979 -4.042053
-0.136996 -0.175154 -2.590758
-0.185565 0.434605 6.058114
-0.337662 0.345888 1.430635
-0.059834 -0.066668 -0.870944
-0.245143 0.075498 -3.503835
-0.475595 0.006678 -5.222928
-0.278581 -0.408238 -4.137986
-0.203858 -0.386064 2.953884
0.097054 0.462070 -2.992099
-0.460923 0.232949 -6.110372
-0.265277 0.245482 5.404935
-0.220528 0.439186 -0.497894
-0.495803 0.347787 -4.628008
-0.389430 0.321792 4.229116
-0.451614 0.351833 -2.634985
-0.372970 -0.383857 2.436285
-0.199469 0.168921 -4.275010
-0.316651 -0.306109 -4.506582
-0.272887 0.043501 -4.243323
-0.212903 -0.161696 -0.263061
-0.427054 0.353025 -6.102659
-0.461349 -0.210943 -5.905137
-0.435129 0.273075 -4.498376
-0.427427 -0.148539 -3.866978
-0.433813 -0.434821 4.707562
-0.465611 0.338493 -3.398536
-0.372992 0.373549 -4.971111
-0.352635 -0.448184 -6.256885
-0.461365 0.359317 -4.557211
-0.484884 0.057376 4.729113
-0.472564 0.129931 8.367368
-0.483277 -0.024021 -1.882580
-0.247889 -0.075877 6.183800
-0.355584 -0.209250 -5.328442
-0.430800 0.283982 -3.419342
-0.394292 0.388859 -5.951919
-0.106138 -0.488044 -0.191213
-0.375425 0.448252 -5.601316
-0.480566 0.084419 3.910679
-0.465738 -0.416229 -1.892447
-0.487615 0.380287 -3.888402
-0.298045 0.096138 -4.816972
-0.469386 0.462701 -6.226603
-0.221936 0.429140 0.010997
-0.390457 0.243495 4.733780
-0.476687 0.488866 9.024781
-0.318040 0.342384 2.944914
-0.408745 0.323164 1.724714
0.277540 -0.342049 -4.070388
-0.426122 0.017877 6.009431
-0.073602 -0.355358 -3.049710
0.133186 -0.469471 -4.337638
-0.479954 0.098263 -4.989497
-0.134751 -0.083561 -1.392020
-0.448226 0.402951 -2.600967
-0.267581 0.377256 0.646599
-0.473847 0.148390 5.506358
-0.415212 0.418613 -5.978663
-0.465011 -0.453046 5.108536
-0.399860 0.475683 3.475406
0.167003 -0.459455 -3.262060
-0.421394 -0.405847 4.502279
-0.350393 0.397266 5.905583
-0.447695 0.023580 -5.166543
-0.497118 0.070599 1.268478
-0.440375 0.394401 -4.585582
-0.439064 0.196176 3.638836
0.164216 0.089433 6.193839
-0.417350 0.431575 -6.057223
0.382491 0.271138 -1.800869
-0.482518 0.183129 5.465981
-0.054237 -0.250875 3.707893
-0.072513 0.396970 2.573990
-0.379030 0.207342 -2.061163
0.256705 -0.010309 -4.043272
-0.361483 0.193537 2.781523
-0.409549 0.460515 -5.004141
-0.464913 0.246738 5.287675
0.497331 0.177549 4.628282
-0.354556 0.113263 -5.032785
-0.487997 -0.005143 -5.752239
-0.417611 -0.175340 -2.632512
-0.497506 0.091147 -5.548968
-0.058803 -0.210286 -1.934941
-0.478664 0.400314 -3.827722
-0.470381 0.081641 -2.588177
-0.479591 0.126178 -0.017030
-0.408588 0.295807 -0.332098
-0.481150 0.196595 6.271157
-0.057076 -0.399967 4.245846
-0.399573 -0.128813 -3.106124
-0.426682 -0.374240 -1.075220
-0.114808 -0.152399 -3.755308
-0.044904 -0.464272 -2.031401
-0.470356 0.416598 -6.034783
-0.496663 0.459885 8.093667
-0.456464 0.446253 -6.114393
-0.434037 -0.210515 -4.025493
-0.412977 0.381023 5.416028
-0.478736 -0.091645 -3.988716
-0.459999 -0.123858 -1.942284
0.280762 0.226154 -0.396866
-0.306140 -0.447776 -5.506104
-0.480459 -0.423858 -5.272859
-0.153875 -0.360880 4.151946
-0.143600 -0.126127 -3.479649
0.046817 -0.233363 -4.393992
-0.464065 0.340848 -3.116222
-0.299285 0.134452 -2.718572
-0.468090 -0.192250 -5.746106
-0.481669 -0.430582 8.456394
-0.075588 -0.340456 5.024437
-0.491104 -0.449315 2.372581
-0.388370 0.433937 5.451288
-0.166052 -0.179979 4.973500
-0.334794 -0.453371 -4.475954
-0.185283 0.220025 -1.634836
-0.316828 0.276870 -4.525197
-0.450334 0.081686 4.592306
-0.412149 0.319916 3.903586
-0.244324 -0.049853 2.644436
-0.410265 0.182075 6.071739
-0.209290 0.035258 -2.819516
-0.461310 0.447817 5.840155
-0.376512 0.080411 4.613867
0.276207 -0.352998 -4.192543
-0.411721 0.226298 -2.031205
-0.314327 -0.084094 0.653061
-0.448917 0.422141 5.329455
-0.430820 -0.089725 -1.336231
-0.474684 0.370842 4.606331
-0.253459 -0.147953 5.270675
-0.486760 -0.095441 0.218909
0.489924 -0.121678 4.467057
-0.463403 0.193178 -4.233508
-0.243024 0.380205 6.231455
-0.486012 -0.065861 7.319901
-0.469700 -0.398548 -1.703402
-0.481195 -0.004213 -5.861459
0.091476 0.448328 -3.408389
-0.410060 0.436657 4.534714
-0.449160 0.170997 -2.918997
-0.328524 0.384591 0.683876
-0.499945 0.132407 -3.016214
-0.409164 -0.390906 2.650616
-0.481641 0.322951 -3.060916
0.453878 0.286959 -1.533143
-0.454260 0.366881 -3.671524
-0.102834 0.380102 2.668304
-0.423946 0.436547 -3.702037
-0.448542 0.236427 -6.135143
-0.473685 0.341823 -2.329526
-0.202358 -0.355706 -1.446560
-0.489736 0.368857 -4.026090
-0.450765 -0.005598 -4.436696
-0.137315 -0.326824 5.920575
-0.494994 0.324042 -5.490980
-0.472957 -0.497663 10.226903
-0.259292 -0.287793 5.904022
-0.159942 0.007283 -3.991201
-0.487316 -0.431201 9.140318
-0.387205 0.446152 -5.856858
-0.368690 0.194872 2.765802
-0.144141 0.457971 -5.946593
0.469948 0.282755 -1.246543
-0.153069 0.252919 3.966683
-0.151611 -0.354196 -1.030078
-0.458061 0.012963 -6.152469
-0.448967 0.364304 -4.522278
0.099780 0.103457 0.158312
-0.285449 -0.458495 -5.463584
0.268425 0.122244 -0.308758
-0.481572 0.377532 5.556090
0.083862 0.169292 0.608772
-0.456496 0.075952 3.553217
-0.240590 -0.039439 -5.467479
0.461304 0.232558 -0.576865
-0.060130 0.358212 -1.329059
-0.417508 0.103897 0.519074
-0.366642 -0.363238 6.018704
-0.450561 0.309138 -2.440185
-0.405486 0.370855 4.963033
-0.425072 0.064932 -5.457838
-0.435972 0.328679 -5.952409
-0.419939 0.341385 4.902029
0.484683 0.027705 1.691439
-0.429088 0.332286 -3.897820
-0.100088 -0.253344 -1.164037
-0.388816 0.499441 4.870541
-0.308323 0.262783 -4.732949
-0.454571 -0.152183 1.944102
-0.476436 0.424530 -5.784313
-0.488631 -0.097860 -3.778893
-0.185721 -0.335127 3.158918
-0.373322 0.019503 4.696452
-0.482875 0.464965 -1.012169
0.348295 0.253744 -1.620824
-0.214880 0.424227 -0.726164
-0.434476 -0.442760 2.496884
-0.369911 -0.284860 -3.313778
0.364124 0.076322 3.546767
-0.449661 0.182479 -1.001745
0.177286 -0.459366 -3.283707
0.304767 -0.452584 3.070714
0.039519 0.450585 -3.259023
-0.126063 0.498144 0.124456
-0.474851 0.431019 -3.241750
-0.373202 0.351719 1.915890
-0.410223 0.322056 -2.920243
0.271211 -0.340545 -4.615360
-0.487927 0.067200 5.034738
-0.493481 0.381733 -5.793650
-0.417364 0.485075 4.390091
-0.325564 -0.250823 -5.210279
-0.449379 -0.133351 -3.697455
-0.041609 0.256411 5.208153
-0.118966 -0.267898 5.866348
-0.431133 0.237473 -3.498996
-0.247423 -0.369993 5.523933
-0.476600 0.246435 0.589377
-0.472286 0.086935 5.554347
-0.409361 -0.139658 -4.450842
-0.248571 -0.497254 -2.400630
-0.485507 0.430966 5.622114
-0.296373 -0.120793 -3.677232
-0.462511 0.204452 -6.041797
-0.448084 -0.492049 9.284708
-0.320832 0.343916 3.152554
-0.139757 -0.136803 -2.293638
-0.096376 -0.459770 -0.095701
-0.241680 -0.104115 -3.793996
-0.398967 0.411001 4.102435
-0.058630 -0.464166 -1.702525
-0.155498 -0.362111 0.748448
-0.452207 0.407766 -3.415234
-0.494523 -0.403388 -1.867381
-0.230475 -0.107679 5.225819
0.340944 0.412052 6.264379
-0.465330 0.229884 -3.385904
-0.455535 0.143399 3.618863
0.089387 0.475707 5.452276
-0.289069 0.335886 1.986378
0.044759 -0.234872 -3.854087
-0.476418 0.481427 7.276471
-0.324678 0.187341 2.400006
-0.373777 0.159298 2.773691
-0.413651 0.045337 -4.491940
-0.441985 0.426544 3.566692
0.288359 0.159721 -0.088564
-0.423147 0.366390 4.629116
-0.462342 0.461562 -1.051939
-0.493411 -0.009483 8.888602
-0.359134 -0.199792 -5.212944
-0.475375 0.065284 1.995646
-0.496385 0.329647 -1.550630
-0.092907 -0.259714 -1.381441
-0.149168 -0.347231 -1.252912
-0.497995 0.414131 5.913679
0.325867 0.246813 -1.438067
-0.084330 -0.256956 -1.173995
-0.426277 0.062189 -5.543648
-0.426831 0.390114 -3.834674
-0.497383 -0.497037 -0.548493
0.225134 0.217962 0.039913
-0.221965 -0.378684 -4.776833
-0.406715 -0.172631 -2.968397
-0.410994 -0.453197 2.344577
-0.085734 -0.323134 5.107004
-0.387146 0.491359 4.126783
-0.441368 0.200387 -0.912732
-0.432973 -0.456023 5.366490
-0.458648 -0.026906 -6.234795
0.410004 0.255519 -5.992284
-0.486493 0.377417 6.179652
0.170166 0.051481 1.340698
0.182239 0.183411 0.786793
-0.269044 -0.496275 -1.176834
-0.283102 -0.122947 5.083886
-0.461075 0.239541 -3.293901
-0.471727 -0.254056 -4.362670
0.352718 -0.178407 -1.911839
-0.190560 -0.003582 -3.884867
-0.463225 -0.489243 9.603026
-0.494878 -0.494240 -0.692799
-0.227985 0.081407 -2.946738
-0.429839 0.478960 11.091229
-0.494644 -0.390708 -2.189850
-0.435109 0.233586 -3.472082
-0.419372 0.372581 4.661889
-0.237677 -0.041415 -5.204913
0.166207 -0.457258 -4.376623
-0.438420 0.481447 -5.390480
-0.498960 0.054744 -1.286796
0.238739 -0.236555 -0.243549
0.467658 -0.073891 -5.988378
-0.369816 0.295040 5.624548
-0.192010 -0.118588 -0.640433
-0.307090 -0.489144 7.463441
0.177606 0.049548 1.338392
-0.283563 0.331936 -0.841283
-0.188046 0.047216 1.814234
-0.133721 0.056635 1.567727
-0.455489 -0.245943 -4.337896
0.165406 -0.080877 5.765770
-0.440167 0.106918 4.473789
0.201862 0.182562 1.147336
0.108978 0.179545 0.613784
-0.396933 -0.442191 2.380659
-0.483778 -0.400214 4.463740
-0.407556 0.378036 -3.773573
-0.442709 0.318436 -3.003151
-0.253922 -0.366402 5.196386
0.186182 0.282787 0.779792
-0.429842 0.308733 5.773169
-0.497719 -0.113064 2.044195
-0.465770 0.463289 4.348426
-0.441263 0.346738 -4.905015
