-0.159972 -0.189077 2.185792
-0.450374 -0.247481 2.287196
0.326532 -0.082516 -0.645946
-0.376983 -0.084054 1.054485
-0.290350 0.483942 1.910907
0.021348 0.180417 -1.617636
0.192166 0.344603 -1.170228
-0.333310 -0.430441 -2.312449
-0.076658 -0.326564 -3.068857
0.334099 0.305982 2.450787
0.396088 0.113817 -2.665029
0.127826 0.267163 -2.867135
-0.363871 -0.178554 2.101614
-0.001092 0.186646 1.244274
0.383363 0.138153 -2.856887
-0.302964 0.155943 0.201175
-0.164897 -0.347195 -1.728559
0.141978 0.460286 -1.193058
-0.010207 -0.147562 1.386219
-0.091704 -0.228248 1.661428
0.071165 0.021170 -0.661757
0.182386 -0.320606 -0.517608
-0.012538 0.323733 0.068188
-0.217593 0.043512 -0.004883
-0.446085 0.492508 -0.275070
0.099925 -0.216457 -2.278846
-0.273031 0.478777 -0.853026
-0.481090 0.096710 -2.462191
-0.191365 0.462014 -2.223546
-0.478280 -0.174123 0.086078
0.361920 -0.316841 -0.543274
0.161300 -0.368843 -2.065852
-0.026103 0.255026 -2.761006
0.354314 0.445843 0.516336
-0.193309 0.401700 -2.055062
-0.154819 -0.369630 -2.149355
-0.146186 -0.019106 -0.605246
-0.019793 -0.001329 -1.916187
0.077868 0.396656 -0.579528
-0.439620 -0.148794 -2.872635
-0.247941 0.294674 -2.170817
-0.420107 0.244839 0.137433
0.364028 -0.062137 1.004039
-0.480434 -0.199525 2.103378
-0.407870 0.470808 -0.793588
-0.019056 0.042032 -2.531756
0.478962 -0.339864 1.879332
0.089284 0.234621 3.031341
0.025421 -0.180760 -2.728310
-0.405030 -0.351801 -0.244456
0.147964 -0.164051 -2.659627
-0.177069 0.439959 -2.906610
-0.035463 0.131853 1.002655
-0.349966 -0.449912 0.392261
0.458083 0.325799 -0.915301
-0.398701 -0.333456 -2.376734
0.320434 -0.135022 -0.814920
-0.323342 -0.396000 1.973123
-0.415961 -0.169231 -2.272542
-0.441456 -0.117344 -2.769115
0.435607 0.237422 -1.262831
0.487403 0.121564 -1.688014
-0.363749 0.289550 0.894872
-0.383087 -0.421969 0.186941
-0.201922 -0.294671 -0.995958
-0.041877 0.253502 2.706559
0.161349 0.272710 -0.953733
-0.063898 -0.131633 1.587238
0.343204 -0.418366 -0.501379
0.401234 -0.472746 2.064583
-0.325734 0.457493 -2.281516
-0.046115 0.004914 -3.079430
-0.091851 0.316034 0.545204
0.206689 0.016315 -0.004135
-0.078049 0.442923 2.111942
0.161186 -0.487889 1.439898
-0.236460 0.363614 -2.711164
0.313234 -0.443098 0.567308
0.342333 0.101856 -0.572655
0.130347 0.228452 2.284932
0.069861 0.318913 -0.205555
-0.108614 -0.138625 -0.594034
0.194077 0.414119 1.640735
0.269570 0.276391 -0.672513
-0.417343 -0.409406 3.038023
-0.439732 0.283860 -1.133057
0.138918 0.253282 -0.946722
0.445399 0.230395 -0.550968
-0.139843 -0.055442 2.654458
-0.077885 0.251552 -1.402205
-0.245690 0.142808 0.605239
-0.310407 0.134760 -2.945656
0.472671 -0.210659 -2.384084
-0.108703 0.378227 -0.042843
0.112137 0.470640 -1.388540
-0.383856 0.357933 -2.978987
-0.132283 0.392982 -2.273693
0.470648 -0.179675 -0.415209
-0.420841 -0.405293 -0.595848
0.321966 -0.057685 -2.798176
0.093263 -0.089514 -0.448746
-0.479470 -0.319050 2.898214
-0.444361 -0.107563 -0.624197
-0.326068 -0.226209 -3.108167
0.157953 -0.319263 -3.085633
0.389130 0.438010 0.122018
-0.414163 0.340695 -1.516839
-0.133422 0.363709 0.881497
-0.159999 0.367495 2.075314
0.105816 0.309186 2.403394
-0.268714 -0.240283 1.316239
0.203376 0.054475 -2.813908
0.318802 0.461898 1.169765
-0.480962 -0.381756 1.271823
-0.204286 0.036101 -1.958930
-0.464642 0.131027 -0.236252
0.053745 0.235218 -1.238205
0.452939 -0.140694 -1.599722
-0.182086 0.283612 -2.913092
-0.493064 0.188270 -1.117903
0.154314 -0.222432 -2.138478
-0.495730 -0.365745 2.882458
-0.370484 -0.379950 0.432075
0.130531 -0.048894 0.562113
0.394475 -0.190518 0.997227
-0.414533 0.257425 -2.581104
0.443589 0.163246 0.733945
-0.331075 0.177144 -0.304563
-0.297109 -0.080102 3.050715
0.435924 -0.296028 -1.270108
-0.377845 -0.484385 0.054371
0.268872 -0.375263 1.419215
-0.243523 -0.420739 1.443210
0.264072 -0.230739 -2.089073
0.474072 -0.353963 1.808107
-0.092232 0.469486 -0.918800
-0.312064 -0.338299 0.581939
0.116218 0.173053 0.290549
0.483614 -0.461776 1.927714
0.175051 -0.004276 2.809768
0.459348 0.493766 2.714758
0.211485 0.181141 0.925062
0.494030 0.155194 -2.331503
-0.049733 0.497172 -1.571790
0.049167 -0.422399 2.414322
0.109376 -0.050850 -3.021265
-0.351382 -0.287627 0.338368
-0.105518 -0.205709 0.621567
-0.098241 0.334556 -1.884606
-0.027795 0.185689 2.632298
-0.287026 0.214931 -1.744799
-0.032973 0.322878 -0.000141
0.109400 -0.429535 0.339769
0.387789 -0.172796 2.330714
0.008645 0.172552 1.102127
0.199887 -0.466504 1.124577
0.349064 -0.468629 2.319265
0.389325 -0.290577 -2.076095
-0.172676 -0.456406 1.734456
-0.237191 -0.410697 0.762353
0.314246 0.110214 2.928645
-0.434212 -0.318468 1.020365
-0.145462 -0.459038 2.345329
-0.277951 -0.064384 2.187565
-0.137044 -0.490147 -0.464893
-0.475194 -0.269847 -0.686321
-0.394036 0.463356 -2.664955
0.145394 -0.168242 -0.352584
-0.079060 -0.243007 -1.961549
0.424421 -0.423143 -2.614533
0.084727 0.384747 -3.048033
-0.005684 0.364475 0.991185
-0.269378 -0.010488 1.549491
-0.305944 0.248345 2.030436
-0.427259 -0.397579 -2.612839
0.409496 -0.164521 -0.173817
-0.134375 0.458700 -1.154967
-0.009116 0.023988 2.614720
0.378961 -0.486865 -0.720023
-0.185808 0.046839 2.599195
0.085468 -0.184378 -3.115560
-0.331744 -0.102470 1.301067
0.048358 -0.131738 0.693932
-0.303638 0.355784 -0.303785
0.161680 0.214593 0.532989
-0.343192 0.098690 1.563902
0.081078 -0.137079 1.325346
0.190039 -0.234888 -2.343961
-0.214373 0.090372 1.208177
0.033383 0.092907 1.138972
-0.265976 0.480050 -0.988676
0.482478 -0.266546 1.366708
0.105110 0.291873 -1.985074
-0.345376 0.326431 -0.731324
-0.476364 0.433836 0.940759
0.431023 -0.368544 2.767449
-0.489051 0.438452 -2.906850
-0.094893 -0.118426 -2.632628
0.035938 0.180632 -2.767042
-0.085361 0.461823 2.862850
0.155874 0.400760 -0.574624
-0.458768 -0.485868 -1.939897
-0.054567 0.380530 -1.383372
-0.478156 -0.225892 -1.667974
-0.297349 0.435996 0.783038
-0.418562 0.426511 1.582302
0.202881 -0.037059 -2.511716
-0.443569 -0.482329 -1.711004
-0.223950 -0.113175 2.932911
-0.305662 0.030455 -0.169459
-0.362618 -0.473599 0.210361
-0.073989 0.459085 1.854451
-0.458671 0.461798 -0.318878
-0.450065 -0.263678 0.152333
0.440876 -0.308311 0.185708
0.102048 0.212986 -1.838156
-0.049891 0.483134 1.569949
0.395329 -0.319946 -1.193140
-0.034230 -0.328024 -2.296458
-0.272554 0.083358 1.789122
0.086733 0.353583 -0.347533
0.329668 0.132140 -2.792041
0.268229 -0.425743 0.129151
-0.269129 -0.268540 0.952799
0.334580 0.064986 -2.170970
-0.427619 -0.222707 -3.050964
-0.220819 0.235836 1.451220
0.039915 0.459833 2.494188
0.461851 0.320273 2.334057
-0.140822 -0.225618 -2.302067
0.116301 -0.217615 -3.003221
0.077159 -0.042493 -2.594589
0.134973 0.329809 0.838222
0.401126 -0.457541 -1.516351
-0.100144 -0.396291 0.454299
0.443986 0.012529 -0.000059
-0.139250 -0.300257 0.924008
0.194321 -0.198100 0.388850
0.213359 0.497656 -0.542760
0.199293 0.191161 -0.491287
-0.174118 0.399394 3.063675
0.405339 0.177757 2.659785
0.111365 0.163045 -1.312280
0.408061 0.091105 2.166737
-0.034555 0.390238 1.555392
-0.244819 0.408711 -2.511813
0.164638 0.144042 -2.394452
-0.372816 -0.248047 -1.854657
-0.238962 -0.117411 -3.023894
-0.308624 0.345013 -1.256618
-0.407598 -0.475981 0.882497
0.435571 -0.113531 1.165048
-0.012991 -0.433839 -2.540528
0.247340 0.305916 -2.180213
0.216803 -0.318424 1.448523
0.403262 0.411360 -2.432450
-0.243971 0.456001 -0.812717
-0.027687 -0.357872 -2.466426
0.227002 0.146119 -3.069266
0.134611 -0.045322 -0.069662
-0.062699 -0.036835 0.316641
0.384303 0.141393 -1.893697
-0.021888 -0.143801 -0.031861
-0.311595 0.089234 -0.186426
0.190229 0.192878 -1.507101
-0.197082 0.287350 1.628321
-0.379930 0.238226 -2.958143
-0.496200 0.032088 0.675098
0.053921 0.095975 -1.291903
0.326344 0.415487 -0.155585
0.457296 -0.184559 -2.797979
0.111125 -0.379095 1.814470
0.434669 -0.277435 2.672301
-0.350159 -0.366219 -1.999513
0.352463 0.327955 -0.929711
0.119588 -0.084320 1.845201
-0.262352 0.337434 -2.957050
-0.089496 0.042881 0.329806
0.422767 -0.125286 2.984985
-0.408935 0.470221 1.051108
-0.117841 -0.332390 -0.720135
0.305474 -0.330099 -1.720447
0.396933 0.210847 -2.382109
-0.449340 0.136166 -1.479202
-0.161159 -0.450562 2.548053
-0.305745 -0.352091 0.877166
0.195334 -0.005594 2.227391
-0.456060 -0.253200 0.777333
0.234881 0.173248 1.076618
-0.065455 -0.184066 -0.415129
0.197317 -0.236294 -1.810296
-0.011916 -0.046561 3.048482
-0.133696 0.353700 2.061645
0.186783 -0.339256 1.819851
-0.475734 -0.477239 -1.642541
-0.179223 -0.340844 3.009677
-0.378892 0.003718 -3.032511
-0.301314 -0.033782 -1.554729
0.071588 0.250547 -2.538604
-0.281623 0.442585 -2.269395
0.085397 -0.363397 -2.733711
-0.414784 0.006331 -1.503770
-0.373581 0.282647 1.869475
0.462860 -0.397126 -0.832582
0.244808 -0.332024 2.691369
-0.132271 0.409966 0.676693
-0.070185 -0.422674 -0.228302
-0.160356 -0.236453 -0.984791
-0.028839 0.311299 -2.197970
0.050573 0.345857 -1.140948
0.162196 0.276540 -2.531685
0.394700 -0.056599 -0.762196
-0.231346 -0.014897 -1.760025
0.280691 -0.389597 -2.442419
0.147992 0.184428 0.008830
-0.442801 0.072847 -0.729549
-0.107045 0.491321 2.560655
-0.170081 -0.025511 -2.454947
-0.034868 0.177357 -0.461576
-0.449209 -0.244307 -1.783928
0.375610 0.164797 0.113807
0.012713 0.270734 0.033269
0.372125 -0.294521 -0.016367
0.476322 -0.271668 -0.125736
-0.464969 -0.120398 1.104239
0.467035 -0.422678 -0.965412
-0.491230 -0.431989 2.201597
-0.113555 -0.108932 -3.055418
0.320717 0.373561 1.681907
0.426932 -0.483686 0.588933
-0.483843 0.364721 2.455630
0.319888 0.131594 -2.560209
-0.026103 -0.207396 3.001762
0.280208 0.233493 -1.004683
-0.436481 -0.097519 -3.011919
-0.462151 -0.171071 1.881203
0.233628 0.224587 0.637457
0.327151 0.493219 0.512293
0.464281 0.080625 2.343615
-0.061300 0.073171 -0.123867
-0.227803 0.442158 1.275753
0.005810 -0.213766 1.586253
-0.045282 -0.196769 -1.962622
0.223467 0.270101 0.593001
0.043754 -0.221156 -2.046411
0.164354 0.027687 -1.422441
-0.482059 -0.197527 -0.787373
-0.150283 0.421442 1.941224
-0.066853 -0.331857 -2.677574
0.455205 0.180832 -2.224497
-0.159551 -0.172519 1.394851
-0.074768 0.132267 1.211226
0.469155 0.042329 -1.864908
-0.460865 0.371795 -2.418641
-0.343979 -0.110992 2.902916
-0.279324 -0.223684 -1.755987
-0.226747 -0.303243 0.792623
0.100765 -0.021602 0.779644
0.308250 -0.418942 1.325788
-0.405951 0.413174 0.400221
0.107260 -0.166865 -1.080597
0.125497 -0.208446 0.855219
-0.334225 -0.117592 -0.934179
0.113210 0.443649 0.097180
-0.174909 0.440064 1.499299
0.370160 -0.395478 -0.264967
-0.246582 0.085479 2.771260
-0.458236 -0.213859 -1.749912
-0.202796 0.090282 -2.720221
0.375112 0.138387 0.096472
-0.430813 -0.226691 3.135460
-0.254962 0.008416 -0.413543
0.138797 0.211583 -2.095590
-0.405865 0.216094 -0.446002
0.211225 0.324686 2.165396
0.065124 0.438141 1.390964
-0.082042 0.460796 -0.535157
-0.038401 0.198663 1.405544
-0.110801 -0.041625 2.049814
-0.401196 0.282253 -0.343149
-0.029997 0.168157 -2.633760
0.105223 0.222384 -0.927477
0.172273 -0.391910 -0.766488
-0.450134 0.281858 -2.529294
0.177152 -0.174098 0.574782
-0.186914 0.381443 1.532589
0.373559 -0.044453 -2.944842
-0.257072 0.215898 2.037213
0.202951 0.284884 -2.909359
0.458900 -0.120894 -2.105024
-0.070380 0.228532 1.974185
-0.401377 -0.454895 -2.302829
0.080345 -0.163041 -2.463627
-0.352034 0.213483 0.376819
0.443421 0.157277 -0.092089
-0.387616 -0.289230 1.540781
0.061270 -0.432587 -0.935459
-0.235315 -0.423764 -1.333603
-0.329189 -0.280237 -0.364342
-0.120438 -0.366858 -1.233141
