0.088017 -0.101161 -1.728852
-0.372260 0.148744 1.643096
0.381452 -0.198995 -1.229829
-0.428991 0.180340 1.904674
-0.244845 -0.268537 1.879636
0.339748 -0.322273 -1.466164
-0.399619 0.080559 0.068829
-0.129413 0.171316 -2.394566
-0.142392 0.388571 3.100892
0.011833 -0.051950 0.422504
0.255871 -0.143562 -2.207720
0.234309 -0.093632 0.177553
0.192678 0.176589 -0.366451
-0.228780 -0.009213 2.529543
-0.302837 0.161002 0.951158
0.032420 -0.074727 -0.599720
0.298682 -0.094543 -2.166543
0.317815 -0.307059 -1.905434
-0.446740 -0.022096 2.776253
-0.436606 0.290052 -0.578562
0.075907 -0.267347 2.592106
-0.448075 -0.410920 1.301545
-0.065549 0.115278 -2.414049
-0.483272 -0.353286 1.256505
-0.186897 -0.288073 -0.331785
-0.404471 0.398873 0.558890
-0.116306 -0.075536 -0.486202
0.084992 0.211140 -1.612519
-0.025999 -0.056531 1.654365
0.306358 0.180281 -2.524230
0.030672 0.219009 0.223107
0.294144 0.426575 -1.503573
-0.350858 -0.366954 0.958392
-0.284934 0.488739 -1.467876
0.094809 -0.018487 2.250698
-0.458114 0.149317 -1.931814
0.186249 -0.175219 0.658461
0.250122 0.349892 -1.610732
-0.334437 -0.368030 0.547873
0.396466 0.019497 -2.932149
-0.031982 0.210936 -2.436207
0.339736 0.139309 -1.653165
-0.027187 -0.238081 1.137067
0.326468 0.284184 -0.725406
0.005523 0.220427 -3.098527
-0.117635 0.295179 -1.647011
0.040441 0.273311 -0.204599
-0.079166 -0.156207 -0.307388
0.112386 0.331387 -1.708887
0.424220 0.142924 -2.926028
-0.088547 -0.495570 -0.731092
0.000642 -0.358234 -2.254258
0.056854 -0.349515 -0.460995
-0.281050 -0.000818 1.773326
0.383263 -0.385407 2.199846
-0.074355 -0.476190 -1.976290
0.111446 -0.187895 0.391981
0.355132 -0.485519 -2.243136
-0.485881 0.440334 2.675629
-0.369465 0.279660 0.320884
-0.306268 0.177436 0.051296
0.445843 0.061640 0.501295
-0.147601 0.246081 -1.685806
0.420396 0.402217 0.802412
-0.142215 -0.214410 2.202430
0.192760 0.343016 0.019161
-0.155314 0.164540 -2.663401
-0.047703 0.389923 -1.734886
0.494860 -0.457224 2.923467
0.287944 -0.067548 0.451073
0.136635 -0.161478 -2.058227
0.389594 0.299145 -3.029451
-0.265120 -0.256562 1.615861
0.344636 -0.292607 -1.312946
-0.275778 0.024068 0.308793
0.167187 0.393179 -1.565650
-0.186282 -0.474341 2.038632
-0.493936 -0.317775 1.273902
-0.189516 0.234269 2.055031
0.404688 -0.379600 -2.561678
-0.108751 -0.352008 -2.076105
-0.292935 0.446471 -0.217451
0.130714 0.305979 -1.574833
-0.350498 -0.226773 -2.028926
0.290852 0.020416 1.646451
0.008417 -0.339887 -2.201560
0.252649 -0.103237 -1.464455
0.119253 0.041956 -0.509084
-0.024518 0.006009 0.485270
0.018621 -0.017440 -2.172599
-0.493175 0.031469 1.361873
-0.470230 -0.467806 -2.659279
-0.121901 0.380304 -0.807509
-0.321292 -0.186944 -0.558138
0.383170 0.033780 -1.993610
-0.009803 -0.111855 1.148556
0.225533 -0.456946 2.604175
-0.382786 -0.294395 -0.815497
-0.241011 -0.290528 -0.245515
-0.467026 -0.149996 -0.651342
0.263744 0.294091 -0.868788
0.200297 0.233934 3.036888
0.496980 0.473160 -2.582062
0.046160 0.269561 -0.131225
0.476884 -0.011906 -2.611474
-0.088264 -0.274704 2.085372
0.007734 -0.072052 0.746456
0.016077 -0.466946 0.392108
0.053005 0.080305 0.536916
-0.024751 -0.099078 0.988993
-0.166558 -0.455112 1.656203
-0.334846 -0.181601 0.582599
-0.186656 0.271016 -2.034056
0.289714 -0.177695 -2.477455
-0.398923 -0.192081 -2.629453
0.147955 -0.301748 1.180532
0.382278 -0.328031 0.472498
-0.295270 -0.262534 1.154713
-0.305253 0.267415 0.601551
-0.499894 0.254379 0.195744
0.058779 0.102652 0.897858
-0.392417 -0.429474 2.839498
0.020518 -0.253417 -2.411771
-0.407468 0.338664 -0.598437
-0.309102 0.392770 1.222420
-0.058248 -0.103411 2.526617
-0.291288 0.169770 -0.182334
-0.053345 -0.403698 -1.333380
0.154928 -0.378546 -3.017371
0.429702 0.430000 -0.630242
-0.320983 -0.100408 2.871450
0.078603 0.354084 1.333244
-0.156348 -0.168049 -1.160406
-0.163800 0.025648 -0.203331
-0.074297 0.264860 -0.544861
-0.479612 -0.467382 -0.032937
0.297088 0.101788 -1.682883
0.049833 0.347517 2.997686
0.176218 -0.215986 -0.226249
-0.112812 0.336802 0.654716
0.238469 0.161746 1.214995
0.493325 -0.008191 1.426981
0.444937 -0.318210 0.113450
0.051975 -0.420950 1.758300
-0.277865 0.177252 -2.603623
-0.225855 0.396714 -1.429538
0.184154 0.227556 2.190777
-0.263813 0.095578 1.571424
-0.315013 -0.101409 1.933463
0.481854 0.281814 -0.199702
-0.400342 -0.232038 1.431512
0.493989 0.204880 -0.588600
0.217619 -0.046617 2.881749
0.223060 0.008426 -1.468657
0.070644 0.164558 -0.046759
-0.440021 -0.248485 -0.666842
-0.284122 0.413172 1.497042
0.420051 -0.027104 1.692459
-0.393321 0.433920 -1.703930
0.466442 0.146698 -1.726915
0.102551 0.126357 -0.924132
0.406018 0.366473 2.525101
-0.006651 -0.161301 -1.107799
-0.212158 -0.399281 0.185590
-0.089972 -0.048006 -0.841892
-0.453825 0.410518 -2.224346
0.017339 -0.360362 -1.804831
-0.330485 -0.359225 2.191497
-0.163675 0.346929 2.907906
0.262264 0.177504 1.626606
-0.116130 -0.492199 -0.160619
-0.264253 0.302826 -1.324897
-0.232272 -0.239201 2.229169
0.035696 0.172563 0.377258
-0.451528 0.466345 -0.599278
0.193120 -0.151227 1.182616
-0.008951 0.491442 1.280163
0.022205 -0.443889 -1.865753
-0.179809 -0.121219 0.887101
0.250061 0.085846 0.247171
-0.156802 -0.466132 3.021702
0.263928 0.136380 -1.206128
-0.200460 -0.029562 -1.098805
-0.385429 -0.252676 1.786680
0.367933 -0.184170 1.568245
-0.187974 -0.256016 -0.577309
-0.293889 -0.473612 0.389009
-0.042984 0.409732 1.776275
-0.373855 -0.175684 -0.951455
0.028982 0.313108 1.515956
0.088284 -0.440265 -2.581381
-0.376039 -0.286686 -0.075275
0.092328 0.138761 1.910432
0.047679 0.386593 -2.748759
0.397478 0.423833 0.910024
0.311783 0.003254 -1.210214
-0.392182 0.488072 0.076038
-0.121089 -0.349221 1.522436
0.276667 -0.414792 -1.023371
0.412127 0.288883 -2.643201
0.371724 0.104477 2.892675
0.077941 0.243858 -1.632839
0.357136 0.182357 -1.811880
0.314778 0.040974 -2.102762
0.111400 -0.337036 2.167542
0.076550 -0.478353 1.470042
-0.008158 -0.057103 -1.851499
-0.298780 0.277724 3.021351
0.306815 -0.062532 2.237927
-0.152040 0.402360 2.072237
0.050154 -0.260902 -0.157405
0.348000 -0.461827 0.808594
0.373233 -0.475027 0.364342
0.494936 0.303824 -1.067993
0.292345 -0.182608 -1.616494
0.178934 -0.264357 -1.529253
-0.276521 0.043302 0.527613
0.087195 0.032843 2.511894
-0.324180 -0.093784 -0.522433
-0.371391 0.150345 2.317593
-0.426765 -0.482767 0.868212
0.096672 0.423825 -2.082819
-0.383151 -0.367009 -1.827213
0.073293 -0.382726 -1.930138
-0.230365 -0.170856 2.121326
0.434321 0.182934 2.232099
-0.410266 -0.372985 1.137593
0.052410 -0.120578 -2.989942
0.119990 -0.404540 1.799569
0.481044 -0.418926 1.484022
-0.034399 -0.086818 1.329208
-0.481019 -0.108747 1.362276
0.112592 -0.412569 1.174613
-0.282993 0.235250 -2.043546
-0.322946 -0.073946 -0.298542
0.141778 0.426529 2.617766
0.250397 -0.057895 1.750846
-0.076692 -0.477474 -0.530434
-0.008647 -0.251363 2.634016
0.026265 0.130605 -0.252586
-0.365929 -0.323215 0.364188
-0.157356 0.289761 -2.807682
-0.285278 -0.414275 -0.979528
0.012364 0.421262 -2.998349
0.045175 0.035405 -1.673066
-0.390651 -0.289125 0.945414
-0.087954 0.369462 2.982865
0.138242 -0.218553 -1.978151
-0.145619 -0.120689 -0.794707
-0.137499 -0.077915 1.903403
0.224617 -0.320189 1.701872
-0.495924 -0.039522 0.567087
-0.273957 0.469488 -2.722395
0.065302 0.323338 1.347882
0.335322 -0.440545 1.812586
0.378742 0.363665 -0.396648
-0.003572 0.085906 -1.873901
-0.338021 -0.383443 -0.733546
0.009983 0.277702 0.793693
0.223123 0.144891 1.225882
-0.375878 -0.149510 0.483809
-0.337389 -0.103564 -0.530779
-0.207980 0.162237 -1.548718
-0.431479 -0.118204 -0.191790
-0.075124 0.188329 1.640348
-0.119984 0.210615 -1.167832
-0.119326 -0.456459 2.321103
-0.233287 -0.479834 0.472325
0.419391 0.141274 -2.585143
0.486209 0.238257 0.152885
-0.195607 -0.306293 -1.238644
-0.103400 0.467397 2.677656
-0.202288 -0.028831 0.185907
0.374208 -0.374344 2.125656
0.259283 0.341787 -1.063088
-0.362022 0.288073 -1.910479
0.221804 -0.315537 -2.766734
-0.417120 -0.329085 -2.172860
-0.035691 -0.474955 -2.355707
0.309678 0.218148 -2.781867
0.493335 -0.243293 -1.746609
0.215669 0.281128 2.289871
0.163991 -0.491409 -1.073829
-0.468498 -0.072964 -2.692414
-0.444590 -0.332384 -1.660811
0.057932 0.355907 3.005601
-0.031374 0.253664 1.661316
-0.175626 -0.305248 -1.404112
-0.481384 0.060427 -1.190440
0.175622 0.372261 -0.969675
-0.148171 -0.318950 1.932858
-0.089293 -0.181715 -2.375710
0.430152 0.267105 -1.133036
0.161335 0.109580 -1.783480
-0.098978 0.044050 -1.397484
-0.143917 -0.169314 -0.217551
-0.178840 0.447285 -0.468558
-0.120849 0.286675 1.060629
-0.033698 -0.092635 2.787708
0.164672 -0.031000 0.368819
0.420483 0.173127 0.226760
-0.301586 0.099395 1.955388
0.437891 -0.221212 -0.526496
0.098289 0.030767 1.034003
-0.429522 -0.022819 -2.129742
0.277909 -0.190083 -0.895659
-0.298456 0.345935 0.653111
0.358370 0.354324 -2.229591
-0.254406 -0.177589 0.039848
0.259743 -0.471583 0.263511
-0.207085 -0.002241 0.650795
-0.207159 -0.224494 2.567336
-0.488970 -0.173533 2.495887
-0.406829 0.106137 2.131057
0.176879 0.038626 -1.333859
-0.035297 -0.159168 -0.297275
-0.268978 -0.448905 0.380557
0.392656 0.124836 -2.469361
0.248923 0.279410 -1.286610
0.362635 0.310439 -0.236301
-0.422301 -0.279416 -0.265617
-0.407310 0.360809 1.967814
-0.110842 0.214646 -1.334699
-0.128257 0.278233 3.049685
-0.289003 -0.177688 -1.412319
-0.022101 0.440800 0.820817
0.251801 -0.437532 2.359688
-0.108932 -0.028848 -0.131786
-0.389009 0.144855 0.663268
-0.109749 0.453568 -0.871212
-0.024837 0.351607 -2.747120
-0.194138 0.124518 2.154905
-0.351555 0.227234 -0.276567
-0.198788 0.305622 -0.127053
0.300055 -0.159916 -2.716886
-0.456670 -0.206905 -0.744743
0.300798 0.022029 0.734535
-0.445746 -0.116253 -0.285608
-0.219614 0.304850 3.068037
-0.495757 0.064252 -0.008137
-0.428591 -0.468157 1.950348
0.178127 -0.095099 2.999994
0.386779 0.359921 -2.144074
-0.179273 -0.218037 -1.825440
-0.407473 0.294109 1.639568
-0.236436 0.195302 0.643627
-0.120265 -0.164496 0.225022
-0.397126 -0.259483 1.596627
0.163407 0.472690 -2.613408
0.135249 0.182946 0.904347
0.122955 -0.043674 -0.315686
0.283659 -0.440395 -0.598017
0.230346 -0.477927 1.804602
-0.362919 0.401410 -2.691614
-0.401151 0.463508 2.116374
0.121654 -0.134861 -1.973293
-0.117395 0.100268 1.698610
-0.395705 -0.481776 -0.126840
-0.385196 -0.420882 -0.582048
0.451148 0.448686 0.753233
0.365428 -0.370130 -0.078127
0.263275 0.095421 -2.652153
-0.185670 0.034773 1.246281
0.015108 0.298191 -0.810446
-0.125169 0.216501 -1.155126
0.388727 -0.428820 1.837998
0.279427 -0.019040 -2.236419
0.133489 0.344857 -0.236459
-0.456638 -0.143691 -2.006720
-0.364774 -0.058997 -0.507528
-0.444354 -0.477489 -2.369307
0.040687 -0.454926 2.549846
0.364751 0.280214 -1.631114
-0.347482 0.336918 -1.924492
-0.494619 0.321462 3.140922
0.232600 0.291649 2.212251
-0.481681 0.430716 -2.023647
0.045936 -0.061330 2.318137
0.476134 0.118642 -1.060631
0.262471 -0.309961 -2.286015
-0.329505 0.155026 -2.252298
0.476019 0.126467 -1.240337
0.066057 0.291901 1.772960
-0.068439 0.101463 -1.950005
0.161677 0.021277 -0.638328
0.161692 -0.206122 0.829001
0.237963 0.478289 -0.283495
-0.127088 0.256884 2.496886
0.146089 0.486843 -2.199689
-0.108077 0.484289 -0.582159
0.275610 0.121217 -1.445902
0.222530 0.263821 -1.446177
0.191007 0.239032 -2.242984
-0.044734 0.031702 0.458014
0.153344 0.298515 0.700401
-0.343473 -0.351452 -1.692935
0.084961 -0.067827 -2.219102
-0.038350 -0.051935 1.413233
-0.423337 0.008606 -2.378469
0.471757 -0.432142 -1.532636
