-0.011192 -0.237957 -2.116934
-0.275353 -0.352092 2.172793
-0.357805 0.115962 1.603655
-0.380311 -0.461429 -0.866439
0.159504 -0.277959 -0.556355
0.126342 0.116047 -3.051623
0.494486 0.015239 1.951187
0.358105 0.003990 1.009004
0.293773 0.241983 1.724587
0.133862 0.186466 2.305157
-0.486999 0.136423 1.502778
-0.343177 -0.411145 -0.534880
0.013599 0.399036 0.627907
0.343673 0.149374 0.141911
0.230946 0.179253 -1.499609
0.441429 -0.065425 2.911635
-0.354429 -0.420935 -2.826800
0.035482 -0.101733 -1.224975
-0.290979 0.297453 -0.310087
0.357073 -0.411291 -1.041009
0.130734 -0.192366 -0.600024
-0.270527 -0.158367 -1.557459
-0.072943 -0.193904 0.187589
-0.010678 0.114117 -0.483706
-0.398858 0.002890 -1.970511
0.050488 -0.284950 3.063525
-0.291110 0.023676 -0.420201
-0.044290 -0.343501 -0.222490
0.227496 0.477453 2.957300
0.373592 -0.261211 0.826152
-0.370448 0.320914 -0.144839
-0.174300 0.106467 0.824799
0.337193 0.117750 3.048186
0.400245 -0.314014 -1.752925
0.183498 0.348738 0.395542
-0.184356 0.260197 0.413021
-0.024927 -0.150742 0.619416
-0.418685 0.021887 2.138013
0.383306 -0.360512 1.821577
0.204621 -0.022376 -0.395423
0.474384 0.069916 -0.623442
-0.193202 -0.029338 -1.544299
0.101782 -0.246897 -2.942734
0.424929 0.455778 -1.643438
-0.394342 0.390125 -2.004656
0.137632 0.109246 0.445103
0.379926 -0.446711 0.515497
0.281595 -0.371001 1.516038
0.123979 0.389355 -2.682000
0.388612 -0.318401 -2.665079
-0.278906 -0.392228 0.291381
0.484738 0.269739 -1.725457
0.019501 0.088931 -1.051494
0.016728 0.330117 -0.725748
0.482093 0.225754 1.039117
-0.240175 0.423037 0.633569
-0.237431 -0.239286 -0.818911
-0.429440 0.359260 2.099507
-0.344394 0.071108 1.142039
0.278463 0.121854 -0.031364
-0.160678 -0.181401 -0.887224
-0.105188 -0.179823 1.294925
-0.161457 0.418973 -0.690366
0.375257 0.149652 2.218244
0.424470 0.326986 -0.341894
-0.207161 0.298489 -0.627300
-0.111429 -0.208312 0.266265
0.401610 -0.367710 2.986903
0.488939 -0.304141 -1.260283
0.382412 -0.253842 1.077739
-0.443771 0.012864 2.838256
0.387527 -0.257688 2.940583
-0.381133 0.326964 -2.197861
-0.021846 0.457292 2.026444
0.014143 0.093336 1.722734
-0.273832 -0.115266 1.853336
-0.164721 -0.381332 -1.000216
-0.310629 0.216196 -1.776882
0.439559 0.319376 -0.931464
0.459284 0.258338 2.689303
0.021242 -0.285381 -1.836307
-0.482709 0.431074 2.715512
-0.449274 0.251386 1.320091
-0.327403 -0.440622 1.389600
-0.254396 -0.196903 2.314781
-0.088746 0.155879 2.498072
0.112000 0.178183 -2.909301
-0.425276 -0.466670 0.694923
0.313758 -0.215994 0.261971
-0.215299 -0.098093 -0.402401
0.339083 0.050649 -2.386083
0.093564 0.262438 2.014010
-0.421896 -0.035798 1.380929
0.435565 -0.467852 1.249268
-0.116271 0.242607 -2.601922
0.271230 0.248857 -1.240040
0.433767 -0.273947 -2.652563
0.185627 -0.302900 -0.833683
-0.394083 -0.122030 3.090656
-0.116799 0.116327 -1.534641
-0.318105 -0.406745 2.932501
0.011904 -0.399887 -1.748458
-0.366678 -0.327040 3.074986
-0.090910 0.101738 1.818227
0.398338 -0.271931 -2.305522
0.427254 -0.056847 0.003761
-0.196337 -0.206776 -1.219803
-0.391518 -0.235017 0.006683
0.095648 -0.199638 -1.172705
-0.483085 0.334330 -0.649305
0.051296 -0.499307 -1.319277
-0.494719 -0.045066 2.239318
-0.004278 0.201126 1.263230
0.179076 -0.253938 1.703167
0.136502 -0.458292 2.182662
0.403167 -0.246893 2.741688
-0.267258 0.481994 1.101421
0.069433 0.281515 1.410295
-0.268423 -0.432806 -0.103341
-0.308587 0.230472 0.251435
-0.419492 -0.150997 -1.886242
-0.234009 0.239751 0.425716
-0.472382 -0.177422 1.133655
-0.430688 0.368422 -2.235397
-0.048673 0.051747 0.724231
0.407426 0.231374 2.308345
0.167189 -0.339630 -2.032877
-0.063739 0.231848 -1.577953
-0.415054 0.371694 0.734631
-0.391492 -0.360771 -1.760124
0.159756 0.131866 -3.061979
0.078160 0.467425 -0.430378
0.261039 -0.063615 1.135754
0.426640 0.017600 0.179908
-0.243170 0.136347 -0.952168
0.450373 0.432576 -2.396368
0.027521 0.055965 -0.393238
-0.028418 0.117626 -2.769975
-0.092454 0.197801 2.335535
-0.126578 0.206375 0.067036
0.051530 0.215196 -1.761352
0.329059 0.020462 -3.048760
-0.489063 0.413320 -0.611186
0.449979 -0.147950 -2.722029
0.343260 0.468258 0.009476
-0.009967 0.280262 -0.508570
0.048262 0.214913 2.297168
-0.176618 -0.016236 2.591832
-0.317411 0.199546 -1.485734
0.342816 -0.085383 -2.863727
-0.039325 -0.071422 -2.080160
0.204370 -0.413250 -0.961266
0.129664 0.077365 1.614368
0.414807 0.018494 1.336513
0.107769 -0.056915 -1.050877
0.235624 0.378394 -1.429042
0.092925 0.373268 0.254454
-0.151725 -0.297079 -1.608630
0.485456 -0.329942 1.452345
0.270272 -0.459290 -1.046071
-0.335533 0.016441 2.885364
-0.065262 0.288839 1.025259
-0.413026 0.301401 -2.337591
0.017492 0.427810 -0.143148
-0.190622 -0.004984 1.436168
0.361076 0.172101 0.231395
-0.332208 0.466036 3.108371
-0.135398 -0.437405 -0.432758
-0.386974 0.089066 1.422285
-0.313638 -0.140239 -2.969263
0.050363 0.121781 2.286875
-0.349917 -0.254643 -1.768743
0.254616 -0.360961 -0.712079
0.469113 0.414936 -2.966652
-0.269077 -0.496177 1.514710
0.321788 -0.219778 0.535497
0.103975 -0.293870 -0.679649
0.287660 -0.002561 -0.346820
0.095304 -0.170825 -0.482964
0.252339 0.270122 -1.508748
0.290324 -0.376894 1.734365
-0.191641 -0.018616 -1.063549
0.427583 -0.431139 3.014330
0.304847 -0.480956 -0.302404
0.193642 -0.373102 -0.775419
0.493459 0.490412 0.123901
0.147850 0.346967 1.288663
0.239541 -0.297749 -0.404088
-0.040349 0.221063 -0.157219
-0.078304 -0.445673 -0.714941
0.332356 0.188879 -1.015477
0.378135 -0.462472 -0.914798
0.243809 0.444111 -2.370393
0.116986 -0.192726 -2.029999
0.066670 0.425478 -0.686370
-0.043746 0.160307 -0.540789
-0.429601 0.123732 -1.476812
0.067850 -0.076861 -2.525841
-0.210083 -0.243280 -0.691067
-0.326905 -0.470612 2.858467
0.040529 -0.072546 3.094048
-0.074423 -0.256897 1.282528
-0.114209 0.146456 -2.967818
-0.258587 -0.308623 0.308109
-0.046187 0.401430 -1.768714
-0.071708 -0.321503 0.621606
-0.022309 -0.474253 -2.239362
-0.110805 0.192796 -1.868595
0.279299 -0.245605 0.116549
-0.105682 -0.217522 -2.069360
-0.208534 -0.215966 2.863666
0.257145 -0.275362 1.534889
-0.397886 0.481027 -1.320929
0.013331 0.398234 -1.058738
0.497178 -0.275574 -1.579393
0.477985 -0.405451 -1.791858
0.041683 0.246173 -2.509629
0.498561 -0.322976 -1.986008
-0.198825 0.145928 0.594543
0.315328 -0.024055 -2.366526
-0.267552 0.412691 -1.473497
-0.460743 0.291707 -2.795989
-0.408594 0.018346 3.074550
-0.153448 -0.242260 -0.444410
0.178074 0.461342 2.426249
-0.359021 -0.345901 0.517427
-0.420989 -0.185521 -1.541641
-0.221310 -0.282929 -0.400878
0.088963 -0.336468 -0.243600
0.425984 -0.096531 0.877660
-0.087710 -0.260401 1.563580
-0.258343 -0.035960 2.033502
0.449033 -0.026215 3.016066
0.441148 0.167282 -2.682003
0.458263 0.364199 -0.017118
0.367979 -0.124270 -1.590908
-0.337678 0.199736 0.976293
-0.326120 -0.307746 -0.061220
0.065819 0.418144 -0.830133
0.047120 -0.096624 0.206966
-0.231809 -0.371225 0.815914
0.107234 -0.195125 -2.517487
-0.280232 0.385676 -2.059160
-0.247210 -0.292184 1.928074
-0.175220 -0.081750 2.195079
-0.327827 -0.308135 -2.485241
0.481687 0.490201 -2.032504
0.278104 -0.172035 0.456635
-0.045287 -0.246513 0.849665
0.444982 0.446046 0.807950
-0.461099 0.266408 -2.419862
-0.000967 0.406414 -1.105675
0.099129 0.065132 -0.995837
-0.109142 0.266682 1.907793
-0.306817 0.141569 2.825033
-0.323333 -0.436486 -3.007156
-0.455568 0.231848 3.025967
-0.171039 0.216714 0.662305
0.113102 -0.148367 2.938082
-0.044065 -0.118509 -2.103257
0.208090 -0.493356 -0.037735
0.213233 -0.381011 -2.182724
0.379866 -0.008650 0.612974
0.493322 0.108156 -2.722784
0.065964 0.251514 -1.615814
0.308872 0.025433 1.663225
-0.394409 -0.021177 1.833556
0.038674 0.012905 1.276472
0.102650 0.347446 -1.977640
-0.028214 -0.436604 2.383083
0.269903 -0.188506 -0.980048
-0.110263 0.100169 2.262302
0.353013 -0.126395 -2.823693
-0.420646 -0.044570 -2.885672
-0.047180 -0.087535 0.232742
0.490821 0.488017 -3.010334
-0.093160 -0.407337 -0.655204
-0.113549 0.253286 1.048795
0.441022 -0.186733 -0.489042
-0.069830 -0.471525 0.248817
-0.380822 -0.332205 -2.896552
-0.028181 0.111205 -2.421312
0.026401 -0.467311 2.367618
-0.373079 -0.060026 2.640517
0.186537 0.119027 2.530963
-0.303851 0.134845 0.520248
-0.479739 -0.031872 2.832375
0.030118 0.014514 1.728335
-0.060393 0.494925 2.787976
-0.082864 0.297402 -2.088871
-0.320787 0.401800 -2.293882
0.293078 -0.099120 -0.048388
-0.388869 0.245541 1.325883
0.421688 -0.358002 -0.182130
0.447286 -0.177582 0.677736
-0.240512 0.055309 1.523800
-0.422459 -0.344829 -0.767853
0.259735 -0.248368 -1.520377
-0.420162 -0.111219 0.665904
0.019879 -0.050642 0.930858
0.495675 0.418112 2.385328
-0.144419 -0.416843 1.045394
-0.497682 -0.004623 2.977437
-0.317760 -0.060820 -0.875181
0.008246 -0.098737 3.108568
0.096615 -0.188388 0.863455
-0.489931 0.349335 0.037090
-0.152790 0.242481 -2.185025
0.159187 -0.119372 -0.884604
0.293595 0.223030 -1.644978
0.122002 -0.073641 0.679959
0.403286 -0.373290 -0.471473
-0.369481 0.388969 0.875641
0.109818 -0.289525 -1.009807
-0.379016 -0.433254 -0.179120
0.431070 0.032644 0.122464
-0.187272 -0.379716 1.043733
-0.119561 -0.310655 -2.686711
-0.066963 0.374127 -2.564129
0.410086 0.424744 1.509137
0.364865 -0.283510 1.557869
-0.401080 0.107983 0.893388
0.414335 0.084261 -1.702279
0.385721 -0.284001 -1.562694
-0.474149 0.003342 0.646115
0.379179 0.303461 1.616175
0.318632 -0.370210 -1.010563
0.122013 0.268067 1.476321
-0.469140 0.470949 -1.046640
-0.094306 -0.413756 2.575297
-0.013837 -0.410573 -0.550507
-0.268442 -0.194779 0.122774
-0.345311 -0.321043 0.600253
-0.426300 0.495035 3.055763
0.422908 0.109313 -2.393875
-0.258089 0.005501 2.862362
0.448198 -0.062482 2.646980
-0.097992 -0.394059 -2.880506
-0.173323 -0.338227 -0.154313
-0.356580 0.362684 -1.909611
-0.064095 0.120531 2.578360
-0.240814 -0.480689 -1.583318
0.260670 -0.123825 1.298899
0.369783 -0.251538 -0.146745
-0.387901 -0.441509 -0.401705
-0.361213 0.063524 2.878976
0.213436 -0.118101 -1.869119
0.109454 0.454397 -3.053161
-0.049392 0.065074 -1.186122
-0.368040 -0.466292 -1.559213
-0.332729 -0.139799 2.677173
0.134426 0.122823 2.559186
0.176113 -0.112460 -0.610667
0.138442 0.464917 0.516020
0.332804 -0.299685 2.434861
0.320486 0.087430 -1.280869
-0.441629 -0.465274 1.222727
-0.442877 0.465788 -2.242773
-0.369743 -0.425835 2.499419
-0.147210 -0.336100 -2.277249
-0.473901 -0.319099 -0.548845
-0.095788 -0.022193 -0.638501
0.357742 -0.258751 0.864524
0.267024 -0.137856 0.175278
-0.102455 -0.254507 0.232843
0.405212 0.083672 2.609551
-0.296015 0.340000 -2.322579
-0.118055 -0.372129 -2.750792
-0.484517 -0.452397 1.161971
-0.225542 -0.206502 3.134352
-0.024716 0.423649 3.108617
0.248287 0.173342 1.014369
-0.239455 -0.350106 1.271159
0.186363 0.269302 -1.993512
-0.499454 0.499366 2.204754
-0.360728 0.144640 -0.498904
-0.145048 0.330752 -2.345212
-0.117753 0.408395 -2.425531
0.388990 -0.473943 -1.205077
-0.037927 0.205698 -1.496700
-0.206635 -0.116670 -2.093449
0.337880 0.376134 0.495446
0.259786 -0.122923 1.787351
-0.199612 -0.217050 -0.040399
0.367431 -0.373116 -0.973316
-0.148370 0.180789 2.870572
0.275356 0.005970 1.470662
-0.151206 -0.354066 -0.260036
0.479690 0.185278 0.399769
0.335500 -0.053898 -1.227377
-0.141131 -0.331115 -0.286560
-0.135282 0.066854 2.358532
0.126369 0.026956 -0.042677
0.052399 0.428959 2.286477
-0.232889 -0.157115 -0.888849
-0.403412 0.069073 -1.335778
0.446044 -0.113008 1.777158
-0.261689 0.473533 0.316203
-0.300194 -0.104173 -2.771403
-0.287379 -0.073402 -0.503925
