0.237386 0.074151 -1.523784
0.303326 -0.122485 -2.391169
-0.294031 -0.105418 -2.968165
0.177332 -0.346646 -1.635412
0.369562 0.378254 1.910391
0.429482 -0.021442 0.558233
-0.146998 -0.291326 1.669629
0.358697 0.328538 -2.639538
0.035257 -0.335353 -0.124759
-0.275771 -0.023117 0.176319
-0.145674 0.224508 0.782286
-0.141705 0.249447 0.423964
0.113688 -0.037811 0.423231
0.369089 -0.412897 -0.095265
-0.220098 0.324342 0.720812
0.170380 0.473709 1.977264
-0.494217 0.478774 -0.436472
-0.444855 -0.070456 -0.486762
0.414286 -0.111210 -0.672727
-0.421901 0.094228 -1.246762
-0.135430 0.478335 -2.806477
-0.486731 0.406548 -2.317834
0.040809 0.309490 -2.946174
0.235889 0.202956 -2.909882
0.357954 0.024934 2.846187
0.070054 0.222078 1.170037
-0.244534 -0.309481 2.089526
0.203169 0.131042 2.195717
0.298008 0.372490 -0.459515
0.497711 -0.363999 2.815419
-0.308756 0.427943 -0.798612
0.323392 0.463436 1.598485
0.000723 0.423114 -0.324848
-0.333276 0.390795 -2.787623
0.495032 -0.108264 -0.107506
0.459650 0.312484 -1.424768
-0.007676 0.440177 2.324035
-0.471811 0.129713 0.100862
-0.493145 -0.139712 2.520164
0.075709 0.271011 2.200023
-0.101433 -0.273785 1.557747
0.168081 0.267099 -3.138970
0.333510 0.020605 -1.791925
-0.480262 0.210700 -1.297028
0.235968 -0.073849 2.682966
0.290888 0.241730 1.146148
0.402397 0.355799 -1.587230
-0.080784 0.297801 -0.150958
0.007054 0.171392 -0.376692
0.110786 0.343149 -1.939075
0.058500 -0.370506 -0.594388
0.155113 0.412734 0.072621
-0.215747 -0.415725 -2.702906
0.267621 -0.072902 -2.522913
-0.427270 0.199065 0.263988
0.384498 0.334037 -1.888360
0.196015 0.419516 0.768597
-0.200968 0.413309 -1.513450
0.298629 0.497663 -2.872829
0.427368 -0.281759 0.113552
-0.338485 0.073262 1.056789
-0.024417 0.206171 0.696079
-0.445798 -0.389458 -1.689517
0.349301 -0.117533 -2.832891
0.025852 0.304259 -2.620763
0.496827 -0.378571 1.787754
-0.447152 -0.033063 0.339121
-0.163049 -0.449020 -2.609004
0.228963 0.429783 -1.998119
0.082611 0.248782 -2.101507
0.202459 -0.325082 2.182118
0.478227 -0.208857 -1.246219
-0.228568 -0.448444 -2.314259
-0.259954 -0.331113 3.096751
0.408730 -0.198950 2.556578
-0.018601 0.460286 -0.647989
0.258253 -0.134961 1.385826
0.081770 0.405871 -1.662228
0.224378 -0.092622 0.613705
-0.452455 -0.219538 -0.830683
-0.476409 0.128459 1.661032
-0.169873 0.446695 2.401790
-0.036893 0.412647 0.830484
-0.254302 -0.086668 1.664635
0.257831 0.149026 -1.843740
-0.428175 -0.315818 1.296081
-0.482441 -0.035189 0.506021
-0.242307 -0.357615 1.507599
0.196077 -0.387407 0.705410
-0.160090 0.296477 2.602960
-0.275305 -0.345823 -1.871403
0.099149 -0.053935 1.973751
0.054839 0.311602 0.931458
-0.189964 -0.027976 2.078808
0.470668 -0.419520 1.982369
-0.140868 -0.154482 1.313169
0.070612 -0.358080 1.549241
-0.497271 0.164349 2.999801
-0.369392 -0.109107 -1.041513
-0.067631 0.345753 0.532683
-0.396159 0.317543 2.155164
0.344621 0.112775 -2.356011
0.449370 -0.023783 -2.930929
0.268193 0.491349 1.499522
0.432657 0.091372 -1.431250
-0.356559 -0.253607 0.233438
-0.367067 -0.179737 2.202092
0.092182 0.428990 2.943707
0.052316 -0.356884 -2.077421
0.385827 -0.409198 -0.868030
-0.234716 0.206140 -2.006068
0.272282 0.175918 0.157754
0.355956 -0.437554 -1.460824
0.279163 -0.132851 -1.786342
0.268166 0.037113 1.687344
0.029488 -0.407259 0.949419
0.172508 -0.125101 2.042820
-0.187137 0.289187 0.485308
0.225283 0.452066 -0.398177
-0.141522 -0.026455 2.321251
0.141479 0.459444 1.157057
0.497356 -0.401930 -3.108366
-0.161882 0.036022 -1.505606
-0.450583 -0.270165 -1.867912
0.111908 -0.039456 -2.572187
-0.006796 -0.073010 0.779939
-0.456589 -0.015365 -0.395258
-0.257728 -0.215772 2.150648
0.297467 -0.177406 -2.535898
-0.177028 0.417683 -0.363823
-0.062446 0.051463 -1.855943
-0.351288 0.178917 -0.590631
-0.193330 0.428771 -1.955296
-0.116880 0.297173 1.012106
0.324384 0.339355 -0.663769
0.046183 -0.420456 1.675847
0.146008 -0.256415 2.801302
-0.163309 -0.200185 -2.957576
0.002382 0.354140 -1.530341
0.162718 -0.317277 -1.665287
-0.445210 0.491538 -0.634786
-0.437489 -0.005763 1.136123
-0.370474 0.004842 0.638012
-0.214807 -0.485306 1.110520
0.069717 -0.211104 -0.709048
-0.065896 -0.410636 0.314144
0.271301 -0.268350 -3.028308
-0.333529 -0.212853 -1.647301
0.009580 -0.351753 1.601194
0.271215 0.395616 -0.727708
0.219766 -0.097908 1.773750
-0.403495 -0.488360 2.590140
-0.117053 -0.300152 -2.842267
0.007866 -0.200000 -0.675131
-0.071733 -0.218894 2.481358
0.131792 0.452004 -1.859612
0.007880 0.270406 -0.576446
-0.312606 0.020169 -0.276764
0.347442 -0.169113 0.049936
0.250957 -0.456070 2.803506
0.022956 0.288877 0.612461
-0.124881 0.242584 -2.233143
-0.159977 -0.123010 3.126211
-0.098972 0.030397 -1.335451
-0.000735 -0.184965 -2.895167
0.408856 -0.456758 -2.372361
0.309850 0.223185 2.236703
-0.179315 -0.192384 2.293509
0.350062 0.486913 -0.423692
-0.370862 -0.169319 0.105903
-0.043573 -0.012350 0.287439
-0.112497 -0.487182 -1.909557
0.253691 -0.283272 -2.491858
0.100617 -0.344470 -1.914403
0.432601 -0.413409 -0.352924
0.315415 0.335204 -2.545078
0.180414 -0.358331 1.886932
0.028908 -0.132256 -0.924931
-0.257760 0.272354 -1.386918
0.239715 -0.140959 -0.505458
0.389553 -0.443717 -1.140206
-0.161037 -0.055400 -2.532869
0.135110 -0.039724 -1.585353
0.304574 0.156754 2.759014
-0.137398 0.175206 -3.112280
0.094660 -0.394707 -3.057374
-0.325715 -0.160775 -2.461598
0.036460 0.466632 -0.708120
0.119206 -0.185670 -2.130278
-0.147424 -0.119615 -1.037428
0.151697 0.393371 -2.796002
-0.063724 0.080391 -0.177733
0.087052 0.145483 0.473418
-0.324868 -0.218191 2.236235
0.385116 -0.015475 -2.980845
-0.313197 -0.189375 -1.078879
0.418801 0.148480 -3.042570
0.104125 0.144239 -0.733584
0.150428 0.344191 -1.431661
0.325154 -0.074759 1.473912
-0.374678 0.372273 2.999815
0.113156 -0.192963 -2.999121
-0.384299 -0.315769 1.065299
-0.131033 -0.411544 1.713472
-0.063661 0.111177 2.204937
0.042277 -0.157846 2.841087
0.386385 0.170642 2.929195
-0.487298 0.447885 -1.627338
0.331131 -0.427166 0.174139
0.318611 0.090007 -2.954449
-0.461351 0.102145 -0.326995
0.074699 -0.499092 -1.176858
0.084500 -0.062391 2.637607
0.071605 0.157917 -1.594429
-0.492427 -0.497322 -0.703408
0.466927 -0.145686 1.359672
0.231238 -0.434559 2.585869
-0.125785 0.289252 -0.627106
0.280220 0.435604 1.110386
-0.197758 -0.083222 -1.454876
-0.207387 0.160575 2.221569
0.445853 -0.373689 2.416254
-0.296779 -0.479745 2.096244
0.134366 -0.193695 -2.085357
0.126103 -0.018325 1.222313
0.437102 -0.418976 0.478566
-0.048190 -0.293558 2.828387
0.053708 -0.025356 0.196127
-0.377764 0.165339 -0.457624
0.048089 0.326466 2.211282
0.459021 0.473769 -0.986156
-0.077426 -0.086798 0.105660
-0.419081 -0.418877 2.405037
0.063402 0.324249 -0.202447
0.088211 -0.321764 -3.005259
-0.499815 0.371068 -2.769406
-0.421916 0.272974 -1.074330
-0.359743 0.141810 -1.914715
-0.406243 -0.318192 1.151665
-0.379531 -0.133627 1.815244
0.497209 -0.364036 0.911863
0.049215 0.378601 1.858589
0.007661 -0.085619 2.347457
0.158477 -0.163842 -1.177029
-0.463518 -0.475665 -0.587917
0.371810 -0.221349 1.356977
0.021344 -0.195893 1.319528
0.347463 0.105080 -2.945141
0.243270 -0.031630 -0.977952
-0.279468 0.186043 -1.260297
-0.385901 0.174863 -0.479386
0.100373 0.072891 -1.863979
0.467924 0.426386 -1.831764
0.317357 -0.157203 0.831579
0.448973 0.256548 -2.768375
0.269749 -0.362623 1.633611
-0.287935 -0.434439 1.273964
0.312234 0.396309 1.647087
-0.241384 -0.021775 0.894117
-0.134982 0.231720 -2.751914
0.011253 -0.420899 2.795068
0.155894 -0.045519 0.906712
0.004075 -0.262166 -2.857253
0.179385 0.374256 2.591612
0.250406 -0.137824 2.577926
-0.207048 -0.266687 -1.665544
0.377787 0.303903 0.157778
0.254578 -0.073300 -1.435799
0.131024 -0.076354 1.862867
-0.296701 0.446193 3.040174
-0.456863 -0.112420 0.210424
-0.292287 0.252040 -0.807912
-0.360745 -0.108819 -0.242214
-0.320939 0.443173 2.268515
0.143476 0.291918 1.167902
-0.386298 -0.230061 -0.501905
0.423912 -0.084202 1.562084
0.123838 0.431391 2.819741
0.203662 -0.009516 -0.975206
-0.021596 -0.382452 2.672029
0.165985 0.438519 0.997836
0.162525 0.366392 1.536093
-0.255024 0.274591 1.128660
-0.311437 0.049106 3.005720
-0.085820 0.314466 -1.289975
0.126732 -0.047244 -2.380439
0.249464 -0.024956 -0.946410
-0.032649 0.072944 -2.838188
0.131928 -0.189922 -1.559685
-0.485887 0.294652 1.153177
0.441262 0.244261 2.087891
0.122400 -0.395951 1.185288
0.191357 -0.428427 -1.304565
-0.081334 0.323532 -1.262922
0.379145 -0.075697 -2.458993
0.306725 0.080994 -0.893143
0.478294 0.489226 -2.386396
0.147915 0.155887 2.363297
-0.018742 0.477987 0.506139
0.359447 0.248415 -0.279543
-0.014134 -0.096099 -0.797731
0.141294 0.168570 2.168284
0.043054 -0.349699 -1.442711
-0.451763 -0.321425 0.510793
-0.067522 -0.121405 -0.105211
0.079928 0.086956 -3.117283
0.039895 -0.260156 3.019777
0.141579 -0.092163 2.770338
0.370972 -0.243509 1.737148
0.369156 -0.226279 -2.424948
0.296104 -0.026674 1.455996
-0.329963 0.476890 1.344558
-0.307132 0.113335 2.630734
-0.280669 -0.216587 -0.604758
-0.217743 0.383147 2.568722
-0.293498 0.115708 3.016095
0.015582 0.329008 -2.884578
0.383156 0.417483 1.082076
-0.015958 -0.195755 2.689906
0.265658 0.243998 -2.236711
-0.399222 0.402222 1.285632
-0.091258 -0.154446 2.848196
-0.417087 -0.328825 -3.097725
-0.376939 0.212160 -0.574905
0.244852 -0.360557 2.521073
-0.256935 0.246427 -0.930906
0.391951 -0.116391 -2.019266
0.443979 0.379532 0.391620
-0.348711 -0.150935 0.384782
-0.482824 -0.461129 2.675659
0.408173 -0.155342 2.155437
-0.282914 0.496220 -0.490588
0.018979 -0.466606 0.018110
0.041682 -0.231844 1.235456
0.425187 0.309089 -1.709237
0.299266 -0.171694 -2.392070
0.172912 -0.215111 -1.415071
-0.247939 -0.346172 1.232753
-0.264851 0.490639 1.060174
-0.135111 -0.337306 2.757170
-0.082020 -0.233440 2.553664
-0.274510 -0.298129 -2.814673
0.209948 0.352916 0.107037
-0.377370 -0.300786 3.098775
-0.372588 0.302868 -2.579786
-0.375439 0.480034 -2.808834
0.456464 -0.076672 -2.957695
-0.218187 -0.396959 -1.698062
0.354866 0.195313 -0.279489
0.091859 0.005778 2.876992
0.264830 0.058924 -2.517796
-0.192639 -0.276480 -2.243988
-0.115221 0.269061 -0.503592
0.155568 0.296997 1.735240
-0.283619 0.498960 2.680184
0.468694 -0.175146 0.591821
0.052998 -0.481010 2.923113
-0.294294 0.491129 -1.223991
-0.009205 0.055111 -0.714005
0.387283 0.112678 2.995067
-0.380783 0.479541 2.444501
0.172178 0.186680 -1.760244
0.066601 0.499780 1.753146
-0.315922 -0.125904 1.663726
0.479447 -0.236828 0.561900
0.341466 0.473174 -2.033713
0.246554 0.291756 -0.237134
0.401344 -0.028649 2.526885
0.405499 -0.233367 2.518539
-0.383725 0.426153 -3.026783
0.395638 -0.298549 0.035894
0.082005 -0.176438 1.777409
0.042484 0.002269 0.190661
0.335798 0.491299 2.570165
0.194417 -0.288907 -1.643401
0.186290 -0.415582 -1.184898
-0.082497 0.001115 3.087880
-0.088049 -0.274799 2.436931
0.128745 -0.048492 -2.101136
0.228532 0.214931 -3.033066
0.170237 0.334980 -0.232796
-0.488217 0.018221 2.257197
-0.197446 -0.062904 -2.477538
0.499413 0.355849 0.598897
-0.083245 0.150018 -1.088310
0.233422 -0.457813 -1.783142
0.281115 0.281441 0.667250
0.344816 0.039882 -0.501341
-0.229945 0.431464 -0.068088
-0.373870 -0.067864 0.103991
0.187137 -0.287919 -1.570521
-0.432904 0.451593 1.321364
0.153921 0.195203 1.621011
-0.278565 -0.351954 -2.489397
-0.460284 -0.244759 0.080774
-0.397436 0.272924 -2.430260
-0.060167 -0.249991 -2.741770
0.468401 0.238311 -2.214511
0.310032 -0.028543 2.962300
-0.417859 0.314624 2.273659
