0.343205 -0.336718 0.956061
0.003772 -0.084229 -2.249668
-0.145335 0.230867 2.866624
0.179765 -0.472799 -2.773978
0.044803 0.239501 0.154098
0.140944 -0.407837 1.974938
0.134355 -0.215967 -2.343724
-0.050655 0.227706 1.925637
0.291323 0.185379 -0.172801
0.490197 0.433904 -0.069246
-0.423910 -0.490158 -1.723010
-0.211559 -0.106265 -2.162836
0.209921 -0.003510 -0.060672
-0.075646 0.412822 1.552037
-0.432187 -0.301797 1.204910
-0.157284 -0.476188 1.667008
-0.122525 -0.062512 2.607632
-0.289530 -0.129021 -2.941361
0.336941 -0.399036 3.045801
-0.137209 -0.103485 0.995335
0.106289 0.341521 2.819644
-0.327049 -0.178479 0.749540
-0.107320 0.007123 2.748985
0.481642 0.331497 1.611100
-0.385533 -0.310537 1.503924
-0.416231 0.199277 -2.504487
-0.491044 0.434749 1.250532
-0.321235 -0.151937 0.128246
0.059229 0.407099 1.883912
-0.477984 0.178847 0.263401
0.035966 0.183533 2.571786
0.305642 0.271971 -1.637049
0.191002 0.252939 2.452584
-0.170733 0.178255 -1.796415
-0.334285 0.091105 0.833616
0.064462 0.263428 0.602075
0.365961 -0.459714 -2.440799
0.378497 -0.235876 2.814144
-0.141812 -0.224384 1.952328
0.373733 0.047913 1.512855
0.108949 -0.038592 -2.434370
-0.385172 0.265269 -1.211733
-0.170195 0.219625 2.092633
0.041192 0.222456 -0.248099
0.239289 0.165922 -0.629539
-0.059422 -0.118663 -2.658991
-0.305718 -0.034208 -2.688545
-0.451895 0.215591 -1.135405
-0.207082 0.174772 -0.037113
-0.151457 0.281014 2.501813
-0.049219 -0.093794 2.002003
0.315227 -0.275526 2.152507
-0.491027 -0.372215 -1.375696
0.246721 -0.332359 -2.788732
-0.393185 -0.169910 1.204152
-0.018887 0.125772 1.181912
-0.232130 -0.163290 -1.392693
-0.170496 -0.380141 -0.231174
-0.026804 -0.112280 1.679492
-0.028530 0.183629 -2.230226
-0.121014 -0.307705 1.412503
-0.069079 -0.407576 0.407187
0.200220 -0.326942 -1.747717
0.222685 -0.069425 -2.790415
0.441583 -0.212918 -2.643043
-0.109945 -0.070152 1.956228
0.382117 -0.422060 -0.562416
0.319691 -0.307031 0.329458
-0.388880 -0.467749 1.549989
0.144551 0.286098 -2.866906
0.289970 -0.316627 0.701459
0.287146 -0.443753 1.704333
-0.118836 -0.311064 -2.999554
-0.414058 -0.396998 1.424541
0.181617 -0.215705 2.757414
0.455733 -0.074352 1.992340
0.393491 0.439725 0.035884
-0.140257 0.484190 2.705745
-0.402910 0.037732 -1.614904
0.494415 -0.243967 2.486476
-0.101827 0.127778 2.957264
0.414793 0.312109 0.117372
-0.478688 0.099339 1.124239
0.067577 -0.099323 1.147734
-0.060367 0.253802 1.885770
0.007495 -0.477494 1.575902
0.466814 -0.388075 2.873943
0.265509 -0.442808 -0.410541
-0.281854 0.272738 -2.882012
0.141088 -0.405086 3.075986
0.117810 -0.291914 0.533690
0.430709 0.221541 -1.993228
-0.261312 0.476384 2.600054
0.141115 -0.482908 -2.690614
0.134189 0.137947 1.993068
-0.089314 -0.255433 0.782090
0.174539 -0.040727 -2.848694
-0.443424 0.363766 2.210876
0.277678 -0.202958 -2.233292
0.132486 0.367116 -0.225005
-0.202171 0.263102 -2.241888
0.411060 0.446013 -2.654141
-0.331623 0.063361 -0.014577
-0.047880 -0.139998 2.665926
-0.220765 -0.069953 1.283556
0.260925 -0.490578 2.928142
0.444861 0.100875 -0.133445
-0.185533 -0.101163 2.395585
-0.324409 0.474596 -1.897296
-0.476037 0.115172 -1.249781
0.443871 -0.242549 -0.977250
0.242250 0.371066 -2.859128
0.335844 0.318014 2.019289
0.059846 -0.163896 -1.068244
0.054619 -0.103093 -1.104309
0.158023 -0.313027 -0.727145
0.295007 0.351878 -2.720739
-0.306334 -0.298066 1.125158
0.148983 0.187004 -1.934954
-0.271842 -0.353663 -3.079449
-0.145232 0.094240 -2.432313
0.354988 -0.290255 -2.210857
0.369932 0.355737 -0.355679
-0.225474 -0.091639 0.172557
-0.086346 0.323549 -0.725134
0.357829 0.395342 2.731954
-0.315149 0.471274 -2.697068
-0.233929 -0.303504 0.694606
0.394843 0.312882 -2.827007
0.481460 0.391242 -0.928119
-0.152788 -0.077874 -2.037548
0.144897 0.464129 0.661872
0.230726 -0.281146 2.646553
-0.154096 -0.146178 -1.592710
-0.391492 0.013360 0.642682
-0.283990 0.247205 1.946972
0.212210 0.285012 1.967422
-0.357463 0.499743 -2.833637
0.310395 0.451711 -1.080260
-0.073804 0.367050 0.798910
0.442782 0.330317 -2.700384
-0.097561 -0.490412 0.554602
-0.339802 -0.396335 2.206564
-0.178227 0.484079 2.145892
-0.024112 -0.097458 -0.633975
0.169077 -0.182447 1.239694
0.084719 0.192665 -1.781097
-0.233536 0.240547 2.666375
-0.318408 -0.266239 -1.033456
-0.252707 0.146536 -2.689690
0.132359 -0.112761 0.352223
-0.171041 0.136245 2.687004
0.331434 0.455808 -2.986408
0.060685 0.018680 -2.383786
0.044784 -0.470816 1.931219
0.213449 0.262388 -0.258656
0.113216 0.414998 0.423154
0.014611 -0.167558 2.322028
0.486221 -0.392641 -0.228579
0.286393 0.073826 -2.670563
0.079206 -0.476319 2.495707
-0.348727 -0.252279 -1.634254
-0.246263 0.490950 -0.491775
-0.224910 -0.492897 0.726947
0.359547 0.220829 -1.440117
-0.149104 -0.135445 -0.396495
-0.012701 -0.381700 2.050131
-0.014723 -0.187984 1.978182
-0.199586 0.488216 0.863201
0.285699 -0.146139 -0.547623
0.230964 0.130161 -1.981990
0.239469 0.377895 -0.680692
0.026754 -0.187039 -2.434475
-0.205886 -0.324192 -1.369501
-0.035367 -0.342078 0.128483
-0.360424 0.247726 2.539219
0.113160 0.080753 0.572038
-0.395515 0.193853 1.809019
-0.128443 -0.307881 3.064108
0.438380 0.118343 -2.468586
-0.282315 0.040790 -1.663110
0.397384 0.281778 2.494931
-0.006143 0.174504 -2.991493
-0.091094 0.457269 3.016964
-0.094983 -0.355459 -0.603787
0.329638 -0.175246 -0.904325
-0.301843 -0.313755 1.943611
-0.332099 -0.191827 1.736169
0.022187 -0.102673 1.944770
-0.196186 0.207118 -0.504440
0.246173 -0.105169 -1.986435
0.223615 -0.319398 -2.510768
-0.126894 -0.079941 1.373168
0.323160 0.478859 2.947164
0.400362 -0.157666 -2.047481
0.490791 -0.317920 2.676906
-0.441289 -0.407867 -0.854235
-0.379457 0.152180 -2.398478
-0.479662 0.379898 1.064288
0.465207 0.345929 -1.328173
-0.326678 0.285702 2.493985
0.408278 -0.380510 -2.835315
0.049061 -0.164774 -2.549334
0.291748 0.259120 -0.875128
0.296748 0.391602 1.858018
-0.032278 0.071345 1.641313
-0.441322 0.106458 -0.394057
-0.303748 0.233341 0.770780
-0.375804 -0.445675 0.902297
-0.016380 -0.411985 -1.063672
-0.023977 -0.240031 2.937393
0.411628 -0.499368 -0.538522
-0.162027 -0.272554 -1.516498
-0.467990 0.347690 -3.074661
-0.160956 0.109662 -0.094200
-0.123904 0.307585 3.000506
0.039933 0.122088 -2.504387
-0.090857 0.067398 2.719228
-0.252788 0.310712 -2.741535
-0.409252 0.005241 -0.476193
-0.149142 -0.469757 -2.672913
-0.092826 0.229011 2.044391
0.007891 0.018953 0.206835
0.003395 0.333800 1.956486
-0.352067 0.193313 1.539374
0.072622 0.449085 -0.604484
0.167443 0.313193 1.006972
0.000047 0.459629 2.038331
0.455793 0.379141 -1.516890
0.476104 -0.166760 2.987816
-0.016804 0.332061 -1.800720
0.405515 0.094039 -0.268325
0.379942 0.090278 -0.742896
0.452841 -0.131853 -2.782999
-0.014657 -0.458329 2.078655
-0.139268 -0.488503 3.035239
-0.231423 0.387392 2.714894
0.161367 0.266916 2.835425
0.283667 0.189761 -0.465498
0.387872 -0.433715 -1.169518
-0.155827 0.429568 -2.235574
-0.307106 -0.230055 3.020523
0.054851 -0.306234 1.219712
0.078697 0.484834 -1.554069
0.037292 0.024339 2.865488
0.198189 0.164556 -0.493475
0.101863 -0.061730 -2.483529
-0.281408 -0.000041 -0.354091
0.026355 -0.109494 -2.517651
0.331341 0.319016 -0.863451
0.445597 -0.405511 -1.610844
-0.455941 0.454794 3.071754
-0.437248 0.435313 -1.911866
0.376770 0.473150 -1.783280
-0.476627 0.357364 2.048363
-0.458429 -0.305021 1.705268
0.440088 0.094338 -3.060297
-0.136873 0.326694 2.712461
0.392314 -0.313332 -2.559063
0.381184 0.138744 -2.471921
-0.301442 -0.376741 0.274883
0.396219 -0.032305 1.409691
-0.099857 0.120143 0.119569
-0.374922 0.257346 -1.013332
0.409117 0.122256 -2.224528
-0.223785 -0.270923 -1.521754
0.018228 0.457905 2.778185
-0.183741 -0.038811 0.601287
0.226970 -0.207288 -2.270440
-0.269069 -0.451433 -2.748250
-0.189017 0.321355 -2.426674
0.082201 -0.383389 -1.527418
-0.318716 0.140877 -0.184072
-0.220504 0.167668 1.941719
0.121249 0.178411 0.810171
-0.361644 0.438210 0.748658
0.091427 0.304083 -2.834388
0.035486 -0.091376 2.187871
-0.471784 0.302372 0.315861
0.023714 0.375483 1.337653
-0.091428 0.195691 2.590776
-0.461015 -0.346954 -1.866415
0.041632 -0.497134 0.686915
0.491933 -0.005828 -1.730733
0.097274 -0.346851 1.667086
0.276317 0.143719 -2.267961
0.263657 0.209509 2.527483
0.415577 -0.112579 1.600207
0.004274 -0.419522 0.286748
-0.165653 0.334024 2.911940
-0.198307 -0.115441 2.150228
0.101086 -0.472008 2.263774
0.463912 -0.297878 2.904740
0.392121 -0.334382 -2.278798
-0.191127 0.080219 -1.901175
0.135522 0.020539 0.594486
-0.078744 -0.062495 1.356446
-0.104406 0.458614 2.975487
-0.003757 0.223847 0.968995
-0.411969 -0.225755 2.814416
0.290154 -0.002826 -2.494446
0.280228 -0.283833 -0.472464
0.268361 -0.141525 -2.650195
-0.237466 0.136308 2.847066
-0.323886 -0.468722 3.081011
0.046956 0.390688 -0.235379
-0.035824 -0.430556 1.522353
-0.195262 -0.002475 -2.121293
0.437667 -0.234458 -1.131913
0.165217 0.184252 3.067422
-0.104754 0.248780 0.762817
0.300495 0.412185 2.882487
0.094210 0.087305 1.202762
0.016114 0.202462 -2.272690
0.197620 -0.220348 -1.371051
-0.061344 0.345177 2.541640
0.165135 -0.257916 2.169380
0.268342 0.317169 2.014676
-0.312174 -0.081567 -2.286560
-0.119767 -0.133551 2.694843
-0.158945 -0.287862 2.725561
0.052190 -0.339815 1.625568
0.011893 0.363557 1.945306
-0.273270 0.208191 -3.085574
-0.100954 0.065399 -1.217803
-0.149708 0.292658 -1.616143
0.210468 -0.106393 0.102634
-0.215006 -0.027013 2.457786
-0.025650 -0.118401 -0.488284
0.327854 0.310139 -2.522556
-0.080365 0.224410 -2.035530
0.456621 -0.391687 2.436969
-0.464677 0.336300 -1.760579
-0.241268 -0.354201 0.999960
0.024233 0.340101 1.308517
0.377410 -0.492449 -3.045763
-0.115791 0.251602 1.753761
-0.202570 0.074924 -2.109109
0.188056 0.044744 -2.637226
-0.454698 -0.055460 3.060586
0.225841 0.233562 -1.147042
-0.221161 -0.036313 -2.793216
-0.305945 -0.039061 -2.041879
-0.419239 0.119532 -2.333012
0.482228 -0.137779 -2.180503
-0.375418 0.030577 -0.605016
-0.177388 0.454735 2.119023
0.332241 0.479110 -1.364423
-0.382247 -0.120334 -2.045033
-0.420355 0.327241 1.034246
0.317081 -0.374576 -0.334964
-0.461682 -0.446360 -2.973559
0.166008 -0.065436 -2.960329
0.037911 -0.325842 -1.163605
-0.289326 0.291445 2.402336
-0.371708 -0.243575 1.002415
-0.427902 -0.474363 -2.502428
-0.233483 0.248269 3.105194
-0.135144 -0.263411 -1.373906
0.382564 0.434260 -2.706751
0.149001 0.191432 -2.073181
-0.171692 -0.442213 1.898519
-0.222717 0.479000 2.881748
0.052796 -0.179911 -2.810671
-0.000629 0.103612 -0.367819
0.418567 -0.064366 -2.988855
-0.477566 0.251160 0.138239
-0.181804 -0.258409 -1.883913
-0.286755 -0.424997 -1.849326
0.170107 0.032739 -1.339698
-0.226567 0.410904 2.728389
-0.444163 -0.251596 -1.544482
-0.135068 -0.322702 -1.994531
-0.440316 0.284120 -0.093509
-0.163884 0.358807 2.962341
-0.164747 -0.313269 -2.939385
0.218344 0.355718 1.771458
-0.496405 -0.315864 1.093751
-0.012511 0.021782 2.648818
0.265416 0.487736 -0.524927
0.172816 -0.142754 -0.876620
-0.357440 0.473235 2.757154
0.388950 0.360264 2.436063
0.059321 0.068570 -1.537571
0.339624 -0.090402 -1.585255
0.244409 -0.212999 -1.561045
0.443783 0.401307 0.618435
-0.141236 0.267147 -1.419780
0.472467 -0.346020 1.487056
-0.449974 -0.435304 -2.798816
0.435326 0.043219 -2.082296
-0.246677 -0.034483 0.531221
0.311437 -0.375687 -2.191821
-0.155745 0.146514 0.727791
0.383595 -0.195288 2.366662
-0.363692 -0.186850 -2.972424
-0.244628 -0.227671 -2.471895
-0.351045 -0.443600 -0.495469
-0.180888 -0.465803 -1.858610
0.219445 -0.480993 -2.205508
