0.257009 -0.493867 1.218336
0.070828 0.081861 -2.058091
0.032565 0.206542 3.130887
0.356445 -0.442839 -3.092747
-0.133481 0.233948 -0.042194
0.237755 -0.441614 -2.002309
0.239331 -0.070391 -2.199297
0.018544 0.062118 1.977839
0.148207 0.292720 -0.786031
0.384221 0.306706 0.944736
-0.390379 -0.314761 -1.970456
-0.100455 0.033879 -2.325710
0.039595 0.037886 -0.514982
-0.001085 0.250613 2.086140
-0.494049 -0.465770 1.921998
-0.065817 -0.369959 -2.167005
0.037648 -0.141181 2.822595
-0.113023 -0.122902 2.895709
0.484109 -0.411675 0.026530
-0.244683 -0.247208 1.024519
0.183477 0.179180 1.932508
-0.449525 -0.309219 0.963361
0.070354 -0.017069 3.015423
0.402231 0.197822 0.717446
-0.373972 -0.489863 1.528721
-0.256750 0.274609 -3.028781
-0.383905 0.336004 2.773008
-0.499725 -0.164158 -0.077075
0.058657 0.228018 1.449113
-0.404113 0.047470 2.246830
0.176200 0.071685 2.461104
0.379752 0.434757 -2.220654
0.278015 0.100892 1.831512
-0.140878 0.354929 -1.691574
-0.387152 -0.076653 1.489068
-0.009280 0.105414 1.324310
0.495530 -0.496532 -0.477860
0.477765 -0.338731 0.334601
-0.041234 -0.372624 2.105102
0.387842 -0.128861 1.946581
0.236459 0.088153 -2.387523
-0.425029 0.439766 -1.526572
-0.082259 0.064588 1.897550
-0.093495 0.333935 -0.934220
0.090358 0.262591 -0.693207
0.117733 -0.098841 -2.875861
-0.176203 0.088045 -2.272118
-0.484410 0.392123 -1.492501
-0.326944 0.294243 -0.879182
0.010936 0.206717 2.910992
-0.064623 -0.241219 2.106079
0.437847 -0.406964 2.411777
-0.473652 -0.201447 -2.083794
0.272527 -0.155655 -1.535319
-0.487690 -0.322602 0.997558
-0.118788 -0.023191 0.895845
-0.241084 0.013992 -1.694484
-0.343738 -0.334217 -0.364259
-0.102090 -0.202299 -0.535856
0.073639 0.331205 -2.058571
-0.211769 -0.459889 0.759576
-0.231608 -0.480033 0.137408
0.296451 -0.177558 -2.351738
0.398153 -0.107520 3.052810
0.393090 -0.157349 0.130192
-0.092587 -0.247584 1.418651
0.236937 -0.319686 -0.793483
0.152207 -0.371560 0.292130
-0.403260 -0.353223 -1.512337
0.321445 0.317631 -3.069504
0.227914 -0.480445 1.510692
0.351722 -0.389435 -1.981747
0.034814 -0.390887 2.334953
-0.441761 -0.425766 -1.498074
0.349811 -0.279044 2.892438
0.482776 -0.251480 1.591768
0.215613 0.422267 0.020138
-0.038920 0.340424 2.055577
-0.314497 0.191769 -2.378141
0.415468 -0.388188 1.506660
0.070265 0.078389 3.032595
0.237571 0.286837 0.208779
-0.488106 -0.077182 1.637261
0.032374 -0.274949 1.423428
-0.046837 0.075379 1.486591
-0.007766 -0.344143 -1.477855
0.419114 -0.481535 2.218005
0.087654 -0.420671 -0.087811
-0.197205 0.166345 1.848558
0.318491 -0.386900 -2.925501
-0.061575 -0.294643 0.017544
0.472484 0.394731 -1.715838
-0.099464 0.398464 2.702336
0.319868 -0.462994 -3.036644
0.251152 0.001892 2.316621
-0.233062 -0.363720 0.624277
0.347411 0.006950 -2.979320
-0.313592 0.242125 2.606399
0.381086 -0.056663 -2.129106
-0.039430 0.416986 -0.319817
-0.100952 0.410185 -2.157777
0.417056 0.496026 -0.416059
-0.489357 -0.014632 0.701604
0.108841 -0.226936 2.563011
-0.267492 -0.242635 1.377325
0.439628 -0.496676 -3.118183
0.271414 0.146942 -0.371759
-0.021644 -0.156773 2.969093
-0.341746 0.346581 1.534698
-0.480499 0.291589 -1.714689
0.392262 -0.071353 -1.181160
0.411114 0.430214 -2.661779
0.431200 0.167529 1.933161
-0.017408 -0.001554 -1.054645
0.046893 0.073779 -1.693792
-0.002618 -0.240178 -0.139841
0.469865 0.383291 -2.831294
-0.366029 -0.466326 1.365167
0.166221 0.362933 -1.410883
-0.096004 -0.322763 -3.070666
-0.170459 0.174138 -0.207583
0.448771 -0.137293 -2.087146
0.196066 0.400601 -0.165500
-0.403650 -0.115377 0.123659
-0.237679 0.264960 0.543622
0.499343 0.286621 0.564012
-0.139621 0.491311 2.930728
-0.367951 -0.416255 0.344222
0.431777 0.357921 -0.419328
0.358245 0.478322 0.848681
-0.237986 0.063034 -0.854357
0.012422 0.343081 0.869346
0.340435 -0.420586 2.319128
-0.164468 0.032518 -1.695100
-0.497478 -0.122616 1.224600
-0.231354 0.075572 1.933403
0.286790 0.121984 1.843600
-0.189204 0.436958 2.765520
0.248564 0.380468 1.372469
-0.180314 0.223127 0.983335
0.435572 0.461539 -0.847891
-0.266842 -0.452071 -0.280409
-0.215371 -0.473704 -2.332265
-0.138461 0.309960 1.719962
-0.094798 0.063265 -1.277387
0.048144 -0.306091 0.690941
0.103459 0.370224 -1.457182
-0.057778 0.219213 3.034188
-0.445008 -0.139489 -0.655849
-0.134983 0.281868 -2.204004
-0.004501 -0.225090 0.938536
-0.005579 0.067487 2.762582
0.489479 0.453780 0.028660
0.143774 0.161982 -1.854318
0.088153 -0.356239 -1.674321
0.044397 0.322819 -0.455085
-0.059052 0.369077 0.109959
0.157158 -0.274725 2.759988
0.315568 -0.339480 -0.564247
0.452261 0.141524 -2.713927
0.236154 -0.437182 -2.630473
-0.322746 -0.075131 -1.900345
-0.414647 0.453224 0.551370
-0.380229 -0.416842 -0.420947
0.273504 0.375803 -0.776108
-0.312509 -0.062714 -0.238817
0.087218 -0.469281 -2.039597
0.061567 -0.350648 2.039390
-0.340551 0.378891 0.460346
0.150998 -0.027316 -0.686392
0.308392 0.288907 -2.311499
0.084610 0.468485 -0.665885
0.122429 -0.035593 -2.009292
-0.255932 -0.152058 -1.166201
-0.210075 -0.373658 0.322441
-0.198908 0.250879 -2.833649
-0.051236 0.009152 0.227613
-0.329198 0.027146 1.836740
0.038156 -0.373283 2.616105
0.389601 0.156942 -0.067384
-0.207275 0.200384 -2.323504
0.442838 0.199324 0.475489
0.172910 0.171103 3.050213
0.087406 0.453918 -3.140078
-0.244822 -0.257267 -0.540045
0.270221 -0.007595 -1.413989
-0.260508 -0.487138 1.513184
-0.302422 -0.367799 1.897304
0.103718 -0.258988 2.257345
-0.357913 0.282273 -0.241796
0.319773 0.058230 -1.964845
0.396955 -0.273468 -2.856926
-0.083729 -0.249779 2.011890
0.494475 0.472727 2.746989
0.470524 0.005728 -1.813515
0.331996 -0.308381 -0.198970
-0.410243 -0.313619 -2.666745
-0.230216 0.246834 -2.203708
-0.418961 0.232972 2.339316
0.381858 0.495986 0.943636
-0.179916 0.186667 2.734222
0.430561 -0.301141 -0.517860
0.212634 -0.093294 -2.953895
0.174202 0.395061 -0.838221
0.351856 0.222298 2.074019
-0.032348 -0.105377 1.404528
-0.390372 0.156815 3.056849
-0.453509 0.136076 0.481184
-0.460577 -0.396330 -0.950085
-0.126771 -0.270139 -0.946048
0.048847 -0.077625 -1.974191
0.293503 -0.364622 -0.843747
-0.236838 -0.133373 -0.634019
-0.290451 0.335665 2.774896
-0.337475 0.094914 0.041537
0.045195 0.248528 2.762488
0.044697 0.295216 -1.302378
0.074583 0.005517 3.069775
-0.077692 0.332337 3.025798
-0.417531 0.052753 -2.925613
0.002152 -0.373561 -2.542461
0.019393 0.090679 2.514048
-0.170959 0.021169 -0.019588
0.119106 0.196342 2.198257
-0.337178 0.014405 1.674140
-0.033332 0.410113 0.932244
0.038182 0.234266 -0.386511
0.115976 0.325845 2.392999
0.495852 0.473122 -0.011468
0.348906 -0.196415 -0.028528
0.066820 0.490889 -2.046566
0.239669 0.162325 -0.483278
0.235436 0.197313 -0.676178
0.391864 -0.042454 -0.567474
0.071029 -0.383833 -2.039029
0.039735 -0.491945 -2.951121
-0.120956 0.417832 -1.439511
0.323333 0.188687 2.701759
0.146847 0.305627 -0.749721
0.279712 -0.292196 -0.967238
0.004546 0.497730 3.053463
-0.132331 -0.190191 -2.781529
-0.053115 -0.443158 0.787051
-0.000496 0.370575 0.381334
0.208741 -0.026069 3.004464
0.059109 0.276003 -0.807935
0.265701 0.003123 -2.933516
-0.457336 -0.001576 0.221756
0.158734 0.011037 -2.555956
0.189804 0.429278 -0.607232
0.423767 -0.227747 -1.492702
-0.284360 0.418670 2.528862
-0.490237 0.400530 0.953831
0.290687 0.426209 0.152499
-0.488694 0.204419 0.886626
-0.488234 -0.481601 1.428333
0.390245 0.141796 -0.594995
0.019980 0.241862 2.365594
0.432296 -0.277598 -0.282186
0.473060 0.242591 -0.842133
-0.479226 -0.384305 -0.130597
0.361141 -0.208283 1.261373
-0.274265 0.079456 0.265561
-0.429900 0.425367 -1.384893
0.482674 0.282115 -1.756634
-0.144192 -0.140733 -2.627370
0.160837 0.353159 2.246164
-0.346996 -0.109243 0.316275
0.308605 -0.048987 -2.315680
-0.112101 -0.365616 -2.529987
-0.113040 0.360245 1.732674
0.069134 -0.204070 -1.459886
-0.471731 0.057089 0.603029
-0.113923 0.023796 2.052656
-0.029980 0.089347 0.136407
-0.477116 0.301387 0.656792
0.268914 0.324784 3.102413
0.030414 -0.263038 1.631356
-0.367858 0.225081 2.543544
-0.091913 0.239999 0.720794
-0.004607 0.044792 1.815269
-0.364404 -0.197600 -1.897589
-0.107363 -0.402988 -0.490077
0.497866 0.173523 -1.614514
0.067417 -0.479255 -1.132268
0.355546 0.301426 -1.728675
0.419793 0.120586 2.547732
0.334972 -0.271773 0.961954
-0.170517 -0.458441 0.042390
0.007743 0.287246 2.949084
-0.097736 -0.262908 2.442848
0.222747 -0.396545 -2.410389
0.375884 -0.371190 0.763468
0.478257 -0.179655 -1.910666
-0.167652 0.255993 -1.926867
0.003932 -0.100189 0.543711
-0.111660 -0.234329 1.189788
0.041610 0.357146 2.425309
-0.100088 0.073663 0.772780
-0.251074 -0.300534 2.467813
0.463139 0.037230 3.127627
0.106931 -0.241692 -0.478176
0.414831 -0.038232 -2.629834
-0.060587 0.168101 -3.061304
-0.144972 -0.479210 -3.055305
-0.127993 0.430191 -0.298053
-0.050776 -0.392588 -1.660128
-0.106403 0.152965 -1.916511
0.345446 -0.080656 -0.916406
0.333247 0.127707 2.772946
-0.257149 0.154921 0.579473
0.466512 0.343395 2.771335
-0.035592 -0.034705 0.836827
0.178528 0.276076 -2.585242
0.139983 -0.050742 -1.197685
0.109718 0.333336 -3.124476
0.294946 -0.377988 2.327040
0.323967 0.148488 1.666933
-0.165431 0.021986 -2.543792
0.045403 -0.203065 2.697364
0.017363 -0.316891 3.084367
0.097532 -0.489691 -2.179881
0.068282 0.194387 1.836813
-0.221973 0.334744 -1.583828
-0.112254 0.243276 -1.409089
-0.163274 0.470779 -1.634060
0.035360 -0.144659 0.239017
-0.089173 -0.155030 2.372234
-0.196245 -0.062915 -0.385252
0.380719 0.478882 -1.739672
-0.013648 0.390555 -2.040237
0.423580 -0.487287 -0.684705
-0.362710 0.481156 -2.323012
-0.262649 -0.470289 -1.753574
0.038334 0.160901 1.693811
0.427803 -0.359246 -1.436384
-0.138428 0.073491 1.340546
-0.077864 0.204458 -2.327344
0.303743 0.177764 -1.925137
-0.304317 -0.149971 2.522055
0.110741 0.363972 -0.329666
-0.050459 0.015399 -2.646525
-0.246221 0.128897 -1.685892
-0.285555 0.239360 -2.482340
0.391874 -0.009707 -0.704964
-0.474105 0.128065 -2.657792
-0.067602 0.314106 2.449386
0.402391 0.424788 3.107307
-0.324934 0.047424 -1.657139
-0.400956 0.344522 -3.014286
0.161881 -0.286745 -0.758465
-0.282408 -0.432513 -3.129941
0.342528 -0.032894 -2.989940
-0.050386 -0.170872 -1.048048
-0.348093 0.171847 0.647989
-0.492966 -0.375275 0.660441
-0.285373 -0.366879 -2.270669
-0.055538 0.225988 -3.088524
-0.187937 -0.093703 -0.965642
0.457860 0.486186 0.375698
0.165160 0.368382 -1.356121
-0.111553 -0.392143 -2.332933
-0.102072 0.371683 1.993798
0.212320 -0.097592 -2.817557
-0.176130 0.104977 0.165252
0.414034 -0.005665 -0.480085
-0.483068 0.395450 -1.265566
-0.096323 -0.111641 -2.283891
-0.228141 -0.258305 -1.632134
0.096212 0.196508 -1.177523
-0.080235 0.310067 2.781637
-0.458899 -0.073175 -1.682240
-0.030194 -0.181101 -2.479054
-0.387042 0.331890 -2.886197
0.006698 0.307021 2.615787
-0.026930 -0.199863 -2.455764
0.293647 0.197322 2.199021
-0.357346 -0.403676 2.937595
0.153018 -0.042820 2.516615
0.129444 0.394692 0.731266
0.027916 -0.038685 -0.438782
-0.216208 0.365771 2.445383
0.495868 0.216303 2.225337
0.069557 0.247322 -1.498206
0.407416 0.075551 -2.040366
0.194333 -0.043624 -1.048216
0.311750 0.279522 0.762412
-0.122718 0.443841 -1.516180
0.494965 -0.477137 -1.875594
-0.280661 -0.376539 -2.839271
0.475826 0.199164 -1.011019
-0.398959 -0.127946 0.565857
0.380854 -0.211085 -1.994168
-0.304683 0.046994 0.541957
0.471942 -0.301617 0.741422
-0.186499 -0.164743 -2.864663
-0.094845 -0.128610 -2.641290
-0.494276 -0.334804 -0.697825
-0.043413 -0.352179 -2.662935
0.344636 -0.353888 -2.568295
