-0.489663 0.305598 1.353301
0.045923 -0.193029 -1.240391
0.294793 0.419665 0.809342
-0.282745 -0.137946 1.821183
-0.159511 0.153172 -2.649184
0.208706 0.455923 1.216418
0.215241 -0.250761 -0.046806
0.290901 -0.139246 1.271738
-0.484576 -0.482812 -0.804737
0.488685 -0.024559 -2.899165
-0.428925 -0.223048 0.995029
0.298865 0.094751 0.514101
0.474395 -0.316156 1.167789
0.276585 0.453046 0.294621
0.306374 -0.226268 1.603487
0.240958 0.338972 -1.324762
-0.360493 0.398069 -0.839635
-0.316257 0.289474 0.723514
0.032771 -0.414400 -2.636462
-0.298878 0.052665 0.631066
0.468634 -0.326255 -0.641227
0.105619 0.099473 3.119466
-0.010874 -0.348741 2.604671
-0.098861 -0.489164 2.148402
-0.407234 0.404644 -0.947681
0.101404 -0.206110 1.297928
0.429058 0.070580 2.380426
-0.240428 0.193663 2.854440
-0.253455 0.294434 -2.108481
-0.292948 0.478849 -0.958133
-0.054204 -0.210432 -0.512440
-0.238187 -0.182739 -3.086607
0.293310 0.142722 0.401721
0.486733 0.201495 -0.884928
0.221064 -0.050510 -2.682042
0.483280 -0.351973 1.115798
-0.080876 0.365064 1.787304
0.329125 0.251618 2.475333
0.421537 0.349939 -2.669656
-0.413826 0.354086 0.806786
-0.270419 0.418231 2.370880
-0.316649 0.063085 -0.275369
-0.032403 -0.120717 -0.725189
-0.348028 0.373389 1.497596
0.499202 0.024164 -0.566720
-0.296335 -0.437327 -1.249241
-0.325730 -0.260534 -1.516576
0.376077 0.196919 -1.680341
-0.213192 -0.005496 1.451974
-0.213774 -0.219736 0.405463
-0.444746 0.441378 -1.363944
0.333707 0.176859 0.654967
-0.324391 -0.079661 1.562192
0.442142 -0.213238 -0.822060
-0.158783 -0.328154 -0.660717
0.311640 0.333331 1.581556
0.352088 -0.215696 -1.140915
-0.183924 -0.296241 0.647493
0.374194 -0.415988 -1.120934
0.142728 -0.294916 2.973103
-0.494896 -0.041180 -1.318953
0.417763 -0.354546 2.973632
-0.348278 0.020063 2.374311
0.458993 -0.262597 1.746049
0.103226 0.078127 -2.967321
0.390540 -0.060902 2.837294
0.161675 -0.233289 0.227120
-0.325703 -0.287814 2.066965
0.135336 -0.297609 1.956845
-0.164357 -0.331707 -1.909771
0.379223 0.285945 -1.500551
-0.340589 -0.267853 2.308525
-0.121658 0.373293 -1.770744
-0.263855 -0.411266 1.926294
-0.254002 -0.098417 2.655830
-0.205893 -0.389605 0.314401
-0.143687 0.458275 -2.355256
0.193411 0.292111 -0.437079
-0.084544 -0.228595 0.589506
-0.055368 -0.499439 -2.511926
0.494368 0.213149 3.119873
0.090171 -0.125888 2.276070
-0.456500 0.474542 1.778210
-0.390920 0.403844 1.326893
0.405288 0.486900 -1.626206
0.074067 0.017170 -2.775956
0.246221 -0.348710 -1.740923
0.064556 0.262416 1.122574
0.187979 -0.118292 -1.512620
0.316579 0.164311 2.099723
-0.482367 0.306968 -0.248868
-0.115319 0.222443 -1.347758
0.386980 -0.161309 -0.090171
-0.270111 0.260576 -2.436030
0.230960 0.433287 0.297554
0.069998 -0.147686 2.416841
-0.250013 0.209505 0.169532
-0.062451 -0.059544 -1.317604
-0.297711 -0.395484 -1.585772
-0.178288 0.103628 1.223307
0.210717 -0.227911 -2.771222
-0.072934 0.419070 -2.536021
-0.454344 0.036711 -2.204644
0.051922 -0.432170 -2.428195
-0.496861 0.121018 0.930668
0.419795 0.125208 -1.318771
0.022974 -0.340577 2.114241
-0.341573 -0.468486 1.536224
-0.168089 0.017029 0.577313
0.417822 0.110941 2.523862
0.264620 -0.003403 -2.642397
-0.325585 0.314247 -0.639069
0.225348 0.378713 0.582342
-0.391437 -0.105524 3.134190
0.232963 0.432535 -1.946695
0.163930 -0.346348 -0.955641
-0.212837 0.126056 -0.696188
0.493656 -0.382706 2.707804
0.431648 0.419740 2.979039
0.232162 -0.140111 -2.489591
0.414350 0.405692 -2.134267
-0.472212 0.180880 -1.765423
0.135110 0.463909 -2.139205
0.276248 0.087061 0.648904
0.364225 -0.379681 -0.062627
-0.219385 -0.383866 1.658770
-0.381374 -0.147468 -2.017670
0.434862 0.210295 -2.003701
-0.292721 -0.280077 1.026335
0.076350 -0.183368 -1.774682
-0.233597 0.133707 2.591343
0.477094 -0.132202 2.453207
-0.137645 0.016745 2.612260
-0.371935 -0.335091 -2.252430
0.414323 -0.287613 -0.284301
-0.080194 -0.484781 -1.993323
0.428454 0.302936 2.099951
-0.365344 -0.123947 0.308495
0.231703 0.201841 -2.971390
-0.129391 0.412007 1.788996
-0.420690 0.101556 -2.310570
0.369537 -0.071249 -2.563675
-0.025540 -0.046478 2.323918
0.160290 -0.170143 -1.156021
0.350684 0.084101 0.902820
-0.398878 -0.066739 -0.827269
-0.199607 -0.271783 0.061289
0.091855 -0.374882 -3.140103
-0.327498 -0.431134 -1.094534
0.170436 -0.258058 -1.831043
-0.384328 0.246171 -2.649275
-0.395244 -0.004424 -2.665729
0.098478 -0.155907 0.199195
-0.073507 0.352194 0.565431
-0.362332 0.164209 -1.642960
0.036607 -0.422110 -1.040233
0.156172 0.040341 1.428289
0.208546 -0.000806 -0.731095
-0.235623 -0.025209 0.097351
0.312671 0.212792 -1.466216
0.489806 -0.316441 0.234505
0.182347 0.007976 -0.180794
0.380024 -0.221768 -0.638538
0.020461 0.188166 -2.365898
-0.443383 0.103282 1.001038
-0.091107 0.196033 2.026206
0.272460 0.187186 -2.122986
-0.416977 -0.391122 2.060316
0.006789 -0.303770 -1.070953
0.067405 -0.347978 -1.625646
0.319698 -0.348429 2.305568
0.158347 0.139339 2.648446
0.391218 0.171121 -2.490793
-0.487748 0.105924 1.521567
0.115451 -0.186860 -2.486650
-0.056753 0.456651 0.604424
0.013230 -0.044213 -2.900400
-0.063243 0.212485 -1.762239
0.347934 0.290571 2.032643
-0.049311 -0.310899 -2.475695
0.251907 -0.478853 -1.827760
0.180681 -0.177215 -2.475294
-0.041924 -0.372988 2.833820
-0.147776 -0.216836 1.638789
0.359773 0.266372 1.753490
0.311071 0.021091 0.485462
0.284933 0.372330 0.488172
-0.300027 -0.416035 -0.673446
0.231858 -0.318226 1.294914
-0.195459 -0.137250 -1.012659
-0.004523 0.405322 2.487767
0.034363 -0.472475 -1.370941
0.412998 0.043626 0.586568
-0.293438 0.401786 2.424706
0.289329 0.083357 2.240756
-0.084100 -0.475518 0.404857
0.299002 -0.442496 1.420508
-0.445622 0.270517 -1.767790
-0.414851 -0.183346 -2.864218
-0.116853 0.224735 2.792917
0.030362 0.309235 -1.230202
0.371503 -0.223987 1.770527
0.427397 -0.148090 1.455572
0.148920 -0.426115 -1.938414
-0.381282 -0.375590 1.811270
0.284883 0.080958 -0.643780
-0.236188 0.111406 1.331131
-0.198582 -0.373306 1.701901
-0.095524 -0.313683 -2.160689
-0.056386 0.478150 -2.980816
-0.290414 0.350941 -0.080490
-0.001712 -0.414280 1.627927
-0.005187 -0.193107 -0.002127
-0.244475 -0.286602 -0.630259
-0.040227 0.158182 2.757207
-0.055066 0.121219 0.901503
-0.083298 -0.407903 0.135169
0.266314 -0.497391 -1.273085
0.186001 0.261545 2.898358
0.438336 0.358310 -2.665217
-0.195454 -0.474512 -2.693959
0.307781 -0.118505 2.907869
0.192446 -0.493999 -1.027912
0.420736 0.258486 1.943075
-0.344517 0.105989 -0.230584
0.210940 -0.043182 -0.334715
0.196090 -0.207295 -0.496067
0.198760 0.338728 1.249111
0.292978 0.341360 0.949393
-0.175765 0.024165 -1.027333
0.453955 -0.267794 -1.180187
0.361523 0.361102 -2.141522
0.496763 -0.044777 0.257004
0.019112 -0.265033 -1.778595
-0.212233 0.226916 -3.034885
-0.188299 -0.243441 -1.607096
0.310289 -0.184912 0.316391
0.317387 -0.131046 2.300082
0.102463 -0.046359 -2.422083
0.474929 0.341156 0.418729
0.100149 -0.010009 2.215595
-0.138380 -0.473440 1.323433
-0.326866 0.273698 -1.451774
-0.156412 0.393191 -1.004726
0.253626 -0.385980 -1.245769
0.136922 0.469979 -0.466239
-0.397258 -0.406786 -1.860529
-0.126434 -0.169319 1.407283
0.467937 -0.351245 0.680333
0.422561 -0.049394 -2.384134
0.268393 0.337938 0.629003
-0.181895 0.023564 0.332690
-0.219797 0.324756 -1.175329
0.011489 -0.361383 -0.124361
0.017751 0.158545 -1.567489
0.395407 0.133282 0.589183
-0.468655 0.472219 1.232427
-0.375179 -0.202280 0.806984
0.126516 -0.230833 -0.324154
-0.116480 -0.026017 -2.601704
0.315884 0.225572 -2.977647
0.179246 -0.143645 2.912251
0.467507 -0.320528 -1.316021
0.132808 -0.098369 -0.357256
-0.303147 -0.063249 0.201787
-0.111549 0.022400 -1.051040
-0.219871 0.406418 2.362296
-0.304111 0.418356 -1.866997
-0.094708 -0.218295 -2.877151
-0.421954 0.469777 -2.395335
-0.460169 -0.030101 -0.777888
0.260859 0.213330 -0.160694
-0.070358 0.452477 2.457996
0.193926 -0.311269 0.535022
-0.054348 -0.459188 2.117506
-0.456440 -0.184010 3.037390
-0.432715 0.430847 1.874771
-0.414608 0.323768 0.716625
-0.433716 -0.274307 -1.829490
0.427124 0.027842 -0.517585
-0.448311 -0.300423 1.630403
0.440987 0.206578 -1.313931
-0.322340 0.245127 2.698116
0.196708 0.334414 -2.838214
-0.240066 -0.497494 -1.923997
0.421646 0.130788 0.471918
-0.407286 0.026262 -0.563607
-0.279038 0.243673 3.088472
-0.321950 -0.239323 1.746252
0.064219 -0.345063 1.308517
0.013215 0.345689 -2.414728
-0.104005 0.226582 -2.619065
-0.373872 0.044533 2.355594
0.396483 -0.172544 -1.337738
0.463936 -0.085355 -1.242317
-0.182685 0.317596 2.637680
-0.306776 0.126210 2.699118
-0.214052 0.453164 2.007091
-0.459894 -0.385583 -0.126745
-0.037444 0.149382 1.223233
0.004319 -0.319495 0.487560
-0.441236 -0.364036 0.241215
-0.386877 -0.300027 1.611702
0.499935 -0.317302 -2.456853
0.388862 0.223479 2.525749
-0.156244 0.191762 -1.057416
-0.411095 0.073094 2.437972
0.416651 -0.069326 -0.330292
-0.281258 -0.118747 -1.135174
0.182638 -0.116969 -1.367731
0.046673 0.343536 -0.842732
-0.341349 0.205340 -2.725306
0.238543 -0.001365 -0.843299
0.291596 0.218383 2.812529
-0.331560 -0.012072 -1.012648
-0.379038 -0.010363 1.088535
0.391034 -0.085820 0.256278
0.148113 0.387871 -2.283306
-0.132479 -0.413087 1.645069
0.025803 -0.081940 -0.643810
-0.388052 -0.391959 -0.489838
0.370260 0.166582 -1.176984
-0.498199 -0.457705 2.323085
-0.117101 0.286208 -2.627743
-0.206495 0.182943 -0.951233
-0.498115 0.319008 1.137483
-0.054170 -0.221012 -0.849581
0.332872 -0.322769 -0.697068
0.088512 -0.308823 1.818193
0.118982 -0.487001 -2.728756
0.372537 0.196274 2.584769
-0.014587 0.065374 -2.187771
-0.019448 -0.222163 2.040228
0.187546 -0.264505 2.497582
-0.288972 0.200625 1.250030
0.226411 0.464474 -2.873869
-0.294402 0.249702 -2.083054
0.375935 0.423967 2.936218
0.095117 0.252693 -0.265163
-0.064217 -0.260289 1.590102
-0.181348 0.073845 -0.358143
0.002777 0.120835 -1.544305
0.394868 -0.434498 2.636066
-0.246498 -0.088304 -1.301863
-0.487440 -0.143138 0.730916
0.102414 0.349958 2.526918
0.021621 -0.265345 -0.151281
-0.022324 0.285492 0.815086
-0.354618 -0.032607 2.446098
0.162197 -0.471029 1.862479
-0.353945 0.133916 -2.721964
0.488501 0.056562 -1.781586
0.040280 -0.195307 1.337910
-0.397507 -0.078223 -1.619179
0.216328 -0.444639 -0.682610
-0.036900 0.377145 -2.930154
0.254442 -0.485110 -0.376134
0.148707 -0.354189 -2.500461
0.227253 0.380603 1.140449
0.197504 0.026963 -1.722091
-0.134731 0.339092 1.450821
-0.158341 0.491163 2.597328
0.484865 -0.335274 -0.530691
0.028644 0.204313 -2.569612
0.028065 -0.365502 -2.837553
0.006420 -0.412530 2.895451
0.114727 -0.004267 -1.951615
0.061317 -0.339301 2.163017
0.204376 0.245875 -0.917476
0.386415 -0.114109 0.139491
0.122217 0.395033 -3.009073
0.376984 -0.171852 -1.878728
0.496136 -0.089466 1.071590
0.217356 -0.238749 0.084268
0.385157 -0.401178 -2.659565
-0.462040 -0.283307 2.607614
0.158822 -0.115562 2.269021
0.312931 -0.490640 2.704861
0.483462 0.386364 2.204349
0.353926 -0.030896 0.183043
0.159126 -0.356024 -0.164159
-0.089659 0.488054 1.206915
0.222746 -0.417380 -0.408572
-0.373329 0.455943 -1.504335
-0.416773 0.241667 0.936539
0.330736 -0.292818 0.162240
-0.249075 -0.098207 -1.792856
0.245895 0.063941 1.497804
0.057963 -0.069345 1.806563
-0.229768 0.096803 1.721747
-0.425696 0.458264 -2.384796
-0.156618 0.361305 1.815238
-0.231933 -0.021185 2.897225
0.044011 0.109375 0.996364
-0.425483 -0.319807 2.397316
0.039560 -0.340226 -1.839008
-0.240912 -0.070725 2.262575
-0.318675 -0.147889 0.532847
0.138273 -0.120778 0.705752
-0.303031 -0.069085 0.487784
