-0.110745 -0.398680 1.544915
0.482579 -0.135026 0.842628
-0.300949 -0.390309 2.527969
0.348192 -0.241310 -1.698342
0.434815 -0.184293 -1.845600
-0.111871 -0.191052 -2.963113
0.021392 -0.381137 -0.411882
0.278705 0.101665 -0.998637
0.004574 0.222102 2.110296
0.465874 -0.097643 -0.374778
0.157832 -0.063186 -2.505589
-0.233232 0.313770 -0.305724
-0.313733 0.469964 1.600452
-0.285287 0.038045 -2.788568
-0.480014 -0.296234 1.422923
0.424066 0.367321 2.732629
-0.497676 -0.465188 -2.276089
-0.421917 0.303246 0.233500
0.217482 -0.470493 2.244992
-0.437458 -0.006921 1.715756
-0.452682 0.145935 1.870883
-0.094335 0.114953 -0.612764
-0.119919 0.262464 0.527749
0.420040 0.399383 -1.466466
0.449935 0.444087 -1.124605
0.397276 0.279156 1.895239
-0.484334 0.395665 0.433731
0.395961 -0.408388 0.537335
-0.482715 0.364799 -0.466900
-0.341560 -0.456269 0.091267
0.256544 -0.063852 0.192614
-0.451481 0.347115 -1.801210
-0.488672 0.085722 0.630233
0.438078 0.282020 -0.372514
0.019073 0.275137 -0.355632
0.194755 0.224560 1.954623
-0.494974 -0.027911 1.184615
-0.099625 -0.337986 -0.751019
-0.102504 0.387709 0.414833
0.393222 0.229122 0.109470
-0.306072 -0.441284 -1.687276
-0.099454 0.421870 -0.567961
0.223717 0.309666 -0.520678
-0.496749 0.454251 0.804326
-0.487903 0.117093 -2.397842
0.347616 -0.497268 1.395497
-0.056369 0.455657 0.480202
-0.128773 -0.167194 -0.937752
0.309217 -0.258880 -2.397701
-0.214908 0.463010 2.171713
0.134703 0.270717 2.209186
0.189340 -0.093928 0.601974
0.216031 -0.108906 -0.263580
0.201792 -0.287155 2.800102
0.285188 -0.297620 -2.199245
-0.189802 -0.309585 1.090130
0.493453 -0.172461 -1.749354
-0.168569 0.203371 -2.825010
-0.366775 -0.388351 -2.513625
-0.072619 0.433416 -1.260229
-0.024160 0.061588 -2.340568
0.162570 0.417167 -0.394414
-0.388131 0.361029 -2.155847
0.064624 -0.160400 2.205952
-0.371137 0.329680 2.636522
0.329233 0.145856 -0.601691
-0.433542 0.169684 -2.305081
-0.427904 0.203909 1.121765
-0.399905 0.066625 1.718373
-0.186478 0.311234 2.005713
0.228169 0.481287 2.254052
-0.054692 0.092891 0.294000
0.344188 -0.006693 2.329709
0.313414 0.121279 -2.736511
0.286587 0.074997 -2.677314
-0.046656 0.001438 -0.263546
-0.473155 -0.206975 3.129459
-0.116510 -0.176103 2.077698
0.041067 0.446674 0.209329
0.443586 -0.414705 1.223789
-0.317514 -0.096102 0.465397
0.239462 0.298787 1.408927
-0.014308 0.119891 2.994399
-0.175648 0.059608 -0.029342
-0.381956 0.201370 -1.381118
-0.161127 0.483108 2.961160
-0.335094 0.179820 2.619200
0.255171 -0.426639 1.433274
0.350102 -0.226029 2.814373
0.189283 -0.256351 -0.753656
0.123564 -0.214901 2.092582
0.225063 0.196720 0.624532
-0.245455 0.214012 -1.602576
0.257780 -0.091440 -0.159243
0.456892 0.113903 0.028523
-0.338123 -0.387219 1.634844
0.361128 -0.390220 2.970284
0.193737 0.069872 2.288308
0.019313 0.198925 -3.072523
-0.407031 -0.368908 -1.627232
-0.385386 -0.302425 1.238978
0.086373 -0.221394 1.546152
-0.135886 -0.154646 2.708196
0.398680 0.160209 -2.005035
-0.282358 -0.306149 -2.914100
0.289527 0.104092 -2.622992
-0.240028 -0.003795 1.525614
-0.250045 -0.314404 -0.632874
-0.006711 -0.112754 1.464799
-0.016734 -0.224549 0.623364
-0.061994 0.042372 2.037529
0.391579 0.090855 -0.801390
0.060492 -0.093079 -0.149009
-0.263298 0.383712 1.114623
0.315293 -0.422272 1.472363
0.322823 -0.330375 1.065521
0.320776 0.096297 -0.417530
-0.493815 -0.058259 -1.683299
-0.272348 -0.496523 -2.484738
-0.050372 0.196190 -0.554735
-0.045668 0.047701 2.955436
-0.209475 0.195089 -1.338038
-0.424186 -0.132503 -0.315324
0.256714 0.384197 -1.588194
0.248849 0.485223 3.039278
0.490206 0.249588 -1.951079
-0.025611 0.062810 2.379071
-0.188646 0.490869 -1.261226
0.401338 0.497721 -0.443244
-0.414788 -0.406288 0.049847
-0.458135 0.073485 0.591875
-0.339628 -0.367752 -2.675460
-0.245891 0.337588 1.320644
-0.096300 -0.469494 -2.363155
-0.080082 0.032649 -3.104877
0.455532 -0.246289 1.912256
-0.452685 0.293608 -2.087336
-0.017953 0.259453 0.051873
-0.402644 0.447428 -0.141996
-0.474163 0.480374 -2.767192
0.241724 0.135557 -2.711115
0.013214 0.208263 -2.981137
-0.299667 -0.106321 0.199967
-0.441411 0.143740 -0.663108
-0.047732 0.064153 -1.872496
-0.114652 -0.166267 -1.538041
-0.413450 -0.479022 -0.881854
-0.079240 0.217515 -1.640635
-0.215711 0.315414 -0.707161
-0.317952 0.121980 2.323817
0.096776 0.260303 2.605278
-0.479067 -0.135338 -1.096437
-0.378829 -0.243243 -2.596342
-0.280419 -0.391143 -1.401392
-0.256278 0.078582 0.947908
-0.326490 0.170109 0.077117
-0.382280 -0.062672 1.865973
-0.080114 0.106014 2.451036
0.261330 0.360685 -0.394039
0.343780 -0.027347 -3.095379
0.352342 0.369606 2.998448
-0.443290 -0.356537 -0.706812
-0.235039 -0.333488 1.491024
0.270732 0.384213 2.990982
0.395017 -0.231381 -1.473562
0.127314 -0.342039 1.217729
0.439017 -0.091496 -0.333366
-0.125350 0.251525 2.179598
-0.185058 0.155023 -2.600321
0.011035 -0.053455 -2.410556
0.021855 0.140542 0.911281
0.271900 0.121792 -1.564920
-0.257630 -0.447906 -1.725589
0.449887 -0.315518 0.187899
-0.460926 0.081234 1.460650
0.357332 0.320330 -0.800149
-0.082200 -0.370881 -2.887038
-0.074101 0.127690 0.513211
-0.141331 -0.164748 2.830586
-0.191495 0.340008 -1.162427
0.461068 0.367208 1.198615
0.002139 0.228412 2.207684
0.346818 -0.312437 -1.458010
0.281933 0.120182 -3.072504
-0.448022 -0.196473 -1.341095
0.398420 -0.053643 0.979969
0.153508 -0.374749 1.666099
0.056840 0.387895 2.687738
0.412743 0.104209 -1.270951
-0.044722 -0.358674 -0.504841
0.140578 -0.444117 1.613533
0.025924 0.419686 3.066609
0.154998 -0.172506 0.622183
-0.030715 0.151162 0.673758
0.358626 0.298283 0.946980
-0.452650 0.256943 -0.907851
-0.490630 -0.222768 1.258061
0.164408 -0.160275 2.735502
-0.276045 -0.363657 2.925987
-0.392631 0.368608 0.198091
0.472183 -0.201600 0.369482
0.247322 0.314817 1.375087
0.068447 0.161835 -1.507254
-0.330720 0.053450 -2.725307
0.469554 -0.026685 -2.186865
0.273772 0.111245 1.872518
0.215316 0.415908 -1.274896
-0.052182 0.452187 0.001648
-0.004703 -0.096730 -1.807878
0.166730 0.020104 0.351725
-0.472445 -0.231444 3.031694
-0.399958 -0.008263 -1.863446
-0.080725 -0.314636 1.309495
-0.186233 0.138735 -1.525581
0.444529 0.138882 1.573684
-0.261078 0.424815 -1.523423
0.416815 0.061973 2.750743
0.129421 0.353916 -1.402365
0.226874 -0.161922 -2.225812
-0.295407 -0.209307 -2.182972
0.447108 -0.478800 0.929344
-0.263891 -0.263362 -1.766812
-0.290034 0.294768 2.117515
0.352428 0.482932 -3.084995
-0.042036 -0.394741 -0.717886
-0.483883 -0.489502 -0.075826
0.178358 0.124114 -3.104602
-0.393452 0.116845 -1.117578
0.044172 -0.319765 -1.234886
0.416720 -0.168959 -2.519852
0.295940 -0.006664 -1.308599
-0.342726 0.347320 0.401135
0.412933 0.411118 -3.077459
-0.426069 0.252313 1.386835
0.125287 -0.230958 1.102298
-0.480630 -0.189771 -0.337813
-0.435994 -0.354816 2.143586
-0.362690 0.247159 -1.514683
-0.030157 0.092002 -1.069024
-0.206627 -0.273922 -1.288074
-0.005131 -0.218893 2.824261
0.305140 -0.370152 -2.817891
-0.110071 0.045118 1.453540
-0.069650 -0.141386 -0.956730
-0.105655 -0.312740 1.674631
-0.469911 0.005843 0.220670
0.338948 0.273300 3.124009
-0.341512 0.438712 -1.777162
-0.209961 0.010840 -0.532737
-0.299740 0.343038 -0.848244
-0.268807 0.306083 0.452732
-0.237164 0.104038 0.443185
0.129808 0.351916 -2.569431
0.202937 -0.468133 -1.695582
-0.325380 0.422375 0.168050
-0.132325 -0.056649 2.168599
-0.243562 0.129325 1.304040
0.095133 -0.076217 1.645721
0.487046 0.182147 2.427564
-0.284522 -0.435212 -2.542085
-0.269929 0.428946 0.235804
0.483669 -0.219769 -0.443043
0.443824 0.408608 -1.730494
0.433925 0.001338 1.308562
-0.417680 0.406493 -0.103174
-0.383963 -0.343453 2.154380
0.105271 0.271094 -0.837855
0.396135 -0.042285 -0.790746
-0.383431 0.047967 0.910679
-0.341926 -0.013496 0.364801
0.467986 -0.186187 1.691452
0.492311 0.037928 1.465518
0.191578 0.062817 -0.721539
-0.234013 0.083596 2.667832
-0.234493 -0.498104 0.040458
0.362577 0.054976 -1.132057
-0.273302 0.098544 -0.147775
-0.131288 0.068923 -2.852595
-0.132652 -0.320136 0.640697
0.142680 0.197031 2.768702
-0.137990 0.443011 -2.263970
-0.069342 -0.033868 -2.349099
-0.148571 0.261639 -0.718174
-0.146039 -0.010288 -2.745494
-0.026060 0.054662 2.379968
0.350866 -0.422693 -2.537546
0.296749 -0.440850 0.684227
0.422040 -0.490847 1.240632
0.149274 0.180763 -2.292990
0.410004 0.443141 -0.648892
0.213335 0.454425 0.371926
0.296192 0.439080 2.577365
-0.024267 -0.157141 1.282908
-0.024757 -0.292303 -0.362025
0.174297 0.285099 -1.373891
-0.459119 -0.265878 -2.993568
0.393474 0.254502 0.856626
0.131350 0.331002 -1.357782
0.295708 -0.443570 0.668719
-0.266755 -0.218408 2.367641
0.391192 -0.483569 -0.350854
0.353426 -0.247124 -0.901455
-0.386869 0.319696 0.211058
0.482761 0.275073 -0.079540
0.327344 -0.241965 -1.782955
-0.284865 0.112161 -2.302185
-0.253860 -0.216910 -2.338946
0.166605 -0.320455 -1.261806
-0.293038 -0.252363 3.105334
0.298625 -0.344782 -3.060992
0.439461 0.238132 0.056554
0.371331 -0.118067 2.548253
0.045760 -0.491255 0.515268
0.229984 0.240167 2.349568
0.389570 -0.026395 -1.266988
0.457967 -0.309772 0.734886
-0.105417 0.100173 2.888703
-0.050973 0.114132 0.060010
0.231991 -0.248232 -1.028534
-0.219273 0.251213 -1.780773
-0.041594 0.059969 -0.317710
-0.357493 0.485102 0.855120
-0.415560 0.250945 0.594538
-0.093223 -0.038393 -2.902105
-0.358007 -0.324350 -3.001632
0.020614 0.023221 -2.563550
0.268074 -0.078009 -2.279359
0.035018 0.061315 0.987758
0.035811 -0.497811 -2.276619
-0.431166 -0.014264 -2.694819
-0.263713 0.174491 -2.723915
0.242427 0.020792 2.405715
0.304154 -0.201270 -0.885388
-0.154261 0.044616 0.501521
0.001867 -0.352573 -0.350590
-0.466519 0.183036 1.405967
0.235455 -0.234949 1.091315
0.172558 0.065472 0.557599
0.210459 -0.274898 1.747072
0.340137 0.031625 1.880824
-0.401580 -0.282660 2.787237
0.477639 0.180071 1.043336
0.243663 0.357896 -1.622677
-0.364928 -0.281508 2.906329
-0.459447 0.480515 1.922293
0.355724 -0.375670 0.788152
0.045159 0.240374 1.599689
-0.043770 -0.294599 -0.501251
-0.071826 -0.343868 -1.485082
-0.014279 -0.359469 -0.167960
0.109956 0.142327 -2.331957
-0.000200 -0.150628 0.209087
-0.321127 0.384148 0.281010
0.236073 0.271750 0.054950
-0.112077 0.114825 -1.892383
-0.009189 -0.345734 -2.552648
-0.290667 -0.081952 0.568790
-0.273247 0.385914 2.024945
0.051704 -0.209245 2.137721
0.388719 -0.441502 2.066961
-0.371421 0.205511 -1.684013
-0.331322 -0.055338 -1.573716
-0.300932 -0.399142 -2.956441
-0.469512 -0.057099 -2.804631
-0.450216 0.240972 1.303609
-0.346675 0.048403 2.196774
-0.181314 0.386575 -2.727465
-0.210683 0.408092 -1.698080
0.132391 0.394017 -1.084953
0.327855 0.000259 1.802512
-0.124033 -0.121107 -0.304743
-0.139623 -0.374125 -0.124978
-0.007984 0.159321 -2.302133
-0.095145 0.038327 1.415667
0.156084 0.026021 3.000532
0.070073 -0.404597 2.390013
-0.189742 -0.434593 -2.932536
-0.328289 0.295313 -1.736568
-0.105598 -0.079671 -2.198020
0.391042 -0.196302 -1.648970
-0.382621 -0.133747 2.491019
-0.493684 -0.451019 0.161514
-0.240768 -0.250913 -2.246818
-0.091378 -0.165796 -1.273138
0.334982 0.140703 2.379993
0.454808 -0.336914 0.978492
0.343210 -0.324665 -1.177419
0.373546 -0.423062 -1.069014
-0.128322 0.081870 -1.650382
0.031603 0.169476 0.979573
-0.151339 0.214549 1.312337
0.200102 -0.118718 0.102975
0.167515 0.021210 -0.650115
0.149798 -0.076187 -1.649092
0.099508 0.086363 1.787216
-0.474794 0.002942 -2.653954
-0.331507 0.193318 1.463738
-0.092614 -0.242462 0.640693
-0.277291 -0.240897 -0.516259
0.398367 -0.369425 0.820566
