0.326633 -0.361725 0.985544
0.018978 -0.058368 -2.102314
-0.115711 0.226131 2.983078
0.208818 -0.465321 -2.889651
0.016368 0.229937 0.324451
0.154763 -0.434465 2.049507
0.152415 -0.192012 -2.216813
-0.042290 0.198896 1.853366
0.265462 0.200585 -0.531520
0.460241 0.435523 -0.054007
-0.419302 -0.460514 -1.724990
-0.199199 -0.078930 -1.995472
0.180123 -0.006988 0.116193
-0.068532 0.383677 1.810214
-0.443262 -0.329678 1.192677
-0.144868 -0.496502 -1.997492
-0.096122 -0.076756 2.646858
-0.260035 -0.123543 -2.957981
0.366941 -0.398936 -3.138250
-0.155400 -0.127340 0.919307
0.120034 0.314855 2.046725
-0.350517 -0.197167 0.672492
-0.078464 -0.001080 2.864634
0.492760 0.303633 1.950427
-0.381637 -0.340283 1.701040
-0.393509 0.218865 -2.430138
-0.497406 0.407062 1.966007
-0.351124 -0.154512 0.085957
0.064219 0.377517 1.737891
-0.495346 0.165109 2.665933
0.060424 0.166160 2.523981
0.318088 0.299268 -1.998587
0.214163 0.233871 2.452829
-0.162356 0.207062 -1.853809
-0.353813 0.068330 0.862000
0.042934 0.242535 0.770422
0.390812 -0.442909 -2.546995
0.403952 -0.251752 2.583935
-0.129712 -0.251836 1.985949
0.376769 0.018067 1.672184
0.130900 -0.018143 -2.391603
-0.394510 0.293779 -1.254250
-0.152546 0.195366 2.199720
0.011991 0.229331 -0.231231
0.216449 0.185373 -0.705434
-0.030898 -0.109369 -2.826605
-0.280923 -0.017321 -2.543674
-0.460110 0.244444 -1.293426
-0.235741 0.183640 -0.300089
-0.127357 0.263148 2.503669
-0.038791 -0.121923 1.925815
0.334689 -0.298357 2.276675
-0.496564 -0.342730 -1.385162
0.255894 -0.303796 -1.881547
-0.411542 -0.193639 0.912363
-0.031286 0.098454 1.144741
-0.240039 -0.134351 -1.303994
-0.199478 -0.372392 -0.261280
-0.030114 -0.142097 1.460235
-0.009516 0.206834 -2.257256
-0.131702 -0.335737 1.206511
-0.095654 -0.421496 0.482503
0.211731 -0.299238 -1.964590
0.251760 -0.076818 2.892587
0.465573 -0.194905 -2.497517
-0.101923 -0.099060 1.841495
0.356565 -0.406342 -0.551480
0.293591 -0.321822 0.515575
-0.393061 -0.497456 1.430982
0.173654 0.293380 -2.896412
0.268953 -0.338036 0.794636
0.301646 -0.470016 2.075265
-0.089295 -0.316290 2.966485
-0.415053 -0.426982 1.537606
0.209018 -0.227918 2.722313
0.462049 -0.103680 1.782899
0.363507 0.440715 -0.033016
-0.114156 0.469401 2.626103
-0.391980 0.065671 -1.943698
0.480747 -0.260791 0.595378
-0.072826 0.120099 2.882760
0.384886 0.309756 0.078516
-0.486911 0.070488 1.293139
0.062158 -0.128830 1.389146
-0.055563 0.224189 1.731619
0.010595 -0.492667 -1.674308
0.495303 -0.397475 2.822874
0.236653 -0.434603 -0.277023
-0.252248 0.277585 -2.979324
0.171012 -0.407222 3.070325
0.088182 -0.296618 0.157452
0.444581 0.248141 -2.051487
-0.234770 0.462400 2.656692
0.170965 -0.479910 -3.041483
0.150195 0.112573 2.133555
-0.113406 -0.273309 0.638336
0.203071 -0.031456 -2.827411
-0.425902 0.339414 2.194500
0.297099 -0.180093 -2.274933
0.104047 0.376666 -0.323962
-0.186454 0.288655 -2.122245
0.440783 0.450088 -3.005363
-0.361123 0.057906 0.182829
-0.023330 -0.157242 2.529268
-0.231471 -0.097978 1.205891
0.290595 -0.495017 2.993076
0.415179 0.105234 -0.145804
-0.167416 -0.125075 2.219186
-0.327843 0.495601 1.456065
-0.485445 0.143659 -1.251824
0.431052 -0.215426 -1.129270
0.271742 0.376566 -2.957195
0.347987 0.290582 1.987517
0.048663 -0.136058 -1.188804
0.049062 -0.073612 -1.384479
0.134332 -0.294622 -0.660474
0.322737 0.363327 -2.750033
-0.319625 -0.324961 1.111832
0.161876 0.214092 -2.015021
-0.241981 -0.350778 -3.045257
-0.121779 0.112948 -2.468271
0.372003 -0.265547 -2.173843
0.340909 0.363331 -0.255927
-0.255260 -0.095216 0.119526
-0.109573 0.342535 -0.685289
0.383304 0.379498 2.585167
-0.287092 0.481897 -2.779673
-0.258504 -0.320711 0.610854
0.424559 0.316999 -3.003930
0.458181 0.410165 -0.682531
-0.140320 -0.050588 -1.999382
0.121271 0.445641 0.664000
0.255908 -0.297452 2.566955
-0.158666 -0.116528 -1.417852
-0.416257 -0.003572 0.599710
-0.273965 0.218930 1.911531
0.226907 0.258858 2.082757
-0.329173 0.490275 2.802398
0.297555 0.478825 -1.128526
-0.096194 0.347082 0.728283
0.466464 0.348732 -2.480654
-0.123181 -0.493980 -0.547158
-0.319587 -0.418501 2.310187
-0.164149 0.457588 2.059249
-0.046622 -0.077626 -0.722250
0.160953 -0.211326 1.296573
0.087197 0.222563 -1.653462
-0.206269 0.228036 2.711446
-0.337315 -0.242947 -0.888914
-0.232118 0.168355 -2.327181
0.104998 -0.125065 0.422609
-0.144894 0.121538 2.629220
0.361325 0.458363 -3.056327
0.084664 0.036708 -2.496916
0.048113 -0.499369 -1.681973
0.184241 0.269236 -0.230303
0.086099 0.402165 0.442009
0.036983 -0.187546 2.412420
0.457241 -0.384884 -0.261538
0.312810 0.088045 -2.647815
0.104783 -0.491997 2.591692
-0.345567 -0.222446 -1.676328
-0.275795 0.496224 -0.176699
-0.250311 -0.491141 -0.561048
0.347797 0.248432 -1.168347
-0.176879 -0.124108 -0.387520
0.005222 -0.405758 2.211104
-0.000820 -0.214568 2.052665
-0.219427 0.465714 0.848168
0.262597 -0.127000 -0.691866
0.239089 0.159040 -1.845044
0.213075 0.392156 -0.495365
0.045776 -0.163841 -2.257567
-0.216009 -0.295952 -1.226600
-0.065291 -0.339944 -0.071194
-0.335370 0.231224 2.559156
0.085885 0.068260 0.429509
-0.383872 0.166205 1.969374
-0.099062 -0.313946 2.938025
0.464198 0.133621 -2.607277
-0.275054 0.069898 -1.815260
0.423123 0.266368 2.602121
0.023357 0.179959 -2.958753
-0.061569 0.462586 -2.963435
-0.121539 -0.341503 -0.483870
0.313577 -0.149907 -1.005847
-0.294032 -0.342720 1.834194
-0.327121 -0.221411 1.737498
0.025607 -0.132478 1.685048
-0.223059 0.220454 -0.460645
0.255306 -0.076593 -1.880141
0.251339 -0.307936 -2.749550
-0.129915 -0.109788 1.469935
0.353133 0.480143 -3.098766
0.413275 -0.130587 -2.015774
0.480023 -0.324865 0.233591
-0.461456 -0.385657 -0.833565
-0.355198 0.169830 -2.512602
-0.490634 0.351976 1.196348
0.454496 0.373951 -1.205710
-0.304321 0.265698 2.411689
0.435768 -0.368497 -2.729610
0.073799 -0.147802 -2.540241
0.274017 0.283319 -0.938436
0.306285 0.363158 1.894319
-0.026450 0.041917 1.766285
-0.469416 0.116981 -0.358371
-0.325036 0.212203 0.781872
-0.385626 -0.474021 1.237256
-0.036514 -0.389745 -0.835042
-0.004823 -0.216942 -2.263316
0.387698 -0.481276 -0.647356
-0.161687 -0.242556 -1.582122
-0.437990 0.347735 -3.140076
-0.190668 0.113807 -0.138624
-0.094314 0.302638 2.975941
0.057327 0.146531 -2.189284
-0.065279 0.051722 2.591774
-0.225422 0.323003 -2.719468
-0.437335 0.015793 -0.359421
-0.123128 -0.454814 -2.620184
-0.078028 0.202914 2.086651
-0.021626 0.013596 0.179526
0.023636 0.311657 2.311363
-0.349545 0.163419 1.654963
0.046620 0.464048 -0.522177
0.152697 0.287067 1.056950
0.010230 0.431410 1.917125
0.455331 0.409137 -1.555401
0.495929 -0.177615 0.370256
-0.006545 0.360253 -1.919791
0.376463 0.101522 -0.252108
0.355753 0.108025 -0.632975
0.480157 -0.119449 -2.715330
-0.003537 -0.486192 1.950493
-0.109455 -0.491842 3.030063
-0.203318 0.376900 2.784289
0.189178 0.255667 2.757243
0.257726 0.204828 -0.526213
0.370250 -0.409436 -0.942945
-0.133936 0.450082 -2.388669
-0.277764 -0.223809 -2.931841
0.047835 -0.335402 1.334748
0.073765 0.485574 1.405642
0.064930 0.012671 2.742132
0.173663 0.181833 -0.613704
0.125370 -0.043091 -2.471164
-0.310260 0.008179 -0.277532
0.048905 -0.089707 -2.421355
0.311018 0.341084 -0.826524
0.442699 -0.375651 -1.474073
-0.425941 0.454812 -3.141024
-0.431864 0.464826 -1.751214
0.375996 0.496860 1.544979
-0.459339 0.332846 2.184925
-0.458484 -0.335021 1.568953
0.469717 0.099042 -2.984148
-0.110102 0.313156 2.673418
0.420214 -0.302306 -2.765251
0.404963 0.157036 -2.485905
-0.329943 -0.386106 0.317478
0.390454 -0.061745 1.377418
-0.129536 0.115772 0.146207
-0.392591 0.281591 -0.941003
0.431679 0.142029 -2.421972
-0.221182 -0.241036 -1.657662
0.045404 0.445197 2.704175
-0.207265 -0.057429 0.669492
0.242356 -0.181533 -2.109296
-0.240298 -0.442934 -2.854370
-0.167208 0.341956 -2.384659
0.080638 -0.353430 -1.518671
-0.348562 0.137848 0.101106
-0.203208 0.143156 2.185268
0.097907 0.159565 0.679221
-0.380752 0.415082 0.880301
0.121343 0.306333 -3.066523
0.047410 -0.118905 1.979526
-0.499356 0.290550 0.405068
0.010681 0.348462 1.121400
-0.066790 0.178575 2.534413
-0.443214 -0.322807 -2.206059
0.018088 -0.484274 -0.668404
0.493253 0.024143 -1.614808
0.102360 -0.376416 1.741161
0.295769 0.166558 -2.276268
0.289306 0.193949 2.596297
0.409637 -0.141985 1.371479
-0.025082 -0.425702 0.207484
-0.136789 0.325847 2.865549
-0.181271 -0.140134 2.174694
0.119477 -0.495710 2.230700
0.493396 -0.303415 2.955963
0.414051 -0.313910 -2.390576
-0.183623 0.109265 -1.823620
0.114486 -0.000850 0.793697
-0.080413 -0.092449 1.515117
-0.075733 0.449788 2.842987
-0.019691 0.198428 1.010846
-0.382448 -0.231095 2.962631
0.315875 0.012614 -2.600952
0.251304 -0.275874 -0.268523
0.293348 -0.124923 -2.555134
-0.208048 0.142191 -2.944189
-0.293908 -0.467571 -3.103225
0.017038 0.392914 -0.074257
-0.046617 -0.458547 1.202771
-0.183213 0.024999 -1.984086
0.424403 -0.207549 -1.112825
0.195112 0.181746 3.057950
-0.132627 0.237684 0.378874
0.327934 0.400057 2.725416
0.078074 0.062015 1.002873
0.040693 0.219662 -2.531023
0.191197 -0.191043 -1.355034
-0.039658 0.324446 2.378700
0.181057 -0.283342 2.130250
0.278279 0.288863 1.908429
-0.287065 -0.065149 -2.562492
-0.090696 -0.140956 2.892176
-0.130998 -0.298767 2.769545
0.054198 -0.369748 1.637762
0.025813 0.336982 2.053321
-0.243480 0.211734 -3.023198
-0.107800 0.094608 -1.340568
-0.154238 0.322314 -1.419209
0.180919 -0.111575 0.173612
-0.194651 -0.049051 2.316536
-0.053804 -0.108040 -0.352633
0.345990 0.334036 -2.219970
-0.071548 0.253085 -1.869123
0.477143 -0.413570 2.324116
-0.454359 0.364469 -1.921928
-0.251338 -0.382461 1.228511
0.025773 0.310140 1.622156
0.406795 -0.486407 -2.938823
-0.116360 0.221608 1.551819
-0.183397 0.097997 -2.264150
0.212438 0.062224 -2.519617
-0.426433 -0.065514 2.799856
0.214139 0.261186 -1.170096
-0.192411 -0.027744 -2.851954
-0.290820 -0.013153 -2.099224
-0.394591 0.136634 -2.534986
0.497546 -0.115623 -0.830904
-0.398478 0.049767 -0.694059
-0.162613 0.428626 2.085746
0.326897 0.491370 1.391685
-0.366771 -0.094634 -2.112821
-0.449947 0.332178 -0.165302
0.289905 -0.361869 -0.437366
-0.431821 -0.443470 -3.045106
0.195477 -0.059815 -2.953112
0.026379 -0.298147 -1.176239
-0.268794 0.269572 2.324565
-0.388633 -0.268345 0.971365
-0.401849 -0.459490 -2.622865
-0.204186 0.241815 2.924772
-0.141286 -0.234047 -1.364624
0.408917 0.448596 -2.643399
0.157257 0.220274 -1.849591
-0.168271 -0.472018 1.685066
-0.193916 0.470604 2.857933
0.078970 -0.165249 -2.630976
-0.029497 0.111777 -0.275642
0.448336 -0.060648 -3.017342
-0.492446 0.252014 -3.113140
-0.179299 -0.228514 -1.654397
-0.277106 -0.396591 -1.898248
0.159310 0.060729 -1.202653
-0.202656 0.392786 2.493182
-0.447147 -0.221744 -1.471153
-0.122823 -0.295315 -1.991251
-0.469793 0.289696 -0.186961
-0.134203 0.354440 2.995531
-0.138346 -0.299022 -2.646728
0.222527 0.326011 1.710686
-0.493089 -0.343964 1.928567
0.016983 0.016298 2.957776
0.241321 0.494391 0.638214
0.152059 -0.121094 -0.806668
-0.329886 0.461370 2.734959
0.403721 0.334152 2.085586
0.061309 0.098504 -1.637126
0.347132 -0.061357 -1.823726
0.241365 -0.183154 -1.469174
0.420136 0.382846 0.662854
-0.144384 0.296981 -1.465666
0.473512 -0.376001 1.605645
-0.423988 -0.420312 -2.618307
0.451267 0.068633 -2.131030
-0.270812 -0.052302 0.635992
0.329047 -0.351400 -2.198141
-0.178503 0.126966 0.709672
0.409122 -0.211049 2.588448
-0.333734 -0.185268 -3.088858
-0.220291 -0.210129 -2.517015
-0.374144 -0.424458 -0.692008
-0.160733 -0.443582 -2.307438
0.238505 -0.457826 -2.259240
