0.101563 -0.371296 -0.365532
0.108915 0.282186 -1.894276
0.233663 0.265545 -2.932257
0.444854 -0.381954 -0.474362
-0.342400 0.220440 0.214063
0.318547 -0.248577 -2.142089
0.307336 0.126965 -1.762832
0.162487 -0.088745 2.214568
-0.006767 0.434190 -0.684221
0.315094 0.112266 1.504204
-0.309092 -0.125870 -1.883374
0.062731 0.161419 -2.236093
-0.155645 0.112394 -0.146974
0.153281 0.118150 2.652340
-0.418211 -0.339210 -1.928441
-0.007492 -0.171234 -1.647978
0.245975 -0.157054 3.094857
-0.006815 -0.285790 1.775545
0.275744 -0.406601 0.094589
-0.325371 -0.438970 1.237633
0.218352 -0.023861 1.368208
-0.482861 -0.493241 -1.832378
0.265165 0.044734 -2.736660
0.303133 0.015447 0.875780
-0.355218 -0.302361 -1.675717
-0.050795 0.308040 -2.918327
-0.191432 0.255461 2.562935
-0.294041 -0.129963 -2.930289
0.112756 0.026376 1.684692
-0.315624 -0.142272 1.938773
0.365080 -0.015489 2.906131
0.479491 0.413512 1.017244
0.300192 -0.102830 1.485834
-0.133159 0.435873 1.582888
-0.461928 -0.270444 1.218095
-0.049776 -0.098217 1.590950
0.360098 -0.340931 -1.176177
0.285028 -0.419292 0.373430
0.074108 -0.452542 -2.191830
0.424725 -0.332078 1.735723
0.349167 0.257679 -1.698913
-0.386056 0.364319 2.289282
-0.060007 -0.143103 1.623759
-0.248579 0.471331 -0.564913
-0.057026 0.411731 -0.840313
0.216529 0.080541 -1.903653
-0.117822 0.284176 -1.735518
-0.423047 0.423348 2.313655
-0.431553 0.474568 -1.075939
0.139431 0.360005 -1.968999
0.006515 -0.436091 1.792840
0.454567 -0.418399 -1.187916
-0.365855 -0.022628 -2.320966
0.259633 0.050256 -1.751158
-0.432975 -0.483305 -1.924063
-0.270641 -0.166622 0.857704
-0.259012 0.205287 -1.130819
-0.493847 -0.207382 -2.149281
-0.303753 -0.146787 -0.324154
0.188916 0.498124 2.577876
-0.373405 -0.411324 -0.965873
-0.438762 -0.495732 -0.245689
0.417743 -0.007334 -2.224065
0.394900 -0.139387 0.106236
0.189711 -0.191507 -0.183844
-0.164834 -0.443172 1.317212
0.309584 -0.180453 -2.410481
-0.053378 -0.410343 0.082286
-0.364386 -0.147978 -1.798060
0.470297 0.316229 -0.145065
0.181596 -0.315771 -1.388502
0.351167 -0.183053 -1.665919
0.144939 -0.434918 -1.757666
-0.463252 -0.217337 -1.613878
0.409278 -0.463577 1.675829
0.457758 -0.450296 1.013883
0.013486 0.366647 0.237936
0.065324 0.160514 2.191470
-0.133142 0.293422 -2.380598
0.376316 -0.407261 -1.294786
0.192549 -0.059529 1.775900
0.085101 0.171967 1.034681
-0.395734 -0.248657 2.589775
0.014407 -0.483500 1.470997
0.064036 -0.065045 2.526661
-0.062914 -0.143638 -1.182809
0.481026 -0.340126 -1.384825
-0.113445 -0.461697 0.410695
-0.202805 -0.042381 1.716248
0.488535 -0.307070 -0.612557
-0.250068 -0.206427 -0.558745
0.357586 0.493239 -0.882302
0.081700 0.294136 2.538774
0.482180 -0.401023 -0.508007
0.340330 -0.186173 2.097264
-0.339348 -0.461179 -1.410504
0.456028 -0.052394 0.340885
-0.156274 0.103444 2.357923
0.459727 0.135595 -1.777179
-0.222613 0.491063 0.809474
-0.040098 0.390672 1.705915
0.222856 0.429949 0.630033
-0.345766 -0.139992 2.356191
0.285650 -0.337370 2.693627
-0.359376 -0.430749 1.113165
0.354219 -0.479494 -0.203369
0.072824 0.214155 -0.333427
0.179557 -0.104852 -2.719778
-0.417162 0.154881 1.265172
-0.447714 0.498330 -1.706836
0.350858 0.133924 -1.337008
0.449648 0.421021 1.267733
0.471824 -0.038091 1.800991
0.082750 0.126064 3.070613
0.055129 0.281841 -1.510325
-0.206356 -0.192628 -0.288334
0.343291 0.475891 -0.511807
-0.354018 -0.324559 -1.580211
0.133440 0.429916 1.333745
0.109457 -0.293157 -3.095458
-0.379851 0.172567 -0.033643
0.459530 0.049847 -0.880132
0.009279 0.461598 0.597050
-0.400057 -0.045197 -2.798215
-0.377346 0.112292 0.772847
0.426203 0.106455 1.340021
0.068275 0.493644 2.902942
-0.430193 -0.469706 2.710063
0.264372 0.483237 -0.688345
0.259018 0.299598 1.309932
-0.392795 0.203182 -0.661628
-0.156096 0.219542 0.783403
0.491593 -0.434617 -2.533940
-0.182346 0.239528 -1.190386
-0.475259 -0.327794 1.447684
-0.116165 -0.096770 2.086127
0.352476 -0.072408 2.181219
0.009266 0.386848 -3.086076
0.232749 0.172859 1.756628
-0.277238 0.037085 1.148567
0.308447 0.377258 0.574547
-0.456997 -0.365652 -0.518709
-0.063020 -0.333140 -2.725972
-0.176405 0.104556 1.241450
-0.127222 0.267456 -1.647965
-0.076779 -0.470571 1.231714
0.199845 0.470140 2.632766
0.145102 0.181490 -2.867123
-0.400138 -0.002736 -2.116062
-0.012380 0.451578 -2.126167
-0.153541 -0.370836 0.752100
0.182977 -0.022893 2.568797
0.289995 0.493238 -0.346429
0.233503 0.349982 -2.208208
0.052167 -0.151521 -1.211234
-0.104066 0.465431 -1.075917
-0.268279 0.385788 -0.127386
0.361243 -0.319292 2.771585
0.125365 -0.255499 -0.120471
0.361125 0.235653 -0.567128
0.403922 -0.313479 -2.402677
-0.245725 0.119338 -1.868573
-0.391017 0.380851 2.811274
-0.424550 -0.340958 -2.870242
0.095528 0.482865 -0.600371
-0.402334 0.106353 -1.372247
0.096272 -0.270284 -1.156217
0.133840 -0.453565 -2.129265
-0.467564 0.299023 2.897853
0.049716 0.155029 -1.184193
0.246085 0.488507 -1.151933
0.007027 0.342151 1.556425
0.195051 0.161261 -1.971398
-0.334820 0.037765 -0.826487
-0.350541 -0.481422 -1.096453
-0.013559 0.346936 -2.598122
-0.171313 0.174976 -1.086297
-0.269014 -0.171265 1.706285
0.130949 -0.443698 -1.956306
0.180246 0.158554 -0.047450
-0.202360 0.384165 -1.217353
0.268105 0.084141 0.663339
0.376639 0.183320 -2.761742
0.294139 0.423374 2.834167
-0.450865 -0.234854 0.150287
0.259431 0.197755 -1.816435
-0.303343 -0.309027 -1.313417
-0.306552 -0.424611 -1.570389
0.270993 -0.374734 2.899092
-0.434992 0.311615 -3.064551
0.387428 0.253848 -2.202998
0.395532 -0.252320 -0.197616
0.013124 -0.435146 2.232962
0.303235 0.431152 0.095985
0.464042 0.213855 -1.340034
0.137390 -0.373311 0.524158
-0.232656 -0.205064 -2.668959
-0.170784 0.444496 -1.659297
-0.238244 0.147837 -3.087457
0.259315 0.328544 0.869808
-0.051089 0.026608 2.056370
0.278936 -0.160444 -0.802179
0.263258 0.043712 -0.846785
0.006150 0.483940 0.518089
0.285422 0.103606 0.326637
-0.055407 -0.312504 1.710589
-0.183447 0.147303 -3.021945
-0.367981 0.033994 2.911913
-0.441843 -0.211604 -2.084507
-0.289706 -0.139571 -0.812666
0.167368 0.092777 -2.165696
0.106119 -0.274312 -0.170503
-0.352728 0.031009 -1.205945
-0.108523 0.233473 2.482598
-0.462359 0.142748 -2.565192
0.241809 0.181269 2.995391
-0.068148 0.467716 -0.815618
0.283713 0.012503 -3.010014
0.127338 0.299359 -3.043138
-0.210292 0.030737 2.891375
0.202357 -0.366526 2.982810
0.194599 -0.023399 2.454649
-0.370427 -0.035352 0.392458
0.295350 0.090714 2.925315
-0.329892 -0.191999 1.344906
-0.156023 0.241490 0.857029
-0.154235 0.278076 -0.754036
0.216806 0.144936 1.942038
0.333227 0.403848 0.964375
0.143886 -0.160295 -0.161177
0.104712 0.303398 1.744599
0.045403 0.230516 -0.700038
0.041701 0.274340 -0.479128
0.296237 0.085164 -1.107636
0.172682 -0.201053 -1.917721
0.245584 -0.453647 -3.003711
-0.180278 0.383366 1.460028
0.473481 0.052816 2.053251
0.005727 0.456054 -1.028581
0.109605 -0.294813 0.519352
0.195789 0.461313 2.456133
0.062064 -0.125338 -2.521689
-0.227041 -0.443836 -0.439111
-0.185093 0.272093 0.609479
0.251495 -0.177905 1.228135
-0.082504 0.419033 -0.269912
0.444845 0.109725 -2.522630
-0.419590 -0.168699 2.019239
0.305692 0.159684 -2.444042
0.017239 0.452684 0.464713
0.481732 -0.031073 -2.083406
-0.108035 0.305519 2.658951
-0.350298 0.264366 2.495134
0.081200 0.430965 -0.071323
-0.413316 0.022537 1.875689
-0.385889 -0.384720 -2.906033
0.226499 0.271972 -0.662920
0.146322 0.075354 2.095550
0.223833 -0.260337 0.039162
0.295503 0.350775 -0.613118
-0.325825 -0.308526 -2.856476
0.235807 -0.375444 0.785656
-0.445624 -0.038930 0.638767
-0.495728 0.375621 1.151795
0.478055 0.487694 -1.282135
0.052766 -0.072005 -2.762037
0.341263 0.251118 2.873681
-0.499236 -0.251159 2.383095
0.449116 0.106342 -2.154105
0.069910 -0.264403 -2.361882
-0.047566 0.161695 1.777276
-0.004908 -0.010910 -1.131686
-0.361826 -0.070098 2.379606
0.005950 -0.146019 2.499924
-0.237319 0.075142 0.083697
-0.400892 0.136017 2.151067
0.474716 0.345615 -2.712391
-0.012381 -0.463505 1.060226
-0.184745 0.125820 2.379482
-0.230361 0.082825 0.805773
-0.124986 0.071478 -0.801016
-0.316752 0.006528 -1.764781
-0.258475 -0.258564 -0.816506
0.498309 0.382710 -1.553976
-0.015435 -0.288319 -1.210247
0.367910 0.491682 1.480885
0.417686 -0.008394 0.469052
0.198063 -0.428306 0.839155
-0.377940 -0.487132 0.231086
0.199839 0.204279 2.843194
0.034050 -0.413893 2.093597
0.358379 -0.240251 -2.154831
0.188974 -0.457683 0.321628
0.442706 0.011863 -1.454120
-0.029651 0.406736 -2.645821
-0.177871 -0.200798 0.490250
-0.115779 -0.442602 1.598892
0.151822 0.181287 2.062446
-0.265874 -0.054661 0.643637
-0.078118 -0.410917 2.790850
0.327548 0.045868 0.064083
-0.059541 -0.114757 -0.728430
0.388538 0.025906 0.036244
0.143718 0.176968 -2.562045
0.059810 -0.462522 3.077226
-0.322224 0.491734 0.482962
-0.078004 -0.184781 -1.430955
-0.058480 0.351190 -1.505179
0.195050 0.062442 -0.630815
0.459338 0.105825 0.190221
-0.400086 0.010103 0.287369
0.337251 0.276139 0.530857
-0.190370 -0.172906 0.432183
0.296330 0.442519 -2.291689
0.023046 0.122718 -0.885073
0.316459 0.316082 -2.958787
0.414965 -0.452920 -2.493340
0.288663 -0.056052 1.332859
-0.005254 0.156209 -2.425313
0.232985 -0.296154 2.636202
0.224794 -0.330233 -2.889374
0.219956 -0.320638 -2.040787
0.101862 -0.012454 1.761782
-0.203423 0.458027 1.835720
-0.122287 0.452024 -1.477438
-0.199128 0.324551 1.108799
-0.170841 -0.180878 0.186246
0.049748 -0.308387 1.972511
-0.403831 -0.032931 -0.117082
0.375089 0.314072 1.211001
0.120254 0.448678 2.218275
0.332990 -0.304078 -1.166441
-0.171663 0.438603 2.942368
-0.161202 -0.289743 -2.316212
0.035241 -0.047534 1.758706
0.305440 -0.191781 -0.844189
-0.296327 -0.001854 -0.105912
0.102681 0.282511 2.682850
0.317593 0.384023 -1.722921
-0.130279 -0.266008 2.466005
0.068240 0.460956 1.808046
0.142616 0.092996 -3.052366
-0.159193 0.315513 -2.083541
-0.101332 0.334957 -2.669933
0.195946 0.058345 -0.256777
-0.344469 0.277680 -1.926423
0.045795 0.139038 2.134557
0.388441 0.410952 0.005331
-0.206005 0.187643 -2.483509
-0.195418 0.316790 2.855111
-0.016735 -0.177459 -0.441312
-0.075629 -0.460273 2.918775
0.490946 -0.137606 1.073914
-0.204445 -0.037418 -0.393356
-0.404969 0.009817 2.705971
-0.352456 -0.485706 -2.662263
-0.108763 -0.256346 -2.719839
0.151553 0.255820 -2.915083
-0.232565 0.108019 -1.538561
0.259848 0.428063 0.548035
0.169603 0.422214 1.725219
0.055779 -0.275041 -2.950264
0.011042 0.206868 2.684794
0.409118 -0.046077 2.980114
-0.376525 0.045728 0.353097
0.266076 -0.011750 1.098095
-0.390008 0.437694 2.155805
0.022221 0.057833 -2.461344
-0.119137 -0.085301 -2.421602
0.091226 0.403892 -1.592198
0.093978 0.201902 2.172622
-0.479561 0.135017 -1.624031
0.150564 -0.075101 -2.525906
-0.202248 0.429800 -2.713611
0.196237 0.217837 2.788528
0.108420 -0.041900 -2.398350
0.442334 0.171617 -2.775871
-0.193627 -0.467966 -2.353832
0.352823 -0.100081 2.909114
-0.051748 0.290106 0.450677
-0.175651 0.007618 -0.146218
-0.155431 0.167947 1.757088
0.422622 0.025005 1.053651
0.088648 0.449326 -2.001044
0.448054 0.224460 -0.543835
0.050691 0.108693 -0.857709
0.159410 0.178679 -0.803439
-0.120031 0.346686 1.541677
0.481611 -0.271321 -1.318582
-0.080846 -0.315157 -2.800074
0.404104 0.392725 -1.477752
-0.414993 -0.223005 2.521963
0.449660 -0.014095 -1.771871
-0.480832 -0.066703 0.500052
0.295607 -0.414870 0.565056
0.015219 -0.112033 -2.710246
0.103629 -0.075703 3.077659
-0.368214 -0.176367 -2.234822
0.129541 -0.238933 -2.414794
0.480952 -0.238361 -0.621844
