0.177955 -0.476828 -2.192437
-0.180085 -0.415742 -2.662181
-0.143156 -0.062152 0.104791
-0.261978 -0.389295 2.456883
0.038199 0.184198 -2.749729
0.166435 0.365153 1.889132
-0.042501 0.261152 1.121764
0.012625 -0.104529 -2.353410
0.397441 -0.357049 -3.137705
0.194092 0.272513 -0.017728
0.181346 0.326238 -0.955702
0.402326 0.358280 -0.222723
-0.033148 -0.475663 -2.244112
0.094508 -0.248513 1.990303
0.192978 0.292763 -0.907118
-0.227793 0.139045 -2.830700
-0.088298 0.123264 -1.683257
-0.083089 0.122508 1.029196
0.111307 -0.415037 -2.440239
-0.226165 -0.347179 -0.397489
-0.362268 0.215918 -0.260928
-0.136495 -0.016300 -0.864906
-0.480356 0.237640 0.213152
-0.308830 0.055977 -2.886847
-0.111431 0.340917 2.479036
0.176718 0.225290 -1.614502
-0.386615 0.081615 1.441959
-0.169771 0.457319 -2.376787
0.158465 0.475339 2.621407
-0.049602 -0.226129 2.681483
0.062206 0.019910 -1.114695
0.428063 -0.004044 -1.213848
0.435980 0.356928 -2.874708
-0.113543 0.369278 -0.011688
0.073500 0.221184 2.630604
0.185050 -0.040548 -2.404366
-0.459941 0.243546 -2.668719
-0.110785 0.460391 -1.420261
-0.052762 0.181041 1.178440
-0.130185 0.205787 -2.183950
-0.033009 0.284148 1.732539
-0.167493 0.424495 -2.089694
0.172653 -0.480216 1.602135
-0.428696 -0.345183 -1.183255
-0.257929 0.195635 2.511814
0.374711 0.308823 -2.462639
0.493310 -0.183369 -1.631103
0.468020 0.350592 0.030893
0.444352 0.038106 -2.924994
-0.207788 -0.115176 -2.231748
0.396249 -0.187797 0.239006
0.296948 0.447529 3.138102
-0.345464 -0.230003 0.767864
-0.238163 -0.308021 -2.659453
0.112482 0.352848 0.286538
-0.038470 -0.021549 -2.447184
0.319416 0.311702 -2.894939
-0.192232 -0.143115 -1.823632
-0.140611 0.213962 -2.515820
0.006537 -0.240243 2.949961
0.061548 0.473527 0.420712
0.455785 0.403073 1.203038
-0.420815 -0.130751 1.893015
-0.150385 -0.375176 -2.577077
-0.465456 0.029911 -2.820132
0.394878 0.084697 2.901547
-0.070540 0.329457 1.363691
-0.306342 -0.481515 -0.567378
0.028280 -0.088776 -1.376313
0.228910 -0.235700 -1.015864
-0.020988 0.181242 2.229383
0.337730 -0.263161 2.171092
-0.381061 -0.023784 1.447715
-0.243614 -0.124478 0.523233
0.066100 0.003086 1.413874
0.108086 -0.041621 -1.653313
0.085423 0.323894 1.635908
0.153778 -0.131171 -1.294970
0.371836 0.430252 1.521264
0.055223 -0.137220 0.584813
-0.375930 0.454387 -0.721158
-0.356551 0.249705 -0.811588
0.409436 0.261865 0.066876
-0.079728 0.404668 0.621560
-0.017249 -0.333853 -2.356405
-0.445904 0.246463 1.531908
-0.058127 0.314482 0.958419
0.035080 0.119338 0.774385
0.302995 -0.148142 -2.961314
-0.285909 0.398846 0.245972
-0.345935 -0.098559 2.194193
-0.098912 0.462626 1.632157
0.271230 0.180767 -1.379836
-0.457103 0.451499 2.670742
0.177866 0.066762 1.984896
-0.071121 0.405541 1.750799
0.119991 0.206910 1.728340
0.037628 0.014810 -0.429800
-0.142133 -0.448461 2.412777
0.334469 0.266065 -0.510424
-0.245968 0.246577 -0.915523
-0.014853 -0.275079 -2.427420
-0.110332 0.012888 2.800312
0.073751 -0.001591 -2.341078
0.452240 -0.464504 -1.124474
0.048898 0.121099 1.171086
-0.417683 0.213238 2.048759
-0.457722 0.440095 -2.768683
-0.072819 -0.096195 1.528493
0.382660 -0.074618 2.151559
-0.397575 -0.303264 -1.251422
0.448071 0.348571 -1.206452
0.300940 -0.014071 1.563055
-0.099473 -0.474460 -3.101102
0.036531 0.449075 -1.986147
-0.082012 0.081543 2.377497
-0.128234 0.328798 0.938595
0.326116 0.255937 -0.918727
0.235985 0.479295 -2.292752
-0.436679 0.451947 2.091306
0.493107 0.108543 -2.153944
-0.026925 -0.393255 2.945544
-0.178078 -0.490662 2.046261
-0.102816 -0.330091 2.024311
0.378959 -0.498633 -0.247681
-0.089794 0.398649 2.234942
0.101444 -0.097314 0.154242
-0.411368 0.243457 1.112802
-0.069556 -0.393777 2.157965
0.312636 0.150575 -1.012611
-0.176890 -0.495317 -1.590211
0.070037 -0.193902 -0.931922
-0.347224 -0.114552 -1.442200
0.199556 0.235487 -1.307240
0.482239 -0.174988 -1.709643
-0.125625 0.117342 1.777606
-0.365922 -0.311067 -2.163565
-0.301620 -0.053293 0.285654
0.251370 -0.144303 -0.896415
0.400610 -0.204935 0.834837
0.078546 0.396848 0.328047
-0.173045 0.396782 -0.280251
0.079399 0.338751 0.144370
-0.063423 0.032585 1.841907
0.445849 -0.381575 2.856063
0.436928 -0.164463 0.468896
-0.249409 -0.450136 -2.493311
-0.434058 -0.275301 2.975665
0.023041 0.206617 1.491123
0.359158 -0.022255 -2.954587
0.015834 0.424736 2.065368
-0.300329 -0.041564 0.885309
-0.333487 -0.400522 -0.679018
0.487269 -0.456520 -2.693722
-0.397934 -0.057761 0.376925
0.027187 -0.091251 -1.522918
0.381865 -0.136702 -1.050394
0.226414 -0.014106 -0.349406
0.126469 -0.246176 -2.785409
-0.304528 -0.497113 3.131573
0.261925 0.210821 -1.279617
-0.452718 -0.220693 -1.972119
-0.302635 -0.239326 -0.171357
-0.203843 -0.495103 2.193478
-0.473569 -0.476723 -2.191828
-0.097488 -0.295121 2.684204
-0.019339 0.330517 -2.459850
-0.307061 -0.017727 -0.328951
0.209074 0.134356 -2.520586
0.188674 -0.157602 -0.324248
0.465025 0.236873 0.721854
-0.269841 0.027870 2.177359
-0.189151 -0.466262 1.876643
-0.246096 -0.217103 1.760748
0.029033 -0.409883 3.009611
0.068803 -0.150350 -1.842253
-0.168435 0.081367 2.220523
0.446855 -0.107379 3.053350
-0.013327 -0.231936 -0.707593
0.214428 -0.206176 2.904993
0.472115 -0.008592 -0.433122
-0.458800 -0.438501 -1.354452
-0.007945 -0.481219 2.838000
-0.245340 0.279349 2.753727
-0.298864 0.220383 -0.129177
-0.331574 -0.367706 1.229482
-0.205205 -0.482013 -0.754390
0.474271 0.106115 -0.695928
-0.232352 -0.382146 1.641128
0.038924 -0.351941 1.562370
-0.378189 0.239396 -3.125741
0.343272 -0.282700 -1.077750
0.438738 0.454887 2.581676
-0.457458 0.260078 1.238931
-0.153702 0.138275 2.594900
0.108094 -0.482715 0.440722
-0.057270 0.420121 2.172490
0.369724 -0.015224 -2.927210
0.466461 0.378085 -2.573012
0.367958 0.331548 3.052011
-0.122246 0.379521 -0.723918
-0.443368 -0.168644 -2.654596
-0.176948 0.211100 1.258191
-0.340223 -0.028619 -3.010362
-0.356419 0.408962 -1.978402
-0.412492 -0.021078 1.891659
0.428407 0.351433 -1.500346
-0.367028 -0.086009 -1.967462
0.167577 -0.362096 2.361412
-0.229937 0.139025 3.048058
-0.232499 -0.253326 -2.216612
0.062720 0.010887 1.649341
-0.452816 0.077867 1.570427
-0.107737 -0.366006 -2.125930
-0.008085 -0.211247 0.344667
0.281405 0.345865 1.867668
-0.003683 0.028562 2.093988
0.385803 0.065247 -0.613177
0.281769 0.027837 -2.334305
-0.106712 -0.362703 1.802609
-0.328827 0.431746 0.282314
0.268339 0.105898 1.313271
-0.188740 -0.464534 -0.254681
-0.331677 -0.497357 2.827881
0.402092 0.469912 1.343931
0.044812 -0.283032 2.893193
-0.407919 -0.160980 0.550556
0.412636 0.163170 2.481243
0.155526 0.045972 0.563890
-0.217223 0.188783 -1.678771
0.435224 -0.064286 -0.691503
0.474744 0.035843 0.103581
-0.199807 -0.007041 0.950447
0.363677 0.017298 -1.331080
-0.467696 -0.404803 -2.929100
0.041614 0.241736 -0.840738
-0.299510 -0.278925 -1.759110
-0.277458 -0.237189 -0.064810
-0.074105 0.127420 1.039100
-0.250229 0.273987 0.459451
0.115978 0.036154 2.091765
0.163017 0.115835 -0.743414
0.009354 0.386363 0.772018
0.310408 -0.293430 0.867859
-0.143943 -0.069614 1.140244
0.019901 0.200938 2.043566
0.393110 0.203109 0.509355
-0.182156 -0.078678 -2.725979
0.233309 -0.095556 3.043091
-0.411932 0.193792 0.957136
-0.206800 -0.265532 -2.087321
0.268630 -0.446199 -1.004818
0.346490 -0.122871 -1.966752
0.450300 0.371002 1.537829
0.180829 -0.205726 -1.590359
0.352687 0.198449 1.424722
-0.336875 0.087977 1.610992
0.187766 0.052248 -1.954488
0.300280 0.091318 -0.006537
-0.336174 0.027046 -0.114804
-0.467607 -0.273648 0.237170
0.457624 0.411116 1.610845
-0.457460 -0.289554 0.189407
-0.283618 0.323505 -2.420943
0.072096 0.350072 1.197913
-0.140591 -0.186758 1.504515
0.087234 0.202321 -2.948615
-0.123806 -0.243747 2.826261
-0.049523 0.444952 1.246330
-0.142445 0.398597 -0.174942
0.079187 -0.084347 -0.322212
0.106936 -0.144143 -1.421740
0.113676 -0.393436 0.005339
-0.365825 0.106032 -1.351800
0.436560 0.311407 2.044539
0.088328 -0.475249 0.696556
0.168919 0.162590 3.098548
-0.228974 0.316076 -1.521386
0.369561 -0.457894 1.244827
-0.355204 0.055732 2.227970
-0.039512 0.110392 -1.915010
0.163135 0.112116 -0.748475
0.260310 0.466701 0.455567
-0.425274 0.391084 1.715487
0.118728 -0.201429 -1.765713
-0.268255 -0.450778 -2.455962
0.348456 -0.443371 1.571971
-0.397994 -0.333675 -1.877339
0.077450 -0.256571 1.893298
-0.372315 0.163707 -1.242059
0.283908 0.225841 -1.432242
0.463957 -0.036385 2.825816
0.122133 -0.040519 2.065651
0.139607 -0.194460 -1.148926
-0.170301 -0.191703 -2.758615
0.281674 -0.303672 -2.538326
0.081032 0.106566 -2.579063
-0.171486 0.418988 -2.441787
0.464194 0.492042 2.999055
0.087145 0.299671 3.010299
0.449271 -0.320706 0.219597
-0.186812 0.380073 -2.703408
-0.101615 -0.107061 2.224899
0.067986 -0.136818 -0.261355
0.314708 -0.493373 -0.547445
-0.471260 0.188404 -3.036889
-0.491758 -0.237909 -0.444040
-0.419766 -0.034554 -2.855999
0.109099 0.255477 2.047393
0.047850 0.183624 1.890740
0.436160 0.493755 0.603018
-0.068673 0.048400 -0.051010
-0.369016 0.427660 -0.842360
0.268782 -0.233135 -0.286571
-0.304934 0.312275 -0.684426
-0.365867 0.474945 -1.629889
-0.454621 0.369026 0.278575
0.269606 0.138516 -2.426132
-0.499079 0.095395 3.032797
-0.190792 -0.071254 3.121387
-0.099021 0.212562 -0.105439
-0.445089 0.152329 0.266942
-0.058887 -0.481479 0.786811
0.040373 -0.162345 -0.772120
-0.154636 -0.374355 2.429151
0.223623 -0.020298 -0.444401
-0.030429 -0.457407 -2.987153
0.150151 0.246280 -1.974511
0.197823 -0.022135 0.492131
0.021545 -0.486037 -0.197406
-0.065629 0.140920 2.871735
0.254133 0.332082 -0.569421
0.443188 -0.298781 3.051519
0.153985 0.312449 1.094188
0.032421 -0.033945 -2.836597
-0.159792 -0.471537 -2.344507
0.132051 -0.227897 1.424221
-0.000777 0.156917 1.125858
0.096229 0.074126 -0.657912
-0.363450 -0.135102 1.064802
-0.421005 0.015462 0.659368
-0.230216 -0.432244 0.175887
0.310545 0.116209 -2.511421
-0.172489 0.003782 0.839231
-0.105038 0.169672 -0.594629
-0.067402 0.408063 -0.508743
-0.106091 -0.079483 -3.124805
-0.206496 -0.042904 1.168078
0.091211 0.071815 -3.048037
0.335016 0.394589 0.864113
-0.109815 -0.357185 -1.634116
-0.351312 -0.250164 0.945416
0.234501 0.419966 -1.067845
-0.115300 0.306064 2.112937
-0.267654 0.118193 -0.324463
0.038670 0.048441 -2.877254
-0.480907 -0.327989 -1.926744
-0.208211 -0.062193 -1.174761
0.443738 -0.271862 -0.252174
-0.135680 0.313826 2.598451
-0.133182 0.241323 -0.646283
0.098663 -0.360845 -1.891233
-0.240758 0.085840 -2.941634
-0.331505 0.288868 0.561809
0.076649 0.099328 2.772303
0.136455 -0.048799 -1.473543
0.225676 0.104722 -3.126860
-0.131358 0.079546 3.094997
0.252341 0.204735 2.959409
-0.090272 0.230813 -0.438181
0.041712 -0.284978 -3.051612
-0.294424 0.166268 -3.028707
0.439155 0.336641 1.567614
-0.155455 0.270619 2.561837
0.220566 -0.144533 1.472265
0.116270 -0.031198 1.662568
-0.412093 0.212789 0.961028
-0.384555 -0.091998 0.315361
0.162255 -0.430606 2.200190
-0.306892 0.362363 2.610893
0.308763 0.498148 2.345680
-0.228583 0.497149 1.561696
-0.273516 -0.226945 -0.575294
-0.027994 0.491911 -2.925813
-0.029610 -0.408700 -1.316011
0.075593 -0.006655 2.220887
0.356812 0.309193 -1.683127
0.126049 -0.044981 2.645405
0.323561 0.315083 -0.176637
0.162378 0.079379 0.243368
0.182234 -0.165489 2.394446
-0.433225 -0.015766 -1.508649
0.226706 0.253512 -1.465408
-0.477934 -0.147435 1.148036
0.019487 -0.035900 0.605562
-0.452240 -0.240954 -1.427458
-0.390564 -0.369906 0.195462
-0.017864 -0.037003 -2.621072
-0.221023 -0.116815 -2.641367
-0.301939 0.072860 -1.020593
