0.100252 -0.416084 -1.954066
-0.360598 -0.456008 1.752349
-0.469666 -0.427694 -2.084649
0.209748 -0.130910 -0.581953
-0.263758 0.210873 -1.087865
0.226675 0.395534 2.378842
-0.358919 0.337729 -1.276926
-0.490722 0.441911 1.954175
0.340717 0.062665 1.685908
0.080196 -0.481116 -0.069508
0.235739 -0.498061 -2.967342
-0.359037 0.079853 -0.488493
-0.245602 0.387831 1.883853
0.233276 -0.038529 2.387771
0.082788 -0.372669 1.394535
0.063550 -0.495112 0.030112
-0.361281 -0.153867 -2.689274
0.216477 -0.056880 1.854067
-0.175501 -0.003795 -2.902209
-0.481838 -0.010656 1.696653
0.393388 -0.121678 1.153784
-0.254245 -0.124725 -2.293143
-0.201398 0.457277 0.046248
-0.434846 0.431041 2.149048
0.450317 0.378163 2.906756
-0.186764 -0.020755 2.301536
0.282318 0.020010 2.325124
-0.128085 0.464973 1.116518
0.100351 0.094897 -1.205056
0.014392 0.346811 -2.361464
-0.479369 0.437879 1.575359
-0.099664 0.398074 -1.485155
0.380273 -0.204955 1.578821
-0.378048 -0.078634 -0.076036
-0.107782 0.374476 0.625972
-0.234829 -0.118179 0.854763
-0.244536 -0.333581 2.293675
-0.108872 -0.309264 -0.448729
-0.314594 0.258142 -1.239829
0.204577 0.117698 -0.851234
0.234537 -0.224327 -1.387837
-0.236894 -0.298937 1.693844
-0.164511 -0.206492 -0.595980
-0.306553 0.334808 1.528761
-0.251152 0.485801 2.578698
-0.036888 -0.365264 -2.057293
-0.398059 0.024493 -0.900558
0.138576 0.383956 1.141093
-0.333897 0.422883 -2.862651
0.115105 0.178539 -2.347230
0.311775 0.072218 -1.096300
-0.175700 -0.057464 -1.986218
0.491158 0.003176 -1.676269
0.278666 -0.366962 -1.807868
-0.095701 0.249375 2.563244
-0.365515 0.392855 0.244989
0.242543 0.039996 0.824608
0.359549 -0.145075 -1.926066
0.306538 0.265527 -1.959081
-0.455481 0.483598 0.734282
0.102676 0.350620 -1.043046
0.107679 0.489242 -0.030081
0.131491 -0.201759 1.169989
0.123287 -0.253916 0.948698
-0.442719 -0.146987 1.725761
-0.015563 -0.452460 1.027227
0.380238 0.430582 -0.799617
-0.032463 -0.337381 -2.473007
-0.233803 -0.064089 0.468989
-0.278927 -0.028766 0.899118
-0.126793 0.433809 1.807602
-0.349699 0.251978 2.374340
0.155256 -0.211816 2.464737
-0.392322 -0.130440 0.879376
0.416696 -0.174444 2.835050
-0.033412 -0.051924 1.972773
-0.353986 -0.161530 -2.391597
0.344573 0.185193 -1.789374
-0.464997 0.141153 -2.009853
0.152563 -0.320815 0.177398
0.447706 0.366100 2.995788
-0.374637 0.040448 0.854298
0.415748 -0.096419 2.204435
-0.251851 0.440111 -0.995272
-0.107570 0.455345 -0.252596
0.198093 -0.232823 0.900605
-0.041538 0.021891 2.077886
-0.449769 0.186737 2.533075
-0.366357 -0.126780 -3.139704
0.404274 0.266768 -1.916731
0.191784 -0.412292 -1.465487
-0.297684 -0.133037 -1.012531
0.051874 0.265820 2.138930
-0.197629 -0.347926 -2.506660
0.132183 -0.442359 -0.283397
-0.200487 -0.465685 -2.330452
0.134245 -0.173976 -2.674117
0.319687 0.393613 2.876016
0.480135 -0.134551 -3.107939
0.003102 -0.356185 -1.180863
-0.491364 -0.298407 -0.360277
-0.201877 0.033889 -1.411000
0.206480 0.170824 2.979942
-0.211665 -0.033106 0.581312
-0.279506 -0.444097 -2.507228
0.035214 0.016427 -0.066479
0.489671 -0.382245 -1.931019
0.322087 0.124712 -2.204299
0.293431 -0.347909 -0.448277
-0.083411 0.366527 0.459161
-0.492996 -0.095906 1.985772
0.187161 -0.429945 -0.137423
0.031220 0.305217 -2.637936
-0.384443 -0.293060 2.030504
0.280543 -0.486921 -1.525468
0.421092 -0.438950 0.692267
-0.200351 0.039518 0.290828
0.327669 0.026771 2.717946
-0.137032 -0.263486 -2.408785
0.201688 0.212613 3.083823
-0.498232 0.280205 1.373571
0.259173 -0.130531 0.438879
0.107207 0.085941 1.537158
-0.437651 -0.301614 1.824500
-0.182612 0.051227 -2.764745
0.031097 0.487304 0.755859
0.443689 -0.170648 -0.866789
0.343836 0.019686 2.943069
0.230022 0.119448 -0.526204
0.254494 0.144911 -2.304879
0.088247 0.257880 1.658561
0.311898 0.346239 -2.741018
-0.351507 0.251634 2.910559
0.079062 -0.258713 -2.517641
0.433445 0.228231 -2.443096
-0.204412 0.327165 -0.204346
0.037391 -0.320066 -2.431519
-0.273509 0.392092 0.414882
-0.023926 0.227157 -2.411029
0.215662 -0.140218 2.634530
0.062002 0.323970 0.541384
-0.022537 0.319728 0.497036
-0.189914 0.496918 -0.309737
-0.340106 0.201591 -1.668828
-0.251854 0.248002 -0.729882
-0.247601 -0.091017 2.862556
-0.213722 0.297563 2.649356
-0.297335 -0.170111 2.488554
-0.364499 -0.049481 2.665912
-0.350186 0.046840 1.473420
0.352340 -0.013121 -2.126266
0.000114 -0.098260 2.667363
0.086626 0.479040 -2.509966
0.477879 0.340180 3.116129
-0.096423 -0.061930 -2.543550
-0.320018 0.415329 0.432329
0.142638 -0.313702 1.185268
0.308411 -0.298241 0.526902
-0.201852 0.227650 0.913765
0.020680 0.368071 1.777620
-0.260022 -0.252780 2.028653
-0.496140 -0.408370 -2.543623
-0.207121 0.079132 -2.332254
0.219708 -0.367674 1.424227
-0.326666 0.410177 0.075657
-0.071581 0.490451 0.918718
-0.227272 0.489912 -1.590652
0.340473 -0.270877 0.957012
0.104176 0.279952 2.535902
-0.340869 0.341296 -1.224254
-0.349074 0.369260 -2.336850
-0.142102 0.044670 -0.182599
-0.024538 -0.343678 -1.506305
-0.233418 -0.031438 0.582033
0.095851 -0.157412 2.345144
-0.228838 0.462640 2.085155
-0.476853 0.163559 -3.087792
-0.334967 -0.475884 -1.010994
-0.091174 -0.264722 1.304198
0.421656 0.072728 0.561571
0.039331 0.212623 1.835409
-0.264393 0.421965 0.907860
-0.238855 0.301484 -1.074050
-0.088952 -0.497128 -1.289024
0.459180 -0.187169 1.589916
0.150183 0.445894 -0.449702
0.204526 0.195338 -0.499114
-0.014546 -0.047973 0.574898
0.196432 0.427192 -0.396515
0.257452 0.111616 -1.587745
-0.293121 -0.393501 -1.857731
-0.384382 -0.093221 1.269915
-0.018782 -0.477725 2.461115
-0.153298 0.492574 0.856567
-0.051926 0.474059 0.500835
-0.210426 0.411623 -2.248478
0.103724 -0.038463 -2.566698
-0.411884 -0.331019 -1.449403
-0.119727 0.312328 2.286655
-0.185361 0.342656 -2.763957
0.298586 -0.340947 -0.311282
0.232385 0.094647 2.485258
0.366352 0.081729 0.467501
0.209091 0.349084 2.909134
0.402772 -0.160518 -0.310598
-0.224670 -0.412166 2.627584
0.123074 0.360519 2.128515
-0.228500 0.194602 0.543019
0.487330 0.005039 -1.227024
-0.327124 -0.083377 -1.258976
-0.273228 -0.043731 -1.949437
-0.136548 0.271372 1.936516
0.494189 -0.494698 1.701870
-0.071080 -0.314914 2.315127
-0.023243 -0.175147 2.722891
-0.197050 -0.104588 3.029104
-0.004041 0.384317 -1.249490
0.244214 0.405325 -2.153354
-0.476395 -0.007358 -1.860598
0.165526 0.372254 2.679589
0.079916 -0.427604 -1.223902
-0.059386 0.251182 -0.481506
-0.027387 0.044513 0.957942
0.315626 -0.365189 -1.097084
-0.063871 0.440744 0.979093
-0.262778 0.185399 2.648684
-0.393846 0.380469 -0.029237
-0.481306 0.276286 1.023863
0.474299 -0.146312 -1.413885
0.397894 -0.415990 -0.076764
0.146431 0.229681 -2.653190
-0.475573 0.070724 2.708080
0.034540 0.410190 -1.294392
0.376054 0.275581 -2.660053
-0.352721 0.203825 -1.599394
-0.463989 -0.449153 2.693076
0.056814 -0.331291 -1.049972
0.032402 0.254254 2.194243
-0.046197 0.314505 -0.284329
0.249616 0.022795 -0.842788
0.048762 -0.168349 -1.543544
-0.145833 0.172999 -0.412284
-0.411649 -0.031623 2.745867
0.284081 0.125487 0.298399
-0.038710 -0.305084 0.068251
-0.498839 0.388815 -2.719410
0.434058 0.058671 -2.330502
-0.226601 0.315462 3.083267
-0.390293 -0.479166 0.290342
0.205616 0.082546 1.640139
0.244330 0.029866 2.024449
0.326741 -0.230251 2.949212
0.110398 -0.053285 -0.126694
-0.017046 -0.381541 -1.214115
0.215219 -0.149195 1.864323
-0.343646 -0.201761 1.383612
0.150676 -0.406486 -2.078734
0.384302 -0.011244 0.960525
-0.139020 -0.417426 1.506868
-0.110738 -0.114941 -2.980117
0.255993 0.183183 1.834949
-0.051896 0.438073 1.172301
-0.207583 -0.055348 0.265308
-0.140331 0.349868 1.627465
-0.165628 -0.179977 2.556470
0.030119 -0.137771 1.690761
-0.220936 0.310406 0.973818
0.003455 -0.331556 -0.282149
-0.365675 -0.410120 -1.620152
0.062446 -0.118876 -0.968830
0.036706 0.181507 -0.810809
-0.062052 0.230667 -0.030419
-0.080191 -0.127865 -0.220005
-0.289969 0.369206 -1.538917
0.276511 0.132801 -2.440041
-0.381517 0.341021 -2.103037
0.037365 -0.300497 1.217883
0.458151 -0.114986 -1.901155
-0.300795 -0.015188 -2.534474
-0.229157 -0.414152 2.968024
0.375184 0.491511 1.747109
-0.109961 0.158306 -1.708619
-0.281476 0.196411 2.572531
-0.265192 0.156859 -1.177020
0.167648 -0.206759 -2.037967
0.408063 -0.284483 -1.592283
0.183602 -0.252469 0.785194
-0.112556 -0.146984 -3.037466
0.250741 -0.072929 -0.424097
0.086627 -0.177376 1.268529
-0.434066 -0.471098 2.401967
0.210738 -0.460008 0.442600
-0.406910 0.452551 2.935889
-0.165116 -0.138964 -0.947127
0.218993 -0.289370 0.784989
-0.132555 0.162683 3.092272
-0.187484 0.486818 -1.728628
-0.121019 0.478915 2.271006
0.241081 0.120338 -0.886454
0.187748 0.274027 -1.886376
0.291420 0.059343 0.167934
-0.341390 0.174319 0.438872
-0.472445 0.411541 -0.042326
0.038245 -0.403600 0.374181
-0.216678 0.333696 2.692633
0.221232 0.067903 1.819498
0.060410 0.107247 -1.233534
0.269685 -0.183089 -1.317840
0.139916 0.119867 -2.732614
-0.346987 0.244586 0.833848
0.075113 -0.108243 -0.707045
0.275983 0.365478 -0.518729
-0.085145 -0.250835 -1.528732
0.025703 -0.176004 0.436885
-0.295968 0.293697 0.657216
0.340658 0.441804 0.388254
0.369079 -0.145773 -1.874903
-0.461851 -0.117215 -1.637522
-0.271664 0.307292 1.779250
0.303905 0.059518 2.624340
0.310133 0.209862 -0.253639
0.085090 -0.251266 2.628246
-0.104276 -0.479666 -2.347515
0.241979 -0.405521 1.551891
-0.317635 -0.423926 -3.084195
-0.157045 0.157826 0.568629
-0.308395 0.234890 0.841525
-0.080851 -0.316286 2.797527
0.044294 0.341128 -1.334423
-0.412327 -0.255703 -2.844976
-0.245493 0.350388 -1.709290
0.025296 -0.180349 -1.343092
-0.090199 0.030398 -2.225595
-0.493057 -0.073747 2.146525
-0.325452 0.199072 2.855157
-0.444514 -0.008494 2.654635
0.389167 0.392769 1.497010
0.363963 -0.098272 1.122416
-0.280451 -0.291335 -2.221175
0.425094 -0.021893 2.960723
-0.108345 -0.491012 -0.966149
-0.435479 -0.062475 2.368220
-0.427028 0.364912 0.599916
-0.335782 0.037072 -0.299485
-0.095770 0.379012 0.395956
-0.245221 0.032965 -0.619014
-0.422071 0.234426 -1.190043
0.069245 0.105096 -1.778129
0.099854 0.106143 -2.477575
0.085180 0.197806 -1.135509
-0.225756 0.313762 -1.375720
-0.029215 -0.011315 0.669649
-0.004216 -0.251399 1.652104
0.244524 0.497072 -0.375343
0.320184 0.321807 0.653812
-0.095509 -0.278466 -2.000724
0.418418 0.076869 0.708760
0.425532 -0.118657 -3.027548
-0.262841 0.198653 -0.835649
0.053656 -0.187179 -1.928394
-0.146326 -0.196933 -2.486724
0.234933 0.347157 -1.275726
-0.404721 0.027166 -2.816903
0.156923 0.145856 -1.508992
-0.114036 0.449596 -2.549878
-0.175242 -0.013470 -2.634735
0.146181 -0.135332 2.038787
0.348738 0.227293 1.666148
0.124204 -0.286868 -0.741129
0.133706 -0.154812 1.808160
-0.284126 0.419328 2.434442
0.286340 0.423694 -2.181361
0.178083 0.387303 2.353896
-0.487963 -0.106374 0.790402
-0.222656 -0.425533 1.893187
0.030012 -0.467925 2.053547
0.032122 0.056320 -1.298140
-0.435928 0.289632 -1.376630
0.425849 -0.077808 -1.985131
-0.391229 0.299590 -2.689538
0.007699 0.126680 2.532055
0.006106 0.017601 -2.434583
0.191634 0.250702 -2.809078
0.155534 0.062308 -2.823226
0.332919 -0.061870 1.814937
0.479840 0.356317 0.001507
-0.306235 -0.078846 1.010309
-0.198503 0.292045 -1.707643
-0.310258 0.422493 2.274731
0.346607 -0.181918 2.784749
-0.291521 -0.112828 0.502034
0.107873 -0.460536 -0.100842
0.013000 0.332278 -2.714479
-0.465254 -0.005121 -2.271096
0.418567 -0.362083 0.171395
0.464005 0.314112 -0.449188
0.413413 -0.086573 2.418579
-0.200739 -0.258470 -0.610845
-0.045301 0.201736 -1.908308
0.216239 0.347399 0.423623
